114 64 32
-0.66161 -0.445036 -2.65339 3.40509 -1.18384 1.86831 -0.433033 -0.105609 0.338831 2.61471 0.94262 0.229897 -2.75894 -1.643 0.287208 -1.7393 0.0501866 0.155009 -1.41192 -0.814385 -2.78668 -0.632956 -0.00631459 1.26744 1.74233 0.431408 2.3396 1.45151 -0.0600524 -0.264956 -2.48148 0.139226 -0.360481 4.34261 0.0141794 1.50572 -0.362927 0.151328 -1.33133 -0.939808 0.449941 -0.903179 0.431299 -1.22334 -0.740497 0.0404047 -0.982595 1.31345 0.945403 0.729671 2.21454 -2.77783 -1.35019 0.562682 2.64389 0.261479 -0.891849 0.542094 0.183545 -1.16887 -0.522378 -1.7125 -0.224138 -2.66588 -2.61358 1.2902 1.12948 0.701283 -1.96159 -1.63224 -2.13247 -0.825186 -0.562439 -1.34267 1.0403 1.67549 -1.90446 0.548206 -0.103713 -3.1441 1.53857 -1.31949 -0.513701 -0.0792643 0.431333 0.0738363 0.0958622 1.11982 1.45367 -0.653286 -0.302147 0.51724 -2.02347 0.767247 -0.502787 0.284203 -1.31573 0.439566 -1.38215 -1.00659 0.897683 -1.1426 -0.701399 -1.92125 -2.18959 2.36881 0.594933 -0.84967 -1.07019 -0.771368 0.458608 0.448874 0.729248 -0.308441 
0 64 1 -2.38045 1
0 65 1 -1.10574 1
0 66 1 0.464199 1
0 67 1 -1.79743 1
0 68 1 0.852685 1
0 69 1 0.766892 1
0 70 1 -1.42698 1
0 71 1 -0.682144 1
0 72 1 -2.09337 1
0 73 1 0.979206 1
0 74 1 -1.76375 1
0 75 1 0.462572 1
0 76 1 1.18302 1
0 77 1 1.56364 1
0 78 1 -0.845787 1
0 79 1 3.99433 1
0 80 1 -0.512937 1
0 81 1 2.68733 1
0 82 1 1.40792 1
0 83 1 -0.256686 1
0 84 1 -2.13174 1
0 85 1 1.07936 1
0 86 1 -1.19083 1
0 87 1 -1.23776 1
0 88 1 1.17999 1
0 89 1 2.65448 1
0 90 1 1.54644 1
0 91 1 1.48292 1
0 92 1 -1.70923 1
0 93 1 0.746838 1
0 94 1 1.10553 1
0 95 1 1.2364 1
1 64 1 0.0254576 1
1 65 1 1.45752 1
1 66 1 1.99175 1
1 67 1 -1.07886 1
1 68 1 0.822545 1
1 69 1 2.93928 1
1 70 1 1.84282 1
1 71 1 -0.943157 1
1 72 1 0.315105 1
1 73 1 -1.14028 1
1 74 1 -0.730299 1
1 75 1 -1.26916 1
1 76 1 1.17861 1
1 77 1 3.86918 1
1 78 1 -1.12274 1
1 79 1 0.174645 1
1 80 1 -2.49906 1
1 81 1 0.24151 1
1 82 1 -0.02217 1
1 83 1 -2.38837 1
1 84 1 0.68413 1
1 85 1 -0.0330789 1
1 86 1 -0.224258 1
1 87 1 0.0707282 1
1 88 1 -0.916523 1
1 89 1 1.36962 1
1 90 1 0.696483 1
1 91 1 -1.14502 1
1 92 1 -0.46242 1
1 93 1 1.18421 1
1 94 1 -1.80045 1
1 95 1 -2.30343 1
2 64 1 0.238537 1
2 65 1 2.85036 1
2 66 1 -1.56049 1
2 67 1 -1.45947 1
2 68 1 -0.785444 1
2 69 1 1.71747 1
2 70 1 0.493812 1
2 71 1 0.661048 1
2 72 1 -0.928307 1
2 73 1 -2.03172 1
2 74 1 -1.74201 1
2 75 1 -0.569235 1
2 76 1 -4.26307 1
2 77 1 1.44578 1
2 78 1 -2.05234 1
2 79 1 -2.22116 1
2 80 1 0.341467 1
2 81 1 -3.30469 1
2 82 1 1.06703 1
2 83 1 -0.22127 1
2 84 1 0.579442 1
2 85 1 2.02658 1
2 86 1 -1.85156 1
2 87 1 -1.39601 1
2 88 1 -0.986741 1
2 89 1 -3.73276 1
2 90 1 -2.03703 1
2 91 1 -0.564878 1
2 92 1 2.46801 1
2 93 1 -1.32173 1
2 94 1 1.61629 1
2 95 1 -0.558193 1
2 100 1 -0.941024 1
2 6 1 1.12375 1
3 64 1 -1.71971 1
3 65 1 -1.67056 1
3 66 1 -0.887569 1
3 67 1 0.0957973 1
3 68 1 1.67361 1
3 69 1 -1.62847 1
3 70 1 1.20881 1
3 71 1 2.95013 1
3 72 1 5.44704 1
3 73 1 -1.07609 1
3 74 1 0.121916 1
3 75 1 1.9707 1
3 76 1 2.69001 1
3 77 1 -1.24042 1
3 78 1 -1.47809 1
3 79 1 -0.301798 1
3 80 1 -0.639066 1
3 81 1 1.08098 1
3 82 1 4.3137 1
3 83 1 -0.280598 1
3 84 1 -0.61462 1
3 85 1 -1.27413 1
3 86 1 1.70797 1
3 87 1 -0.80649 1
3 88 1 1.92347 1
3 89 1 -0.102692 1
3 90 1 -2.07739 1
3 91 1 -0.0216098 1
3 92 1 -1.21656 1
3 93 1 -1.40325 1
3 94 1 -0.70487 1
3 95 1 0.707075 0
3 110 1 0.699629 1
110 95 1 -0.567839 0
110 111 1 0.522464 1
111 95 1 -0.217845 1
4 64 1 2.28134 1
4 65 1 -0.308817 1
4 66 1 -2.58114 1
4 67 1 1.32354 1
4 68 1 -0.513891 1
4 69 1 0.62881 1
4 70 1 1.43713 1
4 71 1 0.0132336 1
4 72 1 0.564393 1
4 73 1 -1.58054 1
4 74 1 -0.911029 1
4 75 1 -1.64184 0
4 76 1 1.64111 1
4 77 1 1.56729 1
4 78 1 0.987101 1
4 79 1 -1.18682 1
4 80 1 -3.24032 1
4 81 1 -1.75541 1
4 82 1 -0.000772859 1
4 83 1 -0.162788 1
4 84 1 1.21002 1
4 85 1 2.01927 1
4 86 1 -1.12627 1
4 87 1 -2.52265 1
4 88 1 0.3338 1
4 89 1 -0.0558627 1
4 90 1 0.746548 1
4 91 1 -1.69053 1
4 92 1 -0.117486 1
4 93 1 1.76056 1
4 94 1 -1.29706 1
4 95 1 0.0842619 1
4 101 1 1.15171 1
101 75 1 -0.33074 1
5 64 1 -0.128195 1
5 65 1 1.28835 1
5 66 1 -0.412818 1
5 67 1 2.90646 1
5 68 1 1.92272 1
5 69 1 1.82381 1
5 70 1 -1.52988 1
5 71 1 -1.12458 1
5 72 1 0.366956 1
5 73 1 -1.72801 1
5 74 1 -0.664536 1
5 75 1 1.80826 1
5 76 1 -0.14015 1
5 77 1 0.175834 1
5 78 1 -2.41989 1
5 79 1 1.39132 1
5 80 1 1.67842 1
5 81 1 1.04044 1
5 82 1 1.61118 1
5 83 1 3.10821 1
5 84 1 2.10837 1
5 85 1 0.58029 1
5 86 1 -0.0679476 1
5 87 1 -0.60932 1
5 88 1 -0.228124 1
5 89 1 -1.19783 1
5 90 1 -1.22654 1
5 91 1 0.809781 1
5 92 1 -2.22994 1
5 93 1 0.427347 1
5 94 1 -1.03351 1
5 95 1 -0.839663 1
6 64 1 0.217069 1
6 65 1 -1.03255 1
6 66 1 1.96379 1
6 67 1 0.129121 1
6 68 1 -2.50768 1
6 69 1 -0.164952 1
6 70 1 -2.14025 1
6 71 1 -1.05194 1
6 72 1 -0.0615201 1
6 73 1 -0.838697 1
6 74 1 -1.95018 1
6 75 1 -0.665022 1
6 76 1 3.87678 1
6 77 1 0.506088 1
6 78 1 0.919198 1
6 79 1 -2.72691 1
6 80 1 1.646 1
6 81 1 0.659148 1
6 82 1 -0.507331 1
6 83 1 1.91162 1
6 84 1 2.48249 1
6 85 1 -1.15762 1
6 86 1 0.274923 1
6 87 1 2.02385 1
6 88 1 -1.02371 1
6 89 1 -2.08715 1
6 90 1 0.908599 1
6 91 1 -1.55637 1
6 92 1 1.57598 1
6 93 1 0.493362 1
6 94 1 -2.1743 1
6 95 1 0.122625 1
7 64 1 0.611604 1
7 65 1 -0.186287 1
7 66 1 -0.576154 1
7 67 1 -0.429989 1
7 68 1 -2.70776 1
7 69 1 -0.0407482 1
7 70 1 0.977777 1
7 71 1 0.971328 1
7 72 1 0.612519 1
7 73 1 0.182939 1
7 74 1 0.630017 1
7 75 1 -1.26132 1
7 76 1 1.73524 1
7 77 1 0.00318148 1
7 78 1 2.0808 1
7 79 1 1.61141 1
7 80 1 -1.27048 1
7 81 1 -0.787794 1
7 82 1 -2.89894 1
7 83 1 -0.208 0
7 84 1 -0.970402 1
7 85 1 2.35377 1
7 86 1 3.20297 1
7 87 1 -0.341232 1
7 88 1 -1.80534 1
7 89 1 -0.703579 1
7 90 1 1.18139 1
7 91 1 -1.17276 1
7 92 1 -0.404612 1
7 93 1 -0.215684 1
7 94 1 1.17634 1
7 95 1 2.09856 1
7 100 1 -1.29713 1
100 83 1 -1.37051 1
100 24 1 -0.975646 0
100 106 1 2.12754 1
106 24 1 -1.40957 1
8 64 1 2.37179 1
8 65 1 -2.39016 1
8 66 1 -0.294441 1
8 67 1 0.051564 1
8 68 1 0.21657 1
8 69 1 0.514978 1
8 70 1 -0.945336 1
8 71 1 0.934521 1
8 72 1 -0.401126 1
8 73 1 1.26011 1
8 74 1 0.775495 1
8 75 1 -2.74375 1
8 76 1 -0.37051 1
8 77 1 1.54588 1
8 78 1 -0.736594 1
8 79 1 -0.385778 1
8 80 1 0.295756 1
8 81 1 -0.905707 1
8 82 1 0.485869 1
8 83 1 -2.07536 1
8 84 1 2.96077 1
8 85 1 3.11582 1
8 86 1 4.30178 1
8 87 1 0.470726 1
8 88 1 -0.389204 1
8 89 1 3.94149 1
8 90 1 0.68894 1
8 91 1 -0.326041 1
8 92 1 2.69745 1
8 93 1 2.3756 1
8 94 1 2.35674 1
8 95 1 -0.0399191 1
9 64 1 1.05993 1
9 65 1 -0.305637 1
9 66 1 2.27706 1
9 67 1 0.544058 1
9 68 1 -0.747211 1
9 69 1 -0.685602 1
9 70 1 -3.87342 1
9 71 1 -1.2849 1
9 72 1 0.159095 1
9 73 1 -0.709176 1
9 74 1 0.26387 1
9 75 1 -1.56064 1
9 76 1 2.28107 1
9 77 1 0.141386 1
9 78 1 -0.270999 1
9 79 1 1.15872 1
9 80 1 0.135282 1
9 81 1 -0.432877 1
9 82 1 -1.66353 1
9 83 1 0.520354 1
9 84 1 3.71221 1
9 85 1 3.55461 1
9 86 1 -2.47227 1
9 87 1 1.76797 1
9 88 1 -0.478534 1
9 89 1 3.22704 1
9 90 1 -0.797911 1
9 91 1 -0.568439 1
9 92 1 -0.47314 1
9 93 1 -1.07086 1
9 94 1 -2.20124 1
9 95 1 0.528557 1
10 64 1 -0.336787 1
10 65 1 0.466893 1
10 66 1 0.914952 1
10 67 1 -0.433408 1
10 68 1 2.46293 1
10 69 1 -0.207595 1
10 70 1 -0.452209 1
10 71 1 -2.29802 1
10 72 1 2.23333 1
10 73 1 1.10261 1
10 74 1 -0.863928 1
10 75 1 0.337622 1
10 76 1 -1.02502 1
10 77 1 1.97156 1
10 78 1 -2.48729 1
10 79 1 -1.62221 1
10 80 1 1.83365 1
10 81 1 0.680196 1
10 82 1 -0.347839 1
10 83 1 1.11281 1
10 84 1 1.26798 1
10 85 1 2.16539 1
10 86 1 -0.403958 1
10 87 1 2.24713 1
10 88 1 1.53399 1
10 89 1 0.482712 1
10 90 1 0.233639 1
10 91 1 0.86322 1
10 92 1 3.92473 1
10 93 1 -1.32251 1
10 94 1 3.19327 1
10 95 1 2.9018 1
11 64 1 2.64534 1
11 65 1 0.199135 1
11 66 1 1.03148 1
11 67 1 -3.29589 1
11 68 1 3.11535 1
11 69 1 -0.431727 1
11 70 1 1.3194 1
11 71 1 -0.445794 1
11 72 1 1.36494 1
11 73 1 0.832962 1
11 74 1 -0.576695 1
11 75 1 -1.10652 1
11 76 1 -2.06223 1
11 77 1 1.06141 1
11 78 1 -1.69254 1
11 79 1 -1.41845 1
11 80 1 1.69277 1
11 81 1 0.8477 1
11 82 1 1.84188 1
11 83 1 -0.0396697 1
11 84 1 3.72464 1
11 85 1 -1.33297 1
11 86 1 -1.07587 1
11 87 1 -1.00983 1
11 88 1 -1.90953 1
11 89 1 -1.56188 1
11 90 1 0.108015 1
11 91 1 -0.138401 1
11 92 1 -1.83362 1
11 93 1 2.34999 1
11 94 1 1.0366 1
11 95 1 -0.26253 1
12 64 1 -2.04246 1
12 65 1 2.11988 1
12 66 1 -0.298718 1
12 67 1 -1.35015 1
12 68 1 0.065841 1
12 69 1 1.01698 1
12 70 1 1.40936 1
12 71 1 1.32351 1
12 72 1 -0.694357 1
12 73 1 0.188935 1
12 74 1 0.349434 1
12 75 1 -0.990719 1
12 76 1 0.129742 1
12 77 1 1.76094 1
12 78 1 -0.5614 1
12 79 1 -2.21184 1
12 80 1 -1.68812 1
12 81 1 -0.408467 1
12 82 1 0.797656 1
12 83 1 -0.356903 1
12 84 1 -1.79696 1
12 85 1 0.228476 1
12 86 1 -0.272057 1
12 87 1 1.50836 1
12 88 1 0.250733 1
12 89 1 1.68659 1
12 90 1 0.82206 1
12 91 1 -2.23301 1
12 92 1 0.465062 1
12 93 1 -2.84499 1
12 94 1 -1.09893 1
12 95 1 0.67701 1
13 64 1 -2.15088 1
13 65 1 -1.95111 1
13 66 1 -0.114208 1
13 67 1 -0.224686 1
13 68 1 1.92764 1
13 69 1 -1.76982 1
13 70 1 1.01479 1
13 71 1 2.94283 1
13 72 1 -0.408043 1
13 73 1 -2.12637 1
13 74 1 -0.148682 1
13 75 1 0.293135 1
13 76 1 -0.0395248 1
13 77 1 -0.9393 1
13 78 1 0.182723 1
13 79 1 -1.1418 1
13 80 1 0.323195 1
13 81 1 -0.072884 1
13 82 1 1.03467 1
13 83 1 -0.516432 1
13 84 1 -0.943592 1
13 85 1 0.220824 1
13 86 1 4.21044 1
13 87 1 3.1483 1
13 88 1 0.385428 1
13 89 1 -0.572334 1
13 90 1 -3.48117 1
13 91 1 -1.38215 1
13 92 1 -2.24139 1
13 93 1 -2.10688 1
13 94 1 -0.233519 1
13 95 1 -1.80125 1
14 64 1 -2.8301 1
14 65 1 1.69547 1
14 66 1 0.053883 1
14 67 1 -1.99489 1
14 68 1 -0.808625 1
14 69 1 2.47728 1
14 70 1 0.849494 1
14 71 1 2.41173 1
14 72 1 -0.967072 1
14 73 1 -0.988897 1
14 74 1 2.69037 1
14 75 1 -0.776501 1
14 76 1 0.432944 1
14 77 1 -0.0957845 1
14 78 1 -1.35435 1
14 79 1 2.15185 1
14 80 1 1.64731 1
14 81 1 1.99611 1
14 82 1 2.14705 1
14 83 1 -1.98688 1
14 84 1 -0.115 1
14 85 1 -0.864785 1
14 86 1 2.91044 1
14 87 1 -0.500604 1
14 88 1 -1.35435 1
14 89 1 -1.04979 1
14 90 1 1.95988 1
14 91 1 3.48043 1
14 92 1 0.674974 1
14 93 1 2.48413 1
14 94 1 2.97054 1
14 95 1 -0.776947 1
15 64 1 -0.793109 1
15 65 1 -0.446971 1
15 66 1 -1.1859 1
15 67 1 -0.0201623 1
15 68 1 0.382896 1
15 69 1 1.16837 1
15 70 1 2.61385 1
15 71 1 -0.961061 1
15 72 1 -4.13261 1
15 73 1 0.0781264 1
15 74 1 -1.85095 1
15 75 1 -2.30181 1
15 76 1 -0.912437 1
15 77 1 2.37781 1
15 78 1 -1.55128 1
15 79 1 -0.193404 1
15 80 1 0.555339 1
15 81 1 2.18159 1
15 82 1 -2.46263 1
15 83 1 0.301664 1
15 84 1 0.707428 1
15 85 1 -0.180251 1
15 86 1 -0.067615 1
15 87 1 -2.38886 1
15 88 1 0.254903 1
15 89 1 0.38147 1
15 90 1 0.431984 1
15 91 1 -0.357666 1
15 92 1 -0.44316 1
15 93 1 0.589178 1
15 94 1 1.79982 1
15 95 1 2.62909 1
16 64 1 0.682983 1
16 65 1 -2.03594 1
16 66 1 -3.73008 1
16 67 1 -0.905922 1
16 68 1 2.78878 1
16 69 1 0.767712 1
16 70 1 2.24928 1
16 71 1 0.813566 1
16 72 1 -1.68113 1
16 73 1 -0.772564 1
16 74 1 1.42471 1
16 75 1 -1.49974 1
16 76 1 -1.67038 1
16 77 1 0.589119 1
16 78 1 0.140369 1
16 79 1 -1.92736 1
16 80 1 -2.68983 1
16 81 1 1.92898 1
16 82 1 -2.58071 1
16 83 1 -0.393402 1
16 84 1 0.237795 1
16 85 1 0.0529093 1
16 86 1 -2.18401 1
16 87 1 -0.0999765 1
16 88 1 0.0195558 1
16 89 1 1.28599 1
16 90 1 -0.64529 1
16 91 1 1.38734 1
16 92 1 2.60609 1
16 93 1 -0.200232 1
16 94 1 0.555879 1
16 95 1 -1.82436 1
17 64 1 -3.80015 1
17 65 1 -2.069 1
17 66 1 -1.31107 1
17 67 1 1.28442 1
17 68 1 -0.404744 1
17 69 1 0.0215523 1
17 70 1 2.35063 1
17 71 1 2.42691 1
17 72 1 -4.82836 1
17 73 1 1.8548 1
17 74 1 0.463437 1
17 75 1 0.285185 1
17 76 1 -4.56554 1
17 77 1 0.393181 1
17 78 1 1.58924 1
17 79 1 -3.0214 1
17 80 1 2.49873 1
17 81 1 1.42902 1
17 82 1 -1.82712 1
17 83 1 0.353455 1
17 84 1 -2.011 1
17 85 1 0.104614 1
17 86 1 2.53307 1
17 87 1 2.68815 1
17 88 1 -2.08674 1
17 89 1 -0.611368 1
17 90 1 -3.46388 1
17 91 1 1.50611 1
17 92 1 0.0300565 1
17 93 1 0.0206981 1
17 94 1 2.9191 1
17 95 1 -0.821788 1
18 64 1 0.334858 1
18 65 1 1.20189 1
18 66 1 0.180084 1
18 67 1 -0.1369 1
18 68 1 1.2664 1
18 69 1 0.10963 1
18 70 1 0.00968578 1
18 71 1 -0.0772037 1
18 72 1 1.9376 1
18 73 1 -0.788131 1
18 74 1 1.21666 1
18 75 1 0.316686 1
18 76 1 0.760687 1
18 77 1 2.22833 1
18 78 1 1.78804 1
18 79 1 -0.282637 1
18 80 1 0.879236 1
18 81 1 2.67766 1
18 82 1 -1.69134 1
18 83 1 -0.250513 1
18 84 1 -0.866626 1
18 85 1 -2.40346 1
18 86 1 1.39098 1
18 87 1 0.829138 1
18 88 1 2.30046 1
18 89 1 0.20526 1
18 90 1 -1.08472 1
18 91 1 -0.0494179 1
18 92 1 -0.0181563 1
18 93 1 0.708066 1
18 94 1 -0.539389 1
18 95 1 -0.974408 1
18 25 1 -1.4501 1
19 64 1 -0.52621 1
19 65 1 -0.121379 1
19 66 1 2.14792 1
19 67 1 -1.89635 1
19 68 1 -1.99199 1
19 69 1 0.407382 1
19 70 1 -2.01825 1
19 71 1 -0.184328 1
19 72 1 2.75161 1
19 73 1 0.429877 1
19 74 1 -0.86117 1
19 75 1 -0.0612473 1
19 76 1 -1.42896 1
19 77 1 -0.483914 1
19 78 1 -1.18954 1
19 79 1 1.45158 1
19 80 1 0.00875136 1
19 81 1 -3.19059 1
19 82 1 0.453594 1
19 83 1 -1.95281 1
19 84 1 0.95199 1
19 85 1 0.437813 1
19 86 1 -0.251675 1
19 87 1 1.84078 1
19 88 1 1.3857 1
19 89 1 3.79751 1
19 90 1 -0.913076 1
19 91 1 -0.304998 1
19 92 1 1.01561 1
19 93 1 -3.38021 1
19 94 1 -2.83514 1
19 95 1 -3.70417 1
20 64 1 1.69908 1
20 65 1 -0.188344 1
20 66 1 0.390581 1
20 67 1 -0.139572 1
20 68 1 -0.27201 1
20 69 1 -1.07495 1
20 70 1 -1.61708 1
20 71 1 -0.485394 1
20 72 1 1.25714 1
20 73 1 -0.973226 1
20 74 1 1.46937 1
20 75 1 1.25796 1
20 76 1 -1.26692 1
20 77 1 -0.549086 1
20 78 1 1.58224 1
20 79 1 0.951254 1
20 80 1 -0.376244 1
20 81 1 -0.408848 1
20 82 1 1.77205 1
20 83 1 2.53875 1
20 84 1 0.424713 1
20 85 1 0.244939 1
20 86 1 0.704006 1
20 87 1 -0.467179 1
20 88 1 0.965651 1
20 89 1 1.08024 1
20 90 1 1.02833 1
20 91 1 -0.465922 0
20 92 1 -1.29599 1
20 93 1 2.29404 0
20 94 1 0.274181 0
20 95 1 -1.14157 1
20 96 1 -0.656533 1
20 98 1 0.0856452 1
20 103 1 2.38232 1
103 91 1 -0.84566 0
103 105 1 1.36224 1
103 112 1 0.366761 1
105 91 1 -0.216193 1
98 93 1 -0.674333 1
98 99 1 0.213282 1
96 94 1 0.205157 1
21 64 1 -1.08035 1
21 65 1 1.6433 1
21 66 1 -2.07677 1
21 67 1 -2.04569 1
21 68 1 -0.275467 1
21 69 1 1.73468 1
21 70 1 -0.493216 1
21 71 1 -1.49397 1
21 72 1 -2.10918 1
21 73 1 -0.403222 1
21 74 1 -1.28727 1
21 75 1 -0.948024 1
21 76 1 -0.0803585 1
21 77 1 0.757456 1
21 78 1 -1.76196 1
21 79 1 -1.49167 1
21 80 1 0.303799 1
21 81 1 -0.380848 1
21 82 1 -0.908931 1
21 83 1 -0.749881 1
21 84 1 4.93492 1
21 85 1 -0.371526 1
21 86 1 1.51517 1
21 87 1 0.802726 1
21 88 1 2.41312 1
21 89 1 3.18019 1
21 90 1 1.64952 1
21 91 1 -0.95886 1
21 92 1 0.21069 1
21 93 1 -0.664614 1
21 94 1 -0.15831 1
21 95 1 -0.615627 1
22 64 1 0.740586 1
22 65 1 1.98718 1
22 66 1 1.3196 1
22 67 1 1.71579 1
22 68 1 -0.955897 1
22 69 1 -0.874139 1
22 70 1 -0.734099 1
22 71 1 1.42004 1
22 72 1 -1.92001 1
22 73 1 -1.20602 1
22 74 1 -0.797768 1
22 75 1 1.18032 1
22 76 1 1.20605 1
22 77 1 0.320719 1
22 78 1 1.20752 1
22 79 1 1.99161 1
22 80 1 -2.08406 1
22 81 1 -2.39173 1
22 82 1 0.561503 1
22 83 1 0.201009 1
22 84 1 -1.40603 1
22 85 1 -0.434419 1
22 86 1 0.0234675 1
22 87 1 1.82354 1
22 88 1 -0.294075 1
22 89 1 0.531959 1
22 90 1 1.9806 1
22 91 1 1.06257 1
22 92 1 0.361667 1
22 93 1 1.10387 1
22 94 1 1.86997 1
22 95 1 3.75235 1
23 64 1 -0.925081 1
23 65 1 1.11966 1
23 66 1 0.352664 1
23 67 1 -0.259999 1
23 68 1 -1.68395 1
23 69 1 0.390307 1
23 70 1 1.63613 1
23 71 1 -2.54571 1
23 72 1 1.0412 1
23 73 1 -0.771627 1
23 74 1 1.98045 1
23 75 1 0.336209 1
23 76 1 0.269746 1
23 77 1 2.06525 1
23 78 1 0.892537 1
23 79 1 -3.02082 1
23 80 1 0.210936 1
23 81 1 -0.813198 1
23 82 1 -1.19921 1
23 83 1 0.258833 1
23 84 1 2.23099 1
23 85 1 -0.659449 1
23 86 1 -5.04496 1
23 87 1 0.426778 1
23 88 1 0.889769 1
23 89 1 -0.415241 1
23 90 1 -1.17959 1
23 91 1 0.692922 1
23 92 1 -1.37507 1
23 93 1 1.24646 1
23 94 1 -0.350907 1
23 95 1 -2.0768 1
23 107 1 0.915308 1
24 64 1 -2.8917 1
24 65 1 -0.301423 1
24 66 1 -0.616505 1
24 67 1 2.99263 1
24 68 1 -2.02888 1
24 69 1 0.78247 1
24 70 1 -0.938899 1
24 71 1 2.77166 1
24 72 1 0.506854 1
24 73 1 1.04874 1
24 74 1 -1.17647 1
24 75 1 0.517908 1
24 76 1 2.96609 1
24 77 1 -2.22338 1
24 78 1 -1.76846 1
24 79 1 0.842471 1
24 80 1 0.165979 1
24 81 1 -0.496843 1
24 82 1 2.98087 1
24 83 1 -2.50353 1
24 84 1 -1.56737 1
24 85 1 -0.393434 1
24 86 1 -2.05289 1
24 87 1 2.65941 1
24 88 1 -0.354393 1
24 89 1 0.528886 1
24 90 1 1.82155 1
24 91 1 -1.45709 1
24 92 1 1.2434 1
24 93 1 0.960511 1
24 94 1 0.03877 1
24 95 1 1.37427 1
24 5 1 3.84326 1
25 64 1 -1.03125 1
25 65 1 1.30975 1
25 66 1 -0.319194 1
25 67 1 0.218293 1
25 68 1 4.75173 1
25 69 1 -3.96225 1
25 70 1 2.67955 1
25 71 1 -3.12532 1
25 72 1 0.214474 1
25 73 1 -1.02567 1
25 74 1 0.885751 1
25 75 1 -0.812702 1
25 76 1 2.74279 1
25 77 1 1.19428 1
25 78 1 0.612273 1
25 79 1 -2.58543 1
25 80 1 1.43058 1
25 81 1 -0.659983 1
25 82 1 -0.656439 1
25 83 1 0.564449 1
25 84 1 -1.40232 1
25 85 1 -2.39454 1
25 86 1 1.0618 1
25 87 1 0.0585244 1
25 88 1 0.243947 1
25 89 1 1.42445 1
25 90 1 -2.30598 1
25 91 1 -0.529551 1
25 92 1 0.268169 1
25 93 1 0.448207 1
25 94 1 0.769925 1
25 95 1 -1.55876 1
25 8 1 1.34952 1
25 6 1 0.723784 1
26 64 1 -0.75544 1
26 65 1 0.281257 1
26 66 1 -0.00470244 1
26 67 1 2.08419 1
26 68 1 1.96168 1
26 69 1 2.39332 1
26 70 1 -0.536967 1
26 71 1 -0.201828 1
26 72 1 -2.07276 1
26 73 1 0.615209 1
26 74 1 -0.104487 1
26 75 1 1.63321 1
26 76 1 -0.500967 1
26 77 1 -2.99359 1
26 78 1 0.351125 1
26 79 1 -2.54168 1
26 80 1 0.296439 1
26 81 1 2.35006 1
26 82 1 0.703898 1
26 83 1 2.28475 1
26 84 1 -2.76388 1
26 85 1 -0.574874 1
26 86 1 -2.11234 1
26 87 1 1.21566 1
26 88 1 -0.716066 1
26 89 1 -0.566688 1
26 90 1 -2.44985 1
26 91 1 -2.93305 1
26 92 1 -1.73339 1
26 93 1 -1.7895 1
26 94 1 0.312351 1
26 95 1 -0.647069 1
26 23 1 2.25577 1
27 64 1 -4.34534 1
27 65 1 1.91955 1
27 66 1 0.473476 1
27 67 1 0.47586 1
27 68 1 -0.692502 1
27 69 1 -0.837832 1
27 70 1 2.45325 1
27 71 1 -2.96258 1
27 72 1 -1.4702 1
27 73 1 1.17974 1
27 74 1 -0.166752 1
27 75 1 1.63037 1
27 76 1 -1.36379 1
27 77 1 -0.0907791 1
27 78 1 3.19664 1
27 79 1 1.21283 1
27 80 1 0.197951 1
27 81 1 -0.934471 1
27 82 1 -0.920709 1
27 83 1 -0.746748 1
27 84 1 1.74798 1
27 85 1 -0.817036 1
27 86 1 0.0775459 1
27 87 1 1.51057 1
27 88 1 -2.72229 1
27 89 1 -0.637366 1
27 90 1 0.747072 1
27 91 1 0.673218 1
27 92 1 -2.14396 1
27 93 1 -1.03465 1
27 94 1 1.814 1
27 95 1 0.157455 1
27 9 1 2.55573 1
28 64 1 0.690347 1
28 65 1 -0.0922326 1
28 66 1 -0.358904 1
28 67 1 1.40668 1
28 68 1 -0.0912004 1
28 69 1 3.22018 1
28 70 1 -0.575952 1
28 71 1 -1.12906 1
28 72 1 -1.46991 1
28 73 1 -0.249178 1
28 74 1 0.792752 1
28 75 1 -0.210782 1
28 76 1 1.47721 1
28 77 1 -0.53019 1
28 78 1 0.69814 1
28 79 1 2.17968 1
28 80 1 4.36361 1
28 81 1 -1.64551 1
28 82 1 2.25151 1
28 83 1 0.648179 1
28 84 1 -0.245634 1
28 85 1 -3.81088 1
28 86 1 -1.67619 1
28 87 1 -1.61337 1
28 88 1 -2.82818 1
28 89 1 -1.04647 1
28 90 1 -1.02356 1
28 91 1 -1.24396 1
28 92 1 1.20961 1
28 93 1 -1.93782 1
28 94 1 1.14327 1
28 95 1 -2.6711 1
29 64 1 -0.225 1
29 65 1 -0.104958 1
29 66 1 1.29546 1
29 67 1 1.22681 1
29 68 1 -1.66147 1
29 69 1 0.945712 1
29 70 1 0.860055 1
29 71 1 -0.456213 1
29 72 1 0.112258 1
29 73 1 1.3616 1
29 74 1 -0.17072 1
29 75 1 1.49932 1
29 76 1 0.332798 1
29 77 1 0.129731 1
29 78 1 -3.85885 1
29 79 1 -0.427337 1
29 80 1 -0.101809 1
29 81 1 0.709318 1
29 82 1 -1.51986 1
29 83 1 -1.19221 1
29 84 1 0.423694 1
29 85 1 0.702126 1
29 86 1 0.259384 1
29 87 1 -3.57483 1
29 88 1 -0.197357 1
29 89 1 0.872779 1
29 90 1 -2.81768 1
29 91 1 1.77844 1
29 92 1 -0.466808 1
29 93 1 1.28376 1
29 94 1 -0.15772 1
29 95 1 -0.813723 1
30 64 1 1.09781 1
30 65 1 1.35103 1
30 66 1 -0.981767 1
30 67 1 0.0236083 1
30 68 1 1.49848 1
30 69 1 0.0805911 1
30 70 1 -0.555122 1
30 71 1 1.27356 1
30 72 1 -1.63768 1
30 73 1 4.76697 1
30 74 1 0.730227 1
30 75 1 1.05055 1
30 76 1 -0.552053 1
30 77 1 -1.12398 1
30 78 1 -0.23401 1
30 79 1 0.249944 1
30 80 1 0.635977 1
30 81 1 -1.93987 1
30 82 1 1.78785 1
30 83 1 4.29802 1
30 84 1 2.15672 1
30 85 1 -1.66952 1
30 86 1 -0.936996 1
30 87 1 -3.83602 1
30 88 1 1.08682 1
30 89 1 -1.32859 1
30 90 1 0.940878 1
30 91 1 2.93253 1
30 92 1 1.78641 1
30 93 1 0.397192 1
30 94 1 2.42656 1
30 95 1 0.245849 1
31 64 1 1.26537 1
31 65 1 0.548778 1
31 66 1 -1.77978 1
31 67 1 4.38645 1
31 68 1 4.04282 1
31 69 1 0.819213 1
31 70 1 -0.835805 1
31 71 1 1.31308 1
31 72 1 -2.52503 1
31 73 1 -2.15351 1
31 74 1 -0.614326 1
31 75 1 -0.611702 1
31 76 1 -1.40653 1
31 77 1 -1.51911 1
31 78 1 -0.65688 1
31 79 1 0.71328 1
31 80 1 -0.343802 1
31 81 1 0.469387 1
31 82 1 2.58065 1
31 83 1 -0.622858 1
31 84 1 -1.90301 1
31 85 1 -0.390169 1
31 86 1 1.54115 1
31 87 1 0.729134 1
31 88 1 1.13912 1
31 89 1 -0.0357235 1
31 90 1 0.991839 1
31 91 1 1.06393 1
31 92 1 -2.18914 1
31 93 1 1.67031 1
31 94 1 0.451813 1
31 95 1 -0.59539 1
32 64 1 2.48025 1
32 65 1 0.816287 1
32 66 1 -1.7413 1
32 67 1 1.98236 1
32 68 1 1.08396 1
32 69 1 3.46963 1
32 70 1 0.100365 1
32 71 1 1.35687 1
32 72 1 -3.79251 1
32 73 1 -0.799169 1
32 74 1 -0.364082 1
32 75 1 1.36454 1
32 76 1 -1.27215 1
32 77 1 -1.79037 1
32 78 1 -2.08681 1
32 79 1 2.2627 1
32 80 1 0.359281 1
32 81 1 -3.66142 1
32 82 1 0.10997 1
32 83 1 -0.0419871 1
32 84 1 -1.02612 1
32 85 1 -1.71497 1
32 86 1 -0.590869 1
32 87 1 1.46264 1
32 88 1 -0.494108 1
32 89 1 -2.04656 1
32 90 1 -0.451917 1
32 91 1 -0.828112 1
32 92 1 1.64191 1
32 93 1 -2.39004 1
32 94 1 1.69653 1
32 95 1 -0.897692 1
33 64 1 0.67142 1
33 65 1 -3.95192 1
33 66 1 -0.19618 1
33 67 1 -0.957052 1
33 68 1 -1.51588 1
33 69 1 -1.76127 1
33 70 1 3.20237 1
33 71 1 1.92093 1
33 72 1 0.167375 1
33 73 1 1.05773 1
33 74 1 1.94089 1
33 75 1 -0.673054 1
33 76 1 1.08612 1
33 77 1 3.88012 1
33 78 1 -2.30824 1
33 79 1 -0.566194 1
33 80 1 1.41883 1
33 81 1 -0.957016 1
33 82 1 -1.14004 1
33 83 1 -0.211075 1
33 84 1 1.65095 1
33 85 1 1.3993 1
33 86 1 -0.303345 1
33 87 1 1.16464 1
33 88 1 1.64646 1
33 89 1 1.81795 1
33 90 1 -1.15065 1
33 91 1 1.38013 1
33 92 1 2.03991 1
33 93 1 1.66825 1
33 94 1 0.861731 1
33 95 1 -0.385762 1
34 64 1 0.631286 1
34 65 1 -0.674895 1
34 66 1 -0.26126 1
34 67 1 1.93918 1
34 68 1 2.48843 1
34 69 1 0.501325 1
34 70 1 -2.67477 1
34 71 1 0.560306 1
34 72 1 0.93729 1
34 73 1 0.357135 1
34 74 1 0.605215 1
34 75 1 2.74893 1
34 76 1 -1.39414 1
34 77 1 1.85206 1
34 78 1 1.241 1
34 79 1 1.68523 1
34 80 1 0.169616 1
34 81 1 -0.00220533 1
34 82 1 -0.651914 1
34 83 1 1.35638 1
34 84 1 0.419052 1
34 85 1 0.146628 1
34 86 1 0.90786 1
34 87 1 -0.984919 1
34 88 1 1.41805 1
34 89 1 -0.978901 1
34 90 1 -1.21082 1
34 91 1 0.691452 1
34 92 1 -0.991932 1
34 93 1 -3.96733 1
34 94 1 1.50319 1
34 95 1 -0.109012 1
35 64 1 -1.28117 1
35 65 1 0.350273 1
35 66 1 0.847952 1
35 67 1 0.288154 1
35 68 1 -0.0945073 1
35 69 1 2.26089 1
35 70 1 1.5994 1
35 71 1 1.05816 1
35 72 1 -0.944024 1
35 73 1 2.02234 1
35 74 1 1.75186 1
35 75 1 -0.972298 1
35 76 1 -0.96073 1
35 77 1 1.23181 1
35 78 1 -2.59631 1
35 79 1 -2.82025 1
35 80 1 -5.01423 1
35 81 1 0.369507 1
35 82 1 3.47676 1
35 83 1 -0.11864 1
35 84 1 1.74432 1
35 85 1 -1.84604 1
35 86 1 -0.803789 1
35 87 1 -1.13085 1
35 88 1 -0.27183 1
35 89 1 1.12471 1
35 90 1 -1.46699 1
35 91 1 -3.48911 1
35 92 1 0.327469 1
35 93 1 1.41918 1
35 94 1 -0.30609 1
35 95 1 -0.0891567 1
36 64 1 -0.809718 1
36 65 1 0.95244 1
36 66 1 -1.00834 1
36 67 1 0.143212 1
36 68 1 -0.179737 1
36 69 1 -0.239909 1
36 70 1 -0.029801 1
36 71 1 2.86665 1
36 72 1 -0.581669 1
36 73 1 0.691719 1
36 74 1 2.44015 1
36 75 1 -0.147859 1
36 76 1 0.517999 1
36 77 1 -1.12557 1
36 78 1 1.19116 1
36 79 1 2.1568 1
36 80 1 -0.227626 1
36 81 1 0.691722 1
36 82 1 0.107224 0
36 83 1 -1.97748 1
36 84 1 1.58569 1
36 85 1 -2.21547 1
36 86 1 0.0886802 1
36 87 1 -1.96363 1
36 88 1 1.36677 1
36 89 1 -0.866096 1
36 90 1 -1.1822 1
36 91 1 -0.471654 1
36 92 1 3.23019 1
36 93 1 -0.168858 1
36 94 1 -2.87408 1
36 95 1 2.60173 1
36 109 1 1.06023 1
36 24 1 -0.829099 1
109 82 1 1.08107 1
37 64 1 -2.4767 1
37 65 1 -1.28802 1
37 66 1 -2.81288 1
37 67 1 -4.07979 1
37 68 1 -0.673785 1
37 69 1 2.24137 1
37 70 1 -1.45698 1
37 71 1 -1.5429 1
37 72 1 0.941205 1
37 73 1 0.647003 1
37 74 1 -1.19066 1
37 75 1 -1.15893 1
37 76 1 0.957449 1
37 77 1 1.25477 1
37 78 1 0.67295 1
37 79 1 -0.166511 1
37 80 1 1.69381 1
37 81 1 1.0682 1
37 82 1 5.26835 1
37 83 1 -0.433118 1
37 84 1 -2.6312 1
37 85 1 1.15193 1
37 86 1 -1.48129 1
37 87 1 -0.74539 1
37 88 1 -2.25145 1
37 89 1 1.00866 1
37 90 1 -1.4711 1
37 91 1 -1.57261 1
37 92 1 1.14479 1
37 93 1 -1.04423 1
37 94 1 -0.655451 1
37 95 1 0.123289 1
38 64 1 0.773658 1
38 65 1 -2.8559 1
38 66 1 -1.49326 1
38 67 1 -0.431584 1
38 68 1 1.39694 1
38 69 1 -0.21503 1
38 70 1 1.7989 1
38 71 1 1.83782 1
38 72 1 0.193922 1
38 73 1 -0.528825 1
38 74 1 0.657197 1
38 75 1 0.74539 1
38 76 1 2.22832 1
38 77 1 -2.16693 1
38 78 1 -1.75488 1
38 79 1 -0.697196 1
38 80 1 -1.6156 1
38 81 1 -0.346849 1
38 82 1 -1.02077 1
38 83 1 -0.617076 1
38 84 1 -0.858419 1
38 85 1 -1.23796 1
38 86 1 -1.26363 1
38 87 1 -0.768386 1
38 88 1 2.1808 1
38 89 1 2.56938 1
38 90 1 -2.68662 1
38 91 1 2.21221 1
38 92 1 -0.305247 1
38 93 1 0.336281 1
38 94 1 -0.873892 1
38 95 1 -1.77227 1
39 64 1 -0.180947 1
39 65 1 -0.486248 1
39 66 1 0.439989 1
39 67 1 -2.08366 1
39 68 1 -1.44385 1
39 69 1 1.41507 1
39 70 1 -1.81926 1
39 71 1 0.280143 1
39 72 1 -0.00236026 1
39 73 1 -0.0323882 1
39 74 1 2.56132 1
39 75 1 0.713025 0
39 76 1 -0.196685 1
39 77 1 -1.63248 1
39 78 1 0.139173 1
39 79 1 -0.152353 1
39 80 1 -0.302654 1
39 81 1 -1.94512 1
39 82 1 0.0706896 1
39 83 1 0.0536601 1
39 84 1 1.30159 1
39 85 1 -0.176035 1
39 86 1 -0.370273 1
39 87 1 0.749325 1
39 88 1 -1.0061 1
39 89 1 0.161723 1
39 90 1 2.69844 1
39 91 1 -2.61286 1
39 92 1 2.34932 1
39 93 1 -0.470807 1
39 94 1 -0.450201 1
39 95 1 1.10041 1
39 2 1 -3.0917 1
39 112 1 1.67526 1
112 75 1 0.346835 1
40 64 1 -4.88105 1
40 65 1 0.938711 1
40 66 1 -0.24048 1
40 67 1 0.685121 1
40 68 1 2.83288 1
40 69 1 -1.72989 1
40 70 1 -1.3033 1
40 71 1 1.1099 1
40 72 1 2.70603 1
40 73 1 0.368122 1
40 74 1 -0.497805 1
40 75 1 -0.668854 1
40 76 1 0.191557 1
40 77 1 0.826017 1
40 78 1 2.02796 1
40 79 1 -2.56202 1
40 80 1 0.175523 1
40 81 1 -0.770811 1
40 82 1 0.136902 1
40 83 1 -1.70312 1
40 84 1 0.148149 1
40 85 1 3.19518 1
40 86 1 0.983385 1
40 87 1 0.524465 1
40 88 1 -1.61417 1
40 89 1 0.304626 1
40 90 1 0.986415 1
40 91 1 -0.7928 1
40 92 1 0.24202 1
40 93 1 1.4954 1
40 94 1 -1.41883 1
40 95 1 0.482514 1
41 64 1 3.77404 1
41 65 1 -1.02346 1
41 66 1 0.891776 1
41 67 1 -2.31932 1
41 68 1 -1.51556 1
41 69 1 -0.216622 1
41 70 1 0.316866 1
41 71 1 1.24754 1
41 72 1 3.58417 1
41 73 1 -2.38556 1
41 74 1 -1.42679 1
41 75 1 -0.073705 1
41 76 1 1.39751 1
41 77 1 -1.60328 1
41 78 1 -0.995113 1
41 79 1 -2.91732 1
41 80 1 2.62872 1
41 81 1 0.796777 1
41 82 1 0.136746 1
41 83 1 1.38015 1
41 84 1 0.211414 1
41 85 1 -0.47972 1
41 86 1 -0.079307 1
41 87 1 -0.073539 1
41 88 1 4.01643 1
41 89 1 -1.16023 1
41 90 1 -0.832762 1
41 91 1 -0.808955 1
41 92 1 0.0553369 1
41 93 1 0.167675 1
41 94 1 0.555599 1
41 95 1 -2.35552 1
41 11 1 0.556529 1
42 64 1 0.669033 1
42 65 1 -0.367868 1
42 66 1 0.453814 1
42 67 1 0.810816 1
42 68 1 1.01486 1
42 69 1 -1.15726 1
42 70 1 -1.45933 1
42 71 1 0.444748 1
42 72 1 -3.33698 1
42 73 1 -1.95441 1
42 74 1 0.752515 1
42 75 1 1.2165 1
42 76 1 -0.242625 1
42 77 1 0.489468 1
42 78 1 -1.86353 1
42 79 1 -0.624375 1
42 80 1 -0.0673534 1
42 81 1 0.105376 1
42 82 1 1.14991 1
42 83 1 1.7125 1
42 84 1 1.9268 1
42 85 1 0.0863947 1
42 86 1 -0.902715 1
42 87 1 -1.74748 1
42 88 1 0.648353 1
42 89 1 -0.235423 1
42 90 1 0.132273 1
42 91 1 1.29379 1
42 92 1 -1.2103 1
42 93 1 1.66771 1
42 94 1 -0.683 1
42 95 1 -1.22739 1
43 64 1 -0.988723 1
43 65 1 -1.21681 1
43 66 1 0.403215 1
43 67 1 0.754557 1
43 68 1 -1.62017 1
43 69 1 -3.34388 1
43 70 1 -0.198576 1
43 71 1 -2.47112 1
43 72 1 -0.573793 1
43 73 1 -2.02207 1
43 74 1 1.55569 1
43 75 1 -1.79623 1
43 76 1 1.58879 1
43 77 1 0.778947 1
43 78 1 0.331156 1
43 79 1 -0.339165 1
43 80 1 -0.851225 1
43 81 1 0.452678 1
43 82 1 0.550288 1
43 83 1 -0.538266 1
43 84 1 0.999343 1
43 85 1 1.12215 1
43 86 1 -1.35928 1
43 87 1 3.54674 1
43 88 1 -1.28631 1
43 89 1 2.34636 1
43 90 1 1.15935 1
43 91 1 -2.65119 1
43 92 1 0.332998 1
43 93 1 1.98341 1
43 94 1 -2.01014 1
43 95 1 -1.22525 1
44 64 1 2.2575 1
44 65 1 -2.90686 1
44 66 1 0.722797 1
44 67 1 -1.32382 1
44 68 1 -1.19266 1
44 69 1 1.12572 1
44 70 1 1.43258 1
44 71 1 0.159898 1
44 72 1 -1.15736 1
44 73 1 1.14219 1
44 74 1 -1.19853 1
44 75 1 -0.576239 1
44 76 1 1.19471 1
44 77 1 1.83026 1
44 78 1 0.759671 1
44 79 1 1.52368 1
44 80 1 1.98539 1
44 81 1 -0.407557 1
44 82 1 2.41622 1
44 83 1 -0.381895 1
44 84 1 2.09032 1
44 85 1 0.708513 1
44 86 1 0.393623 1
44 87 1 -1.45931 1
44 88 1 0.728164 1
44 89 1 -1.42631 1
44 90 1 0.775293 1
44 91 1 -0.967459 1
44 92 1 -1.50508 1
44 93 1 2.45598 1
44 94 1 -0.691101 1
44 95 1 -0.925357 1
44 8 1 0.0333696 1
45 64 1 -0.280287 1
45 65 1 1.4089 1
45 66 1 0.237263 1
45 67 1 -1.47287 1
45 68 1 -1.95108 1
45 69 1 -4.43593 1
45 70 1 -1.49292 1
45 71 1 -0.527492 1
45 72 1 -1.07823 1
45 73 1 2.81673 1
45 74 1 2.71684 1
45 75 1 1.24482 1
45 76 1 0.0139789 1
45 77 1 -0.344052 1
45 78 1 -3.02105 1
45 79 1 0.625351 1
45 80 1 -1.39327 1
45 81 1 0.313167 1
45 82 1 1.38184 1
45 83 1 1.05586 1
45 84 1 0.287122 1
45 85 1 -1.37491 1
45 86 1 1.37583 1
45 87 1 -0.754333 1
45 88 1 -0.263098 1
45 89 1 -1.65458 1
45 90 1 -0.441292 1
45 91 1 0.458538 1
45 92 1 -1.68489 1
45 93 1 -1.21555 1
45 94 1 0.841544 1
45 95 1 -0.789114 1
45 9 1 1.26465 1
46 64 1 0.483811 1
46 65 1 -0.293622 1
46 66 1 0.97275 1
46 67 1 2.75084 1
46 68 1 -1.67709 1
46 69 1 -1.59959 1
46 70 1 1.31357 1
46 71 1 -0.659258 1
46 72 1 -0.529254 1
46 73 1 -1.77406 1
46 74 1 -2.22899 1
46 75 1 -1.68876 1
46 76 1 -1.80377 1
46 77 1 0.946697 1
46 78 1 -0.686842 1
46 79 1 -0.295261 1
46 80 1 1.22479 1
46 81 1 -0.857496 1
46 82 1 -0.376153 1
46 83 1 2.06581 1
46 84 1 -1.29403 1
46 85 1 0.312229 1
46 86 1 -1.88117 1
46 87 1 0.076915 1
46 88 1 -0.890101 1
46 89 1 -2.49241 1
46 90 1 0.41036 1
46 91 1 -0.445659 1
46 92 1 -1.65035 1
46 93 1 0.249609 1
46 94 1 0.6275 1
46 95 1 1.25149 1
47 64 1 0.560492 1
47 65 1 1.12226 1
47 66 1 -0.879172 1
47 67 1 2.15018 1
47 68 1 -0.24651 1
47 69 1 2.97887 1
47 70 1 -1.68201 1
47 71 1 0.558334 1
47 72 1 1.54318 1
47 73 1 1.32931 1
47 74 1 -0.374271 1
47 75 1 0.0525568 1
47 76 1 -0.0556087 1
47 77 1 -5.13382 1
47 78 1 -0.881104 1
47 79 1 -0.0936646 1
47 80 1 -1.06917 1
47 81 1 -3.86331 1
47 82 1 0.354756 1
47 83 1 -0.390648 1
47 84 1 -0.812716 1
47 85 1 0.541826 1
47 86 1 -1.64422 1
47 87 1 0.909295 1
47 88 1 -2.25185 1
47 89 1 -0.580161 1
47 90 1 1.13936 1
47 91 1 0.584409 1
47 92 1 1.47788 1
47 93 1 -0.0853428 1
47 94 1 1.20959 1
47 95 1 -1.17426 1
47 4 1 -0.537931 1
48 64 1 -1.31192 1
48 65 1 -1.10174 1
48 66 1 -0.58373 1
48 67 1 -1.9195 1
48 68 1 -0.358653 1
48 69 1 -2.21621 1
48 70 1 1.48298 1
48 71 1 2.20423 1
48 72 1 -1.32237 1
48 73 1 1.9148 1
48 74 1 1.75977 1
48 75 1 -1.77879 1
48 76 1 0.178547 1
48 77 1 -1.34633 1
48 78 1 1.3673 1
48 79 1 -1.29 1
48 80 1 -0.506986 1
48 81 1 -0.182318 1
48 82 1 -0.636698 1
48 83 1 1.61555 1
48 84 1 -1.96637 1
48 85 1 1.7636 1
48 86 1 -0.598097 1
48 87 1 -0.652261 1
48 88 1 -1.01425 1
48 89 1 0.69044 1
48 90 1 -0.298237 1
48 91 1 2.08187 1
48 92 1 -3.48389 1
48 93 1 0.206666 1
48 94 1 0.174121 1
48 95 1 -1.4306 1
48 16 1 0.815329 1
48 12 1 -0.340603 1
49 64 1 1.46938 1
49 65 1 -1.85554 1
49 66 1 -2.05697 1
49 67 1 0.16022 1
49 68 1 1.96246 1
49 69 1 2.4839 1
49 70 1 -0.475267 1
49 71 1 -2.68165 1
49 72 1 -1.56234 1
49 73 1 1.72315 1
49 74 1 0.05906 1
49 75 1 1.88372 1
49 76 1 -3.05873 1
49 77 1 -1.43078 1
49 78 1 -0.548468 1
49 79 1 2.05707 1
49 80 1 3.20025 1
49 81 1 -3.01729 1
49 82 1 -0.820832 1
49 83 1 1.85644 1
49 84 1 1.67061 1
49 85 1 -2.46392 1
49 86 1 0.403182 1
49 87 1 -2.21482 1
49 88 1 -2.17605 1
49 89 1 0.0618817 1
49 90 1 0.814415 1
49 91 1 0.62593 1
49 92 1 -1.00983 1
49 93 1 0.0994306 1
49 94 1 0.763903 1
49 95 1 2.25425 1
49 19 1 0.986353 1
50 64 1 -3.55409 1
50 65 1 -0.664911 1
50 66 1 2.22362 1
50 67 1 -1.81902 1
50 68 1 1.73752 1
50 69 1 0.566698 1
50 70 1 2.10137 1
50 71 1 3.28927 1
50 72 1 -1.60793 1
50 73 1 2.86684 1
50 74 1 1.45114 1
50 75 1 1.90566 1
50 76 1 -1.51772 1
50 77 1 0.743636 1
50 78 1 0.411436 1
50 79 1 -1.4645 1
50 80 1 0.0513752 1
50 81 1 -1.25759 1
50 82 1 -0.675777 1
50 83 1 2.89492 1
50 84 1 -1.14741 1
50 85 1 1.86739 1
50 86 1 -0.536538 1
50 87 1 -1.75353 1
50 88 1 -2.26964 1
50 89 1 1.78791 1
50 90 1 -0.365565 1
50 91 1 -0.269588 1
50 92 1 1.97177 1
50 93 1 1.48183 1
50 94 1 -1.41272 1
50 95 1 3.0755 1
50 4 1 -0.99276 1
51 64 1 -2.03013 1
51 65 1 2.06456 1
51 66 1 0.595861 1
51 67 1 -1.156 1
51 68 1 -0.78427 1
51 69 1 -0.0792367 1
51 70 1 -0.127225 1
51 71 1 2.66243 1
51 72 1 -0.957096 1
51 73 1 -0.901428 1
51 74 1 -1.66882 1
51 75 1 3.42411 1
51 76 1 -0.382571 1
51 77 1 0.412557 1
51 78 1 0.0992296 1
51 79 1 0.752648 1
51 80 1 1.01051 1
51 81 1 -1.6966 1
51 82 1 0.0621188 1
51 83 1 1.60972 1
51 84 1 -0.899758 1
51 85 1 -0.615863 1
51 86 1 -0.808661 1
51 87 1 0.816133 1
51 88 1 0.883372 1
51 89 1 -1.26961 1
51 90 1 0.549377 1
51 91 1 -0.60986 1
51 92 1 0.322361 1
51 93 1 1.82295 1
51 94 1 -2.05624 1
51 95 1 0.260016 1
52 64 1 -2.09515 1
52 65 1 1.14585 1
52 66 1 2.35563 1
52 67 1 1.09042 1
52 68 1 -1.51705 1
52 69 1 3.10822 1
52 70 1 1.16101 1
52 71 1 -2.76675 1
52 72 1 -1.47501 1
52 73 1 3.12557 1
52 74 1 2.25596 1
52 75 1 0.643006 1
52 76 1 -2.40433 1
52 77 1 -1.16809 1
52 78 1 -0.739202 1
52 79 1 -0.65921 1
52 80 1 -2.02916 1
52 81 1 0.226992 1
52 82 1 -1.72966 1
52 83 1 -1.73316 1
52 84 1 -0.642972 1
52 85 1 -1.07796 1
52 86 1 -2.36085 1
52 87 1 1.53724 1
52 88 1 -1.11535 1
52 89 1 -0.881726 1
52 90 1 -1.44527 1
52 91 1 1.01028 1
52 92 1 -1.49123 1
52 93 1 -0.886607 1
52 94 1 0.343287 1
52 95 1 -0.959218 1
53 64 1 -1.34323 1
53 65 1 1.25413 1
53 66 1 0.361982 1
53 67 1 -2.2039 1
53 68 1 -0.0693747 1
53 69 1 1.9469 1
53 70 1 0.503579 1
53 71 1 -0.265366 1
53 72 1 1.7652 1
53 73 1 -0.254707 1
53 74 1 1.1538 1
53 75 1 -1.0491 1
53 76 1 1.09484 1
53 77 1 1.60902 1
53 78 1 -0.0769323 1
53 79 1 0.449054 1
53 80 1 -0.743642 1
53 81 1 -0.0564871 1
53 82 1 2.39795 1
53 83 1 0.841328 1
53 84 1 0.918913 1
53 85 1 -0.563124 1
53 86 1 0.0664191 1
53 87 1 -0.321131 1
53 88 1 -2.58759 1
53 89 1 -0.77876 1
53 90 1 -1.50109 1
53 91 1 0.0876738 1
53 92 1 1.56333 1
53 93 1 0.130065 1
53 94 1 0.874029 1
53 95 1 -0.927029 1
53 20 1 2.96066 1
54 64 1 1.71192 1
54 65 1 2.26536 1
54 66 1 0.184309 1
54 67 1 1.00995 1
54 68 1 0.192017 1
54 69 1 -1.13185 1
54 70 1 0.244892 1
54 71 1 -0.170145 1
54 72 1 0.703321 1
54 73 1 -0.965534 1
54 74 1 -0.479431 1
54 75 1 -1.20663 1
54 76 1 0.808265 1
54 77 1 2.01314 1
54 78 1 0.741906 1
54 79 1 -0.154068 1
54 80 1 0.412293 1
54 81 1 -1.90555 1
54 82 1 -2.17501 1
54 83 1 1.40825 1
54 84 1 1.43193 1
54 85 1 0.770357 1
54 86 1 -1.87985 1
54 87 1 0.138042 1
54 88 1 4.10851 1
54 89 1 0.747815 1
54 90 1 -1.05083 1
54 91 1 1.95723 1
54 92 1 -0.0146202 1
54 93 1 -0.0558859 1
54 94 1 0.264194 1
54 95 1 1.14518 1
54 30 1 0.702807 1
55 64 1 -0.249716 1
55 65 1 -1.30836 1
55 66 1 1.18764 1
55 67 1 0.637217 1
55 68 1 -1.45493 1
55 69 1 1.45033 1
55 70 1 2.96329 1
55 71 1 -3.6965 1
55 72 1 1.33908 1
55 73 1 -0.704017 1
55 74 1 3.88051 1
55 75 1 -3.78544 1
55 76 1 -3.63516 1
55 77 1 2.01261 1
55 78 1 -2.63868 1
55 79 1 1.03591 1
55 80 1 0.235277 1
55 81 1 -0.963337 1
55 82 1 -1.86097 1
55 83 1 -0.294202 1
55 84 1 -1.15032 1
55 85 1 0.696452 1
55 86 1 0.893426 1
55 87 1 2.65952 1
55 88 1 -1.51694 1
55 89 1 -2.32877 1
55 90 1 0.915147 1
55 91 1 1.37698 1
55 92 1 1.56609 1
55 93 1 -2.9475 1
55 94 1 -0.823042 1
55 95 1 -1.97348 1
55 28 1 -0.42457 1
56 64 1 0.892966 1
56 65 1 -0.290302 1
56 66 1 0.109224 1
56 67 1 -0.296011 1
56 68 1 1.44241 1
56 69 1 0.617968 1
56 70 1 1.12078 1
56 71 1 0.324597 1
56 72 1 0.336977 1
56 73 1 -0.392712 1
56 74 1 0.519414 1
56 75 1 3.70476 1
56 76 1 0.233748 1
56 77 1 -0.305211 1
56 78 1 -1.60949 1
56 79 1 0.0388607 1
56 80 1 -1.7763 1
56 81 1 1.51231 1
56 82 1 2.19561 1
56 83 1 -2.19575 1
56 84 1 0.0478985 1
56 85 1 -1.19512 1
56 86 1 0.478176 1
56 87 1 -2.94106 1
56 88 1 1.29507 1
56 89 1 -3.15133 1
56 90 1 -0.195155 1
56 91 1 -1.29963 1
56 92 1 1.14702 1
56 93 1 2.11926 1
56 94 1 -2.09869 1
56 95 1 1.25321 1
56 3 1 0.537356 1
57 64 1 -2.19114 1
57 65 1 1.33691 1
57 66 1 -2.61359 1
57 67 1 0.068155 1
57 68 1 3.75881 1
57 69 1 -1.45487 0
57 70 1 1.2159 1
57 71 1 0.0336444 1
57 72 1 -0.742419 1
57 73 1 -2.04309 1
57 74 1 0.50843 1
57 75 1 2.63058 1
57 76 1 1.26707 1
57 77 1 -2.39518 1
57 78 1 -0.508229 1
57 79 1 -1.29343 1
57 80 1 3.33949 1
57 81 1 1.02331 1
57 82 1 0.29196 1
57 83 1 -2.90877 1
57 84 1 0.22302 1
57 85 1 -3.70025 1
57 86 1 -0.684108 1
57 87 1 1.64967 1
57 88 1 -2.26694 1
57 89 1 2.33813 1
57 90 1 0.69142 1
57 91 1 -0.047607 1
57 92 1 -0.612843 1
57 93 1 0.920104 1
57 94 1 3.24518 1
57 95 1 1.22061 1
57 104 1 0.382873 1
104 69 1 0.00128009 1
58 64 1 0.64747 1
58 65 1 -1.95571 1
58 66 1 -0.378676 1
58 67 1 -1.46684 1
58 68 1 1.42377 1
58 69 1 -2.10128 1
58 70 1 -1.23178 1
58 71 1 -1.81456 1
58 72 1 0.159416 1
58 73 1 -0.38305 1
58 74 1 1.54419 1
58 75 1 1.86535 1
58 76 1 -1.01233 1
58 77 1 -0.542044 1
58 78 1 -0.284922 1
58 79 1 -2.12621 1
58 80 1 -0.429352 1
58 81 1 -0.0399625 1
58 82 1 0.877339 1
58 83 1 -0.835748 1
58 84 1 1.97391 1
58 85 1 0.818085 1
58 86 1 1.01361 1
58 87 1 -0.541011 1
58 88 1 -0.326578 1
58 89 1 -2.39338 1
58 90 1 0.308177 1
58 91 1 -0.115727 1
58 92 1 1.82087 1
58 93 1 -0.543106 1
58 94 1 -3.43445 1
58 95 1 0.965262 1
59 64 1 -0.380827 1
59 65 1 0.911753 1
59 66 1 2.24563 1
59 67 1 -1.66262 1
59 68 1 -0.0484605 1
59 69 1 -1.43331 1
59 70 1 -1.50023 1
59 71 1 0.50079 1
59 72 1 -1.69582 1
59 73 1 -2.48445 1
59 74 1 1.07901 1
59 75 1 1.04601 1
59 76 1 0.9734 1
59 77 1 -0.0567033 0
59 78 1 -0.84967 1
59 79 1 -0.193836 1
59 80 1 1.49461 1
59 81 1 -0.981942 1
59 82 1 -1.79715 1
59 83 1 1.64728 1
59 84 1 -0.83016 1
59 85 1 -1.48755 1
59 86 1 -0.657655 1
59 87 1 1.71481 1
59 88 1 2.54873 1
59 89 1 0.422404 1
59 90 1 1.53741 1
59 91 1 -0.103231 1
59 92 1 1.38929 1
59 93 1 0.298612 1
59 94 1 -0.168823 1
59 95 1 2.55142 1
59 97 1 2.06864 1
59 5 1 -0.658549 1
59 11 1 0.590726 1
97 77 1 -1.68448 1
97 22 1 -2.141 1
97 2 1 -2.27633 0
97 99 1 0.95145 1
97 7 1 0.494024 0
97 102 1 1.46503 1
102 7 1 0.0269075 1
99 2 1 -0.141571 0
99 108 1 2.38794 1
108 2 1 1.61104 1
60 64 1 1.55423 1
60 65 1 -0.695111 1
60 66 1 -0.852701 1
60 67 1 0.0460837 1
60 68 1 2.30169 1
60 69 1 1.70975 1
60 70 1 -1.25421 1
60 71 1 -1.92133 1
60 72 1 -1.3496 1
60 73 1 -0.513516 1
60 74 1 -0.744608 1
60 75 1 1.37225 1
60 76 1 -0.0586238 1
60 77 1 2.38753 1
60 78 1 -1.34077 1
60 79 1 0.713679 1
60 80 1 -2.48473 1
60 81 1 1.50837 1
60 82 1 -2.45997 1
60 83 1 0.0593986 1
60 84 1 -2.19199 1
60 85 1 0.638798 1
60 86 1 1.32046 1
60 87 1 1.25112 1
60 88 1 -1.11906 1
60 89 1 -2.25314 1
60 90 1 -1.64974 1
60 91 1 0.197287 1
60 92 1 -0.926212 1
60 93 1 0.603566 1
60 94 1 0.188067 1
60 95 1 -0.61311 1
60 24 1 -1.17737 1
60 0 1 0.99257 1
61 64 1 -2.05119 1
61 65 1 -0.304472 1
61 66 1 0.970135 1
61 67 1 -0.00366117 1
61 68 1 -2.40097 1
61 69 1 0.549179 1
61 70 1 -0.674386 1
61 71 1 1.35655 1
61 72 1 -1.7919 1
61 73 1 0.0748171 1
61 74 1 0.736806 1
61 75 1 -0.0830676 1
61 76 1 1.05999 1
61 77 1 -0.762914 0
61 78 1 1.47295 1
61 79 1 -2.83533 1
61 80 1 0.112815 1
61 81 1 0.277013 1
61 82 1 0.958086 1
61 83 1 0.828845 1
61 84 1 -0.669748 1
61 85 1 2.34003 1
61 86 1 1.46021 1
61 87 1 0.694565 1
61 88 1 1.76741 1
61 89 1 2.04003 1
61 90 1 0.285725 1
61 91 1 1.07948 1
61 92 1 -1.74441 1
61 93 1 -1.11536 1
61 94 1 0.970549 1
61 95 1 1.46795 1
61 107 1 1.03247 1
107 77 1 -3.44229 0
107 113 1 1.50657 1
113 77 1 -3.61923 1
62 64 1 2.57659 1
62 65 1 -1.25948 1
62 66 1 1.26665 1
62 67 1 -0.493248 1
62 68 1 -0.5106 1
62 69 1 0.420181 1
62 70 1 -0.398844 1
62 71 1 -1.80823 1
62 72 1 1.12647 1
62 73 1 1.92265 1
62 74 1 2.62647 1
62 75 1 -0.0124911 1
62 76 1 -0.750034 1
62 77 1 -1.13711 1
62 78 1 -1.27414 1
62 79 1 1.50665 1
62 80 1 -0.326983 1
62 81 1 -0.20085 1
62 82 1 -0.777281 1
62 83 1 -0.0380516 1
62 84 1 -0.865986 1
62 85 1 0.73777 1
62 86 1 2.35142 1
62 87 1 -1.20448 1
62 88 1 0.350112 1
62 89 1 -0.472723 1
62 90 1 -4.81227 1
62 91 1 -1.51016 1
62 92 1 -1.40651 1
62 93 1 1.81293 1
62 94 1 -0.650882 1
62 95 1 0.792287 1
62 5 1 -0.530766 1
63 64 1 3.17153 1
63 65 1 0.967964 1
63 66 1 3.52658 1
63 67 1 1.74573 1
63 68 1 -0.753346 1
63 69 1 -2.78344 1
63 70 1 0.710647 1
63 71 1 2.68641 1
63 72 1 0.734644 1
63 73 1 0.294145 1
63 74 1 -1.07242 1
63 75 1 0.272904 1
63 76 1 -1.30705 1
63 77 1 1.83995 1
63 78 1 -1.37864 1
63 79 1 0.0694999 1
63 80 1 1.02681 1
63 81 1 0.647087 1
63 82 1 2.06986 1
63 83 1 -1.84628 1
63 84 1 -2.42354 1
63 85 1 -3.21791 1
63 86 1 1.9564 1
63 87 1 -1.17923 1
63 88 1 -0.0699333 1
63 89 1 -0.280615 1
63 90 1 1.83589 1
63 91 1 0.374332 1
63 92 1 -1.14082 1
63 93 1 0.72976 1
63 94 1 -1.47201 1
63 95 1 1.92024 1
