115 64 32
-0.371477 -0.111775 -2.51972 3.23524 -1.07966 1.79131 -0.263586 0.0588965 0.765618 2.56054 1.25192 0.0442865 -3.03359 -1.83429 0.513295 -1.77097 -0.0069467 -0.166855 -1.43842 -0.873529 -2.50864 -0.772472 -0.509035 0.916305 1.25754 -0.254746 2.50352 1.99774 0.143794 -0.419024 -2.12919 0.255089 -0.162738 4.19383 0.319491 1.47744 -0.645341 -0.164874 -0.669652 -1.00467 0.391541 -1.12201 0.51505 -0.972889 -0.628059 0.519735 -1.30824 1.38168 0.750404 1.09853 2.31279 -2.85945 -1.43892 0.670221 2.55543 0.280275 -1.29297 0.285196 0.245135 -1.2549 -0.545657 -1.75424 -0.0935214 -2.74792 -2.76586 0.89905 0.605331 0.829606 -1.89351 -1.34946 -2.23944 -0.772696 -0.711003 -1.34337 0.999814 2.01951 -1.90566 0.921264 -0.0407153 -3.32006 1.3022 -0.801572 -0.900088 0.195983 0.826175 -0.0147241 -0.26382 1.18276 1.59593 -0.524741 -0.790264 0.561042 -2.10026 0.827319 -0.342958 0.385742 -1.17735 -0.0169756 -1.48 -1.15319 0.921591 -0.775345 -0.906129 -1.6912 -2.02909 3.10086 0.557901 -0.499578 -1.12393 -0.0498319 0.613145 0.578918 0.895695 -0.70802 -0.0578661 
0 64 1 -2.83918 1
0 65 1 -1.05141 1
0 66 1 0.154818 1
0 67 1 -2.05498 1
0 68 1 0.996279 1
0 69 1 0.761571 1
0 70 1 -1.15801 1
0 71 1 -0.367709 1
0 72 1 -2.1045 1
0 73 1 0.690587 1
0 74 1 -1.96117 1
0 75 1 0.351883 1
0 76 1 1.34681 1
0 77 1 1.45394 1
0 78 1 -0.776631 1
0 79 1 3.88645 1
0 80 1 -0.683288 1
0 81 1 2.84663 1
0 82 1 1.42117 1
0 83 1 -0.178873 1
0 84 1 -1.93375 1
0 85 1 1.24815 1
0 86 1 -1.06225 1
0 87 1 -0.979199 1
0 88 1 1.27619 1
0 89 1 1.8333 1
0 90 1 1.55504 1
0 91 1 2.39022 1
0 92 1 -2.01684 1
0 93 1 0.354148 1
0 94 1 0.964784 1
0 95 1 1.55503 1
1 64 1 -0.584655 1
1 65 1 1.25956 1
1 66 1 1.76567 1
1 67 1 -0.605357 1
1 68 1 0.843839 1
1 69 1 3.05354 1
1 70 1 2.02602 1
1 71 1 -0.754762 1
1 72 1 0.185593 1
1 73 1 -0.689745 1
1 74 1 -0.734327 1
1 75 1 -1.01898 1
1 76 1 1.01976 1
1 77 1 4.39271 1
1 78 1 -1.19983 1
1 79 1 0.415951 1
1 80 1 -2.4751 1
1 81 1 0.622217 1
1 82 1 0.502782 1
1 83 1 -2.72997 1
1 84 1 0.711338 1
1 85 1 -0.0270652 1
1 86 1 -0.751324 1
1 87 1 0.326661 1
1 88 1 -0.624282 1
1 89 1 1.48211 1
1 90 1 0.561916 1
1 91 1 -1.56686 1
1 92 1 -0.83975 1
1 93 1 1.40655 1
1 94 1 -1.9364 1
1 95 1 -2.21577 1
2 64 1 -0.263582 1
2 65 1 2.95378 1
2 66 1 -1.23791 1
2 67 1 -1.60519 1
2 68 1 -0.320891 1
2 69 1 1.4277 1
2 70 1 0.1634 1
2 71 1 0.879971 1
2 72 1 -0.902952 1
2 73 1 -1.56158 1
2 74 1 -1.94208 1
2 75 1 -0.614739 1
2 76 1 -4.3903 1
2 77 1 0.86787 1
2 78 1 -1.77569 1
2 79 1 -2.30985 1
2 80 1 0.170175 1
2 81 1 -3.24185 1
2 82 1 0.659713 1
2 83 1 0.194599 1
2 84 1 -0.0270053 1
2 85 1 2.16099 1
2 86 1 -2.07909 1
2 87 1 -1.85641 1
2 88 1 -0.726964 1
2 89 1 -4.0238 1
2 90 1 -2.1161 1
2 91 1 -0.548803 1
2 92 1 2.31857 1
2 93 1 -1.09754 1
2 94 1 1.21028 1
2 95 1 -0.353367 1
2 100 1 -0.768178 1
2 6 1 2.08341 1
3 64 1 -1.58681 1
3 65 1 -2.01172 1
3 66 1 -1.04867 1
3 67 1 0.0483957 1
3 68 1 1.42826 1
3 69 1 -1.8885 1
3 70 1 1.32332 1
3 71 1 2.96471 1
3 72 1 5.41412 1
3 73 1 -0.697839 1
3 74 1 0.231662 1
3 75 1 1.91636 1
3 76 1 3.38947 1
3 77 1 -1.53099 1
3 78 1 -1.39248 1
3 79 1 -0.639816 1
3 80 1 -0.698898 1
3 81 1 0.886205 1
3 82 1 4.24726 1
3 83 1 -0.563848 1
3 84 1 -0.764648 1
3 85 1 -1.49455 1
3 86 1 1.53745 1
3 87 1 -0.637614 1
3 88 1 1.79695 1
3 89 1 0.428663 1
3 90 1 -1.82283 1
3 91 1 0.284208 1
3 92 1 -1.48431 1
3 93 1 -1.97397 1
3 94 1 -0.821028 1
3 95 1 0.75716 0
3 110 1 0.415607 1
110 95 1 -0.231095 0
110 111 1 0.863871 1
111 95 1 -0.148352 1
4 64 1 2.05849 1
4 65 1 -0.567643 1
4 66 1 -2.91794 1
4 67 1 0.802147 1
4 68 1 -0.0419855 1
4 69 1 0.792431 1
4 70 1 1.2116 1
4 71 1 -0.230227 1
4 72 1 1.01984 1
4 73 1 -1.58794 1
4 74 1 -0.471887 1
4 75 1 -1.44796 0
4 76 1 1.33772 1
4 77 1 1.38409 1
4 78 1 1.4003 1
4 79 1 -1.03219 1
4 80 1 -2.68465 1
4 81 1 -2.25723 1
4 82 1 -0.354039 1
4 83 1 -0.373769 1
4 84 1 1.26629 1
4 85 1 2.43637 1
4 86 1 -1.07096 1
4 87 1 -2.57958 1
4 88 1 0.0915035 1
4 89 1 -0.133306 1
4 90 1 0.613038 1
4 91 1 -1.17856 1
4 92 1 0.198159 1
4 93 1 1.24359 1
4 94 1 -1.70701 1
4 95 1 0.22849 1
4 101 1 1.6084 1
101 75 1 -0.335509 1
5 64 1 -0.0968064 1
5 65 1 1.41831 1
5 66 1 -0.426595 1
5 67 1 2.56824 1
5 68 1 2.01933 1
5 69 1 1.59233 1
5 70 1 -1.30948 1
5 71 1 -1.326 1
5 72 1 0.503232 1
5 73 1 -1.2425 1
5 74 1 -0.839896 1
5 75 1 1.86147 1
5 76 1 0.377365 1
5 77 1 0.326812 1
5 78 1 -2.39395 1
5 79 1 1.23346 1
5 80 1 1.80737 1
5 81 1 0.612421 1
5 82 1 1.30761 1
5 83 1 3.02137 1
5 84 1 1.98707 1
5 85 1 0.975224 1
5 86 1 0.0594837 1
5 87 1 -0.803981 1
5 88 1 -0.296724 1
5 89 1 -1.39646 1
5 90 1 -1.6364 1
5 91 1 0.906623 1
5 92 1 -2.65231 1
5 93 1 -0.00512439 1
5 94 1 -1.15404 1
5 95 1 -0.8248 1
6 64 1 0.191458 1
6 65 1 -1.09048 1
6 66 1 1.9956 1
6 67 1 0.170062 1
6 68 1 -2.61006 1
6 69 1 -0.325613 1
6 70 1 -1.82641 1
6 71 1 -1.53546 1
6 72 1 0.204776 1
6 73 1 -1.6233 1
6 74 1 -2.30005 1
6 75 1 -0.626688 1
6 76 1 3.96132 1
6 77 1 0.264704 1
6 78 1 1.51079 1
6 79 1 -2.71506 1
6 80 1 1.4557 1
6 81 1 0.860793 1
6 82 1 -0.44578 1
6 83 1 2.14293 1
6 84 1 2.46731 1
6 85 1 -0.925104 1
6 86 1 0.550565 1
6 87 1 2.23251 1
6 88 1 -0.787529 1
6 89 1 -1.72043 1
6 90 1 1.27556 1
6 91 1 -1.69798 1
6 92 1 1.82183 1
6 93 1 0.389303 1
6 94 1 -2.6724 1
6 95 1 0.112177 1
7 64 1 0.874941 1
7 65 1 -0.323557 1
7 66 1 -0.203227 1
7 67 1 -0.0767827 1
7 68 1 -2.61733 1
7 69 1 -0.14631 1
7 70 1 1.50269 1
7 71 1 1.06371 1
7 72 1 0.868295 1
7 73 1 0.0967725 1
7 74 1 0.744893 1
7 75 1 -1.69582 1
7 76 1 2.20193 1
7 77 1 -0.199615 1
7 78 1 1.81878 1
7 79 1 1.26768 1
7 80 1 -1.07359 1
7 81 1 -1.02916 1
7 82 1 -3.23477 1
7 83 1 0.210939 0
7 84 1 -0.849606 1
7 85 1 2.2638 1
7 86 1 3.42013 1
7 87 1 -0.286571 1
7 88 1 -2.04966 1
7 89 1 -0.94966 1
7 90 1 1.25522 1
7 91 1 -1.26512 1
7 92 1 -0.373433 1
7 93 1 -0.209707 1
7 94 1 1.50871 1
7 95 1 2.6244 1
7 100 1 -1.38994 1
100 83 1 -1.3745 1
100 24 1 -0.889128 0
100 106 1 2.39864 1
106 24 1 -2.03181 1
8 64 1 2.02722 1
8 65 1 -2.03317 1
8 66 1 -0.364477 1
8 67 1 0.458785 1
8 68 1 0.085471 1
8 69 1 0.331512 1
8 70 1 -0.871101 1
8 71 1 0.704517 1
8 72 1 0.0724287 1
8 73 1 1.13718 1
8 74 1 0.423405 1
8 75 1 -2.93429 1
8 76 1 -0.319136 1
8 77 1 1.41794 1
8 78 1 -0.571451 1
8 79 1 -0.529411 1
8 80 1 0.358328 1
8 81 1 -1.03726 1
8 82 1 0.703443 1
8 83 1 -1.79806 1
8 84 1 3.38558 1
8 85 1 2.83246 1
8 86 1 4.03579 1
8 87 1 0.428458 1
8 88 1 -0.943027 1
8 89 1 3.84039 1
8 90 1 0.826487 1
8 91 1 0.276058 1
8 92 1 2.40487 1
8 93 1 2.32555 1
8 94 1 2.18289 1
8 95 1 0.175207 1
9 64 1 1.26286 1
9 65 1 -0.500775 1
9 66 1 2.05601 1
9 67 1 0.569522 1
9 68 1 -0.217861 1
9 69 1 -0.954838 1
9 70 1 -3.77826 1
9 71 1 -1.18214 1
9 72 1 -0.0182639 1
9 73 1 -0.46476 1
9 74 1 -0.302399 1
9 75 1 -1.461 1
9 76 1 1.63775 1
9 77 1 -0.23311 1
9 78 1 -0.0324906 1
9 79 1 1.68975 1
9 80 1 0.0154949 1
9 81 1 -0.100961 1
9 82 1 -1.50857 1
9 83 1 1.17936 1
9 84 1 3.57143 1
9 85 1 3.76256 1
9 86 1 -2.11884 1
9 87 1 2.02632 1
9 88 1 -0.328165 1
9 89 1 3.45157 1
9 90 1 -0.556472 1
9 91 1 -0.74135 1
9 92 1 -0.93904 1
9 93 1 -1.03445 1
9 94 1 -2.26895 1
9 95 1 0.448322 1
10 64 1 0.140631 1
10 65 1 1.22011 1
10 66 1 0.916509 1
10 67 1 -0.243725 1
10 68 1 2.55232 1
10 69 1 -0.323934 1
10 70 1 0.349397 1
10 71 1 -2.55187 1
10 72 1 2.10358 1
10 73 1 1.1841 1
10 74 1 -1.02066 1
10 75 1 0.164663 1
10 76 1 -0.59797 1
10 77 1 1.59321 1
10 78 1 -2.63328 1
10 79 1 -1.56244 1
10 80 1 1.67262 1
10 81 1 1.00152 1
10 82 1 -0.5238 1
10 83 1 1.13432 1
10 84 1 1.04968 1
10 85 1 2.19897 1
10 86 1 -0.37001 1
10 87 1 1.91672 1
10 88 1 1.92199 1
10 89 1 0.303816 1
10 90 1 0.146686 1
10 91 1 1.02178 1
10 92 1 3.61464 1
10 93 1 -1.45788 1
10 94 1 3.08047 1
10 95 1 3.16596 1
11 64 1 2.97796 1
11 65 1 0.186114 1
11 66 1 0.896396 1
11 67 1 -3.48472 1
11 68 1 3.07513 1
11 69 1 -0.423717 1
11 70 1 1.01931 1
11 71 1 0.0570139 1
11 72 1 1.14836 1
11 73 1 1.09808 1
11 74 1 -0.339159 1
11 75 1 -1.6553 1
11 76 1 -1.56105 1
11 77 1 0.564917 1
11 78 1 -1.92558 1
11 79 1 -1.18509 1
11 80 1 1.14637 1
11 81 1 1.32174 1
11 82 1 2.1616 1
11 83 1 -0.151842 1
11 84 1 3.05727 1
11 85 1 -1.40392 1
11 86 1 -0.870596 1
11 87 1 -0.704964 1
11 88 1 -2.15142 1
11 89 1 -1.28378 1
11 90 1 0.255712 1
11 91 1 0.209129 1
11 92 1 -1.30947 1
11 93 1 2.65723 1
11 94 1 0.90666 1
11 95 1 -0.308877 1
12 64 1 -2.36075 1
12 65 1 1.69779 1
12 66 1 -0.114024 1
12 67 1 -1.88348 1
12 68 1 0.101347 1
12 69 1 0.993612 1
12 70 1 1.44576 1
12 71 1 1.04759 1
12 72 1 -0.808289 1
12 73 1 -0.0440234 1
12 74 1 -0.103815 1
12 75 1 -1.32755 1
12 76 1 0.137398 1
12 77 1 2.14722 1
12 78 1 -0.624229 1
12 79 1 -1.89479 1
12 80 1 -2.27669 1
12 81 1 -0.715535 1
12 82 1 1.11691 1
12 83 1 -0.47807 1
12 84 1 -1.14017 1
12 85 1 0.430349 1
12 86 1 -0.340745 1
12 87 1 1.28395 1
12 88 1 0.109261 1
12 89 1 1.39723 1
12 90 1 0.90818 1
12 91 1 -2.19236 1
12 92 1 -0.116967 1
12 93 1 -2.55538 1
12 94 1 -0.616068 1
12 95 1 0.329425 1
13 64 1 -2.22213 1
13 65 1 -2.34686 1
13 66 1 -0.342011 1
13 67 1 -0.757357 1
13 68 1 1.74359 1
13 69 1 -2.30939 1
13 70 1 1.11303 1
13 71 1 3.29761 1
13 72 1 -0.432282 1
13 73 1 -2.24389 1
13 74 1 -0.573922 1
13 75 1 0.101704 1
13 76 1 0.118293 1
13 77 1 -0.682129 1
13 78 1 0.189491 1
13 79 1 -0.944758 1
13 80 1 0.521776 1
13 81 1 0.0682975 1
13 82 1 1.34407 1
13 83 1 -0.745771 1
13 84 1 -0.365634 1
13 85 1 0.435192 1
13 86 1 4.63121 1
13 87 1 3.04856 1
13 88 1 -0.0620296 1
13 89 1 -0.756899 1
13 90 1 -3.19334 1
13 91 1 -1.35748 1
13 92 1 -2.40874 1
13 93 1 -2.06363 1
13 94 1 -0.290935 1
13 95 1 -1.65601 1
14 64 1 -2.87304 1
14 65 1 1.91864 1
14 66 1 0.606763 1
14 67 1 -2.05549 1
14 68 1 -1.03427 1
14 69 1 2.84642 1
14 70 1 0.407463 1
14 71 1 2.30541 1
14 72 1 -0.719754 1
14 73 1 -1.3937 1
14 74 1 2.7131 1
14 75 1 -0.701054 1
14 76 1 0.192925 1
14 77 1 -0.400157 1
14 78 1 -1.38777 1
14 79 1 2.10576 1
14 80 1 1.64457 1
14 81 1 1.62485 1
14 82 1 2.11289 1
14 83 1 -1.70552 1
14 84 1 -0.057364 1
14 85 1 -1.14627 1
14 86 1 3.12388 1
14 87 1 0.036452 1
14 88 1 -1.45699 1
14 89 1 -1.20682 1
14 90 1 1.87137 1
14 91 1 4.12641 1
14 92 1 0.415383 1
14 93 1 2.28334 1
14 94 1 2.99053 1
14 95 1 -0.903191 1
14 104 1 0.175348 1
15 64 1 -0.655801 1
15 65 1 -1.01458 1
15 66 1 -1.00113 1
15 67 1 -0.0536531 1
15 68 1 0.00333762 1
15 69 1 1.34371 1
15 70 1 2.49269 1
15 71 1 -0.984052 1
15 72 1 -3.88491 1
15 73 1 0.165538 1
15 74 1 -1.69656 1
15 75 1 -1.87216 1
15 76 1 -1.01845 1
15 77 1 2.26615 1
15 78 1 -1.48804 1
15 79 1 -0.5347 1
15 80 1 0.364867 1
15 81 1 2.58274 1
15 82 1 -2.39506 1
15 83 1 0.260399 1
15 84 1 0.944886 1
15 85 1 -0.574052 1
15 86 1 0.103415 1
15 87 1 -2.18678 1
15 88 1 0.772371 1
15 89 1 0.00981014 1
15 90 1 0.114872 1
15 91 1 -0.461441 1
15 92 1 -0.222913 1
15 93 1 1.05067 1
15 94 1 1.9825 1
15 95 1 2.0815 1
16 64 1 1.42738 1
16 65 1 -1.71055 1
16 66 1 -4.05054 1
16 67 1 -0.580851 1
16 68 1 2.85503 1
16 69 1 1.03437 1
16 70 1 2.55217 1
16 71 1 1.27053 1
16 72 1 -1.77207 1
16 73 1 -0.547111 1
16 74 1 1.45088 1
16 75 1 -1.29208 1
16 76 1 -2.16283 1
16 77 1 1.27866 1
16 78 1 -0.140432 1
16 79 1 -1.51748 1
16 80 1 -3.04298 1
16 81 1 2.05577 1
16 82 1 -2.35104 1
16 83 1 -0.605624 1
16 84 1 0.267067 1
16 85 1 0.262209 1
16 86 1 -2.30065 1
16 87 1 -0.0853049 1
16 88 1 0.271394 1
16 89 1 1.0713 1
16 90 1 -0.148609 1
16 91 1 1.59771 1
16 92 1 2.71251 1
16 93 1 -0.405903 1
16 94 1 0.291337 1
16 95 1 -1.72095 1
17 64 1 -3.99942 1
17 65 1 -2.06702 1
17 66 1 -1.59049 1
17 67 1 1.34586 1
17 68 1 -0.35763 1
17 69 1 -0.396001 1
17 70 1 2.10993 1
17 71 1 2.49421 1
17 72 1 -5.04512 1
17 73 1 2.10391 1
17 74 1 0.739307 1
17 75 1 -0.200708 1
17 76 1 -4.39345 1
17 77 1 0.653002 1
17 78 1 1.77794 1
17 79 1 -2.74955 1
17 80 1 2.48443 1
17 81 1 1.59682 1
17 82 1 -2.08721 1
17 83 1 0.184436 1
17 84 1 -2.17205 1
17 85 1 -0.1197 1
17 86 1 1.87692 1
17 87 1 2.74304 1
17 88 1 -2.21297 1
17 89 1 -0.192792 1
17 90 1 -3.1836 1
17 91 1 1.29669 1
17 92 1 0.331975 1
17 93 1 0.238376 1
17 94 1 2.84835 1
17 95 1 -0.685521 1
18 64 1 0.752392 1
18 65 1 1.23555 1
18 66 1 0.188893 1
18 67 1 -0.0417191 1
18 68 1 1.25589 1
18 69 1 -0.0439851 1
18 70 1 0.482135 1
18 71 1 -0.203007 1
18 72 1 1.90285 1
18 73 1 -0.753226 1
18 74 1 1.15763 1
18 75 1 0.345275 1
18 76 1 1.00354 1
18 77 1 2.1727 1
18 78 1 1.6748 1
18 79 1 -0.374328 1
18 80 1 0.25968 1
18 81 1 3.17283 1
18 82 1 -1.55211 1
18 83 1 -0.207343 1
18 84 1 -1.18956 1
18 85 1 -2.02874 1
18 86 1 1.7868 1
18 87 1 0.73432 1
18 88 1 2.15895 1
18 89 1 -0.0295453 1
18 90 1 -0.73241 1
18 91 1 -0.366764 1
18 92 1 -0.419187 1
18 93 1 0.799839 1
18 94 1 -0.965975 1
18 95 1 -1.05391 1
18 25 1 -1.31963 1
19 64 1 -0.574408 1
19 65 1 -0.800521 1
19 66 1 2.01771 1
19 67 1 -1.53639 1
19 68 1 -2.37381 1
19 69 1 0.262086 1
19 70 1 -1.61326 1
19 71 1 0.0967928 1
19 72 1 3.23781 1
19 73 1 0.255976 1
19 74 1 -0.913313 1
19 75 1 0.234348 1
19 76 1 -1.25646 1
19 77 1 -0.355544 1
19 78 1 -1.17285 1
19 79 1 1.36666 1
19 80 1 0.013996 1
19 81 1 -2.62922 1
19 82 1 0.610305 1
19 83 1 -2.02485 1
19 84 1 0.900191 1
19 85 1 0.356797 1
19 86 1 -0.370298 1
19 87 1 2.30958 1
19 88 1 2.10552 1
19 89 1 3.9637 1
19 90 1 -1.17031 1
19 91 1 -0.29652 1
19 92 1 1.39296 1
19 93 1 -3.37184 1
19 94 1 -2.84198 1
19 95 1 -3.56599 1
20 64 1 1.45216 1
20 65 1 0.451593 1
20 66 1 -0.177994 1
20 67 1 1.01466 1
20 68 1 0.319985 1
20 69 1 -1.00731 1
20 70 1 -1.45103 1
20 71 1 -0.23467 1
20 72 1 1.52256 1
20 73 1 -1.05788 1
20 74 1 1.24786 1
20 75 1 1.31463 1
20 76 1 -0.681596 1
20 77 1 -0.416115 1
20 78 1 1.85499 1
20 79 1 1.37818 1
20 80 1 -0.187843 1
20 81 1 0.0264505 1
20 82 1 1.75754 1
20 83 1 2.41487 1
20 84 1 0.209282 1
20 85 1 0.211063 1
20 86 1 0.921877 1
20 87 1 -0.589911 1
20 88 1 1.1453 1
20 89 1 1.52446 1
20 90 1 0.942755 1
20 91 1 0.327571 0
20 92 1 -1.51414 1
20 93 1 2.08258 0
20 94 1 0.0807627 0
20 95 1 -1.22037 1
20 96 1 -0.678346 1
20 98 1 -0.351889 1
20 103 1 2.06032 1
103 91 1 -0.482907 0
103 105 1 1.51127 1
103 112 1 0.515602 1
105 91 1 -0.200702 1
98 93 1 -0.574446 1
98 99 1 -0.0340225 1
96 94 1 0.299112 1
21 64 1 -0.730194 1
21 65 1 1.7066 1
21 66 1 -2.22633 1
21 67 1 -2.12148 1
21 68 1 -0.565357 1
21 69 1 2.07949 1
21 70 1 -0.619573 1
21 71 1 -1.76499 1
21 72 1 -2.26381 1
21 73 1 -0.224852 1
21 74 1 -1.34952 1
21 75 1 -0.629832 1
21 76 1 -0.71033 1
21 77 1 0.808285 1
21 78 1 -2.58746 1
21 79 1 -1.89307 1
21 80 1 0.358724 1
21 81 1 -0.0900096 1
21 82 1 -0.953717 1
21 83 1 -0.832251 1
21 84 1 4.82717 1
21 85 1 -0.557938 1
21 86 1 1.64778 1
21 87 1 0.112485 1
21 88 1 2.43695 1
21 89 1 2.8295 1
21 90 1 1.76859 1
21 91 1 -1.05024 1
21 92 1 0.0128549 1
21 93 1 -0.354243 1
21 94 1 -0.125225 1
21 95 1 -0.411222 1
22 64 1 0.376615 1
22 65 1 1.92647 1
22 66 1 1.3373 1
22 67 1 1.22133 1
22 68 1 -1.34349 1
22 69 1 -1.01604 1
22 70 1 -0.631073 1
22 71 1 0.93473 1
22 72 1 -1.30513 1
22 73 1 -1.26299 1
22 74 1 -0.991588 1
22 75 1 0.392861 1
22 76 1 1.12764 1
22 77 1 0.113418 1
22 78 1 1.32405 1
22 79 1 1.68796 1
22 80 1 -1.98039 1
22 81 1 -2.4968 1
22 82 1 0.538326 1
22 83 1 0.194634 1
22 84 1 -1.22936 1
22 85 1 -0.340846 1
22 86 1 0.367764 1
22 87 1 1.58144 1
22 88 1 -0.337836 1
22 89 1 0.349781 1
22 90 1 1.92734 1
22 91 1 1.01177 1
22 92 1 0.114824 1
22 93 1 1.45313 1
22 94 1 1.61952 1
22 95 1 3.77743 1
23 64 1 -0.563534 1
23 65 1 1.24903 1
23 66 1 0.110793 1
23 67 1 -0.417011 1
23 68 1 -2.14271 1
23 69 1 0.321396 1
23 70 1 1.65764 1
23 71 1 -2.71679 1
23 72 1 0.789506 1
23 73 1 -0.75006 1
23 74 1 2.38083 1
23 75 1 0.189575 1
23 76 1 0.112759 1
23 77 1 2.06041 1
23 78 1 0.995052 1
23 79 1 -2.92175 1
23 80 1 0.235279 1
23 81 1 -0.239244 1
23 82 1 -1.24904 1
23 83 1 0.695897 1
23 84 1 2.21894 1
23 85 1 -0.666066 1
23 86 1 -5.26082 1
23 87 1 0.739503 1
23 88 1 0.701959 1
23 89 1 -0.838039 1
23 90 1 -1.89129 1
23 91 1 0.488231 1
23 92 1 -1.16485 1
23 93 1 1.06534 1
23 94 1 -0.306987 1
23 95 1 -2.06086 1
23 107 1 0.798093 1
24 64 1 -2.77751 1
24 65 1 -0.506131 1
24 66 1 -0.0705961 1
24 67 1 3.0377 1
24 68 1 -2.02805 1
24 69 1 0.739696 1
24 70 1 -0.609675 1
24 71 1 3.21589 1
24 72 1 0.21894 1
24 73 1 0.913127 1
24 74 1 -0.817207 1
24 75 1 0.352894 1
24 76 1 2.83857 1
24 77 1 -2.17195 1
24 78 1 -2.19697 1
24 79 1 0.964231 1
24 80 1 -0.0522089 1
24 81 1 -0.0584334 1
24 82 1 2.84835 1
24 83 1 -2.63085 1
24 84 1 -1.51122 1
24 85 1 -0.500947 1
24 86 1 -2.28999 1
24 87 1 2.52879 1
24 88 1 -0.962981 1
24 89 1 0.848775 1
24 90 1 1.78036 1
24 91 1 -1.33547 1
24 92 1 0.738761 1
24 93 1 0.523537 1
24 94 1 0.407273 1
24 95 1 1.58897 1
24 5 1 3.593 1
25 64 1 -0.967063 1
25 65 1 1.0328 1
25 66 1 -0.620201 1
25 67 1 0.448921 1
25 68 1 4.55566 1
25 69 1 -3.79973 1
25 70 1 3.07506 1
25 71 1 -3.07153 1
25 72 1 0.371423 1
25 73 1 -0.902834 1
25 74 1 0.661152 1
25 75 1 -0.75409 1
25 76 1 2.57833 1
25 77 1 0.848614 1
25 78 1 0.431044 1
25 79 1 -2.44603 1
25 80 1 1.60138 1
25 81 1 -0.639946 1
25 82 1 -1.03502 1
25 83 1 0.318507 1
25 84 1 -1.88312 1
25 85 1 -2.65468 1
25 86 1 1.2699 1
25 87 1 -0.214611 1
25 88 1 0.302159 1
25 89 1 1.23836 1
25 90 1 -2.62616 1
25 91 1 -0.761527 1
25 92 1 0.38134 1
25 93 1 0.678998 1
25 94 1 1.14381 1
25 95 1 -2.02745 1
25 8 1 0.977894 1
25 6 1 0.718476 1
26 64 1 -1.14895 1
26 65 1 0.550001 1
26 66 1 -0.4022 1
26 67 1 1.99689 1
26 68 1 1.67934 1
26 69 1 2.39032 1
26 70 1 -0.714182 1
26 71 1 -0.179388 1
26 72 1 -1.66569 1
26 73 1 0.286013 1
26 74 1 0.0286348 1
26 75 1 1.81004 1
26 76 1 -0.290925 1
26 77 1 -2.78677 1
26 78 1 0.757184 1
26 79 1 -2.39752 1
26 80 1 0.208942 1
26 81 1 2.23984 1
26 82 1 0.75986 1
26 83 1 2.22014 1
26 84 1 -3.18458 1
26 85 1 -0.502771 1
26 86 1 -2.0966 1
26 87 1 1.63537 1
26 88 1 -0.550945 1
26 89 1 -0.629879 1
26 90 1 -2.49339 1
26 91 1 -3.38554 1
26 92 1 -2.12606 1
26 93 1 -1.35193 1
26 94 1 0.567106 1
26 95 1 -0.393491 1
26 23 1 2.61122 1
27 64 1 -4.37156 1
27 65 1 2.10553 1
27 66 1 0.181235 1
27 67 1 0.215183 1
27 68 1 -1.10815 1
27 69 1 -0.324296 1
27 70 1 2.39067 1
27 71 1 -3.45576 1
27 72 1 -1.33255 1
27 73 1 1.44305 1
27 74 1 -0.292257 1
27 75 1 1.75938 1
27 76 1 -1.46796 1
27 77 1 -0.381511 1
27 78 1 2.3976 1
27 79 1 1.19862 1
27 80 1 0.139152 1
27 81 1 -0.409542 1
27 82 1 -0.854526 1
27 83 1 -0.694596 1
27 84 1 1.74084 1
27 85 1 -0.482258 1
27 86 1 -0.530079 1
27 87 1 1.95783 1
27 88 1 -2.32595 1
27 89 1 -1.06845 1
27 90 1 0.683659 1
27 91 1 0.55723 1
27 92 1 -2.39181 1
27 93 1 -1.13934 1
27 94 1 1.4895 1
27 95 1 0.156783 1
27 9 1 2.60595 1
28 64 1 0.480599 1
28 65 1 0.0233018 1
28 66 1 -0.045767 1
28 67 1 1.53185 1
28 68 1 0.299057 1
28 69 1 3.37082 1
28 70 1 -0.858339 1
28 71 1 -1.31201 1
28 72 1 -1.96613 1
28 73 1 -0.0113053 1
28 74 1 0.885321 1
28 75 1 -0.394885 1
28 76 1 1.36086 1
28 77 1 -0.666368 1
28 78 1 0.840405 1
28 79 1 1.99489 1
28 80 1 4.83681 1
28 81 1 -1.7385 1
28 82 1 2.12765 1
28 83 1 0.42379 1
28 84 1 -0.715018 1
28 85 1 -4.11052 1
28 86 1 -2.1604 1
28 87 1 -1.43292 1
28 88 1 -2.8094 1
28 89 1 -1.00157 1
28 90 1 -1.95732 1
28 91 1 -0.783105 1
28 92 1 1.00868 1
28 93 1 -1.65347 1
28 94 1 1.80118 1
28 95 1 -2.03579 1
29 64 1 -0.386185 1
29 65 1 -0.0249146 1
29 66 1 1.1313 1
29 67 1 1.48885 1
29 68 1 -1.11638 1
29 69 1 1.19847 1
29 70 1 0.495587 1
29 71 1 -0.352555 1
29 72 1 0.510244 1
29 73 1 1.46343 1
29 74 1 0.0222901 1
29 75 1 2.0585 1
29 76 1 0.117428 1
29 77 1 0.528903 1
29 78 1 -3.83071 1
29 79 1 -0.336663 1
29 80 1 -0.13031 1
29 81 1 0.709578 1
29 82 1 -1.51625 1
29 83 1 -1.03232 1
29 84 1 0.400445 1
29 85 1 0.912756 1
29 86 1 0.109145 1
29 87 1 -3.88466 1
29 88 1 -0.445668 1
29 89 1 1.06568 1
29 90 1 -2.80876 1
29 91 1 1.94997 1
29 92 1 -0.189215 1
29 93 1 1.44085 1
29 94 1 -0.248755 1
29 95 1 -1.1336 1
30 64 1 1.113 1
30 65 1 1.83433 1
30 66 1 -1.00904 1
30 67 1 0.377955 1
30 68 1 1.39004 1
30 69 1 0.148803 1
30 70 1 -0.326834 1
30 71 1 0.660511 1
30 72 1 -1.29454 1
30 73 1 4.63482 1
30 74 1 0.978799 1
30 75 1 1.54299 1
30 76 1 -0.812462 1
30 77 1 -1.60717 1
30 78 1 -0.539608 1
30 79 1 0.807003 1
30 80 1 1.20752 1
30 81 1 -1.50497 1
30 82 1 1.59899 1
30 83 1 4.33727 1
30 84 1 1.63303 1
30 85 1 -1.74485 1
30 86 1 -0.988016 1
30 87 1 -4.3634 1
30 88 1 0.700039 1
30 89 1 -1.03841 1
30 90 1 1.19491 1
30 91 1 3.21472 1
30 92 1 1.55594 1
30 93 1 0.686697 1
30 94 1 2.79435 1
30 95 1 0.72555 1
31 64 1 1.18346 1
31 65 1 0.577513 1
31 66 1 -1.78411 1
31 67 1 4.89052 1
31 68 1 3.58649 1
31 69 1 0.73345 1
31 70 1 -1.05566 1
31 71 1 1.37354 1
31 72 1 -2.78645 1
31 73 1 -2.03061 1
31 74 1 -0.0808793 1
31 75 1 -0.848875 1
31 76 1 -0.95041 1
31 77 1 -1.42105 1
31 78 1 -0.771376 1
31 79 1 0.996512 1
31 80 1 -0.314137 1
31 81 1 0.244498 1
31 82 1 2.21177 1
31 83 1 -0.567134 1
31 84 1 -1.99188 1
31 85 1 -0.493998 1
31 86 1 1.67526 1
31 87 1 0.671177 1
31 88 1 1.10454 1
31 89 1 -0.138974 1
31 90 1 1.19312 1
31 91 1 1.32513 1
31 92 1 -2.06999 1
31 93 1 1.78011 1
31 94 1 0.419672 1
31 95 1 -0.120991 1
32 64 1 2.12879 1
32 65 1 0.565467 1
32 66 1 -2.04449 1
32 67 1 1.72767 1
32 68 1 1.07018 1
32 69 1 3.81257 1
32 70 1 0.459059 1
32 71 1 1.09981 1
32 72 1 -3.66143 1
32 73 1 -0.503667 1
32 74 1 -0.741375 1
32 75 1 1.72362 1
32 76 1 -1.53872 1
32 77 1 -1.96724 1
32 78 1 -2.01243 1
32 79 1 2.14443 1
32 80 1 0.353228 1
32 81 1 -3.50019 1
32 82 1 -0.267565 1
32 83 1 -0.130936 1
32 84 1 -0.634144 1
32 85 1 -1.38292 1
32 86 1 -0.48927 1
32 87 1 1.21305 1
32 88 1 -1.26101 1
32 89 1 -1.58516 1
32 90 1 -0.144225 1
32 91 1 -1.15927 1
32 92 1 2.01431 1
32 93 1 -2.65108 1
32 94 1 2.02056 1
32 95 1 -1.03971 1
33 64 1 0.445433 1
33 65 1 -4.00362 1
33 66 1 0.202162 1
33 67 1 -0.667681 1
33 68 1 -1.22921 1
33 69 1 -1.84874 1
33 70 1 3.61967 1
33 71 1 1.38776 1
33 72 1 -0.257563 1
33 73 1 1.21857 1
33 74 1 1.80119 1
33 75 1 -0.977961 1
33 76 1 0.999518 1
33 77 1 3.86445 1
33 78 1 -2.46096 1
33 79 1 -0.604502 1
33 80 1 1.91956 1
33 81 1 -0.948896 1
33 82 1 -1.07021 1
33 83 1 -0.260302 1
33 84 1 1.74947 1
33 85 1 1.14376 1
33 86 1 -0.159893 1
33 87 1 1.19106 1
33 88 1 1.36438 1
33 89 1 2.05627 1
33 90 1 -1.28386 1
33 91 1 1.28099 1
33 92 1 1.32542 1
33 93 1 2.26352 1
33 94 1 0.991418 1
33 95 1 -0.0491154 1
34 64 1 1.19415 1
34 65 1 -0.40888 1
34 66 1 -0.298164 1
34 67 1 1.80239 1
34 68 1 2.41801 1
34 69 1 0.80403 1
34 70 1 -2.1219 1
34 71 1 0.185163 1
34 72 1 0.319897 1
34 73 1 0.22587 1
34 74 1 0.827973 1
34 75 1 3.22233 1
34 76 1 -1.55572 1
34 77 1 1.83489 1
34 78 1 0.909614 1
34 79 1 1.96485 1
34 80 1 0.215375 1
34 81 1 0.521423 1
34 82 1 -0.532176 1
34 83 1 1.65408 1
34 84 1 -0.00880934 1
34 85 1 0.175786 1
34 86 1 1.23556 1
34 87 1 -1.14985 1
34 88 1 1.28005 1
34 89 1 -0.781338 1
34 90 1 -1.46614 1
34 91 1 1.20411 1
34 92 1 -1.88428 1
34 93 1 -3.77075 1
34 94 1 1.57147 1
34 95 1 0.110068 1
35 64 1 -1.51644 1
35 65 1 0.815721 1
35 66 1 0.756655 1
35 67 1 -0.185638 1
35 68 1 0.367718 1
35 69 1 2.60017 1
35 70 1 1.52703 1
35 71 1 0.795887 1
35 72 1 -0.719262 1
35 73 1 1.80197 1
35 74 1 1.97284 1
35 75 1 -1.32267 1
35 76 1 -0.979025 1
35 77 1 1.6177 1
35 78 1 -2.81255 1
35 79 1 -2.77811 1
35 80 1 -5.22677 1
35 81 1 0.854932 1
35 82 1 3.18063 1
35 83 1 -0.349638 1
35 84 1 1.55581 1
35 85 1 -2.4266 1
35 86 1 -1.08298 1
35 87 1 -1.09355 1
35 88 1 -0.0598413 1
35 89 1 1.31927 1
35 90 1 -1.64319 1
35 91 1 -3.14403 1
35 92 1 0.205402 1
35 93 1 1.05264 1
35 94 1 -0.896539 1
35 95 1 -0.184079 1
36 64 1 -0.742078 1
36 65 1 1.21851 1
36 66 1 -0.704813 1
36 67 1 0.191034 1
36 68 1 -0.0808758 1
36 69 1 0.127959 1
36 70 1 0.270838 1
36 71 1 2.58051 1
36 72 1 -0.692679 1
36 73 1 0.37448 1
36 74 1 2.6805 1
36 75 1 -0.0944669 1
36 76 1 0.608863 1
36 77 1 -1.07523 1
36 78 1 1.17993 1
36 79 1 2.3296 1
36 80 1 0.211088 1
36 81 1 0.750016 1
36 82 1 0.4027 0
36 83 1 -1.94197 1
36 84 1 1.68421 1
36 85 1 -2.5312 1
36 86 1 0.146 1
36 87 1 -2.32532 1
36 88 1 1.66509 1
36 89 1 -0.713603 1
36 90 1 -1.27626 1
36 91 1 -0.799557 1
36 92 1 3.19997 1
36 93 1 0.210579 1
36 94 1 -2.95185 1
36 95 1 3.27093 1
36 109 1 1.12226 1
36 24 1 -1.03724 1
109 82 1 0.596422 1
37 64 1 -2.70167 1
37 65 1 -1.45766 1
37 66 1 -2.28215 1
37 67 1 -3.97797 1
37 68 1 -0.980797 1
37 69 1 1.94301 1
37 70 1 -1.72003 1
37 71 1 -1.90399 1
37 72 1 0.708968 1
37 73 1 0.174316 1
37 74 1 -0.966289 1
37 75 1 -1.1344 1
37 76 1 1.58426 1
37 77 1 1.08151 1
37 78 1 0.694032 1
37 79 1 -0.122904 1
37 80 1 1.80937 1
37 81 1 1.62202 1
37 82 1 5.00252 1
37 83 1 -0.443332 1
37 84 1 -3.02012 1
37 85 1 0.94489 1
37 86 1 -1.61224 1
37 87 1 -0.766207 1
37 88 1 -2.33318 1
37 89 1 1.4495 1
37 90 1 -1.2096 1
37 91 1 -1.86514 1
37 92 1 1.0378 1
37 93 1 -1.06649 1
37 94 1 -0.878602 1
37 95 1 0.556356 1
38 64 1 0.683459 1
38 65 1 -2.6871 1
38 66 1 -1.43121 1
38 67 1 -0.369603 1
38 68 1 1.85932 1
38 69 1 -0.518706 1
38 70 1 1.1941 1
38 71 1 1.4976 1
38 72 1 -0.0452717 1
38 73 1 -0.272436 1
38 74 1 0.548982 1
38 75 1 1.31722 1
38 76 1 2.04738 1
38 77 1 -1.904 1
38 78 1 -1.41423 1
38 79 1 -0.662094 1
38 80 1 -1.8212 1
38 81 1 0.372533 1
38 82 1 -1.47394 1
38 83 1 -0.650678 1
38 84 1 -1.37874 1
38 85 1 -1.15094 1
38 86 1 -1.50627 1
38 87 1 -0.57506 1
38 88 1 1.9189 1
38 89 1 2.49693 1
38 90 1 -2.73747 1
38 91 1 2.46469 1
38 92 1 0.470333 1
38 93 1 0.637095 1
38 94 1 -0.477118 1
38 95 1 -1.56531 1
39 64 1 0.133238 1
39 65 1 -0.58766 1
39 66 1 0.255969 1
39 67 1 -2.47367 1
39 68 1 -1.19245 1
39 69 1 1.12659 1
39 70 1 -1.92958 1
39 71 1 0.510848 1
39 72 1 -0.0115807 1
39 73 1 0.144808 1
39 74 1 2.47691 1
39 75 1 0.727512 0
39 76 1 -0.112712 1
39 77 1 -1.34021 1
39 78 1 0.314134 1
39 79 1 -0.615518 1
39 80 1 0.0820704 1
39 81 1 -1.65038 1
39 82 1 0.202318 1
39 83 1 0.276683 1
39 84 1 1.68496 1
39 85 1 0.415725 1
39 86 1 -0.47652 1
39 87 1 0.613239 1
39 88 1 -1.1414 1
39 89 1 0.189887 1
39 90 1 2.49859 1
39 91 1 -2.67194 1
39 92 1 2.89076 1
39 93 1 -0.61944 1
39 94 1 -0.467863 1
39 95 1 1.08693 1
39 2 1 -2.61072 1
39 112 1 1.24807 1
112 75 1 0.000695758 1
40 64 1 -5.3494 1
40 65 1 0.999836 1
40 66 1 -0.195442 1
40 67 1 0.62094 1
40 68 1 2.99564 1
40 69 1 -1.56981 1
40 70 1 -1.98969 1
40 71 1 1.25483 1
40 72 1 2.89864 1
40 73 1 0.810695 1
40 74 1 -0.833721 1
40 75 1 -0.697092 1
40 76 1 -0.0518177 1
40 77 1 0.91573 1
40 78 1 2.32223 1
40 79 1 -2.16974 1
40 80 1 0.0468015 1
40 81 1 -0.685098 1
40 82 1 0.326057 1
40 83 1 -1.52123 1
40 84 1 -0.0250507 1
40 85 1 2.93233 1
40 86 1 0.580191 1
40 87 1 0.732899 1
40 88 1 -1.83031 1
40 89 1 0.0203533 1
40 90 1 1.37831 1
40 91 1 -0.976287 1
40 92 1 0.336173 1
40 93 1 2.01735 1
40 94 1 -1.47864 1
40 95 1 0.523657 1
41 64 1 3.75623 1
41 65 1 -0.8962 1
41 66 1 0.464767 1
41 67 1 -2.19612 1
41 68 1 -1.20262 1
41 69 1 0.310592 1
41 70 1 0.615573 1
41 71 1 0.969232 1
41 72 1 3.43707 1
41 73 1 -2.47822 1
41 74 1 -1.43083 1
41 75 1 0.255824 1
41 76 1 1.52453 1
41 77 1 -1.24168 1
41 78 1 -0.649071 1
41 79 1 -3.09327 1
41 80 1 2.61938 1
41 81 1 0.827297 1
41 82 1 0.456725 1
41 83 1 1.51013 1
41 84 1 0.112053 1
41 85 1 -0.750624 1
41 86 1 0.0123835 1
41 87 1 -0.294748 1
41 88 1 4.26877 1
41 89 1 -0.601932 1
41 90 1 -0.661928 1
41 91 1 -1.21515 1
41 92 1 0.484904 1
41 93 1 0.361731 1
41 94 1 -0.19055 1
41 95 1 -2.43259 1
41 11 1 0.537518 1
42 64 1 0.426518 1
42 65 1 -0.230812 1
42 66 1 0.81221 1
42 67 1 0.0654505 1
42 68 1 1.32048 1
42 69 1 -1.03446 1
42 70 1 -1.60681 1
42 71 1 0.61115 1
42 72 1 -3.68623 1
42 73 1 -2.04215 1
42 74 1 0.682829 1
42 75 1 1.13917 1
42 76 1 -0.0693018 1
42 77 1 0.456359 1
42 78 1 -1.68759 1
42 79 1 -0.614313 1
42 80 1 -0.773169 1
42 81 1 0.262098 1
42 82 1 0.861918 1
42 83 1 1.80204 1
42 84 1 2.14689 1
42 85 1 0.276384 1
42 86 1 -1.00548 1
42 87 1 -2.1428 1
42 88 1 0.914099 1
42 89 1 -0.478901 1
42 90 1 0.0466253 1
42 91 1 1.42866 1
42 92 1 -1.66424 1
42 93 1 0.789196 1
42 94 1 -0.549989 1
42 95 1 -1.11401 1
43 64 1 -0.897724 1
43 65 1 -1.13838 1
43 66 1 0.88269 1
43 67 1 0.767458 1
43 68 1 -1.75982 1
43 69 1 -3.31112 1
43 70 1 -0.120445 1
43 71 1 -3.08236 1
43 72 1 -1.45847 1
43 73 1 -2.00291 1
43 74 1 1.55214 1
43 75 1 -1.15653 1
43 76 1 2.26477 1
43 77 1 0.231374 1
43 78 1 1.08687 1
43 79 1 -0.658499 1
43 80 1 -1.11984 1
43 81 1 0.486729 1
43 82 1 0.481526 1
43 83 1 -0.471024 1
43 84 1 1.242 1
43 85 1 1.46803 1
43 86 1 -1.31885 1
43 87 1 2.80785 1
43 88 1 -1.57873 1
43 89 1 2.54147 1
43 90 1 0.667546 1
43 91 1 -2.6097 1
43 92 1 0.554689 1
43 93 1 2.43448 1
43 94 1 -2.04819 1
43 95 1 -0.779786 1
44 64 1 2.06344 1
44 65 1 -3.48206 1
44 66 1 0.483523 1
44 67 1 -1.81614 1
44 68 1 -1.09247 1
44 69 1 1.20771 1
44 70 1 1.92452 1
44 71 1 0.361431 1
44 72 1 -1.70908 1
44 73 1 0.902933 1
44 74 1 -1.21516 1
44 75 1 -1.01281 1
44 76 1 0.920165 1
44 77 1 1.68757 1
44 78 1 0.829894 1
44 79 1 1.01517 1
44 80 1 1.90107 1
44 81 1 -0.671858 1
44 82 1 2.34305 1
44 83 1 -0.2798 1
44 84 1 1.82234 1
44 85 1 0.336357 1
44 86 1 0.577254 1
44 87 1 -1.48091 1
44 88 1 1.0195 1
44 89 1 -1.50084 1
44 90 1 0.575759 1
44 91 1 -1.02689 1
44 92 1 -1.10457 1
44 93 1 1.96979 1
44 94 1 -0.67254 1
44 95 1 -0.595948 1
44 8 1 0.181333 1
44 29 1 -0.611041 1
45 64 1 -0.659418 1
45 65 1 1.57329 1
45 66 1 0.585079 1
45 67 1 -1.6268 1
45 68 1 -1.72129 1
45 69 1 -4.84791 1
45 70 1 -1.07674 1
45 71 1 -0.80572 1
45 72 1 -1.06811 1
45 73 1 2.77392 1
45 74 1 2.65566 1
45 75 1 1.65275 1
45 76 1 0.250588 1
45 77 1 -0.305289 1
45 78 1 -2.88108 1
45 79 1 -0.0234323 1
45 80 1 -1.10675 1
45 81 1 0.306678 1
45 82 1 1.64378 1
45 83 1 0.896237 1
45 84 1 0.465713 1
45 85 1 -1.82389 1
45 86 1 1.11725 1
45 87 1 -1.05501 1
45 88 1 -0.302398 1
45 89 1 -1.89756 1
45 90 1 -0.566142 1
45 91 1 0.0914712 1
45 92 1 -1.58835 1
45 93 1 -1.22008 1
45 94 1 0.491742 1
45 95 1 -1.00103 1
45 9 1 1.44764 1
46 64 1 0.701855 1
46 65 1 -0.316241 1
46 66 1 0.934611 1
46 67 1 2.83363 1
46 68 1 -1.57391 1
46 69 1 -1.60885 1
46 70 1 1.52122 1
46 71 1 -0.356592 1
46 72 1 -0.645907 1
46 73 1 -1.73786 1
46 74 1 -1.62557 1
46 75 1 -1.58349 1
46 76 1 -1.90675 1
46 77 1 1.10679 1
46 78 1 -0.566372 1
46 79 1 -0.416468 1
46 80 1 1.40744 1
46 81 1 -1.25754 1
46 82 1 -1.37721 1
46 83 1 1.69629 1
46 84 1 -1.73455 1
46 85 1 0.407071 1
46 86 1 -1.57754 1
46 87 1 -0.121976 1
46 88 1 -0.995138 1
46 89 1 -2.73214 1
46 90 1 -0.00333158 1
46 91 1 -0.373501 1
46 92 1 -1.39279 1
46 93 1 -0.14567 1
46 94 1 0.620365 1
46 95 1 1.7436 1
47 64 1 0.60694 1
47 65 1 1.21917 1
47 66 1 -1.29063 1
47 67 1 1.87271 1
47 68 1 -0.147572 1
47 69 1 3.19802 1
47 70 1 -1.75278 1
47 71 1 0.888708 1
47 72 1 1.93583 1
47 73 1 1.18686 1
47 74 1 -0.853939 1
47 75 1 0.0967116 1
47 76 1 -0.133706 1
47 77 1 -5.0954 1
47 78 1 -0.353696 1
47 79 1 0.422537 1
47 80 1 -1.29848 1
47 81 1 -3.9542 1
47 82 1 0.250815 1
47 83 1 -0.15462 1
47 84 1 -1.04535 1
47 85 1 0.538289 1
47 86 1 -1.99328 1
47 87 1 1.04359 1
47 88 1 -1.96647 1
47 89 1 -1.12654 1
47 90 1 1.53371 1
47 91 1 0.422744 1
47 92 1 1.13602 1
47 93 1 -0.100678 1
47 94 1 0.955421 1
47 95 1 -1.1787 1
47 4 1 -0.321748 1
48 64 1 -1.50678 1
48 65 1 -0.745633 1
48 66 1 -0.65837 1
48 67 1 -1.85772 1
48 68 1 0.0322466 1
48 69 1 -2.28659 1
48 70 1 1.57944 1
48 71 1 2.42294 1
48 72 1 -1.31137 1
48 73 1 2.50022 1
48 74 1 2.4628 1
48 75 1 -2.22732 1
48 76 1 0.166766 1
48 77 1 -0.953878 1
48 78 1 1.76541 1
48 79 1 -1.16915 1
48 80 1 -0.695006 1
48 81 1 -0.516553 1
48 82 1 0.136368 1
48 83 1 1.17903 1
48 84 1 -2.14452 1
48 85 1 2.09519 1
48 86 1 -0.334605 1
48 87 1 -0.687975 1
48 88 1 -0.969008 1
48 89 1 0.657531 1
48 90 1 -0.374599 1
48 91 1 1.49823 1
48 92 1 -3.32231 1
48 93 1 -0.117891 1
48 94 1 -0.293587 1
48 95 1 -1.49051 1
48 16 1 0.725562 1
48 12 1 -0.0408642 1
49 64 1 1.37536 1
49 65 1 -1.67155 1
49 66 1 -2.5581 1
49 67 1 -0.108385 1
49 68 1 1.56102 1
49 69 1 2.49801 1
49 70 1 -0.656221 1
49 71 1 -2.39354 1
49 72 1 -1.80768 1
49 73 1 1.61586 1
49 74 1 0.668017 1
49 75 1 2.04188 1
49 76 1 -3.21101 1
49 77 1 -1.11679 1
49 78 1 -0.606547 1
49 79 1 2.32458 1
49 80 1 3.3051 1
49 81 1 -3.43907 1
49 82 1 -0.717581 1
49 83 1 1.51559 1
49 84 1 1.66583 1
49 85 1 -2.54702 1
49 86 1 0.715202 1
49 87 1 -2.80402 1
49 88 1 -2.15601 1
49 89 1 0.275755 1
49 90 1 0.520976 1
49 91 1 0.551436 1
49 92 1 -1.50142 1
49 93 1 0.174102 1
49 94 1 0.528484 1
49 95 1 1.78675 1
49 19 1 0.662711 1
50 64 1 -3.62828 1
50 65 1 -0.488862 1
50 66 1 1.79039 1
50 67 1 -1.86508 1
50 68 1 1.76052 1
50 69 1 0.487704 1
50 70 1 2.32841 1
50 71 1 3.60322 1
50 72 1 -2.02295 1
50 73 1 2.71573 1
50 74 1 1.1265 1
50 75 1 1.83757 1
50 76 1 -1.32729 1
50 77 1 1.09989 1
50 78 1 1.15988 1
50 79 1 -1.38189 1
50 80 1 0.0849616 1
50 81 1 -0.678436 1
50 82 1 -1.40943 1
50 83 1 2.82644 1
50 84 1 -1.35729 1
50 85 1 1.75934 1
50 86 1 -0.966424 1
50 87 1 -1.8917 1
50 88 1 -2.15497 1
50 89 1 1.57786 1
50 90 1 -0.508374 1
50 91 1 -0.132321 1
50 92 1 1.94603 1
50 93 1 1.97726 1
50 94 1 -1.15407 1
50 95 1 3.00285 1
50 4 1 -1.03598 1
51 64 1 -1.68133 1
51 65 1 2.28208 1
51 66 1 0.324313 1
51 67 1 -0.918272 1
51 68 1 -0.534483 1
51 69 1 0.0188852 1
51 70 1 -0.309244 1
51 71 1 2.4982 1
51 72 1 -0.989715 1
51 73 1 -0.93719 1
51 74 1 -2.05989 1
51 75 1 3.67311 1
51 76 1 -0.803169 1
51 77 1 -0.153735 1
51 78 1 0.65085 1
51 79 1 1.15657 1
51 80 1 1.06312 1
51 81 1 -1.49601 1
51 82 1 0.304922 1
51 83 1 1.14913 1
51 84 1 -0.645838 1
51 85 1 -0.492803 1
51 86 1 -1.14896 1
51 87 1 1.1034 1
51 88 1 0.60438 1
51 89 1 -1.05853 1
51 90 1 0.562649 1
51 91 1 -0.546638 1
51 92 1 0.288827 1
51 93 1 1.8141 1
51 94 1 -1.90123 1
51 95 1 0.760591 1
52 64 1 -2.36255 1
52 65 1 1.35994 1
52 66 1 1.90321 1
52 67 1 1.35422 1
52 68 1 -1.68359 1
52 69 1 3.50545 1
52 70 1 1.10428 1
52 71 1 -2.8288 1
52 72 1 -1.34375 1
52 73 1 3.48727 1
52 74 1 2.63923 1
52 75 1 1.00706 1
52 76 1 -2.28374 1
52 77 1 -1.48223 1
52 78 1 -0.501166 1
52 79 1 -0.919132 1
52 80 1 -2.37172 1
52 81 1 0.615388 1
52 82 1 -1.40437 1
52 83 1 -1.97032 1
52 84 1 -0.690099 1
52 85 1 -1.24649 1
52 86 1 -2.61767 1
52 87 1 1.47743 1
52 88 1 -1.36503 1
52 89 1 -0.638532 1
52 90 1 -1.76631 1
52 91 1 1.40916 1
52 92 1 -1.38123 1
52 93 1 -1.27646 1
52 94 1 0.235399 1
52 95 1 -0.842532 1
53 64 1 -1.62274 1
53 65 1 1.35232 1
53 66 1 -0.0925713 1
53 67 1 -2.00878 1
53 68 1 0.391022 1
53 69 1 1.93698 1
53 70 1 0.148226 1
53 71 1 -0.512905 1
53 72 1 1.73803 1
53 73 1 -0.223276 1
53 74 1 1.10725 1
53 75 1 -1.18396 1
53 76 1 1.1965 1
53 77 1 1.65134 1
53 78 1 -0.438478 1
53 79 1 0.543234 1
53 80 1 -0.778007 1
53 81 1 0.668643 1
53 82 1 2.59443 1
53 83 1 0.623022 1
53 84 1 1.40207 1
53 85 1 -1.44218 1
53 86 1 -0.10789 1
53 87 1 -0.207763 1
53 88 1 -2.44275 1
53 89 1 -0.80701 1
53 90 1 -1.25932 1
53 91 1 -0.0319094 1
53 92 1 1.46728 1
53 93 1 -0.0390942 1
53 94 1 1.07416 1
53 95 1 -0.832081 1
53 20 1 2.86175 1
54 64 1 1.43659 1
54 65 1 1.95992 1
54 66 1 0.528675 1
54 67 1 0.61755 1
54 68 1 0.417635 1
54 69 1 -0.984584 1
54 70 1 0.00788237 1
54 71 1 0.21765 1
54 72 1 0.259622 1
54 73 1 -1.17189 1
54 74 1 -0.687296 1
54 75 1 -1.27507 1
54 76 1 0.173782 1
54 77 1 2.1491 1
54 78 1 0.646025 1
54 79 1 0.164623 1
54 80 1 0.430686 1
54 81 1 -2.00217 1
54 82 1 -2.39688 1
54 83 1 1.06806 1
54 84 1 1.21377 1
54 85 1 0.840533 1
54 86 1 -2.04294 1
54 87 1 -0.0350768 1
54 88 1 4.53632 1
54 89 1 0.601616 1
54 90 1 -0.917105 1
54 91 1 2.02112 1
54 92 1 0.380072 1
54 93 1 0.225724 1
54 94 1 0.551504 1
54 95 1 0.831064 1
54 30 1 0.37549 1
55 64 1 -0.171068 1
55 65 1 -1.33412 1
55 66 1 0.910214 1
55 67 1 0.767671 1
55 68 1 -1.66345 1
55 69 1 1.46771 1
55 70 1 2.73702 1
55 71 1 -3.29263 1
55 72 1 1.0172 1
55 73 1 -0.458561 1
55 74 1 3.78538 1
55 75 1 -3.57671 1
55 76 1 -3.75221 1
55 77 1 2.08913 1
55 78 1 -3.0258 1
55 79 1 1.30226 1
55 80 1 0.0699244 1
55 81 1 -1.03523 1
55 82 1 -2.07994 1
55 83 1 -0.0395334 1
55 84 1 -0.769199 1
55 85 1 0.761859 1
55 86 1 0.632035 1
55 87 1 2.55614 1
55 88 1 -1.23953 1
55 89 1 -2.14578 1
55 90 1 0.847295 1
55 91 1 0.971755 1
55 92 1 1.80716 1
55 93 1 -3.00144 1
55 94 1 -0.821182 1
55 95 1 -2.44705 0
55 28 1 -0.496746 1
55 114 1 0.742982 1
114 95 1 -1.83251 1
56 64 1 1.25978 1
56 65 1 -0.69597 1
56 66 1 -0.58926 1
56 67 1 -0.764071 1
56 68 1 1.20453 1
56 69 1 0.741019 1
56 70 1 1.07193 1
56 71 1 0.106996 1
56 72 1 0.0346367 1
56 73 1 -0.327007 1
56 74 1 1.42305 1
56 75 1 3.29154 1
56 76 1 0.0843464 1
56 77 1 -0.397984 1
56 78 1 -1.57812 1
56 79 1 -0.010883 1
56 80 1 -1.33987 1
56 81 1 1.19962 1
56 82 1 2.33181 1
56 83 1 -1.81376 1
56 84 1 0.106088 1
56 85 1 -0.738986 1
56 86 1 0.00393246 1
56 87 1 -2.85532 1
56 88 1 1.48587 1
56 89 1 -3.18015 1
56 90 1 -0.641408 1
56 91 1 -0.991002 1
56 92 1 1.17693 1
56 93 1 2.25016 1
56 94 1 -2.09107 1
56 95 1 1.27333 1
56 3 1 0.055108 1
57 64 1 -2.63893 1
57 65 1 1.58926 1
57 66 1 -2.3624 1
57 67 1 0.0268917 1
57 68 1 3.55267 1
57 69 1 -1.40096 0
57 70 1 0.712522 1
57 71 1 -0.149051 1
57 72 1 -0.655459 1
57 73 1 -1.79973 1
57 74 1 0.749404 1
57 75 1 2.96658 1
57 76 1 1.09061 1
57 77 1 -2.16928 1
57 78 1 -0.842681 1
57 79 1 -0.975534 1
57 80 1 3.18337 1
57 81 1 0.724625 1
57 82 1 0.638648 1
57 83 1 -3.04296 1
57 84 1 0.755186 1
57 85 1 -4.23863 1
57 86 1 -0.996135 1
57 87 1 1.5794 1
57 88 1 -2.42671 1
57 89 1 1.6705 1
57 90 1 0.503651 1
57 91 1 0.208757 1
57 92 1 -0.493113 1
57 93 1 0.855601 1
57 94 1 2.77333 1
57 95 1 1.26959 1
57 104 1 0.118479 1
104 69 1 0.536106 1
58 64 1 0.6096 1
58 65 1 -1.8923 1
58 66 1 -0.396521 1
58 67 1 -1.19051 1
58 68 1 1.49232 1
58 69 1 -2.46258 1
58 70 1 -2.07478 1
58 71 1 -1.48943 1
58 72 1 0.510564 1
58 73 1 -0.672912 1
58 74 1 1.44158 1
58 75 1 1.78285 1
58 76 1 -0.970739 1
58 77 1 -0.208958 1
58 78 1 -0.798148 1
58 79 1 -2.08093 1
58 80 1 -0.113252 1
58 81 1 -0.126906 1
58 82 1 0.57511 1
58 83 1 -1.0766 1
58 84 1 1.68294 1
58 85 1 0.367715 1
58 86 1 1.35132 1
58 87 1 -0.540562 1
58 88 1 -1.07163 1
58 89 1 -2.22819 1
58 90 1 0.28257 1
58 91 1 -0.274506 1
58 92 1 1.9795 1
58 93 1 -0.307956 1
58 94 1 -3.41834 1
58 95 1 1.06714 1
59 64 1 -0.469567 1
59 65 1 0.566203 1
59 66 1 2.44463 1
59 67 1 -1.77447 1
59 68 1 0.0142779 1
59 69 1 -1.08607 1
59 70 1 -1.32916 1
59 71 1 0.602158 1
59 72 1 -1.5247 1
59 73 1 -2.50098 1
59 74 1 1.50154 1
59 75 1 0.924019 1
59 76 1 0.847458 1
59 77 1 -0.228495 0
59 78 1 -1.12761 1
59 79 1 -0.37015 1
59 80 1 1.358 1
59 81 1 -1.05249 1
59 82 1 -1.2243 1
59 83 1 1.98609 1
59 84 1 -1.08725 1
59 85 1 -1.90843 1
59 86 1 -0.42302 1
59 87 1 2.21489 1
59 88 1 2.75351 1
59 89 1 0.597336 1
59 90 1 1.77227 1
59 91 1 0.0288564 1
59 92 1 1.21468 1
59 93 1 0.581142 1
59 94 1 -0.564233 1
59 95 1 2.65954 1
59 97 1 1.57923 1
59 5 1 -1.08031 1
59 11 1 0.890386 1
97 77 1 -1.90664 1
97 22 1 -2.4406 1
97 2 1 -2.28029 0
97 99 1 0.799403 1
97 7 1 0.0689139 0
97 102 1 1.67599 1
102 7 1 0.635694 1
99 2 1 0.0481388 0
99 108 1 2.39485 1
108 2 1 1.43709 1
60 64 1 1.96322 1
60 65 1 -0.359717 1
60 66 1 -0.605956 1
60 67 1 -0.000756502 1
60 68 1 2.51853 1
60 69 1 1.47992 1
60 70 1 -1.1903 1
60 71 1 -2.26999 1
60 72 1 -1.10201 1
60 73 1 -0.62435 1
60 74 1 -0.837465 1
60 75 1 1.37865 1
60 76 1 -0.148893 1
60 77 1 2.72355 1
60 78 1 -0.871028 1
60 79 1 0.547896 1
60 80 1 -1.99113 1
60 81 1 1.24992 1
60 82 1 -3.17177 1
60 83 1 0.251195 1
60 84 1 -1.84606 1
60 85 1 0.787033 1
60 86 1 1.61161 1
60 87 1 1.20926 1
60 88 1 -1.47033 1
60 89 1 -2.32282 1
60 90 1 -1.95753 1
60 91 1 0.0739706 1
60 92 1 -1.26775 1
60 93 1 1.10022 1
60 94 1 0.675257 1
60 95 1 -0.404652 1
60 24 1 -1.30463 1
60 0 1 0.732549 1
61 64 1 -1.98114 1
61 65 1 -0.277918 1
61 66 1 1.22821 1
61 67 1 0.40852 1
61 68 1 -2.28975 1
61 69 1 0.687725 1
61 70 1 -0.251203 1
61 71 1 1.02029 1
61 72 1 -1.62094 1
61 73 1 0.114045 1
61 74 1 1.42196 1
61 75 1 0.44283 1
61 76 1 1.18597 1
61 77 1 -1.22534 0
61 78 1 0.732646 1
61 79 1 -2.40279 1
61 80 1 -0.469238 1
61 81 1 -0.0549862 1
61 82 1 1.0327 1
61 83 1 1.24083 1
61 84 1 -0.598257 1
61 85 1 2.3383 1
61 86 1 1.37296 1
61 87 1 0.643014 1
61 88 1 2.08064 1
61 89 1 2.15932 1
61 90 1 0.275517 1
61 91 1 0.855168 1
61 92 1 -2.54802 1
61 93 1 -1.16172 1
61 94 1 1.29021 1
61 95 1 1.16868 1
61 107 1 0.908007 1
107 77 1 -3.39983 0
107 113 1 2.32987 1
113 77 1 -3.67228 1
113 23 1 -0.543665 1
62 64 1 2.43171 1
62 65 1 -0.97299 1
62 66 1 1.29256 1
62 67 1 -0.758507 1
62 68 1 -0.604181 1
62 69 1 0.742573 1
62 70 1 -0.49213 1
62 71 1 -1.96022 1
62 72 1 1.39206 1
62 73 1 1.85921 1
62 74 1 3.08001 1
62 75 1 -0.40355 1
62 76 1 -0.40246 1
62 77 1 -1.19546 1
62 78 1 -2.10713 1
62 79 1 1.82837 1
62 80 1 -0.342577 1
62 81 1 -0.570244 1
62 82 1 -0.466986 1
62 83 1 0.000673724 1
62 84 1 -0.575213 1
62 85 1 0.75681 1
62 86 1 2.54451 1
62 87 1 -1.38008 1
62 88 1 0.302789 1
62 89 1 -0.0241894 1
62 90 1 -5.36992 1
62 91 1 -1.24354 1
62 92 1 -1.60974 1
62 93 1 1.6494 1
62 94 1 -0.141532 1
62 95 1 0.827694 1
62 5 1 -0.524297 1
63 64 1 3.0287 1
63 65 1 1.34872 1
63 66 1 3.57473 1
63 67 1 1.56873 1
63 68 1 -0.628922 1
63 69 1 -3.05753 1
63 70 1 0.307899 1
63 71 1 2.90036 1
63 72 1 0.521498 1
63 73 1 0.344056 1
63 74 1 -1.06871 1
63 75 1 0.600615 1
63 76 1 -1.46474 1
63 77 1 1.49653 1
63 78 1 -1.05921 1
63 79 1 0.204499 1
63 80 1 1.23945 1
63 81 1 0.488247 1
63 82 1 1.81994 1
63 83 1 -1.89812 1
63 84 1 -2.15638 1
63 85 1 -3.41157 1
63 86 1 1.53053 1
63 87 1 -1.65444 1
63 88 1 -0.222202 1
63 89 1 -0.574968 1
63 90 1 1.98353 1
63 91 1 0.319063 1
63 92 1 -0.680328 1
63 93 1 0.603312 1
63 94 1 -1.72872 1
63 95 1 1.74879 1
