100 64 32
0.621677 -0.55338 -0.0211035 0.125541 -0.658876 -0.244139 -0.747273 -0.803122 0.282485 -0.211634 0.939808 0.581497 0.368426 0.660784 0.0887631 -0.227488 0.107767 -0.466726 0.931416 -0.203525 -0.825553 0.283645 0.721326 0.068099 0.299399 -0.39917 0.164699 -0.218122 -0.251286 -0.285156 0.366204 0.162307 -0.65331 0.113395 -0.0549608 -0.0199103 1.10445 -0.125083 0.0196448 0.408621 -1.05434 -0.0431257 0.00306101 0.551222 0.361068 0.0522813 -0.750841 0.398041 -0.110108 -1.18571 -0.767376 0.170153 0.541334 0.785907 -0.437788 0.463247 -0.85865 -0.925959 -0.147877 -0.17969 0.269457 0.646236 0.427021 0.152757 -0.114646 0.132066 -0.658702 -0.0880367 -0.259099 -0.602802 0.45605 -0.0778039 0.103525 0.271285 0.0739463 -0.078753 0.149913 -0.0816828 -0.520481 -0.417362 -0.129948 0.541359 0.363698 -0.925654 -0.463182 0.0765252 0.552806 -0.254006 0.987036 0.226365 -1.14165 -0.230192 0.115607 0.569256 0.745631 -0.010004 0.485519 0.0991943 -0.175634 0.149834 
0 64 1 -2.06769 1
0 65 1 -0.857759 1
0 66 1 -1.3298 1
0 67 1 1.0681 1
0 68 1 -0.448912 1
0 69 1 -1.30504 1
0 70 1 -0.36942 1
0 71 1 1.24744 1
0 72 1 0.267205 1
0 73 1 0.840691 1
0 74 1 -1.38551 1
0 75 1 0.604734 1
0 76 1 0.780035 1
0 77 1 0.12154 1
0 78 1 -0.542127 1
0 79 1 -0.941286 1
0 80 1 -1.51284 1
0 81 1 -0.706366 1
0 82 1 -0.768117 1
0 83 1 -0.661065 1
0 84 1 1.74425 1
0 85 1 0.218522 1
0 86 1 -1.18943 1
0 87 1 -0.914893 1
0 88 1 -0.783315 1
0 89 1 -0.191184 1
0 90 1 -0.73571 1
0 91 1 1.27263 1
0 92 1 0.465224 1
0 93 1 1.29216 1
0 94 1 -0.463493 1
0 95 1 0.21134 1
1 64 1 -0.352861 1
1 65 1 0.0468519 1
1 66 1 -0.028419 1
1 67 1 0.135398 1
1 68 1 0.344691 1
1 69 1 0.947695 1
1 70 1 -0.5597 1
1 71 1 -0.286279 1
1 72 1 0.261214 1
1 73 1 0.290069 1
1 74 1 0.424464 1
1 75 1 1.38527 1
1 76 1 0.968575 1
1 77 1 -1.08807 1
1 78 1 1.12104 1
1 79 1 -0.970361 1
1 80 1 0.566018 1
1 81 1 -1.96146 1
1 82 1 0.502454 1
1 83 1 1.22267 1
1 84 1 1.14712 1
1 85 1 0.692468 1
1 86 1 -0.414551 1
1 87 1 -0.719578 1
1 88 1 -0.173119 1
1 89 1 -1.09667 1
1 90 1 0.619321 1
1 91 1 -0.530265 1
1 92 1 -0.595346 1
1 93 1 -0.571209 1
1 94 1 0.380806 1
1 95 1 -1.12515 1
2 64 1 -1.17866 1
2 65 1 0.301239 1
2 66 1 -0.133509 1
2 67 1 -0.724973 1
2 68 1 0.453355 1
2 69 1 0.604434 1
2 70 1 0.578118 1
2 71 1 0.848845 1
2 72 1 -0.409287 1
2 73 1 -0.415882 1
2 74 1 0.0763999 1
2 75 1 -0.394769 1
2 76 1 -0.430625 1
2 77 1 0.993197 1
2 78 1 0.494403 1
2 79 1 -0.958498 1
2 80 1 0.94832 1
2 81 1 -0.200846 1
2 82 1 0.952984 1
2 83 1 -0.653245 1
2 84 1 0.200766 1
2 85 1 0.145756 1
2 86 1 -0.825342 1
2 87 1 -0.286026 1
2 88 1 -0.28626 1
2 89 1 0.528126 1
2 90 1 0.268203 1
2 91 1 1.0579 1
2 92 1 0.911491 1
2 93 1 0.100357 1
2 94 1 0.364159 1
2 95 1 -0.010456 1
3 64 1 0.102698 1
3 65 1 -1.01579 1
3 66 1 -0.359688 1
3 67 1 0.410767 1
3 68 1 -0.737846 1
3 69 1 1.36582 1
3 70 1 -1.39621 1
3 71 1 0.991937 1
3 72 1 0.364497 1
3 73 1 0.101337 1
3 74 1 0.113287 1
3 75 1 -0.726197 1
3 76 1 0.891101 1
3 77 1 1.31272 1
3 78 1 -0.284673 1
3 79 1 0.935124 1
3 80 1 1.88311 1
3 81 1 0.130921 1
3 82 1 -0.146764 1
3 83 1 -0.512287 1
3 84 1 0.270064 1
3 85 1 0.197574 1
3 86 1 -1.38133 1
3 87 1 -0.373492 1
3 88 1 0.0929198 1
3 89 1 0.0416425 1
3 90 1 -0.9626 1
3 91 1 -0.221561 1
3 92 1 0.00265555 1
3 93 1 1.21649 1
3 94 1 1.13824 1
3 95 1 -0.387347 1
4 64 1 -0.866671 1
4 65 1 0.225376 1
4 66 1 0.0720659 1
4 67 1 -1.1532 1
4 68 1 -0.212659 1
4 69 1 0.167241 1
4 70 1 -0.0373119 1
4 71 1 -0.784487 1
4 72 1 1.62406 1
4 73 1 0.713212 1
4 74 1 -0.00234077 1
4 75 1 -0.570204 1
4 76 1 -0.583605 1
4 77 1 -0.452812 1
4 78 1 0.474269 1
4 79 1 -0.598416 1
4 80 1 -0.481002 1
4 81 1 -0.582381 1
4 82 1 1.86601 1
4 83 1 -0.722358 1
4 84 1 0.802784 1
4 85 1 -0.632276 1
4 86 1 -0.553581 1
4 87 1 -0.294059 1
4 88 1 0.702334 1
4 89 1 -0.792951 1
4 90 1 0.169039 1
4 91 1 1.28309 1
4 92 1 -0.0887298 1
4 93 1 0.85648 1
4 94 1 -0.158772 1
4 95 1 -0.733726 1
5 64 1 0.280303 1
5 65 1 0.209787 1
5 66 1 1.69778 1
5 67 1 -0.755397 1
5 68 1 0.691361 1
5 69 1 -0.650063 1
5 70 1 0.336266 1
5 71 1 -0.94958 1
5 72 1 -0.923848 1
5 73 1 -0.430046 1
5 74 1 -0.895785 1
5 75 1 0.412003 1
5 76 1 0.403989 1
5 77 1 0.0276346 1
5 78 1 0.163143 1
5 79 1 -0.296506 1
5 80 1 0.381569 1
5 81 1 0.313453 1
5 82 1 -0.242467 1
5 83 1 0.766805 1
5 84 1 -0.134962 1
5 85 1 -1.72193 1
5 86 1 -0.826313 1
5 87 1 -0.252824 1
5 88 1 0.709626 1
5 89 1 0.465129 1
5 90 1 -0.0442553 1
5 91 1 -0.58407 1
5 92 1 0.411066 1
5 93 1 -0.14073 1
5 94 1 -0.138325 1
5 95 1 -0.00281383 1
6 64 1 0.21478 1
6 65 1 0.520636 1
6 66 1 -0.753993 1
6 67 1 0.329893 1
6 68 1 0.405884 1
6 69 1 0.530235 1
6 70 1 0.251293 1
6 71 1 -0.950801 1
6 72 1 0.0463854 1
6 73 1 -0.160552 1
6 74 1 -0.237208 1
6 75 1 0.521058 1
6 76 1 1.21534 1
6 77 1 -0.421983 1
6 78 1 0.0805353 1
6 79 1 0.636598 1
6 80 1 0.657042 1
6 81 1 0.413425 1
6 82 1 -0.340132 1
6 83 1 -0.295571 1
6 84 1 -1.32043 1
6 85 1 1.36798 1
6 86 1 0.316953 1
6 87 1 0.422889 1
6 88 1 -1.53911 1
6 89 1 0.310709 0
6 90 1 -0.702469 1
6 91 1 0.664754 1
6 92 1 0.797577 1
6 93 1 -0.492419 1
6 94 1 0.674077 1
6 95 1 -0.555907 1
6 96 1 0.989639 1
96 89 1 0.95916 1
7 64 1 -0.0307013 1
7 65 1 0.505646 1
7 66 1 -0.616453 1
7 67 1 -0.457674 1
7 68 1 0.792667 1
7 69 1 0.272677 1
7 70 1 0.374007 1
7 71 1 -0.33083 1
7 72 1 1.30024 1
7 73 1 0.110633 1
7 74 1 0.534288 1
7 75 1 1.37056 1
7 76 1 0.369833 1
7 77 1 -0.212949 1
7 78 1 0.773369 1
7 79 1 0.340278 1
7 80 1 -1.07012 1
7 81 1 -0.241362 1
7 82 1 0.536848 1
7 83 1 0.0707451 1
7 84 1 -0.365959 1
7 85 1 0.0686146 1
7 86 1 0.104282 1
7 87 1 0.149959 1
7 88 1 0.239549 1
7 89 1 -0.0558673 1
7 90 1 -0.185723 1
7 91 1 -0.0743701 1
7 92 1 0.448732 1
7 93 1 -0.0500752 1
7 94 1 -0.0791889 1
7 95 1 0.107526 1
8 64 1 1.04191 1
8 65 1 -0.67625 1
8 66 1 -0.336393 1
8 67 1 0.612046 1
8 68 1 0.774606 1
8 69 1 -0.344883 1
8 70 1 1.09367 1
8 71 1 -1.01246 1
8 72 1 0.166189 1
8 73 1 0.910993 1
8 74 1 -0.461669 1
8 75 1 -0.872824 1
8 76 1 -1.23039 1
8 77 1 -0.818818 1
8 78 1 -0.620813 1
8 79 1 0.903064 1
8 80 1 0.305744 1
8 81 1 0.229176 1
8 82 1 -0.182366 1
8 83 1 -0.306662 1
8 84 1 -1.12433 1
8 85 1 -1.45152 1
8 86 1 0.825572 1
8 87 1 0.0620323 1
8 88 1 0.114109 1
8 89 1 -1.47226 1
8 90 1 -0.136873 1
8 91 1 -0.311854 1
8 92 1 -0.332093 1
8 93 1 -0.0451003 1
8 94 1 -0.507373 1
8 95 1 -0.556554 1
9 64 1 0.651308 1
9 65 1 0.035182 1
9 66 1 0.0526477 1
9 67 1 0.747419 1
9 68 1 0.968706 1
9 69 1 0.588818 1
9 70 1 -0.838606 1
9 71 1 0.979989 1
9 72 1 -0.0333479 1
9 73 1 -0.344108 1
9 74 1 1.32367 1
9 75 1 1.38323 1
9 76 1 0.658623 1
9 77 1 1.73136 1
9 78 1 -1.51215 1
9 79 1 1.0784 1
9 80 1 0.896524 1
9 81 1 0.440492 1
9 82 1 -0.630479 1
9 83 1 -0.280203 1
9 84 1 -0.525486 1
9 85 1 -0.0991517 1
9 86 1 1.01821 1
9 87 1 -0.0202059 1
9 88 1 0.074453 1
9 89 1 -0.428556 1
9 90 1 0.176604 1
9 91 1 0.501392 1
9 92 1 0.439546 1
9 93 1 0.407748 1
9 94 1 -0.444179 1
9 95 1 -0.266402 1
10 64 1 0.753127 1
10 65 1 0.45707 1
10 66 1 -0.348052 1
10 67 1 -1.08254 1
10 68 1 -0.921769 1
10 69 1 1.25149 1
10 70 1 -1.23511 1
10 71 1 0.215833 1
10 72 1 0.656697 1
10 73 1 0.558263 1
10 74 1 -0.478536 1
10 75 1 1.14793 1
10 76 1 -0.0778406 1
10 77 1 -0.319199 1
10 78 1 -0.284942 1
10 79 1 -0.35298 1
10 80 1 0.715143 1
10 81 1 0.259749 1
10 82 1 -0.787707 1
10 83 1 -0.451045 1
10 84 1 -0.841441 1
10 85 1 0.536995 1
10 86 1 -0.0302321 1
10 87 1 -0.879275 1
10 88 1 -0.145155 1
10 89 1 -1.36011 1
10 90 1 -0.471358 1
10 91 1 0.135157 1
10 92 1 -0.85432 1
10 93 1 0.918021 1
10 94 1 1.12039 1
10 95 1 -0.383718 1
11 64 1 -0.097623 1
11 65 1 1.10779 1
11 66 1 -1.07787 1
11 67 1 -0.553927 1
11 68 1 0.0845793 1
11 69 1 -0.079305 1
11 70 1 -0.0544175 1
11 71 1 -0.265355 1
11 72 1 -1.00291 1
11 73 1 0.802081 1
11 74 1 0.404529 1
11 75 1 -1.38169 1
11 76 1 -0.327024 1
11 77 1 0.844176 1
11 78 1 -0.432179 1
11 79 1 0.15259 1
11 80 1 0.742827 1
11 81 1 0.616352 1
11 82 1 0.300754 1
11 83 1 -0.113905 1
11 84 1 -0.781484 1
11 85 1 0.271794 1
11 86 1 -1.44628 1
11 87 1 0.078561 1
11 88 1 -0.134705 1
11 89 1 1.59297 1
11 90 1 -0.0178414 1
11 91 1 -1.0295 1
11 92 1 0.326349 1
11 93 1 -0.702154 1
11 94 1 -0.062923 1
11 95 1 -0.856178 1
12 64 1 -0.319419 1
12 65 1 -0.554454 1
12 66 1 0.698312 1
12 67 1 -0.625767 1
12 68 1 -0.287496 1
12 69 1 0.915622 1
12 70 1 0.564608 1
12 71 1 0.702222 1
12 72 1 1.12705 1
12 73 1 0.292208 1
12 74 1 1.0136 1
12 75 1 0.0292061 1
12 76 1 0.59667 1
12 77 1 0.0453876 1
12 78 1 -1.92758 1
12 79 1 -1.13013 1
12 80 1 0.296243 1
12 81 1 0.979608 1
12 82 1 -1.15542 1
12 83 1 -1.38851 1
12 84 1 0.453832 1
12 85 1 0.0478503 1
12 86 1 -0.0340921 1
12 87 1 -0.888742 1
12 88 1 0.940983 1
12 89 1 -0.263457 1
12 90 1 -0.68554 1
12 91 1 -1.52985 1
12 92 1 0.842137 1
12 93 1 -1.31473 1
12 94 1 -0.982251 1
12 95 1 -0.354686 1
13 64 1 -0.663375 1
13 65 1 0.215284 1
13 66 1 -0.384804 1
13 67 1 -0.441551 1
13 68 1 1.21928 1
13 69 1 0.342375 1
13 70 1 -0.124018 1
13 71 1 0.994274 1
13 72 1 0.309836 1
13 73 1 0.151603 1
13 74 1 -0.431111 1
13 75 1 -0.739708 1
13 76 1 0.602411 1
13 77 1 1.83147 1
13 78 1 0.0245861 1
13 79 1 0.629386 1
13 80 1 -0.117832 1
13 81 1 -0.204093 1
13 82 1 0.26535 1
13 83 1 0.697516 1
13 84 1 0.383855 1
13 85 1 1.29276 1
13 86 1 -1.63144 1
13 87 1 0.600039 1
13 88 1 0.245186 1
13 89 1 0.693595 1
13 90 1 -0.0744647 1
13 91 1 -0.867076 1
13 92 1 0.223109 1
13 93 1 -0.470729 1
13 94 1 -1.03078 1
13 95 1 -0.163387 1
14 64 1 -1.62383 1
14 65 1 -0.23748 1
14 66 1 0.534159 1
14 67 1 -0.380953 1
14 68 1 -0.0629442 1
14 69 1 0.595862 1
14 70 1 0.0799343 1
14 71 1 -0.256492 1
14 72 1 0.482965 1
14 73 1 0.342827 1
14 74 1 -0.591608 1
14 75 1 -0.160897 1
14 76 1 1.15063 1
14 77 1 0.790743 1
14 78 1 -0.122113 1
14 79 1 0.598834 1
14 80 1 1.26993 1
14 81 1 0.8785 1
14 82 1 -0.113455 1
14 83 1 0.0373368 1
14 84 1 1.11755 1
14 85 1 -1.17136 1
14 86 1 -0.349403 1
14 87 1 -0.437178 1
14 88 1 2.09529 1
14 89 1 0.325944 1
14 90 1 -0.842772 1
14 91 1 1.07556 1
14 92 1 -0.455708 1
14 93 1 0.958446 1
14 94 1 -1.42248 1
14 95 1 -0.701181 1
15 64 1 -0.558202 1
15 65 1 -0.539851 1
15 66 1 1.50033 1
15 67 1 -0.12002 1
15 68 1 1.08259 1
15 69 1 -0.177569 1
15 70 1 -1.21212 1
15 71 1 0.42628 1
15 72 1 -0.94521 1
15 73 1 -0.335816 1
15 74 1 0.131968 1
15 75 1 0.0461351 1
15 76 1 -0.456752 1
15 77 1 -0.157952 1
15 78 1 -0.636442 1
15 79 1 0.225416 1
15 80 1 -1.10394 1
15 81 1 -0.20235 1
15 82 1 0.1911 1
15 83 1 0.725999 1
15 84 1 -0.865148 1
15 85 1 -0.528934 1
15 86 1 -0.892538 1
15 87 1 -0.212629 1
15 88 1 -0.142073 1
15 89 1 0.0548077 1
15 90 1 0.926804 1
15 91 1 -0.0383863 1
15 92 1 -1.90362 1
15 93 1 0.64865 1
15 94 1 0.129072 1
15 95 1 0.502707 1
16 64 1 0.466039 1
16 65 1 0.0752678 1
16 66 1 1.13409 1
16 67 1 1.00838 1
16 68 1 -1.1364 1
16 69 1 -0.641691 1
16 70 1 1.79892 1
16 71 1 -0.390347 1
16 72 1 1.43537 1
16 73 1 -0.554103 1
16 74 1 -0.089297 1
16 75 1 -0.184411 1
16 76 1 -0.107223 1
16 77 1 -1.04097 1
16 78 1 0.0247842 1
16 79 1 -1.34222 1
16 80 1 0.118647 1
16 81 1 -1.24184 1
16 82 1 -0.298874 1
16 83 1 -0.334642 1
16 84 1 0.405268 1
16 85 1 -0.409198 1
16 86 1 -0.750395 1
16 87 1 -0.274621 1
16 88 1 0.47734 1
16 89 1 -0.333665 1
16 90 1 1.08571 1
16 91 1 0.947856 1
16 92 1 -0.121522 1
16 93 1 -0.859398 1
16 94 1 -0.548006 1
16 95 1 0.371539 1
17 64 1 -0.158004 1
17 65 1 -1.04162 1
17 66 1 1.13678 1
17 67 1 0.638033 1
17 68 1 -0.395914 1
17 69 1 0.281067 1
17 70 1 0.129863 1
17 71 1 0.205665 1
17 72 1 0.321113 1
17 73 1 0.000607099 1
17 74 1 0.0465255 1
17 75 1 1.20031 1
17 76 1 -0.408707 1
17 77 1 -0.518574 1
17 78 1 -0.246611 1
17 79 1 -0.433723 1
17 80 1 0.754729 1
17 81 1 0.901199 1
17 82 1 0.724263 1
17 83 1 0.45428 1
17 84 1 -0.0787961 1
17 85 1 0.42255 1
17 86 1 0.428501 1
17 87 1 0.0748951 1
17 88 1 -1.62082 1
17 89 1 -0.623951 1
17 90 1 -0.374459 1
17 91 1 0.38927 1
17 92 1 -0.417252 1
17 93 1 0.996392 1
17 94 1 0.32085 1
17 95 1 -1.08448 1
18 64 1 -0.838838 1
18 65 1 -0.384801 1
18 66 1 0.384176 1
18 67 1 0.693533 1
18 68 1 -0.33567 1
18 69 1 0.257036 1
18 70 1 -0.517047 1
18 71 1 0.789554 1
18 72 1 -0.496378 1
18 73 1 -0.154723 1
18 74 1 0.680416 1
18 75 1 -0.259227 1
18 76 1 0.669002 1
18 77 1 -0.477071 1
18 78 1 -0.890423 1
18 79 1 -0.295672 1
18 80 1 -0.585711 1
18 81 1 -1.12878 1
18 82 1 -0.963918 1
18 83 1 -0.3086 1
18 84 1 -0.561266 1
18 85 1 -0.664968 1
18 86 1 -0.70738 1
18 87 1 -0.237904 1
18 88 1 -0.32386 1
18 89 1 -0.543297 1
18 90 1 0.468301 1
18 91 1 -0.144548 1
18 92 1 -0.164288 1
18 93 1 0.979281 1
18 94 1 -1.06145 1
18 95 1 1.19731 1
19 64 1 -0.957671 1
19 65 1 1.78785 1
19 66 1 0.638786 1
19 67 1 0.715437 1
19 68 1 -0.192657 1
19 69 1 0.169231 1
19 70 1 0.965862 1
19 71 1 0.0735096 1
19 72 1 -0.92537 1
19 73 1 -0.185364 1
19 74 1 -0.932892 1
19 75 1 1.01639 1
19 76 1 -0.377953 1
19 77 1 -1.49754 1
19 78 1 -0.125892 1
19 79 1 -0.0136566 1
19 80 1 -0.655803 1
19 81 1 0.253923 1
19 82 1 -0.0207526 1
19 83 1 -0.786996 1
19 84 1 0.315397 1
19 85 1 -0.373894 1
19 86 1 0.62364 1
19 87 1 0.579015 1
19 88 1 -0.2984 1
19 89 1 -0.400083 1
19 90 1 0.477001 1
19 91 1 0.623353 1
19 92 1 0.525825 1
19 93 1 0.824336 1
19 94 1 -0.233137 1
19 95 1 0.221028 1
20 64 1 1.19759 1
20 65 1 -0.261004 1
20 66 1 -0.919767 1
20 67 1 -0.937278 1
20 68 1 -0.359472 1
20 69 1 0.827018 1
20 70 1 -0.0924035 1
20 71 1 -1.09249 1
20 72 1 -0.843339 1
20 73 1 -0.260634 1
20 74 1 0.818711 1
20 75 1 1.24317 1
20 76 1 -0.28305 1
20 77 1 1.57851 1
20 78 1 0.757424 1
20 79 1 0.605729 1
20 80 1 1.56616 1
20 81 1 0.645177 1
20 82 1 0.33343 1
20 83 1 -1.63914 1
20 84 1 0.468728 1
20 85 1 0.639448 1
20 86 1 -0.600086 1
20 87 1 0.548222 1
20 88 1 0.307809 1
20 89 1 0.589718 1
20 90 1 0.239143 1
20 91 1 -1.14313 1
20 92 1 -0.799503 1
20 93 1 -1.29072 1
20 94 1 -0.742632 1
20 95 1 -0.694393 1
21 64 1 0.260094 1
21 65 1 -0.339964 1
21 66 1 1.32451 0
21 67 1 -1.36943 1
21 68 1 -0.134822 1
21 69 1 -0.490411 1
21 70 1 0.269136 1
21 71 1 -0.686526 1
21 72 1 -1.05405 1
21 73 1 1.14881 1
21 74 1 0.812821 1
21 75 1 0.855346 1
21 76 1 -0.505402 1
21 77 1 0.555114 1
21 78 1 0.865004 1
21 79 1 0.888689 1
21 80 1 1.31164 1
21 81 1 1.38632 1
21 82 1 0.902039 1
21 83 1 -0.964177 1
21 84 1 0.464916 1
21 85 1 -0.346498 1
21 86 1 -0.919196 1
21 87 1 0.235929 1
21 88 1 0.522263 1
21 89 1 -0.344698 1
21 90 1 -0.0383587 1
21 91 1 -0.876623 1
21 92 1 0.243111 1
21 93 1 0.926264 1
21 94 1 0.393964 1
21 95 1 -0.85725 1
21 99 1 1.08525 1
99 66 1 1.22269 1
22 64 1 0.196527 1
22 65 1 0.391753 1
22 66 1 -0.457927 1
22 67 1 1.45517 1
22 68 1 -1.08458 1
22 69 1 0.153835 1
22 70 1 1.33047 1
22 71 1 0.10864 1
22 72 1 0.207017 1
22 73 1 -0.244856 1
22 74 1 -0.471731 1
22 75 1 -0.206831 1
22 76 1 -0.491894 1
22 77 1 0.37969 1
22 78 1 0.906415 1
22 79 1 1.46282 1
22 80 1 0.254634 1
22 81 1 0.833571 1
22 82 1 -0.120212 1
22 83 1 -0.0980745 1
22 84 1 0.114985 1
22 85 1 -0.678836 1
22 86 1 1.24632 1
22 87 1 0.323567 1
22 88 1 -0.482668 1
22 89 1 0.93643 1
22 90 1 0.0177647 1
22 91 1 -0.3043 1
22 92 1 -1.19043 1
22 93 1 -0.719712 1
22 94 1 0.103064 1
22 95 1 -0.42353 1
23 64 1 -0.543538 1
23 65 1 -0.529948 1
23 66 1 -0.870754 1
23 67 1 -0.513718 1
23 68 1 1.01687 1
23 69 1 -0.510913 1
23 70 1 0.575406 1
23 71 1 0.221201 1
23 72 1 -0.800705 1
23 73 1 -0.0289991 1
23 74 1 -1.48934 1
23 75 1 0.123396 1
23 76 1 -1.34921 1
23 77 1 0.117283 1
23 78 1 0.300555 1
23 79 1 0.260942 1
23 80 1 -0.274166 1
23 81 1 0.780987 1
23 82 1 0.491889 1
23 83 1 0.266185 1
23 84 1 0.511115 1
23 85 1 0.721369 1
23 86 1 -1.07642 1
23 87 1 0.834488 1
23 88 1 0.892932 1
23 89 1 0.332505 1
23 90 1 0.563463 1
23 91 1 1.21596 1
23 92 1 0.511426 1
23 93 1 0.571951 1
23 94 1 0.897659 1
23 95 1 0.388391 1
24 64 1 -0.666488 1
24 65 1 -1.23807 1
24 66 1 -1.01615 1
24 67 1 0.592822 1
24 68 1 0.608399 1
24 69 1 -0.529209 1
24 70 1 -0.74131 1
24 71 1 -0.0858704 1
24 72 1 0.181817 1
24 73 1 -0.31251 1
24 74 1 -0.904242 0
24 75 1 -0.818363 1
24 76 1 0.223378 1
24 77 1 1.09521 1
24 78 1 -1.43359 1
24 79 1 -0.0726282 1
24 80 1 -1.20604 1
24 81 1 -1.39948 1
24 82 1 -0.981548 1
24 83 1 0.722022 1
24 84 1 0.118327 1
24 85 1 0.230811 1
24 86 1 0.626246 1
24 87 1 -0.473605 1
24 88 1 -0.0224094 1
24 89 1 -1.14396 1
24 90 1 0.510468 1
24 91 1 -0.795319 1
24 92 1 -0.284735 1
24 93 1 0.421897 1
24 94 1 -0.354271 1
24 95 1 0.683245 1
24 98 1 0.577267 1
98 74 1 -1.08726 1
25 64 1 -1.64072 1
25 65 1 1.42454 1
25 66 1 0.278561 1
25 67 1 1.05211 1
25 68 1 -1.40358 1
25 69 1 -0.568892 1
25 70 1 -0.942454 1
25 71 1 0.502454 1
25 72 1 -0.424997 1
25 73 1 0.0239265 1
25 74 1 0.0848236 1
25 75 1 -1.23799 1
25 76 1 1.33854 1
25 77 1 1.25704 1
25 78 1 -1.19094 1
25 79 1 0.022129 1
25 80 1 -0.878567 1
25 81 1 1.29909 1
25 82 1 1.65121 1
25 83 1 -0.534346 1
25 84 1 0.751073 1
25 85 1 0.750231 1
25 86 1 0.771881 1
25 87 1 -0.327506 1
25 88 1 0.912363 1
25 89 1 -0.0907196 1
25 90 1 0.254521 1
25 91 1 1.1277 1
25 92 1 -0.251253 1
25 93 1 -0.801007 1
25 94 1 -0.385156 1
25 95 1 0.696121 1
26 64 1 0.275707 1
26 65 1 -0.248332 1
26 66 1 0.171114 1
26 67 1 -0.382552 1
26 68 1 0.40951 1
26 69 1 0.308969 1
26 70 1 0.7364 1
26 71 1 -0.530677 1
26 72 1 0.357403 1
26 73 1 0.672158 1
26 74 1 0.235502 1
26 75 1 1.29119 1
26 76 1 0.0147343 1
26 77 1 0.352895 1
26 78 1 -0.0277561 1
26 79 1 0.561425 1
26 80 1 0.859374 1
26 81 1 -1.19355 1
26 82 1 -0.524854 1
26 83 1 -0.917313 1
26 84 1 0.603107 1
26 85 1 1.13894 1
26 86 1 0.369191 1
26 87 1 -1.29598 1
26 88 1 0.256969 1
26 89 1 -1.26295 1
26 90 1 0.230125 1
26 91 1 0.207648 1
26 92 1 0.0539075 1
26 93 1 -0.760632 1
26 94 1 0.941404 1
26 95 1 -0.622504 1
27 64 1 0.214121 1
27 65 1 -0.960711 1
27 66 1 -0.560847 1
27 67 1 0.483215 1
27 68 1 0.0916224 1
27 69 1 -0.143016 1
27 70 1 0.363653 1
27 71 1 0.00306713 1
27 72 1 0.641313 1
27 73 1 -0.534287 1
27 74 1 0.779287 1
27 75 1 -0.328748 1
27 76 1 0.191791 1
27 77 1 -1.20788 1
27 78 1 0.267632 1
27 79 1 -0.960347 1
27 80 1 -1.41669 1
27 81 1 -0.139488 1
27 82 1 0.345405 1
27 83 1 -0.259007 1
27 84 1 0.687036 1
27 85 1 0.0667862 1
27 86 1 0.81482 1
27 87 1 0.769832 1
27 88 1 -0.648479 1
27 89 1 0.235133 1
27 90 1 0.668343 1
27 91 1 0.194629 1
27 92 1 2.05663 1
27 93 1 -0.251402 1
27 94 1 -0.345133 1
27 95 1 -0.641426 1
28 64 1 -0.123912 1
28 65 1 0.785229 1
28 66 1 0.697369 1
28 67 1 -0.91886 1
28 68 1 0.544438 1
28 69 1 0.904133 1
28 70 1 -0.0108925 1
28 71 1 -0.827372 1
28 72 1 0.0240826 1
28 73 1 -1.27475 1
28 74 1 -1.14316 1
28 75 1 -0.533952 1
28 76 1 -0.411014 1
28 77 1 0.362593 1
28 78 1 -0.869032 1
28 79 1 0.650713 1
28 80 1 -0.335987 1
28 81 1 0.595117 1
28 82 1 0.850877 1
28 83 1 1.21183 1
28 84 1 0.419632 1
28 85 1 -0.0186011 1
28 86 1 1.03017 1
28 87 1 -0.255427 1
28 88 1 1.21042 1
28 89 1 1.19107 1
28 90 1 -0.865722 1
28 91 1 -1.073 1
28 92 1 0.24745 1
28 93 1 -0.849467 1
28 94 1 -0.211789 1
28 95 1 -0.553289 1
29 64 1 1.32093 1
29 65 1 0.129564 1
29 66 1 -0.910505 1
29 67 1 0.733339 1
29 68 1 -0.780169 1
29 69 1 0.270107 1
29 70 1 -1.23404 1
29 71 1 1.10837 1
29 72 1 0.548314 1
29 73 1 0.384158 1
29 74 1 -0.944762 1
29 75 1 -0.708582 1
29 76 1 -0.315003 1
29 77 1 1.25366 1
29 78 1 -0.389013 1
29 79 1 0.907135 1
29 80 1 -0.518632 1
29 81 1 -0.114344 1
29 82 1 -0.741395 1
29 83 1 -0.627838 1
29 84 1 0.283019 1
29 85 1 0.5056 1
29 86 1 1.43677 1
29 87 1 -1.45647 1
29 88 1 -0.649272 1
29 89 1 0.00176736 1
29 90 1 0.484719 1
29 91 1 0.878225 1
29 92 1 -0.0652305 1
29 93 1 0.882687 1
29 94 1 0.924244 1
29 95 1 -0.334578 1
30 64 1 -0.196264 1
30 65 1 -0.688293 1
30 66 1 -0.0877987 1
30 67 1 0.502414 1
30 68 1 0.870531 1
30 69 1 -0.491376 1
30 70 1 0.780493 1
30 71 1 0.375643 1
30 72 1 0.427564 1
30 73 1 0.319004 1
30 74 1 -0.490624 1
30 75 1 -0.246175 1
30 76 1 -1.32982 1
30 77 1 -0.112742 1
30 78 1 -0.736927 1
30 79 1 0.0102696 1
30 80 1 -1.22369 1
30 81 1 0.0377908 1
30 82 1 0.577041 1
30 83 1 0.208823 1
30 84 1 -0.984933 1
30 85 1 0.292007 1
30 86 1 0.873128 1
30 87 1 -0.619141 1
30 88 1 -0.47115 1
30 89 1 0.872125 1
30 90 1 1.32847 1
30 91 1 -0.00985766 1
30 92 1 1.05277 1
30 93 1 -0.241591 1
30 94 1 -0.754552 1
30 95 1 0.380871 1
31 64 1 1.15644 1
31 65 1 -0.93932 1
31 66 1 -0.0860749 1
31 67 1 -0.280297 1
31 68 1 -0.523259 1
31 69 1 0.80478 1
31 70 1 -1.30912 1
31 71 1 -1.01512 1
31 72 1 0.560957 1
31 73 1 -0.400766 1
31 74 1 1.14659 1
31 75 1 -0.59975 1
31 76 1 0.00980851 1
31 77 1 -0.613749 1
31 78 1 -0.225873 1
31 79 1 -1.0003 1
31 80 1 -0.786346 1
31 81 1 0.465621 1
31 82 1 1.36678 1
31 83 1 0.865057 1
31 84 1 0.488122 1
31 85 1 -0.177697 1
31 86 1 -0.815817 1
31 87 1 -0.323796 1
31 88 1 -0.699316 1
31 89 1 -0.568001 1
31 90 1 -0.396676 1
31 91 1 -1.29088 1
31 92 1 0.984283 1
31 93 1 -0.265132 1
31 94 1 0.286456 1
31 95 1 1.27571 1
32 64 1 0.728199 1
32 65 1 0.865187 1
32 66 1 1.58328 1
32 67 1 0.615617 1
32 68 1 0.615845 1
32 69 1 0.22056 1
32 70 1 -1.32474 1
32 71 1 -0.250542 1
32 72 1 -0.969365 1
32 73 1 -0.37576 1
32 74 1 0.0404887 1
32 75 1 0.564794 1
32 76 1 1.71221 1
32 77 1 -1.28176 1
32 78 1 -0.191226 1
32 79 1 0.456108 1
32 80 1 1.57935 1
32 81 1 1.04009 1
32 82 1 -0.453295 1
32 83 1 0.593176 1
32 84 1 0.602216 1
32 85 1 -0.320512 1
32 86 1 -0.105796 1
32 87 1 1.11464 1
32 88 1 -2.00282 1
32 89 1 0.00923466 1
32 90 1 -0.180585 1
32 91 1 -1.47977 1
32 92 1 -0.965273 1
32 93 1 -0.0226718 1
32 94 1 -1.5674 1
32 95 1 0.263824 1
33 64 1 -0.133833 1
33 65 1 -0.311697 1
33 66 1 1.16848 1
33 67 1 0.913548 1
33 68 1 -0.508469 1
33 69 1 -0.44095 1
33 70 1 0.975945 1
33 71 1 -0.462609 1
33 72 1 0.326017 1
33 73 1 1.32827 1
33 74 1 1.58823 1
33 75 1 -0.457381 1
33 76 1 1.21176 1
33 77 1 1.40697 1
33 78 1 0.05071 1
33 79 1 -0.27455 1
33 80 1 -1.24631 1
33 81 1 -0.236262 1
33 82 1 -0.0820033 1
33 83 1 -0.137648 1
33 84 1 -1.07463 1
33 85 1 -0.126935 1
33 86 1 0.0254101 1
33 87 1 -0.236647 1
33 88 1 -0.62418 1
33 89 1 0.51772 1
33 90 1 -0.696292 1
33 91 1 1.27691 1
33 92 1 -0.187936 1
33 93 1 0.719104 1
33 94 1 0.63375 1
33 95 1 -0.0618096 1
34 64 1 -0.771279 1
34 65 1 0.552135 1
34 66 1 0.769023 1
34 67 1 0.388995 1
34 68 1 0.055794 1
34 69 1 -1.14406 1
34 70 1 1.0444 1
34 71 1 -0.602945 1
34 72 1 0.193829 1
34 73 1 -0.928559 1
34 74 1 -0.581405 1
34 75 1 0.0561082 1
34 76 1 1.57285 1
34 77 1 -0.230729 1
34 78 1 0.866594 1
34 79 1 0.0902099 1
34 80 1 0.695001 1
34 81 1 0.425108 1
34 82 1 -1.47784 1
34 83 1 0.0466567 1
34 84 1 -0.880151 1
34 85 1 -1.22315 1
34 86 1 0.40022 1
34 87 1 -0.786621 1
34 88 1 1.5484 1
34 89 1 0.224174 1
34 90 1 0.0619674 1
34 91 1 -0.945979 1
34 92 1 0.0447764 1
34 93 1 -1.57596 1
34 94 1 0.41937 1
34 95 1 1.26883 1
35 64 1 0.238429 1
35 65 1 0.522416 1
35 66 1 -1.00564 1
35 67 1 0.668231 1
35 68 1 0.873833 1
35 69 1 0.558143 1
35 70 1 -0.404779 1
35 71 1 0.256246 1
35 72 1 -0.471627 1
35 73 1 0.404322 1
35 74 1 -0.083728 1
35 75 1 -0.707388 1
35 76 1 -0.269192 1
35 77 1 0.163353 1
35 78 1 -0.188909 1
35 79 1 -0.863357 1
35 80 1 -0.901086 1
35 81 1 0.278789 1
35 82 1 0.127366 1
35 83 1 1.00821 1
35 84 1 0.0427867 1
35 85 1 1.22936 1
35 86 1 -0.42341 1
35 87 1 -1.44277 1
35 88 1 -2.06614 1
35 89 1 0.753511 1
35 90 1 0.289321 1
35 91 1 -1.11242 1
35 92 1 -0.154399 1
35 93 1 -0.34507 1
35 94 1 -0.0341773 1
35 95 1 0.74865 1
36 64 1 0.573824 1
36 65 1 -2.01008 1
36 66 1 -0.340107 1
36 67 1 -0.269777 1
36 68 1 0.571441 1
36 69 1 1.21738 1
36 70 1 1.13892 1
36 71 1 0.00849281 1
36 72 1 0.243995 1
36 73 1 -0.103399 1
36 74 1 0.119987 1
36 75 1 -0.41251 1
36 76 1 0.540471 1
36 77 1 -1.92024 1
36 78 1 0.647755 1
36 79 1 0.402637 1
36 80 1 0.45341 1
36 81 1 0.432832 1
36 82 1 -0.00301804 1
36 83 1 -0.010874 1
36 84 1 0.11247 1
36 85 1 0.119071 1
36 86 1 -0.0154573 1
36 87 1 0.144682 1
36 88 1 -0.641221 1
36 89 1 0.48258 1
36 90 1 0.944304 1
36 91 1 -0.773471 1
36 92 1 -1.28248 1
36 93 1 -0.344948 1
36 94 1 1.5541 1
36 95 1 0.0453661 1
37 64 1 -0.875732 1
37 65 1 0.127592 1
37 66 1 -1.56325 1
37 67 1 -0.786807 1
37 68 1 -0.902893 1
37 69 1 -0.909491 1
37 70 1 -1.42134 1
37 71 1 -0.177883 1
37 72 1 -0.396075 1
37 73 1 1.28182 1
37 74 1 -0.393991 1
37 75 1 -0.21376 1
37 76 1 -0.641425 1
37 77 1 -0.643971 1
37 78 1 -0.511151 1
37 79 1 -0.485391 1
37 80 1 0.0418408 1
37 81 1 0.816456 1
37 82 1 -0.568096 1
37 83 1 -0.288376 1
37 84 1 -0.84586 1
37 85 1 -0.00175807 1
37 86 1 0.327406 1
37 87 1 0.398355 1
37 88 1 0.210911 1
37 89 1 1.28166 1
37 90 1 0.276693 1
37 91 1 -0.269561 1
37 92 1 1.56646 1
37 93 1 -0.425794 1
37 94 1 0.240858 1
37 95 1 -0.340379 1
38 64 1 0.266097 1
38 65 1 0.802899 1
38 66 1 -1.29488 1
38 67 1 0.451759 1
38 68 1 -0.153423 1
38 69 1 -0.787683 1
38 70 1 -1.23023 1
38 71 1 -1.42451 1
38 72 1 0.297626 1
38 73 1 0.590298 1
38 74 1 -1.47814 1
38 75 1 -1.62401 1
38 76 1 -1.09767 1
38 77 1 0.00950358 1
38 78 1 -0.647835 1
38 79 1 -0.0625444 1
38 80 1 0.400092 1
38 81 1 0.327161 1
38 82 1 1.33156 1
38 83 1 0.699671 1
38 84 1 0.262151 1
38 85 1 -1.02727 1
38 86 1 -0.139518 1
38 87 1 -1.11616 1
38 88 1 -0.295843 1
38 89 1 -0.441063 1
38 90 1 0.0731528 1
38 91 1 0.0187509 1
38 92 1 0.0244727 1
38 93 1 -0.814307 1
38 94 1 0.0528516 1
38 95 1 0.00730319 1
39 64 1 0.880102 1
39 65 1 -1.08858 1
39 66 1 -0.371929 1
39 67 1 0.596402 1
39 68 1 -1.00534 1
39 69 1 0.980569 1
39 70 1 -2.02311 1
39 71 1 -0.0943414 1
39 72 1 -1.33625 1
39 73 1 -1.48218 1
39 74 1 -1.35459 1
39 75 1 0.85746 1
39 76 1 -0.960131 1
39 77 1 0.103613 1
39 78 1 0.313059 1
39 79 1 0.741774 1
39 80 1 -0.061769 1
39 81 1 0.67004 1
39 82 1 1.51625 1
39 83 1 1.76658 1
39 84 1 -0.691808 1
39 85 1 -1.23081 1
39 86 1 -0.0301735 1
39 87 1 1.14656 1
39 88 1 0.450765 1
39 89 1 -1.54007 1
39 90 1 0.743596 1
39 91 1 0.400614 1
39 92 1 -0.37011 1
39 93 1 -1.00831 1
39 94 1 -0.0133916 1
39 95 1 0.15978 1
40 64 1 -0.466952 1
40 65 1 0.893265 1
40 66 1 -0.298947 1
40 67 1 0.318116 1
40 68 1 -0.859661 1
40 69 1 -0.113453 1
40 70 1 -0.640959 1
40 71 1 -0.452779 1
40 72 1 0.446165 1
40 73 1 0.333323 1
40 74 1 -0.876876 1
40 75 1 -1.26525 1
40 76 1 0.344734 1
40 77 1 0.313767 1
40 78 1 0.157787 1
40 79 1 -0.082632 1
40 80 1 1.1153 1
40 81 1 -0.188855 1
40 82 1 -0.805393 1
40 83 1 -1.48245 1
40 84 1 0.597195 1
40 85 1 -0.473605 1
40 86 1 -0.105484 1
40 87 1 0.250218 1
40 88 1 0.131211 1
40 89 1 -0.727629 1
40 90 1 0.153193 1
40 91 1 -0.636867 1
40 92 1 -0.680267 1
40 93 1 -0.517899 1
40 94 1 0.391137 1
40 95 1 0.989953 1
41 64 1 1.29919 1
41 65 1 0.689456 1
41 66 1 0.286645 1
41 67 1 -0.842765 1
41 68 1 -0.822801 1
41 69 1 -0.900736 1
41 70 1 0.0477457 1
41 71 1 -0.074984 1
41 72 1 -1.25813 1
41 73 1 -0.694775 1
41 74 1 0.346703 1
41 75 1 -1.5688 1
41 76 1 0.975585 1
41 77 1 0.696038 1
41 78 1 0.45298 1
41 79 1 0.396771 1
41 80 1 0.0842801 1
41 81 1 -0.312039 1
41 82 1 -0.0645501 1
41 83 1 0.691131 1
41 84 1 0.253588 1
41 85 1 1.51506 1
41 86 1 -0.727823 1
41 87 1 -0.396603 1
41 88 1 1.22238 1
41 89 1 -0.573165 1
41 90 1 0.197943 1
41 91 1 -0.261849 1
41 92 1 1.01832 1
41 93 1 -0.109534 1
41 94 1 -0.949162 1
41 95 1 -1.1707 1
42 64 1 0.802325 1
42 65 1 0.582086 1
42 66 1 -0.95121 1
42 67 1 -0.820954 1
42 68 1 0.358452 1
42 69 1 0.926163 1
42 70 1 1.02613 1
42 71 1 0.297445 1
42 72 1 0.617389 1
42 73 1 -0.714069 1
42 74 1 -1.02485 1
42 75 1 0.693725 1
42 76 1 -1.44653 1
42 77 1 -1.02241 1
42 78 1 -0.76773 1
42 79 1 -0.111289 1
42 80 1 0.50907 1
42 81 1 1.03117 1
42 82 1 -1.45939 1
42 83 1 -0.123078 1
42 84 1 -0.777721 1
42 85 1 -0.828672 1
42 86 1 0.075948 1
42 87 1 0.0248083 1
42 88 1 0.382775 1
42 89 1 -0.784991 1
42 90 1 -0.456105 1
42 91 1 0.609048 1
42 92 1 -0.0245978 1
42 93 1 -0.537632 1
42 94 1 -0.936451 1
42 95 1 1.46833 1
43 64 1 0.698712 1
43 65 1 -0.095026 1
43 66 1 0.284078 1
43 67 1 -0.982549 1
43 68 1 0.460524 1
43 69 1 1.34021 1
43 70 1 -0.0137153 1
43 71 1 -0.391897 1
43 72 1 0.429447 1
43 73 1 -0.367245 1
43 74 1 -0.400967 1
43 75 1 2.09387 1
43 76 1 -0.708215 1
43 77 1 -1.52531 1
43 78 1 -0.644716 1
43 79 1 -1.65407 1
43 80 1 -1.1825 1
43 81 1 1.46 1
43 82 1 -0.752049 1
43 83 1 0.664822 1
43 84 1 -0.698346 1
43 85 1 -0.221497 1
43 86 1 -0.695673 1
43 87 1 -0.863708 1
43 88 1 -0.67763 1
43 89 1 -1.04956 1
43 90 1 -0.0777034 1
43 91 1 0.645103 1
43 92 1 1.11184 1
43 93 1 -1.14045 1
43 94 1 0.397123 0
43 95 1 0.2446 1
43 97 1 0.463222 1
97 94 1 0.79075 1
44 64 1 1.0772 1
44 65 1 0.812263 1
44 66 1 -0.456404 1
44 67 1 -0.611775 1
44 68 1 0.0238073 1
44 69 1 -0.620396 1
44 70 1 -0.248347 1
44 71 1 -0.364598 1
44 72 1 -1.69712 1
44 73 1 -1.4726 1
44 74 1 0.860081 1
44 75 1 0.839137 1
44 76 1 -0.144472 1
44 77 1 0.813096 1
44 78 1 -0.630107 1
44 79 1 -0.0717887 1
44 80 1 0.386321 1
44 81 1 0.620057 1
44 82 1 -0.21684 1
44 83 1 0.141106 1
44 84 1 -0.0560839 1
44 85 1 0.773275 1
44 86 1 1.05217 1
44 87 1 0.538267 1
44 88 1 0.982943 1
44 89 1 -0.538719 1
44 90 1 0.146867 1
44 91 1 1.07167 1
44 92 1 -0.00509964 1
44 93 1 0.992184 1
44 94 1 -0.208667 1
44 95 1 0.551515 1
45 64 1 -0.90043 1
45 65 1 -0.475991 1
45 66 1 -0.648628 1
45 67 1 1.27441 1
45 68 1 -0.89248 1
45 69 1 0.0348674 1
45 70 1 -0.976065 1
45 71 1 -0.713581 1
45 72 1 1.00736 1
45 73 1 0.822514 1
45 74 1 -1.21414 1
45 75 1 0.146818 1
45 76 1 -0.879129 1
45 77 1 0.481402 1
45 78 1 -1.14158 1
45 79 1 0.679782 1
45 80 1 1.52081 1
45 81 1 -0.10344 1
45 82 1 1.16545 1
45 83 1 0.157116 1
45 84 1 -0.409513 1
45 85 1 -0.660936 1
45 86 1 -0.331654 1
45 87 1 1.27978 1
45 88 1 0.732866 1
45 89 1 -0.588513 1
45 90 1 -0.785497 1
45 91 1 0.309418 1
45 92 1 -0.66639 1
45 93 1 0.186435 1
45 94 1 -0.168575 1
45 95 1 0.901367 1
46 64 1 -0.801043 1
46 65 1 -0.0875573 1
46 66 1 0.0984378 1
46 67 1 -0.755312 1
46 68 1 -0.38482 1
46 69 1 0.177646 1
46 70 1 -0.361791 1
46 71 1 -0.910736 1
46 72 1 -0.0394334 1
46 73 1 -1.00505 1
46 74 1 0.519562 1
46 75 1 1.61435 1
46 76 1 0.912167 1
46 77 1 0.16357 1
46 78 1 -0.401275 1
46 79 1 0.389053 1
46 80 1 0.394485 1
46 81 1 1.11554 1
46 82 1 -0.111636 1
46 83 1 -0.352928 1
46 84 1 0.0993042 1
46 85 1 -0.553932 1
46 86 1 0.255864 1
46 87 1 0.888565 1
46 88 1 -0.0477495 1
46 89 1 0.077291 1
46 90 1 1.20028 1
46 91 1 0.0844722 1
46 92 1 -0.717313 1
46 93 1 0.429991 1
46 94 1 0.532334 1
46 95 1 -0.6081 1
47 64 1 -0.294391 1
47 65 1 -1.01524 1
47 66 1 -0.981783 1
47 67 1 0.320557 1
47 68 1 -0.327595 1
47 69 1 0.60003 1
47 70 1 0.148625 1
47 71 1 -0.844835 1
47 72 1 0.952641 1
47 73 1 -0.20879 1
47 74 1 -0.990475 1
47 75 1 0.717265 1
47 76 1 0.00299427 1
47 77 1 2.44748 1
47 78 1 -0.634642 1
47 79 1 -1.43051 1
47 80 1 -0.177746 1
47 81 1 -0.41073 1
47 82 1 -1.52293 1
47 83 1 -0.42866 1
47 84 1 1.20658 1
47 85 1 -1.20917 1
47 86 1 0.134694 1
47 87 1 -0.30636 1
47 88 1 0.0964603 1
47 89 1 0.728065 1
47 90 1 -0.967769 1
47 91 1 -0.73661 1
47 92 1 -1.08647 1
47 93 1 -0.99787 1
47 94 1 -0.681869 1
47 95 1 0.60965 1
48 64 1 1.13543 1
48 65 1 0.568563 1
48 66 1 0.400242 1
48 67 1 -0.171096 1
48 68 1 0.40386 1
48 69 1 -1.49008 1
48 70 1 -1.33663 1
48 71 1 0.598013 1
48 72 1 0.961861 1
48 73 1 0.678524 1
48 74 1 -0.0827603 1
48 75 1 0.203534 1
48 76 1 -0.821949 1
48 77 1 0.507422 1
48 78 1 -0.524913 1
48 79 1 -0.700196 1
48 80 1 0.888086 1
48 81 1 -0.233726 1
48 82 1 0.0945093 1
48 83 1 -1.08292 1
48 84 1 -0.176974 1
48 85 1 -1.03042 1
48 86 1 -0.855779 1
48 87 1 0.565307 1
48 88 1 -0.273602 1
48 89 1 -0.00692129 1
48 90 1 -1.31793 1
48 91 1 0.327247 1
48 92 1 0.537928 1
48 93 1 0.727409 1
48 94 1 -0.438447 1
48 95 1 0.729508 1
48 26 1 -0.579272 1
49 64 1 -0.367059 1
49 65 1 0.159706 1
49 66 1 -0.540306 1
49 67 1 0.450267 1
49 68 1 -0.29027 1
49 69 1 1.36737 1
49 70 1 -0.0128295 1
49 71 1 -1.03225 1
49 72 1 0.674926 1
49 73 1 0.122556 1
49 74 1 0.438209 1
49 75 1 1.37397 1
49 76 1 0.268035 1
49 77 1 -0.0168244 1
49 78 1 0.267623 1
49 79 1 0.752449 1
49 80 1 1.23785 1
49 81 1 -0.418894 1
49 82 1 -0.136909 1
49 83 1 -0.101004 1
49 84 1 1.0614 1
49 85 1 0.0817774 1
49 86 1 -1.16438 1
49 87 1 0.597653 1
49 88 1 -0.514692 1
49 89 1 -0.725742 1
49 90 1 0.180951 1
49 91 1 0.372667 1
49 92 1 -0.585098 1
49 93 1 -0.10579 1
49 94 1 -0.869216 1
49 95 1 0.488644 1
50 64 1 -0.96776 1
50 65 1 -1.54001 1
50 66 1 0.378759 1
50 67 1 0.339521 1
50 68 1 0.67474 1
50 69 1 -0.844749 1
50 70 1 -0.300397 1
50 71 1 -1.02483 1
50 72 1 -0.0272625 1
50 73 1 0.455647 1
50 74 1 0.181729 1
50 75 1 0.339855 1
50 76 1 -0.686688 1
50 77 1 -0.199167 1
50 78 1 0.552294 1
50 79 1 -0.559889 1
50 80 1 1.25554 1
50 81 1 -0.33863 1
50 82 1 -1.01913 1
50 83 1 -1.42868 1
50 84 1 -0.702826 1
50 85 1 -1.98575 1
50 86 1 -0.196112 1
50 87 1 -0.737126 1
50 88 1 0.243685 1
50 89 1 -0.00269469 1
50 90 1 0.739317 1
50 91 1 -0.384021 1
50 92 1 0.780511 1
50 93 1 -0.108926 1
50 94 1 0.955941 1
50 95 1 0.644792 1
51 64 1 0.397711 1
51 65 1 -0.665084 1
51 66 1 -0.3151 1
51 67 1 0.0862483 1
51 68 1 0.0916651 1
51 69 1 -1.1561 1
51 70 1 0.459227 1
51 71 1 -0.440291 1
51 72 1 2.07552 1
51 73 1 0.903095 1
51 74 1 -0.822282 1
51 75 1 0.161732 1
51 76 1 1.20748 1
51 77 1 -0.0630971 1
51 78 1 0.759618 1
51 79 1 0.127158 1
51 80 1 -0.716968 1
51 81 1 0.278634 1
51 82 1 0.181582 1
51 83 1 0.68826 1
51 84 1 1.55578 1
51 85 1 0.137162 1
51 86 1 -0.369161 1
51 87 1 1.46162 1
51 88 1 -0.325684 1
51 89 1 -0.0865293 1
51 90 1 -0.758907 1
51 91 1 -0.91087 1
51 92 1 1.36152 1
51 93 1 0.575292 1
51 94 1 -1.03051 1
51 95 1 -0.323365 1
52 64 1 -0.338344 1
52 65 1 -0.63458 1
52 66 1 -0.583749 1
52 67 1 0.931516 1
52 68 1 -1.32237 1
52 69 1 0.0716241 1
52 70 1 -1.34249 1
52 71 1 1.02751 1
52 72 1 0.590002 1
52 73 1 0.0423693 1
52 74 1 -0.271386 1
52 75 1 0.184054 1
52 76 1 0.140391 1
52 77 1 -0.663252 1
52 78 1 0.200494 1
52 79 1 0.718272 1
52 80 1 -0.0903374 1
52 81 1 0.0843711 1
52 82 1 0.482613 1
52 83 1 0.756136 1
52 84 1 -0.682949 1
52 85 1 -0.568315 1
52 86 1 -1.19251 1
52 87 1 0.268814 1
52 88 1 -0.6966 1
52 89 1 -1.293 1
52 90 1 -0.548128 1
52 91 1 0.0498943 1
52 92 1 -0.152571 1
52 93 1 0.498285 1
52 94 1 -0.687348 1
52 95 1 -0.980953 1
53 64 1 0.39078 1
53 65 1 0.0430889 1
53 66 1 -0.921003 1
53 67 1 -0.183264 1
53 68 1 0.283666 1
53 69 1 0.398788 1
53 70 1 0.607147 1
53 71 1 -0.377972 1
53 72 1 1.4321 1
53 73 1 0.957366 1
53 74 1 -0.682824 1
53 75 1 -0.49162 1
53 76 1 -0.122891 1
53 77 1 -0.5304 1
53 78 1 0.198743 1
53 79 1 -0.508011 1
53 80 1 0.175155 1
53 81 1 -0.292083 1
53 82 1 -0.187582 1
53 83 1 -0.148722 1
53 84 1 0.989093 1
53 85 1 -0.0388292 1
53 86 1 -0.53563 1
53 87 1 1.15812 1
53 88 1 1.25725 1
53 89 1 0.874792 1
53 90 1 -0.3094 1
53 91 1 -0.369671 1
53 92 1 -0.48474 1
53 93 1 -0.35121 1
53 94 1 0.297323 1
53 95 1 1.14496 1
54 64 1 0.812973 1
54 65 1 -0.860603 1
54 66 1 -0.105145 1
54 67 1 -0.960024 1
54 68 1 -1.11651 1
54 69 1 0.0402814 1
54 70 1 0.0118597 1
54 71 1 -0.485717 1
54 72 1 0.165264 1
54 73 1 0.590664 1
54 74 1 0.15707 1
54 75 1 0.148384 1
54 76 1 -0.393353 1
54 77 1 -0.186404 1
54 78 1 -0.188223 1
54 79 1 0.0556844 1
54 80 1 -0.275518 1
54 81 1 0.157463 1
54 82 1 0.655638 1
54 83 1 -1.03678 1
54 84 1 -1.17757 1
54 85 1 -0.566301 1
54 86 1 -0.387216 1
54 87 1 -0.195755 1
54 88 1 0.0865378 1
54 89 1 1.41272 1
54 90 1 -0.154433 1
54 91 1 0.0151341 1
54 92 1 -1.38268 1
54 93 1 0.752242 1
54 94 1 0.974297 1
54 95 1 1.72896 1
55 64 1 -1.14592 1
55 65 1 0.379117 1
55 66 1 -1.09974 1
55 67 1 -1.21483 1
55 68 1 0.111679 1
55 69 1 -1.45151 1
55 70 1 -0.190231 1
55 71 1 0.264888 1
55 72 1 -0.202585 1
55 73 1 -0.920154 1
55 74 1 -0.376979 1
55 75 1 1.24498 1
55 76 1 0.374328 1
55 77 1 -1.0926 1
55 78 1 -0.569607 1
55 79 1 -0.335206 1
55 80 1 0.944542 1
55 81 1 0.469994 1
55 82 1 -0.73802 1
55 83 1 -0.0693838 1
55 84 1 1.31552 1
55 85 1 0.136693 1
55 86 1 -0.409869 1
55 87 1 0.194232 1
55 88 1 -0.445329 1
55 89 1 0.450612 1
55 90 1 0.603037 1
55 91 1 -0.553548 1
55 92 1 -0.282827 1
55 93 1 0.228996 1
55 94 1 1.92951 1
55 95 1 -0.215711 1
56 64 1 -0.977969 1
56 65 1 0.865947 1
56 66 1 -0.504102 1
56 67 1 -0.548417 1
56 68 1 0.128813 1
56 69 1 1.33045 1
56 70 1 -0.351021 1
56 71 1 0.69964 1
56 72 1 -0.402118 1
56 73 1 -1.02961 1
56 74 1 -0.781335 1
56 75 1 -0.398355 1
56 76 1 0.924067 1
56 77 1 1.01831 1
56 78 1 -0.411841 1
56 79 1 -0.340361 1
56 80 1 0.470651 1
56 81 1 -0.589394 1
56 82 1 0.787774 1
56 83 1 -1.40007 1
56 84 1 0.789365 1
56 85 1 0.282748 1
56 86 1 0.646046 1
56 87 1 0.26863 1
56 88 1 0.609961 1
56 89 1 -1.02096 1
56 90 1 0.486105 1
56 91 1 0.947133 1
56 92 1 0.631971 1
56 93 1 -0.461104 1
56 94 1 0.070995 1
56 95 1 -1.51158 1
57 64 1 -0.492465 1
57 65 1 -0.671651 1
57 66 1 -0.744242 1
57 67 1 -0.00258837 1
57 68 1 0.241127 1
57 69 1 0.345134 1
57 70 1 0.0567276 1
57 71 1 -0.527134 1
57 72 1 -2.21385 1
57 73 1 0.965489 1
57 74 1 -0.317649 1
57 75 1 -0.330772 1
57 76 1 0.405594 1
57 77 1 0.1154 1
57 78 1 -0.903167 1
57 79 1 -0.673987 1
57 80 1 -0.555815 1
57 81 1 0.318485 1
57 82 1 0.185586 1
57 83 1 0.150533 1
57 84 1 0.49616 1
57 85 1 -0.638151 1
57 86 1 0.590158 1
57 87 1 0.935282 1
57 88 1 0.200391 1
57 89 1 -0.857741 1
57 90 1 -1.1772 1
57 91 1 -0.545958 1
57 92 1 -0.0999179 1
57 93 1 0.996338 1
57 94 1 0.175613 1
57 95 1 -0.205378 1
58 64 1 -0.0906307 1
58 65 1 1.21985 1
58 66 1 0.472372 1
58 67 1 0.136705 1
58 68 1 -0.214469 1
58 69 1 0.245839 1
58 70 1 0.871935 1
58 71 1 -0.81861 1
58 72 1 0.53892 1
58 73 1 0.550282 1
58 74 1 -0.908533 1
58 75 1 0.101629 1
58 76 1 -0.68847 1
58 77 1 -0.148869 1
58 78 1 0.635069 1
58 79 1 0.312625 1
58 80 1 0.652123 1
58 81 1 -0.413685 1
58 82 1 -0.191641 1
58 83 1 0.213144 1
58 84 1 0.0620227 1
58 85 1 0.8999 1
58 86 1 0.590985 1
58 87 1 -1.32789 1
58 88 1 -1.13169 1
58 89 1 1.20233 1
58 90 1 0.595394 1
58 91 1 -0.0234904 1
58 92 1 0.800058 1
58 93 1 0.619507 1
58 94 1 0.121955 1
58 95 1 -1.18097 1
58 28 1 0.610364 1
59 64 1 0.0711875 1
59 65 1 -0.213654 1
59 66 1 -0.597455 1
59 67 1 -0.341722 1
59 68 1 -0.358794 1
59 69 1 0.720063 1
59 70 1 -0.561669 1
59 71 1 0.215586 1
59 72 1 0.146901 1
59 73 1 0.35649 1
59 74 1 1.0652 1
59 75 1 -0.130137 1
59 76 1 -0.426633 1
59 77 1 -0.452614 1
59 78 1 -0.159884 1
59 79 1 -0.0998078 1
59 80 1 -0.107898 1
59 81 1 1.36225 1
59 82 1 -0.120692 1
59 83 1 -0.953862 1
59 84 1 1.02462 1
59 85 1 0.351957 1
59 86 1 0.0479601 1
59 87 1 -1.04324 1
59 88 1 1.32265 1
59 89 1 -0.573675 1
59 90 1 0.575539 1
59 91 1 -0.010324 1
59 92 1 -0.438154 1
59 93 1 -0.164544 1
59 94 1 -0.380202 1
59 95 1 1.05691 1
60 64 1 -0.233375 1
60 65 1 0.414615 1
60 66 1 -1.21055 1
60 67 1 0.558635 1
60 68 1 0.225334 1
60 69 1 -0.806134 1
60 70 1 0.323725 1
60 71 1 -0.539558 1
60 72 1 -0.99068 1
60 73 1 0.819605 1
60 74 1 1.11869 1
60 75 1 0.750655 1
60 76 1 1.48873 1
60 77 1 0.10755 1
60 78 1 0.607618 1
60 79 1 0.913773 1
60 80 1 -0.510514 1
60 81 1 -0.275961 1
60 82 1 1.56807 1
60 83 1 -1.00328 1
60 84 1 0.621442 1
60 85 1 -0.555202 1
60 86 1 0.774017 1
60 87 1 0.0376045 1
60 88 1 0.169863 1
60 89 1 0.805213 1
60 90 1 0.953316 1
60 91 1 -0.403894 1
60 92 1 -0.386392 1
60 93 1 -0.37427 1
60 94 1 0.688632 1
60 95 1 0.00649128 1
61 64 1 0.78797 1
61 65 1 1.47032 1
61 66 1 -0.201844 1
61 67 1 -0.476678 1
61 68 1 -0.214213 1
61 69 1 0.378328 1
61 70 1 -0.920182 1
61 71 1 -0.248824 1
61 72 1 0.899954 1
61 73 1 -0.871914 1
61 74 1 -0.641499 1
61 75 1 0.169463 1
61 76 1 -0.687076 1
61 77 1 -0.022935 1
61 78 1 -0.761562 1
61 79 1 0.517484 1
61 80 1 -0.858309 1
61 81 1 -0.270986 1
61 82 1 -0.634206 1
61 83 1 0.692208 1
61 84 1 0.468184 1
61 85 1 -0.1377 1
61 86 1 0.757298 1
61 87 1 -0.248171 1
61 88 1 0.571093 1
61 89 1 -0.00360715 1
61 90 1 -0.0436196 1
61 91 1 0.352586 1
61 92 1 0.341511 1
61 93 1 0.800781 1
61 94 1 0.605503 1
61 95 1 0.119584 1
61 10 1 -1.09016 1
61 23 1 -0.249123 1
61 20 1 0.0930937 1
62 64 1 0.0130774 1
62 65 1 -0.790127 1
62 66 1 0.603195 1
62 67 1 0.21449 1
62 68 1 0.436442 1
62 69 1 -0.880481 1
62 70 1 -0.0842006 1
62 71 1 0.606323 1
62 72 1 0.9141 1
62 73 1 0.0837152 1
62 74 1 0.495437 1
62 75 1 -0.34193 1
62 76 1 -0.152208 1
62 77 1 -0.128044 1
62 78 1 -0.0244606 1
62 79 1 0.80166 1
62 80 1 -1.55921 1
62 81 1 0.687533 1
62 82 1 -0.388098 1
62 83 1 0.555004 1
62 84 1 -0.0262638 1
62 85 1 -1.16275 1
62 86 1 -0.988229 1
62 87 1 1.34177 1
62 88 1 1.38335 1
62 89 1 0.324366 1
62 90 1 0.963909 1
62 91 1 -0.220713 1
62 92 1 0.493665 1
62 93 1 0.199429 1
62 94 1 -0.28316 1
62 95 1 1.41576 1
63 64 1 -0.952932 1
63 65 1 0.666018 1
63 66 1 0.250798 1
63 67 1 0.714166 1
63 68 1 -0.674374 1
63 69 1 0.205805 1
63 70 1 -1.38268 1
63 71 1 0.922935 1
63 72 1 0.564012 1
63 73 1 -1.45396 1
63 74 1 -1.273 1
63 75 1 0.373311 1
63 76 1 0.838804 1
63 77 1 0.236586 1
63 78 1 1.06682 1
63 79 1 0.0030823 1
63 80 1 1.40926 1
63 81 1 -0.489352 1
63 82 1 0.19375 1
63 83 1 0.26665 1
63 84 1 0.318244 1
63 85 1 0.0203192 1
63 86 1 0.284448 1
63 87 1 -0.415797 1
63 88 1 -0.560497 1
63 89 1 -0.155186 1
63 90 1 0.0614701 1
63 91 1 -0.465233 1
63 92 1 0.682733 1
63 93 1 0.783648 1
63 94 1 0.369024 1
63 95 1 -0.206458 1
63 8 1 -0.705585 1
63 13 1 1.10532 1
