100 64 32
0.44546 -0.543806 0.270687 0.244102 -0.281695 -0.372246 -0.501935 -0.735316 0.397589 -0.117118 0.636918 0.377239 0.0485549 0.788375 -0.0741783 -0.00207831 0.321485 -0.24691 0.857964 -0.365203 -0.874929 0.0645528 0.750255 -0.0999054 0.317527 -0.33339 0.0465224 -0.704508 0.0273721 -0.153877 0.614829 0.139106 -0.557927 0.409555 -0.342958 0.260533 0.874395 -0.182601 0.243861 0.380163 -1.61243 0.0767205 -0.576138 0.603299 0.373067 0.240501 -0.660186 0.849184 -0.211164 -1.46927 -0.832984 0.466338 0.545012 0.425285 -0.28959 0.824189 -0.79436 -0.765514 0.160347 0.0993011 0.221604 0.949574 0.351643 0.138313 0.279284 0.243077 -0.691739 0.160616 -0.427754 -0.548708 0.745296 -0.431257 -0.0189886 -0.103613 0.493802 -0.289691 -0.270492 -0.325663 -0.239592 -0.0195624 0.241768 0.346614 0.605741 -0.719523 -0.939195 0.200909 0.232078 -0.493304 1.1449 -0.240495 -0.645952 -0.231828 0.16241 -0.0807001 1.0667 -0.197839 0.561776 -0.060448 0.274209 -0.13972 
0 64 1 -2.07815 1
0 65 1 -0.729682 1
0 66 1 -0.958617 1
0 67 1 1.08974 1
0 68 1 -0.630185 1
0 69 1 -1.70283 1
0 70 1 -0.530766 1
0 71 1 1.0848 1
0 72 1 0.481362 1
0 73 1 0.423237 1
0 74 1 -1.69633 1
0 75 1 0.608664 1
0 76 1 0.893439 1
0 77 1 0.375948 1
0 78 1 -0.588766 1
0 79 1 -0.937269 1
0 80 1 -1.78615 1
0 81 1 -0.237611 1
0 82 1 -0.838505 1
0 83 1 -0.927015 1
0 84 1 1.45738 1
0 85 1 0.0491718 1
0 86 1 -1.4408 1
0 87 1 -1.15986 1
0 88 1 -0.77455 1
0 89 1 0.109131 1
0 90 1 -0.840855 1
0 91 1 1.32304 1
0 92 1 0.436335 1
0 93 1 1.28903 1
0 94 1 -0.444288 1
0 95 1 0.508362 1
1 64 1 -0.299332 1
1 65 1 0.0509414 1
1 66 1 -0.265209 1
1 67 1 -0.119736 1
1 68 1 0.43747 1
1 69 1 1.08754 1
1 70 1 -0.0546678 1
1 71 1 -0.205665 1
1 72 1 0.480417 1
1 73 1 0.110956 1
1 74 1 0.364709 1
1 75 1 1.76844 1
1 76 1 0.749745 1
1 77 1 -0.789169 1
1 78 1 1.30331 1
1 79 1 -0.918894 1
1 80 1 0.645262 1
1 81 1 -2.4366 1
1 82 1 0.128727 1
1 83 1 1.14172 1
1 84 1 1.3002 1
1 85 1 0.573092 1
1 86 1 -0.837348 1
1 87 1 -0.704859 1
1 88 1 0.588977 1
1 89 1 -1.42376 1
1 90 1 0.403467 1
1 91 1 -0.594439 1
1 92 1 -0.324457 1
1 93 1 -1.04712 1
1 94 1 -0.104905 1
1 95 1 -1.04477 1
2 64 1 -0.840675 1
2 65 1 0.288244 1
2 66 1 0.270367 1
2 67 1 -0.677728 1
2 68 1 0.31167 1
2 69 1 0.543379 1
2 70 1 0.467583 1
2 71 1 0.636057 1
2 72 1 0.0978332 1
2 73 1 -0.617548 1
2 74 1 0.144197 1
2 75 1 -0.430909 1
2 76 1 0.316413 1
2 77 1 0.714295 1
2 78 1 0.663973 1
2 79 1 -0.866003 1
2 80 1 1.03614 1
2 81 1 -0.688464 1
2 82 1 0.868905 1
2 83 1 -0.799411 1
2 84 1 0.43689 1
2 85 1 -0.0760677 1
2 86 1 -0.626069 1
2 87 1 0.1588 1
2 88 1 0.292481 1
2 89 1 0.378689 1
2 90 1 0.374016 1
2 91 1 1.51328 1
2 92 1 1.21973 1
2 93 1 -0.185507 1
2 94 1 0.698117 1
2 95 1 0.0728504 1
3 64 1 -0.206232 1
3 65 1 -0.962291 1
3 66 1 -0.42327 1
3 67 1 0.429551 1
3 68 1 -0.724277 1
3 69 1 1.40492 1
3 70 1 -1.44865 1
3 71 1 1.08253 1
3 72 1 0.00635348 1
3 73 1 -0.531733 1
3 74 1 0.0894097 1
3 75 1 -0.926118 1
3 76 1 0.972946 1
3 77 1 1.72635 1
3 78 1 -0.50238 1
3 79 1 0.648378 1
3 80 1 1.60999 1
3 81 1 0.0645008 1
3 82 1 0.26755 1
3 83 1 -1.00348 1
3 84 1 0.496203 1
3 85 1 0.498825 1
3 86 1 -0.910574 1
3 87 1 -0.514194 1
3 88 1 0.722828 1
3 89 1 0.0697775 1
3 90 1 -1.10823 1
3 91 1 -0.38901 1
3 92 1 -0.77477 1
3 93 1 1.01473 1
3 94 1 1.39805 1
3 95 1 -0.532429 1
4 64 1 -1.22052 1
4 65 1 0.194085 1
4 66 1 0.0605513 1
4 67 1 -1.52507 1
4 68 1 0.278927 1
4 69 1 0.0902888 1
4 70 1 -0.350227 1
4 71 1 -0.737413 1
4 72 1 1.26878 1
4 73 1 0.915629 1
4 74 1 -0.24583 1
4 75 1 -0.880935 1
4 76 1 -0.341792 1
4 77 1 -0.568389 1
4 78 1 0.294427 1
4 79 1 -0.495175 1
4 80 1 -0.51731 1
4 81 1 -0.642192 1
4 82 1 1.92755 1
4 83 1 -0.733824 1
4 84 1 0.555337 1
4 85 1 -1.05753 1
4 86 1 -0.289407 1
4 87 1 -0.00306758 1
4 88 1 1.05807 1
4 89 1 -0.651714 1
4 90 1 0.240831 1
4 91 1 1.19307 1
4 92 1 0.024033 1
4 93 1 1.00463 1
4 94 1 -0.146247 1
4 95 1 -0.705985 1
5 64 1 0.21034 1
5 65 1 -0.111628 1
5 66 1 1.01061 1
5 67 1 -0.546971 1
5 68 1 0.506882 1
5 69 1 -0.484863 1
5 70 1 0.734785 1
5 71 1 -1.33847 1
5 72 1 -1.19835 1
5 73 1 -0.245653 1
5 74 1 -0.773751 1
5 75 1 -0.209115 1
5 76 1 -0.0821314 1
5 77 1 0.0630574 1
5 78 1 0.0865992 1
5 79 1 -0.564834 1
5 80 1 0.50791 1
5 81 1 0.866555 1
5 82 1 -0.367415 1
5 83 1 0.631299 1
5 84 1 0.0472004 1
5 85 1 -1.5785 1
5 86 1 -1.36034 1
5 87 1 -0.282293 1
5 88 1 0.673513 1
5 89 1 0.243403 1
5 90 1 -0.0393205 1
5 91 1 -0.600009 1
5 92 1 0.48663 1
5 93 1 -0.284662 1
5 94 1 0.03802 1
5 95 1 0.461306 1
6 64 1 0.560805 1
6 65 1 0.500995 1
6 66 1 -0.454006 1
6 67 1 0.756893 1
6 68 1 0.574374 1
6 69 1 0.515412 1
6 70 1 0.0760862 1
6 71 1 -1.19146 1
6 72 1 -0.297247 1
6 73 1 0.0548601 1
6 74 1 -0.841197 1
6 75 1 0.555635 1
6 76 1 0.971798 1
6 77 1 0.0420695 1
6 78 1 0.099704 1
6 79 1 0.36805 1
6 80 1 0.602063 1
6 81 1 0.261117 1
6 82 1 -0.110209 1
6 83 1 -0.0531139 1
6 84 1 -1.90992 1
6 85 1 1.51433 1
6 86 1 0.455577 1
6 87 1 0.395944 1
6 88 1 -1.1095 1
6 89 1 0.218976 0
6 90 1 -0.740203 1
6 91 1 0.719794 1
6 92 1 0.876168 1
6 93 1 -0.564546 1
6 94 1 0.517441 1
6 95 1 -0.61561 1
6 96 1 0.992065 1
96 89 1 0.863344 1
7 64 1 -0.0798514 1
7 65 1 1.23786 1
7 66 1 -0.472173 1
7 67 1 -0.718528 1
7 68 1 0.515308 1
7 69 1 0.236073 1
7 70 1 0.0338694 1
7 71 1 -0.371148 1
7 72 1 1.21078 1
7 73 1 -0.291745 1
7 74 1 0.314545 1
7 75 1 1.51271 1
7 76 1 -0.25327 1
7 77 1 -0.722059 1
7 78 1 0.469304 1
7 79 1 0.214881 1
7 80 1 -1.26403 1
7 81 1 0.204245 1
7 82 1 0.433494 1
7 83 1 -0.137956 1
7 84 1 -0.166606 1
7 85 1 0.0233037 1
7 86 1 0.379724 1
7 87 1 0.34658 1
7 88 1 0.457042 1
7 89 1 -0.396384 1
7 90 1 -0.154213 1
7 91 1 0.209971 1
7 92 1 0.17734 1
7 93 1 -0.719752 1
7 94 1 0.0613518 1
7 95 1 -0.0548604 1
8 64 1 0.560314 1
8 65 1 -0.333836 1
8 66 1 -0.338737 1
8 67 1 0.706296 1
8 68 1 0.313593 1
8 69 1 -0.885961 1
8 70 1 1.34153 1
8 71 1 -1.31874 1
8 72 1 0.101602 1
8 73 1 0.767636 1
8 74 1 -0.231257 1
8 75 1 -0.530369 1
8 76 1 -0.949257 1
8 77 1 -0.835795 1
8 78 1 -1.00544 1
8 79 1 0.549989 1
8 80 1 -0.210019 1
8 81 1 0.392676 1
8 82 1 -0.12689 1
8 83 1 -0.154945 1
8 84 1 -1.33724 1
8 85 1 -0.792221 1
8 86 1 1.01354 1
8 87 1 -0.236195 1
8 88 1 0.810489 1
8 89 1 -1.16321 1
8 90 1 -0.398944 1
8 91 1 -0.208539 1
8 92 1 -0.174508 1
8 93 1 -0.0804285 1
8 94 1 -0.665633 1
8 95 1 -0.443614 1
9 64 1 0.488946 1
9 65 1 0.229997 1
9 66 1 0.347719 1
9 67 1 0.63711 1
9 68 1 0.83393 1
9 69 1 0.431919 1
9 70 1 -0.524195 1
9 71 1 0.963036 1
9 72 1 0.212973 1
9 73 1 -0.642137 1
9 74 1 1.43948 1
9 75 1 1.48759 1
9 76 1 0.142054 1
9 77 1 1.02749 1
9 78 1 -1.09689 1
9 79 1 1.22057 1
9 80 1 0.890759 1
9 81 1 -0.273165 1
9 82 1 -0.373696 1
9 83 1 -0.141511 1
9 84 1 -0.433913 1
9 85 1 -0.258666 1
9 86 1 1.13985 1
9 87 1 -0.544245 1
9 88 1 0.200455 1
9 89 1 -0.642057 1
9 90 1 -0.0423262 1
9 91 1 0.669506 1
9 92 1 0.0866207 1
9 93 1 0.935035 1
9 94 1 -0.318479 1
9 95 1 -0.617868 1
10 64 1 0.798102 1
10 65 1 -0.0907773 1
10 66 1 -0.463152 1
10 67 1 -0.570852 1
10 68 1 -1.09554 1
10 69 1 1.55854 1
10 70 1 -1.31589 1
10 71 1 -0.0178501 1
10 72 1 0.402136 1
10 73 1 1.23207 1
10 74 1 -0.146668 1
10 75 1 1.39669 1
10 76 1 -0.0650625 1
10 77 1 -0.0801168 1
10 78 1 -0.124268 1
10 79 1 -0.281826 1
10 80 1 0.271694 1
10 81 1 0.602212 1
10 82 1 -0.526658 1
10 83 1 -0.267717 1
10 84 1 -0.55822 1
10 85 1 0.590131 1
10 86 1 0.144328 1
10 87 1 -1.08133 1
10 88 1 -0.136659 1
10 89 1 -1.55551 1
10 90 1 -0.782058 1
10 91 1 0.312122 1
10 92 1 -0.831724 1
10 93 1 1.03198 1
10 94 1 1.12809 1
10 95 1 -0.556966 1
11 64 1 0.0915247 1
11 65 1 1.34183 1
11 66 1 -1.25591 1
11 67 1 -1.09988 1
11 68 1 0.541597 1
11 69 1 -0.140943 1
11 70 1 0.446931 1
11 71 1 -0.212638 1
11 72 1 -0.821622 1
11 73 1 0.665819 1
11 74 1 0.216871 1
11 75 1 -1.69261 1
11 76 1 0.108551 1
11 77 1 0.983868 1
11 78 1 -0.254067 1
11 79 1 0.22136 1
11 80 1 0.913642 1
11 81 1 0.526267 1
11 82 1 0.0153811 1
11 83 1 -0.352843 1
11 84 1 -0.141178 1
11 85 1 0.18698 1
11 86 1 -1.08959 1
11 87 1 0.268136 1
11 88 1 -0.069594 1
11 89 1 1.47167 1
11 90 1 -0.249428 1
11 91 1 -0.560036 1
11 92 1 0.396081 1
11 93 1 -0.0736805 1
11 94 1 0.0283578 1
11 95 1 -0.496426 1
12 64 1 -0.421198 1
12 65 1 -0.856142 1
12 66 1 0.739906 1
12 67 1 -0.68381 1
12 68 1 -0.681347 1
12 69 1 1.14641 1
12 70 1 0.833094 1
12 71 1 0.769225 1
12 72 1 1.2553 1
12 73 1 0.258382 1
12 74 1 1.37449 1
12 75 1 0.551451 1
12 76 1 0.147627 1
12 77 1 -0.230112 1
12 78 1 -1.61469 1
12 79 1 -1.13033 1
12 80 1 0.797766 1
12 81 1 1.29735 1
12 82 1 -0.715638 1
12 83 1 -1.23483 1
12 84 1 0.146858 1
12 85 1 -0.346241 1
12 86 1 0.300546 1
12 87 1 -1.05741 1
12 88 1 0.966032 1
12 89 1 -0.548165 1
12 90 1 -1.25558 1
12 91 1 -1.54461 1
12 92 1 1.17365 1
12 93 1 -1.53201 1
12 94 1 -0.572964 1
12 95 1 -0.721613 1
13 64 1 -1.0066 1
13 65 1 0.311494 1
13 66 1 -0.716306 1
13 67 1 -0.592367 1
13 68 1 1.27687 1
13 69 1 0.512257 1
13 70 1 -0.20369 1
13 71 1 1.58965 1
13 72 1 0.646128 1
13 73 1 -0.242476 1
13 74 1 -0.421678 1
13 75 1 -0.800345 1
13 76 1 0.800101 1
13 77 1 2.28659 1
13 78 1 -0.538786 1
13 79 1 0.68604 1
13 80 1 0.534705 1
13 81 1 -0.210618 1
13 82 1 0.17651 1
13 83 1 0.985409 1
13 84 1 0.315903 1
13 85 1 1.16553 1
13 86 1 -1.62068 1
13 87 1 0.715689 1
13 88 1 0.243724 1
13 89 1 0.41981 1
13 90 1 0.159805 1
13 91 1 -0.57582 1
13 92 1 -0.0849205 1
13 93 1 -0.684316 1
13 94 1 -1.31376 1
13 95 1 -0.0801782 1
14 64 1 -1.49904 1
14 65 1 -0.158297 1
14 66 1 0.165547 1
14 67 1 -0.376729 1
14 68 1 -0.436314 1
14 69 1 0.0819482 1
14 70 1 0.537623 1
14 71 1 -0.414954 1
14 72 1 0.648402 1
14 73 1 0.774847 1
14 74 1 -0.353691 1
14 75 1 0.10057 1
14 76 1 0.648967 1
14 77 1 1.21542 1
14 78 1 -0.484594 1
14 79 1 0.752507 1
14 80 1 1.43515 1
14 81 1 0.650557 1
14 82 1 -0.225156 1
14 83 1 0.405753 1
14 84 1 1.33317 1
14 85 1 -1.22629 1
14 86 1 -0.138651 1
14 87 1 -0.787561 1
14 88 1 1.79449 1
14 89 1 0.291681 1
14 90 1 -0.964089 1
14 91 1 0.493356 1
14 92 1 -0.864931 1
14 93 1 1.57658 1
14 94 1 -0.987338 1
14 95 1 -0.972808 1
15 64 1 -0.793075 1
15 65 1 -0.939689 1
15 66 1 1.67913 1
15 67 1 -0.0125279 1
15 68 1 1.07264 1
15 69 1 -0.48836 1
15 70 1 -0.870489 1
15 71 1 0.257354 1
15 72 1 -0.888696 1
15 73 1 0.450493 1
15 74 1 0.146126 1
15 75 1 -0.175222 1
15 76 1 -0.197991 1
15 77 1 0.0559038 1
15 78 1 -0.328309 1
15 79 1 0.222712 1
15 80 1 -0.828563 1
15 81 1 -0.382324 1
15 82 1 0.0188265 1
15 83 1 0.849794 1
15 84 1 -0.90347 1
15 85 1 -0.69714 1
15 86 1 -1.13303 1
15 87 1 -0.22856 1
15 88 1 -0.0226663 1
15 89 1 -0.122984 1
15 90 1 0.702088 1
15 91 1 0.427561 1
15 92 1 -1.70186 1
15 93 1 1.21934 1
15 94 1 -0.185888 1
15 95 1 0.823307 1
16 64 1 -0.167922 1
16 65 1 0.485687 1
16 66 1 1.49829 1
16 67 1 0.924791 1
16 68 1 -0.85381 1
16 69 1 -0.593506 1
16 70 1 2.22691 1
16 71 1 -0.693506 1
16 72 1 1.56659 1
16 73 1 -0.651173 1
16 74 1 -0.343873 1
16 75 1 -0.634669 1
16 76 1 0.220564 1
16 77 1 -0.859349 1
16 78 1 -0.142463 1
16 79 1 -1.2787 1
16 80 1 0.163299 1
16 81 1 -1.33002 1
16 82 1 -0.387369 1
16 83 1 -0.103531 1
16 84 1 0.0622734 1
16 85 1 -0.468731 1
16 86 1 -0.757829 1
16 87 1 0.191446 1
16 88 1 0.579849 1
16 89 1 -0.259307 1
16 90 1 1.18252 1
16 91 1 0.621253 1
16 92 1 -0.0403488 1
16 93 1 -0.577316 1
16 94 1 -0.66787 1
16 95 1 0.279803 1
17 64 1 -0.26751 1
17 65 1 -1.3777 1
17 66 1 0.56517 1
17 67 1 0.340563 1
17 68 1 -0.470156 1
17 69 1 0.0113409 1
17 70 1 -0.191531 1
17 71 1 0.335414 1
17 72 1 0.604752 1
17 73 1 0.311734 1
17 74 1 0.52121 1
17 75 1 1.08332 1
17 76 1 -0.344795 1
17 77 1 -0.512266 1
17 78 1 -0.0198519 1
17 79 1 -0.678879 1
17 80 1 0.598056 1
17 81 1 1.49528 1
17 82 1 1.21108 1
17 83 1 1.03502 1
17 84 1 -0.401441 1
17 85 1 0.209757 1
17 86 1 0.516895 1
17 87 1 -0.395917 1
17 88 1 -1.47531 1
17 89 1 -0.753496 1
17 90 1 -1.04734 1
17 91 1 0.305799 1
17 92 1 -0.835249 1
17 93 1 0.862065 1
17 94 1 0.801993 1
17 95 1 -1.05684 1
18 64 1 -0.8399 1
18 65 1 -0.53736 1
18 66 1 0.147303 1
18 67 1 0.935999 1
18 68 1 0.253136 1
18 69 1 0.625303 1
18 70 1 0.262453 1
18 71 1 0.116346 1
18 72 1 -0.57171 1
18 73 1 0.065624 1
18 74 1 1.03116 1
18 75 1 0.151753 1
18 76 1 0.511002 1
18 77 1 -0.156535 1
18 78 1 -0.822031 1
18 79 1 -0.521885 1
18 80 1 -0.699072 1
18 81 1 -1.45327 1
18 82 1 -0.904214 1
18 83 1 -0.407401 1
18 84 1 -0.658104 1
18 85 1 -0.842402 1
18 86 1 -0.553405 1
18 87 1 -0.493286 1
18 88 1 -0.30665 1
18 89 1 -0.634812 1
18 90 1 0.515003 1
18 91 1 -0.150688 1
18 92 1 -0.278912 1
18 93 1 1.45975 1
18 94 1 -1.81822 1
18 95 1 0.967418 1
19 64 1 -1.13212 1
19 65 1 1.47971 1
19 66 1 0.171984 1
19 67 1 0.74782 1
19 68 1 0.179403 1
19 69 1 0.654283 1
19 70 1 1.28665 1
19 71 1 0.063234 1
19 72 1 -1.05084 1
19 73 1 0.187719 1
19 74 1 -1.13997 1
19 75 1 0.619651 1
19 76 1 -0.752772 1
19 77 1 -1.53312 1
19 78 1 0.434331 1
19 79 1 0.232139 1
19 80 1 -0.386724 1
19 81 1 -0.255498 1
19 82 1 -0.0563921 1
19 83 1 -0.634086 1
19 84 1 0.2209 1
19 85 1 0.171328 1
19 86 1 0.533726 1
19 87 1 0.497937 1
19 88 1 0.429021 1
19 89 1 -0.527702 1
19 90 1 0.799682 1
19 91 1 0.939711 1
19 92 1 0.654421 1
19 93 1 0.796103 1
19 94 1 -0.268151 1
19 95 1 -0.0271521 1
20 64 1 1.54428 1
20 65 1 -0.292398 1
20 66 1 -1.01788 1
20 67 1 -0.619507 1
20 68 1 -0.284601 1
20 69 1 1.17023 1
20 70 1 -0.231653 1
20 71 1 -1.51317 1
20 72 1 -0.361308 1
20 73 1 -0.156444 1
20 74 1 0.491242 1
20 75 1 1.35067 1
20 76 1 0.10904 1
20 77 1 1.41458 1
20 78 1 0.46361 1
20 79 1 0.468838 1
20 80 1 1.79163 1
20 81 1 0.534462 1
20 82 1 0.132936 1
20 83 1 -1.90369 1
20 84 1 0.389117 1
20 85 1 0.715473 1
20 86 1 -0.777133 1
20 87 1 0.341493 1
20 88 1 0.663957 1
20 89 1 0.640901 1
20 90 1 0.138954 1
20 91 1 -1.03821 1
20 92 1 -0.413508 1
20 93 1 -0.860573 1
20 94 1 -0.861889 1
20 95 1 -0.335728 1
21 64 1 0.270143 1
21 65 1 -0.469076 1
21 66 1 1.3252 0
21 67 1 -1.37162 1
21 68 1 -0.0395155 1
21 69 1 -0.780297 1
21 70 1 -0.136705 1
21 71 1 -0.813993 1
21 72 1 -1.30355 1
21 73 1 1.02317 1
21 74 1 0.620969 1
21 75 1 0.409516 1
21 76 1 -0.332197 1
21 77 1 0.806547 1
21 78 1 0.518491 1
21 79 1 1.20103 1
21 80 1 1.01575 1
21 81 1 1.88116 1
21 82 1 1.19816 1
21 83 1 -0.282302 1
21 84 1 0.342961 1
21 85 1 -0.296024 1
21 86 1 -0.953966 1
21 87 1 0.349888 1
21 88 1 0.822501 1
21 89 1 -0.677554 1
21 90 1 -0.00748003 1
21 91 1 -0.859767 1
21 92 1 0.157088 1
21 93 1 0.353761 1
21 94 1 0.412705 1
21 95 1 -1.25535 1
21 99 1 0.850917 1
99 66 1 1.20843 1
22 64 1 0.290436 1
22 65 1 0.460188 1
22 66 1 -0.439827 1
22 67 1 1.6649 1
22 68 1 -1.45377 1
22 69 1 0.226002 1
22 70 1 1.13224 1
22 71 1 0.130473 1
22 72 1 0.085379 1
22 73 1 -0.207718 1
22 74 1 -0.59968 1
22 75 1 -0.250927 1
22 76 1 -0.301867 1
22 77 1 0.024296 1
22 78 1 1.26207 1
22 79 1 1.78224 1
22 80 1 0.588088 1
22 81 1 0.554107 1
22 82 1 0.172311 1
22 83 1 -0.264059 1
22 84 1 -0.0185217 1
22 85 1 -0.369692 1
22 86 1 1.13866 1
22 87 1 0.534379 1
22 88 1 -0.688296 1
22 89 1 0.791961 1
22 90 1 0.0350412 1
22 91 1 -0.161632 1
22 92 1 -1.04867 1
22 93 1 -0.0315316 1
22 94 1 0.479315 1
22 95 1 -0.823393 1
23 64 1 -0.791861 1
23 65 1 -0.787973 1
23 66 1 -0.675637 1
23 67 1 -0.390497 1
23 68 1 1.49873 1
23 69 1 -0.588961 1
23 70 1 0.452596 1
23 71 1 0.0779474 1
23 72 1 -0.365026 1
23 73 1 0.197509 1
23 74 1 -1.05276 1
23 75 1 0.211664 1
23 76 1 -0.813587 1
23 77 1 -0.175087 1
23 78 1 -0.4652 1
23 79 1 0.0608173 1
23 80 1 -0.589172 1
23 81 1 0.400003 1
23 82 1 0.856029 1
23 83 1 0.0734089 1
23 84 1 0.743861 1
23 85 1 1.21761 1
23 86 1 -1.09441 1
23 87 1 1.19576 1
23 88 1 0.837834 1
23 89 1 0.987811 1
23 90 1 0.252885 1
23 91 1 0.90275 1
23 92 1 0.474664 1
23 93 1 0.427174 1
23 94 1 1.10931 1
23 95 1 0.300577 1
24 64 1 -1.07564 1
24 65 1 -1.31462 1
24 66 1 -0.664782 1
24 67 1 0.451063 1
24 68 1 0.597983 1
24 69 1 -0.725004 1
24 70 1 -0.465252 1
24 71 1 -0.109199 1
24 72 1 -0.217515 1
24 73 1 -0.407007 1
24 74 1 -1.43912 0
24 75 1 -0.996859 1
24 76 1 -0.117053 1
24 77 1 1.11997 1
24 78 1 -0.587048 1
24 79 1 -0.610572 1
24 80 1 -1.53767 1
24 81 1 -1.19181 1
24 82 1 -0.830829 1
24 83 1 0.577862 1
24 84 1 0.0296064 1
24 85 1 1.02796 1
24 86 1 1.45342 1
24 87 1 -0.0590993 1
24 88 1 0.161501 1
24 89 1 -1.42308 1
24 90 1 -0.0254283 1
24 91 1 -0.71406 1
24 92 1 -0.310825 1
24 93 1 0.126297 1
24 94 1 -0.541303 1
24 95 1 0.641667 1
24 98 1 0.296051 1
98 74 1 -0.923618 1
25 64 1 -1.64697 1
25 65 1 1.53622 1
25 66 1 0.746227 1
25 67 1 0.832746 1
25 68 1 -1.68323 1
25 69 1 -0.590469 1
25 70 1 -0.742717 1
25 71 1 0.228163 1
25 72 1 -0.521488 1
25 73 1 0.0496933 1
25 74 1 0.46643 1
25 75 1 -1.43645 1
25 76 1 1.13945 1
25 77 1 0.999741 1
25 78 1 -2.04054 1
25 79 1 -0.362322 1
25 80 1 -0.356273 1
25 81 1 1.07794 1
25 82 1 0.936684 1
25 83 1 -0.611539 1
25 84 1 0.691171 1
25 85 1 0.712724 1
25 86 1 0.832588 1
25 87 1 -0.189135 1
25 88 1 0.77412 1
25 89 1 0.162871 1
25 90 1 0.581371 1
25 91 1 1.13037 1
25 92 1 0.0389386 1
25 93 1 -0.699283 1
25 94 1 -0.370589 1
25 95 1 0.922135 1
26 64 1 0.00960368 1
26 65 1 0.0438794 1
26 66 1 0.35457 1
26 67 1 -0.226883 1
26 68 1 0.309739 1
26 69 1 0.345262 1
26 70 1 1.08229 1
26 71 1 -0.532304 1
26 72 1 0.189139 1
26 73 1 1.13143 1
26 74 1 0.381609 1
26 75 1 1.60735 1
26 76 1 0.207334 1
26 77 1 0.158208 1
26 78 1 0.623994 1
26 79 1 -0.117383 1
26 80 1 0.935029 1
26 81 1 -1.48869 1
26 82 1 -0.269377 1
26 83 1 -0.567208 1
26 84 1 0.734931 1
26 85 1 1.27191 1
26 86 1 0.453779 1
26 87 1 -1.0519 1
26 88 1 0.896747 1
26 89 1 -1.18167 1
26 90 1 0.38656 1
26 91 1 -0.0404522 1
26 92 1 -0.0210399 1
26 93 1 -1.00498 1
26 94 1 0.811228 1
26 95 1 -0.257836 1
27 64 1 -0.0669148 1
27 65 1 -0.919535 1
27 66 1 -0.97726 1
27 67 1 0.372619 1
27 68 1 0.182406 1
27 69 1 0.331827 1
27 70 1 0.749608 1
27 71 1 -0.746644 1
27 72 1 0.650329 1
27 73 1 -0.720862 1
27 74 1 0.484866 1
27 75 1 -0.285473 1
27 76 1 0.385849 1
27 77 1 -0.819779 1
27 78 1 0.843123 1
27 79 1 -0.819602 1
27 80 1 -1.21486 1
27 81 1 0.238698 1
27 82 1 0.144621 1
27 83 1 -0.30304 1
27 84 1 0.412873 1
27 85 1 0.0167847 1
27 86 1 0.937684 1
27 87 1 0.578975 1
27 88 1 -0.408255 1
27 89 1 0.322236 1
27 90 1 0.434476 1
27 91 1 0.101822 1
27 92 1 1.87494 1
27 93 1 -0.0636616 1
27 94 1 -0.544673 1
27 95 1 -0.875668 1
28 64 1 -0.139995 1
28 65 1 1.30276 1
28 66 1 0.434092 1
28 67 1 -1.32293 1
28 68 1 0.69795 1
28 69 1 0.810984 1
28 70 1 -0.644429 1
28 71 1 -1.04981 1
28 72 1 0.362353 1
28 73 1 -1.41095 1
28 74 1 -1.17942 1
28 75 1 -1.016 1
28 76 1 -0.621238 1
28 77 1 0.405066 1
28 78 1 -0.871822 1
28 79 1 0.272304 1
28 80 1 -0.474416 1
28 81 1 0.615363 1
28 82 1 0.533588 1
28 83 1 1.87187 1
28 84 1 0.405688 1
28 85 1 -0.328391 1
28 86 1 0.868709 1
28 87 1 0.118671 1
28 88 1 1.41576 1
28 89 1 1.13045 1
28 90 1 -1.16697 1
28 91 1 -0.677883 1
28 92 1 0.256102 1
28 93 1 -0.591537 1
28 94 1 -0.383132 1
28 95 1 -1.18688 1
29 64 1 1.03577 1
29 65 1 -0.0621202 1
29 66 1 -0.849565 1
29 67 1 0.766808 1
29 68 1 -0.736869 1
29 69 1 0.017737 1
29 70 1 -0.883728 1
29 71 1 0.815595 1
29 72 1 0.509171 1
29 73 1 0.763702 1
29 74 1 -0.824241 1
29 75 1 -0.850505 1
29 76 1 -0.578341 1
29 77 1 1.51191 1
29 78 1 0.152309 1
29 79 1 0.407303 1
29 80 1 -0.841301 1
29 81 1 -0.408936 1
29 82 1 -0.6648 1
29 83 1 -0.789962 1
29 84 1 0.101181 1
29 85 1 0.607434 1
29 86 1 1.41584 1
29 87 1 -1.67553 1
29 88 1 -0.854143 1
29 89 1 0.323616 1
29 90 1 0.863292 1
29 91 1 0.962233 1
29 92 1 -0.600983 1
29 93 1 0.781091 1
29 94 1 0.799173 1
29 95 1 -0.159945 1
30 64 1 -0.13108 1
30 65 1 -0.78331 1
30 66 1 -0.0664754 1
30 67 1 0.669143 1
30 68 1 1.15018 1
30 69 1 -0.466671 1
30 70 1 0.712629 1
30 71 1 0.44712 1
30 72 1 0.164031 1
30 73 1 0.595175 1
30 74 1 -0.520539 1
30 75 1 -0.423582 1
30 76 1 -1.13379 1
30 77 1 0.0186132 1
30 78 1 -1.36407 1
30 79 1 -0.674331 1
30 80 1 -1.21401 1
30 81 1 0.047047 1
30 82 1 0.515399 1
30 83 1 0.824931 1
30 84 1 -0.641746 1
30 85 1 0.182885 1
30 86 1 0.8528 1
30 87 1 -0.626966 1
30 88 1 -0.192156 1
30 89 1 0.755739 1
30 90 1 1.43341 1
30 91 1 -0.0121954 1
30 92 1 1.24463 1
30 93 1 -0.310019 1
30 94 1 -0.622706 1
30 95 1 0.358391 1
31 64 1 1.44142 1
31 65 1 -0.826975 1
31 66 1 -0.138173 1
31 67 1 0.185412 1
31 68 1 -0.661605 1
31 69 1 1.3147 1
31 70 1 -1.37694 1
31 71 1 -0.941689 1
31 72 1 0.475069 1
31 73 1 -0.44539 1
31 74 1 0.687698 1
31 75 1 -0.489602 1
31 76 1 0.248097 1
31 77 1 -0.351949 1
31 78 1 -0.0446178 1
31 79 1 -1.07623 1
31 80 1 -0.390298 1
31 81 1 0.488775 1
31 82 1 1.39288 1
31 83 1 0.793616 1
31 84 1 0.457396 1
31 85 1 -0.438356 1
31 86 1 -1.01372 1
31 87 1 -0.0235181 1
31 88 1 -1.05325 1
31 89 1 -0.634544 1
31 90 1 0.00713527 1
31 91 1 -1.97286 1
31 92 1 1.38797 1
31 93 1 0.297931 1
31 94 1 0.376019 1
31 95 1 0.993057 1
32 64 1 0.763002 1
32 65 1 0.832941 1
32 66 1 1.20308 1
32 67 1 0.666244 1
32 68 1 0.413306 1
32 69 1 0.010251 1
32 70 1 -1.23886 1
32 71 1 -0.146907 1
32 72 1 -0.742854 1
32 73 1 -0.73557 1
32 74 1 -0.446462 1
32 75 1 0.297104 1
32 76 1 1.27894 1
32 77 1 -1.69546 1
32 78 1 -0.380148 1
32 79 1 0.301081 1
32 80 1 1.24897 1
32 81 1 0.780031 1
32 82 1 -0.0300853 1
32 83 1 0.756676 1
32 84 1 0.500235 1
32 85 1 -0.409611 1
32 86 1 -0.0647699 1
32 87 1 1.27735 1
32 88 1 -1.98623 1
32 89 1 0.225709 1
32 90 1 -0.09715 1
32 91 1 -1.48695 1
32 92 1 -0.963329 1
32 93 1 0.192462 1
32 94 1 -1.50674 1
32 95 1 0.42761 1
33 64 1 -0.498364 1
33 65 1 -0.356059 1
33 66 1 1.23634 1
33 67 1 0.648842 1
33 68 1 -0.726313 1
33 69 1 -0.457289 1
33 70 1 0.72887 1
33 71 1 -0.439891 1
33 72 1 0.139472 1
33 73 1 1.09468 1
33 74 1 1.48683 1
33 75 1 -0.454256 1
33 76 1 0.784857 1
33 77 1 1.81144 1
33 78 1 -0.203634 1
33 79 1 -0.918366 1
33 80 1 -0.984771 1
33 81 1 -0.40625 1
33 82 1 -0.146736 1
33 83 1 -0.603961 1
33 84 1 -0.985297 1
33 85 1 0.0613118 1
33 86 1 -0.0606674 1
33 87 1 -0.385007 1
33 88 1 -0.401013 1
33 89 1 0.145995 1
33 90 1 -0.523005 1
33 91 1 1.87487 1
33 92 1 -0.253554 1
33 93 1 1.05531 1
33 94 1 0.884985 1
33 95 1 0.00250509 1
34 64 1 -0.900889 1
34 65 1 0.312116 1
34 66 1 0.40994 1
34 67 1 0.399121 1
34 68 1 -0.153105 1
34 69 1 -0.575555 1
34 70 1 1.11088 1
34 71 1 -0.764162 1
34 72 1 0.300787 1
34 73 1 -1.12182 1
34 74 1 -0.405228 1
34 75 1 0.0760612 1
34 76 1 1.18222 1
34 77 1 -0.419846 1
34 78 1 1.39535 1
34 79 1 0.117258 1
34 80 1 0.585272 1
34 81 1 0.224564 1
34 82 1 -1.94369 1
34 83 1 -0.0181006 1
34 84 1 -0.421897 1
34 85 1 -1.18384 1
34 86 1 0.48139 1
34 87 1 -1.17434 1
34 88 1 1.67277 1
34 89 1 -0.0401349 1
34 90 1 0.442225 1
34 91 1 -1.07161 1
34 92 1 0.585143 1
34 93 1 -1.91093 1
34 94 1 0.393744 1
34 95 1 1.30931 1
35 64 1 0.27225 1
35 65 1 0.360207 1
35 66 1 -1.14456 1
35 67 1 0.573977 1
35 68 1 1.22661 1
35 69 1 0.195367 1
35 70 1 0.0339795 1
35 71 1 0.264583 1
35 72 1 0.0232674 1
35 73 1 0.471374 1
35 74 1 -0.0148233 1
35 75 1 -0.638963 1
35 76 1 -0.381924 1
35 77 1 -0.127546 1
35 78 1 0.060915 1
35 79 1 -1.30557 1
35 80 1 -1.28082 1
35 81 1 0.225696 1
35 82 1 -0.206537 1
35 83 1 1.08325 1
35 84 1 0.268209 1
35 85 1 1.7274 1
35 86 1 -0.336268 1
35 87 1 -0.950505 1
35 88 1 -2.12619 1
35 89 1 1.01694 1
35 90 1 0.00972576 1
35 91 1 -1.00323 1
35 92 1 -0.163149 1
35 93 1 -0.448848 1
35 94 1 0.159185 1
35 95 1 0.0961455 1
36 64 1 0.413947 1
36 65 1 -2.02878 1
36 66 1 -0.40011 1
36 67 1 0.0837889 1
36 68 1 0.365535 1
36 69 1 1.29368 1
36 70 1 0.674758 1
36 71 1 0.338291 1
36 72 1 -0.149175 1
36 73 1 -0.13278 1
36 74 1 0.535249 1
36 75 1 -0.707618 1
36 76 1 0.37785 1
36 77 1 -2.06316 1
36 78 1 0.637025 1
36 79 1 0.318772 1
36 80 1 0.506751 1
36 81 1 0.227406 1
36 82 1 0.342235 1
36 83 1 0.0854699 1
36 84 1 0.262865 1
36 85 1 0.440016 1
36 86 1 0.218769 1
36 87 1 -0.120692 1
36 88 1 -0.51738 1
36 89 1 1.01141 1
36 90 1 0.969497 1
36 91 1 -0.411484 1
36 92 1 -1.41678 1
36 93 1 -0.365792 1
36 94 1 1.43621 1
36 95 1 -0.111343 1
37 64 1 -0.52761 1
37 65 1 -0.132026 1
37 66 1 -1.6957 1
37 67 1 -0.803024 1
37 68 1 -0.990811 1
37 69 1 -0.755336 1
37 70 1 -0.879064 1
37 71 1 -0.300177 1
37 72 1 -0.500528 1
37 73 1 1.97287 1
37 74 1 -0.344099 1
37 75 1 -0.127158 1
37 76 1 -0.768733 1
37 77 1 -0.582181 1
37 78 1 -0.317887 1
37 79 1 -0.0987335 1
37 80 1 0.199676 1
37 81 1 0.909791 1
37 82 1 -0.845775 1
37 83 1 -0.613447 1
37 84 1 -0.922462 1
37 85 1 0.177584 1
37 86 1 0.0625752 1
37 87 1 0.473067 1
37 88 1 0.354982 1
37 89 1 1.46571 1
37 90 1 0.491683 1
37 91 1 -0.468871 1
37 92 1 1.27153 1
37 93 1 -0.0314919 1
37 94 1 0.755644 1
37 95 1 0.121415 1
38 64 1 0.0843529 1
38 65 1 0.860082 1
38 66 1 -1.00246 1
38 67 1 0.687933 1
38 68 1 -0.00559405 1
38 69 1 -0.695026 1
38 70 1 -1.11069 1
38 71 1 -1.48588 1
38 72 1 0.235228 1
38 73 1 0.436259 1
38 74 1 -1.17212 1
38 75 1 -1.59621 1
38 76 1 -1.16789 1
38 77 1 0.620039 1
38 78 1 0.0510391 1
38 79 1 0.111256 1
38 80 1 0.6205 1
38 81 1 0.468871 1
38 82 1 1.54353 1
38 83 1 0.784549 1
38 84 1 0.569473 1
38 85 1 -1.09941 1
38 86 1 0.159774 1
38 87 1 -0.997775 1
38 88 1 -0.184707 1
38 89 1 -0.767755 1
38 90 1 -0.144853 1
38 91 1 0.00674796 1
38 92 1 -0.226283 1
38 93 1 -0.18247 1
38 94 1 -0.173785 1
38 95 1 0.27311 1
39 64 1 0.630339 1
39 65 1 -0.789078 1
39 66 1 -0.557799 1
39 67 1 0.860387 1
39 68 1 -1.2611 1
39 69 1 0.979104 1
39 70 1 -1.63158 1
39 71 1 0.31417 1
39 72 1 -1.11946 1
39 73 1 -1.6693 1
39 74 1 -1.3368 1
39 75 1 1.13523 1
39 76 1 -0.926448 1
39 77 1 0.336543 1
39 78 1 0.723048 1
39 79 1 1.01342 1
39 80 1 0.366436 1
39 81 1 0.685803 1
39 82 1 1.64248 1
39 83 1 2.02135 1
39 84 1 -0.696734 1
39 85 1 -1.38399 1
39 86 1 -0.115323 1
39 87 1 0.659231 1
39 88 1 0.105661 1
39 89 1 -1.12534 1
39 90 1 0.80289 1
39 91 1 -0.091137 1
39 92 1 -0.443037 1
39 93 1 -1.13081 1
39 94 1 -0.225022 1
39 95 1 0.0241493 1
40 64 1 -0.807044 1
40 65 1 1.05284 1
40 66 1 -0.241325 1
40 67 1 0.214304 1
40 68 1 -0.751143 1
40 69 1 0.257554 1
40 70 1 -0.915055 1
40 71 1 -0.366549 1
40 72 1 0.328937 1
40 73 1 0.114634 1
40 74 1 -1.02727 1
40 75 1 -1.03761 1
40 76 1 0.473696 1
40 77 1 0.105396 1
40 78 1 0.129966 1
40 79 1 -0.0545245 1
40 80 1 1.25893 1
40 81 1 0.196173 1
40 82 1 -0.568493 1
40 83 1 -1.31291 1
40 84 1 0.462569 1
40 85 1 -0.421509 1
40 86 1 0.108063 1
40 87 1 0.303797 1
40 88 1 0.341212 1
40 89 1 -0.881042 1
40 90 1 -0.0720393 1
40 91 1 -0.69494 1
40 92 1 -0.433656 1
40 93 1 -0.302982 1
40 94 1 -0.00881107 1
40 95 1 1.02878 1
41 64 1 1.22687 1
41 65 1 0.776095 1
41 66 1 0.224012 1
41 67 1 -1.60771 1
41 68 1 -1.09253 1
41 69 1 -0.85671 1
41 70 1 -0.267773 1
41 71 1 -0.156212 1
41 72 1 -1.25748 1
41 73 1 -0.787237 1
41 74 1 0.367165 1
41 75 1 -1.5732 1
41 76 1 1.23693 1
41 77 1 0.807172 1
41 78 1 0.377917 1
41 79 1 0.313639 1
41 80 1 -0.57907 1
41 81 1 -0.323102 1
41 82 1 0.192968 1
41 83 1 0.227589 1
41 84 1 0.142445 1
41 85 1 1.58311 1
41 86 1 -0.678365 1
41 87 1 -0.0201816 1
41 88 1 1.24209 1
41 89 1 -0.694357 1
41 90 1 -0.325464 1
41 91 1 -0.0377118 1
41 92 1 0.691006 1
41 93 1 -0.649443 1
41 94 1 -0.793768 1
41 95 1 -1.22606 1
42 64 1 1.1224 1
42 65 1 0.107389 1
42 66 1 -0.884588 1
42 67 1 -0.91171 1
42 68 1 0.362685 1
42 69 1 0.763781 1
42 70 1 0.978835 1
42 71 1 -0.21984 1
42 72 1 0.362257 1
42 73 1 -0.623307 1
42 74 1 -0.783242 1
42 75 1 0.0961332 1
42 76 1 -1.25881 1
42 77 1 -1.03737 1
42 78 1 -0.910706 1
42 79 1 -0.637812 1
42 80 1 0.423978 1
42 81 1 1.05201 1
42 82 1 -1.45205 1
42 83 1 -0.636472 1
42 84 1 -0.716574 1
42 85 1 -0.732026 1
42 86 1 -0.0131936 1
42 87 1 -0.247951 1
42 88 1 0.201807 1
42 89 1 -1.24081 1
42 90 1 -0.406583 1
42 91 1 0.223358 1
42 92 1 -0.182375 1
42 93 1 -0.432737 1
42 94 1 -0.924894 1
42 95 1 1.62133 1
43 64 1 0.653428 1
43 65 1 -0.313175 1
43 66 1 0.187978 1
43 67 1 -0.757011 1
43 68 1 0.492807 1
43 69 1 1.08146 1
43 70 1 0.0366647 1
43 71 1 -0.156511 1
43 72 1 0.745188 1
43 73 1 -0.788159 1
43 74 1 -0.179732 1
43 75 1 2.04551 1
43 76 1 -0.538938 1
43 77 1 -1.37866 1
43 78 1 -0.563665 1
43 79 1 -1.42467 1
43 80 1 -0.258907 1
43 81 1 1.67941 1
43 82 1 -0.883678 1
43 83 1 0.863125 1
43 84 1 -0.677539 1
43 85 1 -0.468971 1
43 86 1 -0.333656 1
43 87 1 -1.19152 1
43 88 1 -0.641502 1
43 89 1 -1.21305 1
43 90 1 -0.0849759 1
43 91 1 0.60007 1
43 92 1 0.810468 1
43 93 1 -1.197 1
43 94 1 0.525673 0
43 95 1 0.0665213 1
43 97 1 0.119523 1
97 94 1 0.702002 1
44 64 1 1.08685 1
44 65 1 1.46317 1
44 66 1 -0.733069 1
44 67 1 -0.363088 1
44 68 1 0.149568 1
44 69 1 -0.378909 1
44 70 1 -0.164434 1
44 71 1 -0.595471 1
44 72 1 -1.7392 1
44 73 1 -1.01177 1
44 74 1 0.760924 1
44 75 1 1.07314 1
44 76 1 -0.112183 1
44 77 1 0.90907 1
44 78 1 -0.274645 1
44 79 1 -0.435392 1
44 80 1 0.364928 1
44 81 1 1.16692 1
44 82 1 0.00443176 1
44 83 1 -0.0321053 1
44 84 1 -0.166076 1
44 85 1 0.699261 1
44 86 1 0.819725 1
44 87 1 0.859758 1
44 88 1 1.09249 1
44 89 1 -0.270965 1
44 90 1 0.512171 1
44 91 1 1.11787 1
44 92 1 -0.584652 1
44 93 1 0.512977 1
44 94 1 -0.363405 1
44 95 1 0.116297 1
45 64 1 -1.04624 1
45 65 1 -0.347341 1
45 66 1 -0.363427 1
45 67 1 1.13539 1
45 68 1 -0.409467 1
45 69 1 -0.265432 1
45 70 1 -0.774673 1
45 71 1 -0.924992 1
45 72 1 1.27244 1
45 73 1 0.468203 1
45 74 1 -1.63572 1
45 75 1 -0.037025 1
45 76 1 -0.762548 1
45 77 1 0.296716 1
45 78 1 -1.05684 1
45 79 1 0.424448 1
45 80 1 1.78111 1
45 81 1 0.0133792 1
45 82 1 0.834996 1
45 83 1 0.376205 1
45 84 1 -0.569515 1
45 85 1 -1.04047 1
45 86 1 -0.718045 1
45 87 1 0.984161 1
45 88 1 0.768759 1
45 89 1 -0.449721 1
45 90 1 -1.10376 1
45 91 1 0.411289 1
45 92 1 -0.476147 1
45 93 1 0.304319 1
45 94 1 -0.297763 1
45 95 1 0.997321 1
46 64 1 -0.559785 1
46 65 1 0.477572 1
46 66 1 0.600714 1
46 67 1 -0.337266 1
46 68 1 -0.721863 1
46 69 1 -0.0960749 1
46 70 1 -0.588269 1
46 71 1 -0.605105 1
46 72 1 0.520905 1
46 73 1 -1.23247 1
46 74 1 0.788787 1
46 75 1 1.54146 1
46 76 1 0.34933 1
46 77 1 0.265069 1
46 78 1 -0.571007 1
46 79 1 0.168926 1
46 80 1 0.26798 1
46 81 1 1.03873 1
46 82 1 -0.239347 1
46 83 1 -0.491186 1
46 84 1 0.0169347 1
46 85 1 -0.292379 1
46 86 1 0.139167 1
46 87 1 0.36907 1
46 88 1 0.0657457 1
46 89 1 0.124235 1
46 90 1 1.31484 1
46 91 1 0.176898 1
46 92 1 -0.526313 1
46 93 1 0.493619 1
46 94 1 0.606824 1
46 95 1 -0.436708 1
47 64 1 -0.30206 1
47 65 1 -1.06429 1
47 66 1 -0.963912 1
47 67 1 -0.17109 1
47 68 1 0.140614 1
47 69 1 0.241484 1
47 70 1 0.315025 1
47 71 1 -0.90456 1
47 72 1 0.851957 1
47 73 1 -0.176892 1
47 74 1 -0.614767 1
47 75 1 0.818818 1
47 76 1 -0.0711871 1
47 77 1 2.23516 1
47 78 1 -0.0989532 1
47 79 1 -1.36135 1
47 80 1 -0.670934 1
47 81 1 -0.401688 1
47 82 1 -1.21535 1
47 83 1 -0.804291 1
47 84 1 1.18851 1
47 85 1 -0.897229 1
47 86 1 0.336098 1
47 87 1 0.16693 1
47 88 1 0.51226 1
47 89 1 1.07053 1
47 90 1 -0.782986 1
47 91 1 -0.652767 1
47 92 1 -1.05859 1
47 93 1 -0.971618 1
47 94 1 -0.300128 1
47 95 1 0.650805 1
48 64 1 1.28988 1
48 65 1 0.421168 1
48 66 1 0.373983 1
48 67 1 -0.0299269 1
48 68 1 0.762489 1
48 69 1 -1.17256 1
48 70 1 -1.07956 1
48 71 1 0.386098 1
48 72 1 0.708111 1
48 73 1 0.701004 1
48 74 1 0.590011 1
48 75 1 0.00881069 1
48 76 1 -0.845595 1
48 77 1 0.381057 1
48 78 1 -0.668496 1
48 79 1 -0.966381 1
48 80 1 0.40781 1
48 81 1 -0.580038 1
48 82 1 0.226343 1
48 83 1 -1.08535 1
48 84 1 -0.379031 1
48 85 1 -0.990097 1
48 86 1 -0.783285 1
48 87 1 0.570391 1
48 88 1 -0.287094 1
48 89 1 -0.110837 1
48 90 1 -1.85634 1
48 91 1 0.0431684 1
48 92 1 0.695398 1
48 93 1 0.98902 1
48 94 1 -0.295242 1
48 95 1 0.596102 1
49 64 1 -0.922145 1
49 65 1 0.615085 1
49 66 1 -0.66975 1
49 67 1 0.418952 1
49 68 1 -0.373894 1
49 69 1 1.6998 1
49 70 1 0.367117 1
49 71 1 -0.845824 1
49 72 1 0.249483 1
49 73 1 -0.0415847 1
49 74 1 0.343654 1
49 75 1 1.31406 1
49 76 1 0.0410385 1
49 77 1 -0.284447 1
49 78 1 1.0414 1
49 79 1 0.687841 1
49 80 1 1.07702 1
49 81 1 -0.764754 1
49 82 1 0.0860681 1
49 83 1 -0.255397 1
49 84 1 1.39418 1
49 85 1 0.320939 1
49 86 1 -0.636015 1
49 87 1 0.3171 1
49 88 1 -1.36686 1
49 89 1 -0.956245 1
49 90 1 0.0470263 1
49 91 1 0.411209 1
49 92 1 -0.498721 1
49 93 1 0.208468 1
49 94 1 -0.254219 1
49 95 1 0.112916 1
50 64 1 -1.11867 1
50 65 1 -0.90608 1
50 66 1 0.108567 1
50 67 1 0.591015 1
50 68 1 0.748536 1
50 69 1 -0.538563 1
50 70 1 -0.726948 1
50 71 1 -1.08157 1
50 72 1 0.677797 1
50 73 1 0.381765 1
50 74 1 0.304319 1
50 75 1 0.692737 1
50 76 1 -1.07921 1
50 77 1 -0.163121 1
50 78 1 0.625587 1
50 79 1 -0.828763 1
50 80 1 1.44878 1
50 81 1 -0.510379 1
50 82 1 -1.1227 1
50 83 1 -1.75927 1
50 84 1 -0.828746 1
50 85 1 -2.23444 1
50 86 1 -0.479812 1
50 87 1 -1.27944 1
50 88 1 0.0454822 1
50 89 1 -0.159892 1
50 90 1 0.288317 1
50 91 1 -0.826743 1
50 92 1 0.621086 1
50 93 1 0.134666 1
50 94 1 1.11219 1
50 95 1 0.772753 1
51 64 1 0.302829 1
51 65 1 -0.427571 1
51 66 1 -0.112226 1
51 67 1 0.183926 1
51 68 1 0.410016 1
51 69 1 -1.29277 1
51 70 1 0.83303 1
51 71 1 -0.639119 1
51 72 1 1.87265 1
51 73 1 0.913581 1
51 74 1 -0.351787 1
51 75 1 0.243763 1
51 76 1 1.82865 1
51 77 1 -0.590201 1
51 78 1 0.555224 1
51 79 1 0.0676745 1
51 80 1 -0.484341 1
51 81 1 0.0233772 1
51 82 1 0.463381 1
51 83 1 0.43556 1
51 84 1 1.4336 1
51 85 1 -0.257567 1
51 86 1 -0.167415 1
51 87 1 2.03444 1
51 88 1 -0.0650442 1
51 89 1 -0.131153 1
51 90 1 -0.967187 1
51 91 1 -0.66599 1
51 92 1 1.2374 1
51 93 1 1.03383 1
51 94 1 -1.16305 1
51 95 1 0.213084 1
52 64 1 -0.219535 1
52 65 1 -0.538474 1
52 66 1 -0.909064 1
52 67 1 0.658958 1
52 68 1 -1.02656 1
52 69 1 -0.45703 1
52 70 1 -1.16707 1
52 71 1 1.03562 1
52 72 1 0.256127 1
52 73 1 -0.191491 1
52 74 1 -0.273137 1
52 75 1 0.606247 1
52 76 1 -0.445494 1
52 77 1 -0.125898 1
52 78 1 0.334516 1
52 79 1 0.588257 1
52 80 1 -0.0683672 1
52 81 1 0.500268 1
52 82 1 0.280303 1
52 83 1 0.464245 1
52 84 1 -0.458903 1
52 85 1 -0.355113 1
52 86 1 -0.809031 1
52 87 1 0.322169 1
52 88 1 -0.938545 1
52 89 1 -1.26596 1
52 90 1 -0.499115 1
52 91 1 0.0559461 1
52 92 1 0.187164 1
52 93 1 0.752956 1
52 94 1 -0.810474 1
52 95 1 -0.463258 1
53 64 1 0.334711 1
53 65 1 -0.255672 1
53 66 1 -0.947487 1
53 67 1 0.566252 1
53 68 1 0.0116639 1
53 69 1 0.676821 1
53 70 1 0.648292 1
53 71 1 0.0219581 1
53 72 1 1.37726 1
53 73 1 1.29084 1
53 74 1 -0.638865 1
53 75 1 -0.605951 1
53 76 1 -0.426621 1
53 77 1 0.00530408 1
53 78 1 0.165258 1
53 79 1 -0.259813 1
53 80 1 0.0205725 1
53 81 1 -0.228849 1
53 82 1 0.0447981 1
53 83 1 -0.292123 1
53 84 1 0.955764 1
53 85 1 0.292886 1
53 86 1 -0.802951 1
53 87 1 0.710614 1
53 88 1 1.23113 1
53 89 1 0.92403 1
53 90 1 -0.748363 1
53 91 1 -0.602442 1
53 92 1 -0.753715 1
53 93 1 -0.188794 1
53 94 1 0.548659 1
53 95 1 0.974114 1
54 64 1 0.665163 1
54 65 1 -0.441969 1
54 66 1 0.104147 1
54 67 1 -0.543276 1
54 68 1 -1.25885 1
54 69 1 -0.371358 1
54 70 1 0.168719 1
54 71 1 -0.199924 1
54 72 1 0.082104 1
54 73 1 0.910099 1
54 74 1 -0.122004 1
54 75 1 0.0993741 1
54 76 1 -0.041777 1
54 77 1 0.163982 1
54 78 1 0.167046 1
54 79 1 0.297422 1
54 80 1 -0.353374 1
54 81 1 0.560201 1
54 82 1 0.781655 1
54 83 1 -0.680664 1
54 84 1 -0.353865 1
54 85 1 -0.311252 1
54 86 1 0.0097687 1
54 87 1 -0.0345195 1
54 88 1 -0.0237988 1
54 89 1 1.28784 1
54 90 1 -0.288638 1
54 91 1 0.53072 1
54 92 1 -1.79631 1
54 93 1 0.363988 1
54 94 1 0.573375 1
54 95 1 1.77453 1
55 64 1 -1.48708 1
55 65 1 1.10689 1
55 66 1 -1.00613 1
55 67 1 -0.803399 1
55 68 1 -0.0794154 1
55 69 1 -1.61699 1
55 70 1 0.672066 1
55 71 1 0.0274758 1
55 72 1 -0.431703 1
55 73 1 -0.932575 1
55 74 1 -1.01024 1
55 75 1 1.15407 1
55 76 1 0.111747 1
55 77 1 -1.22668 1
55 78 1 -0.385427 1
55 79 1 -0.112461 1
55 80 1 1.41853 1
55 81 1 0.27995 1
55 82 1 -1.25259 1
55 83 1 -0.165233 1
55 84 1 1.21837 1
55 85 1 0.450194 1
55 86 1 -0.490832 1
55 87 1 -0.0482345 1
55 88 1 -0.44026 1
55 89 1 0.168334 1
55 90 1 0.449541 1
55 91 1 -0.353017 1
55 92 1 0.218028 1
55 93 1 0.12729 1
55 94 1 2.64833 1
55 95 1 -0.483273 1
56 64 1 -1.25753 1
56 65 1 1.02636 1
56 66 1 -0.273629 1
56 67 1 -0.415531 1
56 68 1 0.195774 1
56 69 1 1.56551 1
56 70 1 -0.254899 1
56 71 1 0.826377 1
56 72 1 -0.671624 1
56 73 1 -1.40262 1
56 74 1 -1.05245 1
56 75 1 0.160326 1
56 76 1 0.619486 1
56 77 1 1.26422 1
56 78 1 -0.512268 1
56 79 1 0.0874691 1
56 80 1 0.264547 1
56 81 1 -0.791015 1
56 82 1 1.02803 1
56 83 1 -1.69547 1
56 84 1 1.24341 1
56 85 1 0.0195927 1
56 86 1 0.864626 1
56 87 1 0.999677 1
56 88 1 0.348396 1
56 89 1 -0.259502 1
56 90 1 0.50238 1
56 91 1 1.04133 1
56 92 1 0.674667 1
56 93 1 -0.826615 1
56 94 1 0.560695 1
56 95 1 -1.70297 1
57 64 1 -1.27472 1
57 65 1 -0.897677 1
57 66 1 -0.904599 1
57 67 1 0.235883 1
57 68 1 0.132097 1
57 69 1 0.676223 1
57 70 1 -0.101935 1
57 71 1 -0.828733 1
57 72 1 -2.40534 1
57 73 1 0.945564 1
57 74 1 -0.22739 1
57 75 1 -0.266246 1
57 76 1 0.289333 1
57 77 1 0.357912 1
57 78 1 -0.759096 1
57 79 1 -0.17315 1
57 80 1 -0.231205 1
57 81 1 0.527939 1
57 82 1 0.0045776 1
57 83 1 0.158171 1
57 84 1 0.648692 1
57 85 1 -0.624326 1
57 86 1 0.572369 1
57 87 1 0.546318 1
57 88 1 0.250545 1
57 89 1 -0.958089 1
57 90 1 -1.14184 1
57 91 1 -0.526649 1
57 92 1 0.0221103 1
57 93 1 0.721311 1
57 94 1 -0.0551587 1
57 95 1 0.0457591 1
58 64 1 -0.540068 1
58 65 1 1.36779 1
58 66 1 0.742268 1
58 67 1 -0.247764 1
58 68 1 -0.0407482 1
58 69 1 0.278372 1
58 70 1 0.630646 1
58 71 1 -1.17213 1
58 72 1 0.705265 1
58 73 1 0.458592 1
58 74 1 -1.03229 1
58 75 1 0.0729665 1
58 76 1 0.122211 1
58 77 1 0.00861839 1
58 78 1 1.04283 1
58 79 1 0.332945 1
58 80 1 0.33683 1
58 81 1 0.220734 1
58 82 1 -0.552306 1
58 83 1 0.149653 1
58 84 1 0.0633381 1
58 85 1 1.23126 1
58 86 1 0.707761 1
58 87 1 -1.20469 1
58 88 1 -1.08575 1
58 89 1 1.48023 1
58 90 1 0.579232 1
58 91 1 0.406491 1
58 92 1 0.977444 1
58 93 1 0.424579 1
58 94 1 0.598062 1
58 95 1 -1.13564 1
58 28 1 0.712568 1
59 64 1 -0.0923887 1
59 65 1 0.0556261 1
59 66 1 -0.674539 1
59 67 1 -0.0791745 1
59 68 1 -0.340816 1
59 69 1 0.215959 1
59 70 1 -0.282068 1
59 71 1 -0.280102 1
59 72 1 0.401484 1
59 73 1 0.488394 1
59 74 1 0.702777 1
59 75 1 -0.389108 1
59 76 1 -0.336884 1
59 77 1 -0.305741 1
59 78 1 0.276809 1
59 79 1 -0.083752 1
59 80 1 -0.257652 1
59 81 1 1.44278 1
59 82 1 -0.275515 1
59 83 1 -0.809732 1
59 84 1 0.927641 1
59 85 1 0.437086 1
59 86 1 -0.366854 1
59 87 1 -0.847127 1
59 88 1 1.47757 1
59 89 1 -0.784512 1
59 90 1 0.0118443 1
59 91 1 0.201545 1
59 92 1 -0.633249 1
59 93 1 -0.390997 1
59 94 1 -0.357841 1
59 95 1 0.975369 1
60 64 1 0.000534105 1
60 65 1 0.456947 1
60 66 1 -1.11414 1
60 67 1 0.839237 1
60 68 1 0.188715 1
60 69 1 -1.13956 1
60 70 1 0.0265477 1
60 71 1 -0.758651 1
60 72 1 -0.897482 1
60 73 1 0.551039 1
60 74 1 1.08823 1
60 75 1 0.725126 1
60 76 1 1.27735 1
60 77 1 -0.114707 1
60 78 1 1.01278 1
60 79 1 1.21579 1
60 80 1 -0.794833 1
60 81 1 0.267269 1
60 82 1 1.55786 1
60 83 1 -1.21406 1
60 84 1 0.499771 1
60 85 1 -0.393115 1
60 86 1 0.660451 1
60 87 1 -0.475793 1
60 88 1 0.155311 1
60 89 1 0.432426 1
60 90 1 0.314213 1
60 91 1 -0.499964 1
60 92 1 0.0756983 1
60 93 1 -0.094281 1
60 94 1 0.645506 1
60 95 1 0.170089 1
61 64 1 0.486813 1
61 65 1 0.968538 1
61 66 1 -0.415217 1
61 67 1 -0.237025 1
61 68 1 -0.328913 1
61 69 1 0.221619 1
61 70 1 -1.00768 1
61 71 1 -0.25175 1
61 72 1 0.785348 1
61 73 1 -0.421876 1
61 74 1 -0.059319 1
61 75 1 0.274477 1
61 76 1 -0.725801 1
61 77 1 -0.118177 1
61 78 1 -0.579797 1
61 79 1 0.103467 1
61 80 1 -0.793417 1
61 81 1 -0.249654 1
61 82 1 -0.458803 1
61 83 1 0.379629 1
61 84 1 1.19195 1
61 85 1 0.27503 1
61 86 1 0.670528 1
61 87 1 -0.177652 1
61 88 1 0.932606 1
61 89 1 0.342454 1
61 90 1 0.126835 1
61 91 1 0.234287 1
61 92 1 0.11793 1
61 93 1 0.170425 1
61 94 1 0.624 1
61 95 1 0.216828 1
61 10 1 -0.731254 1
61 23 1 -0.549532 1
61 20 1 0.335481 1
62 64 1 -0.516828 1
62 65 1 -0.994168 1
62 66 1 0.492727 1
62 67 1 0.350185 1
62 68 1 0.39248 1
62 69 1 -1.30226 1
62 70 1 0.41045 1
62 71 1 0.753896 1
62 72 1 0.780819 1
62 73 1 0.0676289 1
62 74 1 0.0632252 1
62 75 1 -0.239342 1
62 76 1 -0.0608871 1
62 77 1 -0.0746243 1
62 78 1 -0.0504746 1
62 79 1 0.842067 1
62 80 1 -1.43331 1
62 81 1 0.637461 1
62 82 1 -0.00179192 1
62 83 1 0.948769 1
62 84 1 -0.0153747 1
62 85 1 -1.44945 1
62 86 1 -0.822801 1
62 87 1 1.29057 1
62 88 1 1.56601 1
62 89 1 0.0315987 1
62 90 1 1.23803 1
62 91 1 -0.482971 1
62 92 1 0.621186 1
62 93 1 0.0437297 1
62 94 1 -0.362188 1
62 95 1 1.25062 1
63 64 1 -1.06326 1
63 65 1 0.854924 1
63 66 1 0.167773 1
63 67 1 0.599188 1
63 68 1 -0.93615 1
63 69 1 0.203861 1
63 70 1 -1.54754 1
63 71 1 0.676067 1
63 72 1 0.496103 1
63 73 1 -0.978011 1
63 74 1 -1.04701 1
63 75 1 0.56172 1
63 76 1 1.29556 1
63 77 1 0.268941 1
63 78 1 1.17018 1
63 79 1 -0.123057 1
63 80 1 1.30681 1
63 81 1 -0.331681 1
63 82 1 0.137623 1
63 83 1 -0.164818 1
63 84 1 0.48536 1
63 85 1 0.00490432 1
63 86 1 0.341683 1
63 87 1 -0.338185 1
63 88 1 -0.764077 1
63 89 1 0.125993 1
63 90 1 0.411328 1
63 91 1 -0.70857 1
63 92 1 1.14808 1
63 93 1 1.31589 1
63 94 1 0.110474 1
63 95 1 -1.04931 1
63 8 1 -0.354384 1
63 13 1 1.12168 1
