116 64 32
-0.003238 0.0988581 -3.03271 3.55701 -1.50663 1.28135 -0.35391 -0.20315 0.466854 3.62193 1.00113 -0.0415635 -3.55535 -1.83175 0.761956 -1.71383 -1.42053 -0.137941 -1.82394 -0.780704 -3.0563 -0.735859 -0.889468 0.408633 0.608096 -0.255242 2.58019 2.11405 -0.15264 -0.297198 -3.26093 0.00698072 -0.405202 4.20058 0.25314 1.76926 -1.06965 0.432209 -1.06797 -1.7344 0.96466 -1.50761 0.846311 -1.60617 -0.177416 0.0353173 -0.792061 1.29909 0.566661 0.823536 3.68924 -2.91583 -1.20614 0.896869 2.3322 0.992023 -0.938277 0.503657 -0.0725893 -1.15502 -0.289342 -2.08545 -0.34309 -3.63654 -2.73291 1.12605 0.542409 0.699897 -1.9184 -1.05752 -2.17379 -0.00551945 -0.943076 -1.32058 1.29653 1.9383 -2.18349 0.127878 -0.241736 -3.11343 1.36934 -0.801371 -0.292341 0.623602 0.703399 0.217105 -0.983734 1.05456 1.55245 -0.999494 -1.4351 1.51526 -2.51888 1.45417 0.029103 -0.0575695 -0.816807 -0.57103 -0.858219 -1.04843 1.33894 -0.253591 -1.10564 -1.7393 -1.61899 2.84883 0.633974 -0.782102 -0.836609 0.124902 0.446443 0.43014 1.15083 -1.0913 -0.155902 0.00100977 
0 64 1 -3.12281 1
0 65 1 -1.09605 1
0 66 1 -0.0665429 1
0 67 1 -1.79529 1
0 68 1 1.36426 1
0 69 1 0.703602 1
0 70 1 -0.397587 1
0 71 1 -0.961498 1
0 72 1 -2.04785 1
0 73 1 0.245389 1
0 74 1 -1.6191 1
0 75 1 0.429262 1
0 76 1 1.03298 1
0 77 1 1.24228 1
0 78 1 -0.937113 1
0 79 1 3.76943 1
0 80 1 -0.382808 1
0 81 1 2.92457 1
0 82 1 1.52439 1
0 83 1 0.468557 1
0 84 1 -1.65383 1
0 85 1 1.12236 1
0 86 1 -0.307285 1
0 87 1 -2.2631 1
0 88 1 0.191176 1
0 89 1 1.30183 1
0 90 1 2.07693 1
0 91 1 2.82427 1
0 92 1 -2.66005 1
0 93 1 0.85696 1
0 94 1 0.94207 1
0 95 1 0.600278 1
1 64 1 -0.687196 1
1 65 1 1.42854 1
1 66 1 1.33803 1
1 67 1 -0.166996 1
1 68 1 0.986739 1
1 69 1 2.3358 1
1 70 1 2.09885 1
1 71 1 -0.590452 1
1 72 1 -0.190778 1
1 73 1 -0.357355 1
1 74 1 -1.3292 1
1 75 1 -0.426765 1
1 76 1 1.57358 1
1 77 1 4.68178 1
1 78 1 -0.257614 1
1 79 1 0.701536 1
1 80 1 -1.5962 1
1 81 1 1.27505 1
1 82 1 -0.0773171 1
1 83 1 -2.29445 1
1 84 1 -0.135715 1
1 85 1 1.06702 1
1 86 1 -1.01705 1
1 87 1 0.185577 1
1 88 1 -0.433028 1
1 89 1 1.32275 1
1 90 1 0.403544 1
1 91 1 -1.49928 1
1 92 1 -0.141678 1
1 93 1 1.79256 1
1 94 1 -2.17774 1
1 95 1 -2.75837 1
2 64 1 -0.096417 1
2 65 1 2.36611 1
2 66 1 -0.768839 1
2 67 1 -1.85353 1
2 68 1 0.130678 1
2 69 1 1.11882 1
2 70 1 0.675869 1
2 71 1 0.450592 1
2 72 1 -1.60607 1
2 73 1 -1.21906 1
2 74 1 -1.94835 1
2 75 1 -0.399989 1
2 76 1 -4.19689 1
2 77 1 0.406803 1
2 78 1 -2.39219 1
2 79 1 -2.91602 1
2 80 1 0.644071 1
2 81 1 -3.21897 1
2 82 1 1.25764 1
2 83 1 0.0391997 1
2 84 1 0.282999 1
2 85 1 2.06704 1
2 86 1 -1.02935 1
2 87 1 -2.25937 1
2 88 1 -0.607037 1
2 89 1 -4.35447 1
2 90 1 -2.21666 1
2 91 1 -0.357256 1
2 92 1 2.71361 1
2 93 1 -2.42926 1
2 94 1 0.556501 1
2 95 1 -0.712869 1
2 100 1 -0.714506 1
2 6 1 2.18964 1
3 64 1 -1.87809 1
3 65 1 -1.80956 1
3 66 1 -1.42988 1
3 67 1 0.384152 1
3 68 1 0.982718 1
3 69 1 -2.07141 1
3 70 1 1.21233 1
3 71 1 2.89185 1
3 72 1 4.52898 1
3 73 1 -0.411258 1
3 74 1 0.771194 1
3 75 1 2.93629 1
3 76 1 3.12276 1
3 77 1 -1.78158 1
3 78 1 -0.314789 1
3 79 1 -0.0192728 1
3 80 1 -0.43195 1
3 81 1 0.60051 1
3 82 1 4.49474 1
3 83 1 -0.196523 1
3 84 1 -0.579107 1
3 85 1 -1.36909 1
3 86 1 1.21318 1
3 87 1 -1.12665 1
3 88 1 1.84147 1
3 89 1 0.494218 1
3 90 1 -1.89897 1
3 91 1 0.0670655 1
3 92 1 -1.59908 1
3 93 1 -2.30788 1
3 94 1 -0.742725 1
3 95 1 0.45716 0
3 110 1 0.195619 1
110 95 1 -0.0862379 0
110 111 1 0.798555 1
111 95 1 -0.205627 1
4 64 1 1.99839 1
4 65 1 -0.869457 1
4 66 1 -2.92278 1
4 67 1 0.80611 1
4 68 1 -0.319319 1
4 69 1 1.66855 1
4 70 1 0.927132 1
4 71 1 -0.414344 1
4 72 1 1.68803 1
4 73 1 -2.81276 1
4 74 1 -0.653563 1
4 75 1 -1.43548 0
4 76 1 1.6202 1
4 77 1 1.8324 1
4 78 1 1.43152 1
4 79 1 -0.870807 1
4 80 1 -3.18346 1
4 81 1 -1.62607 1
4 82 1 -0.145842 1
4 83 1 -0.791173 1
4 84 1 1.03539 1
4 85 1 2.43114 1
4 86 1 -1.22436 1
4 87 1 -2.52617 1
4 88 1 -0.631951 1
4 89 1 -0.429058 1
4 90 1 0.539641 1
4 91 1 -2.03258 1
4 92 1 0.136351 1
4 93 1 0.312566 1
4 94 1 -2.48839 1
4 95 1 0.67508 1
4 101 1 1.06793 1
4 17 1 -0.0691669 1
101 75 1 -0.364495 1
5 64 1 0.446626 1
5 65 1 1.93815 1
5 66 1 -0.422642 1
5 67 1 3.11335 1
5 68 1 1.54098 1
5 69 1 1.76718 1
5 70 1 -1.28703 1
5 71 1 -1.56078 1
5 72 1 0.839835 1
5 73 1 -1.97395 1
5 74 1 -0.843269 1
5 75 1 2.68295 1
5 76 1 1.0374 1
5 77 1 0.193485 1
5 78 1 -2.48545 1
5 79 1 0.446342 1
5 80 1 1.49163 1
5 81 1 0.40432 1
5 82 1 0.828833 1
5 83 1 2.50347 1
5 84 1 1.70837 1
5 85 1 0.144578 1
5 86 1 -0.773735 1
5 87 1 -0.422305 1
5 88 1 -0.13233 1
5 89 1 -1.57532 1
5 90 1 -1.82899 1
5 91 1 1.79993 1
5 92 1 -2.93228 1
5 93 1 0.561379 1
5 94 1 -0.418051 1
5 95 1 -0.713952 1
6 64 1 0.0791656 1
6 65 1 -1.50225 1
6 66 1 2.2139 1
6 67 1 0.718031 1
6 68 1 -2.51781 1
6 69 1 0.00965944 1
6 70 1 -1.48361 1
6 71 1 -1.25505 1
6 72 1 0.460016 1
6 73 1 -1.59114 1
6 74 1 -2.17553 1
6 75 1 -0.97485 1
6 76 1 3.75635 1
6 77 1 -0.425834 1
6 78 1 1.02805 1
6 79 1 -2.53683 1
6 80 1 1.48752 1
6 81 1 0.858866 1
6 82 1 -0.273752 1
6 83 1 2.27271 1
6 84 1 2.59711 1
6 85 1 -1.39348 1
6 86 1 0.589455 1
6 87 1 2.46004 1
6 88 1 -0.249689 1
6 89 1 -1.43507 1
6 90 1 2.01605 1
6 91 1 -1.85996 1
6 92 1 1.66751 1
6 93 1 1.53612 1
6 94 1 -2.28613 1
6 95 1 0.259351 1
7 64 1 0.751232 1
7 65 1 -0.05848 1
7 66 1 0.74183 1
7 67 1 -0.709164 1
7 68 1 -2.17902 1
7 69 1 0.759482 1
7 70 1 1.05714 1
7 71 1 1.96489 1
7 72 1 1.22007 1
7 73 1 0.541623 1
7 74 1 0.555214 1
7 75 1 -1.54528 1
7 76 1 1.38639 1
7 77 1 0.321953 1
7 78 1 1.4691 1
7 79 1 1.13753 1
7 80 1 -1.49518 1
7 81 1 -0.626116 1
7 82 1 -2.77674 1
7 83 1 0.839221 0
7 84 1 -0.642642 1
7 85 1 1.98327 1
7 86 1 3.70799 1
7 87 1 -0.244744 1
7 88 1 -2.11995 1
7 89 1 -1.15398 1
7 90 1 1.57906 1
7 91 1 -0.637781 1
7 92 1 0.597965 1
7 93 1 -0.671368 1
7 94 1 1.13045 1
7 95 1 2.51429 1
7 100 1 -0.465314 1
100 83 1 -0.99168 1
100 24 1 -0.756317 0
100 106 1 2.50174 1
106 24 1 -2.43309 1
8 64 1 3.06132 1
8 65 1 -2.15467 1
8 66 1 -0.826568 1
8 67 1 0.0371971 1
8 68 1 -0.0280906 1
8 69 1 0.932635 1
8 70 1 -0.314328 1
8 71 1 0.785231 1
8 72 1 1.09115 1
8 73 1 0.808249 1
8 74 1 -0.374881 1
8 75 1 -2.58809 1
8 76 1 0.00791213 1
8 77 1 0.826931 1
8 78 1 0.0741899 1
8 79 1 -0.988412 1
8 80 1 0.556636 1
8 81 1 -0.575107 1
8 82 1 -0.0995411 1
8 83 1 -1.65706 1
8 84 1 3.4094 1
8 85 1 3.43574 1
8 86 1 4.16431 1
8 87 1 0.907961 1
8 88 1 -1.4038 1
8 89 1 3.00055 1
8 90 1 1.69976 1
8 91 1 0.398383 1
8 92 1 1.62291 1
8 93 1 2.44528 1
8 94 1 2.55764 1
8 95 1 -9.93059e-05 1
9 64 1 1.03105 1
9 65 1 0.183699 1
9 66 1 1.89701 1
9 67 1 0.346858 1
9 68 1 -0.726389 1
9 69 1 -0.649636 1
9 70 1 -3.65517 1
9 71 1 -0.0846069 1
9 72 1 -0.00210126 1
9 73 1 -0.58424 1
9 74 1 -0.82661 1
9 75 1 -1.17749 1
9 76 1 1.82834 1
9 77 1 -0.0707401 1
9 78 1 0.558566 1
9 79 1 1.38595 1
9 80 1 -0.225985 1
9 81 1 -1.11029 1
9 82 1 -1.25333 1
9 83 1 1.43553 1
9 84 1 3.89625 1
9 85 1 4.36589 1
9 86 1 -1.80551 1
9 87 1 2.23965 1
9 88 1 0.354133 1
9 89 1 3.45598 1
9 90 1 -0.00276226 1
9 91 1 -0.942151 1
9 92 1 -0.74985 1
9 93 1 -1.71529 1
9 94 1 -1.75875 1
9 95 1 -0.204103 1
10 64 1 0.347797 1
10 65 1 1.1334 1
10 66 1 1.3511 1
10 67 1 -0.359067 1
10 68 1 2.78565 1
10 69 1 0.464172 1
10 70 1 -0.450393 1
10 71 1 -2.29396 1
10 72 1 2.60787 1
10 73 1 1.50453 1
10 74 1 -0.647295 1
10 75 1 0.907948 1
10 76 1 -0.276164 1
10 77 1 1.68721 1
10 78 1 -2.36217 1
10 79 1 -2.44898 1
10 80 1 1.50867 1
10 81 1 1.18881 1
10 82 1 -0.176508 1
10 83 1 0.972962 1
10 84 1 1.16247 1
10 85 1 2.46169 1
10 86 1 -0.238552 1
10 87 1 2.8413 1
10 88 1 1.92934 1
10 89 1 0.42001 1
10 90 1 -0.0278937 1
10 91 1 0.289433 1
10 92 1 3.53185 1
10 93 1 -1.19364 1
10 94 1 2.75719 1
10 95 1 3.51454 1
11 64 1 2.76963 1
11 65 1 0.106346 1
11 66 1 1.51437 1
11 67 1 -3.55252 1
11 68 1 3.01981 1
11 69 1 -0.287257 1
11 70 1 1.51195 1
11 71 1 -0.142538 1
11 72 1 0.869688 1
11 73 1 0.780164 1
11 74 1 -0.495162 1
11 75 1 -1.04943 1
11 76 1 -0.95816 1
11 77 1 0.94648 1
11 78 1 -1.75314 1
11 79 1 -1.67767 1
11 80 1 1.14757 1
11 81 1 1.08364 1
11 82 1 2.13952 1
11 83 1 0.142578 1
11 84 1 3.49912 1
11 85 1 -1.17378 1
11 86 1 -0.905406 1
11 87 1 -0.752353 1
11 88 1 -1.41567 1
11 89 1 -1.40029 1
11 90 1 0.403296 1
11 91 1 -0.545007 1
11 92 1 -1.0179 1
11 93 1 2.76935 1
11 94 1 0.385488 1
11 95 1 -0.647707 1
12 64 1 -2.07471 1
12 65 1 2.30566 1
12 66 1 -0.626024 1
12 67 1 -1.67984 1
12 68 1 1.22185 1
12 69 1 0.961115 1
12 70 1 2.37012 1
12 71 1 0.95966 1
12 72 1 -1.23084 1
12 73 1 -0.0953605 1
12 74 1 -0.380523 1
12 75 1 -1.13127 1
12 76 1 -0.0736228 1
12 77 1 2.01102 1
12 78 1 -0.629076 1
12 79 1 -1.4143 1
12 80 1 -1.74793 1
12 81 1 -1.10298 1
12 82 1 1.21657 1
12 83 1 -0.10517 1
12 84 1 -1.2753 1
12 85 1 0.522907 1
12 86 1 -0.174805 1
12 87 1 1.77684 1
12 88 1 -0.0766983 1
12 89 1 1.37315 1
12 90 1 0.63546 1
12 91 1 -2.43748 1
12 92 1 0.919308 1
12 93 1 -2.49363 1
12 94 1 -0.76015 1
12 95 1 0.503956 1
13 64 1 -2.56229 1
13 65 1 -2.48953 1
13 66 1 -0.391349 1
13 67 1 -0.869955 1
13 68 1 1.85519 1
13 69 1 -2.7022 1
13 70 1 0.882019 1
13 71 1 3.90021 1
13 72 1 -0.424873 1
13 73 1 -2.6286 1
13 74 1 -1.2123 1
13 75 1 0.411012 1
13 76 1 -0.147256 1
13 77 1 -0.861033 1
13 78 1 -0.692383 1
13 79 1 -1.32333 1
13 80 1 -0.0157706 1
13 81 1 0.569899 1
13 82 1 1.57511 1
13 83 1 0.10394 1
13 84 1 -0.737396 1
13 85 1 -0.160717 1
13 86 1 4.04514 1
13 87 1 3.32163 1
13 88 1 0.113994 1
13 89 1 -0.819382 1
13 90 1 -3.85705 1
13 91 1 -2.0117 1
13 92 1 -2.24622 1
13 93 1 -2.74887 1
13 94 1 -0.584235 1
13 95 1 -2.07352 1
14 64 1 -1.93834 1
14 65 1 1.9656 1
14 66 1 0.229036 1
14 67 1 -1.59385 1
14 68 1 -1.29979 1
14 69 1 2.9926 1
14 70 1 0.262672 1
14 71 1 3.00652 1
14 72 1 -0.523411 1
14 73 1 -0.656617 1
14 74 1 2.0217 1
14 75 1 0.0997242 1
14 76 1 0.197955 1
14 77 1 -0.310601 1
14 78 1 -0.891385 1
14 79 1 1.65476 1
14 80 1 1.46605 1
14 81 1 2.37849 1
14 82 1 2.0177 1
14 83 1 -2.06224 1
14 84 1 -0.496671 1
14 85 1 -0.781539 1
14 86 1 2.7769 1
14 87 1 -0.186037 1
14 88 1 -1.43789 1
14 89 1 -1.1676 1
14 90 1 1.84286 1
14 91 1 4.3507 1
14 92 1 0.232834 1
14 93 1 2.38102 1
14 94 1 3.31175 1
14 95 1 -1.10295 1
14 104 1 0.559853 1
15 64 1 0.0439696 1
15 65 1 -0.990379 1
15 66 1 -0.996996 1
15 67 1 -0.0739871 1
15 68 1 0.199762 1
15 69 1 0.229055 1
15 70 1 2.5876 1
15 71 1 -1.0402 1
15 72 1 -3.76238 1
15 73 1 -0.195536 1
15 74 1 -2.36637 1
15 75 1 -2.27576 1
15 76 1 -0.743398 1
15 77 1 2.44546 1
15 78 1 -1.65045 1
15 79 1 -0.200316 1
15 80 1 0.357835 1
15 81 1 2.84829 1
15 82 1 -2.31343 1
15 83 1 0.735499 1
15 84 1 1.13347 1
15 85 1 -0.825126 1
15 86 1 0.0155693 1
15 87 1 -2.90483 1
15 88 1 0.8161 1
15 89 1 -0.0601184 1
15 90 1 0.0697558 1
15 91 1 -0.529294 1
15 92 1 -0.0579709 1
15 93 1 0.566663 1
15 94 1 2.41003 1
15 95 1 1.66237 1
16 64 1 0.996601 1
16 65 1 -1.01667 1
16 66 1 -3.475 1
16 67 1 -0.000979607 1
16 68 1 2.79988 1
16 69 1 0.85141 1
16 70 1 2.66378 1
16 71 1 1.39395 1
16 72 1 -1.54157 1
16 73 1 -0.55935 1
16 74 1 1.75158 1
16 75 1 -1.38413 1
16 76 1 -2.24209 1
16 77 1 1.31276 1
16 78 1 -0.00913087 1
16 79 1 -1.95189 1
16 80 1 -2.27837 1
16 81 1 2.17752 1
16 82 1 -1.93084 1
16 83 1 -0.644222 1
16 84 1 -0.405449 1
16 85 1 -0.10131 1
16 86 1 -3.17051 1
16 87 1 -0.672577 1
16 88 1 0.245457 1
16 89 1 1.16833 1
16 90 1 0.324001 1
16 91 1 1.45241 1
16 92 1 2.05906 1
16 93 1 -0.833661 1
16 94 1 -0.250452 1
16 95 1 -1.93479 1
17 64 1 -4.09013 1
17 65 1 -2.40069 1
17 66 1 -2.16948 1
17 67 1 1.84574 1
17 68 1 -0.11846 1
17 69 1 -0.62497 1
17 70 1 1.63157 1
17 71 1 2.7069 1
17 72 1 -5.8702 1
17 73 1 2.51532 1
17 74 1 1.02905 1
17 75 1 0.455635 1
17 76 1 -3.84693 1
17 77 1 0.423014 1
17 78 1 2.10215 1
17 79 1 -3.24227 1
17 80 1 3.23611 1
17 81 1 3.04041 1
17 82 1 -1.53695 1
17 83 1 0.265241 1
17 84 1 -2.2937 1
17 85 1 0.405992 1
17 86 1 2.03626 1
17 87 1 1.47419 1
17 88 1 -3.09622 1
17 89 1 -0.705687 1
17 90 1 -3.22247 1
17 91 1 1.26831 1
17 92 1 0.347479 1
17 93 1 0.500133 1
17 94 1 2.98223 1
17 95 1 -1.30287 1
18 64 1 0.754256 1
18 65 1 0.695407 1
18 66 1 1.10292 1
18 67 1 -0.036503 1
18 68 1 1.23634 1
18 69 1 0.434654 1
18 70 1 0.822705 1
18 71 1 0.190132 1
18 72 1 1.44598 1
18 73 1 -0.945905 1
18 74 1 1.19532 1
18 75 1 -0.103774 1
18 76 1 1.14571 1
18 77 1 2.19838 1
18 78 1 2.40527 1
18 79 1 0.147317 1
18 80 1 -0.296946 1
18 81 1 3.86333 1
18 82 1 -1.51273 1
18 83 1 0.177143 1
18 84 1 -1.15807 1
18 85 1 -2.03537 1
18 86 1 2.18035 1
18 87 1 0.448834 1
18 88 1 2.19606 1
18 89 1 0.234135 1
18 90 1 -0.62316 1
18 91 1 -1.05491 1
18 92 1 -0.687001 1
18 93 1 0.370759 1
18 94 1 -0.348744 1
18 95 1 -0.65708 1
18 25 1 -1.36292 1
19 64 1 -0.28151 1
19 65 1 -1.57307 1
19 66 1 2.41455 1
19 67 1 -1.47499 1
19 68 1 -1.64804 1
19 69 1 0.501026 1
19 70 1 -1.11658 1
19 71 1 0.286947 1
19 72 1 3.34732 1
19 73 1 1.28744 1
19 74 1 -1.02825 1
19 75 1 0.919045 1
19 76 1 -0.474063 1
19 77 1 0.0173581 1
19 78 1 -1.72358 1
19 79 1 0.907511 1
19 80 1 -0.504953 1
19 81 1 -2.4787 1
19 82 1 0.508249 1
19 83 1 -1.76948 1
19 84 1 0.867924 1
19 85 1 0.0321528 1
19 86 1 -0.36031 1
19 87 1 2.87662 1
19 88 1 2.10831 1
19 89 1 4.93827 1
19 90 1 -0.32058 1
19 91 1 0.0469995 1
19 92 1 2.03113 1
19 93 1 -3.62882 1
19 94 1 -2.6423 1
19 95 1 -3.40936 1
20 64 1 1.63063 1
20 65 1 0.756502 1
20 66 1 0.374152 1
20 67 1 1.50122 1
20 68 1 -0.116723 1
20 69 1 -1.31916 1
20 70 1 -2.0734 1
20 71 1 0.0611677 1
20 72 1 1.63502 1
20 73 1 -1.33097 1
20 74 1 1.22446 1
20 75 1 1.78939 1
20 76 1 -0.889214 1
20 77 1 -0.349369 1
20 78 1 1.54707 1
20 79 1 0.541555 1
20 80 1 -0.0490971 1
20 81 1 -0.0660315 1
20 82 1 1.1643 1
20 83 1 2.37604 1
20 84 1 0.435651 1
20 85 1 -0.0394427 1
20 86 1 1.11588 1
20 87 1 -0.389539 1
20 88 1 0.462867 1
20 89 1 0.961906 1
20 90 1 0.828192 1
20 91 1 -0.438547 0
20 92 1 -1.97929 1
20 93 1 1.88864 0
20 94 1 0.86724 0
20 95 1 -1.06997 1
20 96 1 -0.814704 1
20 98 1 -0.808064 1
20 103 1 0.793333 1
103 91 1 -0.483736 0
103 105 1 1.96842 1
103 112 1 0.603383 1
105 91 1 0.0567757 1
98 93 1 -0.263206 1
98 99 1 -0.617034 1
96 94 1 0.350196 1
21 64 1 -0.98515 1
21 65 1 1.11267 1
21 66 1 -2.65952 1
21 67 1 -2.35386 1
21 68 1 -1.24908 1
21 69 1 2.36736 1
21 70 1 -0.60069 1
21 71 1 -1.9612 1
21 72 1 -2.23384 1
21 73 1 -0.649346 1
21 74 1 -1.23794 1
21 75 1 -0.540531 1
21 76 1 -0.482861 1
21 77 1 0.527874 1
21 78 1 -2.55192 1
21 79 1 -1.57063 1
21 80 1 0.595966 1
21 81 1 0.453264 1
21 82 1 -0.407747 1
21 83 1 0.0742138 1
21 84 1 4.84031 1
21 85 1 -0.93019 1
21 86 1 1.08518 1
21 87 1 0.559084 1
21 88 1 1.93133 1
21 89 1 2.66276 1
21 90 1 1.88221 1
21 91 1 -1.24681 1
21 92 1 0.405015 1
21 93 1 -0.67822 1
21 94 1 -0.718885 1
21 95 1 0.163711 1
22 64 1 -0.26484 1
22 65 1 2.0577 1
22 66 1 1.09125 1
22 67 1 1.26562 1
22 68 1 -1.90437 1
22 69 1 -1.31228 1
22 70 1 0.0843654 1
22 71 1 1.17639 1
22 72 1 -1.57227 1
22 73 1 -0.881444 1
22 74 1 -1.38522 1
22 75 1 -0.0556417 1
22 76 1 0.835905 1
22 77 1 0.0790831 1
22 78 1 1.06213 1
22 79 1 1.24128 1
22 80 1 -2.08494 1
22 81 1 -2.0514 1
22 82 1 0.487688 1
22 83 1 0.64912 1
22 84 1 -1.35618 1
22 85 1 -0.697544 1
22 86 1 0.693995 1
22 87 1 2.17919 1
22 88 1 -0.797631 1
22 89 1 -0.114508 1
22 90 1 2.0327 1
22 91 1 0.668219 1
22 92 1 0.122218 1
22 93 1 1.90915 1
22 94 1 1.75264 1
22 95 1 3.93956 1
23 64 1 -1.23878 1
23 65 1 0.579364 1
23 66 1 -0.0470336 1
23 67 1 -1.10874 1
23 68 1 -2.13989 1
23 69 1 0.821422 1
23 70 1 1.4628 1
23 71 1 -2.30823 1
23 72 1 0.724384 1
23 73 1 -1.09538 1
23 74 1 2.4806 1
23 75 1 0.517817 1
23 76 1 -0.0605668 1
23 77 1 2.56362 1
23 78 1 1.05657 1
23 79 1 -3.55983 1
23 80 1 0.318718 1
23 81 1 -0.616624 1
23 82 1 -1.42565 1
23 83 1 0.126823 1
23 84 1 2.29407 1
23 85 1 -0.0380549 1
23 86 1 -5.67686 1
23 87 1 0.411794 1
23 88 1 0.774769 1
23 89 1 -0.372943 1
23 90 1 -1.30385 1
23 91 1 0.318226 1
23 92 1 -1.15818 1
23 93 1 1.03278 1
23 94 1 -0.906923 1
23 95 1 -2.041 1
23 107 1 1.30699 1
24 64 1 -2.87381 1
24 65 1 0.0546369 1
24 66 1 0.540205 1
24 67 1 3.065 1
24 68 1 -1.67541 1
24 69 1 0.879992 1
24 70 1 -0.162001 1
24 71 1 4.12749 1
24 72 1 0.0126875 1
24 73 1 0.612318 1
24 74 1 -0.912659 1
24 75 1 0.301423 1
24 76 1 2.92036 1
24 77 1 -2.11328 1
24 78 1 -2.88691 1
24 79 1 1.40121 1
24 80 1 -0.208394 1
24 81 1 -0.132715 1
24 82 1 2.42527 1
24 83 1 -3.32891 1
24 84 1 -1.62012 1
24 85 1 -0.0428853 1
24 86 1 -1.66305 1
24 87 1 2.76901 1
24 88 1 -0.434153 1
24 89 1 0.968064 1
24 90 1 1.50318 1
24 91 1 -1.23249 1
24 92 1 0.929708 1
24 93 1 0.827118 1
24 94 1 -0.0237065 1
24 95 1 2.09188 1
24 5 1 3.01594 1
25 64 1 -2.14421 1
25 65 1 1.35746 1
25 66 1 -0.370693 1
25 67 1 0.111987 1
25 68 1 4.70418 1
25 69 1 -3.53881 1
25 70 1 4.01867 1
25 71 1 -3.14245 1
25 72 1 0.0884523 1
25 73 1 -0.422723 1
25 74 1 1.00711 1
25 75 1 -1.20853 1
25 76 1 2.28205 1
25 77 1 1.04328 1
25 78 1 0.9221 1
25 79 1 -2.54283 1
25 80 1 1.85979 1
25 81 1 -0.763167 1
25 82 1 -1.20764 1
25 83 1 1.4872 1
25 84 1 -2.07919 1
25 85 1 -2.25027 1
25 86 1 1.47815 1
25 87 1 0.138772 1
25 88 1 0.235664 1
25 89 1 1.5231 1
25 90 1 -3.70965 1
25 91 1 -0.723601 1
25 92 1 -0.0635291 1
25 93 1 0.364102 1
25 94 1 1.27087 1
25 95 1 -2.04575 1
25 8 1 0.723739 1
25 6 1 -0.0283427 1
26 64 1 -1.46171 1
26 65 1 1.18479 1
26 66 1 -0.244759 1
26 67 1 2.07785 1
26 68 1 1.93676 1
26 69 1 1.9513 1
26 70 1 -0.0655188 1
26 71 1 -0.447475 1
26 72 1 -1.24884 1
26 73 1 -0.52313 1
26 74 1 -0.192321 1
26 75 1 1.66859 1
26 76 1 -0.618029 1
26 77 1 -2.90367 1
26 78 1 1.33522 1
26 79 1 -2.63872 1
26 80 1 -0.282111 1
26 81 1 2.69183 1
26 82 1 -0.913947 1
26 83 1 2.44747 1
26 84 1 -2.50493 1
26 85 1 0.146884 1
26 86 1 -2.65738 1
26 87 1 2.24431 1
26 88 1 -1.5054 1
26 89 1 -0.57663 1
26 90 1 -2.28317 1
26 91 1 -3.94971 1
26 92 1 -1.65961 1
26 93 1 -1.34397 1
26 94 1 0.826958 1
26 95 1 -0.516671 1
26 23 1 1.83738 1
27 64 1 -3.65263 1
27 65 1 2.60832 1
27 66 1 -0.0830422 1
27 67 1 0.674745 1
27 68 1 -0.456179 1
27 69 1 -0.568548 1
27 70 1 2.91436 1
27 71 1 -3.78155 1
27 72 1 -0.852226 1
27 73 1 1.16303 1
27 74 1 -0.152741 1
27 75 1 0.930878 1
27 76 1 -1.10801 1
27 77 1 -0.932043 1
27 78 1 1.8716 1
27 79 1 1.07724 1
27 80 1 -0.335669 1
27 81 1 -0.549896 1
27 82 1 -0.294182 1
27 83 1 -1.48437 1
27 84 1 1.63713 1
27 85 1 -0.431907 1
27 86 1 -0.739138 1
27 87 1 1.42433 1
27 88 1 -2.74509 1
27 89 1 -1.16673 1
27 90 1 1.12557 1
27 91 1 0.176791 1
27 92 1 -1.86658 1
27 93 1 -1.23595 1
27 94 1 1.31093 1
27 95 1 0.0162921 1
27 9 1 1.6417 1
28 64 1 1.18656 1
28 65 1 0.389978 1
28 66 1 -0.486821 1
28 67 1 2.26724 1
28 68 1 1.07094 1
28 69 1 3.06484 1
28 70 1 -0.318824 1
28 71 1 -1.07002 1
28 72 1 -1.55771 1
28 73 1 0.0999101 1
28 74 1 0.9316 1
28 75 1 -0.325744 1
28 76 1 1.11077 1
28 77 1 -0.216675 1
28 78 1 0.974367 1
28 79 1 1.77138 1
28 80 1 4.5787 1
28 81 1 -1.55857 1
28 82 1 1.80513 1
28 83 1 0.77241 1
28 84 1 -0.331496 1
28 85 1 -4.16561 1
28 86 1 -1.45738 1
28 87 1 -1.57614 1
28 88 1 -3.43066 1
28 89 1 -1.44273 1
28 90 1 -2.7012 1
28 91 1 -0.484868 1
28 92 1 1.10907 1
28 93 1 -1.64426 1
28 94 1 2.11123 1
28 95 1 -1.78704 1
29 64 1 -0.144875 1
29 65 1 0.419318 1
29 66 1 1.10083 1
29 67 1 1.34901 1
29 68 1 -1.07535 1
29 69 1 0.994852 1
29 70 1 0.129175 1
29 71 1 -0.26539 1
29 72 1 0.620588 1
29 73 1 1.32241 1
29 74 1 0.489937 1
29 75 1 2.2296 1
29 76 1 -0.0197011 1
29 77 1 0.381133 1
29 78 1 -4.77958 1
29 79 1 0.126443 1
29 80 1 0.629464 1
29 81 1 0.0847874 1
29 82 1 -1.24933 1
29 83 1 -0.760051 1
29 84 1 0.704315 1
29 85 1 -0.578878 1
29 86 1 0.252076 1
29 87 1 -3.74976 1
29 88 1 -0.293996 1
29 89 1 0.718257 1
29 90 1 -2.41689 1
29 91 1 1.47 1
29 92 1 0.564595 1
29 93 1 1.26064 1
29 94 1 -1.04566 1
29 95 1 -1.15784 1
30 64 1 1.18054 1
30 65 1 1.81114 1
30 66 1 -0.66787 1
30 67 1 0.913361 1
30 68 1 1.25257 1
30 69 1 0.151036 1
30 70 1 0.12309 1
30 71 1 0.535747 1
30 72 1 -0.932275 1
30 73 1 4.21171 1
30 74 1 0.794969 1
30 75 1 2.10375 1
30 76 1 -0.0690081 1
30 77 1 -1.16968 1
30 78 1 -0.138189 1
30 79 1 0.798757 1
30 80 1 1.19363 1
30 81 1 -1.73749 1
30 82 1 2.46238 1
30 83 1 3.58626 1
30 84 1 1.16145 1
30 85 1 -1.2061 1
30 86 1 -1.11048 1
30 87 1 -3.56258 1
30 88 1 0.427491 1
30 89 1 -1.4132 1
30 90 1 1.04054 1
30 91 1 3.44813 1
30 92 1 1.15317 1
30 93 1 1.16459 1
30 94 1 2.12437 1
30 95 1 0.876878 1
31 64 1 1.75351 1
31 65 1 0.490744 1
31 66 1 -1.29 1
31 67 1 4.68187 1
31 68 1 3.56339 1
31 69 1 0.314652 1
31 70 1 -0.652976 1
31 71 1 1.7326 1
31 72 1 -2.93679 1
31 73 1 -2.18639 1
31 74 1 -0.211719 1
31 75 1 -1.30216 1
31 76 1 -0.485943 1
31 77 1 -0.920783 1
31 78 1 -0.300794 1
31 79 1 0.93815 1
31 80 1 -0.723639 1
31 81 1 -0.258956 1
31 82 1 2.3055 1
31 83 1 -0.886151 1
31 84 1 -2.48405 1
31 85 1 -0.382692 1
31 86 1 1.48634 1
31 87 1 0.716189 1
31 88 1 0.788173 1
31 89 1 -0.49435 1
31 90 1 1.86928 1
31 91 1 0.837554 1
31 92 1 -2.07771 1
31 93 1 2.06355 1
31 94 1 -0.236685 1
31 95 1 0.331822 1
32 64 1 3.0969 1
32 65 1 0.276811 1
32 66 1 -2.22608 1
32 67 1 1.834 1
32 68 1 1.22782 1
32 69 1 3.9084 1
32 70 1 0.173866 1
32 71 1 1.03901 1
32 72 1 -3.63717 1
32 73 1 0.064744 1
32 74 1 -0.677091 1
32 75 1 1.55378 1
32 76 1 -1.36876 1
32 77 1 -1.94169 1
32 78 1 -1.12719 1
32 79 1 2.01779 1
32 80 1 0.395063 1
32 81 1 -3.29018 1
32 82 1 -0.828928 1
32 83 1 0.178367 1
32 84 1 -0.820628 1
32 85 1 -1.45997 1
32 86 1 -0.720613 1
32 87 1 1.0783 1
32 88 1 -0.95994 1
32 89 1 -1.58681 1
32 90 1 -0.377708 1
32 91 1 -0.973797 1
32 92 1 2.2097 1
32 93 1 -2.0234 1
32 94 1 1.29807 1
32 95 1 -1.83672 1
33 64 1 0.558242 1
33 65 1 -3.3685 1
33 66 1 0.362699 1
33 67 1 -0.838196 1
33 68 1 -1.16637 1
33 69 1 -1.85949 1
33 70 1 3.54048 1
33 71 1 1.73235 1
33 72 1 -0.269948 1
33 73 1 1.39045 1
33 74 1 2.16514 1
33 75 1 -1.37815 1
33 76 1 1.03301 1
33 77 1 3.56815 1
33 78 1 -2.88878 1
33 79 1 0.00782482 1
33 80 1 1.72612 1
33 81 1 -0.784283 1
33 82 1 -0.473425 1
33 83 1 0.280496 1
33 84 1 1.93029 1
33 85 1 1.86122 1
33 86 1 -0.314606 1
33 87 1 1.80213 1
33 88 1 1.53123 1
33 89 1 3.12322 1
33 90 1 -1.24814 1
33 91 1 0.664908 1
33 92 1 1.73381 1
33 93 1 2.9548 1
33 94 1 0.225411 1
33 95 1 -0.428906 1
34 64 1 1.55622 1
34 65 1 0.135121 1
34 66 1 -0.034096 1
34 67 1 2.01161 1
34 68 1 1.94901 1
34 69 1 0.749408 1
34 70 1 -2.03794 1
34 71 1 -0.329852 1
34 72 1 -0.338704 1
34 73 1 -0.529995 1
34 74 1 0.727938 1
34 75 1 3.31288 1
34 76 1 -1.66691 1
34 77 1 1.93613 1
34 78 1 0.405024 1
34 79 1 1.38481 1
34 80 1 1.10926 1
34 81 1 -0.0129349 1
34 82 1 -1.04318 1
34 83 1 1.42349 1
34 84 1 -0.472796 1
34 85 1 -0.10846 1
34 86 1 0.565181 1
34 87 1 -1.22156 1
34 88 1 1.33535 1
34 89 1 -0.878476 1
34 90 1 -1.50467 1
34 91 1 0.720659 1
34 92 1 -1.76145 1
34 93 1 -3.25221 1
34 94 1 1.01254 1
34 95 1 0.400122 1
35 64 1 -1.42619 1
35 65 1 0.290527 1
35 66 1 0.311026 1
35 67 1 -0.449259 1
35 68 1 0.533691 1
35 69 1 1.85296 1
35 70 1 1.63205 1
35 71 1 1.13891 1
35 72 1 -0.137335 1
35 73 1 2.10948 1
35 74 1 2.11217 1
35 75 1 -1.02588 1
35 76 1 -0.929511 1
35 77 1 1.85847 1
35 78 1 -2.7131 1
35 79 1 -2.3662 1
35 80 1 -5.49878 1
35 81 1 0.792154 1
35 82 1 3.74024 1
35 83 1 -0.0520558 1
35 84 1 1.22146 1
35 85 1 -2.90324 1
35 86 1 -0.887296 1
35 87 1 -0.975897 1
35 88 1 -0.239569 1
35 89 1 1.69037 1
35 90 1 -2.07984 1
35 91 1 -3.09302 1
35 92 1 -0.315357 1
35 93 1 0.73889 1
35 94 1 -1.86501 1
35 95 1 -0.191521 1
36 64 1 -0.671782 1
36 65 1 1.33074 1
36 66 1 -1.26931 1
36 67 1 0.336339 1
36 68 1 -0.476266 1
36 69 1 -0.468202 1
36 70 1 0.365652 1
36 71 1 2.47536 1
36 72 1 -0.345395 1
36 73 1 -0.387394 1
36 74 1 2.86588 1
36 75 1 -0.577664 1
36 76 1 0.991918 1
36 77 1 -1.10037 1
36 78 1 2.01858 1
36 79 1 1.99198 1
36 80 1 0.445844 1
36 81 1 1.12108 1
36 82 1 -0.0152966 0
36 83 1 -1.48816 1
36 84 1 1.8434 0
36 85 1 -3.44419 1
36 86 1 0.316065 1
36 87 1 -1.45228 1
36 88 1 1.53013 1
36 89 1 -1.14606 1
36 90 1 -1.04939 1
36 91 1 -1.38063 1
36 92 1 3.17281 1
36 93 1 0.115446 1
36 94 1 -3.24401 1
36 95 1 3.52188 1
36 109 1 1.13323 1
36 24 1 -1.02944 1
36 115 1 1.06507 1
115 84 1 1.65249 1
109 82 1 1.05002 1
109 31 1 0.253099 1
37 64 1 -2.50269 1
37 65 1 -1.11975 1
37 66 1 -2.84456 1
37 67 1 -3.8387 1
37 68 1 -2.01834 1
37 69 1 2.01996 1
37 70 1 -1.68739 1
37 71 1 -2.23336 1
37 72 1 0.447833 1
37 73 1 -0.35009 1
37 74 1 -0.47905 1
37 75 1 -1.80831 1
37 76 1 1.73107 1
37 77 1 1.26202 1
37 78 1 0.869811 1
37 79 1 -0.38114 1
37 80 1 1.5304 1
37 81 1 1.1132 1
37 82 1 5.25301 1
37 83 1 -0.500563 1
37 84 1 -2.58517 1
37 85 1 1.8764 1
37 86 1 -1.55423 1
37 87 1 -1.0392 1
37 88 1 -2.71218 1
37 89 1 0.864327 1
37 90 1 -1.21669 1
37 91 1 -1.75189 1
37 92 1 0.698545 1
37 93 1 -0.959399 1
37 94 1 -1.08973 1
37 95 1 0.661827 1
38 64 1 0.459082 1
38 65 1 -1.78402 1
38 66 1 -1.88403 1
38 67 1 0.231297 1
38 68 1 1.53821 1
38 69 1 -0.522283 1
38 70 1 0.854614 1
38 71 1 1.20716 1
38 72 1 0.19908 1
38 73 1 -0.0471179 1
38 74 1 0.452929 1
38 75 1 2.20453 1
38 76 1 2.66645 1
38 77 1 -2.00693 1
38 78 1 -1.32183 1
38 79 1 -0.111245 1
38 80 1 -1.64662 1
38 81 1 0.248285 1
38 82 1 -0.848561 1
38 83 1 -0.64392 1
38 84 1 -1.67028 1
38 85 1 -1.44711 1
38 86 1 -1.57325 1
38 87 1 -0.0239297 1
38 88 1 1.53968 1
38 89 1 2.68711 1
38 90 1 -2.42929 1
38 91 1 2.70133 1
38 92 1 0.0686009 1
38 93 1 0.397429 1
38 94 1 -0.695879 1
38 95 1 -1.6937 1
39 64 1 0.486515 1
39 65 1 -0.919854 1
39 66 1 -0.288064 1
39 67 1 -1.84129 1
39 68 1 -0.514564 1
39 69 1 0.56458 1
39 70 1 -1.13492 1
39 71 1 0.728649 1
39 72 1 0.301942 1
39 73 1 -0.290829 1
39 74 1 2.52251 1
39 75 1 0.314612 0
39 76 1 0.0217408 1
39 77 1 -1.5627 1
39 78 1 -0.262138 1
39 79 1 -0.291866 1
39 80 1 0.00689442 1
39 81 1 -2.29428 1
39 82 1 0.0264343 1
39 83 1 0.111637 1
39 84 1 0.281856 1
39 85 1 1.03661 1
39 86 1 0.0797958 1
39 87 1 0.514098 1
39 88 1 -0.639552 1
39 89 1 -0.138956 1
39 90 1 2.84457 1
39 91 1 -3.01533 1
39 92 1 2.8793 1
39 93 1 -0.748705 1
39 94 1 -0.464282 1
39 95 1 1.22997 1
39 2 1 -1.99613 1
39 112 1 1.2562 1
112 75 1 -0.170767 1
40 64 1 -5.21796 1
40 65 1 0.945258 1
40 66 1 -0.06878 1
40 67 1 0.612279 1
40 68 1 3.64095 1
40 69 1 -0.931668 1
40 70 1 -1.33275 1
40 71 1 1.46006 1
40 72 1 2.69812 1
40 73 1 0.860161 1
40 74 1 -0.513258 1
40 75 1 -0.868185 1
40 76 1 -0.32345 1
40 77 1 1.5454 1
40 78 1 2.51941 1
40 79 1 -2.53322 1
40 80 1 0.445629 1
40 81 1 0.359276 1
40 82 1 0.297461 1
40 83 1 -1.64825 1
40 84 1 -0.508073 1
40 85 1 2.7777 1
40 86 1 -0.465715 1
40 87 1 0.37599 1
40 88 1 -1.72072 1
40 89 1 -0.48499 1
40 90 1 0.646697 1
40 91 1 -0.569768 1
40 92 1 1.05934 1
40 93 1 2.21535 1
40 94 1 -1.66459 1
40 95 1 0.541867 1
41 64 1 3.85903 1
41 65 1 -1.86107 1
41 66 1 0.414515 1
41 67 1 -2.46277 1
41 68 1 -0.701963 1
41 69 1 0.168911 1
41 70 1 0.414496 1
41 71 1 0.978976 1
41 72 1 3.64588 1
41 73 1 -2.03201 1
41 74 1 -1.52859 1
41 75 1 0.209202 1
41 76 1 1.11768 1
41 77 1 -0.739614 1
41 78 1 -0.643113 1
41 79 1 -3.22103 1
41 80 1 2.80864 1
41 81 1 0.487278 1
41 82 1 0.658247 1
41 83 1 1.41705 1
41 84 1 -0.380282 1
41 85 1 -1.22917 1
41 86 1 -0.10175 1
41 87 1 0.402931 1
41 88 1 3.85576 1
41 89 1 -0.563302 1
41 90 1 -1.31116 1
41 91 1 -0.584344 1
41 92 1 -0.109996 1
41 93 1 0.434126 1
41 94 1 -0.464602 1
41 95 1 -2.69467 1
41 11 1 0.423216 1
42 64 1 0.0538652 1
42 65 1 -0.187481 1
42 66 1 1.19895 1
42 67 1 0.573862 1
42 68 1 1.28613 1
42 69 1 -1.14127 1
42 70 1 -2.18378 1
42 71 1 0.227792 1
42 72 1 -3.39081 1
42 73 1 -2.31614 1
42 74 1 -0.124729 1
42 75 1 0.908609 1
42 76 1 -0.593011 1
42 77 1 -0.0698121 1
42 78 1 -2.05406 1
42 79 1 -0.899885 1
42 80 1 -0.635631 1
42 81 1 0.24127 1
42 82 1 1.60483 1
42 83 1 1.63223 1
42 84 1 2.25256 1
42 85 1 0.0482768 1
42 86 1 -0.52267 1
42 87 1 -1.84348 1
42 88 1 0.276188 1
42 89 1 0.387135 1
42 90 1 0.348867 1
42 91 1 1.71103 1
42 92 1 -1.61493 1
42 93 1 1.68108 1
42 94 1 -1.06663 1
42 95 1 -0.077702 1
43 64 1 -0.440908 1
43 65 1 -1.3591 1
43 66 1 1.06142 1
43 67 1 1.2927 1
43 68 1 -1.51858 1
43 69 1 -3.40344 1
43 70 1 -0.311874 1
43 71 1 -2.41894 1
43 72 1 -1.47337 1
43 73 1 -3.00389 1
43 74 1 1.68097 1
43 75 1 -1.32958 1
43 76 1 2.50207 1
43 77 1 1.12667 1
43 78 1 0.319757 1
43 79 1 -0.91103 1
43 80 1 -0.76604 1
43 81 1 0.576867 1
43 82 1 -0.477683 1
43 83 1 -0.468348 1
43 84 1 0.909482 1
43 85 1 1.64189 1
43 86 1 -1.08423 1
43 87 1 2.15679 1
43 88 1 -1.86273 1
43 89 1 2.44242 1
43 90 1 0.591209 1
43 91 1 -2.70488 1
43 92 1 0.159604 1
43 93 1 2.03755 1
43 94 1 -1.80299 1
43 95 1 -1.27942 1
44 64 1 1.54474 1
44 65 1 -2.99734 1
44 66 1 -0.219758 1
44 67 1 -2.53766 1
44 68 1 -0.892806 1
44 69 1 1.30374 1
44 70 1 1.50596 1
44 71 1 1.06449 1
44 72 1 -2.16802 1
44 73 1 0.666238 1
44 74 1 -1.26885 1
44 75 1 -0.081884 1
44 76 1 0.0107496 1
44 77 1 1.28894 1
44 78 1 1.21847 1
44 79 1 0.898887 1
44 80 1 2.31639 1
44 81 1 -0.983458 1
44 82 1 2.34033 1
44 83 1 -0.574846 1
44 84 1 2.29027 1
44 85 1 0.48362 1
44 86 1 0.635163 1
44 87 1 -1.60005 1
44 88 1 -0.0548857 1
44 89 1 -0.820003 1
44 90 1 0.995459 1
44 91 1 -1.01348 1
44 92 1 -1.66451 1
44 93 1 1.71288 1
44 94 1 -0.482228 1
44 95 1 -0.551537 1
44 8 1 0.277187 1
44 29 1 -0.704636 1
45 64 1 -1.29496 1
45 65 1 1.26787 1
45 66 1 1.00147 1
45 67 1 -1.32666 1
45 68 1 -2.08476 1
45 69 1 -5.60984 1
45 70 1 -1.24973 1
45 71 1 -1.10707 1
45 72 1 -1.60763 1
45 73 1 3.01672 1
45 74 1 2.02366 1
45 75 1 2.28727 1
45 76 1 -0.0997996 1
45 77 1 -0.250161 1
45 78 1 -2.25459 1
45 79 1 0.781558 1
45 80 1 -0.834739 1
45 81 1 0.0873459 1
45 82 1 1.05846 1
45 83 1 1.63133 1
45 84 1 0.0593161 1
45 85 1 -1.92372 1
45 86 1 1.08768 1
45 87 1 -1.1758 1
45 88 1 -0.847384 1
45 89 1 -2.44783 1
45 90 1 -0.808634 1
45 91 1 0.0879269 1
45 92 1 -1.35439 1
45 93 1 -1.36081 1
45 94 1 0.917632 1
45 95 1 -0.74767 1
45 9 1 1.26748 1
46 64 1 0.244268 1
46 65 1 -0.0325201 1
46 66 1 1.523 1
46 67 1 2.57925 1
46 68 1 -1.28767 1
46 69 1 -1.73226 1
46 70 1 1.7118 1
46 71 1 -0.496858 1
46 72 1 0.102629 1
46 73 1 -2.41923 1
46 74 1 -1.24293 1
46 75 1 -0.725127 1
46 76 1 -2.21959 1
46 77 1 1.31744 1
46 78 1 -0.483366 1
46 79 1 -0.52851 1
46 80 1 1.74414 1
46 81 1 -1.7193 1
46 82 1 -2.31598 1
46 83 1 1.58321 1
46 84 1 -1.14044 1
46 85 1 0.0772912 1
46 86 1 -2.08318 1
46 87 1 0.248463 1
46 88 1 -0.772969 1
46 89 1 -3.10675 1
46 90 1 -1.05673 1
46 91 1 0.190781 1
46 92 1 -1.12006 1
46 93 1 -0.122463 1
46 94 1 1.13463 1
46 95 1 2.06048 1
47 64 1 -0.133907 1
47 65 1 0.792414 1
47 66 1 -1.2444 1
47 67 1 1.86783 1
47 68 1 -0.264381 1
47 69 1 3.08361 1
47 70 1 -1.61165 1
47 71 1 0.499418 1
47 72 1 0.877254 1
47 73 1 1.90038 1
47 74 1 -1.28043 1
47 75 1 -0.571709 1
47 76 1 -0.483958 1
47 77 1 -5.0002 1
47 78 1 -0.63363 1
47 79 1 0.370567 1
47 80 1 -0.90058 1
47 81 1 -4.20136 1
47 82 1 0.111794 1
47 83 1 0.113272 1
47 84 1 -0.346405 1
47 85 1 -0.438943 1
47 86 1 -2.18192 1
47 87 1 0.523864 1
47 88 1 -1.18489 1
47 89 1 -1.20666 1
47 90 1 2.02605 1
47 91 1 0.976289 1
47 92 1 0.948962 1
47 93 1 0.592999 1
47 94 1 0.540431 1
47 95 1 -1.60197 1
47 4 1 -0.716248 1
48 64 1 -1.06733 1
48 65 1 -0.552792 1
48 66 1 -0.809064 1
48 67 1 -1.76024 1
48 68 1 0.233393 1
48 69 1 -2.56139 1
48 70 1 1.79674 1
48 71 1 1.82838 1
48 72 1 -1.09724 1
48 73 1 2.35371 1
48 74 1 2.45637 1
48 75 1 -1.63853 1
48 76 1 0.150894 1
48 77 1 -0.339527 1
48 78 1 1.66014 1
48 79 1 -0.364661 1
48 80 1 -0.155323 1
48 81 1 -0.917161 1
48 82 1 0.158172 1
48 83 1 1.77938 1
48 84 1 -2.04077 1
48 85 1 1.56852 1
48 86 1 0.391017 1
48 87 1 0.106363 1
48 88 1 -1.19752 1
48 89 1 0.375411 1
48 90 1 -0.043769 1
48 91 1 0.875005 1
48 92 1 -3.24615 1
48 93 1 -0.219002 1
48 94 1 0.556053 1
48 95 1 -1.73136 1
48 16 1 0.871574 1
48 12 1 -0.443144 1
49 64 1 1.29918 1
49 65 1 -1.75641 1
49 66 1 -2.1186 1
49 67 1 0.367039 1
49 68 1 1.51483 1
49 69 1 2.23368 1
49 70 1 -0.903033 1
49 71 1 -2.56321 1
49 72 1 -1.38683 1
49 73 1 1.50674 1
49 74 1 0.635394 1
49 75 1 2.09162 1
49 76 1 -3.73662 1
49 77 1 -1.09025 1
49 78 1 -0.650898 1
49 79 1 2.2024 1
49 80 1 3.38292 1
49 81 1 -3.73564 1
49 82 1 -0.204526 1
49 83 1 1.02579 1
49 84 1 1.50293 1
49 85 1 -2.83875 1
49 86 1 -0.115846 1
49 87 1 -2.86888 1
49 88 1 -1.66653 1
49 89 1 -0.415883 1
49 90 1 -0.0784232 1
49 91 1 0.293169 1
49 92 1 -0.745627 1
49 93 1 0.515228 1
49 94 1 0.574236 1
49 95 1 1.25711 1
49 19 1 0.871288 1
50 64 1 -3.29644 1
50 65 1 -0.397811 1
50 66 1 1.31799 1
50 67 1 -2.623 1
50 68 1 1.61381 1
50 69 1 0.547594 1
50 70 1 2.9859 1
50 71 1 4.11354 1
50 72 1 -2.27996 1
50 73 1 2.63172 1
50 74 1 1.28088 1
50 75 1 1.93996 1
50 76 1 -1.63921 1
50 77 1 0.648029 1
50 78 1 1.19694 1
50 79 1 -1.73183 1
50 80 1 0.479969 1
50 81 1 -0.80466 1
50 82 1 -1.52218 1
50 83 1 2.08752 1
50 84 1 -1.46334 1
50 85 1 2.58118 1
50 86 1 -1.20866 1
50 87 1 -1.38688 1
50 88 1 -2.09446 1
50 89 1 1.81737 1
50 90 1 -0.411195 1
50 91 1 -0.0952271 1
50 92 1 1.05521 1
50 93 1 2.27495 1
50 94 1 -1.88229 1
50 95 1 2.5843 1
50 4 1 -0.906868 1
50 22 1 0.130292 1
51 64 1 -1.13754 1
51 65 1 1.61963 1
51 66 1 0.685895 1
51 67 1 -1.07411 1
51 68 1 -0.322542 1
51 69 1 -0.792447 1
51 70 1 0.537048 1
51 71 1 2.49119 1
51 72 1 -0.776895 1
51 73 1 -0.675735 1
51 74 1 -2.38324 1
51 75 1 3.98536 1
51 76 1 -0.782402 1
51 77 1 -0.0931736 1
51 78 1 -0.239442 1
51 79 1 0.756697 1
51 80 1 1.19391 1
51 81 1 -1.34712 1
51 82 1 0.845548 1
51 83 1 1.91117 1
51 84 1 -0.124806 1
51 85 1 -1.30594 1
51 86 1 -0.961345 1
51 87 1 0.389731 1
51 88 1 1.23791 1
51 89 1 -1.75957 1
51 90 1 0.578032 1
51 91 1 -0.984011 1
51 92 1 0.550049 1
51 93 1 1.58712 1
51 94 1 -2.00684 1
51 95 1 1.3184 1
52 64 1 -2.17943 1
52 65 1 2.34177 1
52 66 1 2.3405 1
52 67 1 1.31225 1
52 68 1 -1.40506 1
52 69 1 3.62798 1
52 70 1 2.27677 1
52 71 1 -2.74771 1
52 72 1 -0.70446 1
52 73 1 3.58471 1
52 74 1 2.20318 1
52 75 1 0.748371 1
52 76 1 -2.31169 1
52 77 1 -1.68577 1
52 78 1 0.034537 1
52 79 1 -1.17659 1
52 80 1 -2.324 1
52 81 1 1.18826 1
52 82 1 -0.704037 1
52 83 1 -1.51354 1
52 84 1 -0.840226 1
52 85 1 -0.202059 1
52 86 1 -2.36006 1
52 87 1 2.58444 1
52 88 1 -0.766967 1
52 89 1 -0.407082 1
52 90 1 -1.58032 1
52 91 1 2.1816 1
52 92 1 -0.923086 1
52 93 1 -1.10019 1
52 94 1 -0.196078 1
52 95 1 -0.78216 1
53 64 1 -1.72707 1
53 65 1 0.935555 1
53 66 1 0.216873 1
53 67 1 -1.97631 1
53 68 1 0.852237 1
53 69 1 2.1034 1
53 70 1 0.230613 1
53 71 1 -0.630773 1
53 72 1 1.68697 1
53 73 1 -0.890554 1
53 74 1 1.19906 1
53 75 1 -1.4583 1
53 76 1 2.01617 1
53 77 1 2.20642 1
53 78 1 -0.2416 1
53 79 1 1.54384 1
53 80 1 -0.0700035 1
53 81 1 0.293233 1
53 82 1 2.5437 1
53 83 1 1.18839 1
53 84 1 1.46088 1
53 85 1 -0.857028 1
53 86 1 0.0893895 1
53 87 1 -0.736578 1
53 88 1 -2.03516 1
53 89 1 -0.865987 1
53 90 1 -1.06291 1
53 91 1 -0.445225 1
53 92 1 2.08315 1
53 93 1 0.453734 1
53 94 1 1.5408 1
53 95 1 -0.560657 1
53 20 1 2.61472 1
54 64 1 1.60201 1
54 65 1 1.9024 1
54 66 1 0.0672809 1
54 67 1 1.38012 1
54 68 1 0.329212 1
54 69 1 -0.850272 1
54 70 1 -0.459117 1
54 71 1 0.0715533 1
54 72 1 0.720328 1
54 73 1 -0.734941 1
54 74 1 -0.680254 1
54 75 1 -1.16896 1
54 76 1 0.675321 1
54 77 1 2.07929 1
54 78 1 0.0933725 1
54 79 1 -0.463252 1
54 80 1 0.622814 1
54 81 1 -1.71915 1
54 82 1 -2.34523 1
54 83 1 1.82392 1
54 84 1 1.32068 1
54 85 1 0.210862 1
54 86 1 -2.25595 1
54 87 1 -0.229821 1
54 88 1 4.0914 1
54 89 1 0.943296 1
54 90 1 -0.964228 1
54 91 1 1.57887 1
54 92 1 0.58265 1
54 93 1 0.456651 1
54 94 1 0.296467 1
54 95 1 0.21283 1
54 30 1 -0.440729 1
55 64 1 0.0857599 1
55 65 1 -1.34556 1
55 66 1 1.26314 1
55 67 1 1.81081 1
55 68 1 -1.17304 1
55 69 1 1.24082 1
55 70 1 2.20757 1
55 71 1 -3.6265 1
55 72 1 0.385961 1
55 73 1 -0.227635 1
55 74 1 3.16903 1
55 75 1 -3.39626 1
55 76 1 -4.41515 1
55 77 1 3.13986 1
55 78 1 -2.74016 1
55 79 1 1.49957 1
55 80 1 -0.176489 1
55 81 1 -1.07314 1
55 82 1 -1.8236 1
55 83 1 -0.162967 1
55 84 1 -1.02986 1
55 85 1 0.685659 1
55 86 1 0.574981 1
55 87 1 2.43126 1
55 88 1 -0.937834 1
55 89 1 -1.69649 1
55 90 1 0.457288 1
55 91 1 0.789801 1
55 92 1 1.72468 1
55 93 1 -3.34543 1
55 94 1 -0.588831 1
55 95 1 -2.03722 0
55 28 1 1.13881 1
55 114 1 0.830322 1
114 95 1 -2.02348 1
56 64 1 1.20291 1
56 65 1 -1.12158 1
56 66 1 -0.15318 1
56 67 1 -0.989319 1
56 68 1 0.642957 1
56 69 1 0.607547 1
56 70 1 0.561776 1
56 71 1 0.426368 1
56 72 1 0.275198 1
56 73 1 -0.618936 1
56 74 1 2.32704 1
56 75 1 3.40373 1
56 76 1 0.0954853 1
56 77 1 -0.559341 1
56 78 1 -1.44682 1
56 79 1 1.03123 1
56 80 1 -0.738035 1
56 81 1 1.03993 1
56 82 1 2.30387 1
56 83 1 -2.47965 1
56 84 1 0.0431192 1
56 85 1 -1.14773 1
56 86 1 0.570287 1
56 87 1 -2.01931 1
56 88 1 2.13127 1
56 89 1 -3.50244 1
56 90 1 -0.975346 1
56 91 1 -0.251133 1
56 92 1 0.807667 1
56 93 1 2.81348 1
56 94 1 -1.20954 1
56 95 1 0.516974 1
56 3 1 0.245019 1
57 64 1 -2.79039 1
57 65 1 1.91367 1
57 66 1 -3.07223 1
57 67 1 0.793463 1
57 68 1 2.79638 1
57 69 1 -0.447747 0
57 70 1 1.04485 1
57 71 1 0.843063 1
57 72 1 -0.355895 1
57 73 1 -2.19326 1
57 74 1 0.523921 1
57 75 1 2.74242 1
57 76 1 0.715896 1
57 77 1 -2.36917 1
57 78 1 -0.77457 1
57 79 1 -1.62329 1
57 80 1 2.46287 1
57 81 1 0.582684 1
57 82 1 -0.0283084 1
57 83 1 -2.9296 1
57 84 1 0.698855 1
57 85 1 -4.43038 1
57 86 1 -0.261372 1
57 87 1 1.79046 1
57 88 1 -2.46137 1
57 89 1 1.48924 1
57 90 1 0.816577 1
57 91 1 0.793353 1
57 92 1 -0.601912 1
57 93 1 0.408419 1
57 94 1 1.97448 1
57 95 1 1.49639 1
57 104 1 0.424306 1
104 69 1 1.42336 1
58 64 1 0.645608 1
58 65 1 -2.35582 1
58 66 1 -0.582508 1
58 67 1 -2.02102 1
58 68 1 1.80592 1
58 69 1 -2.35588 1
58 70 1 -1.68246 1
58 71 1 -2.81727 1
58 72 1 0.0740625 1
58 73 1 -0.763038 1
58 74 1 1.43095 1
58 75 1 1.91687 1
58 76 1 -1.08895 1
58 77 1 -0.342651 1
58 78 1 -0.629292 1
58 79 1 -0.931319 1
58 80 1 0.482815 1
58 81 1 0.32849 1
58 82 1 0.257285 1
58 83 1 -0.962243 1
58 84 1 1.29836 1
58 85 1 0.739712 1
58 86 1 1.28758 1
58 87 1 -0.202252 1
58 88 1 -1.21658 1
58 89 1 -2.21993 1
58 90 1 0.0966419 1
58 91 1 -0.474492 1
58 92 1 1.75459 1
58 93 1 -0.36007 1
58 94 1 -3.09518 1
58 95 1 1.61438 1
59 64 1 -0.256343 1
59 65 1 0.260369 1
59 66 1 2.63412 1
59 67 1 -1.06517 1
59 68 1 0.976975 1
59 69 1 -0.771914 1
59 70 1 -1.26204 1
59 71 1 0.633362 1
59 72 1 -0.960251 1
59 73 1 -2.67297 1
59 74 1 1.37691 1
59 75 1 0.520475 1
59 76 1 0.590601 1
59 77 1 -0.568866 0
59 78 1 -1.56156 1
59 79 1 0.0587001 1
59 80 1 1.2316 1
59 81 1 -1.06866 1
59 82 1 -1.01523 1
59 83 1 2.08054 1
59 84 1 -1.10339 1
59 85 1 -1.8726 1
59 86 1 -0.628754 1
59 87 1 1.9122 1
59 88 1 2.60654 1
59 89 1 0.730097 1
59 90 1 1.70625 1
59 91 1 0.00538518 1
59 92 1 1.33498 1
59 93 1 0.764239 1
59 94 1 -1.00313 1
59 95 1 2.70746 1
59 97 1 2.31302 1
59 5 1 -1.59116 1
59 11 1 0.663963 1
97 77 1 -2.3658 1
97 22 1 -2.7911 1
97 2 1 -2.29441 0
97 99 1 0.240225 1
97 7 1 -0.0715391 0
97 102 1 1.23429 1
102 7 1 0.0844022 1
99 2 1 0.529411 0
99 108 1 1.95964 1
108 2 1 1.02108 1
60 64 1 2.69108 1
60 65 1 -0.0808342 1
60 66 1 -0.0815073 1
60 67 1 0.138494 1
60 68 1 2.35252 1
60 69 1 0.862909 1
60 70 1 -1.33857 1
60 71 1 -1.42769 1
60 72 1 -0.625081 1
60 73 1 0.162837 1
60 74 1 -1.07109 1
60 75 1 1.01523 1
60 76 1 0.265567 1
60 77 1 2.73818 1
60 78 1 -0.771212 1
60 79 1 0.707366 1
60 80 1 -2.21602 1
60 81 1 1.11493 1
60 82 1 -2.37312 1
60 83 1 0.407378 1
60 84 1 -1.37883 1
60 85 1 1.1695 1
60 86 1 1.15888 1
60 87 1 1.13581 1
60 88 1 -1.45906 1
60 89 1 -2.58683 1
60 90 1 -1.93444 1
60 91 1 -0.126435 1
60 92 1 -1.02376 1
60 93 1 1.87906 1
60 94 1 0.889168 1
60 95 1 -0.17694 1
60 24 1 -2.0808 1
60 0 1 0.903326 1
61 64 1 -1.25776 1
61 65 1 -0.985631 1
61 66 1 0.410343 1
61 67 1 -0.344488 1
61 68 1 -2.55627 1
61 69 1 0.0741724 1
61 70 1 -0.183827 1
61 71 1 1.48671 1
61 72 1 -1.78804 1
61 73 1 0.410426 1
61 74 1 1.1593 1
61 75 1 0.653424 1
61 76 1 1.74569 1
61 77 1 -0.80702 0
61 78 1 0.813612 1
61 79 1 -2.13103 1
61 80 1 -0.316327 1
61 81 1 -0.829197 1
61 82 1 -0.0282989 1
61 83 1 0.480845 1
61 84 1 -1.04054 1
61 85 1 2.39551 1
61 86 1 0.962325 1
61 87 1 0.230621 1
61 88 1 0.868871 1
61 89 1 1.97583 1
61 90 1 0.694843 1
61 91 1 1.21427 1
61 92 1 -2.69827 1
61 93 1 -0.886279 1
61 94 1 0.908979 1
61 95 1 0.953941 1
61 107 1 0.71791 1
107 77 1 -2.46633 0
107 113 1 2.25007 1
113 77 1 -3.64516 1
113 23 1 -0.336969 1
62 64 1 2.53475 1
62 65 1 -1.07569 1
62 66 1 1.80693 1
62 67 1 -0.853599 1
62 68 1 0.0909988 1
62 69 1 0.60786 1
62 70 1 -0.915243 1
62 71 1 -1.47551 1
62 72 1 0.923969 1
62 73 1 1.78273 1
62 74 1 2.79562 1
62 75 1 -0.60485 1
62 76 1 -0.246754 1
62 77 1 -1.06352 1
62 78 1 -1.87782 1
62 79 1 1.27275 1
62 80 1 -0.0487307 1
62 81 1 -0.402201 1
62 82 1 -0.246689 1
62 83 1 0.193545 1
62 84 1 -1.03902 1
62 85 1 0.636689 1
62 86 1 2.33837 1
62 87 1 -0.77274 1
62 88 1 0.508916 1
62 89 1 -1.13039 1
62 90 1 -5.70369 1
62 91 1 -0.806586 1
62 92 1 -2.22631 1
62 93 1 1.61143 1
62 94 1 0.62528 1
62 95 1 0.433855 1
62 5 1 -0.0469112 1
63 64 1 3.33205 1
63 65 1 1.2611 1
63 66 1 4.07454 1
63 67 1 0.723659 1
63 68 1 -0.81627 1
63 69 1 -2.92407 1
63 70 1 0.816429 1
63 71 1 2.3652 1
63 72 1 0.122412 1
63 73 1 0.540544 1
63 74 1 -1.15042 1
63 75 1 0.778236 1
63 76 1 -1.39584 1
63 77 1 2.50288 1
63 78 1 -1.81167 1
63 79 1 0.0339753 1
63 80 1 0.989962 1
63 81 1 0.628616 1
63 82 1 1.28164 1
63 83 1 -1.47519 1
63 84 1 -2.41438 1
63 85 1 -3.77391 1
63 86 1 2.22642 1
63 87 1 -1.96577 1
63 88 1 -0.0866814 1
63 89 1 -0.545384 1
63 90 1 2.29515 1
63 91 1 0.804284 1
63 92 1 0.319657 1
63 93 1 0.437744 1
63 94 1 -1.08373 1
63 95 1 1.2288 1
