116 64 32
-0.226956 -0.216072 -1.83015 4.72925 -1.7127 1.89897 -0.00964582 -0.263627 0.802677 2.92432 0.837641 0.85131 -2.79289 -2.38394 0.622601 -1.44507 -1.1923 -0.0848432 -1.27901 -1.06231 -3.19709 -1.00295 -0.559965 -0.0355101 0.0339793 -0.0331786 2.48049 2.17424 -0.183395 -0.0738103 -3.49359 -0.388058 -1.03469 4.05418 0.460734 1.35893 -1.43419 0.939057 -0.64928 -1.60783 0.138551 -1.43583 1.40192 -1.6989 -0.463749 0.995192 -1.34934 1.87422 0.275826 0.807639 2.98816 -2.86581 -1.01713 1.05597 1.43082 1.18658 -1.29933 0.14123 -0.227653 -1.00842 -0.403079 -1.2161 -1.13427 -3.59988 -2.35473 1.17315 0.417179 0.706415 -1.84978 -0.98775 -2.81836 -0.288662 -1.40929 -0.574673 1.61173 1.7652 -2.47472 0.609139 -0.905943 -3.0121 1.01475 -0.793859 0.208081 1.4668 0.793342 0.140838 -1.03984 0.398574 2.26409 -1.20619 -1.69833 1.21418 -2.40783 0.890959 -0.187264 -0.438663 -0.597821 -0.899851 -1.14196 -1.63653 1.76338 -0.417524 -2.22921 -2.12519 -1.33256 2.28777 0.16874 -0.980622 -0.629361 -0.0289425 -0.19484 0.519076 1.33388 -1.12037 0.206255 0.107129 
0 64 1 -3.16275 1
0 65 1 -1.66438 1
0 66 1 -0.613381 1
0 67 1 -1.33968 1
0 68 1 1.43705 1
0 69 1 0.603847 1
0 70 1 -0.603929 1
0 71 1 -1.25466 1
0 72 1 -2.36175 1
0 73 1 0.622125 1
0 74 1 -2.1192 1
0 75 1 0.216905 1
0 76 1 1.18 1
0 77 1 1.7478 1
0 78 1 -1.50956 1
0 79 1 3.68747 1
0 80 1 -0.352731 1
0 81 1 2.31838 1
0 82 1 1.94205 1
0 83 1 0.638727 1
0 84 1 -1.67284 1
0 85 1 1.17255 1
0 86 1 -0.813092 1
0 87 1 -2.60691 1
0 88 1 0.312441 1
0 89 1 1.68361 1
0 90 1 1.48352 1
0 91 1 3.23136 1
0 92 1 -2.8207 1
0 93 1 -0.0139121 1
0 94 1 0.932582 1
0 95 1 0.932365 1
1 64 1 0.0808127 1
1 65 1 1.76239 1
1 66 1 2.20021 1
1 67 1 -0.91928 1
1 68 1 1.70129 1
1 69 1 2.75918 1
1 70 1 2.13718 1
1 71 1 -0.323773 1
1 72 1 -0.152971 1
1 73 1 -0.737612 1
1 74 1 -1.53514 1
1 75 1 0.494814 1
1 76 1 0.338492 1
1 77 1 4.52944 1
1 78 1 -0.977535 1
1 79 1 0.850717 1
1 80 1 -1.44904 1
1 81 1 2.29454 1
1 82 1 0.340197 1
1 83 1 -2.91964 1
1 84 1 -0.266076 1
1 85 1 -0.102591 1
1 86 1 -0.895755 1
1 87 1 0.16551 1
1 88 1 -0.295035 1
1 89 1 0.998649 1
1 90 1 -0.263277 1
1 91 1 -1.51992 1
1 92 1 0.227577 1
1 93 1 0.829967 1
1 94 1 -2.3635 1
1 95 1 -2.60366 1
2 64 1 -0.435302 1
2 65 1 2.44832 1
2 66 1 -0.726172 1
2 67 1 -2.60875 1
2 68 1 0.564496 1
2 69 1 1.95022 1
2 70 1 -0.392457 1
2 71 1 0.53134 1
2 72 1 -2.1757 1
2 73 1 -2.23295 1
2 74 1 -2.47647 1
2 75 1 -0.553992 1
2 76 1 -4.68212 1
2 77 1 0.882847 1
2 78 1 -2.25446 1
2 79 1 -3.68968 1
2 80 1 0.157301 1
2 81 1 -3.51806 1
2 82 1 0.339832 1
2 83 1 -0.460746 1
2 84 1 0.50318 1
2 85 1 2.71735 1
2 86 1 -1.19256 1
2 87 1 -1.74943 1
2 88 1 -0.962629 1
2 89 1 -4.50051 1
2 90 1 -2.25805 1
2 91 1 -1.02946 1
2 92 1 2.3062 1
2 93 1 -2.53297 1
2 94 1 1.31773 1
2 95 1 -0.959705 1
2 100 1 -0.631268 1
2 6 1 2.35792 1
3 64 1 -1.516 1
3 65 1 -1.087 1
3 66 1 -1.18724 1
3 67 1 0.945389 1
3 68 1 0.771298 1
3 69 1 -1.78298 1
3 70 1 1.31711 1
3 71 1 3.04059 1
3 72 1 4.29475 1
3 73 1 -0.673278 1
3 74 1 1.07341 1
3 75 1 2.48628 1
3 76 1 2.78326 1
3 77 1 -2.37843 1
3 78 1 0.391157 1
3 79 1 0.246363 1
3 80 1 -0.483592 1
3 81 1 0.974014 1
3 82 1 5.03872 1
3 83 1 -0.157699 1
3 84 1 -1.02289 1
3 85 1 -1.46122 1
3 86 1 1.94192 1
3 87 1 -1.40241 1
3 88 1 1.56515 1
3 89 1 0.37486 1
3 90 1 -1.36281 1
3 91 1 0.815781 1
3 92 1 -1.1174 1
3 93 1 -2.04069 1
3 94 1 -0.966197 1
3 95 1 1.00678 0
3 110 1 -0.20526 1
110 95 1 -0.0536364 0
110 111 1 0.59724 1
111 95 1 -0.507779 1
4 64 1 1.85203 1
4 65 1 -0.381106 1
4 66 1 -2.20511 1
4 67 1 0.802474 1
4 68 1 0.00895635 1
4 69 1 1.55602 1
4 70 1 0.758468 1
4 71 1 -1.14698 1
4 72 1 1.31895 1
4 73 1 -2.19565 1
4 74 1 -0.749855 1
4 75 1 -2.22545 0
4 76 1 1.76399 1
4 77 1 2.16602 1
4 78 1 1.93065 1
4 79 1 -0.751902 1
4 80 1 -3.41894 1
4 81 1 -1.06008 1
4 82 1 -0.264825 1
4 83 1 -0.888835 1
4 84 1 0.143132 1
4 85 1 1.9271 1
4 86 1 -0.604708 1
4 87 1 -2.59084 1
4 88 1 -0.16674 1
4 89 1 -0.452844 1
4 90 1 0.49532 1
4 91 1 -2.1774 1
4 92 1 1.02282 1
4 93 1 0.199146 1
4 94 1 -2.61557 1
4 95 1 0.824056 1
4 101 1 1.40382 1
4 17 1 0.0660074 1
101 75 1 -0.0751666 1
5 64 1 -1.02886 1
5 65 1 2.45574 1
5 66 1 -0.150282 1
5 67 1 2.2488 1
5 68 1 1.45371 1
5 69 1 1.66564 1
5 70 1 -1.44924 1
5 71 1 -0.766366 1
5 72 1 1.16406 1
5 73 1 -1.54487 1
5 74 1 -1.02378 1
5 75 1 2.89173 1
5 76 1 0.607986 1
5 77 1 -0.330753 1
5 78 1 -2.21105 1
5 79 1 0.691129 1
5 80 1 1.66419 1
5 81 1 0.607349 1
5 82 1 0.345973 1
5 83 1 3.09241 1
5 84 1 2.01573 1
5 85 1 0.0897924 1
5 86 1 -1.14495 1
5 87 1 -0.910425 1
5 88 1 0.192338 1
5 89 1 -1.91999 1
5 90 1 -1.64486 1
5 91 1 1.59028 1
5 92 1 -2.86193 1
5 93 1 1.20945 1
5 94 1 0.356261 1
5 95 1 -0.808632 1
6 64 1 0.312769 1
6 65 1 -1.3552 1
6 66 1 1.84709 1
6 67 1 1.0569 1
6 68 1 -2.09059 1
6 69 1 -0.172076 1
6 70 1 -1.56895 1
6 71 1 -1.24947 1
6 72 1 0.546737 1
6 73 1 -1.70951 1
6 74 1 -1.84607 1
6 75 1 -1.48944 1
6 76 1 4.68138 1
6 77 1 -0.337302 1
6 78 1 0.386885 1
6 79 1 -3.30396 1
6 80 1 1.59414 1
6 81 1 0.838791 1
6 82 1 0.231995 1
6 83 1 2.07789 1
6 84 1 1.91565 1
6 85 1 -1.468 1
6 86 1 0.126327 1
6 87 1 2.71952 1
6 88 1 -0.851226 1
6 89 1 -2.21481 1
6 90 1 1.7019 1
6 91 1 -1.0911 1
6 92 1 2.03491 1
6 93 1 -0.306391 1
6 94 1 -1.97023 1
6 95 1 0.458848 1
6 26 1 0.713108 1
7 64 1 1.18181 1
7 65 1 -1.00993 1
7 66 1 0.954266 1
7 67 1 -0.665474 1
7 68 1 -2.50979 1
7 69 1 -0.00899611 1
7 70 1 1.91693 1
7 71 1 2.37419 1
7 72 1 1.23346 1
7 73 1 0.772039 1
7 74 1 0.336737 1
7 75 1 -2.11089 1
7 76 1 1.48075 1
7 77 1 -0.327709 1
7 78 1 1.3411 1
7 79 1 2.29588 1
7 80 1 -1.7026 1
7 81 1 -0.620772 1
7 82 1 -3.57155 1
7 83 1 0.573496 0
7 84 1 -0.966376 1
7 85 1 2.83394 1
7 86 1 3.0501 1
7 87 1 0.678903 1
7 88 1 -1.23287 1
7 89 1 -0.825667 1
7 90 1 1.90644 1
7 91 1 -0.661699 1
7 92 1 0.353433 1
7 93 1 -1.21694 1
7 94 1 1.25848 1
7 95 1 2.36438 1
7 100 1 -1.06813 1
100 83 1 -0.50382 1
100 24 1 -0.469068 0
100 106 1 1.74566 1
106 24 1 -3.26828 1
8 64 1 3.25592 1
8 65 1 -2.38441 1
8 66 1 -0.865544 1
8 67 1 0.358953 1
8 68 1 0.472732 1
8 69 1 0.561828 1
8 70 1 -0.558009 1
8 71 1 0.583569 1
8 72 1 0.885041 1
8 73 1 1.23305 1
8 74 1 -1.36764 1
8 75 1 -2.6056 1
8 76 1 -0.636931 1
8 77 1 1.18653 1
8 78 1 -0.83948 1
8 79 1 -0.712319 1
8 80 1 -0.205761 1
8 81 1 0.0980979 1
8 82 1 0.305452 1
8 83 1 -1.56182 1
8 84 1 3.0215 1
8 85 1 3.40884 1
8 86 1 3.29512 1
8 87 1 -0.129837 1
8 88 1 0.237349 1
8 89 1 2.82258 1
8 90 1 1.61433 1
8 91 1 1.22858 1
8 92 1 1.53212 1
8 93 1 2.10076 1
8 94 1 2.5355 1
8 95 1 0.14411 1
9 64 1 1.3146 1
9 65 1 -0.459855 1
9 66 1 1.46693 1
9 67 1 1.57312 1
9 68 1 -1.28859 1
9 69 1 -0.707584 1
9 70 1 -2.74861 1
9 71 1 -0.112236 1
9 72 1 -0.0302756 1
9 73 1 -1.0646 1
9 74 1 -0.165283 1
9 75 1 -1.08161 1
9 76 1 1.42447 1
9 77 1 -0.128675 1
9 78 1 0.446381 1
9 79 1 2.3044 1
9 80 1 0.648155 1
9 81 1 -0.786441 1
9 82 1 -0.815772 1
9 83 1 1.0684 1
9 84 1 3.38656 1
9 85 1 4.30922 1
9 86 1 -1.71179 1
9 87 1 2.42851 1
9 88 1 -0.153712 1
9 89 1 3.60826 1
9 90 1 -0.47489 1
9 91 1 -0.525466 1
9 92 1 -1.0694 1
9 93 1 -1.50174 1
9 94 1 -1.87368 1
9 95 1 -0.212957 1
10 64 1 1.15593 1
10 65 1 1.52056 1
10 66 1 1.51938 1
10 67 1 -0.832775 1
10 68 1 1.63736 1
10 69 1 0.480534 1
10 70 1 -0.445051 1
10 71 1 -2.29032 1
10 72 1 2.27962 1
10 73 1 2.18533 1
10 74 1 0.124572 1
10 75 1 0.362183 1
10 76 1 -0.235083 1
10 77 1 1.14444 1
10 78 1 -2.15581 1
10 79 1 -2.89648 1
10 80 1 1.57476 1
10 81 1 0.888866 1
10 82 1 -0.362533 1
10 83 1 1.45567 1
10 84 1 0.876573 1
10 85 1 2.51415 1
10 86 1 -0.423723 1
10 87 1 2.93176 1
10 88 1 1.30069 1
10 89 1 0.0098589 1
10 90 1 0.306649 1
10 91 1 0.311355 1
10 92 1 4.06668 1
10 93 1 -1.84198 1
10 94 1 2.57059 1
10 95 1 4.39575 1
10 23 1 0.63339 1
11 64 1 3.11878 1
11 65 1 0.55903 1
11 66 1 1.52995 1
11 67 1 -2.70265 1
11 68 1 3.30858 1
11 69 1 -0.743539 1
11 70 1 1.09858 1
11 71 1 0.00434456 1
11 72 1 0.374669 1
11 73 1 1.14473 1
11 74 1 -0.590019 1
11 75 1 -1.54811 1
11 76 1 -0.531943 1
11 77 1 0.62833 1
11 78 1 -1.92163 1
11 79 1 -1.99328 1
11 80 1 1.12313 1
11 81 1 1.23515 1
11 82 1 2.43994 1
11 83 1 0.0551503 1
11 84 1 3.4605 1
11 85 1 -0.954039 1
11 86 1 -1.36096 1
11 87 1 0.0352989 1
11 88 1 -1.86837 1
11 89 1 -1.2339 1
11 90 1 1.06822 1
11 91 1 0.532859 1
11 92 1 -1.89559 1
11 93 1 3.06539 1
11 94 1 0.84959 1
11 95 1 -1.07311 1
12 64 1 -2.0594 1
12 65 1 1.46548 1
12 66 1 -0.666002 1
12 67 1 -2.07321 1
12 68 1 1.48849 1
12 69 1 0.499456 1
12 70 1 1.63552 1
12 71 1 1.43219 1
12 72 1 -0.543467 1
12 73 1 -0.836173 1
12 74 1 -0.350363 1
12 75 1 -2.15711 1
12 76 1 0.0880109 1
12 77 1 1.39029 1
12 78 1 -0.644256 1
12 79 1 -2.1406 1
12 80 1 -1.48123 1
12 81 1 -0.86023 1
12 82 1 0.772379 1
12 83 1 -0.345786 1
12 84 1 -0.841199 1
12 85 1 0.952681 1
12 86 1 0.84328 1
12 87 1 1.96156 1
12 88 1 -0.0701944 1
12 89 1 1.11012 1
12 90 1 0.354832 1
12 91 1 -2.55984 1
12 92 1 0.104209 1
12 93 1 -2.59916 1
12 94 1 -0.143554 1
12 95 1 0.610623 1
12 17 1 -0.67122 1
13 64 1 -1.95452 1
13 65 1 -2.80368 1
13 66 1 -0.284211 1
13 67 1 0.236853 1
13 68 1 2.61614 1
13 69 1 -3.33204 1
13 70 1 0.94261 1
13 71 1 3.57307 1
13 72 1 -0.937641 1
13 73 1 -2.46314 1
13 74 1 -1.56066 1
13 75 1 -0.452043 1
13 76 1 -0.668281 1
13 77 1 -0.976679 1
13 78 1 -0.726286 1
13 79 1 -0.982312 1
13 80 1 0.0234577 1
13 81 1 0.791697 1
13 82 1 1.37323 1
13 83 1 0.175496 1
13 84 1 -0.340949 1
13 85 1 0.455357 1
13 86 1 4.38735 1
13 87 1 3.32327 1
13 88 1 1.01032 1
13 89 1 -0.687131 1
13 90 1 -4.58411 1
13 91 1 -2.40204 1
13 92 1 -2.28827 1
13 93 1 -2.22769 1
13 94 1 -0.847765 1
13 95 1 -1.5679 1
14 64 1 -2.30982 1
14 65 1 2.25402 1
14 66 1 0.914766 1
14 67 1 -1.87806 1
14 68 1 -1.89269 1
14 69 1 3.14055 1
14 70 1 0.113821 1
14 71 1 2.55666 1
14 72 1 0.269563 1
14 73 1 -0.112009 1
14 74 1 2.37605 1
14 75 1 0.626764 1
14 76 1 -0.157068 1
14 77 1 -0.133798 1
14 78 1 -1.42229 1
14 79 1 0.89484 1
14 80 1 1.55281 1
14 81 1 2.74653 1
14 82 1 2.01793 1
14 83 1 -1.74004 1
14 84 1 -0.567487 1
14 85 1 0.232182 1
14 86 1 2.70028 1
14 87 1 -0.868582 1
14 88 1 -1.67336 1
14 89 1 -1.71918 1
14 90 1 0.790168 1
14 91 1 3.92389 1
14 92 1 0.852516 1
14 93 1 2.22112 1
14 94 1 2.05923 1
14 95 1 -2.437 1
14 104 1 0.146069 1
15 64 1 0.57793 1
15 65 1 0.657324 1
15 66 1 -1.00736 1
15 67 1 0.233227 1
15 68 1 0.187586 1
15 69 1 0.426296 1
15 70 1 2.73761 1
15 71 1 -1.03142 1
15 72 1 -3.56059 1
15 73 1 -0.00155164 1
15 74 1 -1.91281 1
15 75 1 -3.0334 1
15 76 1 -0.864864 1
15 77 1 1.88354 1
15 78 1 -1.74748 1
15 79 1 -0.758395 1
15 80 1 0.922011 1
15 81 1 3.32776 1
15 82 1 -3.19386 1
15 83 1 1.10716 1
15 84 1 1.00511 1
15 85 1 -1.48344 1
15 86 1 0.236573 1
15 87 1 -2.13172 1
15 88 1 0.885834 1
15 89 1 -0.0389004 1
15 90 1 0.420392 1
15 91 1 -0.400107 1
15 92 1 -0.227692 1
15 93 1 1.47232 1
15 94 1 1.8179 1
15 95 1 1.27814 1
16 64 1 0.891085 1
16 65 1 -1.19238 1
16 66 1 -4.82551 1
16 67 1 0.000146793 1
16 68 1 3.02422 1
16 69 1 0.69982 1
16 70 1 2.70968 1
16 71 1 2.39961 1
16 72 1 -2.26502 1
16 73 1 -0.523643 1
16 74 1 0.982199 1
16 75 1 -0.207693 1
16 76 1 -1.60489 1
16 77 1 1.21901 1
16 78 1 -0.333766 1
16 79 1 -2.36466 1
16 80 1 -2.92767 1
16 81 1 1.12775 1
16 82 1 -1.68104 1
16 83 1 -0.156439 1
16 84 1 -0.864925 1
16 85 1 0.292874 1
16 86 1 -2.54799 1
16 87 1 -0.642714 1
16 88 1 -0.121372 1
16 89 1 0.814015 1
16 90 1 0.503308 1
16 91 1 2.20713 1
16 92 1 2.05427 1
16 93 1 -0.6585 1
16 94 1 -0.231758 1
16 95 1 -2.27976 1
17 64 1 -3.85649 1
17 65 1 -2.07234 1
17 66 1 -2.48267 1
17 67 1 1.79073 1
17 68 1 -0.0620801 1
17 69 1 -1.13398 1
17 70 1 1.34702 1
17 71 1 2.76841 1
17 72 1 -5.29011 1
17 73 1 2.41708 1
17 74 1 0.87555 1
17 75 1 0.944956 1
17 76 1 -3.67648 1
17 77 1 0.81007 1
17 78 1 1.2044 1
17 79 1 -3.35636 1
17 80 1 3.15428 1
17 81 1 2.30183 1
17 82 1 -1.8807 1
17 83 1 -0.146868 1
17 84 1 -2.73597 1
17 85 1 -0.768995 1
17 86 1 2.37831 1
17 87 1 1.57884 1
17 88 1 -3.10872 1
17 89 1 -0.810455 1
17 90 1 -3.31325 1
17 91 1 1.91861 1
17 92 1 0.357348 1
17 93 1 0.225056 1
17 94 1 3.32355 1
17 95 1 -0.597022 1
18 64 1 0.939221 1
18 65 1 0.125806 1
18 66 1 1.74782 1
18 67 1 -0.94252 1
18 68 1 1.01873 1
18 69 1 0.924654 1
18 70 1 0.450551 1
18 71 1 -0.118906 1
18 72 1 2.36105 1
18 73 1 -1.2104 1
18 74 1 1.00545 1
18 75 1 -0.202864 1
18 76 1 1.20266 1
18 77 1 2.68776 1
18 78 1 2.33898 1
18 79 1 -0.377207 1
18 80 1 -0.634326 1
18 81 1 3.74537 1
18 82 1 -1.84952 1
18 83 1 0.019673 1
18 84 1 -0.540162 1
18 85 1 -1.55195 1
18 86 1 2.5347 1
18 87 1 0.279222 1
18 88 1 2.21049 1
18 89 1 0.0967891 1
18 90 1 0.0112909 1
18 91 1 -0.821456 1
18 92 1 -0.3451 1
18 93 1 0.778822 1
18 94 1 -0.462682 1
18 95 1 -0.679834 1
18 25 1 -1.15708 1
19 64 1 -0.653885 1
19 65 1 -1.77352 1
19 66 1 2.37676 1
19 67 1 -0.828823 1
19 68 1 -1.99347 1
19 69 1 0.43691 1
19 70 1 -1.24549 1
19 71 1 0.843588 1
19 72 1 3.37917 1
19 73 1 0.875588 1
19 74 1 -0.0288179 1
19 75 1 1.3021 1
19 76 1 -0.917094 1
19 77 1 0.103931 1
19 78 1 -1.18999 1
19 79 1 0.453943 1
19 80 1 -0.91351 1
19 81 1 -2.73584 1
19 82 1 0.195935 1
19 83 1 -2.2592 1
19 84 1 1.17888 1
19 85 1 -0.163837 1
19 86 1 -0.15952 1
19 87 1 3.25226 1
19 88 1 2.38769 1
19 89 1 4.75611 1
19 90 1 -0.232125 1
19 91 1 0.568324 1
19 92 1 1.73312 1
19 93 1 -3.84555 1
19 94 1 -3.16505 1
19 95 1 -3.67436 1
20 64 1 1.78866 1
20 65 1 0.486443 1
20 66 1 0.675677 1
20 67 1 1.14586 1
20 68 1 0.198896 1
20 69 1 -1.19619 1
20 70 1 -2.4613 1
20 71 1 0.719817 1
20 72 1 1.37707 1
20 73 1 -0.661141 1
20 74 1 2.43758 1
20 75 1 1.78732 1
20 76 1 -0.491307 1
20 77 1 -0.662728 1
20 78 1 1.37002 1
20 79 1 1.25127 1
20 80 1 -0.253418 1
20 81 1 -0.779712 1
20 82 1 1.40241 1
20 83 1 2.72342 1
20 84 1 0.904857 1
20 85 1 -0.37054 1
20 86 1 0.275583 1
20 87 1 0.771892 1
20 88 1 -0.0132812 1
20 89 1 1.33459 1
20 90 1 1.00974 1
20 91 1 -0.77217 0
20 92 1 -2.4358 1
20 93 1 1.1028 0
20 94 1 1.50638 0
20 95 1 -0.976731 1
20 96 1 -0.236067 1
20 98 1 -0.314718 1
20 103 1 0.531377 1
103 91 1 -0.744096 0
103 105 1 1.50117 1
103 112 1 1.07189 1
105 91 1 0.407304 1
98 93 1 -0.791208 1
98 99 1 -0.800898 1
96 94 1 1.15911 1
21 64 1 -0.186851 1
21 65 1 1.80568 1
21 66 1 -2.34121 1
21 67 1 -1.81995 1
21 68 1 -1.03809 1
21 69 1 2.3442 1
21 70 1 -1.15259 1
21 71 1 -2.61585 1
21 72 1 -2.56337 1
21 73 1 0.371163 1
21 74 1 -1.12801 1
21 75 1 -0.675072 1
21 76 1 -0.2322 1
21 77 1 0.906055 1
21 78 1 -3.16046 1
21 79 1 -0.851472 1
21 80 1 1.1725 1
21 81 1 0.425784 1
21 82 1 -0.0734872 1
21 83 1 -0.219387 1
21 84 1 4.83604 1
21 85 1 -1.06595 1
21 86 1 0.513521 1
21 87 1 0.527038 1
21 88 1 2.39681 1
21 89 1 3.27106 1
21 90 1 1.6634 1
21 91 1 -1.98392 1
21 92 1 1.11643 1
21 93 1 -0.582297 1
21 94 1 -0.320267 1
21 95 1 0.615355 1
22 64 1 -0.295508 1
22 65 1 1.71841 1
22 66 1 1.59985 1
22 67 1 2.58659 1
22 68 1 -2.39489 1
22 69 1 -1.43246 1
22 70 1 0.0529521 1
22 71 1 0.801427 1
22 72 1 -1.60714 1
22 73 1 -1.1175 1
22 74 1 -1.36541 1
22 75 1 0.0423523 1
22 76 1 1.94574 1
22 77 1 0.238398 1
22 78 1 0.11505 1
22 79 1 2.51803 1
22 80 1 -1.30578 1
22 81 1 -2.45259 1
22 82 1 0.453194 1
22 83 1 0.690725 1
22 84 1 -1.81741 1
22 85 1 -1.0373 1
22 86 1 0.909323 1
22 87 1 1.75648 1
22 88 1 -0.778704 1
22 89 1 0.471628 1
22 90 1 2.02127 1
22 91 1 0.121141 1
22 92 1 0.368896 1
22 93 1 1.60273 1
22 94 1 1.79178 1
22 95 1 3.40499 1
23 64 1 -0.698991 1
23 65 1 0.798713 1
23 66 1 0.243982 1
23 67 1 -1.22314 1
23 68 1 -2.97714 1
23 69 1 0.345324 1
23 70 1 1.81661 1
23 71 1 -3.00239 1
23 72 1 0.544048 1
23 73 1 -1.57865 1
23 74 1 3.16145 1
23 75 1 0.577144 1
23 76 1 -0.391785 1
23 77 1 2.15745 1
23 78 1 0.535472 1
23 79 1 -2.78513 1
23 80 1 0.743088 1
23 81 1 -0.149696 1
23 82 1 -1.71781 1
23 83 1 1.14549 1
23 84 1 2.38332 1
23 85 1 0.0322123 1
23 86 1 -4.94781 1
23 87 1 -0.0176442 1
23 88 1 1.11793 1
23 89 1 0.295957 1
23 90 1 -1.43804 1
23 91 1 0.0134353 1
23 92 1 -1.21276 1
23 93 1 1.24354 1
23 94 1 -0.838051 1
23 95 1 -1.90283 1
23 107 1 0.757946 1
24 64 1 -3.43289 1
24 65 1 0.630316 1
24 66 1 -0.448066 1
24 67 1 3.25761 1
24 68 1 -2.10672 1
24 69 1 1.08583 1
24 70 1 -1.34162 1
24 71 1 3.88179 1
24 72 1 -0.163413 1
24 73 1 0.616995 1
24 74 1 -0.979818 1
24 75 1 0.884272 1
24 76 1 2.31841 1
24 77 1 -2.08965 1
24 78 1 -2.31324 1
24 79 1 1.27918 1
24 80 1 -1.09929 1
24 81 1 0.0280557 1
24 82 1 1.59234 1
24 83 1 -3.04167 1
24 84 1 -2.23969 1
24 85 1 0.25011 1
24 86 1 -1.83455 1
24 87 1 2.64165 1
24 88 1 -1.19064 1
24 89 1 1.50906 1
24 90 1 1.06556 1
24 91 1 -1.27874 1
24 92 1 0.619277 1
24 93 1 1.18451 1
24 94 1 0.377176 1
24 95 1 1.963 1
24 5 1 3.19569 1
25 64 1 -1.93881 1
25 65 1 0.948032 1
25 66 1 -0.360744 1
25 67 1 0.150058 1
25 68 1 4.70712 1
25 69 1 -3.14993 1
25 70 1 4.15194 1
25 71 1 -3.54695 1
25 72 1 -0.142532 1
25 73 1 -0.270283 1
25 74 1 1.35018 1
25 75 1 -0.745205 1
25 76 1 2.34177 1
25 77 1 1.53746 1
25 78 1 0.997024 1
25 79 1 -2.10575 1
25 80 1 2.30621 1
25 81 1 -1.36955 1
25 82 1 -0.725124 1
25 83 1 0.964022 1
25 84 1 -2.25896 1
25 85 1 -2.1583 1
25 86 1 1.52394 1
25 87 1 -0.0186638 1
25 88 1 0.414785 1
25 89 1 1.20754 1
25 90 1 -3.84672 1
25 91 1 0.193002 1
25 92 1 -0.232032 1
25 93 1 0.992899 1
25 94 1 1.72249 1
25 95 1 -3.25516 1
25 8 1 0.1653 1
25 6 1 0.278792 1
26 64 1 -1.80195 1
26 65 1 1.06945 1
26 66 1 1.04084 1
26 67 1 1.6164 1
26 68 1 2.00232 1
26 69 1 2.13181 1
26 70 1 -1.20696 1
26 71 1 -0.54029 1
26 72 1 -1.81629 1
26 73 1 -1.02217 1
26 74 1 -0.32554 1
26 75 1 2.04502 1
26 76 1 -0.805774 1
26 77 1 -2.52813 1
26 78 1 2.08422 1
26 79 1 -3.51512 1
26 80 1 0.0558565 1
26 81 1 2.13517 1
26 82 1 -0.914701 1
26 83 1 1.93295 1
26 84 1 -2.49586 1
26 85 1 -0.187211 1
26 86 1 -3.4671 1
26 87 1 1.55363 1
26 88 1 -1.2816 1
26 89 1 -0.912308 1
26 90 1 -2.73779 1
26 91 1 -3.12743 1
26 92 1 -1.85187 1
26 93 1 -0.844783 1
26 94 1 0.819474 1
26 95 1 -0.301369 1
26 23 1 1.79423 1
26 15 1 -0.0531639 1
27 64 1 -3.496 1
27 65 1 2.67316 1
27 66 1 0.369281 1
27 67 1 -0.151088 1
27 68 1 -0.884805 1
27 69 1 -0.888297 1
27 70 1 3.15475 1
27 71 1 -4.36805 1
27 72 1 -0.302883 1
27 73 1 1.36531 1
27 74 1 -0.888883 1
27 75 1 1.48144 1
27 76 1 -1.08659 1
27 77 1 -0.975263 1
27 78 1 1.51441 1
27 79 1 1.09364 1
27 80 1 -0.681564 1
27 81 1 -0.845799 1
27 82 1 -0.925748 1
27 83 1 -1.21778 1
27 84 1 1.84429 1
27 85 1 -0.603111 1
27 86 1 -1.17379 1
27 87 1 1.38052 1
27 88 1 -2.50187 1
27 89 1 -2.28951 1
27 90 1 0.458892 1
27 91 1 -0.397631 1
27 92 1 -2.08952 1
27 93 1 -1.38127 1
27 94 1 0.622101 1
27 95 1 0.605273 1
27 9 1 1.31048 1
28 64 1 1.04946 1
28 65 1 -0.0246591 1
28 66 1 -0.346993 1
28 67 1 2.03718 1
28 68 1 1.21613 1
28 69 1 3.6646 1
28 70 1 -0.525796 1
28 71 1 -1.1431 1
28 72 1 -1.84444 1
28 73 1 -0.0414122 1
28 74 1 1.04686 1
28 75 1 -0.785568 1
28 76 1 0.894559 1
28 77 1 -0.0444684 1
28 78 1 -0.114429 1
28 79 1 1.80337 1
28 80 1 4.74697 1
28 81 1 -1.23571 1
28 82 1 1.57887 1
28 83 1 1.54147 1
28 84 1 -0.597286 1
28 85 1 -4.72199 1
28 86 1 -1.89557 1
28 87 1 -2.27803 1
28 88 1 -3.38843 1
28 89 1 -0.844523 1
28 90 1 -2.84057 1
28 91 1 -0.559194 1
28 92 1 0.368579 1
28 93 1 -0.834195 1
28 94 1 2.71497 1
28 95 1 -1.71491 1
29 64 1 -0.521586 1
29 65 1 0.215726 1
29 66 1 1.38916 1
29 67 1 1.61825 1
29 68 1 -1.32737 1
29 69 1 1.85476 1
29 70 1 -0.436996 1
29 71 1 -0.577901 1
29 72 1 0.699356 1
29 73 1 1.13281 1
29 74 1 -0.0947088 1
29 75 1 2.16255 1
29 76 1 -0.0451359 1
29 77 1 1.00038 1
29 78 1 -5.08129 1
29 79 1 -0.21133 1
29 80 1 0.313019 1
29 81 1 0.138802 1
29 82 1 -1.9171 1
29 83 1 -0.980318 1
29 84 1 0.413299 1
29 85 1 -0.799123 1
29 86 1 0.079908 1
29 87 1 -3.5405 1
29 88 1 -0.470099 1
29 89 1 -0.275746 1
29 90 1 -3.58536 1
29 91 1 0.972261 1
29 92 1 0.694742 1
29 93 1 2.36713 1
29 94 1 -0.99158 1
29 95 1 -1.5502 1
30 64 1 0.46295 1
30 65 1 1.51813 1
30 66 1 -1.06686 1
30 67 1 0.513142 1
30 68 1 1.88016 1
30 69 1 0.534449 1
30 70 1 -0.131305 1
30 71 1 0.841672 1
30 72 1 -0.369485 1
30 73 1 4.3103 1
30 74 1 1.36819 1
30 75 1 2.1901 1
30 76 1 -0.547832 1
30 77 1 -0.819799 1
30 78 1 0.081533 1
30 79 1 0.871735 1
30 80 1 0.416152 1
30 81 1 -1.75817 1
30 82 1 1.34626 1
30 83 1 3.50369 1
30 84 1 0.87837 1
30 85 1 -1.81082 1
30 86 1 -0.683533 1
30 87 1 -4.29229 1
30 88 1 0.198359 1
30 89 1 -1.72278 1
30 90 1 1.01368 1
30 91 1 4.29422 1
30 92 1 1.15854 1
30 93 1 1.35146 1
30 94 1 1.96362 1
30 95 1 -0.032347 1
31 64 1 1.20733 1
31 65 1 -0.22319 1
31 66 1 -1.26768 1
31 67 1 5.19295 1
31 68 1 3.43114 1
31 69 1 0.680257 1
31 70 1 -0.806438 1
31 71 1 1.63187 1
31 72 1 -2.61548 1
31 73 1 -1.62904 1
31 74 1 -0.172971 1
31 75 1 -1.00764 1
31 76 1 -0.783281 1
31 77 1 -0.881388 1
31 78 1 -1.3289 1
31 79 1 1.63266 1
31 80 1 -0.463787 1
31 81 1 -0.261088 1
31 82 1 1.8795 1
31 83 1 -0.875061 1
31 84 1 -2.38742 1
31 85 1 -1.32617 1
31 86 1 1.51358 1
31 87 1 0.42812 1
31 88 1 0.947349 1
31 89 1 0.172974 1
31 90 1 1.788 1
31 91 1 -0.071712 1
31 92 1 -1.60609 1
31 93 1 1.04201 1
31 94 1 -0.948897 1
31 95 1 0.211545 1
32 64 1 3.45826 1
32 65 1 0.374645 1
32 66 1 -1.86763 1
32 67 1 2.32536 1
32 68 1 1.00014 1
32 69 1 3.65343 1
32 70 1 0.324463 1
32 71 1 1.32892 1
32 72 1 -3.31821 1
32 73 1 -0.681457 1
32 74 1 -1.14519 1
32 75 1 1.59492 1
32 76 1 -2.41813 1
32 77 1 -1.13239 1
32 78 1 -1.58333 1
32 79 1 2.03813 1
32 80 1 0.577533 1
32 81 1 -2.86782 1
32 82 1 -0.750245 1
32 83 1 -0.451609 1
32 84 1 -0.592445 1
32 85 1 -1.64609 1
32 86 1 -0.591355 1
32 87 1 0.938214 1
32 88 1 -0.780513 1
32 89 1 -1.66723 1
32 90 1 -0.97001 1
32 91 1 -1.74152 1
32 92 1 2.86808 1
32 93 1 -2.40513 1
32 94 1 1.5427 1
32 95 1 -1.63107 1
33 64 1 1.18657 1
33 65 1 -3.61785 1
33 66 1 -0.349272 1
33 67 1 -0.807065 1
33 68 1 -0.701422 1
33 69 1 -1.99195 1
33 70 1 3.00884 1
33 71 1 2.1835 1
33 72 1 -0.203072 1
33 73 1 1.77245 1
33 74 1 1.49381 1
33 75 1 -2.22031 1
33 76 1 -0.0303788 1
33 77 1 3.61987 1
33 78 1 -2.60431 1
33 79 1 0.841437 1
33 80 1 2.03801 1
33 81 1 -1.45408 1
33 82 1 -1.40399 1
33 83 1 0.240981 1
33 84 1 2.09922 1
33 85 1 1.39974 1
33 86 1 -0.360117 1
33 87 1 1.02284 1
33 88 1 2.42145 1
33 89 1 3.09735 1
33 90 1 -1.12405 1
33 91 1 0.608858 1
33 92 1 1.72822 1
33 93 1 2.15732 1
33 94 1 0.360656 1
33 95 1 -0.591538 1
33 20 1 -0.698542 1
34 64 1 1.6342 1
34 65 1 -0.895571 1
34 66 1 0.202198 1
34 67 1 2.34329 1
34 68 1 1.64869 1
34 69 1 0.962389 1
34 70 1 -1.73064 1
34 71 1 0.249115 1
34 72 1 -0.529911 1
34 73 1 -0.372795 1
34 74 1 0.813558 1
34 75 1 3.5195 1
34 76 1 -1.647 1
34 77 1 2.05726 1
34 78 1 0.849275 1
34 79 1 0.961219 1
34 80 1 1.59345 1
34 81 1 0.43365 1
34 82 1 -0.471276 1
34 83 1 1.60043 1
34 84 1 -0.662492 1
34 85 1 -0.47481 1
34 86 1 0.332082 1
34 87 1 -1.38621 1
34 88 1 1.5687 1
34 89 1 -0.429263 1
34 90 1 -1.42314 1
34 91 1 0.780951 1
34 92 1 -0.765517 1
34 93 1 -3.83982 1
34 94 1 1.94634 1
34 95 1 0.340358 1
35 64 1 -1.22949 1
35 65 1 0.240611 1
35 66 1 0.170996 1
35 67 1 -0.411668 1
35 68 1 1.011 1
35 69 1 2.06036 1
35 70 1 0.794752 1
35 71 1 1.44658 1
35 72 1 0.682519 1
35 73 1 2.47999 1
35 74 1 2.53376 1
35 75 1 -0.833466 1
35 76 1 -1.76585 1
35 77 1 2.04966 1
35 78 1 -3.20698 1
35 79 1 -2.58393 1
35 80 1 -5.69927 1
35 81 1 0.691328 1
35 82 1 2.76976 1
35 83 1 -0.000607743 1
35 84 1 1.65413 1
35 85 1 -2.83946 1
35 86 1 -1.57898 1
35 87 1 -1.12874 1
35 88 1 -0.722612 1
35 89 1 1.94997 1
35 90 1 -2.34469 1
35 91 1 -2.70061 1
35 92 1 -0.61819 1
35 93 1 0.848587 1
35 94 1 -1.40051 1
35 95 1 -0.681374 1
36 64 1 -1.17064 1
36 65 1 0.859999 1
36 66 1 -1.08176 1
36 67 1 0.430429 1
36 68 1 -1.15576 1
36 69 1 -0.289195 1
36 70 1 0.560077 1
36 71 1 2.41386 1
36 72 1 0.376298 1
36 73 1 -0.169378 1
36 74 1 2.34501 1
36 75 1 -0.39019 1
36 76 1 1.14775 1
36 77 1 -1.45554 1
36 78 1 2.04404 1
36 79 1 2.55446 1
36 80 1 0.56293 1
36 81 1 1.16326 1
36 82 1 -0.485829 0
36 83 1 -0.697191 1
36 84 1 0.994998 1
36 85 1 -2.93638 1
36 86 1 0.356187 1
36 87 1 -1.11083 1
36 88 1 1.95638 1
36 89 1 -0.981769 1
36 90 1 -1.39421 1
36 91 1 -1.16989 1
36 92 1 3.28167 1
36 93 1 -0.102884 1
36 94 1 -2.95429 1
36 95 1 3.22092 1
36 109 1 1.53822 1
36 24 1 -1.09001 1
109 82 1 0.306894 1
109 31 1 -0.795808 1
37 64 1 -2.38579 1
37 65 1 -1.15565 1
37 66 1 -1.93393 1
37 67 1 -3.51316 1
37 68 1 -2.48078 1
37 69 1 1.03675 1
37 70 1 -1.66625 1
37 71 1 -2.5773 1
37 72 1 0.486821 1
37 73 1 -0.393204 1
37 74 1 -0.875822 1
37 75 1 -1.71514 1
37 76 1 1.54363 1
37 77 1 0.921504 1
37 78 1 1.47296 1
37 79 1 -0.347499 1
37 80 1 2.48785 1
37 81 1 0.449299 1
37 82 1 5.26929 1
37 83 1 -0.48531 1
37 84 1 -1.91997 1
37 85 1 1.78458 1
37 86 1 -1.70289 1
37 87 1 -1.26465 1
37 88 1 -2.61725 1
37 89 1 0.135144 1
37 90 1 -0.865132 1
37 91 1 -1.50471 1
37 92 1 0.333983 1
37 93 1 0.0250375 1
37 94 1 -1.41224 1
37 95 1 0.248327 1
38 64 1 0.162931 1
38 65 1 -1.72373 1
38 66 1 -1.74887 1
38 67 1 -0.108286 1
38 68 1 1.19203 1
38 69 1 -0.574334 1
38 70 1 0.907303 1
38 71 1 1.42078 1
38 72 1 -0.615736 1
38 73 1 -0.321343 1
38 74 1 0.306315 1
38 75 1 2.19949 1
38 76 1 3.3826 1
38 77 1 -1.96076 1
38 78 1 -1.64955 1
38 79 1 -0.202539 1
38 80 1 -1.60687 1
38 81 1 0.13387 1
38 82 1 -0.131616 1
38 83 1 -0.429504 1
38 84 1 -1.74827 1
38 85 1 -2.0008 1
38 86 1 -1.84907 1
38 87 1 -0.831684 1
38 88 1 1.45489 1
38 89 1 3.29969 1
38 90 1 -2.27724 1
38 91 1 2.46013 1
38 92 1 0.0904019 1
38 93 1 0.530083 1
38 94 1 -1.77936 1
38 95 1 -2.44813 1
39 64 1 0.741141 1
39 65 1 -1.4921 1
39 66 1 -0.587526 1
39 67 1 -1.93177 1
39 68 1 -0.414349 1
39 69 1 0.572946 1
39 70 1 -1.06997 1
39 71 1 0.0726373 1
39 72 1 -0.125923 1
39 73 1 -0.931648 1
39 74 1 3.79874 1
39 75 1 1.04813 0
39 76 1 -0.332813 1
39 77 1 -1.27489 1
39 78 1 0.302069 1
39 79 1 -0.323576 1
39 80 1 -0.63913 1
39 81 1 -2.27949 1
39 82 1 0.408847 1
39 83 1 0.0171558 1
39 84 1 1.0798 1
39 85 1 0.58387 1
39 86 1 0.554933 1
39 87 1 0.828979 1
39 88 1 -1.15095 1
39 89 1 0.498716 1
39 90 1 2.76477 1
39 91 1 -3.30576 1
39 92 1 3.15165 1
39 93 1 -0.241523 1
39 94 1 -0.242098 1
39 95 1 0.781184 1
39 2 1 -2.19765 1
39 112 1 1.73994 1
112 75 1 -0.81931 1
40 64 1 -5.55388 1
40 65 1 0.693349 1
40 66 1 -0.739009 1
40 67 1 0.128522 1
40 68 1 3.62579 1
40 69 1 -1.27456 1
40 70 1 -1.78924 1
40 71 1 1.87924 1
40 72 1 2.8933 1
40 73 1 0.871048 1
40 74 1 -0.00563832 1
40 75 1 -0.537314 1
40 76 1 -0.637409 1
40 77 1 2.55576 1
40 78 1 2.81246 1
40 79 1 -1.87884 1
40 80 1 0.454169 1
40 81 1 -0.184012 1
40 82 1 0.71532 1
40 83 1 -1.36215 1
40 84 1 0.304585 1
40 85 1 2.76412 1
40 86 1 -0.37956 1
40 87 1 0.585508 1
40 88 1 -1.15648 1
40 89 1 -1.07565 1
40 90 1 0.116817 1
40 91 1 -1.37042 1
40 92 1 1.07386 1
40 93 1 2.02583 1
40 94 1 -1.56617 1
40 95 1 1.15847 1
41 64 1 4.64362 1
41 65 1 -1.86331 1
41 66 1 1.11228 1
41 67 1 -2.96969 1
41 68 1 -1.55377 1
41 69 1 -0.727811 1
41 70 1 0.565139 1
41 71 1 1.6899 1
41 72 1 4.12461 1
41 73 1 -3.34811 1
41 74 1 -1.27692 1
41 75 1 0.474081 1
41 76 1 0.959637 1
41 77 1 -0.476688 1
41 78 1 -1.49906 1
41 79 1 -2.86275 1
41 80 1 2.98448 1
41 81 1 0.344261 1
41 82 1 0.168812 1
41 83 1 1.87944 1
41 84 1 -0.286731 1
41 85 1 -0.869388 1
41 86 1 -0.223039 1
41 87 1 -0.0959689 1
41 88 1 4.22749 1
41 89 1 -0.592166 1
41 90 1 -0.913392 1
41 91 1 -0.158468 1
41 92 1 0.0837174 1
41 93 1 0.45081 1
41 94 1 0.0392461 1
41 95 1 -2.8952 1
41 11 1 -0.0549932 1
42 64 1 0.513825 1
42 65 1 0.316925 1
42 66 1 0.292008 1
42 67 1 0.552737 1
42 68 1 1.06937 1
42 69 1 -1.298 1
42 70 1 -1.99625 1
42 71 1 -0.240268 1
42 72 1 -3.01333 1
42 73 1 -2.5431 1
42 74 1 0.440886 1
42 75 1 0.607492 1
42 76 1 -1.12241 1
42 77 1 0.0494732 1
42 78 1 -1.94176 1
42 79 1 -0.336828 1
42 80 1 -0.089219 1
42 81 1 0.452308 1
42 82 1 2.08424 1
42 83 1 0.802375 1
42 84 1 2.31116 1
42 85 1 0.803122 1
42 86 1 -1.02306 1
42 87 1 -2.70883 1
42 88 1 -0.531608 1
42 89 1 0.237934 1
42 90 1 0.368997 1
42 91 1 1.93631 1
42 92 1 -1.08473 1
42 93 1 1.41112 1
42 94 1 -1.24596 1
42 95 1 -0.622543 1
43 64 1 0.544285 1
43 65 1 -0.774302 1
43 66 1 1.66412 1
43 67 1 1.52505 1
43 68 1 -1.687 1
43 69 1 -2.8422 1
43 70 1 0.313587 1
43 71 1 -2.26151 1
43 72 1 -1.80684 1
43 73 1 -3.86015 1
43 74 1 1.18917 1
43 75 1 -1.62701 1
43 76 1 2.34693 1
43 77 1 1.45038 1
43 78 1 0.177892 1
43 79 1 -0.895069 1
43 80 1 -0.58164 1
43 81 1 1.0772 1
43 82 1 0.346272 1
43 83 1 -0.124835 1
43 84 1 1.24136 1
43 85 1 1.62725 1
43 86 1 -1.08386 1
43 87 1 2.89779 1
43 88 1 -1.64531 1
43 89 1 2.33037 1
43 90 1 0.433495 1
43 91 1 -3.14155 1
43 92 1 0.692556 1
43 93 1 2.34392 1
43 94 1 -2.19555 1
43 95 1 -1.40022 1
44 64 1 1.9842 1
44 65 1 -1.78166 1
44 66 1 -0.227867 1
44 67 1 -1.64452 1
44 68 1 -1.56051 1
44 69 1 0.899717 1
44 70 1 1.78604 1
44 71 1 1.07144 1
44 72 1 -2.76756 1
44 73 1 0.689277 1
44 74 1 -0.981707 1
44 75 1 -1.1709 1
44 76 1 -0.397475 1
44 77 1 1.06455 1
44 78 1 1.03901 1
44 79 1 1.00323 1
44 80 1 3.84659 1
44 81 1 -1.12863 1
44 82 1 1.93307 1
44 83 1 -0.290463 1
44 84 1 2.08489 1
44 85 1 0.377571 1
44 86 1 1.29244 1
44 87 1 -1.89876 1
44 88 1 1.11078 1
44 89 1 -0.764443 1
44 90 1 1.15803 1
44 91 1 -0.736326 1
44 92 1 -0.572933 1
44 93 1 1.15789 1
44 94 1 0.00651348 1
44 95 1 -1.20148 1
44 8 1 1.19718 1
44 29 1 -0.964704 1
45 64 1 -1.72747 1
45 65 1 1.76834 1
45 66 1 1.02068 1
45 67 1 -1.44276 1
45 68 1 -1.68337 1
45 69 1 -4.76458 1
45 70 1 -1.48407 1
45 71 1 -0.248379 1
45 72 1 -1.93875 1
45 73 1 3.00353 1
45 74 1 1.6561 1
45 75 1 2.94631 1
45 76 1 0.224517 1
45 77 1 -0.420331 1
45 78 1 -2.63436 1
45 79 1 0.821194 1
45 80 1 -1.19384 1
45 81 1 0.339501 1
45 82 1 1.5477 1
45 83 1 1.25194 1
45 84 1 1.27069 1
45 85 1 -2.1992 1
45 86 1 0.690624 1
45 87 1 -1.70474 1
45 88 1 -0.688553 1
45 89 1 -1.83923 1
45 90 1 -0.419459 1
45 91 1 0.654231 1
45 92 1 -1.31296 1
45 93 1 -1.50779 1
45 94 1 0.722053 1
45 95 1 -1.13447 1
45 9 1 1.92136 1
46 64 1 -0.427134 1
46 65 1 -0.344649 1
46 66 1 1.11279 1
46 67 1 2.79352 1
46 68 1 -1.57307 1
46 69 1 -1.86883 1
46 70 1 1.83395 1
46 71 1 -0.22194 1
46 72 1 0.771322 1
46 73 1 -2.6184 1
46 74 1 -1.92228 1
46 75 1 -0.224609 1
46 76 1 -1.77958 1
46 77 1 2.03166 1
46 78 1 -0.219865 1
46 79 1 -0.50422 1
46 80 1 2.11149 1
46 81 1 -2.58544 1
46 82 1 -1.99181 1
46 83 1 1.72694 1
46 84 1 -1.30777 1
46 85 1 0.349711 1
46 86 1 -1.88289 1
46 87 1 -0.162412 1
46 88 1 -1.16891 1
46 89 1 -2.77463 1
46 90 1 -0.906861 1
46 91 1 0.135128 1
46 92 1 -1.11966 1
46 93 1 0.183239 1
46 94 1 0.871355 1
46 95 1 1.32703 1
47 64 1 -0.134108 1
47 65 1 1.31728 1
47 66 1 -1.29224 1
47 67 1 1.63487 1
47 68 1 0.0580423 1
47 69 1 3.26239 1
47 70 1 -1.46603 1
47 71 1 0.0835118 1
47 72 1 1.87792 1
47 73 1 2.15023 1
47 74 1 -1.12072 1
47 75 1 -1.42928 1
47 76 1 -0.172021 1
47 77 1 -5.23669 1
47 78 1 -1.26518 1
47 79 1 -0.0314034 1
47 80 1 -0.136336 1
47 81 1 -4.21474 1
47 82 1 0.926372 1
47 83 1 0.23832 1
47 84 1 0.062896 1
47 85 1 -0.221517 1
47 86 1 -1.84683 1
47 87 1 1.09702 1
47 88 1 -1.41857 1
47 89 1 -0.720241 1
47 90 1 2.05797 1
47 91 1 1.36316 1
47 92 1 0.500028 1
47 93 1 1.2572 1
47 94 1 0.676739 1
47 95 1 -1.7378 1
47 4 1 0.00675228 1
48 64 1 -0.727118 1
48 65 1 -0.302406 1
48 66 1 -1.05843 1
48 67 1 -1.88152 1
48 68 1 -0.0372955 1
48 69 1 -3.67325 1
48 70 1 1.53285 1
48 71 1 2.131 1
48 72 1 -1.13157 1
48 73 1 2.21935 1
48 74 1 2.48782 1
48 75 1 -1.70262 1
48 76 1 0.760012 1
48 77 1 -0.129625 1
48 78 1 1.75692 1
48 79 1 -0.727199 1
48 80 1 0.361076 1
48 81 1 -1.30813 1
48 82 1 0.33475 1
48 83 1 1.22224 1
48 84 1 -1.79529 1
48 85 1 1.59145 1
48 86 1 -0.0563272 1
48 87 1 -0.585279 1
48 88 1 -1.15136 1
48 89 1 0.851271 1
48 90 1 -0.043367 1
48 91 1 1.45708 1
48 92 1 -3.57416 1
48 93 1 0.117736 1
48 94 1 0.0312841 1
48 95 1 -1.45522 1
48 16 1 1.25915 1
48 12 1 -0.367405 1
49 64 1 1.33261 1
49 65 1 -2.30278 1
49 66 1 -2.39174 1
49 67 1 -0.145495 1
49 68 1 0.626074 1
49 69 1 1.58396 1
49 70 1 0.410752 1
49 71 1 -2.67173 1
49 72 1 -1.77158 1
49 73 1 1.72065 1
49 74 1 0.910644 1
49 75 1 1.60794 1
49 76 1 -3.56969 1
49 77 1 -0.485828 1
49 78 1 -0.764883 1
49 79 1 2.32697 1
49 80 1 3.74532 1
49 81 1 -3.27878 1
49 82 1 0.368449 1
49 83 1 0.76614 1
49 84 1 1.17383 1
49 85 1 -2.81228 1
49 86 1 -0.61087 1
49 87 1 -2.25269 1
49 88 1 -1.59544 1
49 89 1 0.346208 1
49 90 1 -0.114189 1
49 91 1 0.625099 1
49 92 1 -0.977105 1
49 93 1 0.57981 1
49 94 1 1.31619 1
49 95 1 2.33902 1
49 19 1 0.20905 1
50 64 1 -2.91453 1
50 65 1 -1.26524 1
50 66 1 1.2902 1
50 67 1 -2.28282 1
50 68 1 1.27913 1
50 69 1 0.636077 1
50 70 1 2.59369 1
50 71 1 4.16268 1
50 72 1 -1.66085 1
50 73 1 3.08038 1
50 74 1 1.55697 1
50 75 1 1.49979 1
50 76 1 -1.33462 1
50 77 1 0.0364137 1
50 78 1 1.30867 1
50 79 1 -0.858591 1
50 80 1 -0.192324 1
50 81 1 -1.47235 1
50 82 1 -1.01656 1
50 83 1 3.20976 1
50 84 1 -1.64711 1
50 85 1 2.51818 1
50 86 1 -1.50658 1
50 87 1 -1.47914 1
50 88 1 -1.80232 1
50 89 1 1.2489 1
50 90 1 -1.48386 1
50 91 1 0.169922 1
50 92 1 0.287132 1
50 93 1 2.0685 1
50 94 1 -2.08789 1
50 95 1 2.28256 1
50 4 1 0.402484 1
50 22 1 -0.285139 1
51 64 1 -1.42329 1
51 65 1 1.83244 1
51 66 1 0.472538 1
51 67 1 -1.37955 1
51 68 1 -0.940163 1
51 69 1 -0.245784 1
51 70 1 1.15358 1
51 71 1 3.2241 1
51 72 1 -2.05237 1
51 73 1 -0.835064 1
51 74 1 -2.6909 1
51 75 1 4.13612 1
51 76 1 -1.0457 1
51 77 1 -1.02624 1
51 78 1 0.168926 1
51 79 1 0.769694 1
51 80 1 1.43564 1
51 81 1 -0.890525 1
51 82 1 0.864284 1
51 83 1 2.45624 1
51 84 1 -0.603444 1
51 85 1 -1.31966 1
51 86 1 -0.634056 1
51 87 1 0.184816 1
51 88 1 0.690717 1
51 89 1 -2.10015 1
51 90 1 0.817055 1
51 91 1 -1.35957 1
51 92 1 0.600476 1
51 93 1 2.22741 1
51 94 1 -2.60425 1
51 95 1 0.953212 1
52 64 1 -1.55529 1
52 65 1 2.62901 1
52 66 1 2.23761 1
52 67 1 1.56097 1
52 68 1 -1.3804 1
52 69 1 3.78161 1
52 70 1 3.47254 1
52 71 1 -2.23161 1
52 72 1 -0.9177 1
52 73 1 3.63793 1
52 74 1 2.69633 1
52 75 1 0.179988 1
52 76 1 -2.28299 1
52 77 1 -1.58719 1
52 78 1 -0.388187 1
52 79 1 -0.998261 1
52 80 1 -1.5089 1
52 81 1 1.24333 1
52 82 1 -1.3897 1
52 83 1 -1.31081 1
52 84 1 0.0589891 1
52 85 1 -0.433793 1
52 86 1 -2.33189 1
52 87 1 2.21718 1
52 88 1 -1.61661 1
52 89 1 -0.399055 1
52 90 1 -0.657458 1
52 91 1 1.17124 1
52 92 1 -0.530474 1
52 93 1 -0.317972 1
52 94 1 -0.360959 1
52 95 1 0.303551 1
53 64 1 -1.7662 1
53 65 1 -0.137695 1
53 66 1 0.688759 1
53 67 1 -2.04944 1
53 68 1 1.8486 1
53 69 1 1.86798 1
53 70 1 -0.907585 1
53 71 1 -0.747523 1
53 72 1 1.64296 1
53 73 1 -0.627015 1
53 74 1 1.48714 1
53 75 1 -1.51808 1
53 76 1 1.71985 1
53 77 1 2.62797 1
53 78 1 -1.3941 1
53 79 1 1.40671 1
53 80 1 -0.0915696 1
53 81 1 0.688961 1
53 82 1 2.51341 1
53 83 1 0.897303 1
53 84 1 1.67483 1
53 85 1 -1.2844 1
53 86 1 -0.927611 1
53 87 1 -0.0801253 1
53 88 1 -2.09456 1
53 89 1 -1.1864 1
53 90 1 -0.895949 1
53 91 1 -0.0973998 1
53 92 1 1.76372 1
53 93 1 0.331156 1
53 94 1 0.736791 1
53 95 1 -0.620786 1
53 20 1 2.32224 1
54 64 1 1.8726 1
54 65 1 1.97865 1
54 66 1 0.108516 1
54 67 1 1.74704 1
54 68 1 0.50098 1
54 69 1 -0.354232 1
54 70 1 -0.365435 1
54 71 1 0.186261 1
54 72 1 0.493236 1
54 73 1 -0.579833 1
54 74 1 -1.85367 1
54 75 1 -1.22314 1
54 76 1 1.03195 1
54 77 1 2.26914 1
54 78 1 0.236296 1
54 79 1 -0.349309 1
54 80 1 0.704207 1
54 81 1 -1.30987 1
54 82 1 -2.37039 1
54 83 1 2.30999 1
54 84 1 0.708011 1
54 85 1 0.014544 1
54 86 1 -1.72566 1
54 87 1 0.262766 1
54 88 1 4.12396 1
54 89 1 0.0839081 1
54 90 1 -1.68258 1
54 91 1 2.17285 1
54 92 1 0.0694287 1
54 93 1 0.792896 1
54 94 1 -0.192746 1
54 95 1 0.433447 1
54 30 1 -0.686039 1
55 64 1 -0.292098 1
55 65 1 -1.46556 1
55 66 1 1.49366 1
55 67 1 1.04915 1
55 68 1 -1.86196 1
55 69 1 1.22398 1
55 70 1 2.39182 1
55 71 1 -3.74633 1
55 72 1 0.374577 1
55 73 1 -0.362146 1
55 74 1 4.55774 1
55 75 1 -3.89618 1
55 76 1 -4.01733 1
55 77 1 3.37858 1
55 78 1 -4.09102 1
55 79 1 1.23782 1
55 80 1 0.15405 1
55 81 1 -0.665727 1
55 82 1 -2.21097 1
55 83 1 -1.21818 1
55 84 1 -2.20599 1
55 85 1 0.0102855 1
55 86 1 0.717082 1
55 87 1 2.36576 1
55 88 1 -1.49404 1
55 89 1 -0.768785 1
55 90 1 0.245672 1
55 91 1 0.946156 1
55 92 1 1.57525 1
55 93 1 -3.71441 1
55 94 1 -0.706338 1
55 95 1 -2.38823 0
55 28 1 1.27964 1
55 114 1 1.03033 1
114 95 1 -1.82569 1
56 64 1 1.01951 1
56 65 1 -1.08227 1
56 66 1 -0.627939 1
56 67 1 -1.11113 1
56 68 1 1.73591 1
56 69 1 -0.40895 1
56 70 1 1.23558 1
56 71 1 -0.0238719 1
56 72 1 0.302005 1
56 73 1 -0.825014 1
56 74 1 2.17017 1
56 75 1 3.23804 1
56 76 1 0.137739 1
56 77 1 -1.16021 1
56 78 1 -2.05914 1
56 79 1 1.01898 1
56 80 1 -1.25117 1
56 81 1 1.7445 1
56 82 1 2.38828 1
56 83 1 -2.73933 1
56 84 1 -0.0355933 1
56 85 1 -0.852178 1
56 86 1 1.1222 1
56 87 1 -2.13263 1
56 88 1 2.16419 1
56 89 1 -3.48171 1
56 90 1 -0.796538 1
56 91 1 -0.0481078 1
56 92 1 1.28842 1
56 93 1 2.89853 1
56 94 1 -1.61817 1
56 95 1 0.533599 1
56 3 1 0.71128 1
57 64 1 -2.01765 1
57 65 1 1.59998 1
57 66 1 -3.45178 1
57 67 1 0.801285 1
57 68 1 2.84739 1
57 69 1 -1.60021 0
57 70 1 0.672504 1
57 71 1 0.682905 1
57 72 1 -0.342916 1
57 73 1 -1.61351 1
57 74 1 0.507917 1
57 75 1 2.58486 1
57 76 1 1.88925 1
57 77 1 -2.86327 1
57 78 1 -1.45812 1
57 79 1 -1.24572 1
57 80 1 2.50803 1
57 81 1 1.10972 1
57 82 1 0.0689563 1
57 83 1 -2.94695 1
57 84 1 0.556095 1
57 85 1 -4.94403 1
57 86 1 -0.901185 1
57 87 1 1.89156 1
57 88 1 -2.47776 1
57 89 1 1.38525 1
57 90 1 0.944122 1
57 91 1 0.0708671 1
57 92 1 -0.933193 1
57 93 1 -0.0970928 1
57 94 1 1.92918 1
57 95 1 1.50149 1
57 104 1 1.06065 1
104 69 1 0.839978 1
58 64 1 0.798828 1
58 65 1 -1.7503 1
58 66 1 -0.454914 1
58 67 1 -2.27994 1
58 68 1 1.46271 1
58 69 1 -2.20385 1
58 70 1 -2.02078 1
58 71 1 -3.05049 1
58 72 1 0.622068 1
58 73 1 -1.31083 1
58 74 1 1.70373 1
58 75 1 1.47475 1
58 76 1 -0.153622 1
58 77 1 -0.454397 1
58 78 1 -0.985878 1
58 79 1 -0.920975 1
58 80 1 -0.116811 1
58 81 1 0.166852 1
58 82 1 0.230048 1
58 83 1 -1.02259 1
58 84 1 1.6028 1
58 85 1 0.791502 1
58 86 1 1.21762 1
58 87 1 -0.50164 1
58 88 1 -1.16867 1
58 89 1 -2.08873 1
58 90 1 -0.116178 1
58 91 1 -0.504983 1
58 92 1 1.90597 1
58 93 1 0.169864 1
58 94 1 -2.85278 1
58 95 1 1.48025 1
59 64 1 -0.196221 1
59 65 1 -0.2923 1
59 66 1 2.27936 1
59 67 1 -1.14857 1
59 68 1 -0.142608 1
59 69 1 -0.0693977 1
59 70 1 -1.33503 1
59 71 1 0.711406 1
59 72 1 -0.335455 1
59 73 1 -2.494 1
59 74 1 0.649031 1
59 75 1 0.112776 1
59 76 1 0.469093 1
59 77 1 -0.335217 0
59 78 1 -1.44314 1
59 79 1 -0.72061 1
59 80 1 0.952924 1
59 81 1 -0.420923 1
59 82 1 -1.40127 1
59 83 1 2.23448 1
59 84 1 -0.962812 1
59 85 1 -1.30639 1
59 86 1 -0.803046 1
59 87 1 2.08792 1
59 88 1 2.93728 1
59 89 1 0.884946 1
59 90 1 1.84514 1
59 91 1 -0.195844 1
59 92 1 0.19668 1
59 93 1 1.67431 1
59 94 1 -1.36831 1
59 95 1 1.97581 1
59 97 1 2.52214 1
59 5 1 -1.16923 1
59 11 1 0.242696 1
97 77 1 -2.83223 1
97 22 1 -3.22085 1
97 2 1 -3.03654 0
97 99 1 1.56559 1
97 7 1 -0.617004 0
97 102 1 1.65355 1
102 7 1 0.700561 1
99 2 1 0.163755 0
99 108 1 1.75108 1
108 2 1 0.534557 1
60 64 1 2.85641 1
60 65 1 0.494514 1
60 66 1 0.165476 1
60 67 1 0.250925 1
60 68 1 1.35359 1
60 69 1 1.04152 1
60 70 1 -0.951206 1
60 71 1 -1.19308 1
60 72 1 -0.741038 0
60 73 1 -0.200466 1
60 74 1 -0.980101 1
60 75 1 0.322529 1
60 76 1 0.298563 1
60 77 1 2.84363 1
60 78 1 -0.125635 1
60 79 1 1.20688 1
60 80 1 -1.61004 1
60 81 1 0.289469 1
60 82 1 -1.86041 1
60 83 1 0.372918 1
60 84 1 -1.4232 1
60 85 1 1.68327 1
60 86 1 1.7602 1
60 87 1 1.57787 1
60 88 1 -1.59098 1
60 89 1 -1.93161 1
60 90 1 -2.58642 1
60 91 1 -0.0258991 1
60 92 1 -0.504566 1
60 93 1 1.512 1
60 94 1 0.330937 1
60 95 1 0.635932 1
60 24 1 -1.04399 1
60 0 1 1.32673 1
60 115 1 1.07727 1
115 72 1 -0.541546 1
61 64 1 -1.37732 1
61 65 1 -0.458191 1
61 66 1 0.72779 1
61 67 1 -1.22251 1
61 68 1 -3.19621 1
61 69 1 0.740244 1
61 70 1 -0.675761 1
61 71 1 1.34988 1
61 72 1 -1.37546 1
61 73 1 0.194082 1
61 74 1 0.968596 1
61 75 1 0.275748 1
61 76 1 0.78 1
61 77 1 -0.460983 0
61 78 1 0.462264 1
61 79 1 -0.84342 1
61 80 1 -0.493693 1
61 81 1 0.0056735 1
61 82 1 0.676072 1
61 83 1 1.00743 1
61 84 1 -0.726631 1
61 85 1 2.16015 1
61 86 1 0.327 1
61 87 1 0.366618 1
61 88 1 0.863098 1
61 89 1 1.00451 1
61 90 1 1.26243 1
61 91 1 1.36496 1
61 92 1 -1.46901 1
61 93 1 -0.655679 1
61 94 1 1.34105 1
61 95 1 0.879034 1
61 107 1 0.76071 1
107 77 1 -2.62528 0
107 113 1 2.42332 1
107 14 1 0.636319 1
113 77 1 -3.84861 1
113 23 1 -1.54848 1
62 64 1 2.8088 1
62 65 1 -1.56389 1
62 66 1 1.94082 1
62 67 1 -1.4571 1
62 68 1 -0.17626 1
62 69 1 0.455399 1
62 70 1 -0.919928 1
62 71 1 -1.51333 1
62 72 1 0.853864 1
62 73 1 1.78905 1
62 74 1 2.39078 1
62 75 1 -0.727289 1
62 76 1 0.0203486 1
62 77 1 -1.3056 1
62 78 1 -1.72784 1
62 79 1 1.3959 1
62 80 1 -0.23017 1
62 81 1 -1.09723 1
62 82 1 -0.388717 1
62 83 1 0.0582776 1
62 84 1 -0.105762 1
62 85 1 0.474417 1
62 86 1 3.37924 1
62 87 1 -1.44731 1
62 88 1 0.791395 1
62 89 1 -0.532923 1
62 90 1 -5.42782 1
62 91 1 0.1849 1
62 92 1 -1.48566 1
62 93 1 1.83935 1
62 94 1 -0.458962 1
62 95 1 0.125203 1
62 5 1 -0.0270797 1
63 64 1 3.31558 1
63 65 1 1.43476 1
63 66 1 3.69763 1
63 67 1 0.737336 1
63 68 1 -0.529682 1
63 69 1 -3.65889 1
63 70 1 1.46585 1
63 71 1 2.39711 1
63 72 1 -0.216244 1
63 73 1 0.95238 1
63 74 1 -0.853842 1
63 75 1 0.436115 1
63 76 1 -0.978493 1
63 77 1 1.80332 1
63 78 1 -1.17324 1
63 79 1 -0.643671 1
63 80 1 0.889781 1
63 81 1 0.0588281 1
63 82 1 0.850956 1
63 83 1 -0.284621 1
63 84 1 -3.08068 1
63 85 1 -3.71793 1
63 86 1 2.40283 1
63 87 1 -2.37488 1
63 88 1 -0.585128 1
63 89 1 0.107942 1
63 90 1 1.7268 1
63 91 1 0.573584 1
63 92 1 0.146746 1
63 93 1 0.16002 1
63 94 1 -1.31412 1
63 95 1 1.03987 1
