116 64 32
-0.121999 -0.157977 -2.12237 4.77871 -2.2404 1.8142 -0.0955726 -0.52128 0.461263 2.93814 0.888739 0.843051 -2.7448 -2.51999 0.794294 -1.43374 -1.09327 -0.183647 -1.32614 -0.772648 -3.05896 -0.806274 -0.787234 -0.165884 -0.0141178 -0.00606064 2.37456 2.2139 0.0341096 0.0381984 -3.24078 -0.311963 -0.866598 3.82177 0.50434 1.51782 -1.43089 0.763995 -0.589347 -1.57749 0.0725762 -1.53463 1.39212 -1.62956 -0.118439 0.86887 -0.906487 1.91639 0.293013 0.912793 2.8874 -2.90218 -0.928956 1.13658 1.53563 1.26332 -1.21459 0.113 -0.509959 -0.914394 -0.269323 -1.14147 -1.06431 -3.34678 -2.46388 1.41014 0.390523 0.711568 -1.58372 -1.06901 -2.72414 -0.4991 -1.24078 -0.807065 1.73955 1.60529 -2.66103 0.641899 -1.138 -3.3022 1.07317 -0.697901 0.121511 1.40589 0.965475 0.314636 -1.59647 0.306491 2.18197 -1.46652 -2.11978 1.11464 -2.31352 0.835472 -0.319432 -0.48202 -0.660058 -0.587854 -1.31579 -1.64501 1.7057 -0.718595 -2.22409 -2.3003 -1.08427 2.31845 0.129258 -0.824274 -0.570799 -0.355251 -0.132186 0.504843 1.46384 -0.945588 0.361727 0.0629911 
0 64 1 -3.02864 1
0 65 1 -1.32686 1
0 66 1 -0.70036 1
0 67 1 -1.23349 1
0 68 1 1.4601 1
0 69 1 0.784104 1
0 70 1 -0.662358 1
0 71 1 -1.37957 1
0 72 1 -2.11439 1
0 73 1 0.50636 1
0 74 1 -2.52987 1
0 75 1 0.476424 1
0 76 1 1.26682 1
0 77 1 1.53613 1
0 78 1 -1.49176 1
0 79 1 3.36599 1
0 80 1 -0.109516 1
0 81 1 2.4955 1
0 82 1 1.85332 1
0 83 1 0.55927 1
0 84 1 -1.81206 1
0 85 1 1.35563 1
0 86 1 -0.991676 1
0 87 1 -2.49324 1
0 88 1 0.0549053 1
0 89 1 1.59294 1
0 90 1 1.15235 1
0 91 1 3.36484 1
0 92 1 -2.78857 1
0 93 1 -0.237227 1
0 94 1 0.97086 1
0 95 1 1.13434 1
1 64 1 0.0546374 1
1 65 1 1.80846 1
1 66 1 2.05519 1
1 67 1 -0.824975 1
1 68 1 1.69698 1
1 69 1 2.66934 1
1 70 1 2.13868 1
1 71 1 -0.474068 1
1 72 1 -0.142273 1
1 73 1 -0.735813 1
1 74 1 -1.57873 1
1 75 1 0.341391 1
1 76 1 0.60502 1
1 77 1 4.48565 1
1 78 1 -0.872027 1
1 79 1 0.978325 1
1 80 1 -1.39107 1
1 81 1 2.2118 1
1 82 1 0.169921 1
1 83 1 -2.65195 1
1 84 1 -0.0469727 1
1 85 1 0.0380576 1
1 86 1 -0.951119 1
1 87 1 0.241082 1
1 88 1 -0.462306 1
1 89 1 1.01811 1
1 90 1 -0.190269 1
1 91 1 -1.43412 1
1 92 1 0.10962 1
1 93 1 1.1059 1
1 94 1 -2.15728 1
1 95 1 -2.37951 1
2 64 1 -0.533102 1
2 65 1 2.18678 1
2 66 1 -0.870826 1
2 67 1 -2.72493 1
2 68 1 0.576624 1
2 69 1 1.83335 1
2 70 1 -0.38633 1
2 71 1 0.631743 1
2 72 1 -2.19532 1
2 73 1 -2.58196 1
2 74 1 -2.42429 1
2 75 1 -0.491642 1
2 76 1 -4.54617 1
2 77 1 1.04388 1
2 78 1 -2.39041 1
2 79 1 -3.46827 1
2 80 1 0.215567 1
2 81 1 -3.3451 1
2 82 1 0.647887 1
2 83 1 -0.583988 1
2 84 1 0.600934 1
2 85 1 2.78203 1
2 86 1 -1.2301 1
2 87 1 -1.57617 1
2 88 1 -0.929432 1
2 89 1 -4.31135 1
2 90 1 -2.27973 1
2 91 1 -1.28846 1
2 92 1 2.35748 1
2 93 1 -2.50152 1
2 94 1 1.2091 1
2 95 1 -0.919289 1
2 100 1 -0.56322 1
2 6 1 2.41913 1
3 64 1 -1.74322 1
3 65 1 -1.19022 1
3 66 1 -1.19451 1
3 67 1 0.96398 1
3 68 1 0.748583 1
3 69 1 -1.86316 1
3 70 1 1.32391 1
3 71 1 3.04825 1
3 72 1 4.50916 1
3 73 1 -0.864469 1
3 74 1 1.12373 1
3 75 1 2.72636 1
3 76 1 2.82083 1
3 77 1 -2.36089 1
3 78 1 0.200508 1
3 79 1 0.254824 1
3 80 1 -0.381687 1
3 81 1 1.07088 1
3 82 1 4.95292 1
3 83 1 -0.208205 1
3 84 1 -1.0892 1
3 85 1 -1.56674 1
3 86 1 1.6564 1
3 87 1 -1.66706 1
3 88 1 1.54937 1
3 89 1 0.508231 1
3 90 1 -1.49289 1
3 91 1 0.78684 1
3 92 1 -1.10804 1
3 93 1 -1.90034 1
3 94 1 -0.907772 1
3 95 1 1.02871 0
3 110 1 -0.231693 1
110 95 1 -0.170332 0
110 111 1 0.668335 1
111 95 1 -0.377067 1
4 64 1 1.87337 1
4 65 1 -0.432274 1
4 66 1 -2.37006 1
4 67 1 0.583222 1
4 68 1 0.19728 1
4 69 1 1.25298 1
4 70 1 0.632223 1
4 71 1 -1.27432 1
4 72 1 1.58638 1
4 73 1 -2.56385 1
4 74 1 -0.443434 1
4 75 1 -1.86737 0
4 76 1 1.61968 1
4 77 1 2.20906 1
4 78 1 1.81664 1
4 79 1 -1.07537 1
4 80 1 -3.50611 1
4 81 1 -0.923895 1
4 82 1 -0.417486 1
4 83 1 -1.36139 1
4 84 1 0.48193 1
4 85 1 1.96031 1
4 86 1 -0.867185 1
4 87 1 -2.81323 1
4 88 1 -0.235995 1
4 89 1 -0.383618 1
4 90 1 0.453283 1
4 91 1 -2.30017 1
4 92 1 1.02523 1
4 93 1 0.156092 1
4 94 1 -2.84405 1
4 95 1 0.614573 1
4 101 1 1.4265 1
4 17 1 0.183492 1
101 75 1 -0.108183 1
5 64 1 -0.858301 1
5 65 1 2.34058 1
5 66 1 -0.185079 1
5 67 1 2.53381 1
5 68 1 1.71843 1
5 69 1 1.59372 1
5 70 1 -1.35339 1
5 71 1 -0.942254 1
5 72 1 1.07526 1
5 73 1 -1.60346 1
5 74 1 -0.977587 1
5 75 1 2.71873 1
5 76 1 0.658816 1
5 77 1 -0.171484 1
5 78 1 -2.26695 1
5 79 1 0.274524 1
5 80 1 1.58891 1
5 81 1 0.650537 1
5 82 1 0.579531 1
5 83 1 2.95038 1
5 84 1 2.06124 1
5 85 1 0.118791 1
5 86 1 -1.07472 1
5 87 1 -0.574092 1
5 88 1 -0.165683 1
5 89 1 -1.78764 1
5 90 1 -1.57527 1
5 91 1 1.37677 1
5 92 1 -2.78474 1
5 93 1 1.22661 1
5 94 1 0.349045 1
5 95 1 -0.916788 1
6 64 1 0.54042 1
6 65 1 -1.43954 1
6 66 1 1.92463 1
6 67 1 1.16377 1
6 68 1 -2.1223 1
6 69 1 0.0989754 1
6 70 1 -1.5086 1
6 71 1 -1.11751 1
6 72 1 0.384554 1
6 73 1 -1.65128 1
6 74 1 -2.09823 1
6 75 1 -1.48256 1
6 76 1 4.31846 1
6 77 1 -0.679154 1
6 78 1 0.58179 1
6 79 1 -3.18314 1
6 80 1 1.60114 1
6 81 1 0.827674 1
6 82 1 0.223563 1
6 83 1 1.83165 1
6 84 1 1.80726 1
6 85 1 -1.47617 1
6 86 1 0.19587 1
6 87 1 2.79251 1
6 88 1 -0.663466 1
6 89 1 -2.21968 1
6 90 1 1.96592 1
6 91 1 -1.06962 1
6 92 1 2.00531 1
6 93 1 -0.297855 1
6 94 1 -2.02933 1
6 95 1 0.402613 1
6 26 1 0.657881 1
7 64 1 1.24889 1
7 65 1 -1.06947 1
7 66 1 0.943456 1
7 67 1 -0.711787 1
7 68 1 -2.46256 1
7 69 1 -0.0705577 1
7 70 1 1.91669 1
7 71 1 2.13222 1
7 72 1 1.40276 1
7 73 1 0.694446 1
7 74 1 -0.0232698 1
7 75 1 -1.98283 1
7 76 1 1.4817 1
7 77 1 -0.206785 1
7 78 1 1.27714 1
7 79 1 2.35354 1
7 80 1 -1.62122 1
7 81 1 -0.727676 1
7 82 1 -3.78059 1
7 83 1 0.639856 0
7 84 1 -0.946386 1
7 85 1 2.93385 1
7 86 1 3.10544 1
7 87 1 0.821891 1
7 88 1 -1.26052 1
7 89 1 -0.699296 1
7 90 1 1.80287 1
7 91 1 -0.476719 1
7 92 1 0.532425 1
7 93 1 -0.932161 1
7 94 1 1.15276 1
7 95 1 2.70618 1
7 100 1 -1.03959 1
100 83 1 -0.546237 1
100 24 1 -0.741284 0
100 106 1 1.83433 1
106 24 1 -2.99818 1
8 64 1 3.06837 1
8 65 1 -2.1178 1
8 66 1 -0.737059 1
8 67 1 0.0497493 1
8 68 1 0.239874 1
8 69 1 0.481048 1
8 70 1 -0.277905 1
8 71 1 0.754353 1
8 72 1 0.880847 1
8 73 1 1.21162 1
8 74 1 -1.17183 1
8 75 1 -2.55584 1
8 76 1 -0.318415 1
8 77 1 1.00909 1
8 78 1 -0.452662 1
8 79 1 -0.752816 1
8 80 1 -0.216232 1
8 81 1 0.104759 1
8 82 1 0.385132 1
8 83 1 -1.58553 1
8 84 1 2.76194 1
8 85 1 3.56535 1
8 86 1 3.33509 1
8 87 1 -0.134893 1
8 88 1 -0.089659 1
8 89 1 3.2662 1
8 90 1 1.7297 1
8 91 1 0.960735 1
8 92 1 1.64672 1
8 93 1 2.15186 1
8 94 1 2.50892 1
8 95 1 0.0649334 1
9 64 1 1.36807 1
9 65 1 -0.226825 1
9 66 1 1.38623 1
9 67 1 1.54297 1
9 68 1 -1.12272 1
9 69 1 -0.543147 1
9 70 1 -2.97096 1
9 71 1 -0.255927 1
9 72 1 -0.35744 1
9 73 1 -0.685444 1
9 74 1 -0.164717 1
9 75 1 -0.884224 1
9 76 1 1.55006 1
9 77 1 0.33818 1
9 78 1 0.504113 1
9 79 1 2.33791 1
9 80 1 0.582828 1
9 81 1 -0.630021 1
9 82 1 -0.853937 1
9 83 1 1.38276 1
9 84 1 3.30206 1
9 85 1 4.43281 1
9 86 1 -1.76975 1
9 87 1 2.45318 1
9 88 1 -0.0558542 1
9 89 1 3.89286 1
9 90 1 -0.493706 1
9 91 1 -0.543724 1
9 92 1 -0.998176 1
9 93 1 -1.31873 1
9 94 1 -2.14545 1
9 95 1 -0.470172 1
10 64 1 0.936071 1
10 65 1 1.38011 1
10 66 1 1.33103 1
10 67 1 -1.05166 1
10 68 1 1.64198 1
10 69 1 0.453216 1
10 70 1 -0.612444 1
10 71 1 -2.3373 1
10 72 1 2.76361 1
10 73 1 1.86472 1
10 74 1 0.0868053 1
10 75 1 0.299059 1
10 76 1 -0.12843 1
10 77 1 1.1083 1
10 78 1 -2.11429 1
10 79 1 -2.94055 1
10 80 1 1.42835 1
10 81 1 0.889027 1
10 82 1 -0.302748 1
10 83 1 1.42833 1
10 84 1 1.07407 1
10 85 1 2.49555 1
10 86 1 -0.47795 1
10 87 1 2.79265 1
10 88 1 1.11952 1
10 89 1 -0.199883 1
10 90 1 0.219724 1
10 91 1 0.276049 1
10 92 1 4.0137 1
10 93 1 -1.84819 1
10 94 1 2.17685 1
10 95 1 4.27281 1
11 64 1 2.90242 1
11 65 1 0.532429 1
11 66 1 1.72868 1
11 67 1 -2.94681 1
11 68 1 3.65015 1
11 69 1 -0.587819 1
11 70 1 1.66185 1
11 71 1 -0.169882 1
11 72 1 0.431783 1
11 73 1 1.14265 1
11 74 1 -0.693205 1
11 75 1 -1.79789 1
11 76 1 -0.63109 1
11 77 1 0.631095 1
11 78 1 -2.02234 1
11 79 1 -1.79756 1
11 80 1 0.934911 1
11 81 1 1.17982 1
11 82 1 2.42396 1
11 83 1 0.186275 1
11 84 1 3.32214 1
11 85 1 -0.982347 1
11 86 1 -1.08986 1
11 87 1 -0.0185483 1
11 88 1 -2.06489 1
11 89 1 -1.62726 1
11 90 1 1.26075 1
11 91 1 0.644778 1
11 92 1 -1.80775 1
11 93 1 3.04882 1
11 94 1 1.02848 1
11 95 1 -1.23984 1
12 64 1 -2.20442 1
12 65 1 1.54997 1
12 66 1 -1.07741 1
12 67 1 -2.11675 1
12 68 1 1.59035 1
12 69 1 0.169638 1
12 70 1 1.81294 1
12 71 1 1.35631 1
12 72 1 -0.910235 1
12 73 1 -0.621609 1
12 74 1 -0.269833 1
12 75 1 -2.00307 1
12 76 1 -0.0802738 1
12 77 1 1.47713 1
12 78 1 -0.554227 1
12 79 1 -2.06895 1
12 80 1 -1.6211 1
12 81 1 -0.478908 1
12 82 1 0.974449 1
12 83 1 -0.323752 1
12 84 1 -0.89212 1
12 85 1 1.20194 1
12 86 1 0.848901 1
12 87 1 2.15969 1
12 88 1 0.146052 1
12 89 1 0.934285 1
12 90 1 0.353783 1
12 91 1 -2.81233 1
12 92 1 0.282523 1
12 93 1 -2.45299 1
12 94 1 -0.321676 1
12 95 1 0.65983 1
12 17 1 -0.561369 1
13 64 1 -1.79295 1
13 65 1 -2.99824 1
13 66 1 -0.373629 1
13 67 1 -0.230598 1
13 68 1 2.50499 1
13 69 1 -3.33922 1
13 70 1 0.749847 1
13 71 1 3.78125 1
13 72 1 -0.679046 1
13 73 1 -2.52305 1
13 74 1 -1.73802 1
13 75 1 -0.199506 1
13 76 1 -0.813196 1
13 77 1 -1.26574 1
13 78 1 -0.500228 1
13 79 1 -1.05891 1
13 80 1 -0.145478 1
13 81 1 0.608029 1
13 82 1 1.33619 1
13 83 1 0.202352 1
13 84 1 -0.52328 1
13 85 1 0.304259 1
13 86 1 4.43026 1
13 87 1 3.43958 1
13 88 1 0.783118 1
13 89 1 -0.696841 1
13 90 1 -4.43918 1
13 91 1 -2.44921 1
13 92 1 -2.41041 1
13 93 1 -2.12781 1
13 94 1 -0.790621 1
13 95 1 -1.51028 1
14 64 1 -2.32597 1
14 65 1 2.3247 1
14 66 1 0.623669 1
14 67 1 -1.76582 1
14 68 1 -1.71222 1
14 69 1 3.06564 1
14 70 1 0.167387 1
14 71 1 2.47228 1
14 72 1 0.193617 1
14 73 1 -0.0293122 1
14 74 1 2.49295 1
14 75 1 0.639775 1
14 76 1 -0.0267803 1
14 77 1 -0.389989 1
14 78 1 -1.77288 1
14 79 1 1.03346 1
14 80 1 1.10698 1
14 81 1 2.515 1
14 82 1 1.93294 1
14 83 1 -1.92653 1
14 84 1 -0.6943 1
14 85 1 0.229297 1
14 86 1 2.54817 1
14 87 1 -0.864967 1
14 88 1 -1.55238 1
14 89 1 -1.64413 1
14 90 1 1.07096 1
14 91 1 4.0713 1
14 92 1 0.934695 1
14 93 1 2.19903 1
14 94 1 2.26697 1
14 95 1 -2.00678 1
14 104 1 0.236218 1
15 64 1 0.304959 1
15 65 1 0.518034 1
15 66 1 -1.25518 1
15 67 1 0.108248 1
15 68 1 0.194346 1
15 69 1 0.500993 1
15 70 1 2.88218 1
15 71 1 -1.15714 1
15 72 1 -3.53285 1
15 73 1 -0.361412 1
15 74 1 -1.7876 1
15 75 1 -2.86271 1
15 76 1 -1.12637 1
15 77 1 1.85796 1
15 78 1 -2.17218 1
15 79 1 -0.213127 1
15 80 1 1.05174 1
15 81 1 3.32793 1
15 82 1 -3.19386 1
15 83 1 1.17575 1
15 84 1 1.18289 1
15 85 1 -1.57524 1
15 86 1 0.281231 1
15 87 1 -2.08985 1
15 88 1 1.01956 1
15 89 1 -0.124445 1
15 90 1 0.0120774 1
15 91 1 -0.419954 1
15 92 1 -0.176528 1
15 93 1 1.62241 1
15 94 1 1.91141 1
15 95 1 1.46051 1
16 64 1 0.612424 1
16 65 1 -1.27263 1
16 66 1 -4.46899 1
16 67 1 -0.064509 1
16 68 1 3.21678 1
16 69 1 0.613743 1
16 70 1 2.67116 1
16 71 1 2.09427 1
16 72 1 -2.03072 1
16 73 1 -0.78243 1
16 74 1 1.045 1
16 75 1 -0.362631 1
16 76 1 -1.47732 1
16 77 1 1.26755 1
16 78 1 -0.264317 1
16 79 1 -2.09158 1
16 80 1 -2.93805 1
16 81 1 1.61093 1
16 82 1 -1.52678 1
16 83 1 -0.399726 1
16 84 1 -0.959258 1
16 85 1 0.322865 1
16 86 1 -2.50645 1
16 87 1 -0.485563 1
16 88 1 0.148007 1
16 89 1 0.8967 1
16 90 1 0.752322 1
16 91 1 2.36081 1
16 92 1 2.01442 1
16 93 1 -0.74647 1
16 94 1 -0.0773273 1
16 95 1 -2.00093 1
17 64 1 -3.94503 1
17 65 1 -2.04955 1
17 66 1 -2.35367 1
17 67 1 1.72029 1
17 68 1 0.0900688 1
17 69 1 -1.18357 1
17 70 1 1.48382 1
17 71 1 2.92317 1
17 72 1 -5.00531 1
17 73 1 2.29899 1
17 74 1 1.08224 1
17 75 1 0.825082 1
17 76 1 -3.86966 1
17 77 1 1.03439 1
17 78 1 1.26211 1
17 79 1 -3.06748 1
17 80 1 3.26329 1
17 81 1 2.26443 1
17 82 1 -1.61924 1
17 83 1 -0.347322 1
17 84 1 -3.07278 1
17 85 1 -0.501837 1
17 86 1 2.36695 1
17 87 1 1.32002 1
17 88 1 -3.42472 1
17 89 1 -0.981757 1
17 90 1 -3.22334 1
17 91 1 1.72571 1
17 92 1 0.274903 1
17 93 1 0.45243 1
17 94 1 3.2149 1
17 95 1 -0.772946 1
18 64 1 1.08968 1
18 65 1 0.231303 1
18 66 1 1.92523 1
18 67 1 -1.28528 1
18 68 1 0.922777 1
18 69 1 0.894647 1
18 70 1 0.768656 1
18 71 1 -0.00963147 1
18 72 1 2.28032 1
18 73 1 -1.39149 1
18 74 1 1.09736 1
18 75 1 -0.182595 1
18 76 1 1.28546 1
18 77 1 2.34181 1
18 78 1 2.40594 1
18 79 1 -0.565917 1
18 80 1 -0.516109 1
18 81 1 3.70434 1
18 82 1 -1.99966 1
18 83 1 0.169683 1
18 84 1 -0.647456 1
18 85 1 -1.46119 1
18 86 1 2.23403 1
18 87 1 0.402153 1
18 88 1 1.98151 1
18 89 1 0.01145 1
18 90 1 -0.423725 1
18 91 1 -0.939187 1
18 92 1 -0.529143 1
18 93 1 0.547021 1
18 94 1 -0.582912 1
18 95 1 -0.903853 1
18 25 1 -1.14412 1
19 64 1 -0.616957 1
19 65 1 -1.63614 1
19 66 1 2.5635 1
19 67 1 -1.00787 1
19 68 1 -1.9111 1
19 69 1 0.360149 1
19 70 1 -1.20066 1
19 71 1 0.680303 1
19 72 1 3.40305 1
19 73 1 0.546808 1
19 74 1 0.0939995 1
19 75 1 1.04073 1
19 76 1 -1.16038 1
19 77 1 -0.00313199 1
19 78 1 -1.19563 1
19 79 1 0.759652 1
19 80 1 -0.698562 1
19 81 1 -2.70778 1
19 82 1 0.366826 1
19 83 1 -2.26242 1
19 84 1 1.22248 1
19 85 1 0.143334 1
19 86 1 -0.0700593 1
19 87 1 3.21204 1
19 88 1 2.19305 1
19 89 1 5.24583 1
19 90 1 -0.573139 1
19 91 1 0.591903 1
19 92 1 1.821 1
19 93 1 -3.69689 1
19 94 1 -2.97011 1
19 95 1 -3.65632 1
20 64 1 2.04107 1
20 65 1 0.453587 1
20 66 1 0.41343 1
20 67 1 1.05542 1
20 68 1 0.219605 1
20 69 1 -1.18097 1
20 70 1 -2.52311 1
20 71 1 0.634351 1
20 72 1 1.72774 1
20 73 1 -0.940428 1
20 74 1 2.36965 1
20 75 1 1.97764 1
20 76 1 -0.614633 1
20 77 1 -0.845834 1
20 78 1 1.57348 1
20 79 1 1.35754 1
20 80 1 -0.194927 1
20 81 1 -0.981895 1
20 82 1 1.58984 1
20 83 1 2.95735 1
20 84 1 0.599896 1
20 85 1 -0.109453 1
20 86 1 0.341171 1
20 87 1 0.77992 1
20 88 1 -0.205928 1
20 89 1 1.44762 1
20 90 1 1.10691 1
20 91 1 -0.381353 0
20 92 1 -2.30705 1
20 93 1 1.25302 0
20 94 1 1.65424 0
20 95 1 -0.816023 1
20 96 1 -0.621296 1
20 98 1 -0.30594 1
20 103 1 0.646869 1
103 91 1 -0.421042 0
103 105 1 1.56118 1
103 112 1 0.927914 1
105 91 1 0.30544 1
98 93 1 -0.44478 1
98 99 1 -1.10269 1
96 94 1 1.08088 1
21 64 1 -0.282401 1
21 65 1 1.94652 1
21 66 1 -2.28192 1
21 67 1 -1.91813 1
21 68 1 -1.32956 1
21 69 1 2.18145 1
21 70 1 -0.815252 1
21 71 1 -2.62325 1
21 72 1 -2.9621 1
21 73 1 0.161459 1
21 74 1 -1.33409 1
21 75 1 -0.651143 1
21 76 1 -0.354172 1
21 77 1 1.22625 1
21 78 1 -2.96065 1
21 79 1 -1.27438 1
21 80 1 1.00782 1
21 81 1 0.38642 1
21 82 1 -0.0981952 1
21 83 1 -0.0847241 1
21 84 1 4.88548 1
21 85 1 -1.06516 1
21 86 1 0.439104 1
21 87 1 0.594769 1
21 88 1 2.04126 1
21 89 1 3.04047 1
21 90 1 1.29666 1
21 91 1 -2.02884 1
21 92 1 1.07937 1
21 93 1 -0.667385 1
21 94 1 -0.0704598 1
21 95 1 0.344626 1
22 64 1 -0.385194 1
22 65 1 1.663 1
22 66 1 1.33095 1
22 67 1 2.27641 1
22 68 1 -2.33098 1
22 69 1 -1.51413 1
22 70 1 0.0817034 1
22 71 1 0.781893 1
22 72 1 -1.25114 1
22 73 1 -0.879827 1
22 74 1 -1.44207 1
22 75 1 -0.0501183 1
22 76 1 1.91715 1
22 77 1 0.152019 1
22 78 1 0.453946 1
22 79 1 2.1118 1
22 80 1 -1.55408 1
22 81 1 -2.47194 1
22 82 1 0.30065 1
22 83 1 0.298154 1
22 84 1 -1.68763 1
22 85 1 -1.29464 1
22 86 1 0.894779 1
22 87 1 1.65875 1
22 88 1 -0.672292 1
22 89 1 0.514661 1
22 90 1 1.71756 1
22 91 1 0.198438 1
22 92 1 0.0591858 1
22 93 1 1.63914 1
22 94 1 1.71881 1
22 95 1 3.47294 1
23 64 1 -0.614394 1
23 65 1 0.926906 1
23 66 1 0.433278 1
23 67 1 -1.00092 1
23 68 1 -2.96339 1
23 69 1 0.228553 1
23 70 1 1.73112 1
23 71 1 -2.9645 1
23 72 1 0.532118 1
23 73 1 -1.69854 1
23 74 1 2.94892 1
23 75 1 0.692072 1
23 76 1 -0.0320544 1
23 77 1 1.82078 1
23 78 1 0.605203 1
23 79 1 -2.81327 1
23 80 1 0.790382 1
23 81 1 -0.209844 1
23 82 1 -1.42586 1
23 83 1 1.30084 1
23 84 1 2.38948 1
23 85 1 0.086985 1
23 86 1 -4.75717 1
23 87 1 -0.346525 1
23 88 1 1.24761 1
23 89 1 0.140054 1
23 90 1 -1.37878 1
23 91 1 0.0848655 1
23 92 1 -0.875395 1
23 93 1 1.28072 1
23 94 1 -1.06806 1
23 95 1 -1.61183 1
23 107 1 0.710698 1
24 64 1 -3.24023 1
24 65 1 0.773287 1
24 66 1 -0.219976 1
24 67 1 3.35518 1
24 68 1 -2.21074 1
24 69 1 1.04793 1
24 70 1 -1.18152 1
24 71 1 4.02145 1
24 72 1 -0.248058 1
24 73 1 0.385132 1
24 74 1 -1.13916 1
24 75 1 0.423272 1
24 76 1 2.33726 1
24 77 1 -2.34598 1
24 78 1 -2.60402 1
24 79 1 1.25598 1
24 80 1 -1.04975 1
24 81 1 -0.201546 1
24 82 1 1.83968 1
24 83 1 -3.1419 1
24 84 1 -2.10296 1
24 85 1 0.192568 1
24 86 1 -1.87563 1
24 87 1 2.34434 1
24 88 1 -1.23083 1
24 89 1 1.29842 1
24 90 1 1.62969 1
24 91 1 -1.08598 1
24 92 1 0.711139 1
24 93 1 0.808102 1
24 94 1 0.39085 1
24 95 1 1.70588 1
24 5 1 3.14979 1
25 64 1 -2.05196 1
25 65 1 0.962868 1
25 66 1 -0.407308 1
25 67 1 0.214156 1
25 68 1 4.52531 1
25 69 1 -3.18684 1
25 70 1 3.99742 1
25 71 1 -3.36254 1
25 72 1 0.0692879 1
25 73 1 -0.0703406 1
25 74 1 1.63578 1
25 75 1 -0.918372 1
25 76 1 2.37328 1
25 77 1 1.23858 1
25 78 1 1.29736 1
25 79 1 -2.45122 1
25 80 1 1.89824 1
25 81 1 -1.35377 1
25 82 1 -0.717126 1
25 83 1 0.910433 1
25 84 1 -2.22654 1
25 85 1 -2.13665 1
25 86 1 1.65989 1
25 87 1 0.0793946 1
25 88 1 0.10316 1
25 89 1 1.17112 1
25 90 1 -3.55921 1
25 91 1 -0.523083 1
25 92 1 -0.341176 1
25 93 1 0.667642 1
25 94 1 1.67141 1
25 95 1 -3.20342 1
25 8 1 0.285061 1
25 6 1 0.447614 1
26 64 1 -2.1104 1
26 65 1 1.08457 1
26 66 1 1.18309 1
26 67 1 1.91006 1
26 68 1 1.93403 1
26 69 1 2.16415 1
26 70 1 -1.05541 1
26 71 1 -0.359491 1
26 72 1 -1.65119 1
26 73 1 -0.947517 1
26 74 1 -0.422954 1
26 75 1 2.17202 1
26 76 1 -0.921708 1
26 77 1 -2.51063 1
26 78 1 1.7032 1
26 79 1 -3.35756 1
26 80 1 -0.250042 1
26 81 1 2.31992 1
26 82 1 -0.650857 1
26 83 1 1.82589 1
26 84 1 -2.28725 1
26 85 1 -0.168451 1
26 86 1 -3.4188 1
26 87 1 1.53963 1
26 88 1 -1.45853 1
26 89 1 -0.850053 1
26 90 1 -3.04766 1
26 91 1 -3.05809 1
26 92 1 -1.78047 1
26 93 1 -0.684246 1
26 94 1 0.4786 1
26 95 1 -0.183403 1
26 23 1 2.08377 1
26 15 1 0.359124 1
27 64 1 -3.29696 1
27 65 1 2.73577 1
27 66 1 0.354078 1
27 67 1 -0.00856519 1
27 68 1 -1.15153 1
27 69 1 -0.703909 1
27 70 1 3.02667 1
27 71 1 -4.46496 1
27 72 1 -0.285197 1
27 73 1 1.57056 1
27 74 1 -0.906161 1
27 75 1 1.37386 1
27 76 1 -1.19916 1
27 77 1 -1.2019 1
27 78 1 1.52306 1
27 79 1 0.956742 1
27 80 1 -0.600564 1
27 81 1 -1.16462 1
27 82 1 -0.840681 1
27 83 1 -1.45641 1
27 84 1 1.68078 1
27 85 1 -0.443568 1
27 86 1 -0.761604 1
27 87 1 1.21575 1
27 88 1 -2.56405 1
27 89 1 -2.11018 1
27 90 1 0.485156 1
27 91 1 -0.12479 1
27 92 1 -2.18867 1
27 93 1 -1.25085 1
27 94 1 0.72176 1
27 95 1 0.550287 1
27 9 1 1.28502 1
28 64 1 1.00653 1
28 65 1 -0.233175 1
28 66 1 -0.386791 1
28 67 1 1.9303 1
28 68 1 1.45228 1
28 69 1 3.65127 1
28 70 1 -0.381701 1
28 71 1 -1.28467 1
28 72 1 -1.92382 1
28 73 1 0.385826 1
28 74 1 1.13141 1
28 75 1 -0.710847 1
28 76 1 0.889137 1
28 77 1 -0.0697576 1
28 78 1 -0.0287704 1
28 79 1 1.98494 1
28 80 1 4.39979 1
28 81 1 -1.16272 1
28 82 1 1.34583 1
28 83 1 1.67805 1
28 84 1 -0.594248 1
28 85 1 -4.66842 1
28 86 1 -1.36281 1
28 87 1 -2.31661 1
28 88 1 -3.21516 1
28 89 1 -0.989187 1
28 90 1 -2.54206 1
28 91 1 -0.861397 1
28 92 1 0.27594 1
28 93 1 -0.659101 1
28 94 1 2.59562 1
28 95 1 -1.8231 1
29 64 1 -0.567864 1
29 65 1 0.00898442 1
29 66 1 1.34379 1
29 67 1 1.44591 1
29 68 1 -1.06811 1
29 69 1 1.96352 1
29 70 1 -0.326248 1
29 71 1 -0.586562 1
29 72 1 0.252468 1
29 73 1 0.965879 1
29 74 1 -0.0723385 1
29 75 1 2.33262 1
29 76 1 0.210981 1
29 77 1 0.949554 1
29 78 1 -5.15381 1
29 79 1 0.11351 1
29 80 1 0.200806 1
29 81 1 0.34104 1
29 82 1 -1.91675 1
29 83 1 -0.832043 1
29 84 1 0.392846 1
29 85 1 -0.723614 1
29 86 1 0.110535 1
29 87 1 -3.52967 1
29 88 1 -0.296519 1
29 89 1 -0.397451 1
29 90 1 -3.27195 1
29 91 1 1.08027 1
29 92 1 0.702456 1
29 93 1 2.27182 1
29 94 1 -0.877751 1
29 95 1 -1.51326 1
30 64 1 0.85868 1
30 65 1 1.37541 1
30 66 1 -1.06399 1
30 67 1 0.695885 1
30 68 1 1.70789 1
30 69 1 0.30165 1
30 70 1 0.0567264 1
30 71 1 0.740363 1
30 72 1 -0.083986 1
30 73 1 4.27628 1
30 74 1 1.45022 1
30 75 1 2.09232 1
30 76 1 -0.194436 1
30 77 1 -0.66053 1
30 78 1 -0.0210535 1
30 79 1 0.632577 1
30 80 1 0.237065 1
30 81 1 -1.80491 1
30 82 1 1.44417 1
30 83 1 3.67619 1
30 84 1 0.735679 1
30 85 1 -1.71435 1
30 86 1 -0.62699 1
30 87 1 -4.39214 1
30 88 1 0.247741 1
30 89 1 -1.7055 1
30 90 1 0.751531 1
30 91 1 4.40344 1
30 92 1 1.35567 1
30 93 1 1.5961 1
30 94 1 1.87969 1
30 95 1 -0.0140652 1
31 64 1 1.10138 1
31 65 1 0.0248622 1
31 66 1 -0.809032 1
31 67 1 4.97913 1
31 68 1 3.24365 1
31 69 1 0.697719 1
31 70 1 -0.824148 1
31 71 1 1.94911 1
31 72 1 -2.49719 1
31 73 1 -1.62319 1
31 74 1 -0.257867 1
31 75 1 -0.98616 1
31 76 1 -0.550039 1
31 77 1 -0.572789 1
31 78 1 -1.46434 1
31 79 1 1.46824 1
31 80 1 -0.398512 1
31 81 1 -0.38941 1
31 82 1 1.69039 1
31 83 1 -0.798617 1
31 84 1 -2.22808 1
31 85 1 -1.26701 1
31 86 1 1.50016 1
31 87 1 0.489478 1
31 88 1 1.17611 1
31 89 1 -0.0344036 1
31 90 1 1.70103 1
31 91 1 0.0610003 1
31 92 1 -1.96349 1
31 93 1 0.820597 1
31 94 1 -0.641111 1
31 95 1 0.210622 1
32 64 1 3.17601 1
32 65 1 0.427859 1
32 66 1 -1.87834 1
32 67 1 2.27139 1
32 68 1 0.875808 1
32 69 1 3.35802 1
32 70 1 0.567821 1
32 71 1 1.4744 1
32 72 1 -3.41731 1
32 73 1 -0.808366 1
32 74 1 -0.955722 1
32 75 1 1.75235 1
32 76 1 -2.34898 1
32 77 1 -1.08058 1
32 78 1 -1.8886 1
32 79 1 2.06989 1
32 80 1 0.944684 1
32 81 1 -2.46335 1
32 82 1 -0.84595 1
32 83 1 -0.294767 1
32 84 1 -0.584367 1
32 85 1 -1.30799 1
32 86 1 -0.697864 1
32 87 1 0.834695 1
32 88 1 -0.652618 1
32 89 1 -2.03365 1
32 90 1 -1.16607 1
32 91 1 -1.75819 1
32 92 1 2.93021 1
32 93 1 -2.24068 1
32 94 1 1.48505 1
32 95 1 -1.48304 1
33 64 1 1.24697 1
33 65 1 -3.61135 1
33 66 1 -0.156108 1
33 67 1 -0.842929 1
33 68 1 -0.608314 1
33 69 1 -2.05647 1
33 70 1 3.3199 1
33 71 1 2.07868 1
33 72 1 -0.136487 1
33 73 1 1.75714 1
33 74 1 1.12633 1
33 75 1 -1.79629 1
33 76 1 0.151687 1
33 77 1 3.80222 1
33 78 1 -2.78983 1
33 79 1 0.754792 1
33 80 1 1.61183 1
33 81 1 -1.64299 1
33 82 1 -1.42689 1
33 83 1 0.106967 1
33 84 1 2.10705 1
33 85 1 1.3535 1
33 86 1 -0.169618 1
33 87 1 1.01935 1
33 88 1 2.48175 1
33 89 1 3.06184 1
33 90 1 -1.3816 1
33 91 1 0.429594 1
33 92 1 2.00076 1
33 93 1 2.27925 1
33 94 1 0.368919 1
33 95 1 -0.753046 1
33 20 1 -0.598244 1
34 64 1 1.93291 1
34 65 1 -0.708918 1
34 66 1 0.361366 1
34 67 1 2.40693 1
34 68 1 1.80432 1
34 69 1 1.30233 1
34 70 1 -1.7201 1
34 71 1 0.221929 1
34 72 1 -0.442722 1
34 73 1 -0.0552067 1
34 74 1 0.714292 1
34 75 1 3.45438 1
34 76 1 -1.67896 1
34 77 1 1.99083 1
34 78 1 1.00224 1
34 79 1 1.27116 1
34 80 1 1.45894 1
34 81 1 0.373933 1
34 82 1 -0.833193 1
34 83 1 1.34233 1
34 84 1 -0.904982 1
34 85 1 -0.369044 1
34 86 1 0.120097 1
34 87 1 -1.3331 1
34 88 1 1.53912 1
34 89 1 -0.812239 1
34 90 1 -1.49698 1
34 91 1 0.875342 1
34 92 1 -0.757107 1
34 93 1 -3.67381 1
34 94 1 1.92575 1
34 95 1 0.229039 1
35 64 1 -1.42648 1
35 65 1 0.0351564 1
35 66 1 0.257366 1
35 67 1 -0.462587 1
35 68 1 0.786093 1
35 69 1 2.52306 1
35 70 1 0.901216 1
35 71 1 1.57106 1
35 72 1 0.64401 1
35 73 1 2.35903 1
35 74 1 2.50421 1
35 75 1 -0.90117 1
35 76 1 -1.56877 1
35 77 1 1.87425 1
35 78 1 -3.21644 1
35 79 1 -2.73999 1
35 80 1 -5.41755 1
35 81 1 0.839479 1
35 82 1 2.55148 1
35 83 1 0.11922 1
35 84 1 1.58701 1
35 85 1 -2.67079 1
35 86 1 -1.66792 1
35 87 1 -0.820341 1
35 88 1 -0.420099 1
35 89 1 1.82387 1
35 90 1 -2.19732 1
35 91 1 -2.4674 1
35 92 1 -0.47011 1
35 93 1 1.08741 1
35 94 1 -1.40856 1
35 95 1 -0.653007 1
36 64 1 -0.936166 1
36 65 1 1.00329 1
36 66 1 -1.11408 1
36 67 1 0.255958 1
36 68 1 -0.928408 1
36 69 1 -0.00837731 1
36 70 1 0.667744 1
36 71 1 2.37911 1
36 72 1 0.360536 1
36 73 1 -0.193848 1
36 74 1 2.62018 1
36 75 1 -0.370967 1
36 76 1 0.9826 1
36 77 1 -1.68269 1
36 78 1 2.11573 1
36 79 1 2.60634 1
36 80 1 0.408695 1
36 81 1 1.33049 1
36 82 1 -0.501161 0
36 83 1 -0.570754 1
36 84 1 1.14071 1
36 85 1 -3.08249 1
36 86 1 0.280705 1
36 87 1 -1.11533 1
36 88 1 2.03643 1
36 89 1 -0.933398 1
36 90 1 -1.38968 1
36 91 1 -1.11094 1
36 92 1 3.05337 1
36 93 1 -0.00346298 1
36 94 1 -3.12618 1
36 95 1 3.26923 1
36 109 1 1.51508 1
36 24 1 -1.30879 1
109 82 1 0.464638 1
109 31 1 -0.551723 1
37 64 1 -2.35216 1
37 65 1 -1.00058 1
37 66 1 -1.8603 1
37 67 1 -3.44286 1
37 68 1 -2.3241 1
37 69 1 1.29183 1
37 70 1 -1.72716 1
37 71 1 -2.59174 1
37 72 1 0.408223 1
37 73 1 -0.578971 1
37 74 1 -0.745438 1
37 75 1 -1.66501 1
37 76 1 1.94993 1
37 77 1 1.1139 1
37 78 1 1.41901 1
37 79 1 -0.333695 1
37 80 1 2.58136 1
37 81 1 0.29376 1
37 82 1 5.17114 1
37 83 1 -0.466085 1
37 84 1 -2.16869 1
37 85 1 1.86705 1
37 86 1 -1.52123 1
37 87 1 -1.61725 1
37 88 1 -2.66835 1
37 89 1 0.312827 1
37 90 1 -0.830227 1
37 91 1 -1.47772 1
37 92 1 0.451678 1
37 93 1 -0.0499186 1
37 94 1 -1.57131 1
37 95 1 0.281913 1
38 64 1 0.0429382 1
38 65 1 -1.74692 1
38 66 1 -1.7729 1
38 67 1 -0.334511 1
38 68 1 1.08213 1
38 69 1 -0.43062 1
38 70 1 1.14418 1
38 71 1 1.51876 1
38 72 1 -0.448688 1
38 73 1 -0.0784478 1
38 74 1 0.325031 1
38 75 1 2.34185 1
38 76 1 3.37501 1
38 77 1 -1.9304 1
38 78 1 -1.38458 1
38 79 1 0.0477685 1
38 80 1 -1.77071 1
38 81 1 0.306912 1
38 82 1 -0.246593 1
38 83 1 -0.347819 1
38 84 1 -1.84374 1
38 85 1 -1.74141 1
38 86 1 -1.94124 1
38 87 1 -0.715585 1
38 88 1 1.58759 1
38 89 1 3.18747 1
38 90 1 -2.17313 1
38 91 1 2.64634 1
38 92 1 -0.204287 1
38 93 1 0.543255 1
38 94 1 -1.65393 1
38 95 1 -2.2462 1
39 64 1 0.537716 1
39 65 1 -1.46266 1
39 66 1 -0.205875 1
39 67 1 -2.00305 1
39 68 1 -0.600278 1
39 69 1 0.78379 1
39 70 1 -1.06756 1
39 71 1 0.400081 1
39 72 1 0.131597 1
39 73 1 -0.806719 1
39 74 1 3.9573 1
39 75 1 1.07872 0
39 76 1 -0.178569 1
39 77 1 -1.51396 1
39 78 1 -0.0271848 1
39 79 1 -0.592933 1
39 80 1 -0.844345 1
39 81 1 -2.01588 1
39 82 1 0.455771 1
39 83 1 0.260428 1
39 84 1 0.798429 1
39 85 1 0.529658 1
39 86 1 0.820187 1
39 87 1 0.730662 1
39 88 1 -1.52794 1
39 89 1 0.410478 1
39 90 1 2.45964 1
39 91 1 -3.5341 1
39 92 1 3.11012 1
39 93 1 -0.295951 1
39 94 1 -0.295466 1
39 95 1 0.861952 1
39 2 1 -2.18917 1
39 112 1 1.96634 1
112 75 1 -0.942367 1
40 64 1 -5.48495 1
40 65 1 0.728427 1
40 66 1 -0.834196 1
40 67 1 0.403875 1
40 68 1 3.60374 1
40 69 1 -1.43551 1
40 70 1 -1.76232 1
40 71 1 1.51815 1
40 72 1 2.89638 1
40 73 1 0.866058 1
40 74 1 -0.273318 1
40 75 1 -0.55905 1
40 76 1 -0.55978 1
40 77 1 2.68717 1
40 78 1 2.98571 1
40 79 1 -1.99007 1
40 80 1 0.433728 1
40 81 1 0.0486163 1
40 82 1 0.685199 1
40 83 1 -1.51122 1
40 84 1 0.046993 1
40 85 1 2.61298 1
40 86 1 -0.102308 1
40 87 1 0.687064 1
40 88 1 -1.151 1
40 89 1 -0.795287 1
40 90 1 0.155416 1
40 91 1 -1.05368 1
40 92 1 1.19747 1
40 93 1 2.08151 1
40 94 1 -1.34272 1
40 95 1 1.23743 1
41 64 1 4.65933 1
41 65 1 -1.84352 1
41 66 1 1.27589 1
41 67 1 -2.87204 1
41 68 1 -1.58499 1
41 69 1 -0.691304 1
41 70 1 0.319963 1
41 71 1 1.45463 1
41 72 1 3.96212 1
41 73 1 -3.32339 1
41 74 1 -1.58934 1
41 75 1 0.512091 1
41 76 1 1.04586 1
41 77 1 -0.419838 1
41 78 1 -1.39131 1
41 79 1 -2.65676 1
41 80 1 2.95291 1
41 81 1 0.413498 1
41 82 1 0.214841 1
41 83 1 2.17092 1
41 84 1 -0.32484 1
41 85 1 -0.703031 1
41 86 1 -0.0770182 1
41 87 1 0.0437311 1
41 88 1 4.18505 1
41 89 1 -0.590193 1
41 90 1 -0.865891 1
41 91 1 -0.04761 1
41 92 1 0.269279 1
41 93 1 0.504333 1
41 94 1 0.279456 1
41 95 1 -2.73223 1
41 11 1 0.036568 1
42 64 1 0.392733 1
42 65 1 0.0814382 1
42 66 1 0.313802 1
42 67 1 0.398505 1
42 68 1 0.877246 1
42 69 1 -1.48331 1
42 70 1 -1.99818 1
42 71 1 -0.0702638 1
42 72 1 -3.17633 1
42 73 1 -2.43477 1
42 74 1 0.629064 1
42 75 1 0.747285 1
42 76 1 -1.22481 1
42 77 1 -0.0742959 1
42 78 1 -1.90477 1
42 79 1 -0.409614 1
42 80 1 -0.589498 1
42 81 1 0.170539 1
42 82 1 1.75172 1
42 83 1 0.905817 1
42 84 1 2.19247 1
42 85 1 0.64406 1
42 86 1 -0.716804 1
42 87 1 -2.65485 1
42 88 1 -0.700872 1
42 89 1 -0.130054 1
42 90 1 0.25001 1
42 91 1 2.07764 1
42 92 1 -1.10529 1
42 93 1 1.57906 1
42 94 1 -1.34847 1
42 95 1 -0.72229 1
43 64 1 0.197587 1
43 65 1 -0.872788 1
43 66 1 1.74282 1
43 67 1 1.17842 1
43 68 1 -1.37524 1
43 69 1 -2.93563 1
43 70 1 0.226845 1
43 71 1 -2.50561 1
43 72 1 -1.94342 1
43 73 1 -3.67779 1
43 74 1 1.09735 1
43 75 1 -1.82795 1
43 76 1 2.45923 1
43 77 1 1.67037 1
43 78 1 0.00566456 1
43 79 1 -1.04103 1
43 80 1 -0.629758 1
43 81 1 0.998955 1
43 82 1 0.347931 1
43 83 1 -0.430404 1
43 84 1 1.36914 1
43 85 1 1.62242 1
43 86 1 -0.905628 1
43 87 1 2.68094 1
43 88 1 -1.45106 1
43 89 1 2.45633 1
43 90 1 0.520278 1
43 91 1 -3.00272 1
43 92 1 0.576492 1
43 93 1 2.44525 1
43 94 1 -2.11623 1
43 95 1 -1.49759 1
44 64 1 1.54524 1
44 65 1 -1.99318 1
44 66 1 -0.251014 1
44 67 1 -1.76555 1
44 68 1 -1.69783 1
44 69 1 1.09408 1
44 70 1 1.79951 1
44 71 1 0.997856 1
44 72 1 -2.80717 1
44 73 1 0.708014 1
44 74 1 -1.01475 1
44 75 1 -1.0327 1
44 76 1 -0.293978 1
44 77 1 1.06968 1
44 78 1 1.03813 1
44 79 1 0.920159 1
44 80 1 3.84751 1
44 81 1 -0.742985 1
44 82 1 2.02244 1
44 83 1 -0.32375 1
44 84 1 2.42268 1
44 85 1 0.4015 1
44 86 1 1.21328 1
44 87 1 -1.79744 1
44 88 1 1.10293 1
44 89 1 -1.07864 1
44 90 1 1.07581 1
44 91 1 -0.761192 1
44 92 1 -0.337055 1
44 93 1 1.06621 1
44 94 1 -0.344184 1
44 95 1 -0.864685 1
44 8 1 1.00493 1
44 29 1 -1.00707 1
45 64 1 -1.49156 1
45 65 1 1.72292 1
45 66 1 0.877965 1
45 67 1 -1.26064 1
45 68 1 -1.78292 1
45 69 1 -4.87112 1
45 70 1 -1.4539 1
45 71 1 -0.517445 1
45 72 1 -2.0736 1
45 73 1 2.93377 1
45 74 1 1.65326 1
45 75 1 2.77597 1
45 76 1 0.255167 1
45 77 1 -0.392328 1
45 78 1 -2.61771 1
45 79 1 0.93883 1
45 80 1 -1.09682 1
45 81 1 0.223982 1
45 82 1 1.30848 1
45 83 1 1.09254 1
45 84 1 1.13707 1
45 85 1 -2.05904 1
45 86 1 0.518105 1
45 87 1 -1.43123 1
45 88 1 -0.629194 1
45 89 1 -1.78217 1
45 90 1 -0.404519 1
45 91 1 0.759258 1
45 92 1 -1.26143 1
45 93 1 -1.69087 1
45 94 1 0.630761 1
45 95 1 -0.925642 1
45 9 1 1.77015 1
46 64 1 -0.178424 1
46 65 1 -0.455697 1
46 66 1 1.27016 1
46 67 1 2.82619 1
46 68 1 -1.52456 1
46 69 1 -1.67697 1
46 70 1 2.00056 1
46 71 1 -0.0143205 1
46 72 1 0.458375 1
46 73 1 -2.55964 1
46 74 1 -2.19103 1
46 75 1 -0.418452 1
46 76 1 -1.85641 1
46 77 1 1.82999 1
46 78 1 -0.337793 1
46 79 1 -0.434278 1
46 80 1 2.15687 1
46 81 1 -2.1977 1
46 82 1 -1.98381 1
46 83 1 1.65344 1
46 84 1 -1.49802 1
46 85 1 0.581361 1
46 86 1 -1.8103 1
46 87 1 -0.0461434 1
46 88 1 -1.29847 1
46 89 1 -3.04726 1
46 90 1 -1.07136 1
46 91 1 0.0299932 1
46 92 1 -1.0053 1
46 93 1 0.0113336 1
46 94 1 0.949336 1
46 95 1 1.43097 1
47 64 1 0.0225698 1
47 65 1 0.972666 1
47 66 1 -1.20152 1
47 67 1 1.69847 1
47 68 1 0.317798 1
47 69 1 2.95123 1
47 70 1 -1.61877 1
47 71 1 0.429684 1
47 72 1 1.95611 1
47 73 1 2.27052 1
47 74 1 -1.12395 1
47 75 1 -1.65564 1
47 76 1 -0.168361 1
47 77 1 -5.00742 1
47 78 1 -1.28991 1
47 79 1 0.0650164 1
47 80 1 -0.328116 1
47 81 1 -4.10301 1
47 82 1 0.913178 1
47 83 1 0.103302 1
47 84 1 0.13103 1
47 85 1 -0.267657 1
47 86 1 -1.70405 1
47 87 1 0.987685 1
47 88 1 -1.47759 1
47 89 1 -0.726825 1
47 90 1 1.85714 1
47 91 1 1.35665 1
47 92 1 0.506909 1
47 93 1 1.05224 1
47 94 1 1.04408 1
47 95 1 -2.08923 1
47 4 1 0.0277374 1
48 64 1 -1.19157 1
48 65 1 -0.133865 1
48 66 1 -1.05188 1
48 67 1 -1.55574 1
48 68 1 -0.134995 1
48 69 1 -3.1978 1
48 70 1 1.64868 1
48 71 1 1.93764 1
48 72 1 -1.08948 1
48 73 1 2.25356 1
48 74 1 2.35518 1
48 75 1 -1.71886 1
48 76 1 0.849418 1
48 77 1 -0.24916 1
48 78 1 1.96494 1
48 79 1 -0.459122 1
48 80 1 0.288922 1
48 81 1 -1.25751 1
48 82 1 0.18743 1
48 83 1 1.14878 1
48 84 1 -1.96746 1
48 85 1 1.49635 1
48 86 1 -0.225401 1
48 87 1 -0.652423 1
48 88 1 -0.979349 1
48 89 1 0.816252 1
48 90 1 0.161576 1
48 91 1 1.25796 1
48 92 1 -3.47123 1
48 93 1 0.152171 1
48 94 1 -0.0549856 1
48 95 1 -1.80541 1
48 16 1 1.03998 1
48 12 1 -0.233299 1
49 64 1 1.52788 1
49 65 1 -2.41705 1
49 66 1 -2.08874 1
49 67 1 -0.0567403 1
49 68 1 0.666613 1
49 69 1 1.82441 1
49 70 1 0.150387 1
49 71 1 -2.89047 1
49 72 1 -1.73042 1
49 73 1 1.70137 1
49 74 1 1.08057 1
49 75 1 1.23854 1
49 76 1 -3.81354 1
49 77 1 -0.602382 1
49 78 1 -0.687758 1
49 79 1 2.46712 1
49 80 1 3.68738 1
49 81 1 -3.1761 1
49 82 1 0.443852 1
49 83 1 0.930263 1
49 84 1 1.35101 1
49 85 1 -2.77851 1
49 86 1 -0.69167 1
49 87 1 -1.95576 1
49 88 1 -1.32223 1
49 89 1 0.31896 1
49 90 1 -0.136698 1
49 91 1 0.745045 1
49 92 1 -0.853726 1
49 93 1 0.669011 1
49 94 1 1.20631 1
49 95 1 2.0961 1
49 19 1 0.00436747 1
50 64 1 -2.97197 1
50 65 1 -1.14831 1
50 66 1 1.20344 1
50 67 1 -2.46687 1
50 68 1 1.5408 1
50 69 1 0.815581 1
50 70 1 2.63526 1
50 71 1 4.46349 1
50 72 1 -1.62755 1
50 73 1 3.44826 1
50 74 1 1.79867 1
50 75 1 1.49818 1
50 76 1 -1.29082 1
50 77 1 0.204072 1
50 78 1 1.21655 1
50 79 1 -1.01298 1
50 80 1 -0.0176135 1
50 81 1 -1.53824 1
50 82 1 -1.12271 1
50 83 1 3.03735 1
50 84 1 -1.84849 1
50 85 1 2.53056 1
50 86 1 -1.46213 1
50 87 1 -1.55375 1
50 88 1 -1.76705 1
50 89 1 1.51633 1
50 90 1 -1.25788 1
50 91 1 0.163773 1
50 92 1 0.218659 1
50 93 1 2.20895 1
50 94 1 -2.17693 1
50 95 1 2.12198 1
50 4 1 0.232417 1
50 22 1 -0.554225 1
51 64 1 -1.58101 1
51 65 1 1.76512 1
51 66 1 0.708334 1
51 67 1 -1.24498 1
51 68 1 -1.13642 1
51 69 1 -0.0574712 1
51 70 1 1.05638 1
51 71 1 3.40944 1
51 72 1 -1.9584 1
51 73 1 -0.829174 1
51 74 1 -2.87864 1
51 75 1 4.03451 1
51 76 1 -0.820362 1
51 77 1 -0.90392 1
51 78 1 -0.130454 1
51 79 1 0.844217 1
51 80 1 1.58383 1
51 81 1 -0.904098 1
51 82 1 0.483139 1
51 83 1 2.56372 1
51 84 1 -0.690971 1
51 85 1 -1.15874 1
51 86 1 -0.98792 1
51 87 1 0.281215 1
51 88 1 0.717281 1
51 89 1 -1.66323 1
51 90 1 0.790038 1
51 91 1 -1.28741 1
51 92 1 0.575202 1
51 93 1 2.29731 1
51 94 1 -2.37126 1
51 95 1 1.0383 1
52 64 1 -1.64244 1
52 65 1 2.76268 1
52 66 1 2.13841 1
52 67 1 1.48523 1
52 68 1 -1.32714 1
52 69 1 3.74039 1
52 70 1 3.36744 1
52 71 1 -2.24255 1
52 72 1 -0.836474 1
52 73 1 3.75118 1
52 74 1 2.73464 1
52 75 1 0.122309 1
52 76 1 -2.2193 1
52 77 1 -1.56872 1
52 78 1 -0.197597 1
52 79 1 -1.00699 1
52 80 1 -1.83711 1
52 81 1 1.04903 1
52 82 1 -1.35365 1
52 83 1 -1.27373 1
52 84 1 -0.100132 1
52 85 1 -0.584249 1
52 86 1 -2.35033 1
52 87 1 2.15062 1
52 88 1 -1.47423 1
52 89 1 -0.31554 1
52 90 1 -0.774344 1
52 91 1 1.37102 1
52 92 1 -0.12678 1
52 93 1 -0.369312 1
52 94 1 -0.107634 1
52 95 1 0.23242 1
53 64 1 -1.63473 1
53 65 1 -0.0700977 1
53 66 1 0.756746 1
53 67 1 -1.85344 1
53 68 1 1.70352 1
53 69 1 2.21222 1
53 70 1 -0.479468 1
53 71 1 -0.370686 1
53 72 1 1.54503 1
53 73 1 -0.640736 1
53 74 1 1.43431 1
53 75 1 -1.64026 1
53 76 1 1.62487 1
53 77 1 2.61005 1
53 78 1 -1.2361 1
53 79 1 1.19971 1
53 80 1 -0.152717 1
53 81 1 0.876994 1
53 82 1 2.19412 1
53 83 1 1.15602 1
53 84 1 1.2587 1
53 85 1 -0.757699 1
53 86 1 -1.00867 1
53 87 1 -0.317082 1
53 88 1 -1.92227 1
53 89 1 -1.08108 1
53 90 1 -0.862306 1
53 91 1 -0.258991 1
53 92 1 1.65212 1
53 93 1 0.48503 1
53 94 1 0.654466 1
53 95 1 -0.809445 1
53 20 1 2.31987 1
54 64 1 2.34466 1
54 65 1 2.09203 1
54 66 1 0.426614 1
54 67 1 1.58288 1
54 68 1 0.604123 1
54 69 1 -0.185551 1
54 70 1 -0.286265 1
54 71 1 0.290579 1
54 72 1 0.552188 1
54 73 1 -0.642225 1
54 74 1 -1.64962 1
54 75 1 -1.18718 1
54 76 1 0.788356 1
54 77 1 2.41844 1
54 78 1 0.140611 1
54 79 1 -0.413552 1
54 80 1 0.741561 1
54 81 1 -1.56403 1
54 82 1 -2.48382 1
54 83 1 2.26087 1
54 84 1 0.690665 1
54 85 1 0.0649499 1
54 86 1 -1.65875 1
54 87 1 0.474399 1
54 88 1 4.14334 1
54 89 1 0.148024 1
54 90 1 -1.41769 1
54 91 1 2.05679 1
54 92 1 0.19205 1
54 93 1 0.841726 1
54 94 1 -0.0102433 1
54 95 1 0.481502 1
54 30 1 -0.571789 1
55 64 1 -0.578438 1
55 65 1 -1.56352 1
55 66 1 1.71399 1
55 67 1 1.1658 1
55 68 1 -2.17648 1
55 69 1 1.18753 1
55 70 1 2.6327 1
55 71 1 -3.69772 1
55 72 1 0.539605 1
55 73 1 -0.555432 1
55 74 1 4.36998 1
55 75 1 -3.5097 1
55 76 1 -3.86105 1
55 77 1 3.35029 1
55 78 1 -3.52622 1
55 79 1 1.4112 1
55 80 1 0.33629 1
55 81 1 -0.381127 1
55 82 1 -2.17633 1
55 83 1 -0.800117 1
55 84 1 -2.04208 1
55 85 1 0.153095 1
55 86 1 1.00784 1
55 87 1 2.55588 1
55 88 1 -1.69659 1
55 89 1 -0.750793 1
55 90 1 0.383184 1
55 91 1 0.76624 1
55 92 1 1.53145 1
55 93 1 -3.6348 1
55 94 1 -0.765196 1
55 95 1 -2.14559 0
55 28 1 0.946902 1
55 114 1 0.984893 1
114 95 1 -2.10958 1
56 64 1 0.783258 1
56 65 1 -1.00119 1
56 66 1 -0.539963 1
56 67 1 -1.29792 1
56 68 1 1.83042 1
56 69 1 -0.290207 1
56 70 1 1.02898 1
56 71 1 -0.0767029 1
56 72 1 0.527021 1
56 73 1 -0.517409 1
56 74 1 2.37611 1
56 75 1 3.03313 1
56 76 1 -0.123083 1
56 77 1 -1.12408 1
56 78 1 -1.99188 1
56 79 1 0.88744 1
56 80 1 -0.830882 1
56 81 1 1.84672 1
56 82 1 2.78431 1
56 83 1 -2.58863 1
56 84 1 0.388476 1
56 85 1 -0.781782 1
56 86 1 0.858472 1
56 87 1 -2.13732 1
56 88 1 2.26685 1
56 89 1 -3.48558 1
56 90 1 -0.90313 1
56 91 1 -0.472966 1
56 92 1 1.41829 1
56 93 1 2.78251 1
56 94 1 -1.71261 1
56 95 1 0.281304 1
56 3 1 0.49477 1
57 64 1 -2.21952 1
57 65 1 1.79669 1
57 66 1 -3.51755 1
57 67 1 0.876966 1
57 68 1 2.97241 1
57 69 1 -1.62339 0
57 70 1 0.901075 1
57 71 1 0.626489 1
57 72 1 -0.210398 1
57 73 1 -1.73677 1
57 74 1 0.529899 1
57 75 1 2.95242 1
57 76 1 1.4703 1
57 77 1 -2.84852 1
57 78 1 -1.4473 1
57 79 1 -1.34225 1
57 80 1 2.59046 1
57 81 1 1.14817 1
57 82 1 0.042911 1
57 83 1 -3.19255 1
57 84 1 0.616882 1
57 85 1 -4.53811 1
57 86 1 -0.772566 1
57 87 1 1.99844 1
57 88 1 -2.54303 1
57 89 1 1.26337 1
57 90 1 1.09398 1
57 91 1 0.227291 1
57 92 1 -1.12331 1
57 93 1 0.130163 1
57 94 1 1.89731 1
57 95 1 1.30952 1
57 104 1 1.18345 1
104 69 1 1.02967 1
58 64 1 0.862286 1
58 65 1 -1.87185 1
58 66 1 -0.375481 1
58 67 1 -2.23454 1
58 68 1 1.74393 1
58 69 1 -2.17852 1
58 70 1 -2.35742 1
58 71 1 -3.14438 1
58 72 1 0.526672 1
58 73 1 -1.29603 1
58 74 1 1.73863 1
58 75 1 1.5274 1
58 76 1 -0.214053 1
58 77 1 -0.51757 1
58 78 1 -1.08156 1
58 79 1 -0.599081 1
58 80 1 -0.0434786 1
58 81 1 0.309405 1
58 82 1 0.0595041 1
58 83 1 -1.27967 1
58 84 1 1.5562 1
58 85 1 0.687969 1
58 86 1 1.58692 1
58 87 1 -0.528853 1
58 88 1 -1.14253 1
58 89 1 -2.15742 1
58 90 1 -0.0179571 1
58 91 1 -0.403593 1
58 92 1 2.00531 1
58 93 1 0.0823923 1
58 94 1 -2.88139 1
58 95 1 1.22085 1
59 64 1 -0.177483 1
59 65 1 -0.0375276 1
59 66 1 2.4307 1
59 67 1 -1.48147 1
59 68 1 0.140095 1
59 69 1 0.0362504 1
59 70 1 -1.25194 1
59 71 1 0.872424 1
59 72 1 -0.252678 1
59 73 1 -2.37141 1
59 74 1 0.660161 1
59 75 1 0.231262 1
59 76 1 0.632347 1
59 77 1 -0.267072 0
59 78 1 -1.41256 1
59 79 1 -0.705549 1
59 80 1 1.01513 1
59 81 1 -0.0503529 1
59 82 1 -1.33095 1
59 83 1 2.4645 1
59 84 1 -1.2124 1
59 85 1 -1.48247 1
59 86 1 -0.721506 1
59 87 1 2.16659 1
59 88 1 2.84007 1
59 89 1 1.25499 1
59 90 1 1.75194 1
59 91 1 -0.732388 1
59 92 1 0.109922 1
59 93 1 1.55619 1
59 94 1 -1.50693 1
59 95 1 1.94208 1
59 97 1 2.78478 1
59 5 1 -1.12254 1
59 11 1 0.493731 1
97 77 1 -2.77 1
97 22 1 -3.04969 1
97 2 1 -3.09865 0
97 99 1 1.46396 1
97 7 1 -0.781145 0
97 102 1 1.61415 1
102 7 1 0.705272 1
99 2 1 0.0307707 0
99 108 1 1.86973 1
108 2 1 0.342629 1
60 64 1 2.7174 1
60 65 1 0.632222 1
60 66 1 0.0745592 1
60 67 1 -0.0890078 1
60 68 1 1.58241 1
60 69 1 1.07267 1
60 70 1 -0.969389 1
60 71 1 -1.08674 1
60 72 1 -0.792814 0
60 73 1 -0.0665558 1
60 74 1 -1.1754 1
60 75 1 0.562051 1
60 76 1 0.262251 1
60 77 1 2.65737 1
60 78 1 0.0664546 1
60 79 1 0.896919 1
60 80 1 -1.73501 1
60 81 1 0.386368 1
60 82 1 -1.8968 1
60 83 1 0.501422 1
60 84 1 -1.23149 1
60 85 1 1.53222 1
60 86 1 1.78042 1
60 87 1 1.51688 1
60 88 1 -1.646 1
60 89 1 -1.93241 1
60 90 1 -2.25563 1
60 91 1 -0.291382 1
60 92 1 -0.347272 1
60 93 1 1.5556 1
60 94 1 0.587456 1
60 95 1 0.46064 1
60 24 1 -1.1481 1
60 0 1 1.40733 1
60 115 1 0.969454 1
115 72 1 -0.497634 1
61 64 1 -1.17822 1
61 65 1 -0.591506 1
61 66 1 0.602177 1
61 67 1 -1.37646 1
61 68 1 -3.30922 1
61 69 1 0.821305 1
61 70 1 -0.594742 1
61 71 1 1.34454 1
61 72 1 -1.30681 1
61 73 1 0.632142 1
61 74 1 0.973296 1
61 75 1 0.192673 1
61 76 1 0.886016 1
61 77 1 -0.267045 0
61 78 1 0.605258 1
61 79 1 -0.95689 1
61 80 1 -0.565771 1
61 81 1 -0.0926185 1
61 82 1 0.563471 1
61 83 1 0.857026 1
61 84 1 -0.436115 1
61 85 1 2.42319 1
61 86 1 0.335493 1
61 87 1 0.631472 1
61 88 1 0.690027 1
61 89 1 1.188 1
61 90 1 1.54242 1
61 91 1 1.15207 1
61 92 1 -1.59268 1
61 93 1 -0.507326 1
61 94 1 1.06941 1
61 95 1 0.9074 1
61 107 1 0.788048 1
107 77 1 -2.4302 0
107 113 1 2.44148 1
107 14 1 0.471532 1
113 77 1 -3.86526 1
113 23 1 -1.42743 1
62 64 1 2.99686 1
62 65 1 -1.5736 1
62 66 1 1.86445 1
62 67 1 -1.14044 1
62 68 1 -0.0546942 1
62 69 1 0.497964 1
62 70 1 -0.834191 1
62 71 1 -1.5074 1
62 72 1 0.670251 1
62 73 1 1.78658 1
62 74 1 2.52371 1
62 75 1 -0.743411 1
62 76 1 -0.0244252 1
62 77 1 -1.29741 1
62 78 1 -2.03433 1
62 79 1 1.59147 1
62 80 1 -0.449726 1
62 81 1 -0.915453 1
62 82 1 -0.419091 1
62 83 1 0.372675 1
62 84 1 -0.263764 1
62 85 1 0.334718 1
62 86 1 3.44111 1
62 87 1 -1.43832 1
62 88 1 0.755535 1
62 89 1 -0.532578 1
62 90 1 -5.56924 1
62 91 1 -0.000428615 1
62 92 1 -1.65673 1
62 93 1 1.73493 1
62 94 1 -0.00908396 1
62 95 1 -0.0196952 1
62 5 1 -0.268055 1
63 64 1 3.29103 1
63 65 1 1.45392 1
63 66 1 3.66812 1
63 67 1 0.919135 1
63 68 1 -0.5318 1
63 69 1 -3.70961 1
63 70 1 1.63621 1
63 71 1 2.31507 1
63 72 1 -0.0923952 1
63 73 1 1.14661 1
63 74 1 -1.09937 1
63 75 1 0.572024 1
63 76 1 -1.07887 1
63 77 1 1.99592 1
63 78 1 -1.17741 1
63 79 1 -0.785101 1
63 80 1 1.1098 1
63 81 1 0.431498 1
63 82 1 0.803908 1
63 83 1 -0.666109 1
63 84 1 -3.14842 1
63 85 1 -3.75121 1
63 86 1 2.41935 1
63 87 1 -2.23104 1
63 88 1 -0.350858 1
63 89 1 0.0311222 1
63 90 1 1.85396 1
63 91 1 0.525186 1
63 92 1 -0.176388 1
63 93 1 0.231229 1
63 94 1 -1.19844 1
63 95 1 1.11561 1
