122 64 32
0.624976 -0.2719 -2.64551 5.63697 -2.01143 1.68498 -0.904566 -0.671487 1.68404 2.92029 1.56524 0.483456 -2.10672 -2.8502 0.875974 -2.21795 -0.989957 -0.561386 -1.51704 -0.845697 -3.45582 -1.45334 -0.909799 0.466454 -0.660259 0.450498 1.53018 1.84991 -0.461581 -0.184435 -3.47097 0.305273 -0.6288 3.56764 -0.15262 0.922225 -2.18686 1.2255 -0.189946 -1.33624 -0.283389 -1.06313 1.89545 -1.92731 -0.305539 0.64287 -2.70177 1.64602 -0.179996 0.299853 2.77417 -2.27223 -0.751294 0.941782 1.09489 2.48295 -1.83377 -0.928005 0.0723219 -1.38176 0.218773 -1.89202 -1.56413 -3.59307 -3.06758 0.961504 0.0581624 2.04541 -1.67698 -1.25774 -2.2892 -1.12972 -1.10434 -1.1017 1.87266 1.13125 -1.77029 0.261868 -1.15631 -3.47778 0.806332 -0.597866 -0.490605 1.29397 0.72749 0.193688 -1.3267 0.402428 1.53711 -1.8434 -2.10986 -0.496192 -2.84405 1.76014 0.332118 -0.841485 -1.269 0.271465 -1.08506 -1.9173 1.378 -1.19364 -2.97222 -1.65257 -1.0205 1.75416 -0.379777 -1.20355 -1.07876 0.281433 -0.194937 0.124282 2.44742 -1.57399 -0.190841 -0.181421 -0.065937 0.0337465 -0.259146 0.308436 0.0237386 0.167764 
0 64 1 -2.61954 1
0 65 1 -1.03022 1
0 66 1 0.189023 1
0 67 1 -1.78285 1
0 68 1 0.998112 1
0 69 1 1.2593 1
0 70 1 -0.422163 1
0 71 1 -0.884816 1
0 72 1 -2.39277 1
0 73 1 0.893732 1
0 74 1 -2.94392 1
0 75 1 -0.0602144 1
0 76 1 2.59323 1
0 77 1 1.35926 1
0 78 1 -2.02819 1
0 79 1 4.25897 1
0 80 1 0.0463784 1
0 81 1 2.607 1
0 82 1 1.43683 1
0 83 1 0.803163 1
0 84 1 -2.47772 1
0 85 1 1.10536 1
0 86 1 -1.09184 1
0 87 1 -2.03446 1
0 88 1 0.14388 1
0 89 1 1.28352 1
0 90 1 1.59973 1
0 91 1 2.90641 1
0 92 1 -3.32704 1
0 93 1 -0.136948 1
0 94 1 1.04071 1
0 95 1 1.62533 1
1 64 1 -0.273519 1
1 65 1 1.15605 1
1 66 1 2.48154 1
1 67 1 -1.19673 1
1 68 1 1.75929 1
1 69 1 2.0987 1
1 70 1 1.7253 1
1 71 1 -0.0361982 1
1 72 1 -0.0542061 1
1 73 1 -0.291286 1
1 74 1 -2.16945 1
1 75 1 0.317533 1
1 76 1 0.863313 1
1 77 1 4.91327 1
1 78 1 -1.26379 1
1 79 1 1.27227 1
1 80 1 -1.62391 1
1 81 1 2.29095 1
1 82 1 1.53844 1
1 83 1 -3.96172 1
1 84 1 -0.490716 1
1 85 1 -0.140586 1
1 86 1 -0.451675 1
1 87 1 -0.15471 1
1 88 1 0.247699 1
1 89 1 1.06949 1
1 90 1 -0.200249 1
1 91 1 -1.63959 1
1 92 1 0.301851 1
1 93 1 0.453778 1
1 94 1 -2.71995 1
1 95 1 -2.79511 1
2 64 1 -0.845828 1
2 65 1 3.07458 1
2 66 1 -1.08977 1
2 67 1 -3.06282 1
2 68 1 0.40156 1
2 69 1 1.26636 1
2 70 1 0.240531 1
2 71 1 1.60961 1
2 72 1 -2.00931 1
2 73 1 -2.74922 1
2 74 1 -1.86352 1
2 75 1 -1.24767 1
2 76 1 -4.66119 1
2 77 1 0.945535 1
2 78 1 -2.5301 1
2 79 1 -3.95516 1
2 80 1 -0.157186 1
2 81 1 -3.64381 1
2 82 1 0.336694 1
2 83 1 -0.82553 1
2 84 1 0.28732 1
2 85 1 3.0542 1
2 86 1 -0.357271 1
2 87 1 -0.86539 1
2 88 1 -0.573449 1
2 89 1 -3.98991 1
2 90 1 -1.16289 1
2 91 1 -1.59303 1
2 92 1 1.52437 1
2 93 1 -3.46725 1
2 94 1 1.52047 1
2 95 1 -1.68822 1
2 100 1 -0.438388 1
2 6 1 3.97082 1
3 64 1 -1.70742 1
3 65 1 -0.432585 1
3 66 1 -1.1235 1
3 67 1 0.750774 1
3 68 1 0.79859 1
3 69 1 -1.96419 1
3 70 1 0.902525 1
3 71 1 2.27804 1
3 72 1 4.61247 1
3 73 1 -0.631084 1
3 74 1 0.757751 1
3 75 1 2.42103 1
3 76 1 2.48586 1
3 77 1 -1.69679 1
3 78 1 0.705765 1
3 79 1 -1.00062 1
3 80 1 -0.348359 1
3 81 1 -0.212242 1
3 82 1 4.7298 1
3 83 1 -0.865442 1
3 84 1 0.258518 1
3 85 1 -1.98454 1
3 86 1 1.6144 1
3 87 1 -0.590812 1
3 88 1 1.7264 1
3 89 1 1.35893 1
3 90 1 -1.14894 1
3 91 1 -0.693616 1
3 92 1 -0.256322 1
3 93 1 -2.14697 1
3 94 1 -1.96815 1
3 95 1 0.611314 0
3 110 1 0.157562 1
110 95 1 -0.308388 0
110 111 1 0.715638 1
111 95 1 -0.935137 1
4 64 1 1.71011 1
4 65 1 -0.687567 1
4 66 1 -2.89778 1
4 67 1 0.0586403 1
4 68 1 0.0709688 1
4 69 1 1.20766 1
4 70 1 1.15577 1
4 71 1 -0.776584 1
4 72 1 1.76104 1
4 73 1 -2.36246 0
4 74 1 -0.0220947 1
4 75 1 -2.70344 0
4 76 1 1.67603 1
4 77 1 1.85159 1
4 78 1 1.82717 1
4 79 1 -0.404948 1
4 80 1 -2.97954 1
4 81 1 -1.12382 1
4 82 1 -1.18662 1
4 83 1 -0.343229 1
4 84 1 0.409182 1
4 85 1 2.9059 1
4 86 1 1.01919 1
4 87 1 -2.63759 1
4 88 1 0.283882 1
4 89 1 -0.645741 1
4 90 1 0.0858209 1
4 91 1 -3.1103 1
4 92 1 0.690966 1
4 93 1 0.200558 1
4 94 1 -1.72684 1
4 95 1 1.89507 1
4 101 1 1.47151 1
4 17 1 -0.426545 1
4 118 1 0.927619 1
118 73 1 -2.4376 1
101 75 1 -0.128053 1
5 64 1 -0.610443 1
5 65 1 2.14919 1
5 66 1 -0.477073 1
5 67 1 2.16525 1
5 68 1 1.21457 1
5 69 1 1.53308 1
5 70 1 -2.06197 1
5 71 1 -0.843679 1
5 72 1 2.13171 1
5 73 1 -0.971081 1
5 74 1 -1.11927 1
5 75 1 2.31455 1
5 76 1 1.67137 1
5 77 1 -0.874047 1
5 78 1 -2.04315 1
5 79 1 0.120539 1
5 80 1 2.38636 1
5 81 1 0.0489406 1
5 82 1 0.62406 1
5 83 1 3.49806 1
5 84 1 2.51472 1
5 85 1 0.753121 1
5 86 1 -0.951552 1
5 87 1 0.340886 1
5 88 1 -1.97339 1
5 89 1 -1.72648 1
5 90 1 -2.26958 1
5 91 1 1.53623 1
5 92 1 -2.78721 1
5 93 1 1.56273 1
5 94 1 -0.419714 1
5 95 1 -0.252799 1
6 64 1 -0.0200543 1
6 65 1 -1.21755 1
6 66 1 1.59809 1
6 67 1 0.894428 1
6 68 1 -2.31683 1
6 69 1 0.0104274 1
6 70 1 -1.59287 1
6 71 1 -0.833244 1
6 72 1 1.33524 1
6 73 1 -1.63622 1
6 74 1 -1.95598 1
6 75 1 -0.8953 1
6 76 1 4.52125 1
6 77 1 0.0550472 1
6 78 1 0.0825825 1
6 79 1 -3.61086 1
6 80 1 1.89419 1
6 81 1 0.908016 1
6 82 1 0.185844 1
6 83 1 1.17964 1
6 84 1 2.4021 1
6 85 1 -1.25513 1
6 86 1 0.427612 1
6 87 1 2.59695 1
6 88 1 -1.28221 1
6 89 1 -3.0224 1
6 90 1 1.86571 1
6 91 1 -0.450241 1
6 92 1 2.78664 1
6 93 1 -0.346892 1
6 94 1 -2.46071 1
6 95 1 0.553797 1
6 26 1 1.0232 1
7 64 1 1.78042 1
7 65 1 -0.113782 1
7 66 1 0.684307 1
7 67 1 -1.51784 1
7 68 1 -2.99441 1
7 69 1 -0.555944 1
7 70 1 2.50422 1
7 71 1 1.25 1
7 72 1 2.64988 1
7 73 1 1.60501 1
7 74 1 -0.807753 1
7 75 1 -1.72971 1
7 76 1 1.6607 1
7 77 1 -0.0840504 1
7 78 1 1.95733 1
7 79 1 2.65381 1
7 80 1 -1.033 1
7 81 1 -0.595128 1
7 82 1 -3.82292 1
7 83 1 1.64132 0
7 84 1 -0.585483 1
7 85 1 2.8976 1
7 86 1 2.90177 1
7 87 1 0.524314 1
7 88 1 -1.83276 1
7 89 1 -0.585479 1
7 90 1 2.52765 1
7 91 1 -1.23418 1
7 92 1 -0.0471447 1
7 93 1 -1.09778 1
7 94 1 1.30601 1
7 95 1 3.08789 1
7 100 1 -0.270715 1
100 83 1 -1.16208 1
100 24 1 -1.28122 0
100 106 1 2.23008 1
106 24 1 -3.61161 1
106 6 1 -0.739635 1
8 64 1 2.43556 1
8 65 1 -1.97736 1
8 66 1 -0.890562 1
8 67 1 -0.236134 1
8 68 1 1.51137 1
8 69 1 1.63095 1
8 70 1 -0.951498 1
8 71 1 0.947616 1
8 72 1 1.27289 1
8 73 1 0.433124 1
8 74 1 -1.36334 1
8 75 1 -3.67177 1
8 76 1 -0.683958 1
8 77 1 2.8043 1
8 78 1 -1.60509 1
8 79 1 -0.067597 1
8 80 1 0.256009 1
8 81 1 -1.01538 1
8 82 1 0.241158 1
8 83 1 -2.63406 1
8 84 1 4.02323 1
8 85 1 3.72187 1
8 86 1 3.5528 1
8 87 1 0.736466 1
8 88 1 0.396512 1
8 89 1 2.49726 1
8 90 1 2.42249 1
8 91 1 1.67979 1
8 92 1 2.02166 1
8 93 1 2.54434 1
8 94 1 3.90322 1
8 95 1 0.363316 1
9 64 1 0.769792 1
9 65 1 -0.886914 1
9 66 1 0.419152 1
9 67 1 1.29329 1
9 68 1 -1.71428 1
9 69 1 -1.40563 1
9 70 1 -3.22863 1
9 71 1 0.751637 1
9 72 1 0.26009 1
9 73 1 -1.31848 1
9 74 1 0.84822 1
9 75 1 -1.10429 1
9 76 1 1.7649 1
9 77 1 -0.809791 1
9 78 1 0.941825 1
9 79 1 1.48421 1
9 80 1 0.463118 1
9 81 1 -0.846821 1
9 82 1 -1.25085 1
9 83 1 0.49604 1
9 84 1 3.13974 1
9 85 1 4.74412 1
9 86 1 -2.18068 1
9 87 1 2.39182 1
9 88 1 0.556828 1
9 89 1 4.87746 1
9 90 1 -0.613728 1
9 91 1 -0.55853 1
9 92 1 -1.65651 1
9 93 1 -1.60263 1
9 94 1 -2.08336 1
9 95 1 -0.54109 1
10 64 1 0.762096 1
10 65 1 0.121008 1
10 66 1 1.58665 1
10 67 1 -0.86295 1
10 68 1 2.69253 1
10 69 1 -0.404118 1
10 70 1 -1.90418 1
10 71 1 -1.67572 1
10 72 1 3.73132 1
10 73 1 2.19872 1
10 74 1 0.370907 1
10 75 1 -0.0135332 1
10 76 1 0.083494 1
10 77 1 0.586671 1
10 78 1 -1.48861 1
10 79 1 -2.98707 1
10 80 1 1.37552 1
10 81 1 1.39166 1
10 82 1 -0.167758 1
10 83 1 2.10599 1
10 84 1 0.741799 1
10 85 1 2.9848 1
10 86 1 0.572954 1
10 87 1 2.24611 1
10 88 1 0.83031 1
10 89 1 -0.618316 1
10 90 1 -0.463106 1
10 91 1 0.0774438 1
10 92 1 2.97072 1
10 93 1 -2.28367 1
10 94 1 2.83412 1
10 95 1 3.9998 1
11 64 1 4.42231 1
11 65 1 0.102382 1
11 66 1 1.90821 1
11 67 1 -3.05336 1
11 68 1 4.19378 1
11 69 1 -0.285244 1
11 70 1 1.66736 1
11 71 1 0.177728 1
11 72 1 0.644189 1
11 73 1 1.72801 1
11 74 1 -0.847385 0
11 75 1 -0.915749 1
11 76 1 -0.521217 1
11 77 1 -0.360627 1
11 78 1 -1.7846 1
11 79 1 -1.44095 1
11 80 1 0.581921 1
11 81 1 1.10669 1
11 82 1 2.3588 1
11 83 1 0.858291 1
11 84 1 3.61908 1
11 85 1 -0.412587 1
11 86 1 -1.26934 1
11 87 1 -0.901951 1
11 88 1 -2.33081 1
11 89 1 -1.22767 1
11 90 1 1.14685 1
11 91 1 0.310674 1
11 92 1 -3.27288 1
11 93 1 3.52822 1
11 94 1 1.00658 1
11 95 1 -0.906328 1
11 120 1 1.31586 1
120 74 1 -0.859828 1
12 64 1 -1.94872 1
12 65 1 1.33735 1
12 66 1 -1.30741 1
12 67 1 -2.28132 1
12 68 1 0.941871 1
12 69 1 0.672003 1
12 70 1 2.12693 1
12 71 1 1.9065 1
12 72 1 -0.262587 1
12 73 1 -1.1521 1
12 74 1 -0.223202 1
12 75 1 -1.23631 1
12 76 1 0.373714 1
12 77 1 2.09829 1
12 78 1 -0.69447 1
12 79 1 -1.66696 1
12 80 1 -1.51077 1
12 81 1 -0.891412 1
12 82 1 1.03554 1
12 83 1 -0.443962 1
12 84 1 -1.21924 1
12 85 1 0.794222 1
12 86 1 0.672873 1
12 87 1 2.18738 1
12 88 1 -0.0772212 1
12 89 1 1.28735 1
12 90 1 -0.333266 1
12 91 1 -2.5807 1
12 92 1 -0.17019 1
12 93 1 -1.76963 1
12 94 1 -0.179339 1
12 95 1 0.11188 1
12 17 1 -1.09297 1
13 64 1 -1.54633 1
13 65 1 -3.20245 1
13 66 1 -0.302772 1
13 67 1 -0.0108182 1
13 68 1 2.54262 1
13 69 1 -2.7276 1
13 70 1 1.09032 1
13 71 1 3.02177 1
13 72 1 -0.323581 1
13 73 1 -2.44855 1
13 74 1 -1.65327 1
13 75 1 -0.599888 1
13 76 1 -0.14421 1
13 77 1 -1.24349 1
13 78 1 -1.41706 1
13 79 1 0.475822 1
13 80 1 1.26515 1
13 81 1 -0.236278 1
13 82 1 1.57916 1
13 83 1 0.0828679 1
13 84 1 -0.0821208 1
13 85 1 0.189118 1
13 86 1 4.60901 1
13 87 1 3.68648 1
13 88 1 1.61507 1
13 89 1 -0.120092 1
13 90 1 -5.27397 1
13 91 1 -2.16975 1
13 92 1 -2.65805 1
13 93 1 -3.07975 1
13 94 1 -0.505093 1
13 95 1 -2.48044 1
14 64 1 -2.14307 1
14 65 1 2.80583 1
14 66 1 0.857122 1
14 67 1 -2.21464 1
14 68 1 -2.31225 1
14 69 1 3.32561 1
14 70 1 -0.398603 1
14 71 1 3.1926 1
14 72 1 0.364694 1
14 73 1 0.46362 1
14 74 1 3.26986 1
14 75 1 1.28618 1
14 76 1 -0.0388939 1
14 77 1 -0.539871 1
14 78 1 -1.88947 1
14 79 1 1.17169 1
14 80 1 0.419112 1
14 81 1 3.5521 0
14 82 1 2.28091 1
14 83 1 -1.19287 1
14 84 1 -0.960371 1
14 85 1 -0.678867 1
14 86 1 2.07048 1
14 87 1 -1.40233 1
14 88 1 -0.981541 1
14 89 1 -1.6149 1
14 90 1 0.932099 1
14 91 1 4.10828 1
14 92 1 1.12144 1
14 93 1 1.49802 1
14 94 1 2.54307 1
14 95 1 -2.34529 1
14 104 1 0.134613 1
14 119 1 0.537348 1
119 81 1 3.57257 1
15 64 1 0.0581016 1
15 65 1 0.502156 1
15 66 1 -1.59539 1
15 67 1 -0.207451 1
15 68 1 0.324433 1
15 69 1 0.452415 1
15 70 1 3.46246 1
15 71 1 -1.09663 1
15 72 1 -3.1344 1
15 73 1 -0.717898 1
15 74 1 -1.67651 1
15 75 1 -2.56088 1
15 76 1 -0.221613 1
15 77 1 1.94586 1
15 78 1 -2.46218 1
15 79 1 -0.741107 1
15 80 1 1.61092 1
15 81 1 3.01961 1
15 82 1 -4.12458 1
15 83 1 0.936183 1
15 84 1 1.12147 1
15 85 1 -1.14596 1
15 86 1 0.557713 1
15 87 1 -3.39581 1
15 88 1 0.891348 1
15 89 1 0.290032 1
15 90 1 0.123932 1
15 91 1 -1.19628 1
15 92 1 -0.555637 1
15 93 1 1.12195 1
15 94 1 2.46395 1
15 95 1 1.33103 1
16 64 1 1.14157 1
16 65 1 -1.63241 1
16 66 1 -3.73349 1
16 67 1 -0.173895 1
16 68 1 2.43166 1
16 69 1 0.877576 1
16 70 1 2.64957 1
16 71 1 2.24142 1
16 72 1 -1.89862 1
16 73 1 -1.46021 1
16 74 1 0.791914 1
16 75 1 -0.0595904 1
16 76 1 -0.759728 1
16 77 1 1.80091 1
16 78 1 -1.08578 1
16 79 1 -2.11201 1
16 80 1 -2.31703 1
16 81 1 1.67428 1
16 82 1 -1.2321 1
16 83 1 -0.151667 1
16 84 1 -0.36397 1
16 85 1 1.13316 1
16 86 1 -2.97656 1
16 87 1 -0.851636 1
16 88 1 1.07717 1
16 89 1 1.16297 1
16 90 1 0.745123 1
16 91 1 2.63761 1
16 92 1 2.54642 1
16 93 1 -0.281865 1
16 94 1 -0.150069 1
16 95 1 -3.10717 1
17 64 1 -3.90231 1
17 65 1 -2.22507 1
17 66 1 -1.79016 1
17 67 1 2.52084 1
17 68 1 -0.198841 1
17 69 1 -1.13561 1
17 70 1 1.30929 1
17 71 1 3.64211 1
17 72 1 -6.01 1
17 73 1 2.19596 1
17 74 1 1.41216 1
17 75 1 0.915147 1
17 76 1 -3.2669 1
17 77 1 1.24518 1
17 78 1 0.790804 1
17 79 1 -2.55605 1
17 80 1 2.65312 1
17 81 1 2.24541 1
17 82 1 -1.37548 1
17 83 1 -0.958798 1
17 84 1 -4.21472 1
17 85 1 -0.181224 1
17 86 1 2.85 1
17 87 1 0.673679 1
17 88 1 -3.48466 1
17 89 1 -1.75852 1
17 90 1 -3.81011 1
17 91 1 1.98776 1
17 92 1 -0.313607 1
17 93 1 0.512895 1
17 94 1 2.94615 1
17 95 1 -0.754971 1
18 64 1 0.436215 1
18 65 1 0.536709 1
18 66 1 2.14654 1
18 67 1 -0.0714661 1
18 68 1 0.043328 1
18 69 1 0.321421 1
18 70 1 0.65805 1
18 71 1 0.024655 1
18 72 1 2.16411 1
18 73 1 -2.15854 1
18 74 1 1.03615 1
18 75 1 -0.236808 1
18 76 1 1.55036 1
18 77 1 2.00223 1
18 78 1 2.63706 1
18 79 1 -0.642321 1
18 80 1 -0.765368 1
18 81 1 3.7275 1
18 82 1 -2.2286 1
18 83 1 -0.400842 1
18 84 1 -0.700547 1
18 85 1 -1.40412 1
18 86 1 2.52398 1
18 87 1 -1.24762 1
18 88 1 1.90739 1
18 89 1 -0.514396 1
18 90 1 0.843644 1
18 91 1 -0.499821 1
18 92 1 -1.4088 1
18 93 1 0.88666 1
18 94 1 -0.251357 1
18 95 1 -0.750158 1
18 25 1 -0.41352 1
19 64 1 -0.580111 1
19 65 1 -2.40638 1
19 66 1 1.4084 1
19 67 1 -2.08178 1
19 68 1 -1.98501 1
19 69 1 1.633 1
19 70 1 -0.808606 1
19 71 1 -0.24271 1
19 72 1 3.00451 1
19 73 1 0.00571381 1
19 74 1 -0.511507 1
19 75 1 0.81426 1
19 76 1 -1.49543 1
19 77 1 -0.0377625 1
19 78 1 -1.77378 1
19 79 1 0.373582 1
19 80 1 -0.805912 1
19 81 1 -2.21046 1
19 82 1 0.897949 1
19 83 1 -2.42214 1
19 84 1 1.2126 1
19 85 1 -0.164068 1
19 86 1 0.84104 1
19 87 1 2.98545 1
19 88 1 2.12061 1
19 89 1 4.59134 1
19 90 1 -0.656551 1
19 91 1 0.918409 1
19 92 1 2.31109 1
19 93 1 -3.74405 1
19 94 1 -2.82769 1
19 95 1 -3.8835 1
20 64 1 1.38205 1
20 65 1 0.966457 1
20 66 1 -0.122466 1
20 67 1 1.23561 1
20 68 1 0.876032 1
20 69 1 -0.26182 1
20 70 1 -2.27606 1
20 71 1 0.193719 1
20 72 1 1.43953 1
20 73 1 -0.162357 1
20 74 1 2.39034 1
20 75 1 3.0011 1
20 76 1 -0.278977 1
20 77 1 -1.56296 1
20 78 1 1.28214 1
20 79 1 0.796342 1
20 80 1 -0.738094 1
20 81 1 -0.37384 1
20 82 1 2.936 1
20 83 1 2.43446 1
20 84 1 0.970462 1
20 85 1 -0.374225 1
20 86 1 -0.0834682 1
20 87 1 0.495614 1
20 88 1 0.947322 1
20 89 1 1.13652 1
20 90 1 0.766096 1
20 91 1 -0.944937 0
20 92 1 -2.53995 1
20 93 1 1.51124 0
20 94 1 1.32169 0
20 95 1 -0.85809 1
20 96 1 -1.40528 1
20 98 1 -0.400908 1
20 103 1 0.320259 1
103 91 1 0.0691267 0
103 105 1 1.22005 1
103 112 1 1.50925 1
105 91 1 -0.00886525 1
98 93 1 -0.621079 1
98 99 1 -0.426503 1
96 94 1 0.637416 1
21 64 1 0.438432 1
21 65 1 1.65208 1
21 66 1 -2.78374 1
21 67 1 -2.13617 1
21 68 1 -1.17297 1
21 69 1 3.14235 1
21 70 1 -0.581617 1
21 71 1 -2.64261 1
21 72 1 -4.01822 1
21 73 1 0.179632 1
21 74 1 -1.21799 1
21 75 1 -1.14264 1
21 76 1 -0.780323 1
21 77 1 0.493317 1
21 78 1 -3.20582 1
21 79 1 -1.37595 1
21 80 1 0.514832 1
21 81 1 -0.126007 1
21 82 1 -0.0278948 1
21 83 1 -0.928129 1
21 84 1 5.52329 1
21 85 1 -1.17688 1
21 86 1 -0.321014 1
21 87 1 0.579888 1
21 88 1 3.11463 1
21 89 1 2.53266 1
21 90 1 0.196441 1
21 91 1 -1.97572 1
21 92 1 1.56903 1
21 93 1 1.14469 1
21 94 1 -0.304673 1
21 95 1 1.11364 1
22 64 1 0.380796 1
22 65 1 1.39348 1
22 66 1 1.34291 1
22 67 1 3.09496 1
22 68 1 -2.13256 1
22 69 1 -1.19303 1
22 70 1 0.139734 1
22 71 1 0.624651 1
22 72 1 -1.4495 1
22 73 1 -0.789461 1
22 74 1 -0.72019 1
22 75 1 -0.192477 1
22 76 1 1.54391 1
22 77 1 0.330387 1
22 78 1 0.882821 1
22 79 1 2.24882 1
22 80 1 -1.95599 1
22 81 1 -2.12947 1
22 82 1 1.8229 1
22 83 1 -0.232224 1
22 84 1 -1.46146 1
22 85 1 -1.27296 1
22 86 1 2.6012 1
22 87 1 1.58901 1
22 88 1 -0.290355 1
22 89 1 0.444626 1
22 90 1 1.57153 1
22 91 1 1.24696 1
22 92 1 0.416687 1
22 93 1 1.40934 1
22 94 1 2.46732 1
22 95 1 3.65905 1
23 64 1 -1.02576 1
23 65 1 0.695175 1
23 66 1 1.29064 1
23 67 1 -0.625535 1
23 68 1 -2.75715 1
23 69 1 0.162961 1
23 70 1 1.71247 1
23 71 1 -3.41503 1
23 72 1 0.0534391 1
23 73 1 -1.14885 1
23 74 1 2.88903 1
23 75 1 0.770017 1
23 76 1 0.182228 1
23 77 1 1.83442 1
23 78 1 0.859508 1
23 79 1 -3.73693 1
23 80 1 0.303287 1
23 81 1 -0.284343 1
23 82 1 -1.47568 1
23 83 1 0.853033 1
23 84 1 2.78744 1
23 85 1 0.486876 1
23 86 1 -5.03365 1
23 87 1 -0.234518 1
23 88 1 1.37434 1
23 89 1 -0.979988 1
23 90 1 -1.21782 1
23 91 1 -0.314148 1
23 92 1 0.237197 1
23 93 1 1.42372 1
23 94 1 -1.75697 1
23 95 1 -1.73441 1
23 107 1 0.425038 1
24 64 1 -3.58436 1
24 65 1 0.449922 1
24 66 1 -0.854007 1
24 67 1 3.52107 1
24 68 1 -2.33603 1
24 69 1 1.36518 1
24 70 1 -0.572768 1
24 71 1 4.93791 1
24 72 1 -0.635233 1
24 73 1 0.0547549 1
24 74 1 -0.685839 1
24 75 1 0.515989 1
24 76 1 1.76663 1
24 77 1 -1.08939 1
24 78 1 -2.04414 1
24 79 1 1.30131 1
24 80 1 -0.397855 1
24 81 1 0.756985 1
24 82 1 1.09827 1
24 83 1 -2.79848 1
24 84 1 -1.65244 1
24 85 1 -0.176504 1
24 86 1 -2.22944 1
24 87 1 2.25199 1
24 88 1 -1.07869 1
24 89 1 1.98842 1
24 90 1 1.19176 1
24 91 1 -1.26827 1
24 92 1 0.797706 1
24 93 1 1.1997 1
24 94 1 -0.433991 1
24 95 1 1.50163 1
24 5 1 3.06856 1
25 64 1 -0.804478 1
25 65 1 1.85609 1
25 66 1 -0.107629 1
25 67 1 -0.403777 1
25 68 1 4.59059 1
25 69 1 -3.54474 1
25 70 1 4.59387 0
25 71 1 -3.54734 1
25 72 1 0.0478648 1
25 73 1 0.129768 1
25 74 1 1.04931 1
25 75 1 -1.11923 1
25 76 1 1.36563 1
25 77 1 0.549221 1
25 78 1 1.75553 1
25 79 1 -1.14777 1
25 80 1 2.17358 1
25 81 1 -1.26523 1
25 82 1 -1.23688 1
25 83 1 2.13106 1
25 84 1 -2.47116 1
25 85 1 -1.63092 1
25 86 1 1.52934 1
25 87 1 0.524215 1
25 88 1 0.0514103 1
25 89 1 1.58428 1
25 90 1 -3.68593 1
25 91 1 -0.812382 1
25 92 1 -0.397473 1
25 93 1 0.659432 1
25 94 1 1.63592 1
25 95 1 -4.42173 1
25 8 1 -0.230489 1
25 6 1 -0.604024 1
25 121 1 1.19686 1
121 70 1 5.25893 1
26 64 1 -2.26047 1
26 65 1 1.38499 1
26 66 1 0.518076 1
26 67 1 2.40564 1
26 68 1 2.10361 1
26 69 1 1.89059 1
26 70 1 -1.13517 1
26 71 1 -0.466084 1
26 72 1 -1.51794 1
26 73 1 -0.536399 1
26 74 1 -1.5917 1
26 75 1 2.50926 1
26 76 1 -0.800041 1
26 77 1 -2.8293 1
26 78 1 1.89763 1
26 79 1 -3.16032 1
26 80 1 -0.437225 1
26 81 1 3.43635 1
26 82 1 -0.245047 1
26 83 1 2.21977 1
26 84 1 -1.65382 1
26 85 1 -1.06217 1
26 86 1 -3.16621 1
26 87 1 1.1636 1
26 88 1 -1.75576 1
26 89 1 -0.976027 1
26 90 1 -2.72438 1
26 91 1 -3.58113 1
26 92 1 -1.77297 1
26 93 1 -0.617143 1
26 94 1 1.0885 1
26 95 1 -0.652863 1
26 23 1 1.77814 1
26 15 1 -0.364492 1
27 64 1 -4.0344 1
27 65 1 2.99571 1
27 66 1 1.55092 1
27 67 1 -0.168098 1
27 68 1 -0.343522 1
27 69 1 -0.609366 1
27 70 1 3.054 1
27 71 1 -4.76094 1
27 72 1 -0.239424 1
27 73 1 1.54366 1
27 74 1 -1.44966 1
27 75 1 1.17189 1
27 76 1 -1.62435 1
27 77 1 -1.82969 1
27 78 1 1.90201 1
27 79 1 1.76363 1
27 80 1 -0.977599 1
27 81 1 -1.38714 1
27 82 1 -0.778432 1
27 83 1 -2.15532 1
27 84 1 1.16238 1
27 85 1 -0.648209 1
27 86 1 -2.40713 1
27 87 1 0.905355 1
27 88 1 -3.01356 1
27 89 1 -2.10027 1
27 90 1 0.10207 1
27 91 1 0.488665 1
27 92 1 -1.49963 1
27 93 1 -1.29184 1
27 94 1 0.618042 1
27 95 1 -0.200918 1
27 9 1 1.77921 1
28 64 1 1.15361 1
28 65 1 0.185916 1
28 66 1 0.170509 1
28 67 1 1.81165 1
28 68 1 1.31247 1
28 69 1 3.71136 1
28 70 1 -0.655759 1
28 71 1 -0.944454 1
28 72 1 -1.49945 1
28 73 1 0.19876 1
28 74 1 1.04048 1
28 75 1 -0.744678 1
28 76 1 0.643157 1
28 77 1 -0.147054 1
28 78 1 -0.938309 1
28 79 1 1.46765 1
28 80 1 3.60752 1
28 81 1 -0.730004 1
28 82 1 1.66891 1
28 83 1 1.74031 1
28 84 1 -0.481651 1
28 85 1 -4.83548 1
28 86 1 -0.988434 1
28 87 1 -1.71237 1
28 88 1 -3.0456 1
28 89 1 -0.557001 1
28 90 1 -3.66518 1
28 91 1 -1.13581 1
28 92 1 0.33506 1
28 93 1 -0.377316 1
28 94 1 2.5131 1
28 95 1 -1.60636 1
29 64 1 -0.883488 1
29 65 1 0.263596 1
29 66 1 1.03898 1
29 67 1 1.17627 1
29 68 1 -1.78933 1
29 69 1 2.25409 1
29 70 1 -0.509863 1
29 71 1 -0.545425 1
29 72 1 1.05806 1
29 73 1 0.128601 1
29 74 1 0.573157 1
29 75 1 0.771137 1
29 76 1 -0.637779 1
29 77 1 0.166476 1
29 78 1 -5.2062 1
29 79 1 -0.689132 1
29 80 1 0.130049 1
29 81 1 1.55788 1
29 82 1 -1.62959 1
29 83 1 -1.21293 1
29 84 1 1.22643 1
29 85 1 -1.41129 1
29 86 1 -0.77777 1
29 87 1 -3.72262 1
29 88 1 -0.0407429 1
29 89 1 -0.655225 1
29 90 1 -2.90037 1
29 91 1 0.956746 1
29 92 1 -0.32103 1
29 93 1 1.54146 1
29 94 1 -1.6117 1
29 95 1 -1.13325 1
30 64 1 0.282758 1
30 65 1 0.59152 1
30 66 1 -0.314039 1
30 67 1 0.43183 1
30 68 1 2.55849 1
30 69 1 0.360146 1
30 70 1 0.317324 1
30 71 1 0.569009 1
30 72 1 0.359701 1
30 73 1 4.4445 1
30 74 1 1.93518 1
30 75 1 1.29165 1
30 76 1 -0.240182 1
30 77 1 -0.290874 1
30 78 1 0.923913 1
30 79 1 0.270699 1
30 80 1 0.460461 1
30 81 1 -1.67453 1
30 82 1 1.82231 1
30 83 1 4.08232 1
30 84 1 1.62347 1
30 85 1 -1.85551 1
30 86 1 -1.07776 1
30 87 1 -3.71706 1
30 88 1 0.19965 1
30 89 1 -2.29493 1
30 90 1 0.866525 1
30 91 1 4.21602 1
30 92 1 1.33778 1
30 93 1 1.81321 1
30 94 1 1.7832 1
30 95 1 0.143187 1
31 64 1 1.1687 1
31 65 1 0.199519 1
31 66 1 -0.892066 1
31 67 1 5.39961 1
31 68 1 4.3064 1
31 69 1 1.56428 1
31 70 1 -0.794047 1
31 71 1 1.30903 1
31 72 1 -0.832792 1
31 73 1 -1.72517 1
31 74 1 -0.414054 1
31 75 1 -1.44259 1
31 76 1 -0.313009 1
31 77 1 -1.19536 1
31 78 1 -1.41414 1
31 79 1 1.33894 1
31 80 1 -1.01011 1
31 81 1 -0.914344 1
31 82 1 2.01821 1
31 83 1 -0.864556 1
31 84 1 -2.4072 1
31 85 1 -2.0875 1
31 86 1 0.875467 1
31 87 1 0.994231 1
31 88 1 0.668651 1
31 89 1 -0.430356 1
31 90 1 1.16686 1
31 91 1 0.199926 1
31 92 1 -2.17248 1
31 93 1 1.4793 1
31 94 1 -0.415303 1
31 95 1 0.451026 1
32 64 1 2.83813 1
32 65 1 1.51834 1
32 66 1 -2.03475 1
32 67 1 2.60123 1
32 68 1 0.773533 1
32 69 1 4.03991 1
32 70 1 0.186222 1
32 71 1 1.07955 1
32 72 1 -3.76086 1
32 73 1 -0.173242 1
32 74 1 -1.29886 1
32 75 1 1.86424 1
32 76 1 -2.12286 1
32 77 1 0.0638525 1
32 78 1 -1.19462 1
32 79 1 1.1407 1
32 80 1 0.96397 1
32 81 1 -1.28628 1
32 82 1 -0.261923 1
32 83 1 0.0624429 1
32 84 1 -0.812182 1
32 85 1 -2.93241 1
32 86 1 -1.34055 1
32 87 1 1.63113 1
32 88 1 -1.63169 1
32 89 1 -2.05438 1
32 90 1 -1.35845 1
32 91 1 -1.63836 1
32 92 1 2.43476 1
32 93 1 -2.92488 1
32 94 1 1.01822 1
32 95 1 -1.95804 1
33 64 1 1.37239 1
33 65 1 -3.50364 1
33 66 1 -0.881226 1
33 67 1 -0.215015 1
33 68 1 -1.03049 1
33 69 1 -1.74861 1
33 70 1 2.93891 1
33 71 1 2.08646 1
33 72 1 -0.0665199 1
33 73 1 1.64327 1
33 74 1 0.164403 1
33 75 1 -1.72223 1
33 76 1 -0.0494813 1
33 77 1 3.80171 1
33 78 1 -2.52343 1
33 79 1 0.481552 1
33 80 1 1.71648 1
33 81 1 -2.02773 1
33 82 1 -1.41549 1
33 83 1 -0.67185 1
33 84 1 2.22003 1
33 85 1 2.16408 1
33 86 1 0.565172 1
33 87 1 1.42807 1
33 88 1 3.09358 1
33 89 1 2.92799 1
33 90 1 -1.80435 1
33 91 1 0.82715 1
33 92 1 2.68834 1
33 93 1 3.03574 1
33 94 1 0.749477 1
33 95 1 -0.518366 1
33 20 1 -0.516722 1
33 107 1 -0.706403 1
34 64 1 1.45311 1
34 65 1 0.218848 1
34 66 1 1.4306 1
34 67 1 1.98571 1
34 68 1 1.42545 1
34 69 1 1.14184 1
34 70 1 -1.5514 1
34 71 1 -0.0802498 1
34 72 1 -0.814786 1
34 73 1 0.326277 1
34 74 1 2.17383 1
34 75 1 3.7482 1
34 76 1 -2.63041 1
34 77 1 1.08534 1
34 78 1 -0.173495 1
34 79 1 1.3962 1
34 80 1 1.4862 1
34 81 1 0.40248 1
34 82 1 0.110442 1
34 83 1 1.45947 1
34 84 1 0.320895 1
34 85 1 -0.412477 1
34 86 1 0.0623581 1
34 87 1 -0.41855 1
34 88 1 1.86355 1
34 89 1 -0.469206 1
34 90 1 -2.07922 1
34 91 1 0.953998 1
34 92 1 -0.746092 1
34 93 1 -4.19231 1
34 94 1 2.34351 1
34 95 1 0.410176 1
35 64 1 -1.33258 1
35 65 1 0.0496237 1
35 66 1 -0.44505 1
35 67 1 -0.370659 1
35 68 1 1.04159 1
35 69 1 3.26139 1
35 70 1 -0.0832604 1
35 71 1 2.05124 1
35 72 1 -0.250664 1
35 73 1 2.80391 1
35 74 1 2.87802 1
35 75 1 -0.85722 1
35 76 1 -0.293969 1
35 77 1 2.13552 1
35 78 1 -3.15615 1
35 79 1 -2.43105 1
35 80 1 -5.94482 1
35 81 1 0.353947 1
35 82 1 2.04594 1
35 83 1 -0.186317 1
35 84 1 2.50048 1
35 85 1 -2.18851 1
35 86 1 -1.84036 1
35 87 1 -0.292457 1
35 88 1 0.45623 1
35 89 1 2.82458 1
35 90 1 -2.39653 1
35 91 1 -2.87756 1
35 92 1 -0.633087 1
35 93 1 1.03222 1
35 94 1 -1.87611 1
35 95 1 0.0361977 1
36 64 1 -0.543372 1
36 65 1 -0.546584 1
36 66 1 -1.55391 1
36 67 1 0.579567 1
36 68 1 -0.704708 1
36 69 1 0.237295 1
36 70 1 0.213155 1
36 71 1 2.82133 1
36 72 1 0.378112 1
36 73 1 0.106362 1
36 74 1 2.04138 1
36 75 1 -0.262611 1
36 76 1 0.908506 1
36 77 1 -1.64739 1
36 78 1 2.46363 1
36 79 1 3.02213 1
36 80 1 0.6906 1
36 81 1 1.7933 1
36 82 1 -0.411355 0
36 83 1 -0.718167 1
36 84 1 0.122791 1
36 85 1 -2.87548 1
36 86 1 0.271554 1
36 87 1 -0.902865 1
36 88 1 1.5988 1
36 89 1 -0.924078 1
36 90 1 -2.06674 1
36 91 1 0.168174 1
36 92 1 2.87005 1
36 93 1 0.231368 1
36 94 1 -2.62753 1
36 95 1 3.11454 1
36 109 1 1.41408 0
36 24 1 -1.05867 1
36 117 1 0.851142 1
117 109 1 1.59914 1
109 82 1 0.598946 1
109 31 1 -1.13067 1
37 64 1 -1.90053 1
37 65 1 -0.679782 1
37 66 1 -1.63328 1
37 67 1 -3.30599 1
37 68 1 -3.41148 1
37 69 1 1.18837 1
37 70 1 -1.64343 1
37 71 1 -1.94765 1
37 72 1 0.884584 1
37 73 1 -0.238395 1
37 74 1 -0.548489 1
37 75 1 -1.31779 1
37 76 1 1.5103 1
37 77 1 0.957296 1
37 78 1 0.854251 1
37 79 1 -0.214479 1
37 80 1 1.91378 1
37 81 1 0.542142 1
37 82 1 6.03229 1
37 83 1 0.383951 1
37 84 1 -1.7422 1
37 85 1 1.83332 1
37 86 1 -1.8235 1
37 87 1 -2.56465 1
37 88 1 -2.76791 1
37 89 1 0.544603 1
37 90 1 -0.218337 1
37 91 1 -1.20538 1
37 92 1 2.31559 1
37 93 1 0.416594 1
37 94 1 -1.45195 1
37 95 1 -0.00952029 1
38 64 1 0.575308 1
38 65 1 -2.1488 1
38 66 1 -0.731678 1
38 67 1 -0.485418 1
38 68 1 1.94167 1
38 69 1 -0.772929 1
38 70 1 1.05136 1
38 71 1 0.71747 1
38 72 1 0.101338 1
38 73 1 -0.33998 1
38 74 1 0.194704 1
38 75 1 1.39636 1
38 76 1 2.61271 1
38 77 1 -1.93827 1
38 78 1 -1.76657 1
38 79 1 0.403165 1
38 80 1 -1.99339 1
38 81 1 0.0640498 1
38 82 1 -0.487077 1
38 83 1 -0.652269 1
38 84 1 -1.50715 1
38 85 1 -1.96297 1
38 86 1 -1.53626 1
38 87 1 -0.527009 1
38 88 1 1.18182 1
38 89 1 3.91368 1
38 90 1 -1.83194 1
38 91 1 2.28404 1
38 92 1 0.21416 1
38 93 1 1.16654 1
38 94 1 -0.597429 1
38 95 1 -2.75687 1
39 64 1 0.422218 1
39 65 1 -2.22758 1
39 66 1 -0.14977 1
39 67 1 -1.60313 1
39 68 1 -0.0530906 1
39 69 1 0.249221 1
39 70 1 -0.0103897 1
39 71 1 0.63417 1
39 72 1 -0.336319 1
39 73 1 -1.15138 1
39 74 1 3.64537 1
39 75 1 0.328967 0
39 76 1 -0.000319322 1
39 77 1 -1.66131 1
39 78 1 -0.367298 1
39 79 1 -1.1821 1
39 80 1 -0.552849 1
39 81 1 -2.58709 1
39 82 1 0.847819 1
39 83 1 -0.297248 1
39 84 1 0.44781 1
39 85 1 -0.804586 1
39 86 1 1.85444 1
39 87 1 1.31959 1
39 88 1 -1.23853 1
39 89 1 1.35005 1
39 90 1 3.25722 1
39 91 1 -3.57456 1
39 92 1 3.77928 1
39 93 1 -0.714443 1
39 94 1 -0.816817 1
39 95 1 0.226469 1
39 2 1 -2.15435 1
39 112 1 1.82499 1
112 75 1 -0.992206 1
40 64 1 -6.01111 1
40 65 1 -0.1237 1
40 66 1 -0.488362 1
40 67 1 -0.0312055 1
40 68 1 4.45124 1
40 69 1 -0.682625 1
40 70 1 -1.78229 1
40 71 1 0.65458 1
40 72 1 3.35521 1
40 73 1 0.461511 1
40 74 1 0.137116 1
40 75 1 -0.938223 1
40 76 1 -1.02855 1
40 77 1 2.4549 1
40 78 1 2.6412 1
40 79 1 -1.35283 1
40 80 1 0.183923 1
40 81 1 0.432413 1
40 82 1 0.270293 1
40 83 1 -1.5387 1
40 84 1 -0.430958 1
40 85 1 1.44998 1
40 86 1 -0.806092 1
40 87 1 0.52808 1
40 88 1 -0.879114 1
40 89 1 -1.1051 1
40 90 1 -0.29937 1
40 91 1 -0.756572 1
40 92 1 1.03476 1
40 93 1 2.43321 1
40 94 1 -1.15801 1
40 95 1 0.633254 1
41 64 1 4.6514 1
41 65 1 -0.873979 1
41 66 1 0.144159 1
41 67 1 -3.57406 1
41 68 1 -1.29232 1
41 69 1 -0.323888 1
41 70 1 0.373267 1
41 71 1 1.68855 1
41 72 1 3.83561 1
41 73 1 -3.59653 1
41 74 1 -1.81563 1
41 75 1 0.211274 1
41 76 1 0.52405 1
41 77 1 -0.748222 1
41 78 1 -1.33505 1
41 79 1 -2.26078 1
41 80 1 2.65916 1
41 81 1 0.300546 1
41 82 1 0.560929 1
41 83 1 1.78038 1
41 84 1 -0.227545 1
41 85 1 0.148585 1
41 86 1 0.635371 1
41 87 1 0.252151 1
41 88 1 4.95722 1
41 89 1 -0.35268 1
41 90 1 -0.682372 1
41 91 1 0.702139 1
41 92 1 -0.0545734 1
41 93 1 0.524081 1
41 94 1 0.235757 1
41 95 1 -2.47073 1
41 11 1 1.0315 1
41 29 1 -0.711314 1
42 64 1 0.788627 1
42 65 1 -0.119953 1
42 66 1 -0.0552329 1
42 67 1 0.0603339 1
42 68 1 0.212487 1
42 69 1 -1.51594 1
42 70 1 -2.38762 1
42 71 1 0.637967 1
42 72 1 -2.63999 1
42 73 1 -2.85398 1
42 74 1 0.317706 1
42 75 1 0.68772 1
42 76 1 -1.2576 1
42 77 1 -0.170286 1
42 78 1 -1.5987 1
42 79 1 -0.403961 1
42 80 1 0.0509193 1
42 81 1 0.047876 1
42 82 1 1.91228 1
42 83 1 2.00206 1
42 84 1 2.40287 1
42 85 1 0.597373 1
42 86 1 -1.49592 1
42 87 1 -1.9773 1
42 88 1 -0.462728 1
42 89 1 0.605693 1
42 90 1 0.536772 1
42 91 1 1.42487 1
42 92 1 -1.50166 1
42 93 1 2.08719 1
42 94 1 -1.26779 1
42 95 1 0.00784753 1
43 64 1 1.03451 1
43 65 1 -1.07157 1
43 66 1 1.72437 1
43 67 1 0.82587 1
43 68 1 -0.773145 1
43 69 1 -2.1197 1
43 70 1 1.06356 1
43 71 1 -2.96281 1
43 72 1 -2.32052 1
43 73 1 -4.09894 1
43 74 1 1.16237 1
43 75 1 -1.4065 1
43 76 1 2.55878 1
43 77 1 1.47981 1
43 78 1 0.0799496 1
43 79 1 -0.395437 1
43 80 1 -0.576768 1
43 81 1 0.919965 1
43 82 1 0.429496 1
43 83 1 -0.197114 1
43 84 1 0.80942 1
43 85 1 1.29963 1
43 86 1 -1.58246 1
43 87 1 2.55972 1
43 88 1 -0.909443 1
43 89 1 2.20394 1
43 90 1 0.984635 1
43 91 1 -3.09701 1
43 92 1 1.10273 1
43 93 1 2.98203 1
43 94 1 -2.27544 1
43 95 1 -1.24899 1
44 64 1 2.7457 1
44 65 1 -2.52553 1
44 66 1 0.203756 1
44 67 1 -1.85679 1
44 68 1 -1.01604 1
44 69 1 0.992452 1
44 70 1 1.98472 1
44 71 1 0.498253 1
44 72 1 -2.62082 1
44 73 1 0.585737 1
44 74 1 -1.27816 1
44 75 1 -0.908996 1
44 76 1 0.547498 1
44 77 1 0.319842 1
44 78 1 0.588258 1
44 79 1 1.45116 1
44 80 1 4.11811 1
44 81 1 -1.27289 1
44 82 1 3.67602 1
44 83 1 -0.227306 1
44 84 1 2.6773 1
44 85 1 0.370083 1
44 86 1 1.38839 1
44 87 1 -0.441207 1
44 88 1 -0.410697 1
44 89 1 -1.14708 1
44 90 1 0.845495 1
44 91 1 0.0188468 1
44 92 1 -0.4414 1
44 93 1 1.10333 1
44 94 1 -0.173664 1
44 95 1 -0.877796 1
44 8 1 1.25288 1
44 29 1 -0.0654707 1
45 64 1 -1.35835 1
45 65 1 1.0689 1
45 66 1 0.793769 1
45 67 1 -1.8595 1
45 68 1 -2.61622 1
45 69 1 -4.71431 1
45 70 1 -2.17291 1
45 71 1 0.747052 1
45 72 1 -2.19014 1
45 73 1 2.95358 1
45 74 1 2.49256 1
45 75 1 2.86963 1
45 76 1 0.682846 1
45 77 1 -1.08063 1
45 78 1 -2.6214 1
45 79 1 0.636045 1
45 80 1 -1.8959 1
45 81 1 -0.0687887 1
45 82 1 1.07454 1
45 83 1 0.424725 1
45 84 1 1.55497 1
45 85 1 -2.30886 1
45 86 1 1.37543 1
45 87 1 -1.13845 1
45 88 1 0.00542123 1
45 89 1 -2.85866 1
45 90 1 -0.166862 1
45 91 1 0.806226 1
45 92 1 -1.59649 1
45 93 1 -1.93319 1
45 94 1 0.858342 1
45 95 1 -0.8815 1
45 9 1 3.04574 1
46 64 1 0.524705 1
46 65 1 0.107196 1
46 66 1 1.43827 1
46 67 1 2.43066 1
46 68 1 -2.34956 1
46 69 1 -1.03032 1
46 70 1 2.14794 1
46 71 1 0.145182 1
46 72 1 0.790631 1
46 73 1 -2.63508 1
46 74 1 -1.96512 1
46 75 1 -0.22903 1
46 76 1 -1.50427 1
46 77 1 1.822 1
46 78 1 -0.227196 1
46 79 1 0.123086 1
46 80 1 2.2335 1
46 81 1 -1.68471 1
46 82 1 -1.35882 1
46 83 1 1.75838 1
46 84 1 -1.20035 1
46 85 1 1.54469 1
46 86 1 -0.893496 1
46 87 1 0.323797 1
46 88 1 -2.16172 1
46 89 1 -2.58305 1
46 90 1 -0.324773 1
46 91 1 -0.0532024 1
46 92 1 -0.826105 1
46 93 1 0.623184 1
46 94 1 0.584719 1
46 95 1 1.26774 1
47 64 1 0.128881 1
47 65 1 0.657508 1
47 66 1 -0.399771 1
47 67 1 2.5668 1
47 68 1 0.0881905 1
47 69 1 2.08165 1
47 70 1 -1.96959 1
47 71 1 -1.01833 1
47 72 1 0.939662 1
47 73 1 2.78468 1
47 74 1 -1.12781 1
47 75 1 -1.70145 1
47 76 1 -0.234542 1
47 77 1 -5.13318 1
47 78 1 -1.69108 1
47 79 1 -0.462007 1
47 80 1 -0.484831 1
47 81 1 -4.77999 1
47 82 1 0.82867 1
47 83 1 -0.182102 1
47 84 1 -0.461237 1
47 85 1 -1.08259 1
47 86 1 -1.053 1
47 87 1 1.3816 1
47 88 1 -1.59065 1
47 89 1 -0.0277934 1
47 90 1 2.27126 1
47 91 1 1.40976 1
47 92 1 -0.413891 1
47 93 1 1.24662 1
47 94 1 0.60926 1
47 95 1 -2.18799 1
47 4 1 0.183389 1
48 64 1 -0.465223 1
48 65 1 0.021071 1
48 66 1 -1.00047 1
48 67 1 -1.95826 1
48 68 1 -0.716782 1
48 69 1 -4.01254 1
48 70 1 1.9007 1
48 71 1 1.57337 1
48 72 1 -0.573533 1
48 73 1 2.79098 1
48 74 1 2.9529 1
48 75 1 -1.97471 1
48 76 1 0.761269 1
48 77 1 -0.332017 1
48 78 1 2.2776 1
48 79 1 -0.595214 1
48 80 1 -0.0705295 1
48 81 1 -1.55721 1
48 82 1 0.223702 1
48 83 1 1.04773 1
48 84 1 -1.46673 1
48 85 1 2.34767 1
48 86 1 -0.0324089 1
48 87 1 -1.59066 1
48 88 1 -0.904225 1
48 89 1 0.706292 1
48 90 1 -0.595589 1
48 91 1 1.29595 1
48 92 1 -3.32429 1
48 93 1 -0.554661 1
48 94 1 0.939724 1
48 95 1 -1.44708 1
48 16 1 0.973219 1
48 12 1 -0.809107 1
49 64 1 0.510463 1
49 65 1 -1.93152 1
49 66 1 -1.83032 1
49 67 1 -0.346189 1
49 68 1 0.488504 1
49 69 1 0.795153 1
49 70 1 0.12357 1
49 71 1 -2.4207 1
49 72 1 -1.40879 1
49 73 1 0.18196 1
49 74 1 0.727279 1
49 75 1 1.0635 1
49 76 1 -3.17941 1
49 77 1 -0.948863 1
49 78 1 -0.772173 1
49 79 1 3.24726 1
49 80 1 4.12242 1
49 81 1 -3.03355 1
49 82 1 0.923025 1
49 83 1 0.948517 1
49 84 1 1.41392 1
49 85 1 -2.97915 1
49 86 1 -1.19252 1
49 87 1 -2.2901 1
49 88 1 -2.76974 1
49 89 1 1.57018 1
49 90 1 -0.311443 1
49 91 1 0.847063 1
49 92 1 -0.667269 1
49 93 1 -0.229733 1
49 94 1 -0.325843 1
49 95 1 3.13582 1
49 19 1 0.694504 1
50 64 1 -3.3792 1
50 65 1 -1.57621 1
50 66 1 1.99821 1
50 67 1 -3.2732 1
50 68 1 2.03299 1
50 69 1 1.23732 1
50 70 1 3.25645 1
50 71 1 4.80387 1
50 72 1 -1.47248 1
50 73 1 4.48475 1
50 74 1 0.981881 1
50 75 1 1.1245 1
50 76 1 -1.47335 1
50 77 1 -0.399846 1
50 78 1 -0.126238 1
50 79 1 -1.27186 1
50 80 1 0.477011 1
50 81 1 -1.63807 1
50 82 1 -0.958907 1
50 83 1 2.32672 1
50 84 1 -1.80676 1
50 85 1 2.80858 1
50 86 1 -1.1635 1
50 87 1 -1.42004 1
50 88 1 -2.18493 1
50 89 1 1.25208 1
50 90 1 -1.66918 1
50 91 1 0.0481936 1
50 92 1 -0.0612608 1
50 93 1 1.57093 1
50 94 1 -2.26571 1
50 95 1 2.3054 1
50 4 1 0.804205 1
50 22 1 -1.48364 1
51 64 1 -0.793583 1
51 65 1 2.72875 1
51 66 1 0.878333 1
51 67 1 -1.79865 1
51 68 1 -1.42701 1
51 69 1 -0.0211964 1
51 70 1 1.27551 1
51 71 1 2.1184 1
51 72 1 -2.06261 1
51 73 1 -1.19336 0
51 74 1 -2.16386 1
51 75 1 5.03644 1
51 76 1 -1.20424 1
51 77 1 -0.251941 1
51 78 1 0.372513 1
51 79 1 1.06654 1
51 80 1 0.790256 1
51 81 1 -0.856021 1
51 82 1 0.177893 1
51 83 1 2.83314 1
51 84 1 -1.20407 1
51 85 1 -2.07834 1
51 86 1 -2.01593 1
51 87 1 -0.202527 1
51 88 1 1.33867 1
51 89 1 -1.45684 1
51 90 1 1.1613 1
51 91 1 -1.98674 1
51 92 1 1.23777 1
51 93 1 3.2534 1
51 94 1 -3.29716 1
51 95 1 0.759902 1
51 116 1 0.548769 1
116 73 1 -0.389339 1
52 64 1 -1.60415 1
52 65 1 2.52619 1
52 66 1 2.0613 1
52 67 1 0.685351 1
52 68 1 -1.00245 1
52 69 1 4.3447 1
52 70 1 3.40353 1
52 71 1 -2.30476 1
52 72 1 -0.85196 1
52 73 1 4.57027 1
52 74 1 1.86269 1
52 75 1 0.220989 1
52 76 1 -1.90861 1
52 77 1 -2.04317 1
52 78 1 -0.178005 1
52 79 1 -0.483303 1
52 80 1 -1.19311 1
52 81 1 1.74505 1
52 82 1 -1.66519 1
52 83 1 -1.42488 1
52 84 1 -0.718266 1
52 85 1 0.197429 1
52 86 1 -2.28907 1
52 87 1 2.17553 1
52 88 1 -0.991307 1
52 89 1 -0.704165 1
52 90 1 -0.929002 1
52 91 1 0.81506 1
52 92 1 -0.0999422 1
52 93 1 -0.065529 1
52 94 1 0.327779 1
52 95 1 0.319886 1
53 64 1 -2.33445 1
53 65 1 -0.622968 1
53 66 1 -0.173981 1
53 67 1 -0.958099 1
53 68 1 2.29244 1
53 69 1 1.67332 1
53 70 1 -1.08208 1
53 71 1 0.320965 1
53 72 1 1.85113 1
53 73 1 -0.620181 1
53 74 1 1.54989 1
53 75 1 -0.58609 1
53 76 1 2.44621 1
53 77 1 2.46004 1
53 78 1 -0.760497 1
53 79 1 2.10659 1
53 80 1 0.926244 1
53 81 1 1.51175 1
53 82 1 2.57778 1
53 83 1 1.52617 1
53 84 1 1.89443 1
53 85 1 -0.696112 1
53 86 1 -0.865197 1
53 87 1 0.10958 1
53 88 1 -1.62258 1
53 89 1 -0.5909 1
53 90 1 -0.716876 1
53 91 1 -0.252807 1
53 92 1 1.30589 1
53 93 1 0.137377 1
53 94 1 0.0582875 1
53 95 1 -0.950072 1
53 20 1 3.00153 1
54 64 1 2.11652 1
54 65 1 1.22167 1
54 66 1 0.165168 1
54 67 1 1.04823 1
54 68 1 1.29189 1
54 69 1 -1.02571 1
54 70 1 -0.235195 1
54 71 1 -0.121302 1
54 72 1 0.182807 1
54 73 1 -0.443758 1
54 74 1 -0.930991 1
54 75 1 -0.053737 1
54 76 1 0.136826 1
54 77 1 1.66866 1
54 78 1 -0.463455 1
54 79 1 -0.760004 1
54 80 1 0.317025 1
54 81 1 -0.883842 1
54 82 1 -2.4811 1
54 83 1 2.03982 1
54 84 1 0.908503 1
54 85 1 0.75456 1
54 86 1 -1.72411 1
54 87 1 0.498425 1
54 88 1 3.95451 1
54 89 1 -0.221654 1
54 90 1 -2.34744 1
54 91 1 1.58133 1
54 92 1 0.0384725 1
54 93 1 1.00956 1
54 94 1 -0.443886 1
54 95 1 0.579303 1
54 30 1 -0.325076 1
55 64 1 -0.820945 1
55 65 1 -1.84427 1
55 66 1 1.37372 1
55 67 1 1.06346 1
55 68 1 -1.78645 1
55 69 1 1.89113 1
55 70 1 2.45171 1
55 71 1 -3.51102 1
55 72 1 0.849471 1
55 73 1 -0.639243 1
55 74 1 4.40416 1
55 75 1 -4.13681 1
55 76 1 -3.96468 1
55 77 1 2.75429 1
55 78 1 -4.14296 1
55 79 1 1.48375 1
55 80 1 -0.251841 1
55 81 1 -0.0578674 1
55 82 1 -1.30506 1
55 83 1 -1.59357 1
55 84 1 -1.61 1
55 85 1 -0.0260946 1
55 86 1 0.468998 1
55 87 1 1.50507 1
55 88 1 -1.70317 1
55 89 1 -1.65165 1
55 90 1 0.664752 1
55 91 1 1.33841 1
55 92 1 1.3251 1
55 93 1 -3.07324 1
55 94 1 -0.546487 1
55 95 1 -2.26502 0
55 28 1 1.68402 1
55 114 1 0.202819 1
114 95 1 -1.76122 1
56 64 1 0.834327 1
56 65 1 -1.30762 1
56 66 1 -0.0210078 1
56 67 1 -0.556952 1
56 68 1 1.36287 1
56 69 1 0.343239 1
56 70 1 0.486594 1
56 71 1 -0.489566 1
56 72 1 0.161285 1
56 73 1 -1.57181 1
56 74 1 2.66284 1
56 75 1 3.13602 1
56 76 1 -0.369673 1
56 77 1 -0.899905 1
56 78 1 -3.03554 1
56 79 1 0.80523 1
56 80 1 -1.20958 1
56 81 1 2.21171 1
56 82 1 3.04553 1
56 83 1 -2.89576 1
56 84 1 0.390015 1
56 85 1 -1.27499 1
56 86 1 0.437536 1
56 87 1 -2.80477 1
56 88 1 2.18802 1
56 89 1 -2.86911 1
56 90 1 -1.06896 1
56 91 1 -0.200367 1
56 92 1 1.24015 1
56 93 1 2.59446 1
56 94 1 -1.93816 1
56 95 1 -0.624757 1
56 3 1 0.00111262 1
57 64 1 -2.34202 1
57 65 1 1.42975 1
57 66 1 -2.59867 1
57 67 1 0.0481592 1
57 68 1 3.65552 1
57 69 1 -1.83892 0
57 70 1 0.874525 1
57 71 1 0.522388 1
57 72 1 -1.58626 1
57 73 1 -0.325584 1
57 74 1 0.105883 1
57 75 1 2.49765 1
57 76 1 0.427609 1
57 77 1 -3.07163 1
57 78 1 -1.13185 1
57 79 1 -1.9515 1
57 80 1 2.6991 1
57 81 1 1.65237 1
57 82 1 0.864148 1
57 83 1 -3.72303 1
57 84 1 1.17646 1
57 85 1 -3.42685 1
57 86 1 -0.130328 1
57 87 1 2.33783 1
57 88 1 -2.93866 1
57 89 1 1.39891 1
57 90 1 1.33566 1
57 91 1 -0.530414 1
57 92 1 -2.07889 1
57 93 1 -0.175553 1
57 94 1 1.65141 1
57 95 1 1.69811 1
57 104 1 1.27683 1
57 22 1 0.72042 1
104 69 1 0.601966 1
58 64 1 1.34137 1
58 65 1 -1.80105 1
58 66 1 -0.801308 1
58 67 1 -1.71718 1
58 68 1 1.75092 1
58 69 1 -2.53143 1
58 70 1 -2.69577 1
58 71 1 -2.18032 1
58 72 1 0.418174 1
58 73 1 -1.17926 1
58 74 1 1.47619 1
58 75 1 1.78574 1
58 76 1 0.782314 1
58 77 1 -1.4087 1
58 78 1 -1.69003 1
58 79 1 -1.27562 1
58 80 1 -0.488029 1
58 81 1 -0.0207573 1
58 82 1 0.313471 1
58 83 1 -0.402257 1
58 84 1 1.36898 1
58 85 1 1.76682 1
58 86 1 1.73422 1
58 87 1 -0.555254 1
58 88 1 -1.59079 1
58 89 1 -1.87053 1
58 90 1 -0.278857 1
58 91 1 0.401214 1
58 92 1 1.68771 1
58 93 1 0.20134 1
58 94 1 -3.65895 1
58 95 1 1.14082 1
59 64 1 -1.01561 1
59 65 1 0.212471 1
59 66 1 2.59657 1
59 67 1 -1.92697 1
59 68 1 -0.286859 1
59 69 1 -0.0832566 1
59 70 1 -0.353243 1
59 71 1 1.19158 1
59 72 1 -0.495621 1
59 73 1 -1.98128 1
59 74 1 2.18571 1
59 75 1 0.232065 1
59 76 1 0.371518 1
59 77 1 -0.99335 0
59 78 1 -2.03618 1
59 79 1 -1.20825 1
59 80 1 -0.116795 1
59 81 1 -0.456362 1
59 82 1 -1.31298 1
59 83 1 3.23259 1
59 84 1 -1.40223 1
59 85 1 -2.089 1
59 86 1 -1.54612 1
59 87 1 1.82852 1
59 88 1 3.42094 1
59 89 1 0.926191 1
59 90 1 1.08413 1
59 91 1 -1.5562 1
59 92 1 -0.504106 1
59 93 1 1.55818 1
59 94 1 -1.44684 1
59 95 1 1.84905 1
59 97 1 1.59921 1
59 5 1 -1.37197 1
59 11 1 0.723954 1
97 77 1 -2.76368 1
97 22 1 -2.77971 1
97 2 1 -2.49043 0
97 99 1 1.82451 1
97 7 1 -1.10773 0
97 102 1 1.35359 1
97 17 1 0.743455 1
102 7 1 0.266245 1
99 2 1 -0.281564 0
99 108 1 2.17957 1
108 2 1 -0.603302 1
60 64 1 2.25102 1
60 65 1 0.733422 1
60 66 1 -0.341601 1
60 67 1 0.10051 1
60 68 1 2.61417 1
60 69 1 0.88254 1
60 70 1 -0.706518 1
60 71 1 -0.50487 1
60 72 1 -1.35579 0
60 73 1 -0.397949 1
60 74 1 -1.04242 1
60 75 1 0.913561 1
60 76 1 0.473543 1
60 77 1 2.62823 1
60 78 1 -0.197253 1
60 79 1 0.574991 1
60 80 1 -2.97975 1
60 81 1 0.201196 1
60 82 1 -1.85602 1
60 83 1 0.722912 1
60 84 1 -1.83784 1
60 85 1 1.95406 1
60 86 1 1.28765 1
60 87 1 1.78299 1
60 88 1 -2.37014 1
60 89 1 -2.15492 1
60 90 1 -1.88026 1
60 91 1 0.120116 1
60 92 1 -0.088007 1
60 93 1 1.79522 1
60 94 1 0.308064 1
60 95 1 1.18127 1
60 24 1 -1.36009 1
60 0 1 1.95171 1
60 115 1 1.4179 1
115 72 1 -0.286094 1
61 64 1 -1.52805 1
61 65 1 -0.3119 1
61 66 1 0.62221 1
61 67 1 0.227417 1
61 68 1 -4.08506 1
61 69 1 1.32503 1
61 70 1 -0.0329716 1
61 71 1 1.4048 1
61 72 1 -0.908123 1
61 73 1 0.662487 1
61 74 1 1.08779 1
61 75 1 0.261261 1
61 76 1 0.869532 1
61 77 1 -0.68309 0
61 78 1 0.547298 1
61 79 1 -1.20173 1
61 80 1 -1.11562 1
61 81 1 -0.01341 1
61 82 1 0.302012 1
61 83 1 1.39509 1
61 84 1 -0.899061 1
61 85 1 2.22127 1
61 86 1 -0.195334 1
61 87 1 1.01689 1
61 88 1 1.09516 1
61 89 1 0.575567 1
61 90 1 0.836215 1
61 91 1 0.958815 1
61 92 1 -1.7387 1
61 93 1 -1.26923 1
61 94 1 1.00324 1
61 95 1 0.545297 1
61 107 1 0.619009 1
107 77 1 -2.76752 0
107 113 1 2.41719 1
107 14 1 0.665306 1
113 77 1 -3.75415 1
113 23 1 -0.856178 1
62 64 1 2.75531 1
62 65 1 -1.26833 1
62 66 1 2.50014 1
62 67 1 -0.536641 1
62 68 1 0.259289 1
62 69 1 0.465256 1
62 70 1 -0.13845 1
62 71 1 -1.24968 1
62 72 1 0.42146 1
62 73 1 1.1617 1
62 74 1 1.812 1
62 75 1 -0.860213 1
62 76 1 0.160394 1
62 77 1 -1.42475 1
62 78 1 -3.48218 1
62 79 1 1.70926 1
62 80 1 -0.836039 1
62 81 1 -1.37832 1
62 82 1 -0.70521 1
62 83 1 0.179028 1
62 84 1 -0.465656 1
62 85 1 -0.00203771 1
62 86 1 3.52203 1
62 87 1 -2.07037 1
62 88 1 0.534838 1
62 89 1 -0.500862 1
62 90 1 -5.70582 1
62 91 1 0.513259 1
62 92 1 -0.75102 1
62 93 1 1.92787 1
62 94 1 0.62365 1
62 95 1 -0.197124 1
62 5 1 0.432457 1
63 64 1 2.75054 1
63 65 1 0.138087 1
63 66 1 3.43291 1
63 67 1 0.728756 1
63 68 1 -0.719079 1
63 69 1 -3.54823 1
63 70 1 0.509581 1
63 71 1 2.29267 1
63 72 1 -0.541677 1
63 73 1 0.472066 1
63 74 1 -1.76728 1
63 75 1 0.176897 1
63 76 1 -1.17016 1
63 77 1 2.55596 1
63 78 1 -0.545124 1
63 79 1 -0.498437 1
63 80 1 1.55697 1
63 81 1 0.670058 1
63 82 1 0.566082 1
63 83 1 -0.495407 1
63 84 1 -3.25293 1
63 85 1 -3.44423 1
63 86 1 3.48347 1
63 87 1 -1.2069 1
63 88 1 0.938658 1
63 89 1 0.562215 1
63 90 1 2.82092 1
63 91 1 -0.973929 1
63 92 1 0.273755 1
63 93 1 0.616334 1
63 94 1 -1.88195 1
63 95 1 0.758035 1
