126 64 32
0.466899 -0.726066 -3.2003 5.64937 -2.0354 1.33805 -0.517648 -1.45261 1.80125 2.45606 0.725889 0.976542 -2.7944 -3.49337 0.470288 -1.80686 -1.00603 0.744413 -1.38112 -0.717131 -3.56783 -0.719257 -0.653601 0.550857 -0.178257 1.20416 2.50312 1.58604 -0.8034 -0.846537 -4.10637 0.542854 -1.10916 3.78983 0.546426 0.903867 -2.03473 1.12512 -0.977914 -1.46008 -1.01572 -0.31833 1.53717 -2.08642 -0.188726 0.213523 -1.92396 1.68401 -0.0156859 0.451058 2.44263 -2.36028 -1.18763 1.2676 0.935122 2.12265 -1.75091 -0.41262 0.430882 -1.59767 0.390528 -1.71528 -0.777043 -3.33887 -3.22801 0.850993 0.877966 1.66674 -1.69515 -0.780699 -2.05135 -1.00642 -0.206606 -1.03395 1.17746 0.916077 -1.1899 0.277773 -1.25179 -3.56058 0.116383 0.320395 -1.31944 1.63721 -0.0256139 0.68865 -2.67664 -0.201205 1.93754 -1.33846 -1.36889 -0.433211 -1.99978 1.22996 -0.0782817 -0.829807 -1.64846 -0.307109 -0.81464 -1.15203 1.8394 -1.23415 -4.00597 -1.58635 -1.62891 1.87394 -0.967715 -0.978064 -1.59595 0.0824034 -0.410446 0.769061 2.10206 -1.55257 -0.876412 -0.824074 -0.820888 -0.233808 -0.452677 -0.297205 0.688313 0.073299 -0.0772351 0.330775 0.412706 0.238493 
0 64 1 -2.27998 1
0 65 1 -1.50008 1
0 66 1 -0.275346 1
0 67 1 -2.18971 1
0 68 1 1.25293 1
0 69 1 2.3378 1
0 70 1 -1.09498 1
0 71 1 0.0741219 1
0 72 1 -2.87283 1
0 73 1 0.468077 1
0 74 1 -2.80401 1
0 75 1 0.0238648 1
0 76 1 1.881 1
0 77 1 0.915398 1
0 78 1 -1.99511 1
0 79 1 4.4001 1
0 80 1 0.197731 1
0 81 1 1.79942 1
0 82 1 1.89999 1
0 83 1 1.32627 1
0 84 1 -2.29383 1
0 85 1 1.76578 1
0 86 1 -0.71598 1
0 87 1 -2.13316 1
0 88 1 0.796095 1
0 89 1 0.570725 1
0 90 1 2.36647 1
0 91 1 3.16388 1
0 92 1 -2.95152 1
0 93 1 0.708653 1
0 94 1 0.498925 1
0 95 1 0.86424 1
0 99 1 -0.51206 1
1 64 1 -0.780332 1
1 65 1 1.43513 1
1 66 1 1.80913 1
1 67 1 -0.369998 1
1 68 1 2.38457 1
1 69 1 2.12558 1
1 70 1 1.46339 1
1 71 1 0.608586 1
1 72 1 -0.480056 1
1 73 1 -0.295919 1
1 74 1 -2.52934 1
1 75 1 0.362897 1
1 76 1 0.441944 1
1 77 1 4.89717 1
1 78 1 -1.31226 1
1 79 1 1.40552 1
1 80 1 -1.922 1
1 81 1 1.34005 1
1 82 1 2.52286 1
1 83 1 -4.4356 1
1 84 1 -0.636658 1
1 85 1 -0.596859 1
1 86 1 0.471554 1
1 87 1 -0.358627 1
1 88 1 0.4141 1
1 89 1 0.779858 1
1 90 1 0.205827 1
1 91 1 -1.2813 1
1 92 1 0.783335 1
1 93 1 0.772575 1
1 94 1 -2.3412 1
1 95 1 -2.76244 1
2 64 1 -0.869863 1
2 65 1 3.12746 1
2 66 1 -0.773386 1
2 67 1 -2.646 1
2 68 1 0.751656 1
2 69 1 2.50408 1
2 70 1 0.0365122 1
2 71 1 2.15569 1
2 72 1 -1.98352 1
2 73 1 -2.70416 1
2 74 1 -2.04629 1
2 75 1 -0.793088 1
2 76 1 -3.93259 1
2 77 1 0.627873 1
2 78 1 -2.47277 1
2 79 1 -3.02683 1
2 80 1 0.745944 1
2 81 1 -3.81252 1
2 82 1 0.00704735 1
2 83 1 -1.71263 1
2 84 1 0.578466 1
2 85 1 2.18337 1
2 86 1 -0.495511 1
2 87 1 -0.91619 1
2 88 1 0.340969 1
2 89 1 -4.46771 1
2 90 1 -1.13896 1
2 91 1 -2.5289 1
2 92 1 0.825742 1
2 93 1 -3.84776 1
2 94 1 1.23603 1
2 95 1 -2.22141 1
2 100 1 -0.517962 1
2 6 1 3.48304 1
3 64 1 -2.18169 1
3 65 1 -0.690466 1
3 66 1 -0.0695663 1
3 67 1 0.933261 1
3 68 1 1.94704 1
3 69 1 -2.77907 1
3 70 1 0.629965 1
3 71 1 2.43417 1
3 72 1 5.41524 1
3 73 1 -0.591633 1
3 74 1 1.29363 1
3 75 1 2.61537 1
3 76 1 1.84046 1
3 77 1 -1.67995 1
3 78 1 0.477602 1
3 79 1 -1.1789 1
3 80 1 -0.247324 1
3 81 1 0.242709 1
3 82 1 5.19727 1
3 83 1 -1.69276 1
3 84 1 0.215574 1
3 85 1 -1.17181 1
3 86 1 0.968092 1
3 87 1 -0.81571 1
3 88 1 2.24705 1
3 89 1 1.32182 1
3 90 1 -0.268483 1
3 91 1 -0.946376 1
3 92 1 -0.704042 1
3 93 1 -2.75365 1
3 94 1 -2.24257 1
3 95 1 0.49324 0
3 110 1 -0.104731 1
110 95 1 0.0614077 0
110 111 1 0.62077 1
111 95 1 -1.42242 1
4 64 1 1.4409 1
4 65 1 -0.778967 1
4 66 1 -2.77768 1
4 67 1 0.316038 1
4 68 1 0.142115 1
4 69 1 1.28171 1
4 70 1 0.550677 1
4 71 1 -0.82975 1
4 72 1 2.4967 1
4 73 1 -2.26829 0
4 74 1 0.523647 1
4 75 1 -2.43573 0
4 76 1 2.30348 1
4 77 1 1.54532 1
4 78 1 1.99482 1
4 79 1 -0.934443 1
4 80 1 -3.30755 1
4 81 1 -0.926344 1
4 82 1 -1.02307 1
4 83 1 -0.244921 1
4 84 1 -0.132621 1
4 85 1 2.11254 1
4 86 1 1.00833 1
4 87 1 -2.78167 1
4 88 1 -0.269901 1
4 89 1 -0.812819 1
4 90 1 0.430075 1
4 91 1 -3.94538 1
4 92 1 -0.103094 1
4 93 1 0.074191 1
4 94 1 -2.56918 1
4 95 1 1.64396 1
4 101 1 1.24669 1
4 17 1 0.337847 1
4 118 1 1.4976 1
118 73 1 -1.76937 1
101 75 1 0.00235327 1
5 64 1 -0.828497 1
5 65 1 1.96616 1
5 66 1 -0.50404 1
5 67 1 2.67663 1
5 68 1 1.50932 1
5 69 1 1.60649 1
5 70 1 -1.97892 1
5 71 1 -0.505857 1
5 72 1 1.13519 1
5 73 1 -1.80791 1
5 74 1 -0.0992762 1
5 75 1 2.12023 1
5 76 1 1.8141 1
5 77 1 -0.742282 1
5 78 1 -2.13807 1
5 79 1 -0.306289 1
5 80 1 2.31748 1
5 81 1 -0.137543 1
5 82 1 0.539567 1
5 83 1 2.82885 1
5 84 1 1.55641 1
5 85 1 0.964619 1
5 86 1 -0.744482 1
5 87 1 -0.102832 1
5 88 1 -1.90691 1
5 89 1 -2.55734 1
5 90 1 -1.7894 1
5 91 1 1.98905 1
5 92 1 -2.45037 1
5 93 1 1.45043 1
5 94 1 -0.174715 1
5 95 1 -0.0209838 1
6 64 1 0.367583 1
6 65 1 -1.62241 1
6 66 1 1.31997 1
6 67 1 0.810429 1
6 68 1 -2.25252 1
6 69 1 -0.528291 1
6 70 1 -1.70361 1
6 71 1 -0.00715877 1
6 72 1 0.781285 1
6 73 1 -1.27989 1
6 74 1 -1.68687 1
6 75 1 -0.595094 1
6 76 1 4.75898 1
6 77 1 -0.489716 1
6 78 1 0.613954 1
6 79 1 -3.1669 1
6 80 1 0.940686 1
6 81 1 1.17438 1
6 82 1 0.00264047 1
6 83 1 2.19271 1
6 84 1 2.73368 1
6 85 1 -1.78742 1
6 86 1 0.345176 1
6 87 1 2.83335 1
6 88 1 -2.27374 1
6 89 1 -3.03534 1
6 90 1 1.45941 1
6 91 1 -0.725885 1
6 92 1 2.47392 1
6 93 1 0.0962248 1
6 94 1 -1.8399 1
6 95 1 0.481083 1
6 26 1 0.302196 1
7 64 1 1.57105 1
7 65 1 0.522677 1
7 66 1 0.683309 1
7 67 1 -1.60276 1
7 68 1 -3.16562 1
7 69 1 -0.663961 1
7 70 1 2.77282 1
7 71 1 0.725707 1
7 72 1 2.4822 1
7 73 1 1.50792 1
7 74 1 -0.904863 1
7 75 1 -1.93078 1
7 76 1 1.91219 1
7 77 1 -0.00026549 1
7 78 1 2.05894 1
7 79 1 3.50562 1
7 80 1 -0.523166 1
7 81 1 -0.289089 1
7 82 1 -3.50924 1
7 83 1 1.59095 0
7 84 1 -1.31333 1
7 85 1 3.26059 1
7 86 1 3.15801 1
7 87 1 1.13321 1
7 88 1 -0.846047 1
7 89 1 -1.07363 1
7 90 1 1.60491 1
7 91 1 -1.98586 1
7 92 1 0.147496 1
7 93 1 -1.67578 1
7 94 1 1.44723 1
7 95 1 3.30434 1
7 100 1 -0.351406 1
100 83 1 -1.68901 1
100 24 1 -1.09376 0
100 106 1 3.11199 1
106 24 1 -4.55103 1
106 6 1 0.347627 1
8 64 1 2.89899 1
8 65 1 -1.50935 1
8 66 1 -1.09298 1
8 67 1 -0.156079 1
8 68 1 1.66254 1
8 69 1 2.26584 1
8 70 1 -1.05787 1
8 71 1 1.29943 1
8 72 1 2.34026 1
8 73 1 -0.14137 1
8 74 1 -1.42821 1
8 75 1 -3.33136 1
8 76 1 -0.805426 1
8 77 1 2.8454 1
8 78 1 -0.653518 1
8 79 1 -0.15454 1
8 80 1 0.599792 1
8 81 1 -0.596774 1
8 82 1 -0.152417 1
8 83 1 -2.13998 1
8 84 1 3.73966 1
8 85 1 4.04848 1
8 86 1 3.79804 1
8 87 1 0.557815 1
8 88 1 0.558435 1
8 89 1 3.00804 1
8 90 1 2.36443 1
8 91 1 1.56834 1
8 92 1 1.77523 1
8 93 1 2.71825 1
8 94 1 3.36381 1
8 95 1 0.84273 1
9 64 1 0.0997428 1
9 65 1 -1.43163 1
9 66 1 0.353894 1
9 67 1 1.56562 1
9 68 1 -1.7207 1
9 69 1 -1.31608 1
9 70 1 -3.49306 1
9 71 1 0.47565 1
9 72 1 0.0230825 1
9 73 1 -1.04778 1
9 74 1 1.2506 1
9 75 1 -0.258206 1
9 76 1 1.80283 1
9 77 1 -0.473469 1
9 78 1 2.01501 1
9 79 1 1.96537 1
9 80 1 0.341423 1
9 81 1 -1.13544 1
9 82 1 -1.69271 1
9 83 1 0.444319 1
9 84 1 3.30866 1
9 85 1 4.33822 1
9 86 1 -1.3232 1
9 87 1 2.53785 1
9 88 1 0.774892 1
9 89 1 3.57724 1
9 90 1 -0.937845 1
9 91 1 -0.541963 1
9 92 1 -1.51112 1
9 93 1 -2.67039 1
9 94 1 -2.11134 1
9 95 1 -0.343156 1
10 64 1 2.00626 1
10 65 1 0.662016 1
10 66 1 1.4671 1
10 67 1 -1.34859 1
10 68 1 2.72484 1
10 69 1 -0.899026 1
10 70 1 -1.47351 1
10 71 1 -1.44057 1
10 72 1 3.35698 1
10 73 1 2.82242 1
10 74 1 0.45188 0
10 75 1 0.14897 1
10 76 1 0.538093 1
10 77 1 -0.214803 1
10 78 1 -1.64527 1
10 79 1 -2.32588 1
10 80 1 1.81593 1
10 81 1 1.33866 1
10 82 1 0.544653 1
10 83 1 1.36265 1
10 84 1 0.670973 1
10 85 1 2.88666 1
10 86 1 -0.044095 1
10 87 1 1.36402 1
10 88 1 1.12237 1
10 89 1 -1.12186 1
10 90 1 0.611746 1
10 91 1 0.770748 1
10 92 1 3.5018 1
10 93 1 -3.05269 1
10 94 1 3.57156 1
10 95 1 4.12716 1
10 124 1 0.791186 1
124 74 1 0.222151 1
11 64 1 4.61518 1
11 65 1 0.458743 1
11 66 1 2.40167 1
11 67 1 -1.7327 1
11 68 1 4.74681 1
11 69 1 -0.333857 1
11 70 1 2.15978 1
11 71 1 0.582887 1
11 72 1 -0.198456 1
11 73 1 1.85035 1
11 74 1 -1.25117 0
11 75 1 -0.981041 1
11 76 1 -1.41123 1
11 77 1 -0.510267 1
11 78 1 -1.70363 1
11 79 1 -1.13436 1
11 80 1 -0.452251 1
11 81 1 0.437334 1
11 82 1 3.41231 1
11 83 1 -0.422698 1
11 84 1 3.83529 1
11 85 1 -0.673116 1
11 86 1 -1.98157 1
11 87 1 -0.337431 1
11 88 1 -2.62981 1
11 89 1 -2.31536 1
11 90 1 1.08614 1
11 91 1 0.34458 1
11 92 1 -3.18095 1
11 93 1 2.65622 1
11 94 1 0.774277 1
11 95 1 -0.990945 1
11 120 1 0.915788 1
120 74 1 -0.402123 1
12 64 1 -2.06016 1
12 65 1 2.0362 1
12 66 1 -2.28105 1
12 67 1 -2.3493 1
12 68 1 0.84913 1
12 69 1 0.950762 1
12 70 1 1.45754 1
12 71 1 1.5896 1
12 72 1 0.0147459 1
12 73 1 -2.19752 1
12 74 1 -1.1263 1
12 75 1 -1.85993 1
12 76 1 0.415162 1
12 77 1 2.33883 1
12 78 1 -1.21244 1
12 79 1 -1.82658 1
12 80 1 -1.93381 1
12 81 1 -1.29314 1
12 82 1 0.856281 1
12 83 1 -0.578793 1
12 84 1 -1.3455 1
12 85 1 1.03291 1
12 86 1 0.248505 1
12 87 1 2.22761 1
12 88 1 -1.01756 1
12 89 1 1.68702 1
12 90 1 -0.597706 1
12 91 1 -2.25124 1
12 92 1 -0.646687 1
12 93 1 -1.67336 1
12 94 1 0.241698 1
12 95 1 0.320427 1
12 17 1 -1.03053 1
13 64 1 -1.78231 1
13 65 1 -2.82949 1
13 66 1 -0.643231 1
13 67 1 0.295882 1
13 68 1 2.58564 1
13 69 1 -2.31724 1
13 70 1 1.11502 1
13 71 1 3.0389 1
13 72 1 -0.608107 1
13 73 1 -3.09501 1
13 74 1 -1.44195 1
13 75 1 -0.372955 1
13 76 1 -0.880863 1
13 77 1 -1.44913 1
13 78 1 -1.20533 1
13 79 1 -0.0830826 1
13 80 1 1.97569 1
13 81 1 -0.0616116 1
13 82 1 1.28987 1
13 83 1 0.372582 1
13 84 1 -0.568907 1
13 85 1 0.991829 1
13 86 1 5.00505 1
13 87 1 4.06923 1
13 88 1 2.05388 1
13 89 1 -0.262486 1
13 90 1 -5.15644 1
13 91 1 -2.59066 1
13 92 1 -2.78453 1
13 93 1 -3.06248 1
13 94 1 -0.456556 1
13 95 1 -2.58022 1
14 64 1 -1.52491 1
14 65 1 2.63356 1
14 66 1 1.8694 1
14 67 1 -2.79389 1
14 68 1 -2.79735 1
14 69 1 3.3648 1
14 70 1 -0.706032 1
14 71 1 3.07847 1
14 72 1 0.569238 1
14 73 1 0.225552 1
14 74 1 3.11904 1
14 75 1 1.1447 1
14 76 1 -0.599877 1
14 77 1 -0.847667 1
14 78 1 -1.7685 1
14 79 1 0.288991 1
14 80 1 0.403762 1
14 81 1 3.48747 0
14 82 1 2.12006 1
14 83 1 -0.833364 1
14 84 1 -0.570712 1
14 85 1 -1.31673 1
14 86 1 1.59074 1
14 87 1 -0.195302 1
14 88 1 -1.58721 1
14 89 1 -1.52731 1
14 90 1 1.06426 1
14 91 1 3.43328 1
14 92 1 0.407275 1
14 93 1 2.15375 1
14 94 1 2.5312 1
14 95 1 -2.76708 1
14 104 1 -0.178954 1
14 119 1 -0.0057236 1
119 81 1 3.65648 1
15 64 1 -0.579587 1
15 65 1 1.42271 1
15 66 1 -1.43639 1
15 67 1 -0.363476 1
15 68 1 -0.0269093 1
15 69 1 -0.0153505 1
15 70 1 4.33787 1
15 71 1 -0.414072 1
15 72 1 -2.69447 1
15 73 1 -1.50997 1
15 74 1 -1.60442 1
15 75 1 -1.68559 1
15 76 1 -0.39424 1
15 77 1 1.91526 1
15 78 1 -2.53396 1
15 79 1 -0.584703 1
15 80 1 0.588903 1
15 81 1 2.90193 1
15 82 1 -4.61933 1
15 83 1 0.861075 1
15 84 1 0.923971 1
15 85 1 -1.57519 1
15 86 1 0.789379 1
15 87 1 -3.12331 1
15 88 1 0.535107 1
15 89 1 0.0201042 1
15 90 1 0.12886 1
15 91 1 -1.26574 1
15 92 1 -0.349298 1
15 93 1 0.47329 1
15 94 1 2.72538 1
15 95 1 1.23305 1
16 64 1 1.55652 1
16 65 1 -1.6384 1
16 66 1 -2.91686 1
16 67 1 0.0899805 1
16 68 1 2.2104 1
16 69 1 0.896227 1
16 70 1 2.80556 1
16 71 1 2.86634 1
16 72 1 -1.48075 1
16 73 1 -2.07043 1
16 74 1 1.51839 1
16 75 1 -0.549357 1
16 76 1 -0.64376 1
16 77 1 1.82471 1
16 78 1 -1.39005 1
16 79 1 -2.05148 1
16 80 1 -2.37049 1
16 81 1 0.907333 1
16 82 1 -0.892768 1
16 83 1 -0.601297 1
16 84 1 -0.238387 1
16 85 1 1.57131 1
16 86 1 -2.9262 1
16 87 1 -0.951084 1
16 88 1 0.855917 1
16 89 1 0.555827 1
16 90 1 0.574541 1
16 91 1 2.69232 1
16 92 1 3.26159 1
16 93 1 -0.0163591 1
16 94 1 -0.261277 1
16 95 1 -3.53623 1
17 64 1 -4.0935 1
17 65 1 -1.72146 1
17 66 1 -1.788 1
17 67 1 3.07951 1
17 68 1 0.159406 1
17 69 1 -0.691027 1
17 70 1 0.635259 1
17 71 1 3.31256 1
17 72 1 -6.04906 1
17 73 1 1.81322 1
17 74 1 1.96509 1
17 75 1 0.998723 1
17 76 1 -3.83766 1
17 77 1 0.617829 1
17 78 1 0.769472 1
17 79 1 -3.22331 1
17 80 1 2.32797 1
17 81 1 2.36593 1
17 82 1 -0.788196 1
17 83 1 -1.37431 1
17 84 1 -4.24933 1
17 85 1 0.789275 1
17 86 1 3.00148 1
17 87 1 0.246126 1
17 88 1 -3.02435 1
17 89 1 -2.03434 1
17 90 1 -3.69772 1
17 91 1 2.21727 1
17 92 1 0.417847 1
17 93 1 0.955144 1
17 94 1 3.559 1
17 95 1 -1.03256 1
18 64 1 -0.185431 1
18 65 1 0.456238 1
18 66 1 3.04347 1
18 67 1 -0.0324346 1
18 68 1 0.289888 1
18 69 1 0.390413 1
18 70 1 0.89805 1
18 71 1 -0.489433 1
18 72 1 2.67673 1
18 73 1 -1.89775 1
18 74 1 1.28283 1
18 75 1 -0.594997 1
18 76 1 1.22768 1
18 77 1 1.22583 1
18 78 1 1.87758 1
18 79 1 0.0219475 1
18 80 1 -0.471631 1
18 81 1 2.98404 1
18 82 1 -2.08899 1
18 83 1 0.0218577 1
18 84 1 -1.80713 1
18 85 1 -0.688102 1
18 86 1 3.28239 1
18 87 1 -1.29252 1
18 88 1 1.9608 1
18 89 1 -0.498024 1
18 90 1 0.797427 1
18 91 1 0.136389 1
18 92 1 -0.709436 1
18 93 1 1.02274 1
18 94 1 -0.708737 1
18 95 1 -0.732827 1
18 25 1 0.583581 1
19 64 1 -0.24575 1
19 65 1 -1.76758 1
19 66 1 1.73433 1
19 67 1 -2.41489 1
19 68 1 -1.54242 1
19 69 1 2.42184 1
19 70 1 -0.236721 1
19 71 1 -0.0592257 1
19 72 1 2.77545 1
19 73 1 0.303635 1
19 74 1 -0.169591 1
19 75 1 0.69133 1
19 76 1 -1.90793 1
19 77 1 0.540798 1
19 78 1 -1.41077 1
19 79 1 0.787224 1
19 80 1 -0.480351 1
19 81 1 -2.17284 1
19 82 1 0.780657 1
19 83 1 -2.2407 1
19 84 1 1.27129 1
19 85 1 -0.424246 1
19 86 1 0.697229 1
19 87 1 2.20122 1
19 88 1 1.78292 1
19 89 1 3.94183 1
19 90 1 -0.6444 1
19 91 1 0.510036 1
19 92 1 1.55902 1
19 93 1 -3.6492 1
19 94 1 -2.3418 1
19 95 1 -3.73144 1
20 64 1 1.74556 1
20 65 1 1.17558 1
20 66 1 0.0555099 1
20 67 1 1.65884 1
20 68 1 0.125397 1
20 69 1 -0.982331 1
20 70 1 -2.38118 1
20 71 1 0.217504 1
20 72 1 1.34221 1
20 73 1 -0.128697 1
20 74 1 1.96636 1
20 75 1 2.89795 1
20 76 1 0.547812 1
20 77 1 -1.80238 1
20 78 1 0.692644 1
20 79 1 1.04059 1
20 80 1 -1.04058 1
20 81 1 -2.52861e-05 1
20 82 1 3.04896 1
20 83 1 2.63643 1
20 84 1 0.831093 1
20 85 1 -0.634837 1
20 86 1 0.117542 1
20 87 1 -0.0717273 1
20 88 1 1.22368 1
20 89 1 0.485914 1
20 90 1 1.48453 1
20 91 1 -0.857088 0
20 92 1 -2.86229 1
20 93 1 0.958225 0
20 94 1 2.39218 0
20 95 1 -0.767573 1
20 96 1 -1.89224 1
20 98 1 -0.273951 1
20 103 1 -0.103791 1
103 91 1 0.635915 0
103 105 1 2.02767 1
103 112 1 1.04607 1
103 123 1 0.750682 1
123 91 1 0.132663 1
105 91 1 0.465395 1
98 93 1 -0.624644 1
98 99 1 0.656071 1
96 94 1 0.939229 1
21 64 1 0.31758 1
21 65 1 1.59214 1
21 66 1 -3.03091 1
21 67 1 -2.06009 1
21 68 1 -1.09846 1
21 69 1 4.21249 1
21 70 1 -0.683475 1
21 71 1 -2.14915 1
21 72 1 -3.76379 1
21 73 1 -0.26891 1
21 74 1 -0.949203 1
21 75 1 -1.3904 1
21 76 1 -0.76415 1
21 77 1 0.650019 1
21 78 1 -3.26789 1
21 79 1 -1.48879 1
21 80 1 0.540712 1
21 81 1 -0.607899 1
21 82 1 0.0454249 1
21 83 1 0.0108998 1
21 84 1 4.76627 1
21 85 1 -0.822806 1
21 86 1 0.192896 1
21 87 1 0.533872 1
21 88 1 2.29981 1
21 89 1 2.64035 1
21 90 1 0.542475 1
21 91 1 -2.56099 1
21 92 1 1.6502 1
21 93 1 0.754459 1
21 94 1 -0.54873 1
21 95 1 1.13746 1
22 64 1 0.0583083 1
22 65 1 1.89995 1
22 66 1 1.42645 1
22 67 1 3.2607 1
22 68 1 -0.994329 1
22 69 1 -1.76039 1
22 70 1 -0.587057 1
22 71 1 1.19875 1
22 72 1 -1.45549 1
22 73 1 -0.0797972 1
22 74 1 -1.41981 1
22 75 1 0.100715 1
22 76 1 1.42003 1
22 77 1 0.30074 1
22 78 1 0.553221 1
22 79 1 1.69409 1
22 80 1 -1.20714 1
22 81 1 -2.84643 1
22 82 1 1.72349 1
22 83 1 -0.130294 1
22 84 1 -1.05141 1
22 85 1 -1.861 1
22 86 1 2.07263 1
22 87 1 2.21701 1
22 88 1 -1.46437 1
22 89 1 -0.0872568 1
22 90 1 2.31699 1
22 91 1 1.53801 1
22 92 1 -0.00280102 1
22 93 1 1.58232 1
22 94 1 2.60371 1
22 95 1 3.40284 1
23 64 1 -1.64703 1
23 65 1 0.869903 1
23 66 1 0.380664 1
23 67 1 0.588837 1
23 68 1 -2.4784 1
23 69 1 0.181204 1
23 70 1 2.6728 1
23 71 1 -3.77178 1
23 72 1 0.918841 1
23 73 1 -0.959263 1
23 74 1 2.77547 1
23 75 1 0.9754 1
23 76 1 -0.884967 1
23 77 1 2.9768 1
23 78 1 1.40059 1
23 79 1 -3.85371 1
23 80 1 0.784998 1
23 81 1 -0.302725 1
23 82 1 -1.53579 1
23 83 1 1.1248 1
23 84 1 1.51085 1
23 85 1 1.09159 1
23 86 1 -5.72747 1
23 87 1 -0.372195 1
23 88 1 0.799288 1
23 89 1 -1.13581 1
23 90 1 -1.16494 1
23 91 1 -0.181912 1
23 92 1 0.486218 1
23 93 1 1.44119 1
23 94 1 -1.61498 1
23 95 1 -1.87156 1
23 107 1 0.449184 1
24 64 1 -2.52223 1
24 65 1 1.12025 1
24 66 1 -0.243472 1
24 67 1 2.94748 1
24 68 1 -2.79732 0
24 69 1 0.768159 1
24 70 1 0.430129 1
24 71 1 4.64826 1
24 72 1 -0.283826 1
24 73 1 0.794417 1
24 74 1 0.190808 1
24 75 1 -0.393348 1
24 76 1 1.70358 1
24 77 1 -1.15319 1
24 78 1 -2.22655 1
24 79 1 0.299023 1
24 80 1 -0.421702 1
24 81 1 0.663623 1
24 82 1 1.21688 1
24 83 1 -2.99094 1
24 84 1 -1.93655 1
24 85 1 -0.845678 1
24 86 1 -2.5834 1
24 87 1 2.4099 1
24 88 1 -1.44044 1
24 89 1 2.92452 1
24 90 1 2.198 1
24 91 1 -1.48674 1
24 92 1 0.446418 1
24 93 1 -0.208353 1
24 94 1 0.07682 1
24 95 1 1.62592 1
24 5 1 2.74458 1
24 125 1 0.946807 1
125 68 1 -2.72275 1
25 64 1 -0.481245 1
25 65 1 1.95749 1
25 66 1 -0.0771451 1
25 67 1 -0.195326 1
25 68 1 4.99139 1
25 69 1 -4.54027 1
25 70 1 4.64087 0
25 71 1 -4.12103 1
25 72 1 0.374038 1
25 73 1 -0.401506 1
25 74 1 1.03282 1
25 75 1 -1.02789 1
25 76 1 0.868639 1
25 77 1 0.57361 1
25 78 1 1.37726 1
25 79 1 -0.615401 1
25 80 1 2.38565 1
25 81 1 -1.34335 1
25 82 1 -2.0689 1
25 83 1 1.47071 1
25 84 1 -3.2108 1
25 85 1 -1.19333 1
25 86 1 1.65988 1
25 87 1 0.926674 1
25 88 1 -1.00098 1
25 89 1 2.53141 1
25 90 1 -3.71497 1
25 91 1 -0.216587 1
25 92 1 -0.109412 1
25 93 1 1.14692 1
25 94 1 0.959289 1
25 95 1 -4.62217 1
25 8 1 0.15196 1
25 6 1 -0.738286 1
25 121 1 0.37816 1
121 70 1 5.38064 1
26 64 1 -2.08121 1
26 65 1 1.84498 1
26 66 1 1.18967 1
26 67 1 2.59563 1
26 68 1 1.65926 1
26 69 1 2.30763 1
26 70 1 -2.27677 1
26 71 1 -0.676211 1
26 72 1 -1.58691 1
26 73 1 -0.749107 1
26 74 1 -2.20663 1
26 75 1 2.98689 1
26 76 1 -0.390302 1
26 77 1 -3.29354 1
26 78 1 1.78589 1
26 79 1 -3.03184 1
26 80 1 -0.67462 1
26 81 1 3.08144 1
26 82 1 -0.245183 1
26 83 1 2.55519 1
26 84 1 -0.859389 1
26 85 1 -0.980954 1
26 86 1 -3.22556 1
26 87 1 0.850989 1
26 88 1 -2.05854 1
26 89 1 -0.461312 1
26 90 1 -2.43117 1
26 91 1 -3.8646 1
26 92 1 -1.34058 1
26 93 1 -0.208055 1
26 94 1 0.888923 1
26 95 1 -0.917813 1
26 23 1 1.88165 1
26 15 1 -0.682138 1
27 64 1 -4.69817 1
27 65 1 3.11625 1
27 66 1 1.80529 1
27 67 1 -0.114205 1
27 68 1 -1.22135 1
27 69 1 0.324178 1
27 70 1 3.38906 1
27 71 1 -4.9694 1
27 72 1 -1.46171 1
27 73 1 1.18872 1
27 74 1 -1.59801 1
27 75 1 0.891474 1
27 76 1 -0.368461 1
27 77 1 -2.44917 1
27 78 1 1.70339 1
27 79 1 1.3639 1
27 80 1 -1.26677 1
27 81 1 -0.909069 1
27 82 1 -0.275573 1
27 83 1 -1.98091 1
27 84 1 1.10485 1
27 85 1 0.137486 1
27 86 1 -2.58251 1
27 87 1 1.18655 1
27 88 1 -3.63813 1
27 89 1 -1.85505 1
27 90 1 -0.215922 1
27 91 1 0.358903 1
27 92 1 -1.29286 1
27 93 1 -1.35705 1
27 94 1 1.0167 1
27 95 1 -0.324515 1
27 9 1 1.42471 1
28 64 1 1.47551 1
28 65 1 -0.225054 1
28 66 1 -0.406509 1
28 67 1 1.74193 1
28 68 1 1.96443 1
28 69 1 3.41856 1
28 70 1 -0.677642 1
28 71 1 -1.49584 1
28 72 1 -1.80212 1
28 73 1 0.626429 1
28 74 1 0.572428 1
28 75 1 -0.240976 1
28 76 1 -0.0674041 1
28 77 1 -0.317162 1
28 78 1 -1.34261 1
28 79 1 1.02163 1
28 80 1 3.77485 1
28 81 1 -0.467827 1
28 82 1 1.78413 1
28 83 1 1.33344 1
28 84 1 -0.476513 1
28 85 1 -5.86146 1
28 86 1 -1.28207 1
28 87 1 -2.45845 1
28 88 1 -3.26835 1
28 89 1 -1.50548 1
28 90 1 -3.71554 1
28 91 1 -1.1004 1
28 92 1 0.191388 1
28 93 1 -0.812896 1
28 94 1 3.06661 1
28 95 1 -1.97526 1
29 64 1 -0.859407 1
29 65 1 0.129832 1
29 66 1 1.44067 1
29 67 1 1.80914 1
29 68 1 -1.53432 1
29 69 1 2.29996 1
29 70 1 0.597422 1
29 71 1 -1.02299 1
29 72 1 0.961212 1
29 73 1 -0.696305 1
29 74 1 0.436295 1
29 75 1 0.642352 1
29 76 1 -0.0536439 1
29 77 1 -0.204641 1
29 78 1 -4.55395 1
29 79 1 -1.11229 1
29 80 1 -0.342943 1
29 81 1 3.0531 1
29 82 1 -1.63662 1
29 83 1 -1.26615 1
29 84 1 1.21774 1
29 85 1 -1.39557 1
29 86 1 -0.00648458 1
29 87 1 -4.20244 1
29 88 1 -0.413935 1
29 89 1 -1.4246 1
29 90 1 -3.1598 1
29 91 1 0.711353 1
29 92 1 0.619635 1
29 93 1 1.29642 1
29 94 1 -1.69199 1
29 95 1 -0.940169 1
30 64 1 0.49677 1
30 65 1 1.22877 1
30 66 1 -0.352007 1
30 67 1 0.542639 1
30 68 1 2.25912 1
30 69 1 0.49904 1
30 70 1 -0.0433702 1
30 71 1 0.0861366 1
30 72 1 -0.105351 1
30 73 1 3.79532 1
30 74 1 1.04585 1
30 75 1 1.70082 1
30 76 1 -0.331986 1
30 77 1 -0.0863382 1
30 78 1 1.3359 1
30 79 1 1.05586 1
30 80 1 0.957686 1
30 81 1 -1.43684 1
30 82 1 1.37677 1
30 83 1 3.43222 1
30 84 1 1.1077 1
30 85 1 -1.66094 1
30 86 1 -0.461206 1
30 87 1 -3.93248 1
30 88 1 -0.254875 1
30 89 1 -2.38405 1
30 90 1 1.57205 1
30 91 1 3.82749 1
30 92 1 1.1368 1
30 93 1 1.8128 1
30 94 1 2.12286 1
30 95 1 0.364438 1
31 64 1 0.847581 1
31 65 1 0.106102 1
31 66 1 -0.809561 1
31 67 1 5.50782 1
31 68 1 3.60078 1
31 69 1 2.24637 1
31 70 1 -1.70532 1
31 71 1 1.58374 1
31 72 1 -1.08178 1
31 73 1 -1.9816 1
31 74 1 -0.855858 1
31 75 1 -1.03656 1
31 76 1 0.28371 1
31 77 1 -0.762834 1
31 78 1 -2.1853 1
31 79 1 1.24311 1
31 80 1 -1.38623 1
31 81 1 -1.14635 1
31 82 1 1.84885 1
31 83 1 -1.24641 1
31 84 1 -1.81462 1
31 85 1 -1.80804 1
31 86 1 1.07249 1
31 87 1 1.50924 0
31 88 1 0.440556 1
31 89 1 -0.414059 1
31 90 1 1.19051 1
31 91 1 1.1634 1
31 92 1 -1.86357 1
31 93 1 1.27357 1
31 94 1 -0.68195 1
31 95 1 -0.198293 1
31 122 1 1.25634 1
122 87 1 0.901454 1
32 64 1 4.3122 1
32 65 1 1.16611 1
32 66 1 -1.92924 1
32 67 1 3.36851 1
32 68 1 0.280788 1
32 69 1 3.35451 1
32 70 1 -0.475518 1
32 71 1 0.621506 1
32 72 1 -4.18188 1
32 73 1 -0.250014 1
32 74 1 -1.21504 1
32 75 1 1.89036 1
32 76 1 -1.66376 1
32 77 1 0.42766 1
32 78 1 -0.843937 1
32 79 1 1.48022 1
32 80 1 1.08562 1
32 81 1 -1.63167 1
32 82 1 -1.03955 1
32 83 1 0.171191 1
32 84 1 0.296653 1
32 85 1 -3.12578 1
32 86 1 -1.9399 1
32 87 1 1.19453 1
32 88 1 -2.01268 1
32 89 1 -0.993113 1
32 90 1 -1.31677 1
32 91 1 -1.89039 1
32 92 1 2.75141 1
32 93 1 -3.17649 1
32 94 1 0.695376 1
32 95 1 -2.2383 1
33 64 1 1.03917 1
33 65 1 -4.04296 1
33 66 1 -0.758387 1
33 67 1 -1.10161 1
33 68 1 -1.17234 1
33 69 1 -1.63306 1
33 70 1 2.87419 1
33 71 1 1.19258 1
33 72 1 0.154992 1
33 73 1 2.29294 1
33 74 1 0.004592 1
33 75 1 -1.60534 1
33 76 1 0.486361 1
33 77 1 3.37154 1
33 78 1 -2.42392 1
33 79 1 0.207347 1
33 80 1 2.19101 1
33 81 1 -2.12556 1
33 82 1 -0.955173 1
33 83 1 -0.654809 1
33 84 1 1.3953 1
33 85 1 1.22353 1
33 86 1 0.451997 1
33 87 1 1.66845 1
33 88 1 3.23427 1
33 89 1 2.29971 1
33 90 1 -1.89133 1
33 91 1 1.83157 1
33 92 1 2.69851 1
33 93 1 3.63446 1
33 94 1 0.0197479 1
33 95 1 -0.973631 1
33 20 1 -0.864233 1
33 107 1 -0.236182 1
34 64 1 1.25715 1
34 65 1 0.342181 1
34 66 1 1.08371 1
34 67 1 1.83884 1
34 68 1 1.70216 1
34 69 1 0.782482 1
34 70 1 -0.653701 1
34 71 1 -0.320502 1
34 72 1 -1.16803 1
34 73 1 -0.317382 1
34 74 1 1.66786 1
34 75 1 3.82883 1
34 76 1 -3.56766 1
34 77 1 0.80218 1
34 78 1 0.279292 1
34 79 1 1.3845 1
34 80 1 1.39717 1
34 81 1 -0.0170546 1
34 82 1 0.618616 1
34 83 1 1.21644 1
34 84 1 0.153046 1
34 85 1 -0.339601 1
34 86 1 0.41596 1
34 87 1 -0.368187 1
34 88 1 2.30555 1
34 89 1 -0.589988 1
34 90 1 -2.07946 1
34 91 1 1.13491 1
34 92 1 -0.308019 1
34 93 1 -3.94242 1
34 94 1 1.58901 1
34 95 1 0.410638 1
35 64 1 -1.33089 1
35 65 1 0.0870987 1
35 66 1 0.334864 1
35 67 1 -0.0962906 1
35 68 1 0.852035 1
35 69 1 3.76655 1
35 70 1 -0.169827 1
35 71 1 1.32775 1
35 72 1 -0.175881 1
35 73 1 2.90378 1
35 74 1 3.66655 1
35 75 1 -0.0832811 1
35 76 1 -0.849841 1
35 77 1 2.32661 1
35 78 1 -3.88122 1
35 79 1 -2.76602 1
35 80 1 -5.53615 1
35 81 1 0.135819 1
35 82 1 1.85141 1
35 83 1 0.472941 1
35 84 1 1.94 1
35 85 1 -2.50826 1
35 86 1 -0.924942 1
35 87 1 0.0930229 1
35 88 1 0.814242 1
35 89 1 2.18184 1
35 90 1 -2.5762 1
35 91 1 -2.7356 1
35 92 1 -0.441157 1
35 93 1 1.36498 1
35 94 1 -1.86407 1
35 95 1 -0.0600526 1
36 64 1 -1.02191 1
36 65 1 -0.644687 1
36 66 1 -0.607061 1
36 67 1 0.637675 1
36 68 1 -0.89499 1
36 69 1 0.558411 1
36 70 1 0.84416 1
36 71 1 3.18791 1
36 72 1 0.509164 1
36 73 1 0.193962 1
36 74 1 1.4045 1
36 75 1 -0.37177 1
36 76 1 0.737281 1
36 77 1 -0.873745 1
36 78 1 1.62751 1
36 79 1 2.99886 1
36 80 1 0.288577 1
36 81 1 1.74774 1
36 82 1 -0.762631 0
36 83 1 0.129094 1
36 84 1 0.449906 1
36 85 1 -4.15508 1
36 86 1 -0.517914 1
36 87 1 -1.09019 1
36 88 1 1.95318 1
36 89 1 -1.35172 1
36 90 1 -1.88333 1
36 91 1 0.872931 1
36 92 1 2.89016 1
36 93 1 -0.116137 1
36 94 1 -3.40804 1
36 95 1 2.81018 1
36 109 1 0.998998 0
36 24 1 -0.677023 1
36 117 1 0.761514 1
117 109 1 2.16876 1
109 82 1 0.810524 1
109 31 1 -1.23437 1
37 64 1 -2.34752 1
37 65 1 -0.218053 1
37 66 1 -1.81744 1
37 67 1 -2.7885 1
37 68 1 -3.24229 1
37 69 1 1.0669 1
37 70 1 -1.84088 1
37 71 1 -2.174 1
37 72 1 0.989142 1
37 73 1 -0.555106 1
37 74 1 -0.232547 1
37 75 1 -0.536595 1
37 76 1 2.19624 1
37 77 1 0.27697 1
37 78 1 0.90362 1
37 79 1 -0.352297 1
37 80 1 1.91645 1
37 81 1 1.06763 1
37 82 1 5.70869 1
37 83 1 -0.0150682 1
37 84 1 -1.7317 1
37 85 1 2.03263 1
37 86 1 -1.50931 1
37 87 1 -1.77988 1
37 88 1 -2.8715 1
37 89 1 0.369601 1
37 90 1 -0.562148 1
37 91 1 -1.16027 1
37 92 1 2.17317 1
37 93 1 -0.35825 1
37 94 1 -1.594 1
37 95 1 0.843947 1
38 64 1 0.801758 1
38 65 1 -2.00784 1
38 66 1 0.183842 1
38 67 1 -0.429178 1
38 68 1 0.626462 1
38 69 1 -0.781942 1
38 70 1 1.26762 1
38 71 1 0.803607 1
38 72 1 -0.15681 1
38 73 1 -0.127643 1
38 74 1 0.766903 1
38 75 1 1.92608 1
38 76 1 2.39346 1
38 77 1 -1.29197 1
38 78 1 -1.2282 1
38 79 1 0.644894 1
38 80 1 -2.15851 1
38 81 1 0.0293807 1
38 82 1 -0.097804 1
38 83 1 0.0261435 1
38 84 1 -1.70632 1
38 85 1 -0.821069 1
38 86 1 -1.36796 1
38 87 1 0.0360507 1
38 88 1 1.83947 1
38 89 1 2.64455 1
38 90 1 -1.77556 1
38 91 1 1.95674 1
38 92 1 0.305524 1
38 93 1 1.08941 1
38 94 1 -0.013228 1
38 95 1 -3.3817 1
39 64 1 0.663999 1
39 65 1 -2.80074 1
39 66 1 -0.0855639 1
39 67 1 -2.74461 1
39 68 1 -0.731403 1
39 69 1 0.114884 1
39 70 1 -0.45445 1
39 71 1 0.56265 1
39 72 1 -0.744931 1
39 73 1 -1.2996 1
39 74 1 2.80513 1
39 75 1 0.652629 0
39 76 1 0.524954 1
39 77 1 -1.5351 1
39 78 1 -1.22251 1
39 79 1 -1.0127 1
39 80 1 -0.841645 1
39 81 1 -2.13617 1
39 82 1 -0.257971 1
39 83 1 0.315061 1
39 84 1 0.742597 1
39 85 1 -0.436619 1
39 86 1 2.15329 1
39 87 1 1.21614 1
39 88 1 -2.26765 1
39 89 1 1.09348 1
39 90 1 3.35644 1
39 91 1 -4.12465 1
39 92 1 3.79846 1
39 93 1 -1.57776 1
39 94 1 -1.28522 1
39 95 1 0.464395 1
39 2 1 -2.39147 1
39 112 1 2.26728 1
112 75 1 -1.07354 1
40 64 1 -5.88908 1
40 65 1 -0.329568 1
40 66 1 -1.67517 1
40 67 1 0.530897 1
40 68 1 5.03414 1
40 69 1 -1.08444 1
40 70 1 -1.7738 1
40 71 1 0.381805 1
40 72 1 4.38625 1
40 73 1 0.410015 1
40 74 1 -0.186065 1
40 75 1 -1.4612 1
40 76 1 -0.797465 1
40 77 1 2.73827 1
40 78 1 3.60757 1
40 79 1 -1.24796 1
40 80 1 0.746942 1
40 81 1 0.0187993 1
40 82 1 -0.0628912 1
40 83 1 -1.50843 1
40 84 1 -0.511078 1
40 85 1 1.30147 1
40 86 1 -0.855427 1
40 87 1 0.91064 1
40 88 1 -0.771748 1
40 89 1 -1.01181 1
40 90 1 0.5189 1
40 91 1 -0.495281 1
40 92 1 0.702142 1
40 93 1 1.74697 1
40 94 1 -0.988865 1
40 95 1 0.503715 1
41 64 1 5.14982 1
41 65 1 -1.21889 1
41 66 1 0.0857698 1
41 67 1 -3.11699 1
41 68 1 -1.50701 1
41 69 1 -0.8573 1
41 70 1 1.47252 1
41 71 1 1.26501 1
41 72 1 3.29901 1
41 73 1 -3.14603 1
41 74 1 -1.04888 1
41 75 1 0.314926 1
41 76 1 -0.278566 1
41 77 1 -0.912261 1
41 78 1 -1.38008 1
41 79 1 -1.98435 1
41 80 1 1.99156 1
41 81 1 0.191694 1
41 82 1 0.075392 1
41 83 1 1.25954 1
41 84 1 0.848342 1
41 85 1 0.633375 1
41 86 1 0.574374 1
41 87 1 0.504431 1
41 88 1 4.55261 1
41 89 1 -0.538436 1
41 90 1 -1.27619 1
41 91 1 0.998866 1
41 92 1 -0.535712 1
41 93 1 -0.329778 1
41 94 1 0.216583 1
41 95 1 -2.28126 1
41 11 1 1.13973 1
41 29 1 -0.663924 1
42 64 1 -0.0338639 1
42 65 1 0.747023 1
42 66 1 0.124398 1
42 67 1 1.14906 1
42 68 1 -0.0150076 1
42 69 1 -0.984995 1
42 70 1 -2.3947 1
42 71 1 -0.193045 1
42 72 1 -2.89384 1
42 73 1 -3.12697 1
42 74 1 1.08719 1
42 75 1 0.474925 1
42 76 1 -1.1437 1
42 77 1 -0.552053 1
42 78 1 -1.41342 1
42 79 1 0.648585 1
42 80 1 -0.446538 1
42 81 1 0.292094 1
42 82 1 2.14319 1
42 83 1 1.80653 1
42 84 1 2.22395 1
42 85 1 0.193825 1
42 86 1 -0.700308 1
42 87 1 -1.57491 1
42 88 1 -0.42965 1
42 89 1 0.1321 1
42 90 1 1.08577 1
42 91 1 1.72818 1
42 92 1 -2.67884 1
42 93 1 1.35401 1
42 94 1 -2.66817 1
42 95 1 -0.0268974 1
43 64 1 1.22658 1
43 65 1 -1.11538 1
43 66 1 2.19052 1
43 67 1 1.20939 1
43 68 1 -0.877198 1
43 69 1 -1.07937 1
43 70 1 0.711242 1
43 71 1 -3.16566 1
43 72 1 -2.57119 1
43 73 1 -4.08582 1
43 74 1 1.25073 1
43 75 1 -1.45693 1
43 76 1 2.50287 1
43 77 1 1.56668 1
43 78 1 0.606607 1
43 79 1 -0.0720529 1
43 80 1 -0.294357 1
43 81 1 1.08802 1
43 82 1 0.758846 1
43 83 1 -0.189713 1
43 84 1 1.08243 1
43 85 1 1.89646 1
43 86 1 -1.84351 1
43 87 1 3.57406 1
43 88 1 -1.14576 1
43 89 1 1.93594 1
43 90 1 0.31993 1
43 91 1 -3.00434 1
43 92 1 2.18812 1
43 93 1 2.67034 1
43 94 1 -2.82762 1
43 95 1 -1.08458 1
44 64 1 2.09732 1
44 65 1 -2.55766 1
44 66 1 -0.048381 1
44 67 1 -1.44757 1
44 68 1 -1.34832 1
44 69 1 0.526315 1
44 70 1 1.64322 1
44 71 1 0.806117 1
44 72 1 -2.42525 1
44 73 1 0.956479 1
44 74 1 -1.71129 1
44 75 1 -1.40911 1
44 76 1 -0.0263762 1
44 77 1 0.574365 1
44 78 1 1.07076 1
44 79 1 1.36522 1
44 80 1 4.91193 1
44 81 1 -2.0405 1
44 82 1 3.10227 1
44 83 1 -0.589595 1
44 84 1 2.30439 1
44 85 1 0.814399 1
44 86 1 1.70385 1
44 87 1 -0.298582 1
44 88 1 -0.825379 1
44 89 1 -1.33912 1
44 90 1 1.18647 1
44 91 1 -0.317071 1
44 92 1 -0.659861 1
44 93 1 0.65343 1
44 94 1 0.199597 1
44 95 1 -1.55937 1
44 8 1 1.2357 1
44 29 1 -0.280687 1
45 64 1 -1.04997 1
45 65 1 1.18913 1
45 66 1 1.4384 1
45 67 1 -1.72062 1
45 68 1 -3.06607 1
45 69 1 -4.58654 1
45 70 1 -3.05318 1
45 71 1 1.0311 1
45 72 1 -2.65992 1
45 73 1 2.78807 1
45 74 1 2.94137 1
45 75 1 2.74232 1
45 76 1 0.671414 1
45 77 1 -0.539629 1
45 78 1 -2.89028 1
45 79 1 0.640671 1
45 80 1 -1.31237 1
45 81 1 0.496997 1
45 82 1 1.74736 1
45 83 1 0.0860254 1
45 84 1 0.784476 1
45 85 1 -2.90796 1
45 86 1 1.40346 1
45 87 1 -1.02719 1
45 88 1 -0.0440092 1
45 89 1 -2.70976 1
45 90 1 -0.0602887 1
45 91 1 0.995507 1
45 92 1 -1.77073 1
45 93 1 -2.16327 1
45 94 1 1.16711 1
45 95 1 -1.14147 1
45 9 1 2.99962 1
46 64 1 0.152648 1
46 65 1 0.381387 1
46 66 1 0.771285 1
46 67 1 2.54014 1
46 68 1 -3.24415 1
46 69 1 -1.16424 1
46 70 1 2.5624 1
46 71 1 0.0882532 1
46 72 1 0.655469 1
46 73 1 -2.39854 1
46 74 1 -2.15468 1
46 75 1 -0.286914 1
46 76 1 -1.54476 1
46 77 1 1.17604 1
46 78 1 -1.00159 1
46 79 1 0.119209 1
46 80 1 2.85721 1
46 81 1 -1.44986 1
46 82 1 -0.919995 1
46 83 1 1.9508 1
46 84 1 -1.11003 1
46 85 1 1.05988 1
46 86 1 -1.3738 1
46 87 1 0.77089 1
46 88 1 -1.88988 1
46 89 1 -2.74554 1
46 90 1 -0.305739 1
46 91 1 -0.44746 1
46 92 1 -1.16192 1
46 93 1 0.816723 1
46 94 1 0.926836 1
46 95 1 1.72755 1
47 64 1 0.181241 1
47 65 1 -0.00235793 1
47 66 1 -0.732392 1
47 67 1 3.12859 1
47 68 1 -0.189331 1
47 69 1 2.60088 1
47 70 1 -1.7115 1
47 71 1 -0.726651 1
47 72 1 1.73634 1
47 73 1 2.62266 1
47 74 1 -1.22111 1
47 75 1 -1.94653 1
47 76 1 -0.227735 1
47 77 1 -5.00597 1
47 78 1 -0.852372 1
47 79 1 -0.322608 1
47 80 1 -0.301885 1
47 81 1 -5.03871 1
47 82 1 0.48415 1
47 83 1 -0.501894 1
47 84 1 -1.11907 1
47 85 1 -0.770692 1
47 86 1 -0.649451 1
47 87 1 0.775789 1
47 88 1 -1.64398 1
47 89 1 0.140738 1
47 90 1 2.49422 1
47 91 1 1.11958 1
47 92 1 -0.185325 1
47 93 1 1.34586 1
47 94 1 0.703196 1
47 95 1 -1.74509 1
47 4 1 0.704513 1
48 64 1 -0.721038 1
48 65 1 -0.261404 1
48 66 1 -1.06286 1
48 67 1 -2.33311 1
48 68 1 -1.47318 1
48 69 1 -4.62862 1
48 70 1 1.53654 1
48 71 1 2.09303 1
48 72 1 -1.27363 1
48 73 1 3.13466 1
48 74 1 2.99666 1
48 75 1 -2.54259 1
48 76 1 1.23746 1
48 77 1 -1.10838 1
48 78 1 1.9426 1
48 79 1 0.0163483 1
48 80 1 0.228756 1
48 81 1 -1.09027 1
48 82 1 0.0885116 1
48 83 1 0.35898 1
48 84 1 -0.828875 1
48 85 1 2.57797 1
48 86 1 0.00561832 1
48 87 1 -1.94639 1
48 88 1 -1.28355 1
48 89 1 0.664743 1
48 90 1 -0.511575 1
48 91 1 1.59106 1
48 92 1 -4.24152 1
48 93 1 -0.752701 1
48 94 1 2.07619 1
48 95 1 -0.844202 1
48 16 1 0.56622 1
48 12 1 -0.892707 1
49 64 1 0.603336 1
49 65 1 -2.12067 1
49 66 1 -0.493754 1
49 67 1 -1.27542 1
49 68 1 0.208655 1
49 69 1 0.925335 1
49 70 1 0.00391673 1
49 71 1 -2.92819 1
49 72 1 -1.80816 1
49 73 1 0.380553 1
49 74 1 0.53925 1
49 75 1 0.976226 1
49 76 1 -3.1799 1
49 77 1 -0.542354 1
49 78 1 -1.68289 1
49 79 1 3.52016 1
49 80 1 4.30543 1
49 81 1 -2.30861 1
49 82 1 1.22849 1
49 83 1 1.09448 1
49 84 1 1.50462 1
49 85 1 -3.32227 1
49 86 1 -0.880575 1
49 87 1 -1.61847 1
49 88 1 -2.59981 1
49 89 1 1.37524 1
49 90 1 0.560723 1
49 91 1 0.697455 1
49 92 1 -0.559044 1
49 93 1 -0.605136 1
49 94 1 0.363745 1
49 95 1 3.13266 1
49 19 1 0.015762 1
50 64 1 -4.17378 1
50 65 1 -2.05131 1
50 66 1 1.66227 1
50 67 1 -3.3479 1
50 68 1 2.02776 1
50 69 1 1.82786 1
50 70 1 3.37359 1
50 71 1 5.18454 1
50 72 1 -2.39413 1
50 73 1 4.81007 1
50 74 1 1.56658 1
50 75 1 1.10835 1
50 76 1 -1.00462 1
50 77 1 -0.136281 1
50 78 1 -0.368607 1
50 79 1 -1.22908 1
50 80 1 0.489187 1
50 81 1 -1.57665 1
50 82 1 -1.13958 1
50 83 1 1.84533 1
50 84 1 -2.2447 1
50 85 1 2.63511 1
50 86 1 -0.570016 1
50 87 1 -1.28652 1
50 88 1 -0.982591 1
50 89 1 1.1703 1
50 90 1 -1.89394 1
50 91 1 -0.820971 1
50 92 1 0.0795448 1
50 93 1 1.28596 1
50 94 1 -2.80484 1
50 95 1 1.66133 1
50 4 1 0.947549 1
50 22 1 -1.58224 1
51 64 1 -0.122836 1
51 65 1 2.84473 1
51 66 1 1.043 1
51 67 1 -1.62241 1
51 68 1 -2.72354 1
51 69 1 0.295398 1
51 70 1 2.00089 1
51 71 1 1.58817 1
51 72 1 -2.6085 1
51 73 1 -1.19883 0
51 74 1 -1.84561 1
51 75 1 5.57928 1
51 76 1 -1.59241 1
51 77 1 -0.472012 1
51 78 1 0.887251 1
51 79 1 1.29455 1
51 80 1 0.709995 1
51 81 1 -1.38787 1
51 82 1 0.273577 1
51 83 1 2.407 1
51 84 1 -1.57595 1
51 85 1 -1.44235 1
51 86 1 -2.26063 1
51 87 1 -0.462739 1
51 88 1 1.03503 1
51 89 1 -0.969501 1
51 90 1 0.797647 1
51 91 1 -1.44271 1
51 92 1 1.39637 1
51 93 1 3.01087 1
51 94 1 -3.86343 1
51 95 1 -0.156478 1
51 116 1 0.786983 1
116 73 1 -0.252293 1
52 64 1 -1.37643 1
52 65 1 3.60695 1
52 66 1 1.73856 1
52 67 1 0.913507 1
52 68 1 -0.724109 1
52 69 1 3.89209 1
52 70 1 3.88576 1
52 71 1 -2.05587 1
52 72 1 -0.681627 1
52 73 1 4.72111 1
52 74 1 2.7399 1
52 75 1 0.227429 1
52 76 1 -2.20082 1
52 77 1 -1.83116 1
52 78 1 -0.0183635 1
52 79 1 -0.00441791 1
52 80 1 -2.24436 1
52 81 1 1.50248 1
52 82 1 -2.02094 1
52 83 1 -1.69328 1
52 84 1 -1.01459 1
52 85 1 0.151233 1
52 86 1 -2.15325 1
52 87 1 2.3322 1
52 88 1 -0.497166 1
52 89 1 -0.76299 1
52 90 1 -0.81308 1
52 91 1 0.61125 1
52 92 1 0.166433 1
52 93 1 -0.419745 1
52 94 1 0.544631 1
52 95 1 0.234935 1
53 64 1 -2.92758 1
53 65 1 -0.201624 1
53 66 1 -0.192141 1
53 67 1 -1.29401 1
53 68 1 1.65477 1
53 69 1 2.77138 1
53 70 1 -1.25163 1
53 71 1 -0.136544 1
53 72 1 1.75701 1
53 73 1 -0.247838 1
53 74 1 1.19646 1
53 75 1 -0.66726 1
53 76 1 1.86896 1
53 77 1 3.02194 1
53 78 1 -0.957599 1
53 79 1 1.44789 1
53 80 1 0.677824 1
53 81 1 1.45044 1
53 82 1 2.35378 1
53 83 1 0.925558 1
53 84 1 1.02419 1
53 85 1 -0.585428 1
53 86 1 -0.40918 1
53 87 1 -0.0535706 1
53 88 1 -2.37959 1
53 89 1 -1.04953 1
53 90 1 -1.47332 1
53 91 1 -0.536285 1
53 92 1 0.979865 1
53 93 1 -0.221432 1
53 94 1 -0.311467 1
53 95 1 -0.688455 1
53 20 1 2.63841 1
54 64 1 2.04352 1
54 65 1 1.66418 1
54 66 1 -0.380399 1
54 67 1 1.06528 1
54 68 1 1.03591 1
54 69 1 -0.890457 1
54 70 1 0.0626227 1
54 71 1 -0.17515 1
54 72 1 0.343819 1
54 73 1 0.228113 1
54 74 1 -1.07875 1
54 75 1 0.61152 1
54 76 1 -0.271951 1
54 77 1 1.44428 1
54 78 1 -0.791336 1
54 79 1 -0.387159 1
54 80 1 0.119798 1
54 81 1 -1.37606 1
54 82 1 -2.38898 1
54 83 1 2.36619 1
54 84 1 1.25491 1
54 85 1 -0.276702 1
54 86 1 -2.19004 1
54 87 1 0.444046 1
54 88 1 3.9313 1
54 89 1 -0.169338 1
54 90 1 -1.9252 1
54 91 1 2.51662 1
54 92 1 -0.578576 1
54 93 1 0.804673 1
54 94 1 -0.951845 1
54 95 1 -0.136827 1
54 30 1 -0.144109 1
55 64 1 -0.385691 1
55 65 1 -1.16548 1
55 66 1 1.03094 1
55 67 1 0.938276 1
55 68 1 -2.2754 1
55 69 1 1.92809 1
55 70 1 2.47675 1
55 71 1 -3.80459 1
55 72 1 0.156038 1
55 73 1 0.334194 1
55 74 1 4.29815 1
55 75 1 -4.27973 1
55 76 1 -3.87076 1
55 77 1 3.18884 1
55 78 1 -3.17777 1
55 79 1 1.68093 1
55 80 1 -0.422965 1
55 81 1 0.218137 1
55 82 1 -1.69292 1
55 83 1 -1.29993 1
55 84 1 -0.835679 1
55 85 1 -1.11787 1
55 86 1 -0.207554 1
55 87 1 2.30007 1
55 88 1 -1.65397 1
55 89 1 -1.22605 1
55 90 1 0.823245 1
55 91 1 1.32714 1
55 92 1 1.53137 1
55 93 1 -3.68466 1
55 94 1 -1.9084 1
55 95 1 -2.58663 0
55 28 1 1.70031 1
55 114 1 0.586684 1
114 95 1 -1.09332 1
56 64 1 0.850894 1
56 65 1 -0.847457 1
56 66 1 -0.00276897 1
56 67 1 -0.634477 1
56 68 1 0.946097 1
56 69 1 0.409693 1
56 70 1 0.62216 1
56 71 1 -0.466813 1
56 72 1 0.338127 1
56 73 1 -1.45052 1
56 74 1 2.87228 1
56 75 1 3.24624 1
56 76 1 -0.888405 1
56 77 1 -1.31129 1
56 78 1 -3.40017 1
56 79 1 0.439827 1
56 80 1 -1.15943 1
56 81 1 2.42272 1
56 82 1 2.48161 1
56 83 1 -2.77449 1
56 84 1 0.443211 1
56 85 1 -0.928495 1
56 86 1 0.972932 1
56 87 1 -2.90681 1
56 88 1 1.81477 1
56 89 1 -2.41411 1
56 90 1 -0.674665 1
56 91 1 0.494107 1
56 92 1 2.48547 1
56 93 1 2.88527 1
56 94 1 -2.54067 1
56 95 1 0.495039 1
56 3 1 -0.675478 1
57 64 1 -2.74729 1
57 65 1 1.01645 1
57 66 1 -2.80279 1
57 67 1 -0.131042 1
57 68 1 3.56604 1
57 69 1 -1.68804 0
57 70 1 1.3904 1
57 71 1 1.59416 1
57 72 1 -1.86313 1
57 73 1 0.0591743 1
57 74 1 0.417244 1
57 75 1 3.25149 1
57 76 1 1.33079 1
57 77 1 -2.80724 1
57 78 1 -1.01852 1
57 79 1 -2.02564 1
57 80 1 2.43841 1
57 81 1 1.7485 1
57 82 1 1.11073 1
57 83 1 -3.52126 1
57 84 1 0.314752 1
57 85 1 -3.62566 1
57 86 1 -0.742567 1
57 87 1 2.67431 1
57 88 1 -2.97619 1
57 89 1 1.07027 1
57 90 1 1.27983 1
57 91 1 -0.690168 1
57 92 1 -1.32497 1
57 93 1 -0.169898 1
57 94 1 1.03928 1
57 95 1 1.84095 1
57 104 1 1.9363 1
57 22 1 1.35679 1
104 69 1 0.366531 1
104 1 1 -0.837033 1
58 64 1 0.830365 1
58 65 1 -2.04277 1
58 66 1 -0.572172 1
58 67 1 -1.75108 1
58 68 1 1.75016 1
58 69 1 -2.33809 1
58 70 1 -1.51935 1
58 71 1 -1.61347 1
58 72 1 0.356409 1
58 73 1 -1.17378 1
58 74 1 2.32277 1
58 75 1 1.12565 1
58 76 1 0.932592 1
58 77 1 -1.37209 1
58 78 1 -2.09817 1
58 79 1 -0.890653 1
58 80 1 -0.306796 1
58 81 1 0.779965 1
58 82 1 0.436039 1
58 83 1 -1.22729 1
58 84 1 0.762696 1
58 85 1 1.33959 1
58 86 1 1.41164 1
58 87 1 -1.22525 1
58 88 1 -2.16844 1
58 89 1 -1.69977 1
58 90 1 -1.42354 1
58 91 1 0.889857 1
58 92 1 2.31575 1
58 93 1 0.180712 1
58 94 1 -3.69069 1
58 95 1 1.85645 1
59 64 1 -0.517729 1
59 65 1 0.531182 1
59 66 1 1.42068 1
59 67 1 -1.1956 1
59 68 1 -0.554283 1
59 69 1 0.394195 1
59 70 1 0.154426 1
59 71 1 1.22405 1
59 72 1 -1.29184 1
59 73 1 -1.61387 1
59 74 1 0.780051 1
59 75 1 0.365549 1
59 76 1 0.116826 1
59 77 1 -1.59797 0
59 78 1 -1.60653 1
59 79 1 -0.655496 1
59 80 1 0.809682 1
59 81 1 -0.188832 1
59 82 1 -1.29787 1
59 83 1 3.68076 1
59 84 1 -1.22243 1
59 85 1 -1.51051 1
59 86 1 -0.864005 1
59 87 1 1.07585 1
59 88 1 4.09649 1
59 89 1 1.55521 1
59 90 1 1.11176 1
59 91 1 -1.78701 1
59 92 1 -0.631223 1
59 93 1 1.40473 1
59 94 1 -1.22305 1
59 95 1 1.72278 1
59 97 1 2.46934 1
59 5 1 -1.51762 1
59 11 1 0.337409 1
97 77 1 -2.38002 1
97 22 1 -2.86124 1
97 2 1 -2.29267 0
97 99 1 2.30682 1
97 7 1 -0.77798 0
97 102 1 2.26162 1
97 17 1 0.411555 1
102 7 1 0.412337 1
99 2 1 0.852467 0
99 108 1 2.26934 1
108 2 1 -1.19021 1
60 64 1 2.56 1
60 65 1 1.07103 1
60 66 1 -0.0598778 1
60 67 1 0.0201287 1
60 68 1 2.40165 1
60 69 1 0.784435 1
60 70 1 -0.987929 1
60 71 1 -1.05056 1
60 72 1 -1.43607 0
60 73 1 -0.460962 1
60 74 1 -0.384491 1
60 75 1 0.886499 1
60 76 1 0.774628 1
60 77 1 1.89569 1
60 78 1 0.0801934 1
60 79 1 0.868958 1
60 80 1 -2.6869 1
60 81 1 -0.858994 1
60 82 1 -2.33682 1
60 83 1 0.968491 1
60 84 1 -1.91898 1
60 85 1 2.24067 1
60 86 1 1.1729 1
60 87 1 0.868413 1
60 88 1 -2.1812 1
60 89 1 -2.08271 1
60 90 1 -1.87183 1
60 91 1 0.453565 1
60 92 1 0.280318 1
60 93 1 1.5498 1
60 94 1 0.473546 1
60 95 1 1.81545 1
60 24 1 -1.84715 1
60 0 1 2.50464 1
60 115 1 0.71446 1
115 72 1 -0.612113 1
61 64 1 -1.03379 1
61 65 1 0.0855579 1
61 66 1 0.489448 1
61 67 1 -0.512853 1
61 68 1 -4.02797 1
61 69 1 1.37555 1
61 70 1 0.19453 1
61 71 1 1.65309 1
61 72 1 -1.48494 1
61 73 1 0.5837 1
61 74 1 1.23112 1
61 75 1 0.794234 1
61 76 1 0.597237 1
61 77 1 0.0320803 0
61 78 1 1.14641 1
61 79 1 -0.961431 1
61 80 1 -1.29667 1
61 81 1 -0.303921 1
61 82 1 -0.158336 1
61 83 1 0.65456 1
61 84 1 -1.20671 1
61 85 1 2.18658 1
61 86 1 -0.147562 1
61 87 1 1.23379 1
61 88 1 0.781893 1
61 89 1 1.33393 1
61 90 1 1.4013 1
61 91 1 0.959924 1
61 92 1 -1.85571 1
61 93 1 -0.960863 1
61 94 1 0.651934 1
61 95 1 0.871669 1
61 107 1 0.314744 1
107 77 1 -3.47334 0
107 113 1 2.12894 1
107 14 1 0.880829 1
113 77 1 -3.70746 1
113 23 1 -0.496859 1
62 64 1 2.00808 1
62 65 1 -1.60655 1
62 66 1 2.721 1
62 67 1 -0.59668 1
62 68 1 0.579265 1
62 69 1 0.204186 1
62 70 1 0.106881 1
62 71 1 -2.00772 1
62 72 1 0.0545129 1
62 73 1 1.14057 1
62 74 1 1.61835 1
62 75 1 -0.778121 1
62 76 1 0.275162 1
62 77 1 -1.38913 1
62 78 1 -3.25879 1
62 79 1 1.584 1
62 80 1 -1.69843 1
62 81 1 -1.63606 1
62 82 1 -0.460397 1
62 83 1 0.883208 1
62 84 1 -0.555674 1
62 85 1 -0.86904 1
62 86 1 3.61882 1
62 87 1 -1.84109 1
62 88 1 -0.00255657 1
62 89 1 -1.76707 1
62 90 1 -5.56953 1
62 91 1 0.928672 1
62 92 1 -0.240477 1
62 93 1 2.89769 1
62 94 1 -0.113986 1
62 95 1 0.570537 1
62 5 1 0.173196 1
63 64 1 3.48118 1
63 65 1 -0.278528 1
63 66 1 2.65152 1
63 67 1 1.22862 1
63 68 1 -0.113273 1
63 69 1 -2.95296 1
63 70 1 -0.0715972 1
63 71 1 2.52547 1
63 72 1 -1.07165 1
63 73 1 -0.233945 1
63 74 1 -2.07026 1
63 75 1 0.243796 1
63 76 1 -1.56198 1
63 77 1 2.32909 1
63 78 1 0.368808 1
63 79 1 -0.922703 1
63 80 1 1.65618 1
63 81 1 0.153232 1
63 82 1 0.422624 1
63 83 1 -0.838252 1
63 84 1 -2.8398 1
63 85 1 -3.65712 1
63 86 1 4.40152 1
63 87 1 -2.0115 1
63 88 1 0.950928 1
63 89 1 -0.376813 1
63 90 1 2.90419 1
63 91 1 -0.279808 1
63 92 1 -0.276012 1
63 93 1 0.290459 1
63 94 1 -1.72483 1
63 95 1 -0.298262 1
