125 64 32
0.724283 -0.67667 -3.36769 5.33372 -2.52576 1.48764 -0.406416 -1.01498 1.64019 2.21206 0.305688 1.09682 -3.1457 -3.62635 0.395614 -2.19122 -0.399672 0.233534 -1.61751 -1.21675 -4.06394 -1.02828 -1.02192 0.189378 0.0759918 1.04151 2.99937 1.91409 -1.07901 -0.450984 -3.76994 0.806101 -0.690082 4.20639 0.42452 0.748603 -2.03978 1.36814 -0.631052 -1.5879 -1.01266 -0.10368 1.31915 -1.93028 -0.380969 0.438865 -1.36282 1.46749 0.631201 -0.00341956 2.78303 -2.59035 -0.885056 1.3425 0.396827 1.98747 -1.85783 -0.188821 0.804537 -1.29148 0.724643 -1.4797 -1.07995 -3.67289 -3.10558 0.56103 1.15881 1.35287 -2.02473 -0.400943 -1.79968 -0.819869 -0.700668 -1.50706 0.845758 0.706594 -1.35598 -0.0877855 -1.18683 -4.09561 0.0865346 0.692531 -1.12543 1.91987 -0.0337685 0.563011 -2.26655 -0.166397 1.99288 -1.10673 -1.56767 0.12389 -2.7315 0.979075 0.642146 -1.6008 -1.32691 -0.116192 -0.488261 -0.871235 1.60615 -1.14858 -4.07342 -1.57471 -1.21609 2.0463 -0.822855 -1.36355 -1.73373 0.10393 -0.474589 0.956094 2.08701 -1.57525 -1.05696 -0.434912 -0.69518 -0.471845 -0.00939971 -0.111852 0.605312 0.466491 0.743106 0.124784 -0.200111 
0 64 1 -2.60398 1
0 65 1 -1.63375 1
0 66 1 -0.569957 1
0 67 1 -1.7046 1
0 68 1 0.86301 1
0 69 1 1.80926 1
0 70 1 -1.03601 1
0 71 1 -0.286599 1
0 72 1 -2.8768 1
0 73 1 -0.146227 1
0 74 1 -2.81489 1
0 75 1 -0.40862 1
0 76 1 1.78202 1
0 77 1 1.05471 1
0 78 1 -1.73079 1
0 79 1 4.23033 1
0 80 1 0.428589 1
0 81 1 2.18165 1
0 82 1 1.97552 1
0 83 1 1.66849 1
0 84 1 -2.46775 1
0 85 1 1.94248 1
0 86 1 -0.720559 1
0 87 1 -2.11066 1
0 88 1 0.753844 1
0 89 1 0.920455 1
0 90 1 2.45465 1
0 91 1 3.24327 1
0 92 1 -2.97204 1
0 93 1 0.11295 1
0 94 1 0.728395 1
0 95 1 0.782422 1
1 64 1 -0.714679 1
1 65 1 1.56637 1
1 66 1 1.66151 1
1 67 1 -0.429415 1
1 68 1 2.95429 1
1 69 1 1.88212 1
1 70 1 1.8136 1
1 71 1 0.611788 1
1 72 1 -0.22005 1
1 73 1 -0.296614 1
1 74 1 -2.85823 1
1 75 1 0.470781 1
1 76 1 0.605767 1
1 77 1 4.99552 1
1 78 1 -2.17046 1
1 79 1 1.49568 1
1 80 1 -1.6755 1
1 81 1 1.55242 1
1 82 1 1.78615 1
1 83 1 -3.95897 1
1 84 1 -0.244944 1
1 85 1 -0.645675 1
1 86 1 -0.0563049 1
1 87 1 -0.478993 1
1 88 1 0.28467 1
1 89 1 0.950178 1
1 90 1 -0.0588579 1
1 91 1 -1.63426 1
1 92 1 0.834852 1
1 93 1 0.606599 1
1 94 1 -2.35559 1
1 95 1 -3.26586 1
2 64 1 -0.347584 1
2 65 1 3.12762 1
2 66 1 -1.0372 1
2 67 1 -2.37549 1
2 68 1 0.598557 1
2 69 1 2.63078 1
2 70 1 0.147624 1
2 71 1 2.55574 1
2 72 1 -1.94646 1
2 73 1 -3.06432 1
2 74 1 -1.76033 1
2 75 1 -0.797304 1
2 76 1 -4.35973 1
2 77 1 0.802671 1
2 78 1 -2.76442 1
2 79 1 -3.08306 1
2 80 1 1.21983 1
2 81 1 -4.42442 1
2 82 1 0.639295 1
2 83 1 -1.93534 1
2 84 1 0.466316 1
2 85 1 2.37223 1
2 86 1 -0.884384 1
2 87 1 -0.914173 1
2 88 1 0.0301297 1
2 89 1 -4.57446 1
2 90 1 -1.36961 1
2 91 1 -2.3644 1
2 92 1 1.52956 1
2 93 1 -3.66067 1
2 94 1 1.72425 1
2 95 1 -1.59486 1
2 100 1 -0.389608 1
2 6 1 3.97167 1
3 64 1 -2.30951 1
3 65 1 -0.961301 1
3 66 1 -0.277586 1
3 67 1 1.23161 1
3 68 1 1.8312 1
3 69 1 -2.78649 1
3 70 1 0.97423 1
3 71 1 1.31405 1
3 72 1 5.33493 1
3 73 1 -0.231636 1
3 74 1 1.67362 1
3 75 1 2.76424 1
3 76 1 1.21956 1
3 77 1 -1.89426 1
3 78 1 0.231535 1
3 79 1 -0.910297 1
3 80 1 -0.252363 1
3 81 1 -0.0711263 1
3 82 1 5.20888 1
3 83 1 -1.1635 1
3 84 1 0.152846 1
3 85 1 -1.60875 1
3 86 1 1.61248 1
3 87 1 -0.391021 1
3 88 1 1.83668 1
3 89 1 1.43631 1
3 90 1 -0.166295 1
3 91 1 -0.68552 1
3 92 1 -0.846361 1
3 93 1 -2.79978 1
3 94 1 -2.33745 1
3 95 1 0.557377 0
3 110 1 0.216656 1
110 95 1 0.180424 0
110 111 1 0.419515 1
111 95 1 -1.15681 1
4 64 1 1.14192 1
4 65 1 -0.374808 1
4 66 1 -3.22267 1
4 67 1 0.658849 1
4 68 1 0.810295 1
4 69 1 2.01853 1
4 70 1 0.669106 1
4 71 1 -0.443706 1
4 72 1 2.49709 1
4 73 1 -2.00996 0
4 74 1 0.423267 1
4 75 1 -2.26905 0
4 76 1 1.97517 1
4 77 1 1.65573 1
4 78 1 2.32576 1
4 79 1 -0.735851 1
4 80 1 -3.19177 1
4 81 1 -1.32819 1
4 82 1 -1.03365 1
4 83 1 -0.56623 1
4 84 1 -0.0648172 1
4 85 1 2.68383 1
4 86 1 0.840167 1
4 87 1 -2.5796 1
4 88 1 -0.184302 1
4 89 1 -0.791057 1
4 90 1 0.320213 1
4 91 1 -3.34712 1
4 92 1 -0.144178 1
4 93 1 -0.421844 1
4 94 1 -2.22741 1
4 95 1 1.48119 1
4 101 1 1.21812 1
4 17 1 -0.112356 1
4 118 1 0.876355 1
118 73 1 -2.57832 1
101 75 1 0.83519 1
5 64 1 -1.26645 1
5 65 1 2.27328 1
5 66 1 -0.927057 1
5 67 1 2.95352 1
5 68 1 1.27008 1
5 69 1 1.08374 1
5 70 1 -2.27165 1
5 71 1 -0.1932 1
5 72 1 1.12377 1
5 73 1 -1.77033 1
5 74 1 -0.362539 1
5 75 1 2.49344 1
5 76 1 2.23261 1
5 77 1 -0.664798 1
5 78 1 -1.95736 1
5 79 1 0.0435651 1
5 80 1 2.25465 1
5 81 1 -0.405829 1
5 82 1 0.279463 1
5 83 1 3.20672 1
5 84 1 1.49949 1
5 85 1 1.47822 1
5 86 1 -1.07299 1
5 87 1 -0.507686 1
5 88 1 -2.08159 1
5 89 1 -2.24399 1
5 90 1 -2.04875 1
5 91 1 2.54469 1
5 92 1 -2.08642 1
5 93 1 1.2746 1
5 94 1 -0.166354 1
5 95 1 -0.000709218 1
6 64 1 0.368384 1
6 65 1 -1.53013 1
6 66 1 2.10276 1
6 67 1 0.947528 1
6 68 1 -2.36585 1
6 69 1 -0.157343 1
6 70 1 -1.58798 1
6 71 1 -0.229618 1
6 72 1 1.14886 1
6 73 1 -1.14156 1
6 74 1 -1.76229 1
6 75 1 -0.722444 1
6 76 1 4.54612 1
6 77 1 -0.139261 1
6 78 1 0.460818 1
6 79 1 -3.59404 1
6 80 1 1.73543 1
6 81 1 0.648521 1
6 82 1 0.278909 1
6 83 1 2.06799 1
6 84 1 2.28679 1
6 85 1 -2.09068 1
6 86 1 0.51355 1
6 87 1 2.55571 1
6 88 1 -2.1154 1
6 89 1 -2.86577 1
6 90 1 1.73594 1
6 91 1 -0.191387 1
6 92 1 2.95192 1
6 93 1 0.292752 1
6 94 1 -2.13332 1
6 95 1 0.343482 1
6 26 1 0.50563 1
7 64 1 1.76653 1
7 65 1 0.591343 1
7 66 1 -0.0481347 1
7 67 1 -0.951668 1
7 68 1 -3.05098 1
7 69 1 -0.89676 1
7 70 1 2.36663 1
7 71 1 0.88944 1
7 72 1 2.27114 1
7 73 1 1.7525 1
7 74 1 -1.0293 1
7 75 1 -1.51949 1
7 76 1 1.55606 1
7 77 1 -0.512074 1
7 78 1 1.98541 1
7 79 1 3.19099 1
7 80 1 -0.860018 1
7 81 1 -0.144051 1
7 82 1 -4.28143 1
7 83 1 2.39973 0
7 84 1 -1.7391 1
7 85 1 2.99319 1
7 86 1 2.5837 1
7 87 1 0.932767 1
7 88 1 -1.06283 1
7 89 1 -1.13426 1
7 90 1 1.43402 1
7 91 1 -1.78938 1
7 92 1 -0.0998749 1
7 93 1 -0.71478 1
7 94 1 1.02753 1
7 95 1 3.42253 1
7 100 1 -0.663736 1
100 83 1 -1.49966 1
100 24 1 -1.03908 0
100 106 1 2.89038 1
106 24 1 -4.28121 1
106 6 1 0.183575 1
8 64 1 3.28273 1
8 65 1 -1.86426 1
8 66 1 -0.763181 1
8 67 1 0.257 1
8 68 1 0.921372 1
8 69 1 2.63252 1
8 70 1 -1.37823 1
8 71 1 1.53275 1
8 72 1 2.16824 1
8 73 1 0.214874 1
8 74 1 -1.38579 1
8 75 1 -3.49555 1
8 76 1 -0.859156 1
8 77 1 2.2395 1
8 78 1 -1.1328 1
8 79 1 -0.362729 1
8 80 1 0.938386 1
8 81 1 -0.529739 1
8 82 1 0.134136 1
8 83 1 -2.04926 1
8 84 1 3.40593 1
8 85 1 4.12871 1
8 86 1 3.76375 1
8 87 1 0.860733 1
8 88 1 0.496804 1
8 89 1 2.9263 1
8 90 1 1.97819 1
8 91 1 1.65346 1
8 92 1 2.40242 1
8 93 1 2.9974 1
8 94 1 3.73146 1
8 95 1 0.401534 1
9 64 1 0.481144 1
9 65 1 -1.45576 1
9 66 1 -0.37409 1
9 67 1 1.29519 1
9 68 1 -1.52144 1
9 69 1 -1.54059 1
9 70 1 -2.97573 1
9 71 1 0.156234 1
9 72 1 0.504667 1
9 73 1 -1.20896 1
9 74 1 1.76052 1
9 75 1 -0.30657 1
9 76 1 1.24919 1
9 77 1 -0.488136 1
9 78 1 1.92559 1
9 79 1 1.42215 1
9 80 1 0.257999 1
9 81 1 -0.736307 1
9 82 1 -1.77162 1
9 83 1 -0.089392 1
9 84 1 3.26884 1
9 85 1 4.27619 1
9 86 1 -1.80408 1
9 87 1 2.87335 1
9 88 1 0.918847 1
9 89 1 4.08912 1
9 90 1 -0.0216589 1
9 91 1 -0.822711 1
9 92 1 -1.70107 1
9 93 1 -3.00129 1
9 94 1 -2.64295 1
9 95 1 -0.161077 1
10 64 1 2.68011 1
10 65 1 0.850246 1
10 66 1 1.46252 1
10 67 1 -1.7937 1
10 68 1 3.13917 1
10 69 1 -0.918196 1
10 70 1 -0.922389 1
10 71 1 -1.69039 1
10 72 1 2.63153 1
10 73 1 2.50306 1
10 74 1 0.146506 0
10 75 1 1.20852 1
10 76 1 0.738544 1
10 77 1 0.286622 1
10 78 1 -1.49423 1
10 79 1 -2.94566 1
10 80 1 1.53655 1
10 81 1 1.19388 1
10 82 1 1.18772 1
10 83 1 1.59327 1
10 84 1 0.726327 1
10 85 1 3.28429 1
10 86 1 -0.325409 1
10 87 1 1.72222 1
10 88 1 1.26713 1
10 89 1 -0.775761 1
10 90 1 0.0855628 1
10 91 1 0.572543 1
10 92 1 2.81635 1
10 93 1 -2.62751 1
10 94 1 3.20158 1
10 95 1 3.84204 1
10 124 1 0.872102 1
124 74 1 -0.0988403 1
11 64 1 5.42425 1
11 65 1 0.586989 1
11 66 1 2.00633 1
11 67 1 -2.00448 1
11 68 1 4.47452 1
11 69 1 -0.550131 1
11 70 1 2.18648 1
11 71 1 0.914744 1
11 72 1 -0.956604 1
11 73 1 1.29121 1
11 74 1 -0.905124 0
11 75 1 -1.35093 1
11 76 1 -1.11693 1
11 77 1 -0.422976 1
11 78 1 -1.51577 1
11 79 1 -1.26043 1
11 80 1 -0.525686 1
11 81 1 0.573328 1
11 82 1 3.6686 1
11 83 1 -0.166685 1
11 84 1 3.53689 1
11 85 1 -1.13158 1
11 86 1 -2.44525 1
11 87 1 -0.301255 1
11 88 1 -2.78506 1
11 89 1 -2.03365 1
11 90 1 1.11752 1
11 91 1 0.10172 1
11 92 1 -3.19656 1
11 93 1 2.92686 1
11 94 1 0.963274 1
11 95 1 -1.19076 1
11 120 1 0.587065 1
120 74 1 -0.231641 1
12 64 1 -1.55645 1
12 65 1 1.4426 1
12 66 1 -2.10117 1
12 67 1 -3.19754 1
12 68 1 0.814716 1
12 69 1 0.74039 1
12 70 1 1.37489 1
12 71 1 1.50406 1
12 72 1 0.22104 1
12 73 1 -1.96464 1
12 74 1 -1.05266 1
12 75 1 -1.56868 1
12 76 1 0.472038 1
12 77 1 2.48336 1
12 78 1 -1.56072 1
12 79 1 -1.85093 1
12 80 1 -1.52307 1
12 81 1 -1.10489 1
12 82 1 0.818629 1
12 83 1 -0.278895 1
12 84 1 -0.959325 1
12 85 1 1.54687 1
12 86 1 0.375973 1
12 87 1 2.10772 1
12 88 1 -0.415294 1
12 89 1 1.1149 1
12 90 1 -1.11122 1
12 91 1 -2.63293 1
12 92 1 -0.670735 1
12 93 1 -1.71449 1
12 94 1 0.639829 1
12 95 1 0.437191 1
12 17 1 -0.341591 1
13 64 1 -1.86061 1
13 65 1 -2.61649 1
13 66 1 0.0427182 1
13 67 1 0.91703 1
13 68 1 2.72568 1
13 69 1 -2.0801 1
13 70 1 1.77835 1
13 71 1 2.89221 1
13 72 1 0.0506988 1
13 73 1 -3.11349 1
13 74 1 -1.28286 1
13 75 1 -0.883097 1
13 76 1 -0.738624 1
13 77 1 -1.24194 1
13 78 1 -1.19622 1
13 79 1 0.00652084 1
13 80 1 1.84542 1
13 81 1 -0.375042 1
13 82 1 1.40147 1
13 83 1 1.041 1
13 84 1 -0.519945 1
13 85 1 0.707002 1
13 86 1 5.03793 1
13 87 1 4.39235 1
13 88 1 2.01565 1
13 89 1 -0.703871 1
13 90 1 -5.69044 1
13 91 1 -2.31026 1
13 92 1 -2.95465 1
13 93 1 -3.31369 1
13 94 1 -0.5511 1
13 95 1 -2.95059 1
14 64 1 -1.4587 1
14 65 1 2.92812 1
14 66 1 1.72486 1
14 67 1 -2.97227 1
14 68 1 -3.25816 1
14 69 1 3.77528 1
14 70 1 -1.10168 1
14 71 1 3.68041 1
14 72 1 0.16982 1
14 73 1 0.00482304 1
14 74 1 3.0707 1
14 75 1 1.53566 1
14 76 1 -0.312543 1
14 77 1 -0.448224 1
14 78 1 -1.78161 1
14 79 1 0.323538 1
14 80 1 0.326466 1
14 81 1 3.4627 0
14 82 1 2.71908 1
14 83 1 -0.823416 1
14 84 1 -0.697692 1
14 85 1 -1.07422 1
14 86 1 2.20788 1
14 87 1 -0.265326 1
14 88 1 -1.69428 1
14 89 1 -1.50011 1
14 90 1 0.952995 1
14 91 1 3.84345 1
14 92 1 0.890703 1
14 93 1 1.50255 1
14 94 1 2.9614 1
14 95 1 -3.2455 1
14 104 1 -0.285646 1
14 119 1 0.179928 1
119 81 1 3.28011 1
15 64 1 -0.455098 1
15 65 1 1.62562 1
15 66 1 -2.09361 1
15 67 1 0.134745 1
15 68 1 -0.860546 1
15 69 1 -0.189383 1
15 70 1 4.34911 1
15 71 1 -1.21961 1
15 72 1 -2.68309 1
15 73 1 -1.38016 1
15 74 1 -0.948635 1
15 75 1 -1.89828 1
15 76 1 -0.493965 1
15 77 1 1.76647 1
15 78 1 -1.89907 1
15 79 1 -0.598855 1
15 80 1 0.649125 1
15 81 1 2.8395 1
15 82 1 -4.59945 1
15 83 1 1.05674 1
15 84 1 0.445446 1
15 85 1 -2.03818 1
15 86 1 1.12995 1
15 87 1 -3.11167 1
15 88 1 0.562816 1
15 89 1 0.342392 1
15 90 1 0.325002 1
15 91 1 -1.75822 1
15 92 1 -0.524787 1
15 93 1 0.767047 1
15 94 1 2.66825 1
15 95 1 1.33334 1
16 64 1 0.968266 1
16 65 1 -1.94644 1
16 66 1 -2.88918 1
16 67 1 -0.421502 1
16 68 1 2.1324 1
16 69 1 0.467845 1
16 70 1 2.52605 1
16 71 1 2.63477 1
16 72 1 -1.30585 1
16 73 1 -2.0876 1
16 74 1 1.10197 1
16 75 1 -0.697749 1
16 76 1 -0.573492 1
16 77 1 1.82322 1
16 78 1 -1.26556 1
16 79 1 -1.71125 1
16 80 1 -2.34854 1
16 81 1 0.589777 1
16 82 1 -1.51202 1
16 83 1 0.156184 1
16 84 1 -0.260066 1
16 85 1 1.38442 1
16 86 1 -2.16425 1
16 87 1 -1.11924 1
16 88 1 0.894599 1
16 89 1 0.795155 1
16 90 1 0.707882 1
16 91 1 2.33192 1
16 92 1 2.7594 1
16 93 1 0.444115 1
16 94 1 -0.367513 1
16 95 1 -3.8737 1
17 64 1 -3.78653 1
17 65 1 -1.73044 1
17 66 1 -2.25717 1
17 67 1 3.23921 1
17 68 1 0.169932 1
17 69 1 -0.817792 1
17 70 1 0.33724 1
17 71 1 3.77316 1
17 72 1 -5.83441 1
17 73 1 2.25123 1
17 74 1 2.21662 1
17 75 1 0.907075 1
17 76 1 -3.36096 1
17 77 1 0.9156 1
17 78 1 0.944419 1
17 79 1 -2.79795 1
17 80 1 2.17503 1
17 81 1 2.6495 1
17 82 1 -1.14576 1
17 83 1 -1.47391 1
17 84 1 -3.83968 1
17 85 1 0.8114 1
17 86 1 2.72745 1
17 87 1 0.0960377 1
17 88 1 -3.49456 1
17 89 1 -1.73307 1
17 90 1 -3.62086 1
17 91 1 1.64665 1
17 92 1 0.40803 1
17 93 1 1.04503 1
17 94 1 3.23667 1
17 95 1 -1.27226 1
18 64 1 0.430156 1
18 65 1 0.959398 1
18 66 1 3.09611 1
18 67 1 -0.0678952 1
18 68 1 0.292696 1
18 69 1 0.499893 1
18 70 1 1.20053 1
18 71 1 -0.490668 1
18 72 1 3.13693 1
18 73 1 -1.75891 1
18 74 1 1.49195 1
18 75 1 -0.50286 1
18 76 1 1.57936 1
18 77 1 0.981609 1
18 78 1 1.83137 1
18 79 1 -0.0637712 1
18 80 1 -0.29774 1
18 81 1 3.23368 1
18 82 1 -2.04313 1
18 83 1 0.350569 1
18 84 1 -1.82749 1
18 85 1 -0.517253 1
18 86 1 3.2456 1
18 87 1 -1.17218 1
18 88 1 1.75071 1
18 89 1 -9.1408e-05 1
18 90 1 0.563522 1
18 91 1 0.00896351 1
18 92 1 -1.22771 1
18 93 1 0.86619 1
18 94 1 -0.34732 1
18 95 1 -0.677054 1
18 25 1 -0.147445 1
19 64 1 -0.240219 1
19 65 1 -2.25445 1
19 66 1 1.2732 1
19 67 1 -2.36431 1
19 68 1 -1.55678 1
19 69 1 1.86351 1
19 70 1 -0.499412 1
19 71 1 0.0973276 1
19 72 1 2.37989 1
19 73 1 -0.0342941 1
19 74 1 -0.169402 1
19 75 1 1.22868 1
19 76 1 -1.67342 1
19 77 1 0.545338 1
19 78 1 -1.92831 1
19 79 1 0.860884 1
19 80 1 -0.115714 1
19 81 1 -2.3885 1
19 82 1 0.632324 1
19 83 1 -2.30481 1
19 84 1 1.18149 1
19 85 1 -0.551545 1
19 86 1 0.810877 1
19 87 1 2.25618 1
19 88 1 2.22018 1
19 89 1 4.0453 1
19 90 1 -0.949483 1
19 91 1 0.269704 1
19 92 1 1.07473 1
19 93 1 -3.53509 1
19 94 1 -1.95868 1
19 95 1 -4.01957 1
20 64 1 1.9977 1
20 65 1 0.995025 1
20 66 1 0.254951 1
20 67 1 1.28738 1
20 68 1 -0.0721853 1
20 69 1 -0.825672 1
20 70 1 -2.66791 1
20 71 1 0.286868 1
20 72 1 0.845894 1
20 73 1 -0.122966 1
20 74 1 1.85955 1
20 75 1 2.66036 1
20 76 1 0.499013 1
20 77 1 -1.82733 1
20 78 1 1.09122 1
20 79 1 0.586339 1
20 80 1 -1.4175 1
20 81 1 0.0866394 1
20 82 1 2.98645 1
20 83 1 2.93131 1
20 84 1 0.371904 1
20 85 1 -0.931611 1
20 86 1 0.957174 1
20 87 1 -0.449222 1
20 88 1 1.04497 1
20 89 1 0.711307 1
20 90 1 0.586962 1
20 91 1 -0.77564 0
20 92 1 -2.54172 1
20 93 1 1.50822 0
20 94 1 2.47 0
20 95 1 -0.865604 1
20 96 1 -1.98886 1
20 98 1 0.182915 1
20 103 1 1.03764 1
103 91 1 0.666774 0
103 105 1 2.2048 1
103 112 1 0.748808 1
103 123 1 0.769356 1
123 91 1 0.294561 1
105 91 1 0.765747 1
98 93 1 -0.820354 1
98 99 1 0.935915 1
96 94 1 0.963336 1
21 64 1 0.604139 1
21 65 1 1.57435 1
21 66 1 -3.12811 1
21 67 1 -2.66343 1
21 68 1 -1.19026 1
21 69 1 4.26772 1
21 70 1 -0.418999 1
21 71 1 -2.05236 1
21 72 1 -4.05296 1
21 73 1 0.201357 1
21 74 1 -0.807679 1
21 75 1 -0.844075 1
21 76 1 -0.521808 1
21 77 1 0.163191 1
21 78 1 -3.5329 1
21 79 1 -1.55833 1
21 80 1 0.968676 1
21 81 1 -0.00136181 1
21 82 1 0.485207 1
21 83 1 -0.342315 1
21 84 1 5.20535 1
21 85 1 -0.621164 1
21 86 1 0.271433 1
21 87 1 0.963553 1
21 88 1 2.44163 1
21 89 1 2.4362 1
21 90 1 0.125267 1
21 91 1 -2.36394 1
21 92 1 2.03937 1
21 93 1 0.95442 1
21 94 1 -0.454471 1
21 95 1 0.954556 1
22 64 1 0.329698 1
22 65 1 2.04812 1
22 66 1 1.70379 1
22 67 1 2.99967 1
22 68 1 -1.44109 1
22 69 1 -2.11807 1
22 70 1 -0.311615 1
22 71 1 1.0577 1
22 72 1 -1.66107 1
22 73 1 -0.19602 1
22 74 1 -1.40963 1
22 75 1 0.0919712 1
22 76 1 1.58805 1
22 77 1 0.35469 1
22 78 1 0.692764 1
22 79 1 2.24376 1
22 80 1 -1.12479 1
22 81 1 -2.63767 1
22 82 1 1.08569 1
22 83 1 -0.144136 1
22 84 1 -0.653455 1
22 85 1 -1.05585 1
22 86 1 1.81951 1
22 87 1 2.08029 1
22 88 1 -1.98219 1
22 89 1 -0.518549 1
22 90 1 2.2814 1
22 91 1 1.54905 1
22 92 1 -0.0492191 1
22 93 1 1.29714 1
22 94 1 2.37245 1
22 95 1 3.10674 1
23 64 1 -1.24143 1
23 65 1 1.13751 1
23 66 1 0.891279 1
23 67 1 1.07445 1
23 68 1 -3.24172 1
23 69 1 -0.164548 1
23 70 1 2.33437 1
23 71 1 -3.68637 1
23 72 1 0.399724 1
23 73 1 -0.957298 1
23 74 1 2.7643 1
23 75 1 1.31714 1
23 76 1 -0.803694 1
23 77 1 2.31417 1
23 78 1 1.2413 1
23 79 1 -4.21487 1
23 80 1 0.581737 1
23 81 1 -0.334591 1
23 82 1 -1.11186 1
23 83 1 0.906063 1
23 84 1 1.22939 1
23 85 1 1.12448 1
23 86 1 -5.50481 1
23 87 1 -0.058321 1
23 88 1 1.38259 1
23 89 1 -0.810418 1
23 90 1 -1.04349 1
23 91 1 0.263927 1
23 92 1 0.176947 1
23 93 1 1.51983 1
23 94 1 -1.54092 1
23 95 1 -1.98407 1
23 107 1 0.73764 1
24 64 1 -3.53384 1
24 65 1 1.14632 1
24 66 1 -0.25633 1
24 67 1 3.91405 1
24 68 1 -2.79234 1
24 69 1 0.474237 1
24 70 1 -0.0195356 1
24 71 1 4.75887 1
24 72 1 -0.51336 1
24 73 1 0.732959 1
24 74 1 -0.414598 1
24 75 1 -0.256245 1
24 76 1 1.98847 1
24 77 1 -0.912489 1
24 78 1 -1.74163 1
24 79 1 0.224548 1
24 80 1 -0.462773 1
24 81 1 0.163437 1
24 82 1 1.22047 1
24 83 1 -2.87871 1
24 84 1 -2.4821 1
24 85 1 -0.89295 1
24 86 1 -2.20855 1
24 87 1 1.98375 1
24 88 1 -1.63185 1
24 89 1 3.47599 1
24 90 1 1.58779 1
24 91 1 -1.49603 1
24 92 1 0.356217 1
24 93 1 -0.164804 1
24 94 1 -0.216137 1
24 95 1 2.2011 1
24 5 1 2.7637 1
25 64 1 -0.581311 1
25 65 1 2.18861 1
25 66 1 -0.471338 1
25 67 1 0.0654202 1
25 68 1 4.38797 1
25 69 1 -4.6409 1
25 70 1 4.68302 0
25 71 1 -3.552 1
25 72 1 0.544411 1
25 73 1 -0.356298 1
25 74 1 1.48129 1
25 75 1 -0.905215 1
25 76 1 1.14801 1
25 77 1 0.195785 1
25 78 1 1.11751 1
25 79 1 -0.666698 1
25 80 1 2.85224 1
25 81 1 -1.5585 1
25 82 1 -1.91153 1
25 83 1 1.98594 1
25 84 1 -3.09747 1
25 85 1 -1.7497 1
25 86 1 1.457 1
25 87 1 0.57831 1
25 88 1 -0.201154 1
25 89 1 2.37002 1
25 90 1 -3.95707 1
25 91 1 0.195591 1
25 92 1 -0.385104 1
25 93 1 0.612821 1
25 94 1 0.886707 1
25 95 1 -3.8987 1
25 8 1 0.398028 1
25 6 1 -0.120689 1
25 121 1 0.632371 1
121 70 1 5.13684 1
26 64 1 -2.00392 1
26 65 1 1.1249 1
26 66 1 1.66468 1
26 67 1 2.08502 1
26 68 1 1.63451 1
26 69 1 2.00113 1
26 70 1 -2.76419 1
26 71 1 -0.455045 1
26 72 1 -1.24837 1
26 73 1 -0.70096 1
26 74 1 -1.90397 1
26 75 1 2.7349 1
26 76 1 -0.378694 1
26 77 1 -3.07009 1
26 78 1 1.41296 1
26 79 1 -2.45691 1
26 80 1 -0.562168 1
26 81 1 3.10185 1
26 82 1 -0.0593719 1
26 83 1 2.53222 1
26 84 1 -0.508282 1
26 85 1 -0.809691 1
26 86 1 -2.77616 1
26 87 1 0.82039 1
26 88 1 -1.85377 1
26 89 1 -0.300896 1
26 90 1 -2.66555 1
26 91 1 -3.39889 1
26 92 1 -0.984539 1
26 93 1 -0.366182 1
26 94 1 0.774606 1
26 95 1 -1.19644 1
26 23 1 1.90936 1
26 15 1 -0.435547 1
27 64 1 -5.01103 1
27 65 1 2.57766 1
27 66 1 2.0454 1
27 67 1 0.0646557 1
27 68 1 -1.04832 1
27 69 1 0.15195 1
27 70 1 3.30779 1
27 71 1 -4.62419 1
27 72 1 -1.03156 1
27 73 1 1.22998 1
27 74 1 -1.36248 1
27 75 1 1.48481 1
27 76 1 -0.324052 1
27 77 1 -2.54935 1
27 78 1 2.03806 1
27 79 1 1.47492 1
27 80 1 -1.30326 1
27 81 1 -0.902917 1
27 82 1 -0.800913 1
27 83 1 -2.20305 1
27 84 1 1.58693 1
27 85 1 -0.0694179 1
27 86 1 -2.68527 1
27 87 1 1.08673 1
27 88 1 -3.41711 1
27 89 1 -2.0218 1
27 90 1 0.0699548 1
27 91 1 0.139686 1
27 92 1 -1.35645 1
27 93 1 -1.4125 1
27 94 1 1.41664 1
27 95 1 -0.0462928 1
27 9 1 1.38811 1
28 64 1 1.11042 1
28 65 1 -0.101838 1
28 66 1 -0.0567302 1
28 67 1 1.85411 1
28 68 1 1.93787 1
28 69 1 3.73352 1
28 70 1 -1.12218 1
28 71 1 -1.45867 1
28 72 1 -1.49589 1
28 73 1 1.20766 1
28 74 1 0.25628 1
28 75 1 -0.707754 1
28 76 1 0.471608 1
28 77 1 -0.371969 1
28 78 1 -1.63306 1
28 79 1 0.743761 1
28 80 1 3.61625 1
28 81 1 -0.248179 1
28 82 1 1.77466 1
28 83 1 1.79661 1
28 84 1 -0.102053 1
28 85 1 -5.8391 1
28 86 1 -1.39422 1
28 87 1 -2.57 1
28 88 1 -3.31983 1
28 89 1 -0.753684 1
28 90 1 -3.36628 1
28 91 1 -0.687871 1
28 92 1 0.604486 1
28 93 1 -1.0478 1
28 94 1 2.41783 1
28 95 1 -1.96124 1
29 64 1 -0.626285 1
29 65 1 0.0898734 1
29 66 1 1.23351 1
29 67 1 1.70976 1
29 68 1 -0.907077 1
29 69 1 2.4793 1
29 70 1 0.341771 1
29 71 1 -1.49129 1
29 72 1 1.08398 1
29 73 1 -1.00083 1
29 74 1 0.285679 1
29 75 1 0.426043 1
29 76 1 0.282974 1
29 77 1 -0.0626254 1
29 78 1 -5.34411 1
29 79 1 -1.15028 1
29 80 1 -0.244369 1
29 81 1 2.51267 1
29 82 1 -1.24777 1
29 83 1 -1.45678 1
29 84 1 1.62478 1
29 85 1 -1.35901 1
29 86 1 0.136495 1
29 87 1 -4.24438 1
29 88 1 -0.0302443 1
29 89 1 -1.08665 1
29 90 1 -2.72289 1
29 91 1 0.833068 1
29 92 1 0.0907579 1
29 93 1 1.19055 1
29 94 1 -1.47807 1
29 95 1 -1.50717 1
30 64 1 0.274153 1
30 65 1 1.43414 1
30 66 1 -0.0009721 1
30 67 1 0.203039 1
30 68 1 2.2454 1
30 69 1 0.880467 1
30 70 1 0.608647 1
30 71 1 -0.0838284 1
30 72 1 -0.137843 1
30 73 1 3.68306 1
30 74 1 1.03251 1
30 75 1 1.88756 1
30 76 1 -0.345136 1
30 77 1 0.224758 1
30 78 1 1.52352 1
30 79 1 1.63181 1
30 80 1 0.903932 1
30 81 1 -1.3884 1
30 82 1 1.19096 1
30 83 1 3.5568 1
30 84 1 1.4779 1
30 85 1 -2.4031 1
30 86 1 -1.10128 1
30 87 1 -3.94869 1
30 88 1 0.0695038 1
30 89 1 -2.16233 1
30 90 1 1.70224 1
30 91 1 3.63762 1
30 92 1 0.854362 1
30 93 1 1.85013 1
30 94 1 2.1989 1
30 95 1 0.514412 1
31 64 1 1.02332 1
31 65 1 0.0310782 1
31 66 1 -0.717305 1
31 67 1 4.89352 1
31 68 1 3.41597 1
31 69 1 1.68782 1
31 70 1 -1.58931 1
31 71 1 1.19537 1
31 72 1 -0.835171 1
31 73 1 -2.03991 1
31 74 1 -0.331732 1
31 75 1 -0.861109 1
31 76 1 0.367532 1
31 77 1 -0.646062 1
31 78 1 -2.03954 1
31 79 1 1.64177 1
31 80 1 -1.83237 1
31 81 1 -0.966541 1
31 82 1 1.39787 1
31 83 1 -1.05822 1
31 84 1 -1.50494 1
31 85 1 -2.11865 1
31 86 1 1.07203 1
31 87 1 1.12579 0
31 88 1 0.7146 1
31 89 1 -0.352092 1
31 90 1 0.651764 1
31 91 1 1.02416 1
31 92 1 -1.72125 1
31 93 1 1.36446 1
31 94 1 -0.454092 1
31 95 1 0.466007 1
31 122 1 1.51174 1
122 87 1 0.614877 1
32 64 1 4.18494 1
32 65 1 1.40094 1
32 66 1 -1.95111 1
32 67 1 2.86525 1
32 68 1 0.23472 1
32 69 1 3.28733 1
32 70 1 -0.576782 1
32 71 1 0.968576 1
32 72 1 -3.67866 1
32 73 1 0.429498 1
32 74 1 -1.78646 1
32 75 1 1.60046 1
32 76 1 -2.17203 1
32 77 1 0.645268 1
32 78 1 -0.363179 1
32 79 1 1.9668 1
32 80 1 1.36368 1
32 81 1 -2.28732 1
32 82 1 -1.29277 1
32 83 1 -0.0562854 1
32 84 1 0.107248 1
32 85 1 -3.4881 1
32 86 1 -1.66016 1
32 87 1 1.26883 1
32 88 1 -1.66559 1
32 89 1 -1.87631 1
32 90 1 -1.28532 1
32 91 1 -2.66141 1
32 92 1 2.8289 1
32 93 1 -3.08722 1
32 94 1 0.450891 1
32 95 1 -2.36811 1
33 64 1 1.17592 1
33 65 1 -4.39516 1
33 66 1 -1.24114 1
33 67 1 -1.19583 1
33 68 1 -1.03863 1
33 69 1 -1.46047 1
33 70 1 2.91994 1
33 71 1 1.33873 1
33 72 1 0.428259 1
33 73 1 2.13548 1
33 74 1 0.498839 1
33 75 1 -2.01647 1
33 76 1 0.932654 1
33 77 1 3.24926 1
33 78 1 -2.38446 1
33 79 1 0.273086 1
33 80 1 2.38389 1
33 81 1 -1.92701 1
33 82 1 -1.09421 1
33 83 1 -0.490888 1
33 84 1 1.14615 1
33 85 1 0.95792 1
33 86 1 0.312818 1
33 87 1 1.75145 1
33 88 1 3.65972 1
33 89 1 2.49861 1
33 90 1 -2.27994 1
33 91 1 1.80886 1
33 92 1 2.95001 1
33 93 1 3.15681 1
33 94 1 0.070633 1
33 95 1 -0.64572 1
33 20 1 -1.10562 1
33 107 1 0.0643783 1
34 64 1 1.55382 1
34 65 1 -0.231858 1
34 66 1 1.45446 1
34 67 1 1.9515 1
34 68 1 1.44653 1
34 69 1 0.825112 1
34 70 1 -0.380659 1
34 71 1 -0.291142 1
34 72 1 -1.22476 1
34 73 1 -0.221376 1
34 74 1 2.02419 1
34 75 1 3.53115 1
34 76 1 -2.99841 1
34 77 1 0.994287 1
34 78 1 0.141612 1
34 79 1 0.986795 1
34 80 1 1.94315 1
34 81 1 -0.333586 1
34 82 1 0.520699 1
34 83 1 1.58796 1
34 84 1 0.623903 1
34 85 1 -0.0785063 1
34 86 1 -0.161011 1
34 87 1 -0.693868 1
34 88 1 2.18634 1
34 89 1 -0.332129 1
34 90 1 -2.20271 1
34 91 1 0.923971 1
34 92 1 -0.331489 1
34 93 1 -3.60125 1
34 94 1 1.52673 1
34 95 1 0.636761 1
35 64 1 -1.37978 1
35 65 1 0.99673 1
35 66 1 0.199195 1
35 67 1 -0.411397 1
35 68 1 0.605356 1
35 69 1 3.15968 1
35 70 1 -0.0339535 1
35 71 1 1.69515 1
35 72 1 0.0143374 1
35 73 1 3.34363 1
35 74 1 3.01592 1
35 75 1 -0.715094 1
35 76 1 -0.268815 1
35 77 1 2.38543 1
35 78 1 -3.43299 1
35 79 1 -2.11648 1
35 80 1 -5.45945 1
35 81 1 0.27777 1
35 82 1 1.98213 1
35 83 1 0.109254 1
35 84 1 2.0298 1
35 85 1 -2.32053 1
35 86 1 -1.12948 1
35 87 1 -0.640684 1
35 88 1 0.157091 1
35 89 1 2.14812 1
35 90 1 -2.06726 1
35 91 1 -2.80228 1
35 92 1 -1.01743 1
35 93 1 1.40383 1
35 94 1 -2.03354 1
35 95 1 0.214195 1
36 64 1 -1.39085 1
36 65 1 -0.585423 1
36 66 1 0.186748 1
36 67 1 0.524093 1
36 68 1 -1.06253 1
36 69 1 0.293979 1
36 70 1 0.480253 1
36 71 1 3.16721 1
36 72 1 0.822643 1
36 73 1 0.092048 1
36 74 1 1.81494 1
36 75 1 0.0041138 1
36 76 1 0.799179 1
36 77 1 -1.26872 1
36 78 1 1.62026 1
36 79 1 3.20436 1
36 80 1 -0.133339 1
36 81 1 1.5899 1
36 82 1 -0.0926636 0
36 83 1 -0.414164 1
36 84 1 0.48789 1
36 85 1 -3.99645 1
36 86 1 -0.242339 1
36 87 1 -0.933801 1
36 88 1 1.56667 1
36 89 1 -0.936027 1
36 90 1 -1.78614 1
36 91 1 0.950647 1
36 92 1 2.89691 1
36 93 1 -0.155035 1
36 94 1 -3.45408 1
36 95 1 3.30845 1
36 109 1 0.712894 0
36 24 1 -0.704074 1
36 117 1 1.30444 1
117 109 1 1.86765 1
109 82 1 0.573087 1
109 31 1 -1.34359 1
37 64 1 -2.83459 1
37 65 1 -0.356697 1
37 66 1 -1.66587 1
37 67 1 -2.83553 1
37 68 1 -2.98595 1
37 69 1 1.22636 1
37 70 1 -1.33557 1
37 71 1 -2.39037 1
37 72 1 1.53442 1
37 73 1 -0.487795 1
37 74 1 -0.0252762 1
37 75 1 -0.375554 1
37 76 1 2.37031 1
37 77 1 0.522507 1
37 78 1 0.954519 1
37 79 1 -0.303122 1
37 80 1 1.92246 1
37 81 1 0.573398 1
37 82 1 5.44415 1
37 83 1 -0.113206 1
37 84 1 -1.88696 1
37 85 1 1.63049 1
37 86 1 -1.87086 1
37 87 1 -1.62769 1
37 88 1 -2.68359 1
37 89 1 0.460511 1
37 90 1 -0.359865 1
37 91 1 -0.717645 1
37 92 1 2.18781 1
37 93 1 -0.58245 1
37 94 1 -1.8025 1
37 95 1 0.65967 1
38 64 1 0.577625 1
38 65 1 -2.21517 1
38 66 1 -0.0486677 1
38 67 1 0.0627035 1
38 68 1 0.531291 1
38 69 1 -0.675336 1
38 70 1 1.13973 1
38 71 1 0.812548 1
38 72 1 -0.513461 1
38 73 1 0.213571 1
38 74 1 0.381149 1
38 75 1 2.01652 1
38 76 1 2.5322 1
38 77 1 -1.22901 1
38 78 1 -1.97066 1
38 79 1 0.0750916 1
38 80 1 -2.3545 1
38 81 1 0.170105 1
38 82 1 0.16975 1
38 83 1 -0.026796 1
38 84 1 -1.75997 1
38 85 1 -0.74725 1
38 86 1 -1.03086 1
38 87 1 -0.468079 1
38 88 1 1.66347 1
38 89 1 2.59839 1
38 90 1 -1.70852 1
38 91 1 1.58627 1
38 92 1 0.645164 1
38 93 1 1.38522 1
38 94 1 -0.211537 1
38 95 1 -3.27269 1
39 64 1 0.51012 1
39 65 1 -2.46848 1
39 66 1 -0.246793 1
39 67 1 -2.23023 1
39 68 1 -0.553693 1
39 69 1 0.0658819 1
39 70 1 0.176041 1
39 71 1 0.924427 1
39 72 1 -1.04942 1
39 73 1 -1.37978 1
39 74 1 2.79995 1
39 75 1 0.951599 0
39 76 1 0.495763 1
39 77 1 -1.69648 1
39 78 1 -0.81405 1
39 79 1 -1.18195 1
39 80 1 -0.897083 1
39 81 1 -2.13695 1
39 82 1 -0.190237 1
39 83 1 0.586156 1
39 84 1 0.648776 1
39 85 1 -0.45643 1
39 86 1 2.19939 1
39 87 1 1.44575 1
39 88 1 -2.52729 1
39 89 1 1.04339 1
39 90 1 2.76929 1
39 91 1 -4.22835 1
39 92 1 3.83297 1
39 93 1 -1.44934 1
39 94 1 -1.83222 1
39 95 1 0.48836 1
39 2 1 -2.16659 1
39 112 1 2.68267 1
39 13 1 -0.20208 1
112 75 1 -1.07574 1
40 64 1 -6.6429 1
40 65 1 -0.262362 1
40 66 1 -1.37561 1
40 67 1 0.177781 1
40 68 1 4.46228 1
40 69 1 -0.857047 1
40 70 1 -1.56696 1
40 71 1 0.048432 1
40 72 1 4.59886 1
40 73 1 0.193308 1
40 74 1 -0.0277232 1
40 75 1 -1.06929 1
40 76 1 -0.901437 1
40 77 1 2.2002 1
40 78 1 2.92951 1
40 79 1 -1.88793 1
40 80 1 0.773626 1
40 81 1 0.492627 1
40 82 1 -0.166055 1
40 83 1 -1.584 1
40 84 1 -0.447235 1
40 85 1 1.15627 1
40 86 1 -0.944621 1
40 87 1 0.500595 1
40 88 1 -0.317236 1
40 89 1 -1.09088 1
40 90 1 0.287937 1
40 91 1 -0.62332 1
40 92 1 0.567298 1
40 93 1 1.84546 1
40 94 1 -0.912291 1
40 95 1 1.04426 1
41 64 1 5.36616 1
41 65 1 -0.986167 1
41 66 1 0.525513 1
41 67 1 -3.01586 1
41 68 1 -0.503048 1
41 69 1 -0.917636 1
41 70 1 1.4642 1
41 71 1 1.19219 1
41 72 1 3.26583 1
41 73 1 -3.49191 1
41 74 1 -1.30837 1
41 75 1 0.530018 1
41 76 1 -0.0773065 1
41 77 1 -1.01352 1
41 78 1 -1.79307 1
41 79 1 -2.01696 1
41 80 1 2.41906 1
41 81 1 0.797687 1
41 82 1 -0.346375 1
41 83 1 1.06939 1
41 84 1 0.499829 1
41 85 1 1.00666 1
41 86 1 1.09613 1
41 87 1 0.210399 1
41 88 1 5.16281 1
41 89 1 -0.60585 1
41 90 1 -1.31931 1
41 91 1 1.08291 1
41 92 1 -0.584589 1
41 93 1 -0.0828859 1
41 94 1 0.0783667 1
41 95 1 -2.49449 1
41 11 1 1.34979 1
41 29 1 -0.687778 1
42 64 1 -0.45328 1
42 65 1 1.20042 1
42 66 1 0.0213908 1
42 67 1 0.984719 1
42 68 1 0.0644083 1
42 69 1 -1.11281 1
42 70 1 -2.44241 1
42 71 1 0.168922 1
42 72 1 -2.91146 1
42 73 1 -2.90435 1
42 74 1 1.11672 1
42 75 1 0.13759 1
42 76 1 -1.3345 1
42 77 1 -0.972698 1
42 78 1 -1.27707 1
42 79 1 0.224258 1
42 80 1 -0.535931 1
42 81 1 0.0299411 1
42 82 1 2.10567 1
42 83 1 1.92727 1
42 84 1 1.88327 1
42 85 1 1.20949 1
42 86 1 -0.89086 1
42 87 1 -1.73109 1
42 88 1 -0.233618 1
42 89 1 0.284295 1
42 90 1 1.3555 1
42 91 1 1.29419 1
42 92 1 -2.59602 1
42 93 1 1.20042 1
42 94 1 -2.47262 1
42 95 1 -0.103518 1
43 64 1 1.30621 1
43 65 1 -1.44888 1
43 66 1 2.39891 1
43 67 1 1.53112 1
43 68 1 -1.09653 1
43 69 1 -1.49997 1
43 70 1 0.296358 1
43 71 1 -3.30784 1
43 72 1 -2.6284 1
43 73 1 -4.04445 1
43 74 1 1.13449 1
43 75 1 -1.08025 1
43 76 1 2.55541 1
43 77 1 0.88266 1
43 78 1 0.347233 1
43 79 1 -0.177361 1
43 80 1 0.0724756 1
43 81 1 1.1133 1
43 82 1 0.666846 1
43 83 1 -0.43714 1
43 84 1 1.01126 1
43 85 1 2.02757 1
43 86 1 -1.77624 1
43 87 1 3.63585 1
43 88 1 -0.502179 1
43 89 1 1.86636 1
43 90 1 0.596812 1
43 91 1 -3.30258 1
43 92 1 2.2989 1
43 93 1 2.94938 1
43 94 1 -3.49134 1
43 95 1 -1.04062 1
44 64 1 1.97256 1
44 65 1 -2.27821 1
44 66 1 -0.107765 1
44 67 1 -1.10822 1
44 68 1 -0.949546 1
44 69 1 0.307025 1
44 70 1 1.61591 1
44 71 1 1.06542 1
44 72 1 -2.46771 1
44 73 1 0.506132 1
44 74 1 -1.33718 1
44 75 1 -0.860555 1
44 76 1 -0.350737 1
44 77 1 0.83598 1
44 78 1 1.35528 1
44 79 1 1.33587 1
44 80 1 4.43056 1
44 81 1 -2.57335 1
44 82 1 3.48101 1
44 83 1 -0.522322 1
44 84 1 1.97495 1
44 85 1 1.0651 1
44 86 1 1.81596 1
44 87 1 -0.377773 1
44 88 1 -0.84607 1
44 89 1 -1.31011 1
44 90 1 0.705943 1
44 91 1 -0.192872 1
44 92 1 -0.793078 1
44 93 1 0.803926 1
44 94 1 0.422402 1
44 95 1 -1.50238 1
44 8 1 1.29227 1
44 29 1 -0.421622 1
45 64 1 -1.2945 1
45 65 1 1.95061 1
45 66 1 1.19116 1
45 67 1 -1.6755 1
45 68 1 -2.91664 1
45 69 1 -4.87464 1
45 70 1 -3.09105 1
45 71 1 0.770165 1
45 72 1 -2.35087 1
45 73 1 2.91156 1
45 74 1 3.30349 1
45 75 1 2.67585 1
45 76 1 0.805577 1
45 77 1 -1.29823 1
45 78 1 -2.96145 1
45 79 1 1.01106 1
45 80 1 -1.65349 1
45 81 1 0.525532 1
45 82 1 1.6001 1
45 83 1 -0.380051 1
45 84 1 1.197 1
45 85 1 -2.49198 1
45 86 1 1.01221 1
45 87 1 -0.784624 1
45 88 1 0.508774 1
45 89 1 -2.92895 1
45 90 1 0.263122 1
45 91 1 1.39207 1
45 92 1 -1.23744 1
45 93 1 -1.80868 1
45 94 1 1.12377 1
45 95 1 -1.63853 1
45 9 1 3.08944 1
46 64 1 0.420325 1
46 65 1 0.448782 1
46 66 1 0.596192 1
46 67 1 2.54884 1
46 68 1 -2.8083 1
46 69 1 -0.731575 1
46 70 1 2.27144 1
46 71 1 -0.211877 1
46 72 1 0.855459 1
46 73 1 -2.70373 1
46 74 1 -1.99503 1
46 75 1 0.222656 1
46 76 1 -2.23508 1
46 77 1 1.78267 1
46 78 1 -1.06677 1
46 79 1 0.093844 1
46 80 1 3.46458 1
46 81 1 -1.0008 1
46 82 1 -1.1487 1
46 83 1 1.97735 1
46 84 1 -1.11383 1
46 85 1 1.08451 1
46 86 1 -1.49414 1
46 87 1 0.248275 1
46 88 1 -2.10166 1
46 89 1 -3.12368 1
46 90 1 -0.361764 1
46 91 1 -0.515764 1
46 92 1 -0.540291 1
46 93 1 0.408975 1
46 94 1 1.34091 1
46 95 1 1.88115 1
47 64 1 0.611492 1
47 65 1 0.572142 1
47 66 1 -0.665287 1
47 67 1 3.2497 1
47 68 1 0.620006 1
47 69 1 3.25095 1
47 70 1 -1.94297 1
47 71 1 -0.139626 1
47 72 1 1.57481 1
47 73 1 2.72885 1
47 74 1 -1.30026 1
47 75 1 -1.6159 1
47 76 1 -0.678119 1
47 77 1 -5.00528 1
47 78 1 -1.23505 1
47 79 1 0.0376284 1
47 80 1 -0.0374206 1
47 81 1 -4.7521 1
47 82 1 0.685044 1
47 83 1 -0.832853 1
47 84 1 -0.543173 1
47 85 1 -1.13875 1
47 86 1 -0.814453 1
47 87 1 1.24858 1
47 88 1 -1.61398 1
47 89 1 0.0679813 1
47 90 1 2.25448 1
47 91 1 1.4212 1
47 92 1 0.16552 1
47 93 1 1.42957 1
47 94 1 0.655486 1
47 95 1 -1.72193 1
47 4 1 0.863378 1
48 64 1 -0.342128 1
48 65 1 -0.42144 1
48 66 1 -1.01278 1
48 67 1 -2.48212 1
48 68 1 -1.04652 1
48 69 1 -3.96165 1
48 70 1 1.69231 1
48 71 1 2.43885 1
48 72 1 -0.789336 1
48 73 1 3.21219 1
48 74 1 3.21457 1
48 75 1 -1.40356 1
48 76 1 1.57654 1
48 77 1 -1.39074 1
48 78 1 2.24205 1
48 79 1 -0.366482 1
48 80 1 0.416233 1
48 81 1 -1.70032 1
48 82 1 -0.251796 1
48 83 1 0.878243 1
48 84 1 -0.750919 1
48 85 1 2.35234 1
48 86 1 -0.319725 1
48 87 1 -1.89517 1
48 88 1 -0.981404 1
48 89 1 0.561941 1
48 90 1 -0.0535063 1
48 91 1 1.3897 1
48 92 1 -3.94511 1
48 93 1 -1.24727 1
48 94 1 1.91495 1
48 95 1 -0.488626 1
48 16 1 -0.19381 1
48 12 1 -1.22562 1
48 14 1 -0.55085 1
49 64 1 0.521813 1
49 65 1 -2.04197 1
49 66 1 -1.09799 1
49 67 1 -0.875275 1
49 68 1 0.641153 1
49 69 1 1.07255 1
49 70 1 -0.186935 1
49 71 1 -3.42747 1
49 72 1 -1.80989 1
49 73 1 0.361255 1
49 74 1 0.920398 1
49 75 1 1.31491 1
49 76 1 -3.53354 1
49 77 1 -0.618289 1
49 78 1 -1.51931 1
49 79 1 3.62809 1
49 80 1 4.16582 1
49 81 1 -2.51147 1
49 82 1 0.792775 1
49 83 1 1.22426 1
49 84 1 1.12528 1
49 85 1 -2.58965 1
49 86 1 -0.627832 1
49 87 1 -1.54197 1
49 88 1 -2.84995 1
49 89 1 1.53632 1
49 90 1 0.170574 1
49 91 1 1.12964 1
49 92 1 -0.483338 1
49 93 1 -0.774007 1
49 94 1 0.165528 1
49 95 1 2.89227 1
49 19 1 0.0469795 1
50 64 1 -3.24688 1
50 65 1 -2.11439 1
50 66 1 1.68872 1
50 67 1 -3.4646 1
50 68 1 1.28386 1
50 69 1 1.91924 1
50 70 1 2.69569 1
50 71 1 4.62632 1
50 72 1 -1.89312 1
50 73 1 4.36914 1
50 74 1 1.28178 1
50 75 1 1.16759 1
50 76 1 -1.28872 1
50 77 1 0.267706 1
50 78 1 0.241239 1
50 79 1 -1.50466 1
50 80 1 1.18223 1
50 81 1 -1.38463 1
50 82 1 -1.52884 1
50 83 1 1.62602 1
50 84 1 -2.1012 1
50 85 1 2.63604 1
50 86 1 -0.868209 1
50 87 1 -0.960104 1
50 88 1 -1.53242 1
50 89 1 1.03639 1
50 90 1 -1.24337 1
50 91 1 -0.364168 1
50 92 1 0.308543 1
50 93 1 1.19974 1
50 94 1 -3.25871 1
50 95 1 1.1388 1
50 4 1 0.792203 1
50 22 1 -2.16396 1
51 64 1 0.190663 1
51 65 1 2.66949 1
51 66 1 1.13661 1
51 67 1 -2.07242 1
51 68 1 -2.76482 1
51 69 1 -0.204922 1
51 70 1 2.70616 1
51 71 1 1.79346 1
51 72 1 -2.30129 1
51 73 1 -1.04407 0
51 74 1 -1.49208 1
51 75 1 5.42767 1
51 76 1 -1.00963 1
51 77 1 -0.348445 1
51 78 1 0.34565 1
51 79 1 1.45875 1
51 80 1 1.35623 1
51 81 1 -1.70278 1
51 82 1 -0.300884 1
51 83 1 2.17234 1
51 84 1 -1.99866 1
51 85 1 -1.27184 1
51 86 1 -1.92462 1
51 87 1 -0.548749 1
51 88 1 0.678722 1
51 89 1 -1.1862 1
51 90 1 1.35304 1
51 91 1 -1.30736 1
51 92 1 1.78552 1
51 93 1 2.97251 1
51 94 1 -3.60221 1
51 95 1 -0.0843183 1
51 116 1 0.601249 1
116 73 1 -0.748717 1
52 64 1 -1.05334 1
52 65 1 3.47064 1
52 66 1 1.92513 1
52 67 1 1.05842 1
52 68 1 -0.570574 1
52 69 1 3.36583 1
52 70 1 3.09116 1
52 71 1 -2.02541 1
52 72 1 -0.0295939 1
52 73 1 4.82312 1
52 74 1 2.90933 1
52 75 1 0.0100229 1
52 76 1 -2.13534 1
52 77 1 -2.2113 1
52 78 1 -0.0369986 1
52 79 1 -0.242362 1
52 80 1 -1.49773 1
52 81 1 1.84812 1
52 82 1 -2.22976 1
52 83 1 -1.26385 1
52 84 1 -0.687043 1
52 85 1 0.444313 1
52 86 1 -2.13695 1
52 87 1 1.56534 1
52 88 1 -0.762081 1
52 89 1 -0.670565 1
52 90 1 -0.61256 1
52 91 1 0.572844 1
52 92 1 0.313981 1
52 93 1 -0.307333 1
52 94 1 0.562284 1
52 95 1 0.511341 1
53 64 1 -2.96278 1
53 65 1 0.0797455 1
53 66 1 0.593727 1
53 67 1 -1.03256 1
53 68 1 1.20811 1
53 69 1 2.5428 1
53 70 1 -1.06833 1
53 71 1 0.135217 1
53 72 1 1.61668 1
53 73 1 -0.322201 1
53 74 1 1.0085 1
53 75 1 -0.603806 1
53 76 1 1.45969 1
53 77 1 2.71938 1
53 78 1 -0.846036 1
53 79 1 1.7979 1
53 80 1 0.959972 1
53 81 1 0.738609 1
53 82 1 2.38241 1
53 83 1 1.26779 1
53 84 1 0.961935 1
53 85 1 0.0571412 1
53 86 1 -0.444507 1
53 87 1 0.796374 1
53 88 1 -2.29767 1
53 89 1 -0.922487 1
53 90 1 -1.27593 1
53 91 1 -0.403291 1
53 92 1 1.25647 1
53 93 1 0.189422 1
53 94 1 -0.61925 1
53 95 1 -0.742542 1
53 20 1 2.87732 1
53 23 1 0.424673 1
54 64 1 1.51665 1
54 65 1 1.62499 1
54 66 1 -0.695389 1
54 67 1 1.01381 1
54 68 1 0.323343 1
54 69 1 -0.764042 1
54 70 1 -0.0956296 1
54 71 1 0.411136 1
54 72 1 0.0631883 1
54 73 1 0.0720137 1
54 74 1 -0.869334 1
54 75 1 0.542884 1
54 76 1 -0.414314 1
54 77 1 1.88236 1
54 78 1 -0.489342 1
54 79 1 -0.274362 1
54 80 1 0.550742 1
54 81 1 -1.32352 1
54 82 1 -3.24219 1
54 83 1 2.06673 1
54 84 1 1.97757 1
54 85 1 0.202049 1
54 86 1 -2.70491 1
54 87 1 0.344499 1
54 88 1 3.91525 1
54 89 1 -0.164059 1
54 90 1 -1.81489 1
54 91 1 2.76979 1
54 92 1 -0.5701 1
54 93 1 0.705378 1
54 94 1 -0.810701 1
54 95 1 0.267113 1
54 30 1 -0.37682 1
55 64 1 -0.556805 1
55 65 1 -1.457 1
55 66 1 1.70843 1
55 67 1 0.969404 1
55 68 1 -2.32642 1
55 69 1 2.15055 1
55 70 1 2.66189 1
55 71 1 -3.61305 1
55 72 1 -0.180732 1
55 73 1 0.233033 1
55 74 1 4.52695 1
55 75 1 -4.07404 1
55 76 1 -3.4924 1
55 77 1 3.46397 1
55 78 1 -3.09999 1
55 79 1 1.73783 1
55 80 1 -0.743418 1
55 81 1 0.113229 1
55 82 1 -2.07014 1
55 83 1 -1.08358 1
55 84 1 -0.404454 1
55 85 1 -0.571827 1
55 86 1 0.572897 1
55 87 1 2.52638 1
55 88 1 -2.44288 1
55 89 1 -1.13561 1
55 90 1 1.26166 1
55 91 1 1.46742 1
55 92 1 1.52881 1
55 93 1 -3.60173 1
55 94 1 -2.18606 1
55 95 1 -2.52501 0
55 28 1 1.50224 1
55 114 1 0.706243 1
114 95 1 -1.09307 1
56 64 1 1.0383 1
56 65 1 -1.18791 1
56 66 1 0.129401 1
56 67 1 -0.145278 1
56 68 1 1.21833 1
56 69 1 0.318373 1
56 70 1 1.10488 1
56 71 1 -0.322376 1
56 72 1 0.754038 1
56 73 1 -1.49743 1
56 74 1 2.71817 1
56 75 1 3.27562 1
56 76 1 -0.341238 1
56 77 1 -0.951615 1
56 78 1 -3.81117 1
56 79 1 0.264093 1
56 80 1 -1.05205 1
56 81 1 1.74186 1
56 82 1 2.44808 1
56 83 1 -2.79937 1
56 84 1 0.295029 1
56 85 1 -1.03294 1
56 86 1 0.743931 1
56 87 1 -2.53174 1
56 88 1 2.03727 1
56 89 1 -2.15217 1
56 90 1 -0.696535 1
56 91 1 0.662103 1
56 92 1 2.48513 1
56 93 1 2.75659 1
56 94 1 -2.1063 1
56 95 1 0.849692 1
56 3 1 -0.479994 1
57 64 1 -2.858 1
57 65 1 0.989301 1
57 66 1 -3.09368 1
57 67 1 0.250681 1
57 68 1 3.68517 1
57 69 1 -1.60367 0
57 70 1 1.28936 1
57 71 1 1.68815 1
57 72 1 -0.863867 1
57 73 1 -0.029746 1
57 74 1 0.26467 1
57 75 1 3.56794 1
57 76 1 1.30317 1
57 77 1 -2.53429 1
57 78 1 -0.956262 1
57 79 1 -2.45676 1
57 80 1 2.35583 1
57 81 1 1.65485 1
57 82 1 1.29369 1
57 83 1 -3.50745 1
57 84 1 0.972951 1
57 85 1 -3.77798 1
57 86 1 -0.277767 1
57 87 1 2.51675 1
57 88 1 -3.08257 1
57 89 1 1.52415 1
57 90 1 1.14102 1
57 91 1 -0.432153 1
57 92 1 -1.17084 1
57 93 1 -0.287967 1
57 94 1 0.946198 1
57 95 1 2.10481 1
57 104 1 2.10395 1
57 22 1 1.6923 1
104 69 1 0.603074 1
104 1 1 -0.267879 1
58 64 1 0.704872 1
58 65 1 -2.46262 1
58 66 1 -0.477476 1
58 67 1 -2.10479 1
58 68 1 1.69378 1
58 69 1 -2.0462 1
58 70 1 -1.47939 1
58 71 1 -1.59803 1
58 72 1 -0.443386 1
58 73 1 -1.42548 1
58 74 1 2.52177 1
58 75 1 0.969571 1
58 76 1 1.00497 1
58 77 1 -1.18921 1
58 78 1 -1.71713 1
58 79 1 -0.755531 1
58 80 1 -0.230936 1
58 81 1 1.08357 1
58 82 1 0.423739 1
58 83 1 -0.993261 1
58 84 1 1.22488 1
58 85 1 1.4723 1
58 86 1 0.831182 1
58 87 1 -1.41894 1
58 88 1 -1.72397 1
58 89 1 -1.14067 1
58 90 1 -1.86995 1
58 91 1 1.00176 1
58 92 1 2.44082 1
58 93 1 0.342892 1
58 94 1 -3.44718 1
58 95 1 1.559 1
59 64 1 -0.286591 1
59 65 1 0.790898 1
59 66 1 1.0886 1
59 67 1 -1.41135 1
59 68 1 -0.416578 1
59 69 1 0.253939 1
59 70 1 0.593881 1
59 71 1 1.18637 1
59 72 1 -0.597842 1
59 73 1 -2.54325 1
59 74 1 0.980102 1
59 75 1 0.412343 1
59 76 1 0.170743 1
59 77 1 -1.56863 0
59 78 1 -1.32007 1
59 79 1 -0.799731 1
59 80 1 0.693027 1
59 81 1 -0.224523 1
59 82 1 -1.72983 1
59 83 1 3.41297 1
59 84 1 -1.654 1
59 85 1 -1.59763 1
59 86 1 -0.358236 1
59 87 1 1.15569 1
59 88 1 4.11878 1
59 89 1 1.37028 1
59 90 1 0.892405 1
59 91 1 -2.21135 1
59 92 1 -0.177391 1
59 93 1 1.06072 1
59 94 1 -1.5228 1
59 95 1 1.8493 1
59 97 1 1.84123 1
59 5 1 -1.78956 1
59 11 1 0.187794 1
97 77 1 -2.40724 1
97 22 1 -2.89839 1
97 2 1 -2.89384 0
97 99 1 2.83385 1
97 7 1 -0.304869 0
97 102 1 2.48402 1
97 17 1 0.807853 1
102 7 1 0.715895 1
99 2 1 0.415706 0
99 108 1 2.52432 1
108 2 1 -0.777193 1
60 64 1 2.43496 1
60 65 1 0.201212 1
60 66 1 -0.237571 1
60 67 1 0.0561925 1
60 68 1 2.24443 1
60 69 1 1.02466 1
60 70 1 -1.3557 1
60 71 1 -0.986363 1
60 72 1 -1.26743 0
60 73 1 -0.740352 1
60 74 1 -0.493166 1
60 75 1 1.31066 1
60 76 1 1.41014 1
60 77 1 2.13955 1
60 78 1 -0.0215314 1
60 79 1 0.528013 1
60 80 1 -3.43627 1
60 81 1 -1.11151 1
60 82 1 -2.77501 1
60 83 1 1.51247 1
60 84 1 -1.86194 1
60 85 1 1.54736 1
60 86 1 1.7905 1
60 87 1 0.374235 1
60 88 1 -2.03755 1
60 89 1 -1.66558 1
60 90 1 -1.91318 1
60 91 1 0.369483 1
60 92 1 0.43091 1
60 93 1 1.3752 1
60 94 1 0.160532 1
60 95 1 1.54133 1
60 24 1 -1.75069 1
60 0 1 2.73615 1
60 115 1 0.387477 1
60 25 1 -0.0502941 1
115 72 1 -0.230364 1
61 64 1 -1.10833 1
61 65 1 -0.0753862 1
61 66 1 0.506754 1
61 67 1 -0.510296 1
61 68 1 -3.86864 1
61 69 1 1.17866 1
61 70 1 0.330686 1
61 71 1 1.43119 1
61 72 1 -1.71645 1
61 73 1 0.892494 1
61 74 1 1.06219 1
61 75 1 0.515388 1
61 76 1 0.524946 1
61 77 1 -0.635387 0
61 78 1 1.174 1
61 79 1 -0.505083 1
61 80 1 -1.23446 1
61 81 1 0.404171 1
61 82 1 0.0202123 1
61 83 1 0.664152 1
61 84 1 -1.44681 1
61 85 1 2.50864 1
61 86 1 -0.117935 1
61 87 1 0.89546 1
61 88 1 0.98212 1
61 89 1 0.570782 1
61 90 1 2.193 1
61 91 1 1.36768 1
61 92 1 -1.9694 1
61 93 1 -0.885125 1
61 94 1 0.843094 1
61 95 1 0.976397 1
61 107 1 0.277076 1
107 77 1 -3.67182 0
107 113 1 2.08111 1
107 14 1 0.786302 1
113 77 1 -3.31626 1
113 23 1 -1.1449 1
62 64 1 1.84142 1
62 65 1 -1.64059 1
62 66 1 3.00722 1
62 67 1 -1.18379 1
62 68 1 0.813002 1
62 69 1 0.1448 1
62 70 1 0.500716 1
62 71 1 -1.60819 1
62 72 1 0.0319845 1
62 73 1 1.89396 1
62 74 1 1.9977 1
62 75 1 -0.674079 1
62 76 1 0.870009 1
62 77 1 -1.77423 1
62 78 1 -3.48122 1
62 79 1 1.76914 1
62 80 1 -1.36708 1
62 81 1 -1.5715 1
62 82 1 0.106466 1
62 83 1 0.689101 1
62 84 1 -0.329288 1
62 85 1 -0.664715 1
62 86 1 3.28219 1
62 87 1 -2.41262 1
62 88 1 0.259864 1
62 89 1 -1.59106 1
62 90 1 -5.17878 1
62 91 1 1.34982 1
62 92 1 -0.764082 1
62 93 1 2.26427 1
62 94 1 0.50542 1
62 95 1 0.333657 1
62 5 1 0.0626825 1
63 64 1 3.38074 1
63 65 1 -0.301086 1
63 66 1 2.31822 1
63 67 1 1.04883 1
63 68 1 -0.782834 1
63 69 1 -3.29809 1
63 70 1 0.185588 1
63 71 1 2.27712 1
63 72 1 -1.28188 1
63 73 1 -0.276534 1
63 74 1 -2.34325 1
63 75 1 0.288917 1
63 76 1 -1.34425 1
63 77 1 2.0281 1
63 78 1 0.596968 1
63 79 1 -1.11407 1
63 80 1 1.62725 1
63 81 1 0.0105655 1
63 82 1 1.3972 1
63 83 1 -0.436838 1
63 84 1 -2.90709 1
63 85 1 -3.29558 1
63 86 1 4.47014 1
63 87 1 -2.06631 1
63 88 1 0.710224 1
63 89 1 -0.346845 1
63 90 1 2.57996 1
63 91 1 -1.38403 1
63 92 1 0.102135 1
63 93 1 0.127957 1
63 94 1 -1.36538 1
63 95 1 -0.0505131 1
