126 64 32
1.28153 -0.705049 -3.42636 5.13364 -1.80867 1.51554 -0.777565 -0.951199 1.5415 2.10645 0.617687 1.04701 -3.42321 -3.79725 0.349797 -2.29319 -0.11567 0.324414 -1.02394 -1.10763 -3.95053 -0.511424 -0.568994 0.697454 -0.302928 0.976362 2.89694 1.67258 -0.871011 -0.571532 -4.39189 1.12384 -0.737013 3.92999 0.322798 0.647262 -1.88692 1.11992 -0.740992 -1.71058 -1.01422 -0.361795 1.14805 -1.4815 -0.433303 0.630345 -1.07756 1.37872 0.516725 0.350628 2.56121 -2.32459 -1.19336 0.744678 -0.00344436 2.36742 -2.1792 -0.432438 0.60156 -1.39867 0.599916 -1.17281 -1.03913 -3.8153 -3.39668 0.578175 1.40267 2.06708 -1.39973 0.339704 -1.90894 -1.43431 -1.11369 -1.4726 1.05867 0.755132 -1.26649 -0.320201 -1.12871 -3.82289 -0.0113713 0.277713 -0.838334 2.1592 0.398067 1.1559 -2.43163 -0.217345 1.55622 -0.521982 -1.63952 -0.191432 -2.90854 0.814207 0.611623 -1.73324 -1.12247 -0.0508948 -0.366618 -0.298154 1.7916 -1.47871 -3.86784 -1.97376 -1.28787 1.99851 -0.938236 -1.50423 -1.76414 -0.145392 -0.453667 1.20025 2.62013 -1.44568 -1.25569 -0.880393 -0.937388 -0.908935 -0.122273 -0.352228 0.523245 0.630343 0.780432 0.346742 -0.25479 0.136436 
0 64 1 -2.75023 1
0 65 1 -1.51005 1
0 66 1 -0.489861 1
0 67 1 -1.95899 1
0 68 1 0.829759 1
0 69 1 1.94493 1
0 70 1 -0.780842 1
0 71 1 -0.00438261 1
0 72 1 -2.52481 1
0 73 1 -0.251735 1
0 74 1 -2.41803 1
0 75 1 -0.430984 1
0 76 1 1.77618 1
0 77 1 0.21195 1
0 78 1 -1.95681 1
0 79 1 4.22147 1
0 80 1 0.189536 1
0 81 1 1.61067 1
0 82 1 1.84808 1
0 83 1 1.88373 1
0 84 1 -1.9585 1
0 85 1 1.83647 1
0 86 1 -0.778249 1
0 87 1 -1.80469 1
0 88 1 0.751977 1
0 89 1 1.03885 1
0 90 1 2.70059 1
0 91 1 3.38633 1
0 92 1 -2.58171 1
0 93 1 -0.0217356 1
0 94 1 0.921352 1
0 95 1 0.91109 1
1 64 1 -0.890022 1
1 65 1 1.35144 1
1 66 1 1.6002 1
1 67 1 -0.472381 1
1 68 1 3.6922 1
1 69 1 1.98559 1
1 70 1 2.27023 1
1 71 1 0.410977 1
1 72 1 0.00387518 1
1 73 1 -0.773659 1
1 74 1 -2.48417 1
1 75 1 0.56821 1
1 76 1 0.440201 1
1 77 1 4.35623 1
1 78 1 -1.92518 1
1 79 1 1.48589 1
1 80 1 -1.783 1
1 81 1 1.12081 1
1 82 1 1.61529 1
1 83 1 -3.73067 1
1 84 1 -0.259391 1
1 85 1 -0.609949 1
1 86 1 0.029582 1
1 87 1 -0.460624 1
1 88 1 -0.179236 1
1 89 1 1.08095 1
1 90 1 -0.321284 1
1 91 1 -1.94521 1
1 92 1 0.889317 1
1 93 1 0.189918 1
1 94 1 -1.84498 1
1 95 1 -3.38114 1
2 64 1 -0.978325 1
2 65 1 3.43108 1
2 66 1 -0.736329 1
2 67 1 -2.05224 1
2 68 1 0.48355 1
2 69 1 2.36085 1
2 70 1 0.167484 1
2 71 1 2.52075 1
2 72 1 -1.80158 1
2 73 1 -2.75718 1
2 74 1 -2.02645 1
2 75 1 -0.436451 1
2 76 1 -4.32257 1
2 77 1 0.715636 1
2 78 1 -2.6899 1
2 79 1 -2.98393 1
2 80 1 1.61118 1
2 81 1 -4.33214 1
2 82 1 0.706718 1
2 83 1 -1.56097 1
2 84 1 0.256374 1
2 85 1 2.45446 1
2 86 1 -1.0059 1
2 87 1 -0.771756 1
2 88 1 0.138186 1
2 89 1 -4.23395 1
2 90 1 -1.38351 1
2 91 1 -2.37708 1
2 92 1 0.988394 1
2 93 1 -4.16082 1
2 94 1 1.7411 1
2 95 1 -1.28903 1
2 100 1 -0.204211 1
2 6 1 3.79014 1
3 64 1 -2.50922 1
3 65 1 -1.51204 1
3 66 1 0.0997834 1
3 67 1 1.24252 1
3 68 1 1.88419 1
3 69 1 -2.82591 1
3 70 1 0.977974 1
3 71 1 1.43905 1
3 72 1 5.35711 1
3 73 1 -0.197528 1
3 74 1 1.51475 1
3 75 1 2.23914 1
3 76 1 1.13652 1
3 77 1 -1.72815 1
3 78 1 0.217944 1
3 79 1 -1.2035 1
3 80 1 -0.248796 1
3 81 1 0.079944 1
3 82 1 4.99505 1
3 83 1 -1.11474 1
3 84 1 0.0734113 1
3 85 1 -2.05446 1
3 86 1 1.0029 1
3 87 1 -0.428077 1
3 88 1 1.2983 1
3 89 1 1.53215 1
3 90 1 0.210103 1
3 91 1 -0.823819 1
3 92 1 -1.28426 1
3 93 1 -2.72088 1
3 94 1 -2.18432 1
3 95 1 0.540739 0
3 110 1 0.347699 1
110 95 1 0.620079 0
110 111 1 0.751749 1
111 95 1 -1.30999 1
4 64 1 0.773219 1
4 65 1 -0.621738 1
4 66 1 -3.39083 1
4 67 1 0.87191 1
4 68 1 0.684918 1
4 69 1 1.91783 1
4 70 1 0.21782 1
4 71 1 -0.663887 1
4 72 1 2.29371 1
4 73 1 -1.69502 0
4 74 1 0.699906 1
4 75 1 -2.97953 0
4 76 1 1.57583 1
4 77 1 1.97449 1
4 78 1 2.03307 1
4 79 1 -0.784049 1
4 80 1 -3.33077 1
4 81 1 -1.49815 1
4 82 1 -0.554864 1
4 83 1 -0.494146 1
4 84 1 0.0081841 1
4 85 1 3.07458 1
4 86 1 0.745026 1
4 87 1 -2.65341 1
4 88 1 -0.0773043 1
4 89 1 -0.887592 1
4 90 1 0.850497 1
4 91 1 -3.55232 1
4 92 1 -0.209489 1
4 93 1 -0.141831 1
4 94 1 -2.24631 1
4 95 1 1.65271 1
4 101 1 1.76256 1
4 17 1 0.146177 1
4 118 1 1.16013 1
118 73 1 -2.83045 1
101 75 1 0.844237 1
5 64 1 -1.00433 1
5 65 1 1.679 1
5 66 1 -1.86281 1
5 67 1 2.79513 1
5 68 1 0.962371 1
5 69 1 0.954313 1
5 70 1 -1.94974 1
5 71 1 -0.422303 1
5 72 1 0.830513 1
5 73 1 -1.80946 1
5 74 1 -0.492354 1
5 75 1 3.24544 1
5 76 1 2.23114 1
5 77 1 -0.910049 1
5 78 1 -2.28172 1
5 79 1 -0.527994 1
5 80 1 2.47248 1
5 81 1 -0.950929 1
5 82 1 0.45072 1
5 83 1 3.50993 1
5 84 1 1.01018 1
5 85 1 0.957792 1
5 86 1 -0.960184 1
5 87 1 -0.248395 1
5 88 1 -1.54701 1
5 89 1 -2.34763 1
5 90 1 -2.40113 1
5 91 1 2.97829 1
5 92 1 -2.19679 1
5 93 1 1.22044 1
5 94 1 -0.236418 1
5 95 1 0.126999 1
6 64 1 0.228451 1
6 65 1 -1.30217 1
6 66 1 2.334 1
6 67 1 1.20755 1
6 68 1 -2.73309 1
6 69 1 0.0159093 1
6 70 1 -1.39163 1
6 71 1 -0.438848 1
6 72 1 1.24882 1
6 73 1 -1.54885 1
6 74 1 -2.06793 1
6 75 1 -0.959295 1
6 76 1 4.77744 1
6 77 1 -0.572456 1
6 78 1 0.140277 1
6 79 1 -3.96021 1
6 80 1 1.4524 1
6 81 1 -0.136243 1
6 82 1 0.460026 1
6 83 1 2.03848 1
6 84 1 2.3218 1
6 85 1 -2.4848 1
6 86 1 0.178302 1
6 87 1 2.05616 1
6 88 1 -1.9012 1
6 89 1 -2.57717 1
6 90 1 1.44683 1
6 91 1 -0.109081 1
6 92 1 3.12586 1
6 93 1 0.0949334 1
6 94 1 -1.65947 1
6 95 1 -0.112822 1
6 26 1 1.31164 1
7 64 1 1.71912 1
7 65 1 1.04429 1
7 66 1 -0.31145 1
7 67 1 -1.28851 1
7 68 1 -3.05718 1
7 69 1 -0.744692 1
7 70 1 2.41272 1
7 71 1 1.12958 1
7 72 1 2.21059 1
7 73 1 1.44282 1
7 74 1 -1.10115 1
7 75 1 -1.65485 1
7 76 1 1.21956 1
7 77 1 -0.424797 1
7 78 1 2.11972 1
7 79 1 3.77144 1
7 80 1 -0.932157 1
7 81 1 0.563616 1
7 82 1 -4.29679 1
7 83 1 2.09041 0
7 84 1 -2.04727 1
7 85 1 2.99564 1
7 86 1 2.50476 1
7 87 1 0.746103 1
7 88 1 -1.32722 1
7 89 1 -0.835956 1
7 90 1 1.37734 1
7 91 1 -2.11057 1
7 92 1 0.275365 1
7 93 1 -1.16798 1
7 94 1 1.21805 1
7 95 1 3.08271 1
7 100 1 -0.923728 1
100 83 1 -1.29944 1
100 24 1 -0.779557 0
100 106 1 3.04344 1
106 24 1 -3.97216 1
106 6 1 -0.493842 1
8 64 1 3.29931 1
8 65 1 -1.95651 1
8 66 1 -1.02707 1
8 67 1 0.161351 1
8 68 1 0.870617 1
8 69 1 2.86329 1
8 70 1 -1.51323 1
8 71 1 1.83341 1
8 72 1 2.24512 1
8 73 1 0.634136 1
8 74 1 -1.49611 1
8 75 1 -3.19648 1
8 76 1 -0.980915 1
8 77 1 1.90516 1
8 78 1 -0.983635 1
8 79 1 0.0763523 1
8 80 1 0.551982 1
8 81 1 -0.906767 1
8 82 1 -0.306491 1
8 83 1 -1.68617 1
8 84 1 3.4403 1
8 85 1 4.30133 1
8 86 1 3.50447 1
8 87 1 1.22244 1
8 88 1 0.21858 1
8 89 1 3.21659 1
8 90 1 2.08304 1
8 91 1 1.99372 1
8 92 1 2.52719 1
8 93 1 2.67638 1
8 94 1 4.18929 1
8 95 1 -0.169689 1
9 64 1 -0.13232 1
9 65 1 -1.44323 1
9 66 1 -0.277573 1
9 67 1 0.949477 1
9 68 1 -1.83025 1
9 69 1 -1.31809 1
9 70 1 -3.03755 1
9 71 1 -0.284849 1
9 72 1 1.25612 1
9 73 1 -1.45497 1
9 74 1 1.57407 1
9 75 1 -0.475808 1
9 76 1 1.54378 1
9 77 1 -0.624123 1
9 78 1 1.66453 1
9 79 1 1.53413 1
9 80 1 0.363958 1
9 81 1 -1.04735 1
9 82 1 -1.44758 1
9 83 1 -0.103335 1
9 84 1 3.52711 1
9 85 1 4.18101 1
9 86 1 -1.28048 1
9 87 1 2.36396 1
9 88 1 0.990315 1
9 89 1 4.35772 1
9 90 1 -0.10516 1
9 91 1 -1.64938 1
9 92 1 -2.07231 1
9 93 1 -2.90149 1
9 94 1 -2.88023 1
9 95 1 -0.437267 1
10 64 1 2.58943 1
10 65 1 0.182694 1
10 66 1 1.82623 1
10 67 1 -2.34803 1
10 68 1 3.59109 1
10 69 1 -1.08738 1
10 70 1 -0.708011 1
10 71 1 -2.1762 1
10 72 1 2.7301 1
10 73 1 2.6663 1
10 74 1 0.39597 0
10 75 1 0.478165 1
10 76 1 0.887928 1
10 77 1 0.412993 1
10 78 1 -1.62728 1
10 79 1 -3.36271 1
10 80 1 0.942196 1
10 81 1 1.1084 1
10 82 1 1.48523 1
10 83 1 1.40769 1
10 84 1 0.430715 1
10 85 1 3.19434 1
10 86 1 -0.0946602 1
10 87 1 1.50354 1
10 88 1 1.60415 1
10 89 1 -1.0327 1
10 90 1 -0.359306 1
10 91 1 0.581302 1
10 92 1 3.04941 1
10 93 1 -2.68388 1
10 94 1 3.02199 1
10 95 1 3.94817 1
10 124 1 0.800329 1
124 74 1 0.0770086 1
11 64 1 5.24546 1
11 65 1 0.673486 1
11 66 1 2.2058 1
11 67 1 -1.31298 1
11 68 1 4.96307 1
11 69 1 -0.0414189 1
11 70 1 2.19682 1
11 71 1 0.873507 1
11 72 1 -0.990611 1
11 73 1 1.28772 1
11 74 1 -0.991425 0
11 75 1 -1.86325 1
11 76 1 -0.982647 1
11 77 1 -0.181522 1
11 78 1 -2.20779 1
11 79 1 -1.03014 1
11 80 1 -0.758674 1
11 81 1 0.407137 1
11 82 1 3.09481 1
11 83 1 0.0920255 1
11 84 1 3.77328 1
11 85 1 -1.10414 1
11 86 1 -2.55935 1
11 87 1 -0.328953 1
11 88 1 -2.99722 1
11 89 1 -1.33203 1
11 90 1 1.088 1
11 91 1 -0.159264 1
11 92 1 -3.51521 1
11 93 1 2.74006 1
11 94 1 0.722546 1
11 95 1 -0.928369 1
11 120 1 0.115149 1
120 74 1 -0.853652 1
12 64 1 -1.41629 1
12 65 1 1.86971 1
12 66 1 -2.20014 1
12 67 1 -2.99922 1
12 68 1 0.707057 1
12 69 1 0.862846 1
12 70 1 2.15671 1
12 71 1 1.22884 1
12 72 1 -0.0794221 1
12 73 1 -1.59863 1
12 74 1 -1.5384 1
12 75 1 -1.60981 1
12 76 1 0.410481 1
12 77 1 2.38673 1
12 78 1 -1.5265 1
12 79 1 -1.79228 1
12 80 1 -1.59455 1
12 81 1 -0.953467 1
12 82 1 0.897441 1
12 83 1 -0.519709 1
12 84 1 -1.14323 1
12 85 1 1.39856 1
12 86 1 0.623224 1
12 87 1 2.04287 1
12 88 1 -0.518383 1
12 89 1 1.27364 1
12 90 1 -0.378552 1
12 91 1 -2.61203 1
12 92 1 -0.644559 1
12 93 1 -1.90749 1
12 94 1 0.470178 1
12 95 1 0.156281 1
12 17 1 -0.290363 1
13 64 1 -2.49887 1
13 65 1 -3.16802 1
13 66 1 0.112876 1
13 67 1 1.22514 1
13 68 1 2.53026 1
13 69 1 -2.34174 1
13 70 1 1.95145 1
13 71 1 2.75172 1
13 72 1 -0.0841004 1
13 73 1 -3.28155 1
13 74 1 -1.27429 1
13 75 1 -1.22082 1
13 76 1 -0.845065 1
13 77 1 -1.44216 1
13 78 1 -1.2715 1
13 79 1 0.261289 1
13 80 1 1.96611 1
13 81 1 -0.334587 1
13 82 1 1.12121 1
13 83 1 0.951221 1
13 84 1 -0.887364 1
13 85 1 1.27257 1
13 86 1 5.10402 1
13 87 1 4.03523 1
13 88 1 2.7872 1
13 89 1 -0.593792 1
13 90 1 -5.20951 1
13 91 1 -1.91009 1
13 92 1 -3.18842 1
13 93 1 -3.02314 1
13 94 1 -1.15112 1
13 95 1 -2.90923 1
14 64 1 -2.10735 1
14 65 1 3.40828 1
14 66 1 2.08776 1
14 67 1 -3.311 1
14 68 1 -3.47919 1
14 69 1 3.78987 1
14 70 1 -0.888325 1
14 71 1 3.32426 1
14 72 1 0.439871 1
14 73 1 0.286862 1
14 74 1 2.59818 1
14 75 1 1.5 1
14 76 1 -0.319125 1
14 77 1 -0.293415 1
14 78 1 -1.45302 1
14 79 1 0.0277531 1
14 80 1 0.16409 1
14 81 1 3.0928 0
14 82 1 2.53415 1
14 83 1 -1.72067 1
14 84 1 -1.34499 1
14 85 1 -1.10344 1
14 86 1 1.9193 1
14 87 1 -0.471746 1
14 88 1 -1.6446 1
14 89 1 -1.16959 1
14 90 1 0.893237 1
14 91 1 4.14405 1
14 92 1 0.662335 1
14 93 1 1.20657 1
14 94 1 2.93274 1
14 95 1 -2.37262 1
14 104 1 -0.276488 1
14 119 1 0.162328 1
119 81 1 3.15372 1
15 64 1 -1.05217 1
15 65 1 1.68206 1
15 66 1 -2.00871 1
15 67 1 0.185651 1
15 68 1 -0.474819 1
15 69 1 0.618011 1
15 70 1 4.3291 1
15 71 1 -1.16643 1
15 72 1 -2.64722 1
15 73 1 -1.88748 1
15 74 1 -0.798272 1
15 75 1 -2.00487 1
15 76 1 -0.713797 1
15 77 1 2.10751 1
15 78 1 -2.49696 1
15 79 1 -1.0754 1
15 80 1 1.20745 1
15 81 1 3.21347 1
15 82 1 -4.64145 1
15 83 1 0.980309 1
15 84 1 0.779564 1
15 85 1 -2.09792 1
15 86 1 1.22064 1
15 87 1 -3.28763 1
15 88 1 0.845539 1
15 89 1 0.404809 1
15 90 1 0.196482 1
15 91 1 -1.71682 1
15 92 1 -1.05561 1
15 93 1 0.834979 1
15 94 1 2.74465 1
15 95 1 1.19761 1
16 64 1 1.02599 1
16 65 1 -2.14936 1
16 66 1 -3.25058 1
16 67 1 -0.773039 1
16 68 1 2.93058 1
16 69 1 0.677903 1
16 70 1 2.62619 1
16 71 1 2.33551 1
16 72 1 -1.58645 1
16 73 1 -1.82054 1
16 74 1 0.753036 1
16 75 1 -0.430826 1
16 76 1 -0.533833 1
16 77 1 1.88726 1
16 78 1 -1.3967 1
16 79 1 -2.06501 1
16 80 1 -2.30512 1
16 81 1 0.117029 1
16 82 1 -0.953055 1
16 83 1 0.16386 1
16 84 1 -0.316083 1
16 85 1 1.51285 1
16 86 1 -1.95917 1
16 87 1 -1.09814 1
16 88 1 1.54987 1
16 89 1 0.780917 1
16 90 1 0.552564 1
16 91 1 2.49664 1
16 92 1 3.08518 1
16 93 1 -0.179322 1
16 94 1 -0.571557 1
16 95 1 -3.82473 1
17 64 1 -3.38624 1
17 65 1 -1.08477 1
17 66 1 -2.07837 1
17 67 1 3.42295 1
17 68 1 -0.120191 1
17 69 1 -0.860377 1
17 70 1 0.2308 1
17 71 1 3.65666 1
17 72 1 -6.13972 1
17 73 1 2.32184 1
17 74 1 1.63803 1
17 75 1 0.488572 1
17 76 1 -3.23471 1
17 77 1 0.782368 1
17 78 1 0.747619 1
17 79 1 -2.98015 1
17 80 1 2.11603 1
17 81 1 2.88936 1
17 82 1 -1.09506 1
17 83 1 -1.40969 1
17 84 1 -3.98383 1
17 85 1 1.04913 1
17 86 1 2.5661 1
17 87 1 -0.0846179 1
17 88 1 -3.22469 1
17 89 1 -1.39478 1
17 90 1 -3.39192 1
17 91 1 2.14723 1
17 92 1 0.51312 1
17 93 1 1.04287 1
17 94 1 3.5332 1
17 95 1 -1.17312 1
18 64 1 0.657855 1
18 65 1 0.70072 1
18 66 1 3.35506 1
18 67 1 0.224452 1
18 68 1 0.604581 1
18 69 1 -0.0242539 1
18 70 1 1.31965 1
18 71 1 -0.547173 1
18 72 1 2.67052 1
18 73 1 -1.86313 1
18 74 1 1.67242 1
18 75 1 -0.416613 1
18 76 1 1.8057 1
18 77 1 1.18945 1
18 78 1 1.31609 1
18 79 1 0.487457 1
18 80 1 -0.160588 1
18 81 1 3.69569 1
18 82 1 -1.54512 1
18 83 1 0.0997285 1
18 84 1 -1.52576 1
18 85 1 -0.71678 1
18 86 1 3.16742 1
18 87 1 -1.14598 1
18 88 1 1.54727 1
18 89 1 0.0260133 1
18 90 1 0.636414 1
18 91 1 0.424109 1
18 92 1 -1.19707 1
18 93 1 1.1113 1
18 94 1 0.385953 1
18 95 1 -0.95276 1
18 25 1 -0.0540629 1
19 64 1 0.243943 1
19 65 1 -2.31719 1
19 66 1 1.64542 1
19 67 1 -2.23647 1
19 68 1 -1.90042 1
19 69 1 1.55793 1
19 70 1 0.00833907 1
19 71 1 0.177284 1
19 72 1 2.04288 1
19 73 1 -0.0926057 1
19 74 1 -0.118706 1
19 75 1 1.41882 1
19 76 1 -1.73953 1
19 77 1 0.36086 1
19 78 1 -2.02283 1
19 79 1 0.982207 1
19 80 1 -0.0666424 1
19 81 1 -2.91001 1
19 82 1 0.599805 1
19 83 1 -2.32186 1
19 84 1 1.16342 1
19 85 1 -0.785697 1
19 86 1 0.670617 1
19 87 1 2.06976 1
19 88 1 2.02351 1
19 89 1 4.24974 1
19 90 1 -0.355427 1
19 91 1 0.896616 1
19 92 1 1.11237 1
19 93 1 -3.23175 1
19 94 1 -2.21797 1
19 95 1 -3.51157 1
20 64 1 2.2882 1
20 65 1 1.06634 1
20 66 1 0.286622 1
20 67 1 1.53348 1
20 68 1 0.191046 1
20 69 1 -0.732765 1
20 70 1 -2.7637 1
20 71 1 -0.160731 1
20 72 1 0.715406 1
20 73 1 -0.185045 1
20 74 1 1.70317 1
20 75 1 2.93361 1
20 76 1 0.25574 1
20 77 1 -1.83387 1
20 78 1 0.304606 1
20 79 1 0.942689 1
20 80 1 -1.05148 1
20 81 1 0.0851113 1
20 82 1 2.92611 1
20 83 1 2.62567 1
20 84 1 0.283243 1
20 85 1 -1.10562 1
20 86 1 0.943741 1
20 87 1 -0.635197 1
20 88 1 1.37074 1
20 89 1 0.805367 1
20 90 1 -0.0660804 1
20 91 1 -1.17125 0
20 92 1 -2.42265 1
20 93 1 2.05663 0
20 94 1 2.53355 0
20 95 1 -0.93886 1
20 96 1 -2.17732 1
20 98 1 0.383541 1
20 103 1 0.585546 1
103 91 1 0.75583 0
103 105 1 2.57483 1
103 112 1 0.452157 1
103 123 1 0.559358 1
123 91 1 0.452925 1
105 91 1 0.92586 1
98 93 1 -0.59819 1
98 99 1 1.21827 1
96 94 1 1.41656 1
96 20 1 -1.05397 1
21 64 1 0.383649 1
21 65 1 2.57494 1
21 66 1 -2.82027 1
21 67 1 -2.90344 1
21 68 1 -1.56885 1
21 69 1 4.1902 1
21 70 1 -0.650208 1
21 71 1 -2.21253 1
21 72 1 -4.54756 1
21 73 1 -0.164728 1
21 74 1 -0.264079 1
21 75 1 -0.984939 1
21 76 1 -0.670723 1
21 77 1 -0.044009 1
21 78 1 -3.58324 1
21 79 1 -1.61831 1
21 80 1 0.784881 1
21 81 1 -0.216529 1
21 82 1 0.261559 1
21 83 1 -0.0308787 1
21 84 1 5.27842 1
21 85 1 -0.918627 1
21 86 1 0.501964 1
21 87 1 0.561142 1
21 88 1 2.74221 1
21 89 1 2.18308 1
21 90 1 -0.13495 1
21 91 1 -2.22125 1
21 92 1 1.64912 1
21 93 1 1.44114 1
21 94 1 -0.477643 1
21 95 1 1.0042 1
22 64 1 0.675148 1
22 65 1 2.02741 1
22 66 1 1.52704 1
22 67 1 3.2061 1
22 68 1 -0.999236 1
22 69 1 -2.17734 1
22 70 1 -0.535383 1
22 71 1 1.21579 1
22 72 1 -1.89836 1
22 73 1 -0.445942 1
22 74 1 -1.55732 1
22 75 1 0.085016 1
22 76 1 2.19037 1
22 77 1 0.799775 1
22 78 1 1.00496 1
22 79 1 2.5477 1
22 80 1 -1.34704 1
22 81 1 -2.25434 1
22 82 1 0.742767 1
22 83 1 -0.405388 1
22 84 1 -0.916497 1
22 85 1 -1.04554 1
22 86 1 1.47019 1
22 87 1 2.57904 1
22 88 1 -2.15372 1
22 89 1 -0.841373 1
22 90 1 2.02622 1
22 91 1 1.97412 1
22 92 1 -0.600768 1
22 93 1 1.02364 1
22 94 1 2.75434 1
22 95 1 2.70719 1
23 64 1 -1.46002 1
23 65 1 1.10763 1
23 66 1 0.666845 1
23 67 1 1.04495 1
23 68 1 -2.80416 1
23 69 1 -0.355475 1
23 70 1 2.30665 1
23 71 1 -4.11246 1
23 72 1 0.16908 1
23 73 1 -0.703278 1
23 74 1 2.14164 1
23 75 1 1.59877 1
23 76 1 -0.283034 1
23 77 1 2.6527 1
23 78 1 1.45743 1
23 79 1 -4.31391 1
23 80 1 0.931555 1
23 81 1 -0.0141699 1
23 82 1 -1.02503 1
23 83 1 0.542989 1
23 84 1 1.67603 1
23 85 1 0.969869 1
23 86 1 -4.92637 1
23 87 1 -0.163193 1
23 88 1 1.72141 1
23 89 1 -0.867701 1
23 90 1 -1.07134 1
23 91 1 0.177854 1
23 92 1 -0.0672483 1
23 93 1 1.76872 1
23 94 1 -1.31092 1
23 95 1 -1.72106 1
23 107 1 0.901787 1
24 64 1 -3.51693 1
24 65 1 1.40407 1
24 66 1 -0.133765 1
24 67 1 4.05016 1
24 68 1 -2.81773 1
24 69 1 0.592326 1
24 70 1 -0.00935876 1
24 71 1 4.34499 1
24 72 1 -0.891573 1
24 73 1 0.731259 1
24 74 1 -0.345072 1
24 75 1 -0.227927 1
24 76 1 1.87828 1
24 77 1 -0.760315 1
24 78 1 -1.64896 1
24 79 1 0.0812568 1
24 80 1 -0.613406 1
24 81 1 0.914087 1
24 82 1 0.964359 1
24 83 1 -2.76513 1
24 84 1 -2.53064 1
24 85 1 -0.713476 1
24 86 1 -2.15939 1
24 87 1 2.10298 1
24 88 1 -2.07828 1
24 89 1 4.12336 1
24 90 1 2.25773 1
24 91 1 -1.69629 1
24 92 1 0.469913 1
24 93 1 -0.182774 1
24 94 1 -0.427288 1
24 95 1 2.08505 1
24 5 1 3.20887 1
25 64 1 -0.695291 1
25 65 1 2.67975 1
25 66 1 -0.242298 1
25 67 1 0.00513931 1
25 68 1 4.48073 1
25 69 1 -4.62565 1
25 70 1 4.30315 0
25 71 1 -3.64948 1
25 72 1 0.677564 1
25 73 1 -0.289729 1
25 74 1 1.157 1
25 75 1 -0.975725 1
25 76 1 1.07469 1
25 77 1 -0.31235 1
25 78 1 1.42065 1
25 79 1 -1.12049 1
25 80 1 2.38351 1
25 81 1 -2.28453 1
25 82 1 -1.50914 1
25 83 1 1.8542 1
25 84 1 -2.84889 1
25 85 1 -1.59417 1
25 86 1 1.12477 1
25 87 1 0.683879 1
25 88 1 -0.164009 1
25 89 1 2.48958 1
25 90 1 -4.20024 1
25 91 1 0.239928 1
25 92 1 -0.705628 1
25 93 1 0.455019 1
25 94 1 0.749049 1
25 95 1 -4.37316 1
25 8 1 0.517725 1
25 6 1 -0.987785 1
25 121 1 0.451984 1
121 70 1 5.65515 1
26 64 1 -1.9741 1
26 65 1 1.22383 1
26 66 1 1.02844 1
26 67 1 1.71286 1
26 68 1 1.68156 1
26 69 1 2.25918 1
26 70 1 -3.10746 1
26 71 1 -0.464641 1
26 72 1 -1.26207 1
26 73 1 -0.347776 1
26 74 1 -2.27525 1
26 75 1 2.82811 1
26 76 1 -0.273135 1
26 77 1 -2.65604 1
26 78 1 1.74303 1
26 79 1 -2.71081 1
26 80 1 0.469581 1
26 81 1 3.10384 1
26 82 1 -0.180076 1
26 83 1 2.23953 1
26 84 1 -0.698965 1
26 85 1 -0.359169 1
26 86 1 -2.67617 1
26 87 1 0.257456 1
26 88 1 -2.59827 1
26 89 1 -0.411107 1
26 90 1 -2.57868 1
26 91 1 -3.44861 1
26 92 1 -1.04518 1
26 93 1 -0.820015 1
26 94 1 1.17243 1
26 95 1 -1.66716 1
26 23 1 1.97875 1
26 15 1 -0.200463 1
27 64 1 -4.99943 1
27 65 1 2.08174 1
27 66 1 2.04937 1
27 67 1 -0.051002 1
27 68 1 -0.77146 1
27 69 1 0.781421 1
27 70 1 2.67395 1
27 71 1 -4.36359 1
27 72 1 -0.573475 1
27 73 1 1.74228 1
27 74 1 -1.6029 1
27 75 1 1.24992 1
27 76 1 -0.68986 1
27 77 1 -2.35678 1
27 78 1 2.5105 1
27 79 1 1.15473 1
27 80 1 -0.916614 1
27 81 1 -1.13621 1
27 82 1 -0.595278 1
27 83 1 -2.25538 1
27 84 1 1.54631 1
27 85 1 0.141234 1
27 86 1 -2.60626 1
27 87 1 1.0012 1
27 88 1 -3.12567 1
27 89 1 -2.18665 1
27 90 1 -0.271395 1
27 91 1 0.19549 1
27 92 1 -1.36188 1
27 93 1 -1.11211 1
27 94 1 1.09149 1
27 95 1 0.260993 1
27 9 1 1.56076 1
28 64 1 1.11027 1
28 65 1 0.49153 1
28 66 1 0.104607 1
28 67 1 1.60876 1
28 68 1 1.69095 1
28 69 1 3.86853 1
28 70 1 -0.941101 1
28 71 1 -1.35494 1
28 72 1 -1.86921 1
28 73 1 0.996821 1
28 74 1 0.344998 1
28 75 1 -0.743602 1
28 76 1 0.633843 1
28 77 1 -0.131214 1
28 78 1 -1.37624 1
28 79 1 0.60317 1
28 80 1 3.40779 1
28 81 1 -0.362786 1
28 82 1 2.22672 1
28 83 1 1.73278 1
28 84 1 0.00612082 1
28 85 1 -5.98236 1
28 86 1 -1.28074 1
28 87 1 -2.63073 1
28 88 1 -3.90025 1
28 89 1 -0.705654 1
28 90 1 -3.18803 1
28 91 1 -0.494932 1
28 92 1 0.908039 1
28 93 1 -1.38041 1
28 94 1 2.82117 1
28 95 1 -2.34626 1
29 64 1 -0.756918 1
29 65 1 -0.100858 1
29 66 1 1.0753 1
29 67 1 1.36104 1
29 68 1 -1.42655 1
29 69 1 2.24086 1
29 70 1 0.0748248 1
29 71 1 -1.47044 1
29 72 1 1.34178 1
29 73 1 -1.01685 1
29 74 1 0.125955 1
29 75 1 0.633584 1
29 76 1 0.062171 1
29 77 1 -0.101558 1
29 78 1 -5.46246 1
29 79 1 -0.745885 1
29 80 1 -0.118471 1
29 81 1 2.0331 1
29 82 1 -1.89655 1
29 83 1 -1.6882 1
29 84 1 1.44269 1
29 85 1 -1.21665 1
29 86 1 0.132646 1
29 87 1 -4.44549 1
29 88 1 -0.0346927 1
29 89 1 -0.901447 1
29 90 1 -2.60616 1
29 91 1 0.819039 1
29 92 1 0.742425 1
29 93 1 0.837446 1
29 94 1 -1.2881 1
29 95 1 -1.33102 1
30 64 1 0.252973 1
30 65 1 1.47026 1
30 66 1 -0.255464 1
30 67 1 0.0850116 1
30 68 1 2.0837 1
30 69 1 1.08917 1
30 70 1 0.039353 1
30 71 1 0.342377 1
30 72 1 -0.204152 1
30 73 1 3.6461 1
30 74 1 1.10612 1
30 75 1 2.07233 1
30 76 1 -0.430562 1
30 77 1 -0.185194 1
30 78 1 2.01098 1
30 79 1 1.66909 1
30 80 1 0.561017 1
30 81 1 -1.50853 1
30 82 1 1.3934 1
30 83 1 3.89818 1
30 84 1 1.10189 1
30 85 1 -2.08019 1
30 86 1 -1.16365 1
30 87 1 -4.26234 1
30 88 1 0.202686 1
30 89 1 -2.34832 1
30 90 1 1.49957 1
30 91 1 3.71302 1
30 92 1 0.532613 1
30 93 1 1.57736 1
30 94 1 2.13831 1
30 95 1 0.279482 1
31 64 1 0.663686 1
31 65 1 0.378035 1
31 66 1 -0.396668 1
31 67 1 5.06062 1
31 68 1 3.24224 1
31 69 1 2.14404 1
31 70 1 -1.48525 1
31 71 1 0.65607 1
31 72 1 -0.905342 1
31 73 1 -2.04053 1
31 74 1 -0.268316 1
31 75 1 -1.08501 1
31 76 1 0.400088 1
31 77 1 -0.448248 1
31 78 1 -2.18012 1
31 79 1 1.61964 1
31 80 1 -1.87688 1
31 81 1 -0.681345 1
31 82 1 0.855035 1
31 83 1 -1.3776 1
31 84 1 -1.62754 1
31 85 1 -2.15978 1
31 86 1 0.814818 1
31 87 1 1.02601 0
31 88 1 1.31849 1
31 89 1 -0.677251 1
31 90 1 0.703778 1
31 91 1 0.589042 1
31 92 1 -2.29572 1
31 93 1 1.30127 1
31 94 1 -0.801291 1
31 95 1 0.641591 1
31 122 1 1.4316 1
122 87 1 0.589957 1
32 64 1 4.75557 1
32 65 1 1.5632 1
32 66 1 -1.93756 1
32 67 1 2.80723 1
32 68 1 0.327047 1
32 69 1 3.21801 1
32 70 1 -0.346198 1
32 71 1 1.31876 1
32 72 1 -3.53292 1
32 73 1 1.38397 1
32 74 1 -1.77579 1
32 75 1 1.36318 1
32 76 1 -2.18511 1
32 77 1 0.939557 1
32 78 1 -0.627207 1
32 79 1 1.86841 1
32 80 1 1.36545 1
32 81 1 -2.20087 1
32 82 1 -1.83312 1
32 83 1 -0.622523 1
32 84 1 0.370122 1
32 85 1 -3.49608 1
32 86 1 -2.01294 1
32 87 1 0.449233 1
32 88 1 -1.65462 1
32 89 1 -2.02549 1
32 90 1 -0.935901 1
32 91 1 -2.73103 1
32 92 1 2.07865 1
32 93 1 -2.58118 1
32 94 1 -0.0647471 1
32 95 1 -2.15626 1
33 64 1 1.27471 1
33 65 1 -4.4239 1
33 66 1 -1.43913 1
33 67 1 -1.04339 1
33 68 1 -1.19917 1
33 69 1 -1.18135 1
33 70 1 3.43592 1
33 71 1 1.38425 1
33 72 1 0.0730467 1
33 73 1 1.71743 1
33 74 1 0.517844 1
33 75 1 -2.02943 1
33 76 1 0.737622 1
33 77 1 3.44996 1
33 78 1 -1.97844 1
33 79 1 0.44341 1
33 80 1 1.97664 1
33 81 1 -1.93583 1
33 82 1 -0.764911 1
33 83 1 -0.718179 1
33 84 1 1.31193 1
33 85 1 0.956226 1
33 86 1 0.518435 1
33 87 1 1.58454 1
33 88 1 3.79088 1
33 89 1 2.52511 1
33 90 1 -2.45846 1
33 91 1 2.06342 1
33 92 1 2.80601 1
33 93 1 3.48441 1
33 94 1 0.21934 1
33 95 1 -0.442447 1
33 20 1 -1.01259 1
33 107 1 -0.180651 1
34 64 1 1.55628 1
34 65 1 -0.490155 1
34 66 1 1.01166 1
34 67 1 1.7653 1
34 68 1 1.33859 1
34 69 1 0.557727 1
34 70 1 -0.10137 1
34 71 1 -0.558277 1
34 72 1 -1.01624 1
34 73 1 -0.251901 1
34 74 1 2.00455 1
34 75 1 3.90633 1
34 76 1 -2.89387 1
34 77 1 1.0781 1
34 78 1 -0.202001 1
34 79 1 0.967285 1
34 80 1 1.71488 1
34 81 1 0.100071 1
34 82 1 0.102217 1
34 83 1 1.71848 1
34 84 1 0.548098 1
34 85 1 0.108735 1
34 86 1 -0.00606731 1
34 87 1 -0.30608 1
34 88 1 1.76896 1
34 89 1 -0.82835 1
34 90 1 -1.7875 1
34 91 1 1.66529 1
34 92 1 -0.212035 1
34 93 1 -3.48069 1
34 94 1 1.3311 1
34 95 1 0.517648 1
35 64 1 -1.55806 1
35 65 1 0.511932 1
35 66 1 0.3301 1
35 67 1 0.188822 1
35 68 1 1.21284 1
35 69 1 3.5036 1
35 70 1 0.537432 1
35 71 1 1.20426 1
35 72 1 0.370526 1
35 73 1 3.25936 1
35 74 1 3.17837 1
35 75 1 -0.642861 1
35 76 1 -0.764711 1
35 77 1 1.92131 1
35 78 1 -3.39344 1
35 79 1 -2.35631 1
35 80 1 -5.73764 1
35 81 1 0.0578798 1
35 82 1 2.31676 1
35 83 1 0.461225 1
35 84 1 2.23936 1
35 85 1 -2.51515 1
35 86 1 -1.45268 1
35 87 1 -0.644774 1
35 88 1 -0.0542089 1
35 89 1 2.08436 1
35 90 1 -2.02184 1
35 91 1 -2.60008 1
35 92 1 -0.769361 1
35 93 1 1.62299 1
35 94 1 -2.40066 1
35 95 1 -0.0207599 1
36 64 1 -1.21307 1
36 65 1 -0.734556 1
36 66 1 -0.152664 1
36 67 1 0.617786 1
36 68 1 -1.21897 1
36 69 1 -0.297498 1
36 70 1 0.299083 1
36 71 1 3.00279 1
36 72 1 1.02804 1
36 73 1 -0.608411 1
36 74 1 2.07832 1
36 75 1 0.0960152 1
36 76 1 0.709303 1
36 77 1 -1.57139 1
36 78 1 1.31072 1
36 79 1 2.70343 1
36 80 1 -0.137153 1
36 81 1 1.54928 1
36 82 1 -0.398201 0
36 83 1 0.116891 1
36 84 1 0.970352 1
36 85 1 -3.82682 1
36 86 1 0.11768 1
36 87 1 -0.687891 1
36 88 1 1.83694 1
36 89 1 -0.806123 1
36 90 1 -2.00878 1
36 91 1 1.01662 1
36 92 1 2.95763 1
36 93 1 -0.369477 1
36 94 1 -3.19801 1
36 95 1 3.27403 1
36 109 1 0.552194 0
36 24 1 -0.756698 1
36 117 1 0.722726 1
117 109 1 1.98857 1
109 82 1 1.02545 1
109 31 1 -1.60079 1
37 64 1 -2.70433 1
37 65 1 -0.379375 1
37 66 1 -2.15517 1
37 67 1 -2.72665 1
37 68 1 -3.33129 1
37 69 1 1.28045 1
37 70 1 -1.52907 1
37 71 1 -2.45403 1
37 72 1 1.37329 1
37 73 1 -0.281738 1
37 74 1 0.232775 1
37 75 1 0.0520963 1
37 76 1 2.65563 1
37 77 1 0.327637 1
37 78 1 0.794438 1
37 79 1 -0.645349 1
37 80 1 1.64952 1
37 81 1 0.60009 1
37 82 1 5.38077 1
37 83 1 -0.316187 1
37 84 1 -1.83286 1
37 85 1 1.5727 1
37 86 1 -1.76313 1
37 87 1 -1.19319 1
37 88 1 -3.21832 1
37 89 1 0.532807 1
37 90 1 0.241428 1
37 91 1 -0.778573 1
37 92 1 2.75126 1
37 93 1 -1.01845 1
37 94 1 -1.41024 1
37 95 1 0.669582 1
38 64 1 0.646143 1
38 65 1 -2.19682 1
38 66 1 -0.169691 1
38 67 1 -0.0434617 1
38 68 1 0.0862641 1
38 69 1 -0.27382 1
38 70 1 1.09608 1
38 71 1 0.646792 1
38 72 1 -0.85754 1
38 73 1 0.185098 1
38 74 1 0.496624 1
38 75 1 1.56861 1
38 76 1 2.22896 1
38 77 1 -0.740912 1
38 78 1 -1.99788 1
38 79 1 0.0541076 1
38 80 1 -2.63092 1
38 81 1 0.195781 1
38 82 1 0.352117 1
38 83 1 -0.371781 1
38 84 1 -2.01488 1
38 85 1 -0.717113 1
38 86 1 -1.084 1
38 87 1 0.356901 1
38 88 1 1.66586 1
38 89 1 2.76328 1
38 90 1 -2.05866 1
38 91 1 1.67559 1
38 92 1 0.325169 1
38 93 1 1.29742 1
38 94 1 -0.461521 1
38 95 1 -3.66307 1
39 64 1 0.206401 1
39 65 1 -2.37162 1
39 66 1 0.224663 1
39 67 1 -1.58039 1
39 68 1 -0.59281 1
39 69 1 0.242642 1
39 70 1 -0.143039 1
39 71 1 0.838367 1
39 72 1 -0.863108 1
39 73 1 -1.43352 1
39 74 1 2.89102 1
39 75 1 1.41447 0
39 76 1 0.680753 1
39 77 1 -1.92785 1
39 78 1 -1.08818 1
39 79 1 -1.0791 1
39 80 1 -0.587512 1
39 81 1 -2.0154 1
39 82 1 0.143174 1
39 83 1 0.670029 1
39 84 1 0.736137 1
39 85 1 -0.114909 1
39 86 1 2.73461 1
39 87 1 1.60871 1
39 88 1 -2.23293 1
39 89 1 1.01559 1
39 90 1 2.82936 1
39 91 1 -4.03797 1
39 92 1 3.80035 1
39 93 1 -1.00585 1
39 94 1 -1.39823 1
39 95 1 0.442099 1
39 2 1 -2.46258 1
39 112 1 2.8808 1
39 13 1 -0.116918 1
112 75 1 -0.954795 1
40 64 1 -6.87123 1
40 65 1 -0.183853 1
40 66 1 -0.913484 1
40 67 1 0.535253 1
40 68 1 4.6855 1
40 69 1 -0.61255 1
40 70 1 -1.45766 1
40 71 1 0.430061 1
40 72 1 4.67159 1
40 73 1 0.584363 1
40 74 1 0.0380072 1
40 75 1 -1.21562 1
40 76 1 -0.718001 1
40 77 1 1.89042 1
40 78 1 3.18072 1
40 79 1 -2.10379 1
40 80 1 0.934478 1
40 81 1 0.522484 1
40 82 1 0.121162 1
40 83 1 -1.57463 1
40 84 1 0.0164297 1
40 85 1 1.29131 1
40 86 1 -0.551343 1
40 87 1 0.486837 1
40 88 1 -0.319413 1
40 89 1 -0.829734 1
40 90 1 -0.0123625 1
40 91 1 -0.566623 1
40 92 1 0.799023 1
40 93 1 1.85871 1
40 94 1 -0.924767 1
40 95 1 0.942205 1
41 64 1 5.64715 1
41 65 1 -1.01712 1
41 66 1 0.610635 1
41 67 1 -2.87689 1
41 68 1 -0.624988 1
41 69 1 -1.04146 1
41 70 1 1.31011 1
41 71 1 0.692797 1
41 72 1 3.35109 1
41 73 1 -3.34138 1
41 74 1 -1.45353 1
41 75 1 0.351811 1
41 76 1 -0.454363 1
41 77 1 -1.23064 1
41 78 1 -1.75502 1
41 79 1 -1.55536 1
41 80 1 2.60703 1
41 81 1 0.441035 1
41 82 1 -0.489585 1
41 83 1 1.40374 1
41 84 1 -0.124246 1
41 85 1 1.42008 1
41 86 1 1.14206 1
41 87 1 0.568373 1
41 88 1 5.1284 1
41 89 1 -0.91349 1
41 90 1 -1.16321 1
41 91 1 1.318 1
41 92 1 -0.410485 1
41 93 1 0.217673 1
41 94 1 0.0287606 1
41 95 1 -3.03242 1
41 11 1 1.20446 1
41 29 1 -0.701694 1
42 64 1 -0.378146 1
42 65 1 1.67668 1
42 66 1 0.207894 1
42 67 1 1.02784 1
42 68 1 -0.815496 1
42 69 1 -0.82693 1
42 70 1 -2.73999 1
42 71 1 0.34667 1
42 72 1 -2.57098 1
42 73 1 -2.66952 1
42 74 1 1.39685 1
42 75 1 -0.0509239 1
42 76 1 -1.74055 1
42 77 1 -0.694551 1
42 78 1 -1.74423 1
42 79 1 0.163097 1
42 80 1 -0.154489 1
42 81 1 0.215426 1
42 82 1 2.04051 1
42 83 1 1.91819 1
42 84 1 1.57139 1
42 85 1 0.740834 1
42 86 1 -0.89308 1
42 87 1 -2.00077 1
42 88 1 -0.383855 1
42 89 1 0.25076 1
42 90 1 1.39935 1
42 91 1 0.926504 1
42 92 1 -2.68238 1
42 93 1 0.993182 1
42 94 1 -2.11841 1
42 95 1 0.311872 1
43 64 1 0.78908 1
43 65 1 -2.07852 1
43 66 1 2.34523 1
43 67 1 1.59583 1
43 68 1 -0.896066 1
43 69 1 -1.55925 1
43 70 1 0.547186 1
43 71 1 -3.30287 1
43 72 1 -2.68738 1
43 73 1 -4.81915 1
43 74 1 1.4288 1
43 75 1 -1.15631 1
43 76 1 2.35292 1
43 77 1 0.483751 1
43 78 1 0.341192 1
43 79 1 -0.377284 1
43 80 1 -0.0620657 1
43 81 1 1.27026 1
43 82 1 1.06487 1
43 83 1 -0.42398 1
43 84 1 0.754606 1
43 85 1 1.55899 1
43 86 1 -2.15968 1
43 87 1 3.73775 1
43 88 1 -0.82368 1
43 89 1 2.194 1
43 90 1 0.373233 1
43 91 1 -3.66111 1
43 92 1 2.50997 1
43 93 1 3.26905 1
43 94 1 -4.03553 1
43 95 1 -0.49163 1
44 64 1 1.45671 1
44 65 1 -2.88682 1
44 66 1 0.057863 1
44 67 1 -0.772198 1
44 68 1 -1.43638 1
44 69 1 0.422024 1
44 70 1 1.78407 1
44 71 1 1.01061 1
44 72 1 -2.29011 1
44 73 1 0.170592 1
44 74 1 -1.39317 1
44 75 1 -0.984588 1
44 76 1 -0.642765 1
44 77 1 0.572271 1
44 78 1 1.26878 1
44 79 1 0.795459 1
44 80 1 4.97743 1
44 81 1 -2.35524 1
44 82 1 3.93549 1
44 83 1 -1.21051 1
44 84 1 1.77636 1
44 85 1 0.766012 1
44 86 1 1.95033 1
44 87 1 -0.647061 1
44 88 1 -1.34237 1
44 89 1 -0.948991 1
44 90 1 0.771782 1
44 91 1 -0.532741 1
44 92 1 -0.621309 1
44 93 1 1.24558 1
44 94 1 0.61777 1
44 95 1 -1.16765 1
44 8 1 1.07595 1
44 29 1 -0.261605 1
45 64 1 -1.25592 1
45 65 1 2.08174 1
45 66 1 0.877196 1
45 67 1 -1.86248 1
45 68 1 -2.52096 1
45 69 1 -5.14965 1
45 70 1 -3.29545 1
45 71 1 0.860628 1
45 72 1 -2.28002 1
45 73 1 2.35199 1
45 74 1 3.36642 1
45 75 1 3.05818 1
45 76 1 1.40037 1
45 77 1 -0.9637 1
45 78 1 -2.67193 1
45 79 1 0.851109 1
45 80 1 -1.63844 1
45 81 1 0.328763 1
45 82 1 1.50867 1
45 83 1 -0.502322 1
45 84 1 1.14736 1
45 85 1 -3.02724 1
45 86 1 1.05497 1
45 87 1 -0.643371 1
45 88 1 0.228481 1
45 89 1 -2.5648 1
45 90 1 0.117362 1
45 91 1 1.50069 1
45 92 1 -1.26109 1
45 93 1 -1.96236 1
45 94 1 1.03621 1
45 95 1 -1.66228 1
45 9 1 3.42736 1
46 64 1 0.759809 1
46 65 1 0.703314 1
46 66 1 1.15376 1
46 67 1 2.75565 1
46 68 1 -2.33449 1
46 69 1 -0.68737 1
46 70 1 1.88988 1
46 71 1 0.18399 1
46 72 1 0.262672 1
46 73 1 -2.82496 1
46 74 1 -2.07821 1
46 75 1 -0.0899812 1
46 76 1 -2.48845 1
46 77 1 1.99816 1
46 78 1 -0.896738 1
46 79 1 0.17709 1
46 80 1 3.25101 1
46 81 1 -1.09434 1
46 82 1 -0.914455 1
46 83 1 2.07109 1
46 84 1 -0.657202 1
46 85 1 0.939693 1
46 86 1 -1.43601 1
46 87 1 0.471649 1
46 88 1 -2.2365 1
46 89 1 -3.22282 1
46 90 1 -0.399341 1
46 91 1 0.0402035 1
46 92 1 -0.671856 1
46 93 1 0.2204 1
46 94 1 1.09755 1
46 95 1 1.5812 1
46 24 1 0.966259 1
47 64 1 -0.0599759 1
47 65 1 0.847586 1
47 66 1 -0.434224 1
47 67 1 3.01793 1
47 68 1 0.848027 1
47 69 1 3.01894 1
47 70 1 -1.78094 1
47 71 1 0.0983655 1
47 72 1 1.52204 1
47 73 1 2.78519 1
47 74 1 -0.811261 1
47 75 1 -1.8282 1
47 76 1 -0.963693 1
47 77 1 -4.99972 1
47 78 1 -0.900984 1
47 79 1 -0.46718 1
47 80 1 0.165927 1
47 81 1 -4.51148 1
47 82 1 0.50456 1
47 83 1 -0.511432 1
47 84 1 -0.768288 1
47 85 1 -1.20442 1
47 86 1 -0.612376 1
47 87 1 1.6851 1
47 88 1 -1.3287 1
47 89 1 -0.3532 1
47 90 1 2.08316 1
47 91 1 1.71008 1
47 92 1 -0.12395 1
47 93 1 0.911503 1
47 94 1 0.313411 1
47 95 1 -2.06283 1
47 4 1 0.679868 1
48 64 1 -0.420984 1
48 65 1 -0.542466 1
48 66 1 -0.732228 1
48 67 1 -2.32871 1
48 68 1 -0.46115 1
48 69 1 -3.81748 1
48 70 1 1.88789 1
48 71 1 2.22757 1
48 72 1 -0.964011 1
48 73 1 2.76913 1
48 74 1 3.00885 1
48 75 1 -1.66837 1
48 76 1 1.17612 1
48 77 1 -1.65073 1
48 78 1 2.13767 1
48 79 1 -0.271683 1
48 80 1 0.138303 1
48 81 1 -1.846 1
48 82 1 -0.685992 1
48 83 1 0.888609 1
48 84 1 -1.2576 1
48 85 1 2.45963 1
48 86 1 -0.260275 1
48 87 1 -1.85877 1
48 88 1 -1.01529 1
48 89 1 1.09795 1
48 90 1 -0.489673 1
48 91 1 1.8773 1
48 92 1 -4.21821 1
48 93 1 -1.01961 1
48 94 1 1.54842 1
48 95 1 -0.94468 1
48 16 1 0.168136 1
48 12 1 -0.867438 1
48 14 1 -0.66644 1
49 64 1 0.528744 1
49 65 1 -2.36091 1
49 66 1 -1.41119 1
49 67 1 -1.01693 1
49 68 1 1.18041 1
49 69 1 1.25936 1
49 70 1 -0.55184 1
49 71 1 -3.02459 1
49 72 1 -1.55175 1
49 73 1 0.101045 1
49 74 1 1.58391 1
49 75 1 1.20806 1
49 76 1 -3.68982 1
49 77 1 -0.54262 1
49 78 1 -1.88458 1
49 79 1 3.38397 1
49 80 1 4.34675 1
49 81 1 -2.68693 1
49 82 1 0.828437 1
49 83 1 1.3817 1
49 84 1 1.05671 1
49 85 1 -2.46878 1
49 86 1 -0.311776 1
49 87 1 -1.93166 1
49 88 1 -2.50402 1
49 89 1 0.966205 1
49 90 1 0.492103 1
49 91 1 0.842027 1
49 92 1 -0.393925 1
49 93 1 -0.908806 1
49 94 1 0.198028 1
49 95 1 3.04443 1
49 19 1 -0.29087 1
50 64 1 -3.2651 1
50 65 1 -2.18482 1
50 66 1 1.54915 1
50 67 1 -3.43651 1
50 68 1 1.33256 1
50 69 1 1.8098 1
50 70 1 2.78022 1
50 71 1 4.39324 1
50 72 1 -1.89292 1
50 73 1 4.86831 1
50 74 1 0.713842 1
50 75 1 0.803512 1
50 76 1 -1.74928 1
50 77 1 0.363491 1
50 78 1 0.38364 1
50 79 1 -0.771605 1
50 80 1 0.894723 1
50 81 1 -0.997313 1
50 82 1 -1.23552 1
50 83 1 1.45143 1
50 84 1 -2.47264 1
50 85 1 2.03816 1
50 86 1 -0.742354 1
50 87 1 -0.738764 1
50 88 1 -0.952759 1
50 89 1 1.43808 1
50 90 1 -1.24122 1
50 91 1 -0.451663 1
50 92 1 -0.0969925 1
50 93 1 1.01827 1
50 94 1 -2.94155 1
50 95 1 1.66101 1
50 4 1 0.918517 1
50 22 1 -2.35166 1
51 64 1 0.0518167 1
51 65 1 3.0056 1
51 66 1 1.28056 1
51 67 1 -1.92483 1
51 68 1 -2.62389 1
51 69 1 -0.12263 1
51 70 1 2.47987 1
51 71 1 1.5042 1
51 72 1 -2.28735 1
51 73 1 -1.34482 0
51 74 1 -1.1661 1
51 75 1 5.35844 1
51 76 1 -1.08862 1
51 77 1 -0.500285 1
51 78 1 0.347113 1
51 79 1 1.67208 1
51 80 1 1.52882 1
51 81 1 -1.7437 1
51 82 1 -0.0544374 1
51 83 1 2.13975 1
51 84 1 -1.98315 1
51 85 1 -1.30707 1
51 86 1 -1.69358 1
51 87 1 0.0402367 1
51 88 1 0.6007 1
51 89 1 -1.49569 1
51 90 1 1.40129 1
51 91 1 -0.927766 1
51 92 1 2.09886 1
51 93 1 3.12001 1
51 94 1 -4.04788 1
51 95 1 -0.338062 1
51 116 1 0.930253 1
116 73 1 -0.921933 1
52 64 1 -0.992581 1
52 65 1 3.54099 1
52 66 1 1.93467 1
52 67 1 0.930897 1
52 68 1 -0.686677 1
52 69 1 3.41333 1
52 70 1 2.97243 1
52 71 1 -1.79875 1
52 72 1 0.0340906 1
52 73 1 5.10268 1
52 74 1 3.01355 1
52 75 1 -0.165494 1
52 76 1 -1.70234 1
52 77 1 -1.58917 1
52 78 1 0.317179 1
52 79 1 -0.544132 1
52 80 1 -1.61058 1
52 81 1 1.59798 1
52 82 1 -2.06502 1
52 83 1 -1.30763 1
52 84 1 -0.35417 1
52 85 1 0.274045 1
52 86 1 -2.63812 1
52 87 1 1.69745 1
52 88 1 -0.273587 1
52 89 1 -1.29698 1
52 90 1 -1.07672 1
52 91 1 0.678953 1
52 92 1 -0.20312 1
52 93 1 -0.440494 1
52 94 1 0.28638 1
52 95 1 0.241739 1
53 64 1 -2.47328 1
53 65 1 0.197237 1
53 66 1 0.527845 1
53 67 1 -0.796529 1
53 68 1 1.1645 1
53 69 1 2.60335 1
53 70 1 -0.632512 1
53 71 1 0.0263001 1
53 72 1 1.36161 1
53 73 1 0.126144 1
53 74 1 0.949376 1
53 75 1 -0.579251 1
53 76 1 1.21963 1
53 77 1 3.11179 1
53 78 1 -1.05277 1
53 79 1 0.978566 1
53 80 1 0.995976 1
53 81 1 0.827223 1
53 82 1 2.55373 1
53 83 1 1.31588 1
53 84 1 1.68538 1
53 85 1 0.0629066 1
53 86 1 -0.0858167 1
53 87 1 0.465491 1
53 88 1 -2.34723 1
53 89 1 -1.01947 1
53 90 1 -1.65602 1
53 91 1 -0.839752 1
53 92 1 0.999383 1
53 93 1 0.524891 1
53 94 1 -0.248858 1
53 95 1 -0.483207 1
53 20 1 3.01931 1
53 23 1 0.714944 1
54 64 1 1.21866 1
54 65 1 1.08164 1
54 66 1 -0.645534 1
54 67 1 1.13061 1
54 68 1 0.00873991 1
54 69 1 -0.353924 1
54 70 1 0.0715684 1
54 71 1 0.958459 1
54 72 1 -0.0521572 1
54 73 1 -0.256216 1
54 74 1 -0.908865 1
54 75 1 0.468119 1
54 76 1 -0.43992 1
54 77 1 2.22064 1
54 78 1 -0.756523 1
54 79 1 -0.359793 1
54 80 1 0.15082 1
54 81 1 -1.40679 1
54 82 1 -3.50958 1
54 83 1 2.35272 1
54 84 1 1.51543 1
54 85 1 0.159331 1
54 86 1 -2.78201 1
54 87 1 0.0809916 1
54 88 1 3.69481 1
54 89 1 -0.0731191 1
54 90 1 -1.92592 1
54 91 1 2.58864 1
54 92 1 -0.68637 1
54 93 1 0.940047 1
54 94 1 -1.02213 1
54 95 1 0.221381 1
54 30 1 -1.05459 1
55 64 1 -0.944684 1
55 65 1 -1.68255 1
55 66 1 1.75674 1
55 67 1 0.518808 1
55 68 1 -2.07089 1
55 69 1 2.05419 1
55 70 1 2.1846 1
55 71 1 -4.25767 1
55 72 1 0.107528 1
55 73 1 0.0878882 1
55 74 1 4.63601 1
55 75 1 -4.3511 1
55 76 1 -3.9621 1
55 77 1 2.90922 1
55 78 1 -3.26245 1
55 79 1 1.98739 1
55 80 1 -0.622224 1
55 81 1 0.196418 1
55 82 1 -2.34343 1
55 83 1 -1.10018 1
55 84 1 -0.448713 1
55 85 1 -0.529894 1
55 86 1 0.499945 1
55 87 1 2.92555 1
55 88 1 -2.39002 1
55 89 1 -1.05735 1
55 90 1 1.74587 1
55 91 1 1.40811 1
55 92 1 1.53541 1
55 93 1 -3.90665 1
55 94 1 -2.24314 1
55 95 1 -2.22096 0
55 28 1 1.74799 1
55 114 1 0.498673 1
114 95 1 -1.32112 1
56 64 1 0.937336 1
56 65 1 -1.05719 1
56 66 1 -0.333245 1
56 67 1 0.215799 1
56 68 1 1.45974 1
56 69 1 0.360017 1
56 70 1 1.30814 1
56 71 1 -0.570326 1
56 72 1 0.390921 1
56 73 1 -1.27771 1
56 74 1 2.87168 1
56 75 1 3.46981 1
56 76 1 0.0395904 1
56 77 1 -0.696036 1
56 78 1 -3.96229 1
56 79 1 0.495597 1
56 80 1 -0.859945 1
56 81 1 1.8852 1
56 82 1 2.06862 1
56 83 1 -2.78985 1
56 84 1 0.55965 1
56 85 1 -0.89756 1
56 86 1 0.656144 1
56 87 1 -3.13102 1
56 88 1 1.52393 1
56 89 1 -2.09929 1
56 90 1 -1.22933 1
56 91 1 0.364664 1
56 92 1 2.62047 1
56 93 1 3.20662 1
56 94 1 -1.99183 1
56 95 1 1.14158 1
56 3 1 -0.536101 1
57 64 1 -3.05908 1
57 65 1 1.37542 1
57 66 1 -3.34455 1
57 67 1 0.19539 1
57 68 1 3.6344 1
57 69 1 -1.67854 0
57 70 1 1.82011 1
57 71 1 2.29461 1
57 72 1 -0.920068 1
57 73 1 -0.19731 1
57 74 1 0.845312 1
57 75 1 3.68748 1
57 76 1 1.23193 1
57 77 1 -3.08157 1
57 78 1 -0.667334 1
57 79 1 -2.29547 1
57 80 1 1.75052 1
57 81 1 1.65078 1
57 82 1 1.73629 1
57 83 1 -3.48067 1
57 84 1 1.07601 1
57 85 1 -3.49837 1
57 86 1 -0.312748 1
57 87 1 2.54589 1
57 88 1 -3.14396 1
57 89 1 1.78757 1
57 90 1 1.30637 1
57 91 1 -0.13148 1
57 92 1 -0.988424 1
57 93 1 0.0374685 1
57 94 1 0.145076 1
57 95 1 1.76883 1
57 104 1 1.78617 1
57 22 1 1.19944 1
104 69 1 0.405904 1
104 1 1 -0.974097 1
58 64 1 0.433987 1
58 65 1 -2.58607 1
58 66 1 -0.574949 1
58 67 1 -1.83264 1
58 68 1 1.6483 1
58 69 1 -1.16525 1
58 70 1 -1.04108 1
58 71 1 -1.45243 1
58 72 1 -0.448776 1
58 73 1 -1.75507 1
58 74 1 2.704 1
58 75 1 0.924045 1
58 76 1 0.80767 1
58 77 1 -1.03363 1
58 78 1 -1.80466 1
58 79 1 -0.669532 1
58 80 1 -0.395024 1
58 81 1 1.23754 1
58 82 1 0.615187 1
58 83 1 -1.18458 1
58 84 1 1.09014 1
58 85 1 0.995545 1
58 86 1 0.747922 1
58 87 1 -1.47689 1
58 88 1 -1.75297 1
58 89 1 -1.58073 1
58 90 1 -1.98862 1
58 91 1 1.16069 1
58 92 1 2.22163 1
58 93 1 -0.061865 1
58 94 1 -3.50715 1
58 95 1 1.99902 1
59 64 1 -0.644372 1
59 65 1 0.289223 1
59 66 1 0.985062 1
59 67 1 -1.6448 1
59 68 1 -0.776509 1
59 69 1 0.105782 1
59 70 1 0.796354 1
59 71 1 1.59325 1
59 72 1 -0.694608 1
59 73 1 -2.74147 1
59 74 1 0.955983 1
59 75 1 -0.18545 1
59 76 1 0.257017 1
59 77 1 -1.56555 0
59 78 1 -1.22696 1
59 79 1 -1.31558 1
59 80 1 0.92238 1
59 81 1 -0.931377 1
59 82 1 -1.66243 1
59 83 1 3.46051 1
59 84 1 -2.05992 1
59 85 1 -1.49671 1
59 86 1 -0.411542 1
59 87 1 1.4681 1
59 88 1 4.06714 1
59 89 1 1.84284 1
59 90 1 0.652283 1
59 91 1 -2.04531 1
59 92 1 -0.478337 1
59 93 1 1.69474 1
59 94 1 -1.16496 1
59 95 1 1.778 1
59 97 1 1.82636 1
59 5 1 -1.69977 1
59 11 1 -0.0865478 1
97 77 1 -2.10959 1
97 22 1 -3.32129 1
97 2 1 -3.1221 0
97 99 1 2.59288 1
97 7 1 0.218571 0
97 102 1 2.55135 1
97 17 1 0.871686 1
102 7 1 0.872498 1
99 2 1 0.215975 0
99 108 1 2.2196 1
108 2 1 -0.972518 0
108 125 1 0.762503 1
125 2 1 -0.898866 1
60 64 1 2.13936 1
60 65 1 -0.0045284 1
60 66 1 -0.377502 1
60 67 1 0.324954 1
60 68 1 2.20673 1
60 69 1 1.38814 1
60 70 1 -1.48231 1
60 71 1 -0.952253 1
60 72 1 -1.26323 0
60 73 1 -0.720117 1
60 74 1 -0.333089 1
60 75 1 0.986561 1
60 76 1 1.41926 1
60 77 1 2.33257 1
60 78 1 0.142744 1
60 79 1 0.0511397 1
60 80 1 -3.28986 1
60 81 1 -0.838273 1
60 82 1 -2.62754 1
60 83 1 1.32904 1
60 84 1 -1.81499 1
60 85 1 1.98158 1
60 86 1 1.48663 1
60 87 1 0.308878 1
60 88 1 -2.52187 1
60 89 1 -1.71245 1
60 90 1 -1.76978 1
60 91 1 0.585238 1
60 92 1 0.475265 1
60 93 1 1.85552 1
60 94 1 0.266362 1
60 95 1 1.82984 1
60 24 1 -1.90477 1
60 0 1 2.83449 1
60 115 1 -0.079824 1
115 72 1 -0.222475 1
61 64 1 -0.999061 1
61 65 1 -0.383349 1
61 66 1 0.39953 1
61 67 1 -0.501636 1
61 68 1 -4.47426 1
61 69 1 1.41761 1
61 70 1 0.394944 1
61 71 1 1.57499 1
61 72 1 -1.6414 1
61 73 1 1.18913 1
61 74 1 1.45077 1
61 75 1 0.544785 1
61 76 1 0.63979 1
61 77 1 -0.946587 0
61 78 1 0.678062 1
61 79 1 -0.649595 1
61 80 1 -1.19509 1
61 81 1 0.212904 1
61 82 1 0.100527 1
61 83 1 0.959269 1
61 84 1 -1.71628 1
61 85 1 2.55789 1
61 86 1 -0.0488737 1
61 87 1 0.63238 1
61 88 1 0.70746 1
61 89 1 1.00789 1
61 90 1 2.18508 1
61 91 1 1.33533 1
61 92 1 -2.03373 1
61 93 1 -0.651969 1
61 94 1 0.95119 1
61 95 1 0.728592 1
61 107 1 -0.282834 1
107 77 1 -3.87762 0
107 113 1 2.02218 1
107 14 1 0.260973 1
113 77 1 -2.98192 1
113 23 1 -1.15439 1
62 64 1 1.79625 1
62 65 1 -1.41139 1
62 66 1 2.64883 1
62 67 1 -1.48589 1
62 68 1 1.17803 1
62 69 1 0.264805 1
62 70 1 0.208583 1
62 71 1 -1.61307 1
62 72 1 0.0191413 1
62 73 1 1.79923 1
62 74 1 2.15343 1
62 75 1 -0.452016 1
62 76 1 0.278016 1
62 77 1 -1.62856 1
62 78 1 -3.18357 1
62 79 1 2.365 1
62 80 1 -1.68839 1
62 81 1 -1.70485 1
62 82 1 0.0822158 1
62 83 1 0.29949 1
62 84 1 -0.45671 1
62 85 1 -0.421219 1
62 86 1 3.29373 1
62 87 1 -2.58874 1
62 88 1 0.73835 1
62 89 1 -1.89554 1
62 90 1 -5.24382 1
62 91 1 0.786758 1
62 92 1 -0.407367 1
62 93 1 2.32139 1
62 94 1 -0.150321 1
62 95 1 0.781603 1
62 5 1 0.408894 1
63 64 1 3.05675 1
63 65 1 0.0321224 1
63 66 1 2.27945 1
63 67 1 1.05008 1
63 68 1 -1.2913 1
63 69 1 -3.59924 1
63 70 1 0.288903 1
63 71 1 2.28816 1
63 72 1 -1.45883 1
63 73 1 -0.754123 1
63 74 1 -2.07252 1
63 75 1 0.733766 1
63 76 1 -1.445 1
63 77 1 1.70722 1
63 78 1 0.294418 1
63 79 1 -1.2128 1
63 80 1 1.43392 1
63 81 1 0.302406 1
63 82 1 1.56141 1
63 83 1 -0.711761 1
63 84 1 -3.33345 1
63 85 1 -3.49129 1
63 86 1 4.66911 1
63 87 1 -2.41772 1
63 88 1 0.336198 1
63 89 1 -0.325385 1
63 90 1 2.77049 1
63 91 1 -1.3584 1
63 92 1 -0.373507 1
63 93 1 0.0095367 1
63 94 1 -2.2394 1
63 95 1 -0.52459 1
