128 64 32
0.874373 -0.73127 -4.09571 5.34069 -2.30748 1.41062 -1.17314 -0.593419 1.63246 1.66741 0.877774 0.728048 -3.08505 -3.85339 0.672248 -1.95448 -0.53628 0.597404 -0.709108 -1.48519 -3.98892 -1.082 -0.68345 0.479951 -0.230303 0.388556 3.43319 2.45922 -0.939414 -0.869886 -4.22243 0.80657 -0.69883 4.27228 0.632593 1.01681 -1.79947 1.35596 -0.291013 -1.63572 -1.0531 -0.426477 1.1048 -1.41191 -0.225819 0.391951 -1.13559 1.79232 0.277989 0.975603 2.43291 -2.57004 -1.91269 1.30139 -0.23538 2.56726 -2.56701 -0.553377 1.00946 -1.49142 0.403916 -1.13348 -0.972241 -4.17924 -3.19784 1.20645 1.04726 1.76412 -1.73552 0.412423 -1.52392 -1.1038 -1.66844 -2.18718 1.21989 0.561827 -0.853395 -0.634555 -0.920648 -4.01326 -0.0527006 0.130629 -1.01136 1.93712 -0.185767 0.825675 -2.51544 -0.114645 1.19901 -0.770397 -1.43329 0.0396822 -2.84635 0.779577 0.48739 -1.43437 -1.002 -0.376579 -0.491934 -0.0374289 2.12561 -1.28877 -3.91335 -2.24234 -1.25042 1.81088 -0.50788 -1.78201 -1.80414 -0.258429 -0.277375 0.60086 2.63396 -1.19143 -0.917823 -0.890334 -1.413 -0.7653 -0.460165 -0.0489265 0.401893 0.640376 0.61134 -0.0363743 0.257452 0.385702 -0.0110377 0.024435 
0 64 1 -3.0471 1
0 65 1 -1.07937 1
0 66 1 -0.223414 1
0 67 1 -2.00733 1
0 68 1 1.15559 1
0 69 1 2.11217 1
0 70 1 -1.00815 1
0 71 1 -0.35601 1
0 72 1 -2.33363 1
0 73 1 0.0294712 1
0 74 1 -2.54021 1
0 75 1 -0.877277 1
0 76 1 2.11098 1
0 77 1 0.0699911 1
0 78 1 -1.97962 1
0 79 1 4.37438 1
0 80 1 -0.0137716 1
0 81 1 0.938805 1
0 82 1 1.53767 1
0 83 1 1.34988 1
0 84 1 -1.88964 1
0 85 1 1.96065 1
0 86 1 -0.475351 1
0 87 1 -1.77325 1
0 88 1 0.80131 1
0 89 1 1.17987 1
0 90 1 2.8105 1
0 91 1 3.33408 1
0 92 1 -2.39314 1
0 93 1 -0.158044 1
0 94 1 0.484595 1
0 95 1 1.37998 1
1 64 1 -1.10467 1
1 65 1 0.976979 1
1 66 1 2.04533 1
1 67 1 -1.19772 1
1 68 1 3.4068 1
1 69 1 2.20856 1
1 70 1 2.28727 1
1 71 1 0.0148839 1
1 72 1 0.484382 1
1 73 1 -0.725059 1
1 74 1 -2.83432 1
1 75 1 1.20888 1
1 76 1 0.355851 1
1 77 1 3.95149 1
1 78 1 -1.32883 1
1 79 1 1.36211 1
1 80 1 -1.6732 1
1 81 1 1.93788 1
1 82 1 1.9343 1
1 83 1 -3.78842 1
1 84 1 -0.236621 1
1 85 1 -0.527281 1
1 86 1 0.450228 1
1 87 1 -0.0734266 1
1 88 1 -0.178283 1
1 89 1 0.854757 1
1 90 1 -0.295669 1
1 91 1 -2.1465 1
1 92 1 0.839734 1
1 93 1 0.604916 1
1 94 1 -2.05945 1
1 95 1 -3.48643 1
2 64 1 -0.810984 1
2 65 1 3.44026 1
2 66 1 -0.975456 1
2 67 1 -1.47026 1
2 68 1 0.28903 1
2 69 1 2.20452 1
2 70 1 0.393102 1
2 71 1 2.71958 1
2 72 1 -2.15292 1
2 73 1 -3.17512 1
2 74 1 -2.34539 1
2 75 1 -0.427225 1
2 76 1 -4.10472 1
2 77 1 0.843038 1
2 78 1 -3.4437 1
2 79 1 -3.20856 1
2 80 1 1.21228 1
2 81 1 -4.10854 1
2 82 1 0.277435 1
2 83 1 -1.72456 1
2 84 1 0.394658 1
2 85 1 2.23909 1
2 86 1 -1.12049 1
2 87 1 -0.604906 1
2 88 1 0.386846 1
2 89 1 -4.27431 1
2 90 1 -1.49025 1
2 91 1 -2.14797 1
2 92 1 1.23274 1
2 93 1 -3.89525 1
2 94 1 1.87336 1
2 95 1 -1.32677 1
2 100 1 -0.175828 1
2 6 1 3.67037 1
3 64 1 -1.7999 1
3 65 1 -1.50139 1
3 66 1 -0.0950462 1
3 67 1 1.58027 1
3 68 1 1.92414 1
3 69 1 -2.56006 1
3 70 1 1.07967 1
3 71 1 2.04092 1
3 72 1 5.22657 1
3 73 1 -0.470195 1
3 74 1 1.25551 1
3 75 1 2.49722 1
3 76 1 0.628774 1
3 77 1 -2.21975 1
3 78 1 0.304299 1
3 79 1 -1.41776 1
3 80 1 -0.501309 1
3 81 1 0.349295 1
3 82 1 5.0351 1
3 83 1 -0.81934 1
3 84 1 -0.39837 1
3 85 1 -1.7918 1
3 86 1 0.842564 1
3 87 1 -0.194477 1
3 88 1 0.923821 1
3 89 1 1.66177 1
3 90 1 0.633714 1
3 91 1 -0.704917 1
3 92 1 -1.24503 1
3 93 1 -2.56527 1
3 94 1 -2.09184 1
3 95 1 0.555786 0
3 110 1 0.558904 1
110 95 1 0.743041 0
110 111 1 0.448557 1
111 95 1 -1.24214 1
4 64 1 0.7332 1
4 65 1 -0.621492 1
4 66 1 -3.59442 1
4 67 1 1.14413 1
4 68 1 0.864085 1
4 69 1 1.99378 1
4 70 1 0.128407 1
4 71 1 -0.834433 1
4 72 1 2.63657 1
4 73 1 -1.81411 0
4 74 1 0.376392 1
4 75 1 -2.6754 0
4 76 1 1.9272 1
4 77 1 2.01089 1
4 78 1 1.71356 1
4 79 1 -0.771652 1
4 80 1 -3.35528 1
4 81 1 -1.31956 1
4 82 1 -0.259746 1
4 83 1 0.083337 1
4 84 1 -0.164827 1
4 85 1 2.90174 1
4 86 1 0.821513 1
4 87 1 -2.58893 1
4 88 1 0.221783 1
4 89 1 -0.791653 1
4 90 1 0.783049 1
4 91 1 -3.70795 1
4 92 1 -0.418053 1
4 93 1 -0.485423 1
4 94 1 -2.32004 1
4 95 1 1.51837 1
4 101 1 1.02166 1
4 17 1 0.193708 1
4 118 1 1.33532 1
118 73 1 -2.66275 1
101 75 1 0.67989 1
5 64 1 -0.924273 1
5 65 1 1.36827 1
5 66 1 -2.5879 1
5 67 1 2.59829 1
5 68 1 0.682895 1
5 69 1 1.36257 1
5 70 1 -1.62535 1
5 71 1 -0.957811 1
5 72 1 0.989523 1
5 73 1 -1.71765 1
5 74 1 -0.956506 1
5 75 1 2.52928 1
5 76 1 2.47053 1
5 77 1 -0.665409 1
5 78 1 -2.46314 1
5 79 1 -0.616354 1
5 80 1 2.93909 1
5 81 1 -0.418938 1
5 82 1 0.140305 1
5 83 1 3.66913 1
5 84 1 1.24654 1
5 85 1 0.971744 1
5 86 1 -1.21311 1
5 87 1 -0.419318 1
5 88 1 -1.4335 1
5 89 1 -2.46932 1
5 90 1 -2.19091 1
5 91 1 2.62268 1
5 92 1 -2.95615 1
5 93 1 1.09014 1
5 94 1 0.215064 1
5 95 1 -0.0781075 1
6 64 1 0.156169 1
6 65 1 -0.717025 1
6 66 1 2.45121 1
6 67 1 1.31091 1
6 68 1 -2.48888 1
6 69 1 -0.607183 1
6 70 1 -1.56467 1
6 71 1 -0.375511 1
6 72 1 1.01577 1
6 73 1 -2.09482 1
6 74 1 -1.52581 1
6 75 1 -0.61562 1
6 76 1 4.60404 1
6 77 1 -0.375945 1
6 78 1 -0.140646 1
6 79 1 -3.9452 1
6 80 1 1.46963 1
6 81 1 0.11562 1
6 82 1 0.679185 1
6 83 1 1.942 1
6 84 1 2.16763 1
6 85 1 -2.03962 1
6 86 1 -0.46261 1
6 87 1 2.55692 1
6 88 1 -1.59155 1
6 89 1 -2.76448 1
6 90 1 1.84677 1
6 91 1 0.473499 1
6 92 1 3.32008 1
6 93 1 -0.0996161 1
6 94 1 -1.53261 1
6 95 1 0.536954 1
6 26 1 1.86989 1
7 64 1 1.67273 1
7 65 1 1.01481 1
7 66 1 -0.441138 1
7 67 1 -1.70059 1
7 68 1 -3.1887 1
7 69 1 -0.958298 1
7 70 1 2.18522 1
7 71 1 0.953923 1
7 72 1 1.99846 1
7 73 1 0.958106 1
7 74 1 -1.24384 1
7 75 1 -1.29293 1
7 76 1 1.64089 1
7 77 1 -0.77337 1
7 78 1 2.59108 1
7 79 1 3.70155 1
7 80 1 -1.20376 1
7 81 1 0.477827 1
7 82 1 -4.26727 0
7 83 1 2.32449 0
7 84 1 -2.00721 1
7 85 1 2.54567 1
7 86 1 2.3091 1
7 87 1 1.11932 1
7 88 1 -1.36217 1
7 89 1 -0.680459 1
7 90 1 1.50743 1
7 91 1 -2.52296 1
7 92 1 -0.0363856 1
7 93 1 -1.80002 1
7 94 1 1.31471 1
7 95 1 3.31382 1
7 100 1 -1.22279 1
7 127 1 1.01193 1
127 82 1 -4.54016 1
100 83 1 -1.36835 1
100 24 1 -0.887596 0
100 106 1 3.20193 1
106 24 1 -3.88979 1
106 6 1 -0.126822 1
8 64 1 3.31217 1
8 65 1 -2.17565 1
8 66 1 -1.42587 1
8 67 1 -0.14443 1
8 68 1 0.522558 1
8 69 1 2.85642 1
8 70 1 -1.33757 1
8 71 1 1.91478 1
8 72 1 2.3969 1
8 73 1 0.671601 1
8 74 1 -1.69692 1
8 75 1 -3.45417 1
8 76 1 -1.47961 1
8 77 1 1.95819 1
8 78 1 -1.18708 1
8 79 1 -0.0453794 1
8 80 1 0.177386 1
8 81 1 -0.7548 1
8 82 1 -0.0194011 1
8 83 1 -1.92094 1
8 84 1 3.32357 1
8 85 1 4.29517 1
8 86 1 3.55662 1
8 87 1 1.04154 1
8 88 1 -0.00571236 1
8 89 1 3.43187 1
8 90 1 1.74697 1
8 91 1 2.24122 1
8 92 1 2.6225 1
8 93 1 3.22702 1
8 94 1 3.84274 1
8 95 1 0.0110678 1
9 64 1 -0.160819 1
9 65 1 -1.75822 1
9 66 1 -0.0706829 1
9 67 1 0.755328 1
9 68 1 -1.53398 1
9 69 1 -0.893419 1
9 70 1 -2.95736 1
9 71 1 -0.281283 1
9 72 1 0.888726 1
9 73 1 -1.15308 1
9 74 1 1.81858 1
9 75 1 -0.491723 1
9 76 1 1.36362 1
9 77 1 -0.67549 1
9 78 1 1.71945 1
9 79 1 1.21882 1
9 80 1 0.243275 1
9 81 1 -0.755228 1
9 82 1 -1.16418 1
9 83 1 0.267745 1
9 84 1 3.30186 1
9 85 1 3.87617 1
9 86 1 -1.62945 1
9 87 1 1.88574 1
9 88 1 0.872116 1
9 89 1 4.79572 1
9 90 1 -0.320257 1
9 91 1 -1.73451 1
9 92 1 -1.99541 1
9 93 1 -2.46134 1
9 94 1 -3.00796 1
9 95 1 0.186997 1
10 64 1 2.01033 1
10 65 1 -0.15545 1
10 66 1 2.41895 1
10 67 1 -2.94918 1
10 68 1 3.68633 1
10 69 1 -1.04324 1
10 70 1 -0.774965 1
10 71 1 -2.03176 1
10 72 1 2.66906 1
10 73 1 2.86941 1
10 74 1 0.442181 0
10 75 1 0.161064 1
10 76 1 0.471578 1
10 77 1 1.17944 1
10 78 1 -1.5447 1
10 79 1 -3.72055 1
10 80 1 0.796653 1
10 81 1 1.16786 1
10 82 1 1.12273 1
10 83 1 1.02402 1
10 84 1 0.189298 1
10 85 1 3.07607 1
10 86 1 0.258231 1
10 87 1 1.67825 1
10 88 1 1.36655 1
10 89 1 -0.603898 1
10 90 1 0.17573 1
10 91 1 0.264592 1
10 92 1 2.49193 1
10 93 1 -2.38799 1
10 94 1 3.40001 1
10 95 1 3.9461 1
10 124 1 0.6222 1
124 74 1 0.17187 1
11 64 1 5.47641 1
11 65 1 1.34279 1
11 66 1 2.57649 1
11 67 1 -1.79779 1
11 68 1 5.11753 1
11 69 1 -0.109846 1
11 70 1 1.86537 1
11 71 1 1.20168 1
11 72 1 -1.09565 1
11 73 1 1.09916 1
11 74 1 -1.32076 0
11 75 1 -1.79297 1
11 76 1 -1.55151 1
11 77 1 0.237486 1
11 78 1 -2.36466 1
11 79 1 -0.343026 1
11 80 1 -0.709634 1
11 81 1 -0.0543043 1
11 82 1 3.23902 1
11 83 1 0.246897 1
11 84 1 3.8958 1
11 85 1 -1.05532 1
11 86 1 -3.31217 1
11 87 1 -0.210044 1
11 88 1 -2.84961 1
11 89 1 -1.23391 1
11 90 1 0.320447 1
11 91 1 -0.106866 1
11 92 1 -3.18055 1
11 93 1 2.68841 1
11 94 1 0.670753 1
11 95 1 -1.23607 1
11 120 1 -0.238084 1
120 74 1 -0.366554 1
12 64 1 -2.10346 1
12 65 1 1.68736 1
12 66 1 -1.96208 1
12 67 1 -3.1399 1
12 68 1 0.804843 1
12 69 1 0.757899 1
12 70 1 1.90507 1
12 71 1 1.34388 1
12 72 1 -0.157047 1
12 73 1 -1.81445 1
12 74 1 -1.56474 1
12 75 1 -1.61182 1
12 76 1 -0.0170756 1
12 77 1 2.4539 1
12 78 1 -1.15558 1
12 79 1 -2.31289 1
12 80 1 -1.43657 1
12 81 1 -0.974065 1
12 82 1 1.0318 1
12 83 1 -0.699187 1
12 84 1 -1.54333 1
12 85 1 1.20725 1
12 86 1 0.429692 1
12 87 1 1.9551 1
12 88 1 -1.22981 1
12 89 1 1.41714 1
12 90 1 -0.556717 1
12 91 1 -2.24856 1
12 92 1 -0.665438 1
12 93 1 -2.21054 1
12 94 1 0.549143 1
12 95 1 0.0860898 1
12 17 1 -0.265311 1
13 64 1 -2.46147 1
13 65 1 -2.94563 1
13 66 1 0.433751 1
13 67 1 1.51471 1
13 68 1 2.51486 1
13 69 1 -2.13303 1
13 70 1 1.84929 1
13 71 1 2.9427 1
13 72 1 0.0262925 1
13 73 1 -3.659 1
13 74 1 -1.46164 1
13 75 1 -1.19118 1
13 76 1 -0.353877 1
13 77 1 -1.01067 1
13 78 1 -0.873348 1
13 79 1 -0.0600843 1
13 80 1 1.86348 1
13 81 1 -0.476537 1
13 82 1 1.06809 1
13 83 1 0.329606 1
13 84 1 -1.1764 1
13 85 1 1.15157 1
13 86 1 4.86872 1
13 87 1 4.01864 1
13 88 1 3.27302 1
13 89 1 -0.0784809 1
13 90 1 -5.09774 1
13 91 1 -2.0022 1
13 92 1 -2.75531 1
13 93 1 -3.30683 1
13 94 1 -1.43456 1
13 95 1 -2.26457 1
14 64 1 -1.94391 1
14 65 1 3.60977 1
14 66 1 2.19947 1
14 67 1 -3.57135 1
14 68 1 -2.96395 1
14 69 1 4.12975 1
14 70 1 -1.22638 1
14 71 1 3.69177 1
14 72 1 0.791858 1
14 73 1 0.514246 1
14 74 1 2.59661 1
14 75 1 1.81426 1
14 76 1 -0.496973 1
14 77 1 -0.287315 1
14 78 1 -1.40923 1
14 79 1 -0.0164092 1
14 80 1 -0.367451 1
14 81 1 3.4731 0
14 82 1 2.47845 1
14 83 1 -1.35583 1
14 84 1 -1.78382 1
14 85 1 -1.04212 1
14 86 1 1.62787 1
14 87 1 -0.712386 1
14 88 1 -1.29216 1
14 89 1 -1.25515 1
14 90 1 0.705972 1
14 91 1 3.6912 1
14 92 1 1.11609 1
14 93 1 1.28466 1
14 94 1 2.35149 1
14 95 1 -2.59156 1
14 104 1 0.0673327 1
14 119 1 -0.136994 1
119 81 1 3.23834 1
15 64 1 -1.0105 1
15 65 1 1.43897 1
15 66 1 -2.13523 1
15 67 1 -0.144328 1
15 68 1 -0.522121 1
15 69 1 0.772715 1
15 70 1 4.09365 1
15 71 1 -0.956354 1
15 72 1 -3.10814 1
15 73 1 -1.60179 1
15 74 1 -0.823159 1
15 75 1 -1.85182 1
15 76 1 -0.641064 1
15 77 1 2.32724 1
15 78 1 -3.01086 1
15 79 1 -1.21443 1
15 80 1 1.5332 1
15 81 1 3.05849 1
15 82 1 -4.59803 1
15 83 1 0.469635 1
15 84 1 1.07736 1
15 85 1 -2.28769 1
15 86 1 1.02471 1
15 87 1 -3.10211 1
15 88 1 0.822385 1
15 89 1 0.988172 1
15 90 1 0.501986 1
15 91 1 -2.47884 1
15 92 1 -0.993727 1
15 93 1 0.864127 1
15 94 1 2.74667 1
15 95 1 1.48185 1
16 64 1 1.01768 1
16 65 1 -2.48433 1
16 66 1 -2.92299 1
16 67 1 -0.921115 1
16 68 1 3.31729 1
16 69 1 0.715037 1
16 70 1 2.53624 1
16 71 1 2.67315 1
16 72 1 -1.87463 1
16 73 1 -1.5744 1
16 74 1 0.856155 1
16 75 1 -0.00723452 1
16 76 1 -0.551915 1
16 77 1 1.85729 1
16 78 1 -1.89164 1
16 79 1 -2.21686 1
16 80 1 -2.44964 1
16 81 1 0.621173 1
16 82 1 -1.11781 1
16 83 1 0.10466 1
16 84 1 0.0248316 1
16 85 1 1.25275 1
16 86 1 -1.8258 1
16 87 1 -1.39342 1
16 88 1 1.47272 1
16 89 1 0.929093 1
16 90 1 0.402033 1
16 91 1 2.6682 1
16 92 1 3.55171 1
16 93 1 -0.153852 1
16 94 1 -0.645862 1
16 95 1 -3.94469 1
17 64 1 -3.90244 1
17 65 1 -1.38586 1
17 66 1 -2.04822 1
17 67 1 3.88696 1
17 68 1 -0.0723303 1
17 69 1 -0.815988 1
17 70 1 0.632207 1
17 71 1 3.46546 1
17 72 1 -6.07786 1
17 73 1 2.4605 1
17 74 1 1.76787 1
17 75 1 0.649044 1
17 76 1 -3.56559 1
17 77 1 0.76187 1
17 78 1 0.805733 1
17 79 1 -2.72458 1
17 80 1 2.77287 1
17 81 1 2.56166 1
17 82 1 -0.974193 1
17 83 1 -1.45482 1
17 84 1 -4.00799 1
17 85 1 2.07029 1
17 86 1 2.89544 1
17 87 1 -0.547604 1
17 88 1 -3.64106 1
17 89 1 -1.41816 1
17 90 1 -3.41516 1
17 91 1 2.37835 1
17 92 1 0.635131 1
17 93 1 0.70684 1
17 94 1 3.50699 1
17 95 1 -0.897959 1
18 64 1 0.524676 1
18 65 1 0.761175 1
18 66 1 3.24769 1
18 67 1 0.0453876 1
18 68 1 0.643063 1
18 69 1 0.0317447 1
18 70 1 1.67078 1
18 71 1 -0.702494 1
18 72 1 2.88255 1
18 73 1 -1.59054 1
18 74 1 1.74993 1
18 75 1 -0.356188 1
18 76 1 1.92172 1
18 77 1 1.22167 1
18 78 1 1.6451 1
18 79 1 0.713962 1
18 80 1 -0.605001 1
18 81 1 3.80137 1
18 82 1 -1.77048 1
18 83 1 0.354024 1
18 84 1 -1.9261 1
18 85 1 -0.481938 1
18 86 1 3.26452 1
18 87 1 -1.26696 1
18 88 1 1.39181 1
18 89 1 -0.207984 1
18 90 1 0.221603 1
18 91 1 0.689824 1
18 92 1 -1.5232 1
18 93 1 1.47506 1
18 94 1 0.0111392 1
18 95 1 -0.751669 1
18 25 1 -0.107778 1
18 18 1 0.396224 1
19 64 1 0.21705 1
19 65 1 -2.00711 1
19 66 1 1.67205 1
19 67 1 -1.99329 1
19 68 1 -1.87636 1
19 69 1 1.11525 1
19 70 1 -0.0134814 1
19 71 1 -0.151658 1
19 72 1 1.84992 1
19 73 1 0.154167 1
19 74 1 0.170958 1
19 75 1 1.11559 1
19 76 1 -1.61756 1
19 77 1 0.388659 1
19 78 1 -1.46979 1
19 79 1 1.30169 1
19 80 1 0.0818637 1
19 81 1 -3.1216 1
19 82 1 0.741847 1
19 83 1 -2.12948 1
19 84 1 0.923708 1
19 85 1 -0.892611 1
19 86 1 1.03806 1
19 87 1 1.67385 1
19 88 1 1.57416 1
19 89 1 4.48766 1
19 90 1 -0.798263 1
19 91 1 0.379058 1
19 92 1 1.24396 1
19 93 1 -2.88102 1
19 94 1 -2.03335 1
19 95 1 -3.95527 1
20 64 1 2.55623 1
20 65 1 1.11592 1
20 66 1 0.827802 1
20 67 1 1.41647 1
20 68 1 0.683986 1
20 69 1 -0.998258 1
20 70 1 -2.43828 1
20 71 1 -0.141367 1
20 72 1 0.88865 1
20 73 1 -0.220241 1
20 74 1 1.55607 1
20 75 1 3.24945 1
20 76 1 0.563194 1
20 77 1 -1.93959 1
20 78 1 0.672541 1
20 79 1 0.961916 1
20 80 1 -1.14528 1
20 81 1 -0.224818 1
20 82 1 2.62333 1
20 83 1 2.69377 1
20 84 1 -0.0723556 1
20 85 1 -0.661284 1
20 86 1 0.936508 1
20 87 1 -1.0957 1
20 88 1 1.31416 1
20 89 1 1.03725 1
20 90 1 0.466562 1
20 91 1 -1.08671 0
20 92 1 -2.14996 1
20 93 1 1.67619 0
20 94 1 2.65706 0
20 95 1 -1.14202 1
20 96 1 -2.50932 1
20 98 1 -0.57296 1
20 103 1 0.98711 1
103 91 1 0.528918 0
103 105 1 2.03547 1
103 112 1 0.468435 1
103 123 1 0.80799 1
123 91 1 0.789563 1
105 91 1 1.13809 1
98 93 1 -0.651074 1
98 99 1 1.94394 1
96 94 1 1.5034 1
96 20 1 -0.962679 1
21 64 1 0.698847 1
21 65 1 2.56743 1
21 66 1 -3.51864 1
21 67 1 -3.42 1
21 68 1 -1.20463 1
21 69 1 3.88769 1
21 70 1 -0.360486 1
21 71 1 -2.5203 1
21 72 1 -4.62446 1
21 73 1 0.224089 1
21 74 1 -0.620217 1
21 75 1 -1.11316 1
21 76 1 -0.580065 1
21 77 1 0.0592105 1
21 78 1 -3.61688 1
21 79 1 -1.80051 1
21 80 1 0.793986 1
21 81 1 -0.270375 1
21 82 1 0.231269 1
21 83 1 -0.273247 1
21 84 1 5.66952 1
21 85 1 -1.16266 1
21 86 1 0.399932 1
21 87 1 0.522101 1
21 88 1 2.73929 1
21 89 1 2.17519 1
21 90 1 -0.0938025 1
21 91 1 -1.988 1
21 92 1 1.56168 1
21 93 1 1.05436 1
21 94 1 -0.587307 1
21 95 1 1.04246 1
22 64 1 -0.188833 1
22 65 1 1.88857 1
22 66 1 1.35195 1
22 67 1 2.9546 1
22 68 1 -0.634404 1
22 69 1 -2.42968 1
22 70 1 -0.508521 1
22 71 1 1.41693 1
22 72 1 -1.96907 1
22 73 1 0.389279 1
22 74 1 -1.80103 1
22 75 1 -0.0276247 1
22 76 1 1.75606 1
22 77 1 0.968468 1
22 78 1 1.54644 1
22 79 1 2.38009 1
22 80 1 -1.35712 1
22 81 1 -2.46292 1
22 82 1 0.442321 1
22 83 1 -0.192839 1
22 84 1 -0.795892 1
22 85 1 -1.16138 1
22 86 1 1.64688 1
22 87 1 3.05545 1
22 88 1 -2.59367 1
22 89 1 -0.466345 1
22 90 1 1.86375 1
22 91 1 2.07434 1
22 92 1 0.0286649 1
22 93 1 1.31269 1
22 94 1 2.36963 1
22 95 1 3.06144 1
23 64 1 -1.33301 1
23 65 1 0.959699 1
23 66 1 0.640599 1
23 67 1 0.691215 1
23 68 1 -2.8902 1
23 69 1 -0.0522793 1
23 70 1 2.11981 1
23 71 1 -4.16146 1
23 72 1 0.525414 1
23 73 1 -0.923924 1
23 74 1 2.14307 1
23 75 1 1.38964 1
23 76 1 -0.0919107 1
23 77 1 2.56625 1
23 78 1 1.56848 1
23 79 1 -4.29701 1
23 80 1 1.14724 1
23 81 1 0.275816 1
23 82 1 -0.847324 1
23 83 1 0.685939 1
23 84 1 2.16325 1
23 85 1 0.611917 1
23 86 1 -5.49982 1
23 87 1 -0.0731702 1
23 88 1 1.91762 1
23 89 1 -0.791022 1
23 90 1 -1.07329 1
23 91 1 -0.0140885 1
23 92 1 -0.187586 1
23 93 1 1.89062 1
23 94 1 -1.07595 1
23 95 1 -1.34722 1
23 107 1 1.21448 1
23 27 1 0.646739 1
24 64 1 -3.94778 1
24 65 1 1.49102 1
24 66 1 0.285862 1
24 67 1 3.99715 1
24 68 1 -2.99388 1
24 69 1 0.508527 1
24 70 1 0.0707336 1
24 71 1 4.11511 1
24 72 1 -0.613 1
24 73 1 0.0404043 1
24 74 1 -0.654818 1
24 75 1 -0.427128 1
24 76 1 1.88606 1
24 77 1 -0.586397 1
24 78 1 -1.87653 1
24 79 1 -0.191937 1
24 80 1 -0.345668 1
24 81 1 1.07071 1
24 82 1 0.438902 1
24 83 1 -2.38069 1
24 84 1 -2.41327 1
24 85 1 -1.22269 1
24 86 1 -1.79924 1
24 87 1 1.96076 1
24 88 1 -1.78773 1
24 89 1 4.34752 1
24 90 1 2.11881 1
24 91 1 -1.61952 1
24 92 1 0.028726 1
24 93 1 -0.608374 1
24 94 1 -0.697907 1
24 95 1 2.38025 1
24 5 1 3.01254 1
25 64 1 -0.893232 1
25 65 1 2.91088 1
25 66 1 0.0962887 1
25 67 1 0.827715 1
25 68 1 4.7329 1
25 69 1 -4.20286 1
25 70 1 4.34943 0
25 71 1 -4.04677 1
25 72 1 0.597341 1
25 73 1 -0.145221 1
25 74 1 1.0615 1
25 75 1 -0.887749 1
25 76 1 0.779425 1
25 77 1 -0.332597 1
25 78 1 1.54297 1
25 79 1 -1.08194 1
25 80 1 2.5592 1
25 81 1 -2.31755 1
25 82 1 -0.937138 1
25 83 1 2.10479 1
25 84 1 -2.72562 1
25 85 1 -1.45319 1
25 86 1 0.870693 1
25 87 1 0.469299 1
25 88 1 0.0925472 1
25 89 1 2.28481 1
25 90 1 -3.75194 1
25 91 1 0.00586123 1
25 92 1 -0.272427 1
25 93 1 0.705136 1
25 94 1 0.787276 1
25 95 1 -3.73977 1
25 8 1 0.469712 1
25 6 1 -0.717074 1
25 121 1 0.275435 1
121 70 1 5.80455 1
26 64 1 -2.02418 1
26 65 1 1.7178 1
26 66 1 1.26911 1
26 67 1 1.21717 1
26 68 1 1.61813 1
26 69 1 2.09463 1
26 70 1 -3.43037 1
26 71 1 0.0997493 1
26 72 1 -1.25307 1
26 73 1 -0.222532 1
26 74 1 -2.17966 1
26 75 1 2.50027 1
26 76 1 -0.172878 1
26 77 1 -2.84918 1
26 78 1 1.26858 1
26 79 1 -2.76543 1
26 80 1 0.682992 1
26 81 1 2.75238 1
26 82 1 -0.278562 1
26 83 1 1.99985 1
26 84 1 -1.08144 1
26 85 1 -0.662784 1
26 86 1 -2.59998 1
26 87 1 0.593755 1
26 88 1 -2.8564 1
26 89 1 -0.193189 1
26 90 1 -2.39014 1
26 91 1 -4.28352 1
26 92 1 -0.890837 1
26 93 1 -1.14271 1
26 94 1 1.36573 1
26 95 1 -1.68014 1
26 23 1 1.84465 1
26 15 1 -0.388388 1
27 64 1 -4.46484 1
27 65 1 2.03744 1
27 66 1 2.56042 1
27 67 1 0.0262465 1
27 68 1 -0.299505 1
27 69 1 0.8019 1
27 70 1 2.55202 1
27 71 1 -4.78707 1
27 72 1 -0.26037 1
27 73 1 2.08644 1
27 74 1 -2.07547 1
27 75 1 1.7447 1
27 76 1 -0.518158 1
27 77 1 -2.49707 1
27 78 1 2.73255 1
27 79 1 0.952742 1
27 80 1 -1.09867 1
27 81 1 -0.969609 1
27 82 1 -0.770688 1
27 83 1 -2.16355 1
27 84 1 1.61978 1
27 85 1 0.0370744 1
27 86 1 -2.61249 1
27 87 1 1.45321 1
27 88 1 -3.35421 1
27 89 1 -2.30337 1
27 90 1 0.164881 1
27 91 1 0.15362 1
27 92 1 -1.1645 1
27 93 1 -1.38584 1
27 94 1 1.39467 1
27 95 1 -0.384583 1
27 9 1 1.55614 1
28 64 1 1.52226 1
28 65 1 0.238264 1
28 66 1 0.0130077 1
28 67 1 2.10953 1
28 68 1 1.56224 1
28 69 1 3.90192 1
28 70 1 -1.19826 1
28 71 1 -1.18345 1
28 72 1 -2.19787 1
28 73 1 1.12324 1
28 74 1 0.319255 1
28 75 1 -0.416071 1
28 76 1 0.390796 1
28 77 1 0.148145 1
28 78 1 -1.5853 1
28 79 1 0.610841 1
28 80 1 3.47687 1
28 81 1 -0.786702 1
28 82 1 1.5854 1
28 83 1 1.76833 1
28 84 1 0.0108694 1
28 85 1 -5.70988 1
28 86 1 -1.02144 1
28 87 1 -2.61672 1
28 88 1 -3.86047 1
28 89 1 -0.445146 1
28 90 1 -3.04378 1
28 91 1 -0.439439 1
28 92 1 1.19026 1
28 93 1 -1.67606 1
28 94 1 2.75225 1
28 95 1 -2.10234 1
29 64 1 -0.712836 1
29 65 1 -0.526367 1
29 66 1 0.892005 1
29 67 1 0.784247 1
29 68 1 -0.983536 1
29 69 1 1.58406 1
29 70 1 0.00734919 1
29 71 1 -1.641 1
29 72 1 1.22951 1
29 73 1 -0.507601 1
29 74 1 0.407779 1
29 75 1 0.650848 1
29 76 1 -0.0416043 1
29 77 1 0.191463 1
29 78 1 -5.93986 1
29 79 1 -1.52349 1
29 80 1 -0.209572 1
29 81 1 1.54753 1
29 82 1 -1.38442 1
29 83 1 -1.35971 1
29 84 1 1.34447 1
29 85 1 -1.28156 1
29 86 1 -0.522713 1
29 87 1 -4.57136 1
29 88 1 -0.0973714 1
29 89 1 -0.657653 1
29 90 1 -2.41467 1
29 91 1 1.20039 1
29 92 1 0.957204 1
29 93 1 0.333137 1
29 94 1 -1.25268 1
29 95 1 -1.36988 1
30 64 1 -0.169609 1
30 65 1 1.70638 1
30 66 1 -0.106317 1
30 67 1 0.0801071 1
30 68 1 2.27468 1
30 69 1 1.24736 1
30 70 1 0.405709 1
30 71 1 0.312591 1
30 72 1 -0.68615 1
30 73 1 3.99919 1
30 74 1 1.19089 1
30 75 1 2.00129 1
30 76 1 -0.525339 1
30 77 1 -0.209223 1
30 78 1 2.17956 1
30 79 1 2.09116 1
30 80 1 0.493767 1
30 81 1 -1.81972 1
30 82 1 1.2362 1
30 83 1 3.64632 1
30 84 1 0.958681 1
30 85 1 -1.68928 1
30 86 1 -1.52311 1
30 87 1 -4.12403 1
30 88 1 0.0914754 1
30 89 1 -2.14934 1
30 90 1 1.36299 1
30 91 1 3.63492 1
30 92 1 0.781736 1
30 93 1 1.52496 1
30 94 1 1.71505 1
30 95 1 0.25714 1
31 64 1 1.10449 1
31 65 1 0.070412 1
31 66 1 -0.636194 1
31 67 1 5.09067 1
31 68 1 3.17936 1
31 69 1 1.92123 1
31 70 1 -1.36897 1
31 71 1 0.645467 1
31 72 1 -1.22383 1
31 73 1 -1.81597 1
31 74 1 -0.288945 1
31 75 1 -1.06435 1
31 76 1 0.693579 1
31 77 1 -0.569956 1
31 78 1 -2.05749 1
31 79 1 1.79815 1
31 80 1 -1.68847 1
31 81 1 -0.715152 1
31 82 1 0.924957 1
31 83 1 -1.32305 1
31 84 1 -1.24368 1
31 85 1 -1.58943 1
31 86 1 1.26991 1
31 87 1 0.81701 0
31 88 1 1.44947 1
31 89 1 -0.725929 1
31 90 1 1.02623 1
31 91 1 1.00163 1
31 92 1 -2.50362 1
31 93 1 1.45435 1
31 94 1 -0.363408 1
31 95 1 0.72903 1
31 122 1 1.00858 1
122 87 1 0.957831 1
32 64 1 4.86726 1
32 65 1 1.43509 1
32 66 1 -2.1129 1
32 67 1 2.57113 1
32 68 1 -0.046278 1
32 69 1 3.05584 1
32 70 1 -0.211694 1
32 71 1 1.6964 1
32 72 1 -3.69468 1
32 73 1 1.44965 1
32 74 1 -2.00155 1
32 75 1 1.94528 1
32 76 1 -2.03824 1
32 77 1 1.07815 1
32 78 1 -0.398996 1
32 79 1 1.49626 1
32 80 1 1.35156 1
32 81 1 -2.1161 1
32 82 1 -1.41456 1
32 83 1 -0.893751 1
32 84 1 0.452202 1
32 85 1 -3.52104 1
32 86 1 -2.01924 1
32 87 1 0.325335 1
32 88 1 -2.01361 1
32 89 1 -1.97778 1
32 90 1 -0.732317 1
32 91 1 -3.00374 1
32 92 1 2.32538 1
32 93 1 -2.35939 1
32 94 1 0.101845 1
32 95 1 -2.42842 1
33 64 1 1.17492 1
33 65 1 -4.21499 1
33 66 1 -0.731457 1
33 67 1 -1.33138 1
33 68 1 -1.3757 1
33 69 1 -1.32126 1
33 70 1 3.49993 1
33 71 1 1.27794 1
33 72 1 0.127535 1
33 73 1 2.23539 1
33 74 1 0.884626 1
33 75 1 -2.32739 1
33 76 1 0.835541 1
33 77 1 3.6806 1
33 78 1 -2.13213 1
33 79 1 0.32175 1
33 80 1 2.31659 1
33 81 1 -2.35611 1
33 82 1 -1.05422 1
33 83 1 -0.470308 1
33 84 1 1.28773 1
33 85 1 1.19147 1
33 86 1 0.205103 1
33 87 1 1.56258 1
33 88 1 3.66728 1
33 89 1 2.65866 1
33 90 1 -1.91982 1
33 91 1 1.30265 1
33 92 1 3.12946 1
33 93 1 3.04535 1
33 94 1 0.12655 1
33 95 1 -0.772629 1
33 20 1 -1.56088 1
33 107 1 -0.17084 1
34 64 1 1.27262 1
34 65 1 -0.235341 1
34 66 1 0.851394 1
34 67 1 1.79345 1
34 68 1 1.53453 1
34 69 1 0.324086 1
34 70 1 -0.174904 1
34 71 1 -0.114375 1
34 72 1 -0.959016 1
34 73 1 -0.0233125 1
34 74 1 1.87625 1
34 75 1 4.18455 1
34 76 1 -2.76297 1
34 77 1 1.27244 1
34 78 1 -0.0128537 1
34 79 1 1.51319 1
34 80 1 1.95982 1
34 81 1 0.153847 1
34 82 1 0.141346 1
34 83 1 1.72198 1
34 84 1 0.772602 1
34 85 1 -0.0476302 1
34 86 1 -0.335446 1
34 87 1 -0.164503 1
34 88 1 1.97751 1
34 89 1 -0.433208 1
34 90 1 -2.11496 1
34 91 1 1.91525 1
34 92 1 -0.0335712 1
34 93 1 -3.13318 1
34 94 1 1.65831 1
34 95 1 0.698019 1
35 64 1 -1.18065 1
35 65 1 0.0994244 1
35 66 1 0.549496 1
35 67 1 0.250979 1
35 68 1 1.16914 1
35 69 1 2.73767 1
35 70 1 0.0786087 1
35 71 1 1.21627 1
35 72 1 0.329373 1
35 73 1 3.86001 1
35 74 1 2.89597 1
35 75 1 -0.377796 1
35 76 1 -0.880492 1
35 77 1 1.80982 1
35 78 1 -3.86979 1
35 79 1 -2.1789 1
35 80 1 -5.57805 1
35 81 1 0.114301 1
35 82 1 1.97783 1
35 83 1 0.442997 1
35 84 1 2.34281 1
35 85 1 -2.11612 1
35 86 1 -1.0415 1
35 87 1 -1.054 1
35 88 1 -0.0617865 1
35 89 1 1.71222 1
35 90 1 -2.51641 1
35 91 1 -2.14475 1
35 92 1 -0.766322 1
35 93 1 1.74665 1
35 94 1 -2.57583 1
35 95 1 0.0884274 1
36 64 1 -0.698278 1
36 65 1 -0.762861 1
36 66 1 0.154527 1
36 67 1 0.168221 1
36 68 1 -1.39736 1
36 69 1 -0.331781 1
36 70 1 0.403477 1
36 71 1 2.95454 1
36 72 1 0.396805 1
36 73 1 0.122102 1
36 74 1 1.81398 1
36 75 1 -0.286465 1
36 76 1 1.10594 1
36 77 1 -1.38916 1
36 78 1 1.57396 1
36 79 1 3.17451 1
36 80 1 -0.138029 1
36 81 1 1.75136 1
36 82 1 -0.670356 0
36 83 1 0.0667279 1
36 84 1 0.367329 1
36 85 1 -3.43644 1
36 86 1 0.143259 1
36 87 1 -0.633512 1
36 88 1 1.7293 1
36 89 1 -0.802409 1
36 90 1 -2.1021 1
36 91 1 1.07138 1
36 92 1 2.43168 1
36 93 1 -0.484748 1
36 94 1 -2.91079 1
36 95 1 3.23756 1
36 109 1 0.512025 0
36 24 1 -1.03931 1
36 117 1 0.344607 1
117 109 1 1.19102 1
109 82 1 0.931613 1
109 31 1 -1.59592 1
37 64 1 -2.9422 1
37 65 1 -0.836998 1
37 66 1 -2.11097 1
37 67 1 -2.89188 1
37 68 1 -4.03999 1
37 69 1 1.63644 1
37 70 1 -1.86948 1
37 71 1 -1.74786 1
37 72 1 1.95491 1
37 73 1 -0.0793663 1
37 74 1 0.687984 1
37 75 1 0.109773 1
37 76 1 2.36975 1
37 77 1 0.095802 1
37 78 1 0.462809 1
37 79 1 -0.570037 1
37 80 1 1.8125 1
37 81 1 0.53949 1
37 82 1 4.91691 1
37 83 1 -0.551659 1
37 84 1 -1.5831 1
37 85 1 1.34712 1
37 86 1 -1.99652 1
37 87 1 -0.255059 1
37 88 1 -2.65721 1
37 89 1 0.487174 1
37 90 1 0.319267 1
37 91 1 -0.956838 1
37 92 1 2.78035 1
37 93 1 -0.597967 1
37 94 1 -1.47386 1
37 95 1 0.570483 1
38 64 1 0.832138 1
38 65 1 -3.18593 1
38 66 1 -0.292023 1
38 67 1 0.132136 1
38 68 1 -0.0832198 1
38 69 1 -0.557081 1
38 70 1 1.34372 1
38 71 1 0.566552 1
38 72 1 -0.229625 1
38 73 1 0.602788 1
38 74 1 0.830022 1
38 75 1 1.24778 1
38 76 1 1.89855 1
38 77 1 -1.02039 1
38 78 1 -1.96283 1
38 79 1 0.18665 1
38 80 1 -2.34699 1
38 81 1 -0.078992 1
38 82 1 0.29062 1
38 83 1 -0.255808 1
38 84 1 -2.18168 1
38 85 1 -0.70181 1
38 86 1 -1.31624 1
38 87 1 0.158007 1
38 88 1 1.06654 1
38 89 1 3.14869 1
38 90 1 -2.19868 1
38 91 1 1.56433 1
38 92 1 0.529939 1
38 93 1 1.0312 1
38 94 1 -0.484785 1
38 95 1 -4.15736 1
39 64 1 0.248984 1
39 65 1 -2.28835 1
39 66 1 0.165094 1
39 67 1 -0.876081 1
39 68 1 -0.698797 1
39 69 1 0.139437 1
39 70 1 0.0792656 1
39 71 1 0.675253 1
39 72 1 -0.843712 1
39 73 1 -0.797579 1
39 74 1 2.81345 1
39 75 1 1.4219 0
39 76 1 0.656201 1
39 77 1 -1.448 1
39 78 1 -1.27537 1
39 79 1 -1.08794 1
39 80 1 -0.498824 1
39 81 1 -1.9792 1
39 82 1 0.0587745 1
39 83 1 0.730148 1
39 84 1 0.66886 1
39 85 1 0.427866 1
39 86 1 2.86603 1
39 87 1 1.71808 1
39 88 1 -2.12662 1
39 89 1 0.668387 1
39 90 1 2.62459 1
39 91 1 -3.96356 1
39 92 1 3.69683 1
39 93 1 -0.899847 1
39 94 1 -1.10164 1
39 95 1 -0.196949 1
39 2 1 -2.69344 1
39 112 1 3.09511 1
39 13 1 0.197017 1
112 75 1 -0.822057 1
40 64 1 -6.99564 1
40 65 1 0.225788 1
40 66 1 -0.553525 1
40 67 1 0.453472 1
40 68 1 4.47232 1
40 69 1 -0.790894 1
40 70 1 -1.67469 1
40 71 1 -0.0722865 1
40 72 1 5.43453 1
40 73 1 0.673457 1
40 74 1 0.249837 1
40 75 1 -0.763062 1
40 76 1 -0.475746 1
40 77 1 1.97756 1
40 78 1 2.46028 1
40 79 1 -1.96688 1
40 80 1 1.16234 1
40 81 1 -0.347647 1
40 82 1 0.723095 1
40 83 1 -2.01072 1
40 84 1 0.36882 1
40 85 1 1.24584 1
40 86 1 -0.939868 1
40 87 1 0.515557 1
40 88 1 -0.146203 1
40 89 1 -0.771226 1
40 90 1 -0.144508 1
40 91 1 -0.648296 1
40 92 1 0.341593 1
40 93 1 1.63919 1
40 94 1 -1.08576 1
40 95 1 0.985698 1
41 64 1 5.9461 1
41 65 1 -0.923948 1
41 66 1 1.18893 1
41 67 1 -2.99861 1
41 68 1 -0.382684 1
41 69 1 -0.970597 1
41 70 1 1.12834 1
41 71 1 0.357534 1
41 72 1 3.34018 1
41 73 1 -3.2365 1
41 74 1 -0.643029 1
41 75 1 0.385199 1
41 76 1 -0.552606 1
41 77 1 -1.17342 1
41 78 1 -2.33971 1
41 79 1 -1.24518 1
41 80 1 2.65701 1
41 81 1 0.457516 1
41 82 1 -0.881245 1
41 83 1 1.20117 1
41 84 1 -0.192556 1
41 85 1 1.28987 1
41 86 1 0.756657 1
41 87 1 0.124731 1
41 88 1 5.26817 1
41 89 1 -0.826348 1
41 90 1 -1.51009 1
41 91 1 1.24364 1
41 92 1 -0.309116 1
41 93 1 0.389811 1
41 94 1 -0.0411596 1
41 95 1 -2.96674 1
41 11 1 1.25324 1
41 29 1 -0.833908 1
42 64 1 -0.486317 1
42 65 1 1.25598 1
42 66 1 0.448124 1
42 67 1 0.562282 1
42 68 1 -0.449253 1
42 69 1 -1.09722 1
42 70 1 -2.63732 1
42 71 1 -0.347779 1
42 72 1 -2.7168 1
42 73 1 -2.72397 1
42 74 1 1.55296 1
42 75 1 -0.523707 1
42 76 1 -1.76387 1
42 77 1 -1.08892 1
42 78 1 -1.77207 1
42 79 1 -0.0718569 1
42 80 1 -0.51322 1
42 81 1 -0.32627 1
42 82 1 1.6862 1
42 83 1 1.92969 1
42 84 1 1.65304 1
42 85 1 1.15935 1
42 86 1 -1.18837 1
42 87 1 -2.20952 1
42 88 1 -0.0995606 1
42 89 1 0.920138 1
42 90 1 0.991703 1
42 91 1 0.620411 1
42 92 1 -2.40732 1
42 93 1 1.37526 1
42 94 1 -2.34843 1
42 95 1 0.829037 1
43 64 1 0.545677 1
43 65 1 -2.17944 1
43 66 1 2.79958 1
43 67 1 1.78208 1
43 68 1 -0.80871 1
43 69 1 -1.28325 1
43 70 1 0.810659 1
43 71 1 -3.00458 1
43 72 1 -2.47336 1
43 73 1 -4.63609 1
43 74 1 1.37123 1
43 75 1 -0.716839 1
43 76 1 2.94896 1
43 77 1 0.497789 1
43 78 1 0.395571 1
43 79 1 -0.660234 1
43 80 1 -0.48939 1
43 81 1 1.30097 1
43 82 1 0.998751 1
43 83 1 -0.580443 1
43 84 1 0.791907 1
43 85 1 1.14019 1
43 86 1 -2.08232 1
43 87 1 4.06745 1
43 88 1 -0.870825 1
43 89 1 2.06334 1
43 90 1 0.601519 1
43 91 1 -3.75504 1
43 92 1 2.15836 1
43 93 1 2.85631 1
43 94 1 -4.09658 1
43 95 1 -0.549106 1
44 64 1 1.35731 1
44 65 1 -2.76798 1
44 66 1 0.553282 1
44 67 1 -0.617469 1
44 68 1 -1.3227 1
44 69 1 0.32885 1
44 70 1 1.95717 1
44 71 1 1.12748 1
44 72 1 -1.69055 1
44 73 1 0.0201456 1
44 74 1 -1.59472 1
44 75 1 -1.32278 1
44 76 1 -0.335782 1
44 77 1 0.274787 1
44 78 1 1.35325 1
44 79 1 0.52799 1
44 80 1 4.97137 1
44 81 1 -1.92471 1
44 82 1 4.20065 1
44 83 1 -1.40626 1
44 84 1 1.64209 1
44 85 1 0.550992 1
44 86 1 1.73609 1
44 87 1 -0.5927 1
44 88 1 -1.09723 1
44 89 1 -0.953964 1
44 90 1 0.140909 1
44 91 1 -0.697233 1
44 92 1 -0.548914 1
44 93 1 1.51531 1
44 94 1 0.550205 1
44 95 1 -1.24174 1
44 8 1 1.06499 1
44 29 1 -0.415298 1
45 64 1 -1.30291 1
45 65 1 1.91915 1
45 66 1 0.555068 1
45 67 1 -1.74825 1
45 68 1 -2.29207 1
45 69 1 -5.53895 1
45 70 1 -3.30983 1
45 71 1 0.529668 1
45 72 1 -2.35936 1
45 73 1 2.53355 1
45 74 1 3.15761 1
45 75 1 2.34332 1
45 76 1 1.33587 1
45 77 1 -1.38938 1
45 78 1 -2.45455 1
45 79 1 1.04908 1
45 80 1 -0.949497 1
45 81 1 0.695401 1
45 82 1 1.40899 1
45 83 1 -0.631055 1
45 84 1 1.28461 1
45 85 1 -3.04173 1
45 86 1 1.37468 1
45 87 1 -0.255389 1
45 88 1 0.628487 1
45 89 1 -2.90897 1
45 90 1 0.435985 1
45 91 1 1.54083 1
45 92 1 -1.39023 1
45 93 1 -2.75996 1
45 94 1 0.933936 1
45 95 1 -1.52127 1
45 9 1 3.57581 1
46 64 1 0.696959 1
46 65 1 0.717327 1
46 66 1 1.35101 1
46 67 1 2.97398 1
46 68 1 -2.53384 1
46 69 1 -0.500693 1
46 70 1 2.38442 1
46 71 1 -0.33519 1
46 72 1 -0.0185674 1
46 73 1 -3.28988 1
46 74 1 -1.79293 1
46 75 1 -0.0779898 1
46 76 1 -2.37177 1
46 77 1 1.84903 1
46 78 1 -0.745601 1
46 79 1 -0.356704 1
46 80 1 3.3647 1
46 81 1 -1.42927 1
46 82 1 -1.41328 1
46 83 1 2.02823 1
46 84 1 -0.963957 1
46 85 1 0.788731 1
46 86 1 -0.873507 1
46 87 1 0.155394 1
46 88 1 -2.36186 1
46 89 1 -3.04827 1
46 90 1 -0.483875 1
46 91 1 0.0541037 1
46 92 1 -0.588504 1
46 93 1 -0.256962 1
46 94 1 0.922814 1
46 95 1 1.9542 1
46 24 1 1.289 1
47 64 1 -0.451887 1
47 65 1 1.19506 1
47 66 1 -1.06321 1
47 67 1 2.77953 1
47 68 1 0.934086 1
47 69 1 2.9417 1
47 70 1 -1.61964 1
47 71 1 0.13745 1
47 72 1 1.71947 1
47 73 1 2.79818 1
47 74 1 -1.07181 1
47 75 1 -2.12412 1
47 76 1 -1.02665 1
47 77 1 -4.53563 1
47 78 1 -1.12467 1
47 79 1 0.0961793 1
47 80 1 0.626323 1
47 81 1 -4.33366 1
47 82 1 0.266131 1
47 83 1 -0.442182 1
47 84 1 -0.567481 1
47 85 1 -1.00674 1
47 86 1 -0.601447 1
47 87 1 1.83233 1
47 88 1 -1.50924 1
47 89 1 -0.545515 1
47 90 1 2.17372 1
47 91 1 1.06521 1
47 92 1 0.128089 1
47 93 1 0.687373 1
47 94 1 0.279448 1
47 95 1 -1.90437 1
47 4 1 0.628097 1
48 64 1 -0.12813 1
48 65 1 -0.749244 1
48 66 1 -0.267678 1
48 67 1 -2.92032 1
48 68 1 -0.729692 1
48 69 1 -3.67844 1
48 70 1 1.49113 1
48 71 1 2.32272 1
48 72 1 -0.958732 1
48 73 1 2.50483 1
48 74 1 3.27767 1
48 75 1 -1.63328 1
48 76 1 1.22796 1
48 77 1 -1.63135 1
48 78 1 1.6595 1
48 79 1 -0.419664 1
48 80 1 0.143988 1
48 81 1 -1.79673 1
48 82 1 -0.565227 1
48 83 1 1.00637 1
48 84 1 -0.748483 1
48 85 1 2.20051 1
48 86 1 -0.0250289 1
48 87 1 -2.63307 1
48 88 1 -1.25733 1
48 89 1 1.21452 1
48 90 1 -0.180755 1
48 91 1 1.42858 1
48 92 1 -4.32067 1
48 93 1 -0.917536 1
48 94 1 1.79252 1
48 95 1 -0.90092 1
48 16 1 0.316471 1
48 12 1 -0.499288 1
48 14 1 -0.683872 1
49 64 1 0.3371 1
49 65 1 -1.81566 1
49 66 1 -0.992505 1
49 67 1 -1.45586 1
49 68 1 0.721079 1
49 69 1 1.0864 1
49 70 1 -1.1466 1
49 71 1 -3.10548 1
49 72 1 -1.16028 1
49 73 1 -0.0893192 1
49 74 1 1.08978 1
49 75 1 1.73657 1
49 76 1 -4.01942 1
49 77 1 -0.704379 1
49 78 1 -2.16742 1
49 79 1 3.69083 1
49 80 1 4.34482 1
49 81 1 -2.63928 1
49 82 1 1.14482 1
49 83 1 1.02027 1
49 84 1 0.946306 1
49 85 1 -2.96158 1
49 86 1 -0.520498 1
49 87 1 -1.82914 1
49 88 1 -2.77591 1
49 89 1 1.30488 1
49 90 1 0.64343 1
49 91 1 0.672117 1
49 92 1 0.0514319 1
49 93 1 -1.0574 1
49 94 1 -0.0493623 1
49 95 1 2.44927 1
49 19 1 -0.570428 1
50 64 1 -2.88274 1
50 65 1 -2.34617 1
50 66 1 1.91835 1
50 67 1 -3.5231 1
50 68 1 1.85691 1
50 69 1 2.15606 1
50 70 1 3.06244 1
50 71 1 4.46192 1
50 72 1 -1.39002 1
50 73 1 5.05873 1
50 74 1 0.409386 1
50 75 1 0.87668 1
50 76 1 -2.40197 1
50 77 1 0.0601893 1
50 78 1 0.140155 1
50 79 1 -0.67772 1
50 80 1 0.668743 1
50 81 1 0.000940871 1
50 82 1 -1.17489 1
50 83 1 1.89415 1
50 84 1 -2.50054 1
50 85 1 2.53372 1
50 86 1 -0.966435 1
50 87 1 -0.833836 1
50 88 1 -1.15938 1
50 89 1 1.3491 1
50 90 1 -1.03154 1
50 91 1 -0.568478 1
50 92 1 0.265658 1
50 93 1 0.612462 1
50 94 1 -3.21252 1
50 95 1 2.20952 1
50 4 1 0.718262 1
50 22 1 -2.27379 1
51 64 1 0.233247 1
51 65 1 2.96656 1
51 66 1 1.34091 1
51 67 1 -1.54066 1
51 68 1 -2.83375 1
51 69 1 0.397271 1
51 70 1 2.82866 1
51 71 1 1.32954 1
51 72 1 -2.67344 1
51 73 1 -1.23305 0
51 74 1 -1.54955 1
51 75 1 5.33642 1
51 76 1 -1.51676 1
51 77 1 -0.0423139 1
51 78 1 0.380217 1
51 79 1 1.67207 1
51 80 1 1.49277 1
51 81 1 -1.53602 1
51 82 1 0.114401 1
51 83 1 2.23606 1
51 84 1 -2.60511 1
51 85 1 -1.05136 1
51 86 1 -1.72233 1
51 87 1 0.0447798 1
51 88 1 0.853452 1
51 89 1 -1.30812 1
51 90 1 1.1129 1
51 91 1 -0.964357 1
51 92 1 2.27373 1
51 93 1 3.34589 1
51 94 1 -4.40081 1
51 95 1 -0.70855 1
51 116 1 0.654034 1
116 73 1 -1.02073 1
52 64 1 -1.72923 1
52 65 1 3.28199 1
52 66 1 2.36476 1
52 67 1 0.918011 1
52 68 1 -0.463016 1
52 69 1 2.50881 1
52 70 1 2.80438 1
52 71 1 -1.91641 1
52 72 1 -0.0769461 1
52 73 1 4.74484 1
52 74 1 2.84143 1
52 75 1 -0.390165 1
52 76 1 -1.77775 1
52 77 1 -2.04777 1
52 78 1 0.0474497 1
52 79 1 0.133664 1
52 80 1 -1.75258 1
52 81 1 1.70136 1
52 82 1 -1.96997 1
52 83 1 -1.6977 1
52 84 1 -0.677234 1
52 85 1 0.435434 1
52 86 1 -2.73629 1
52 87 1 1.95591 1
52 88 1 0.144506 1
52 89 1 -1.42694 1
52 90 1 -0.954477 1
52 91 1 0.554403 1
52 92 1 -0.187464 1
52 93 1 -0.758148 1
52 94 1 0.141205 1
52 95 1 0.229672 1
53 64 1 -2.58203 1
53 65 1 0.195793 1
53 66 1 0.4254 1
53 67 1 -0.245664 1
53 68 1 1.11877 1
53 69 1 2.85733 1
53 70 1 -0.801406 1
53 71 1 -0.260464 1
53 72 1 0.973092 1
53 73 1 0.641076 1
53 74 1 0.398615 1
53 75 1 -0.604793 1
53 76 1 1.32054 1
53 77 1 3.1934 1
53 78 1 -0.949398 1
53 79 1 0.701871 1
53 80 1 1.33667 1
53 81 1 0.711737 1
53 82 1 2.05019 1
53 83 1 1.34981 1
53 84 1 1.83083 1
53 85 1 -0.215132 1
53 86 1 0.154992 1
53 87 1 0.033024 1
53 88 1 -2.34602 1
53 89 1 -0.979115 1
53 90 1 -1.15172 1
53 91 1 -0.733501 1
53 92 1 1.03269 1
53 93 1 0.503743 1
53 94 1 -0.716314 1
53 95 1 -0.886765 1
53 20 1 3.54637 1
53 23 1 0.656865 1
54 64 1 1.42633 1
54 65 1 0.886924 1
54 66 1 -0.953575 1
54 67 1 1.14809 1
54 68 1 -0.127507 1
54 69 1 -0.326284 1
54 70 1 0.335254 1
54 71 1 1.1224 1
54 72 1 -0.170973 1
54 73 1 -0.147587 1
54 74 1 -0.768557 1
54 75 1 0.678229 1
54 76 1 -0.0235872 1
54 77 1 2.13163 1
54 78 1 -1.12768 1
54 79 1 0.154269 1
54 80 1 0.582148 1
54 81 1 -1.02404 1
54 82 1 -3.66302 1
54 83 1 2.55156 1
54 84 1 1.54474 1
54 85 1 -0.00254772 1
54 86 1 -2.52325 1
54 87 1 -0.259871 1
54 88 1 4.33919 1
54 89 1 0.599577 1
54 90 1 -1.47627 1
54 91 1 2.80666 1
54 92 1 -0.996272 1
54 93 1 0.939095 1
54 94 1 -0.503928 1
54 95 1 0.207209 1
54 30 1 -1.29964 1
55 64 1 -1.15904 1
55 65 1 -1.86191 1
55 66 1 1.07961 1
55 67 1 1.24869 1
55 68 1 -2.57584 1
55 69 1 1.74347 1
55 70 1 2.57364 1
55 71 1 -4.07453 1
55 72 1 0.231349 1
55 73 1 0.0924277 1
55 74 1 5.08519 1
55 75 1 -4.73213 1
55 76 1 -3.84245 1
55 77 1 3.16417 1
55 78 1 -3.52622 1
55 79 1 2.46294 1
55 80 1 -0.652484 1
55 81 1 -0.165772 1
55 82 1 -2.79123 1
55 83 1 -1.55587 1
55 84 1 -0.610643 1
55 85 1 -0.453407 1
55 86 1 0.358167 1
55 87 1 2.83529 1
55 88 1 -2.59086 1
55 89 1 -1.90348 1
55 90 1 1.99313 1
55 91 1 2.18419 1
55 92 1 1.75975 1
55 93 1 -3.75032 1
55 94 1 -1.94134 1
55 95 1 -2.32905 0
55 28 1 2.17159 1
55 114 1 -0.0749213 1
114 95 1 -1.00904 1
56 64 1 1.22107 1
56 65 1 -1.11145 1
56 66 1 -0.370543 1
56 67 1 -0.395724 1
56 68 1 2.05076 0
56 69 1 -0.0030352 1
56 70 1 1.48637 1
56 71 1 -1.22612 1
56 72 1 0.687291 1
56 73 1 -1.18101 1
56 74 1 3.23261 1
56 75 1 3.33444 1
56 76 1 -0.400466 1
56 77 1 -1.12394 1
56 78 1 -3.93899 1
56 79 1 0.464439 1
56 80 1 -0.939702 1
56 81 1 1.9605 1
56 82 1 1.79764 1
56 83 1 -2.65134 1
56 84 1 0.943874 1
56 85 1 -0.80588 1
56 86 1 0.552209 1
56 87 1 -2.95817 1
56 88 1 1.9898 1
56 89 1 -1.69449 1
56 90 1 -1.27055 1
56 91 1 0.413121 1
56 92 1 2.40461 1
56 93 1 3.20962 1
56 94 1 -2.04955 1
56 95 1 0.561053 1
56 3 1 -0.324282 1
56 126 1 1.12075 1
126 68 1 1.85298 1
57 64 1 -2.72603 1
57 65 1 1.8674 1
57 66 1 -2.93414 1
57 67 1 -0.0233002 1
57 68 1 3.69572 1
57 69 1 -1.60988 0
57 70 1 1.56 1
57 71 1 2.12762 1
57 72 1 -0.986989 1
57 73 1 -0.0752804 1
57 74 1 0.531994 1
57 75 1 3.66567 1
57 76 1 1.29234 1
57 77 1 -3.63298 1
57 78 1 -0.72054 1
57 79 1 -2.4203 1
57 80 1 1.45885 1
57 81 1 1.71979 1
57 82 1 1.73316 1
57 83 1 -3.46738 1
57 84 1 1.33006 1
57 85 1 -3.39342 1
57 86 1 -0.928778 1
57 87 1 2.40095 1
57 88 1 -3.06844 1
57 89 1 1.63776 1
57 90 1 1.58778 1
57 91 1 -0.0765499 1
57 92 1 -1.07708 1
57 93 1 -0.290383 1
57 94 1 0.218676 1
57 95 1 1.70052 1
57 104 1 1.56144 1
57 22 1 0.727566 1
104 69 1 0.419777 1
104 1 1 -0.904295 1
58 64 1 0.384722 1
58 65 1 -2.49083 1
58 66 1 -0.555784 1
58 67 1 -1.74981 1
58 68 1 1.31555 1
58 69 1 -1.30857 1
58 70 1 -0.885577 1
58 71 1 -1.02414 1
58 72 1 -0.717987 1
58 73 1 -1.99636 1
58 74 1 2.82535 1
58 75 1 1.32161 1
58 76 1 1.17883 1
58 77 1 -0.984003 1
58 78 1 -1.88215 1
58 79 1 -0.26355 1
58 80 1 -0.433043 1
58 81 1 1.18719 1
58 82 1 0.487911 1
58 83 1 -1.27042 1
58 84 1 0.250872 1
58 85 1 0.469961 1
58 86 1 0.286016 1
58 87 1 -1.54201 1
58 88 1 -1.54491 1
58 89 1 -1.53745 1
58 90 1 -2.02762 1
58 91 1 1.61647 1
58 92 1 2.1088 1
58 93 1 -0.029005 1
58 94 1 -3.268 1
58 95 1 1.82879 1
59 64 1 -0.779799 1
59 65 1 0.766072 1
59 66 1 0.24591 1
59 67 1 -1.32237 1
59 68 1 -0.615211 1
59 69 1 -0.127129 1
59 70 1 0.362695 1
59 71 1 1.64545 1
59 72 1 -0.367462 1
59 73 1 -2.72057 1
59 74 1 1.29276 1
59 75 1 -0.146295 1
59 76 1 0.163968 1
59 77 1 -1.2925 0
59 78 1 -1.62188 1
59 79 1 -1.62666 1
59 80 1 1.00156 1
59 81 1 -0.926462 1
59 82 1 -1.95673 1
59 83 1 3.27111 1
59 84 1 -2.22841 1
59 85 1 -1.51365 1
59 86 1 -0.624017 1
59 87 1 1.84589 1
59 88 1 4.09275 1
59 89 1 2.12065 1
59 90 1 0.349804 1
59 91 1 -1.8323 1
59 92 1 -0.600551 1
59 93 1 2.08055 1
59 94 1 -1.19027 1
59 95 1 1.70495 1
59 97 1 2.09846 1
59 5 1 -1.89715 1
59 11 1 -0.327743 1
97 77 1 -2.5168 1
97 22 1 -2.82314 1
97 2 1 -3.1859 0
97 99 1 2.15557 1
97 7 1 0.642642 0
97 102 1 2.62764 1
97 17 1 0.768473 1
102 7 1 1.65129 1
99 2 1 0.178392 0
99 108 1 1.99151 1
108 2 1 -0.0766817 0
108 125 1 1.01826 1
125 2 1 -0.501661 1
60 64 1 2.33734 1
60 65 1 -0.585926 1
60 66 1 -0.488336 1
60 67 1 -0.148247 1
60 68 1 2.37257 1
60 69 1 1.44971 1
60 70 1 -1.06859 1
60 71 1 -1.27175 1
60 72 1 -1.38557 0
60 73 1 -0.714849 1
60 74 1 -0.549401 1
60 75 1 0.926689 1
60 76 1 1.43131 1
60 77 1 2.45099 1
60 78 1 0.0741764 1
60 79 1 0.265211 1
60 80 1 -3.34936 1
60 81 1 -0.809548 1
60 82 1 -2.27771 1
60 83 1 1.33409 1
60 84 1 -1.9471 1
60 85 1 1.85046 1
60 86 1 2.07869 1
60 87 1 0.53736 1
60 88 1 -3.16255 1
60 89 1 -2.19443 1
60 90 1 -1.98174 1
60 91 1 -0.202673 1
60 92 1 0.79885 1
60 93 1 1.83903 1
60 94 1 0.643823 1
60 95 1 2.14397 1
60 24 1 -2.13329 1
60 0 1 2.92934 1
60 115 1 0.0800205 1
115 72 1 -0.211461 1
61 64 1 -0.878093 1
61 65 1 -0.371706 1
61 66 1 0.719927 1
61 67 1 -0.178113 1
61 68 1 -4.23335 1
61 69 1 0.97757 1
61 70 1 0.260792 1
61 71 1 1.3488 1
61 72 1 -1.21439 1
61 73 1 1.05175 1
61 74 1 1.2415 1
61 75 1 0.559662 1
61 76 1 0.610851 1
61 77 1 -0.703494 0
61 78 1 0.969832 1
61 79 1 -0.117984 1
61 80 1 -1.33482 1
61 81 1 -0.045782 1
61 82 1 -0.0128137 1
61 83 1 0.652635 1
61 84 1 -1.87361 1
61 85 1 2.73024 1
61 86 1 -0.174803 1
61 87 1 0.891975 1
61 88 1 0.371342 1
61 89 1 0.566867 1
61 90 1 2.23711 1
61 91 1 0.941398 1
61 92 1 -1.94391 1
61 93 1 -0.758086 1
61 94 1 1.05189 1
61 95 1 0.521875 1
61 107 1 0.111752 1
61 113 1 -0.894127 1
107 77 1 -3.61867 0
107 113 1 2.46874 1
107 14 1 0.3186 1
113 77 1 -2.93559 1
113 23 1 -1.06975 1
62 64 1 1.68341 1
62 65 1 -1.34465 1
62 66 1 2.68715 1
62 67 1 -1.40676 1
62 68 1 1.56852 1
62 69 1 -0.137464 1
62 70 1 0.494247 1
62 71 1 -1.40995 1
62 72 1 -0.325644 1
62 73 1 2.20949 1
62 74 1 2.25097 1
62 75 1 -0.530597 1
62 76 1 0.536407 1
62 77 1 -1.68878 1
62 78 1 -3.26129 1
62 79 1 1.94012 1
62 80 1 -1.69058 1
62 81 1 -1.43979 1
62 82 1 -0.12537 1
62 83 1 0.192771 1
62 84 1 -0.218187 1
62 85 1 -0.437443 1
62 86 1 2.88083 1
62 87 1 -2.7418 1
62 88 1 0.200385 1
62 89 1 -2.26651 1
62 90 1 -5.23969 1
62 91 1 0.82521 1
62 92 1 -0.774024 1
62 93 1 2.18363 1
62 94 1 0.292656 1
62 95 1 1.31051 1
62 5 1 -0.122525 1
63 64 1 2.87481 1
63 65 1 -0.0332242 1
63 66 1 2.79221 1
63 67 1 0.984119 1
63 68 1 -1.64471 1
63 69 1 -3.90651 1
63 70 1 0.439384 1
63 71 1 2.18706 1
63 72 1 -1.64166 1
63 73 1 -0.857208 1
63 74 1 -2.71913 1
63 75 1 0.325523 1
63 76 1 -1.52197 1
63 77 1 2.14384 1
63 78 1 0.195324 1
63 79 1 -1.3944 1
63 80 1 1.43793 1
63 81 1 0.158357 1
63 82 1 1.00365 1
63 83 1 -1.14157 1
63 84 1 -3.33788 1
63 85 1 -3.17554 1
63 86 1 4.54486 1
63 87 1 -2.1564 1
63 88 1 0.681944 1
63 89 1 -0.418298 1
63 90 1 3.06796 1
63 91 1 -1.40587 1
63 92 1 0.467224 1
63 93 1 -0.0538127 1
63 94 1 -1.75708 1
63 95 1 -0.490853 1
