102 64 32
0.286718 0.0983511 -1.69088 1.11714 -0.515177 2.09319 -1.67576 -0.278716 0.274163 1.54755 1.94256 -0.768381 -0.23788 -1.36115 -0.335281 -1.81001 -0.0160737 -0.601546 -1.76919 0.420995 -0.783607 -1.88746 0.767263 -0.488292 0.627441 0.795712 0.821753 0.473398 -0.880489 0.51635 -2.05625 -0.913699 0.85955 0.532936 -0.402371 -0.216566 0.446515 0.00189265 0.0555172 -1.2038 0.0422476 -0.333243 -0.261584 0.00582872 -1.98123 0.0414462 0.345698 -0.318769 0.37509 -0.543433 1.26289 -0.648853 -0.475139 0.113667 1.2359 -0.374204 -0.297039 0.719687 -0.956762 0.513185 -0.528499 0.22761 -0.583328 -0.950405 -0.859237 1.5741 1.22605 0.242079 -1.84027 -1.30302 -1.24795 -1.50646 -0.68728 -0.185814 1.16844 0.353852 -1.13607 0.656026 -1.10584 -2.42245 -0.118407 -0.349879 0.685212 1.70673 0.928687 -0.361068 -0.112284 1.02186 0.472516 -1.71166 0.487599 0.0254418 0.0816273 0.195602 -0.285136 0.134738 -0.144561 0.314051 0.0293646 -0.348335 0.024473 -0.078557 
0 64 1 -2.19432 1
0 65 1 -2.0814 1
0 66 1 -0.0680422 1
0 67 1 -0.47909 1
0 68 1 1.5018 1
0 69 1 -0.265292 1
0 70 1 -0.952406 1
0 71 1 -0.489097 1
0 72 1 -1.0592 1
0 73 1 1.30788 1
0 74 1 0.173068 1
0 75 1 0.91202 1
0 76 1 -1.41405 1
0 77 1 1.81774 1
0 78 1 -0.150564 1
0 79 1 1.02199 1
0 80 1 0.584996 1
0 81 1 -0.376674 1
0 82 1 -0.629731 1
0 83 1 -1.40251 1
0 84 1 -0.273912 1
0 85 1 0.579438 1
0 86 1 -1.19253 1
0 87 1 -0.235704 1
0 88 1 0.200208 1
0 89 1 0.583257 1
0 90 1 0.24786 1
0 91 1 0.409573 1
0 92 1 -1.10697 1
0 93 1 0.76831 1
0 94 1 0.264453 1
0 95 1 1.81428 1
1 64 1 -1.13916 1
1 65 1 -0.901798 1
1 66 1 0.95051 1
1 67 1 0.075219 1
1 68 1 0.513466 1
1 69 1 2.7846 1
1 70 1 0.194351 1
1 71 1 -0.148148 1
1 72 1 0.999767 1
1 73 1 -0.256829 1
1 74 1 -0.175696 1
1 75 1 -1.42226 1
1 76 1 -0.528725 1
1 77 1 2.41526 1
1 78 1 -0.886224 1
1 79 1 -0.564114 1
1 80 1 -1.54226 1
1 81 1 -0.529691 1
1 82 1 0.578154 1
1 83 1 -1.34316 1
1 84 1 0.0231006 1
1 85 1 -1.15405 1
1 86 1 0.643198 1
1 87 1 -0.199749 1
1 88 1 -0.158735 1
1 89 1 2.29312 1
1 90 1 -0.562892 1
1 91 1 -0.287061 1
1 92 1 -1.40183 1
1 93 1 0.140916 1
1 94 1 -0.733201 1
1 95 1 0.00437931 1
2 64 1 -0.277644 1
2 65 1 0.650464 1
2 66 1 -1.50562 1
2 67 1 -0.389116 1
2 68 1 -0.0128618 1
2 69 1 -0.308061 1
2 70 1 -0.870489 1
2 71 1 -0.368757 1
2 72 1 -1.49287 1
2 73 1 -0.956804 1
2 74 1 0.624185 1
2 75 1 0.386153 1
2 76 1 -2.71929 1
2 77 1 -0.324445 1
2 78 1 -0.516531 1
2 79 1 0.360342 1
2 80 1 0.277479 1
2 81 1 -0.671678 1
2 82 1 -1.5269 1
2 83 1 -1.06293 1
2 84 1 0.0238824 1
2 85 1 1.09469 1
2 86 1 -1.21009 1
2 87 1 -0.480928 1
2 88 1 -1.47545 1
2 89 1 -1.97276 1
2 90 1 -1.65252 1
2 91 1 -1.65189 1
2 92 1 0.486021 1
2 93 1 -0.00310537 1
2 94 1 0.318851 1
2 95 1 0.309697 1
3 64 1 -1.08986 1
3 65 1 -0.527838 1
3 66 1 -1.49265 1
3 67 1 -0.287037 1
3 68 1 0.784679 1
3 69 1 -0.582127 1
3 70 1 1.21158 1
3 71 1 1.75928 1
3 72 1 1.92937 1
3 73 1 1.0898 1
3 74 1 1.16199 1
3 75 1 0.245595 1
3 76 1 2.0857 1
3 77 1 -1.48031 1
3 78 1 -0.108915 1
3 79 1 -0.617619 1
3 80 1 1.22719 1
3 81 1 1.87588 1
3 82 1 0.413941 1
3 83 1 -0.134664 1
3 84 1 -1.76716 1
3 85 1 0.234287 1
3 86 1 0.218074 1
3 87 1 -0.647764 1
3 88 1 0.757056 1
3 89 1 -1.14651 1
3 90 1 -0.465003 1
3 91 1 -0.440982 1
3 92 1 -0.222391 1
3 93 1 -0.36935 1
3 94 1 -0.235351 1
3 95 1 1.77505 1
4 64 1 -0.282182 1
4 65 1 -0.169932 1
4 66 1 -2.26684 1
4 67 1 0.539417 1
4 68 1 0.651284 1
4 69 1 -1.20744 1
4 70 1 0.591145 1
4 71 1 0.133475 1
4 72 1 -0.59533 1
4 73 1 0.253601 1
4 74 1 1.20056 1
4 75 1 -1.16734 0
4 76 1 0.914436 1
4 77 1 0.988791 1
4 78 1 0.192906 1
4 79 1 -0.531547 1
4 80 1 -2.13267 1
4 81 1 -0.329819 1
4 82 1 0.017992 1
4 83 1 1.58322 1
4 84 1 1.31332 1
4 85 1 1.51954 1
4 86 1 -0.812942 1
4 87 1 -1.17329 1
4 88 1 0.453981 1
4 89 1 0.0873544 1
4 90 1 0.301052 1
4 91 1 -1.6171 1
4 92 1 -0.484809 1
4 93 1 1.46468 1
4 94 1 -0.508398 1
4 95 1 0.150042 1
4 101 1 1.09776 1
101 75 1 -1.04169 1
5 64 1 0.467147 1
5 65 1 1.17659 1
5 66 1 0.517481 1
5 67 1 2.09326 1
5 68 1 -0.163986 1
5 69 1 1.34708 1
5 70 1 -0.608396 1
5 71 1 -1.12498 1
5 72 1 0.0725993 1
5 73 1 -1.06912 1
5 74 1 0.703096 1
5 75 1 0.42697 1
5 76 1 0.805961 1
5 77 1 0.229934 1
5 78 1 -1.12729 1
5 79 1 1.90929 1
5 80 1 1.40799 1
5 81 1 0.136498 1
5 82 1 1.53995 1
5 83 1 2.35512 1
5 84 1 1.25565 1
5 85 1 0.0197353 1
5 86 1 -0.967255 1
5 87 1 -1.34928 1
5 88 1 -0.58382 1
5 89 1 0.655636 1
5 90 1 -1.32898 1
5 91 1 0.336478 1
5 92 1 -1.50695 1
5 93 1 0.0165163 1
5 94 1 -0.500199 1
5 95 1 -0.493752 1
6 64 1 0.490263 1
6 65 1 -1.46852 1
6 66 1 0.52582 1
6 67 1 1.45196 1
6 68 1 -2.28229 1
6 69 1 -0.272728 1
6 70 1 -1.01005 1
6 71 1 -0.0346395 1
6 72 1 -0.583677 1
6 73 1 1.02239 1
6 74 1 0.228688 1
6 75 1 0.501871 1
6 76 1 1.96076 1
6 77 1 -1.32613 1
6 78 1 -0.446781 1
6 79 1 -0.987699 1
6 80 1 2.47707 1
6 81 1 -0.0878301 1
6 82 1 1.16894 1
6 83 1 1.2703 1
6 84 1 0.910844 1
6 85 1 -0.0682073 1
6 86 1 -0.401478 1
6 87 1 0.794253 1
6 88 1 -0.426145 1
6 89 1 -0.958598 1
6 90 1 0.873461 1
6 91 1 0.242892 1
6 92 1 0.890479 1
6 93 1 0.368224 1
6 94 1 -0.763233 1
6 95 1 1.46196 1
7 64 1 -0.85771 1
7 65 1 -0.48411 1
7 66 1 0.409205 1
7 67 1 -0.0205746 1
7 68 1 -1.41085 1
7 69 1 -1.42274 1
7 70 1 1.93934 1
7 71 1 -0.837745 1
7 72 1 2.20089 1
7 73 1 0.616629 1
7 74 1 -0.200518 1
7 75 1 -0.529005 1
7 76 1 2.09235 1
7 77 1 0.606179 1
7 78 1 -0.129324 1
7 79 1 1.18652 1
7 80 1 -0.475482 1
7 81 1 -1.89974 1
7 82 1 -1.84647 1
7 83 1 0.139072 0
7 84 1 -1.49616 1
7 85 1 -0.637845 1
7 86 1 1.76738 1
7 87 1 -1.34198 1
7 88 1 -0.467378 1
7 89 1 -0.525042 1
7 90 1 0.657071 1
7 91 1 -0.60464 1
7 92 1 0.3034 1
7 93 1 -1.72259 1
7 94 1 1.52958 1
7 95 1 0.687603 1
7 100 1 1.10698 1
100 83 1 0.249664 1
100 24 1 -0.647402 1
8 64 1 1.95428 1
8 65 1 -2.42639 1
8 66 1 0.403522 1
8 67 1 -0.694905 1
8 68 1 0.0317103 1
8 69 1 0.973575 1
8 70 1 0.664248 1
8 71 1 1.26214 1
8 72 1 0.400458 1
8 73 1 1.85618 1
8 74 1 0.0642576 1
8 75 1 -1.97439 1
8 76 1 -0.376987 1
8 77 1 0.0317739 1
8 78 1 -0.0721509 1
8 79 1 -0.692728 1
8 80 1 0.0613823 1
8 81 1 0.849947 1
8 82 1 0.629915 1
8 83 1 -0.925901 1
8 84 1 0.425781 1
8 85 1 1.05782 1
8 86 1 2.04145 1
8 87 1 -0.264002 1
8 88 1 -1.50805 1
8 89 1 3.60747 1
8 90 1 -0.136359 1
8 91 1 -1.32167 1
8 92 1 1.98842 1
8 93 1 1.83957 1
8 94 1 0.60094 1
8 95 1 -0.899439 1
9 64 1 -0.209399 1
9 65 1 -0.157236 1
9 66 1 -0.776527 1
9 67 1 0.266373 1
9 68 1 -0.192796 1
9 69 1 -0.532002 1
9 70 1 -1.99056 1
9 71 1 -0.317263 1
9 72 1 -0.442749 1
9 73 1 -0.29301 1
9 74 1 0.587986 1
9 75 1 -0.44435 1
9 76 1 1.12625 1
9 77 1 -0.911063 1
9 78 1 0.917122 1
9 79 1 -0.0795613 1
9 80 1 0.0336028 1
9 81 1 -0.307669 1
9 82 1 -0.834019 1
9 83 1 0.0431389 1
9 84 1 2.21112 1
9 85 1 1.53467 1
9 86 1 -1.20655 1
9 87 1 -0.506731 1
9 88 1 -1.51823 1
9 89 1 2.05594 1
9 90 1 0.532366 1
9 91 1 -1.68933 1
9 92 1 -1.85127 1
9 93 1 -0.606723 1
9 94 1 -2.59756 1
9 95 1 0.283203 1
10 64 1 0.470785 1
10 65 1 -0.510455 1
10 66 1 0.619109 1
10 67 1 0.201616 1
10 68 1 0.611494 1
10 69 1 0.499019 1
10 70 1 0.839013 1
10 71 1 0.211443 1
10 72 1 0.514697 1
10 73 1 1.54614 1
10 74 1 -1.1302 1
10 75 1 1.03878 1
10 76 1 0.0502762 1
10 77 1 -0.0764733 1
10 78 1 -2.28086 1
10 79 1 0.610214 1
10 80 1 -0.00447954 1
10 81 1 1.24794 1
10 82 1 -0.282126 1
10 83 1 -0.565804 1
10 84 1 0.444439 1
10 85 1 1.17517 1
10 86 1 0.680465 1
10 87 1 1.98333 1
10 88 1 0.214272 1
10 89 1 1.20013 1
10 90 1 -0.732385 1
10 91 1 0.78719 1
10 92 1 1.88637 1
10 93 1 0.235921 1
10 94 1 2.65113 1
10 95 1 0.76135 1
11 64 1 1.29656 1
11 65 1 1.46775 1
11 66 1 0.635047 1
11 67 1 -1.85728 1
11 68 1 0.347446 1
11 69 1 -0.48972 1
11 70 1 0.350533 1
11 71 1 -1.07956 1
11 72 1 -0.555374 1
11 73 1 -0.833624 1
11 74 1 -1.57159 1
11 75 1 0.0850403 1
11 76 1 -0.11047 1
11 77 1 0.69786 1
11 78 1 -0.770114 1
11 79 1 -0.836054 1
11 80 1 1.52054 1
11 81 1 -0.323068 1
11 82 1 0.388715 1
11 83 1 1.2521 1
11 84 1 1.15863 1
11 85 1 -1.04377 1
11 86 1 0.482784 1
11 87 1 -1.12626 1
11 88 1 0.270204 1
11 89 1 -0.5331 1
11 90 1 -0.919447 1
11 91 1 0.444743 1
11 92 1 -0.14137 1
11 93 1 1.62278 1
11 94 1 -0.372877 1
11 95 1 -0.668232 1
12 64 1 -0.336732 1
12 65 1 1.25283 1
12 66 1 0.0370229 1
12 67 1 -0.72138 1
12 68 1 0.981937 1
12 69 1 1.0878 1
12 70 1 -0.0245215 1
12 71 1 0.352752 1
12 72 1 0.559196 1
12 73 1 0.619894 1
12 74 1 0.668225 1
12 75 1 -0.494786 1
12 76 1 0.0304442 1
12 77 1 0.726659 1
12 78 1 -0.113464 1
12 79 1 -1.7658 1
12 80 1 0.0907014 1
12 81 1 -1.71579 1
12 82 1 -0.270027 1
12 83 1 0.808947 1
12 84 1 -0.121712 1
12 85 1 -1.54669 1
12 86 1 -0.584787 1
12 87 1 0.578205 1
12 88 1 0.831621 1
12 89 1 -1.26112 1
12 90 1 0.493842 1
12 91 1 0.181892 1
12 92 1 0.029774 1
12 93 1 -0.830366 1
12 94 1 -1.13342 1
12 95 1 0.431049 1
13 64 1 -0.56317 1
13 65 1 -0.289758 1
13 66 1 1.23067 1
13 67 1 0.61187 1
13 68 1 0.875645 1
13 69 1 -0.261511 1
13 70 1 0.453488 1
13 71 1 0.557791 1
13 72 1 -0.674963 1
13 73 1 -0.573791 1
13 74 1 0.202886 1
13 75 1 -0.543095 1
13 76 1 0.754451 1
13 77 1 -0.186417 1
13 78 1 -0.363416 1
13 79 1 -0.241928 1
13 80 1 -0.5276 1
13 81 1 -1.04587 1
13 82 1 -0.185857 1
13 83 1 -0.763327 1
13 84 1 -1.51825 1
13 85 1 -0.799723 1
13 86 1 1.66463 1
13 87 1 1.04716 1
13 88 1 -0.226962 1
13 89 1 0.788305 1
13 90 1 -2.44687 1
13 91 1 -1.13977 1
13 92 1 -0.342638 1
13 93 1 -0.0613436 1
13 94 1 0.528568 1
13 95 1 -1.13127 1
14 64 1 -3.23426 1
14 65 1 -1.21881 1
14 66 1 -1.45405 1
14 67 1 -0.485931 1
14 68 1 0.407955 1
14 69 1 1.57943 1
14 70 1 1.07057 1
14 71 1 2.0501 1
14 72 1 0.146507 1
14 73 1 -0.538218 1
14 74 1 1.34188 1
14 75 1 1.00175 1
14 76 1 -0.722321 1
14 77 1 -0.0141124 1
14 78 1 -0.320821 1
14 79 1 -0.668177 1
14 80 1 1.52085 1
14 81 1 0.230956 1
14 82 1 0.902727 1
14 83 1 -1.04824 1
14 84 1 0.810817 1
14 85 1 -0.103494 1
14 86 1 1.65484 1
14 87 1 0.228044 1
14 88 1 -1.38816 1
14 89 1 -0.603766 1
14 90 1 1.02402 1
14 91 1 1.41553 1
14 92 1 -0.0579613 1
14 93 1 0.194521 1
14 94 1 2.46958 1
14 95 1 -0.00838565 1
15 64 1 -0.666282 1
15 65 1 -0.914103 1
15 66 1 -1.53178 1
15 67 1 0.732307 1
15 68 1 0.0495401 1
15 69 1 0.809892 1
15 70 1 2.32572 1
15 71 1 -0.733585 1
15 72 1 -2.22467 1
15 73 1 1.32088 1
15 74 1 0.114804 1
15 75 1 -1.25533 1
15 76 1 -0.106317 1
15 77 1 0.979068 1
15 78 1 -1.80234 1
15 79 1 -0.193996 1
15 80 1 0.639652 1
15 81 1 0.135248 1
15 82 1 -1.17047 1
15 83 1 0.677146 1
15 84 1 0.313103 1
15 85 1 0.083793 1
15 86 1 0.958045 1
15 87 1 0.204397 1
15 88 1 1.21869 1
15 89 1 1.47064 1
15 90 1 -0.446517 1
15 91 1 -1.20307 1
15 92 1 -0.675819 1
15 93 1 -0.228983 1
15 94 1 1.22554 1
15 95 1 0.628672 1
16 64 1 -1.1438 1
16 65 1 -1.77324 1
16 66 1 -0.993242 1
16 67 1 -3.11914 1
16 68 1 0.70374 1
16 69 1 -0.227233 1
16 70 1 0.880238 1
16 71 1 0.866327 1
16 72 1 -0.577516 1
16 73 1 -0.303763 1
16 74 1 0.264107 1
16 75 1 -0.309586 1
16 76 1 -2.3494 1
16 77 1 -0.188904 1
16 78 1 0.0221441 1
16 79 1 -0.97651 1
16 80 1 -0.570073 1
16 81 1 1.11941 1
16 82 1 -1.77959 1
16 83 1 1.23255 1
16 84 1 0.304557 1
16 85 1 -0.376857 1
16 86 1 -0.390616 1
16 87 1 -0.495507 1
16 88 1 0.971691 1
16 89 1 1.28915 1
16 90 1 -1.059 1
16 91 1 -1.46497 1
16 92 1 0.673343 1
16 93 1 -1.00561 1
16 94 1 0.338414 1
16 95 1 -0.793545 1
17 64 1 -3.15532 1
17 65 1 -0.0302741 1
17 66 1 -0.178914 1
17 67 1 -1.58813 1
17 68 1 -1.29908 1
17 69 1 0.335227 1
17 70 1 0.928719 1
17 71 1 1.6983 1
17 72 1 -1.7351 1
17 73 1 1.11516 1
17 74 1 1.36818 1
17 75 1 1.4181 1
17 76 1 -2.36428 1
17 77 1 0.425637 1
17 78 1 1.42272 1
17 79 1 -1.29121 1
17 80 1 0.971483 1
17 81 1 0.630216 1
17 82 1 -1.75057 1
17 83 1 -1.24926 1
17 84 1 -1.82087 1
17 85 1 0.260887 1
17 86 1 1.43028 1
17 87 1 0.0950609 1
17 88 1 -0.169787 1
17 89 1 -0.0105829 1
17 90 1 -1.07673 1
17 91 1 0.00228016 1
17 92 1 -0.276062 1
17 93 1 -0.0947372 1
17 94 1 -0.0153486 1
17 95 1 -0.493799 1
18 64 1 1.48043 1
18 65 1 -0.546641 1
18 66 1 1.16528 1
18 67 1 -0.498247 1
18 68 1 0.691269 1
18 69 1 0.154066 1
18 70 1 -0.1758 1
18 71 1 -0.325926 1
18 72 1 0.989244 1
18 73 1 0.115104 1
18 74 1 1.62255 1
18 75 1 0.456636 1
18 76 1 1.56153 1
18 77 1 0.913744 1
18 78 1 0.0376172 1
18 79 1 -0.853405 1
18 80 1 0.15225 1
18 81 1 1.9049 1
18 82 1 -1.92441 1
18 83 1 -0.53666 1
18 84 1 -0.462086 1
18 85 1 -0.81053 1
18 86 1 -1.76969 1
18 87 1 0.620189 1
18 88 1 0.975448 1
18 89 1 -0.410238 1
18 90 1 0.155078 1
18 91 1 0.153343 1
18 92 1 0.447039 1
18 93 1 1.78789 1
18 94 1 -0.382064 1
18 95 1 0.288281 1
19 64 1 0.0674477 1
19 65 1 0.629875 1
19 66 1 0.978134 1
19 67 1 -1.91303 1
19 68 1 -1.94121 1
19 69 1 -0.0581354 1
19 70 1 -0.332196 1
19 71 1 -1.07601 1
19 72 1 1.45277 1
19 73 1 1.48533 1
19 74 1 0.228476 1
19 75 1 -0.533737 1
19 76 1 -0.795927 1
19 77 1 -1.37899 1
19 78 1 -0.551825 1
19 79 1 0.419687 1
19 80 1 0.230505 1
19 81 1 -1.8817 1
19 82 1 -0.444388 1
19 83 1 -0.733191 1
19 84 1 0.735541 1
19 85 1 -0.334252 1
19 86 1 0.350425 1
19 87 1 0.328525 1
19 88 1 0.463001 1
19 89 1 2.23101 1
19 90 1 -0.2805 1
19 91 1 1.90484 1
19 92 1 0.643434 1
19 93 1 -0.599034 1
19 94 1 -0.770783 1
19 95 1 -1.69609 1
20 64 1 0.125808 1
20 65 1 0.637585 1
20 66 1 0.453393 1
20 67 1 -0.644007 1
20 68 1 -0.0209434 1
20 69 1 -1.4707 1
20 70 1 -1.1353 1
20 71 1 0.131525 1
20 72 1 0.264332 1
20 73 1 1.01664 1
20 74 1 0.735514 1
20 75 1 1.26017 1
20 76 1 -0.411065 1
20 77 1 0.459819 1
20 78 1 1.7677 1
20 79 1 0.742767 1
20 80 1 -0.78508 1
20 81 1 -0.67586 1
20 82 1 0.937053 1
20 83 1 0.80431 1
20 84 1 0.45285 1
20 85 1 0.603512 1
20 86 1 0.227156 1
20 87 1 -1.39917 1
20 88 1 -0.18025 1
20 89 1 -0.83369 1
20 90 1 -0.389901 1
20 91 1 -0.590847 1
20 92 1 -2.43912 1
20 93 1 1.87673 0
20 94 1 0.377702 0
20 95 1 0.136521 1
20 96 1 0.233586 1
20 98 1 1.24451 1
98 93 1 0.89987 1
98 99 1 -0.806831 1
96 94 1 -0.0939537 1
21 64 1 -0.502906 1
21 65 1 -0.34577 1
21 66 1 -1.0264 1
21 67 1 -1.41799 1
21 68 1 -0.427486 1
21 69 1 0.806661 1
21 70 1 -0.713127 1
21 71 1 -0.404188 1
21 72 1 -0.389367 1
21 73 1 -0.00328615 1
21 74 1 -0.820491 1
21 75 1 -1.22711 1
21 76 1 0.0519935 1
21 77 1 0.951754 1
21 78 1 -0.669873 1
21 79 1 -0.081906 1
21 80 1 0.361493 1
21 81 1 0.426656 1
21 82 1 -0.303292 1
21 83 1 0.232863 1
21 84 1 2.41213 1
21 85 1 0.55997 1
21 86 1 0.730617 1
21 87 1 0.953367 1
21 88 1 2.65902 1
21 89 1 1.64393 1
21 90 1 0.424968 1
21 91 1 0.006603 1
21 92 1 0.399052 1
21 93 1 0.781415 1
21 94 1 -0.41897 1
21 95 1 0.257292 1
22 64 1 1.23964 1
22 65 1 0.218662 1
22 66 1 0.906742 1
22 67 1 2.08105 1
22 68 1 -0.938832 1
22 69 1 0.701747 1
22 70 1 0.25044 1
22 71 1 -0.209707 1
22 72 1 -0.450597 1
22 73 1 -2.06408 1
22 74 1 -1.21706 1
22 75 1 0.739626 1
22 76 1 -0.0198395 1
22 77 1 -0.437882 1
22 78 1 2.02785 1
22 79 1 1.11052 1
22 80 1 -0.823411 1
22 81 1 -1.21839 1
22 82 1 0.992966 1
22 83 1 -0.0542407 1
22 84 1 -0.61398 1
22 85 1 -1.85945 1
22 86 1 -0.473752 1
22 87 1 1.30858 1
22 88 1 0.149594 1
22 89 1 0.0374982 1
22 90 1 1.70348 1
22 91 1 0.358126 1
22 92 1 0.849662 1
22 93 1 -0.687254 1
22 94 1 -1.03345 1
22 95 1 2.41501 1
23 64 1 -0.596358 1
23 65 1 -0.0353351 1
23 66 1 1.10506 1
23 67 1 0.606991 1
23 68 1 0.4645 1
23 69 1 -0.19425 1
23 70 1 -0.145807 1
23 71 1 -1.60967 1
23 72 1 0.165624 1
23 73 1 0.492469 1
23 74 1 -0.574836 1
23 75 1 0.784219 1
23 76 1 0.887725 1
23 77 1 0.875657 1
23 78 1 1.51387 1
23 79 1 -2.26987 1
23 80 1 -0.298504 1
23 81 1 -1.16038 1
23 82 1 -0.383476 1
23 83 1 0.99941 1
23 84 1 0.266399 1
23 85 1 0.587661 1
23 86 1 -3.18544 1
23 87 1 1.46126 1
23 88 1 0.652006 1
23 89 1 -0.503151 1
23 90 1 -0.113396 1
23 91 1 -0.355698 1
23 92 1 -0.485942 1
23 93 1 1.00298 1
23 94 1 0.0627605 1
23 95 1 -1.19554 1
24 64 1 -0.993827 1
24 65 1 -0.286594 1
24 66 1 -0.924231 1
24 67 1 1.61525 1
24 68 1 -1.84591 1
24 69 1 -0.310212 1
24 70 1 -1.11783 1
24 71 1 0.351221 1
24 72 1 0.0854781 1
24 73 1 -0.553073 1
24 74 1 1.35269 1
24 75 1 1.34457 1
24 76 1 1.26003 1
24 77 1 -1.70097 1
24 78 1 -1.74338 1
24 79 1 -0.679125 1
24 80 1 -0.237157 1
24 81 1 -0.888409 1
24 82 1 3.48432 1
24 83 1 -2.41653 1
24 84 1 -0.701842 1
24 85 1 -0.633303 1
24 86 1 -1.16838 1
24 87 1 1.44197 1
24 88 1 -0.469754 1
24 89 1 0.474246 1
24 90 1 0.920789 1
24 91 1 -0.0362529 1
24 92 1 0.547199 1
24 93 1 0.868378 1
24 94 1 0.0890694 1
24 95 1 1.14343 1
24 5 1 1.67623 1
25 64 1 -0.328359 1
25 65 1 0.100911 1
25 66 1 0.935076 1
25 67 1 0.534 1
25 68 1 0.779572 1
25 69 1 -3.58208 1
25 70 1 1.02984 1
25 71 1 -1.52058 1
25 72 1 -1.41717 1
25 73 1 -0.316096 1
25 74 1 -0.0660618 1
25 75 1 0.0941683 1
25 76 1 2.03511 1
25 77 1 1.56502 1
25 78 1 0.38297 1
25 79 1 -2.35275 1
25 80 1 0.868094 1
25 81 1 -1.30224 1
25 82 1 1.06427 1
25 83 1 -0.329482 1
25 84 1 -0.988539 1
25 85 1 -1.30222 1
25 86 1 0.42708 1
25 87 1 0.0982021 1
25 88 1 0.354659 1
25 89 1 1.36903 1
25 90 1 -0.792233 1
25 91 1 -0.800173 1
25 92 1 -0.255369 1
25 93 1 -1.63646 1
25 94 1 -0.821175 1
25 95 1 -0.761595 1
25 8 1 0.478997 1
26 64 1 0.24183 1
26 65 1 0.718266 1
26 66 1 0.797692 1
26 67 1 0.783687 1
26 68 1 0.717838 1
26 69 1 1.46719 1
26 70 1 -0.0738677 1
26 71 1 0.756628 1
26 72 1 -1.39621 1
26 73 1 0.905644 1
26 74 1 -0.630476 1
26 75 1 0.665442 1
26 76 1 -0.000269097 1
26 77 1 -1.26779 1
26 78 1 0.183901 1
26 79 1 -0.668208 1
26 80 1 -0.613815 1
26 81 1 2.25285 1
26 82 1 -1.68777 1
26 83 1 0.558095 1
26 84 1 -0.139583 1
26 85 1 0.352977 1
26 86 1 -1.31438 1
26 87 1 1.78702 1
26 88 1 0.301226 1
26 89 1 -0.19311 1
26 90 1 -1.35921 1
26 91 1 -1.4438 1
26 92 1 0.616603 1
26 93 1 -1.90737 1
26 94 1 1.52222 1
26 95 1 0.173061 1
26 23 1 0.475358 1
27 64 1 -2.43959 1
27 65 1 1.15019 1
27 66 1 -0.80013 1
27 67 1 -0.422384 1
27 68 1 -2.1902 1
27 69 1 -0.389793 1
27 70 1 0.80086 1
27 71 1 -0.803655 1
27 72 1 -1.13879 1
27 73 1 -0.00639986 1
27 74 1 0.22499 1
27 75 1 2.17386 1
27 76 1 -1.80807 1
27 77 1 -2.23752 1
27 78 1 2.63747 1
27 79 1 -0.521148 1
27 80 1 0.203893 1
27 81 1 0.407433 1
27 82 1 0.220372 1
27 83 1 -0.820047 1
27 84 1 0.991077 1
27 85 1 -0.42705 1
27 86 1 0.0389676 1
27 87 1 -0.332821 1
27 88 1 -2.27181 1
27 89 1 -0.508163 1
27 90 1 0.190229 1
27 91 1 0.339762 1
27 92 1 -1.46748 1
27 93 1 -1.60627 1
27 94 1 1.15435 1
27 95 1 1.23062 1
27 9 1 1.70795 1
28 64 1 -0.43842 1
28 65 1 1.09871 1
28 66 1 -0.534639 1
28 67 1 0.385623 1
28 68 1 0.104869 1
28 69 1 1.48065 1
28 70 1 -0.621662 1
28 71 1 -0.596515 1
28 72 1 1.1225 1
28 73 1 0.337753 1
28 74 1 0.298338 1
28 75 1 -0.576976 1
28 76 1 -0.549436 1
28 77 1 -0.857574 1
28 78 1 0.318821 1
28 79 1 0.939298 1
28 80 1 1.38709 1
28 81 1 -0.809521 1
28 82 1 0.995289 1
28 83 1 0.214996 1
28 84 1 0.620517 1
28 85 1 -3.13131 1
28 86 1 -0.245658 1
28 87 1 -0.865805 1
28 88 1 -2.11773 1
28 89 1 -0.801802 1
28 90 1 -0.711439 1
28 91 1 -0.970479 1
28 92 1 1.11945 1
28 93 1 -0.201661 1
28 94 1 -0.141109 1
28 95 1 -0.47296 1
29 64 1 0.309578 1
29 65 1 -0.255071 1
29 66 1 -0.485006 1
29 67 1 0.396234 1
29 68 1 0.959215 1
29 69 1 0.60761 1
29 70 1 0.235847 1
29 71 1 2.48979 1
29 72 1 -0.503343 1
29 73 1 0.981793 1
29 74 1 -0.435909 1
29 75 1 2.13012 1
29 76 1 0.50712 1
29 77 1 -0.112343 1
29 78 1 -0.983369 1
29 79 1 -1.22612 1
29 80 1 -1.35107 1
29 81 1 0.340591 1
29 82 1 -0.189882 1
29 83 1 -0.366958 1
29 84 1 -0.101164 1
29 85 1 -0.706331 1
29 86 1 -1.11898 1
29 87 1 -1.79871 1
29 88 1 0.979861 1
29 89 1 -1.12631 1
29 90 1 -0.876629 1
29 91 1 -0.472525 1
29 92 1 -1.0537 1
29 93 1 0.768787 1
29 94 1 0.444814 1
29 95 1 -0.026241 1
30 64 1 -0.225169 1
30 65 1 0.471284 1
30 66 1 0.314193 1
30 67 1 0.266249 1
30 68 1 0.513004 1
30 69 1 -0.662675 1
30 70 1 0.198104 1
30 71 1 2.30507 1
30 72 1 -0.848986 1
30 73 1 2.64279 1
30 74 1 0.895081 1
30 75 1 0.721371 1
30 76 1 0.357475 1
30 77 1 -0.422824 1
30 78 1 -0.262176 1
30 79 1 0.643853 1
30 80 1 0.106999 1
30 81 1 -0.945448 1
30 82 1 1.07697 1
30 83 1 1.84044 1
30 84 1 2.08577 1
30 85 1 -0.720566 1
30 86 1 -0.603845 1
30 87 1 -2.07721 1
30 88 1 0.156392 1
30 89 1 -1.2614 1
30 90 1 -0.408623 1
30 91 1 -0.213761 1
30 92 1 -0.502344 1
30 93 1 -0.0366887 1
30 94 1 1.29761 1
30 95 1 0.230702 1
31 64 1 1.06915 1
31 65 1 1.37101 1
31 66 1 -2.11982 1
31 67 1 1.92497 1
31 68 1 2.23076 1
31 69 1 -0.377818 1
31 70 1 -1.26584 1
31 71 1 0.855341 1
31 72 1 -1.34058 1
31 73 1 -0.926183 1
31 74 1 -1.91221 1
31 75 1 -1.88764 1
31 76 1 -0.901196 1
31 77 1 0.207387 1
31 78 1 -0.454932 1
31 79 1 1.85137 1
31 80 1 -0.500907 1
31 81 1 0.597037 1
31 82 1 1.76474 1
31 83 1 -0.540992 1
31 84 1 -0.897359 1
31 85 1 1.30308 1
31 86 1 -0.0267476 1
31 87 1 -0.498835 1
31 88 1 0.744798 1
31 89 1 1.22576 1
31 90 1 0.288652 1
31 91 1 -0.0268028 1
31 92 1 -0.606588 1
31 93 1 0.224521 1
31 94 1 -1.26353 1
31 95 1 -0.832145 1
32 64 1 0.60752 1
32 65 1 0.335475 1
32 66 1 -1.79473 1
32 67 1 -1.22124 1
32 68 1 0.796084 1
32 69 1 3.44196 1
32 70 1 0.242928 1
32 71 1 1.33474 1
32 72 1 -1.59438 1
32 73 1 -0.727453 1
32 74 1 -0.88456 1
32 75 1 1.33556 1
32 76 1 -0.741441 1
32 77 1 -0.275825 1
32 78 1 -1.69209 1
32 79 1 2.1681 1
32 80 1 1.7558 1
32 81 1 -0.551537 1
32 82 1 0.411883 1
32 83 1 -0.413978 1
32 84 1 0.00492652 1
32 85 1 -2.45576 1
32 86 1 -0.116835 1
32 87 1 0.959473 1
32 88 1 -0.155447 1
32 89 1 -1.82957 1
32 90 1 0.119541 1
32 91 1 1.51896 1
32 92 1 1.02061 1
32 93 1 0.440394 1
32 94 1 1.03861 1
32 95 1 -0.46635 1
33 64 1 1.50711 1
33 65 1 -2.48757 1
33 66 1 -0.678652 1
33 67 1 -2.10648 1
33 68 1 -1.17778 1
33 69 1 -1.17303 1
33 70 1 1.05047 1
33 71 1 -0.198197 1
33 72 1 0.169217 1
33 73 1 0.591545 1
33 74 1 1.12182 1
33 75 1 -0.871139 1
33 76 1 -1.43434 1
33 77 1 1.04717 1
33 78 1 -1.1366 1
33 79 1 0.671398 1
33 80 1 0.871909 1
33 81 1 -0.665842 1
33 82 1 -0.111655 1
33 83 1 0.925045 1
33 84 1 1.0399 1
33 85 1 2.59287 1
33 86 1 -0.314914 1
33 87 1 0.883455 1
33 88 1 1.62689 1
33 89 1 0.783216 1
33 90 1 -0.666902 1
33 91 1 0.859354 1
33 92 1 1.14067 1
33 93 1 0.524215 1
33 94 1 -0.142757 1
33 95 1 -0.000924696 1
34 64 1 1.08621 1
34 65 1 0.520043 1
34 66 1 -0.119175 1
34 67 1 0.786769 1
34 68 1 0.769825 1
34 69 1 0.872772 1
34 70 1 -0.834195 1
34 71 1 1.25734 1
34 72 1 -1.53818 1
34 73 1 1.32844 1
34 74 1 0.828995 1
34 75 1 1.01094 1
34 76 1 -0.971781 1
34 77 1 0.339069 1
34 78 1 -0.235914 1
34 79 1 0.529386 1
34 80 1 0.27811 1
34 81 1 -0.73486 1
34 82 1 -0.254118 1
34 83 1 -0.759291 1
34 84 1 0.592807 1
34 85 1 -0.52136 1
34 86 1 0.923845 1
34 87 1 -1.40312 1
34 88 1 1.04976 1
34 89 1 -0.79389 1
34 90 1 0.386827 1
34 91 1 0.398346 1
34 92 1 -0.028368 1
34 93 1 -1.20603 1
34 94 1 0.625396 1
34 95 1 -0.107256 1
35 64 1 -1.60153 1
35 65 1 1.18229 1
35 66 1 0.355525 1
35 67 1 0.488339 1
35 68 1 -0.303804 1
35 69 1 0.578418 1
35 70 1 1.03807 1
35 71 1 1.83595 1
35 72 1 0.482756 1
35 73 1 0.248194 1
35 74 1 0.513536 1
35 75 1 -1.83883 1
35 76 1 0.340226 1
35 77 1 0.336289 1
35 78 1 -0.846088 1
35 79 1 -0.850322 1
35 80 1 -2.31147 1
35 81 1 1.4074 1
35 82 1 1.40222 1
35 83 1 -0.433561 1
35 84 1 0.691349 1
35 85 1 -0.697495 1
35 86 1 -0.391165 1
35 87 1 -0.130714 1
35 88 1 -0.427357 1
35 89 1 0.612665 1
35 90 1 -1.86741 1
35 91 1 -1.87552 1
35 92 1 0.438272 1
35 93 1 1.22665 1
35 94 1 -0.195884 1
35 95 1 -0.671384 1
36 64 1 -0.858318 1
36 65 1 0.541967 1
36 66 1 -1.13236 1
36 67 1 -0.103998 1
36 68 1 -0.193851 1
36 69 1 1.10735 1
36 70 1 0.215009 1
36 71 1 1.13922 1
36 72 1 -1.1017 1
36 73 1 0.39428 1
36 74 1 0.951628 1
36 75 1 0.124746 1
36 76 1 -1.25481 1
36 77 1 -1.2718 1
36 78 1 1.54191 1
36 79 1 2.07699 1
36 80 1 -1.12063 1
36 81 1 0.637265 1
36 82 1 0.00648058 1
36 83 1 -1.14941 1
36 84 1 -0.0814125 1
36 85 1 1.36766 1
36 86 1 0.319968 1
36 87 1 -1.46966 1
36 88 1 0.463225 1
36 89 1 -1.66333 1
36 90 1 -1.64923 1
36 91 1 -1.26087 1
36 92 1 1.46331 1
36 93 1 0.216099 1
36 94 1 -1.46762 1
36 95 1 2.73375 1
37 64 1 -1.58473 1
37 65 1 -0.0921754 1
37 66 1 -1.78373 1
37 67 1 -2.69344 1
37 68 1 -0.943592 1
37 69 1 1.0557 1
37 70 1 -0.41579 1
37 71 1 -1.24828 1
37 72 1 0.518173 1
37 73 1 -0.213815 1
37 74 1 -1.45047 1
37 75 1 -0.657428 1
37 76 1 0.941001 1
37 77 1 2.0968 1
37 78 1 0.216747 1
37 79 1 -0.335649 1
37 80 1 1.15398 1
37 81 1 1.1737 1
37 82 1 2.96156 1
37 83 1 0.62175 1
37 84 1 -1.02625 1
37 85 1 0.208328 1
37 86 1 -1.21866 1
37 87 1 0.716906 1
37 88 1 -0.951005 1
37 89 1 0.815781 1
37 90 1 0.698364 1
37 91 1 -1.44371 1
37 92 1 0.623635 1
37 93 1 -1.83765 1
37 94 1 -0.721237 1
37 95 1 -0.527858 1
38 64 1 0.348848 1
38 65 1 -1.27432 1
38 66 1 -1.71477 1
38 67 1 0.159765 1
38 68 1 0.399129 1
38 69 1 0.0492717 1
38 70 1 1.53374 1
38 71 1 0.00246071 1
38 72 1 -0.00173337 1
38 73 1 -0.427709 1
38 74 1 0.574886 1
38 75 1 -0.522098 1
38 76 1 1.20262 1
38 77 1 0.28645 1
38 78 1 0.740457 1
38 79 1 -0.945224 1
38 80 1 -1.36925 1
38 81 1 -0.635175 1
38 82 1 -0.797169 1
38 83 1 -1.08073 1
38 84 1 0.17129 1
38 85 1 -0.937245 1
38 86 1 -0.806542 1
38 87 1 -0.205958 1
38 88 1 0.0639224 1
38 89 1 0.690299 1
38 90 1 -1.05192 1
38 91 1 -0.148474 1
38 92 1 -0.258167 1
38 93 1 -0.407811 1
38 94 1 0.23962 1
38 95 1 0.157455 1
39 64 1 -1.19866 1
39 65 1 0.219313 1
39 66 1 -0.213897 1
39 67 1 -0.560791 1
39 68 1 -0.405468 1
39 69 1 0.509378 1
39 70 1 -2.14367 1
39 71 1 0.434364 1
39 72 1 -0.0569352 1
39 73 1 0.316926 1
39 74 1 0.512384 1
39 75 1 0.33792 1
39 76 1 -0.393264 1
39 77 1 -3.03204 1
39 78 1 -0.132056 1
39 79 1 0.153699 1
39 80 1 -0.450132 1
39 81 1 -0.700025 1
39 82 1 -0.270114 1
39 83 1 0.077807 1
39 84 1 3.04595 1
39 85 1 -0.367327 1
39 86 1 -0.408755 1
39 87 1 -0.361045 1
39 88 1 0.436144 1
39 89 1 1.19707 1
39 90 1 0.849266 1
39 91 1 -0.860779 1
39 92 1 1.06648 1
39 93 1 -0.392105 1
39 94 1 0.286413 1
39 95 1 0.758419 1
39 2 1 -1.80157 1
40 64 1 -2.26273 1
40 65 1 -0.053242 1
40 66 1 -0.353818 1
40 67 1 1.74987 1
40 68 1 0.594331 1
40 69 1 -2.30209 1
40 70 1 -0.543079 1
40 71 1 1.27465 1
40 72 1 0.156612 1
40 73 1 -0.0410651 1
40 74 1 -0.323861 1
40 75 1 -0.340572 1
40 76 1 0.288973 1
40 77 1 -0.674207 1
40 78 1 -0.113475 1
40 79 1 -1.06342 1
40 80 1 0.599963 1
40 81 1 0.205038 1
40 82 1 0.264509 1
40 83 1 0.0716978 1
40 84 1 -0.101795 1
40 85 1 2.12578 1
40 86 1 2.12987 1
40 87 1 0.133342 1
40 88 1 0.171457 1
40 89 1 -0.914021 1
40 90 1 0.761318 1
40 91 1 0.529238 1
40 92 1 0.32143 1
40 93 1 0.29143 1
40 94 1 -1.54636 1
40 95 1 0.943131 1
41 64 1 1.78391 1
41 65 1 0.816713 1
41 66 1 1.2139 1
41 67 1 -1.89721 1
41 68 1 0.30528 1
41 69 1 -0.272456 1
41 70 1 0.596311 1
41 71 1 1.83158 1
41 72 1 2.52829 1
41 73 1 -0.936592 1
41 74 1 -0.943162 1
41 75 1 1.55622 1
41 76 1 0.348089 1
41 77 1 -1.69311 1
41 78 1 -1.83887 1
41 79 1 -0.697968 1
41 80 1 1.76153 1
41 81 1 0.290469 1
41 82 1 -0.0473905 1
41 83 1 -0.719946 1
41 84 1 1.54375 1
41 85 1 -0.205523 1
41 86 1 0.919385 1
41 87 1 -0.498756 1
41 88 1 2.30361 1
41 89 1 -0.632143 1
41 90 1 -0.370815 1
41 91 1 0.310315 1
41 92 1 0.027761 1
41 93 1 1.62862 1
41 94 1 1.66667 1
41 95 1 -0.488868 1
42 64 1 0.0623351 1
42 65 1 -0.254472 1
42 66 1 0.485583 1
42 67 1 0.649085 1
42 68 1 2.0687 1
42 69 1 -0.953844 1
42 70 1 0.904534 1
42 71 1 0.137194 1
42 72 1 -1.23491 1
42 73 1 0.145121 1
42 74 1 0.599859 1
42 75 1 1.81136 1
42 76 1 -0.822385 1
42 77 1 0.923794 1
42 78 1 -1.08293 1
42 79 1 -0.386427 1
42 80 1 -0.151415 1
42 81 1 -0.662594 1
42 82 1 0.909812 1
42 83 1 0.760051 1
42 84 1 0.191089 1
42 85 1 0.159595 1
42 86 1 0.784051 1
42 87 1 0.197229 1
42 88 1 1.06655 1
42 89 1 0.401018 1
42 90 1 -0.477754 1
42 91 1 1.22251 1
42 92 1 -0.754632 1
42 93 1 0.965634 1
42 94 1 -0.651215 1
42 95 1 -1.05457 1
43 64 1 0.0690742 1
43 65 1 -0.818537 1
43 66 1 0.812583 1
43 67 1 0.64326 1
43 68 1 0.709046 1
43 69 1 -2.22149 1
43 70 1 1.99977 1
43 71 1 -1.09826 1
43 72 1 0.39464 1
43 73 1 -1.57092 1
43 74 1 0.542771 1
43 75 1 0.278663 1
43 76 1 1.2337 1
43 77 1 0.308333 1
43 78 1 -0.393066 1
43 79 1 -0.219888 1
43 80 1 0.00139543 1
43 81 1 0.314074 1
43 82 1 1.02699 1
43 83 1 0.08298 1
43 84 1 -0.54916 1
43 85 1 1.81186 1
43 86 1 -1.08638 1
43 87 1 1.43884 1
43 88 1 0.254905 1
43 89 1 0.483822 1
43 90 1 -1.24625 1
43 91 1 -0.758521 1
43 92 1 0.331957 1
43 93 1 -0.637516 1
43 94 1 0.0425411 1
43 95 1 0.0452531 1
44 64 1 -0.245091 1
44 65 1 -2.29746 1
44 66 1 0.760231 1
44 67 1 0.101483 1
44 68 1 0.477972 1
44 69 1 0.137301 1
44 70 1 0.280821 1
44 71 1 -0.631238 1
44 72 1 -1.54005 1
44 73 1 0.191522 1
44 74 1 -0.757019 1
44 75 1 -0.590625 1
44 76 1 0.236621 1
44 77 1 -0.419652 1
44 78 1 0.904049 1
44 79 1 0.517141 1
44 80 1 0.493932 1
44 81 1 1.25426 1
44 82 1 1.30812 1
44 83 1 -0.973617 1
44 84 1 -0.120966 1
44 85 1 0.748495 1
44 86 1 0.372636 1
44 87 1 -1.85024 1
44 88 1 0.555952 1
44 89 1 -0.76056 1
44 90 1 0.617761 1
44 91 1 0.58055 1
44 92 1 -0.067767 1
44 93 1 2.23356 1
44 94 1 0.00790004 1
44 95 1 0.282996 1
45 64 1 0.915899 1
45 65 1 -0.761064 1
45 66 1 0.408236 1
45 67 1 -1.29357 1
45 68 1 -1.49144 1
45 69 1 -2.7469 1
45 70 1 0.658946 1
45 71 1 0.102745 1
45 72 1 -0.525529 1
45 73 1 0.259029 1
45 74 1 1.86983 1
45 75 1 0.285337 1
45 76 1 -0.0832747 1
45 77 1 -0.0693678 1
45 78 1 -0.879597 1
45 79 1 -0.485193 1
45 80 1 0.515551 1
45 81 1 -0.453596 1
45 82 1 1.22025 1
45 83 1 -0.612278 1
45 84 1 0.766151 1
45 85 1 0.0358914 1
45 86 1 -0.312704 1
45 87 1 -0.713453 1
45 88 1 -1.51012 1
45 89 1 -1.02509 1
45 90 1 -0.771586 1
45 91 1 0.498596 1
45 92 1 -1.04407 1
45 93 1 -1.98217 1
45 94 1 0.709005 1
45 95 1 -0.0907083 1
45 9 1 -0.0457245 1
46 64 1 -0.0482251 1
46 65 1 1.1129 1
46 66 1 1.30629 1
46 67 1 -0.00763346 1
46 68 1 -1.04732 1
46 69 1 -0.686624 1
46 70 1 0.203841 1
46 71 1 -1.24596 1
46 72 1 -0.505407 1
46 73 1 0.109686 1
46 74 1 -0.955761 1
46 75 1 -0.140967 1
46 76 1 0.878058 1
46 77 1 1.55645 1
46 78 1 -0.595509 1
46 79 1 0.650566 1
46 80 1 0.858094 1
46 81 1 0.306732 1
46 82 1 -1.19496 1
46 83 1 0.840855 1
46 84 1 -0.641939 1
46 85 1 -0.199575 1
46 86 1 -1.16904 1
46 87 1 -0.971163 1
46 88 1 -0.506017 1
46 89 1 -1.15704 1
46 90 1 0.555302 1
46 91 1 -1.7354 1
46 92 1 -0.369167 1
46 93 1 -0.0191834 1
46 94 1 -1.06734 1
46 95 1 0.990361 1
47 64 1 0.207173 1
47 65 1 -0.268316 1
47 66 1 -1.79713 1
47 67 1 1.68252 1
47 68 1 0.166188 1
47 69 1 1.89156 1
47 70 1 0.279435 1
47 71 1 0.396397 1
47 72 1 0.00105838 1
47 73 1 0.810692 1
47 74 1 -0.789834 1
47 75 1 0.402364 1
47 76 1 0.209699 1
47 77 1 -2.56999 1
47 78 1 0.305705 1
47 79 1 -0.335364 1
47 80 1 -0.424167 1
47 81 1 -1.28974 1
47 82 1 0.801526 1
47 83 1 -0.733129 1
47 84 1 -0.285588 1
47 85 1 1.72598 1
47 86 1 -0.674357 1
47 87 1 1.65603 1
47 88 1 -2.22787 1
47 89 1 -0.42306 1
47 90 1 0.699804 1
47 91 1 -0.187812 1
47 92 1 1.98215 1
47 93 1 -2.05675 1
47 94 1 1.30283 1
47 95 1 -0.986137 1
47 4 1 -0.820084 1
48 64 1 -1.18781 1
48 65 1 -0.753169 1
48 66 1 -0.351171 1
48 67 1 -1.96604 1
48 68 1 -0.540897 1
48 69 1 0.510855 1
48 70 1 0.197328 1
48 71 1 2.60101 1
48 72 1 -0.722752 1
48 73 1 1.19124 1
48 74 1 1.6198 1
48 75 1 -0.623565 1
48 76 1 -1.5952 1
48 77 1 -1.40145 1
48 78 1 1.2848 1
48 79 1 1.91916 1
48 80 1 2.01455 1
48 81 1 0.478449 1
48 82 1 -0.652662 1
48 83 1 1.0429 1
48 84 1 1.47333 1
48 85 1 0.57381 1
48 86 1 1.7877 1
48 87 1 -0.715917 1
48 88 1 -1.49258 1
48 89 1 0.251019 1
48 90 1 1.08634 1
48 91 1 0.745704 1
48 92 1 -1.44884 1
48 93 1 -0.983196 1
48 94 1 -1.01072 1
48 95 1 -0.469825 1
48 16 1 0.401377 1
49 64 1 0.770201 1
49 65 1 1.01138 1
49 66 1 -1.86771 1
49 67 1 0.771037 1
49 68 1 0.96949 1
49 69 1 2.75443 1
49 70 1 0.0442958 1
49 71 1 -1.45937 1
49 72 1 -1.05254 1
49 73 1 0.137327 1
49 74 1 0.311794 1
49 75 1 -0.138435 1
49 76 1 -2.59772 1
49 77 1 -0.861661 1
49 78 1 0.704 1
49 79 1 1.41749 1
49 80 1 1.86132 1
49 81 1 -0.931862 1
49 82 1 1.35867 1
49 83 1 1.0503 1
49 84 1 1.64538 1
49 85 1 -1.2124 1
49 86 1 0.587922 1
49 87 1 -0.650429 1
49 88 1 -1.7614 1
49 89 1 0.198371 1
49 90 1 0.569333 1
49 91 1 -0.20551 1
49 92 1 -0.637002 1
49 93 1 1.28039 1
49 94 1 1.08314 1
49 95 1 0.794754 1
49 19 1 -0.100666 1
50 64 1 -1.24772 1
50 65 1 -1.46697 1
50 66 1 1.63424 1
50 67 1 1.14288 1
50 68 1 -1.11147 1
50 69 1 -0.488301 1
50 70 1 2.93819 1
50 71 1 0.643821 1
50 72 1 -0.206379 1
50 73 1 1.21749 1
50 74 1 0.146864 1
50 75 1 0.712721 1
50 76 1 -1.13925 1
50 77 1 1.96317 1
50 78 1 -0.537192 1
50 79 1 -2.27111 1
50 80 1 0.00698655 1
50 81 1 -1.52437 1
50 82 1 -0.00185846 1
50 83 1 2.36706 1
50 84 1 -0.442864 1
50 85 1 0.64704 1
50 86 1 0.00115 1
50 87 1 -0.862433 1
50 88 1 -1.46025 1
50 89 1 0.747805 1
50 90 1 2.22773 1
50 91 1 0.305129 1
50 92 1 0.406609 1
50 93 1 1.86178 1
50 94 1 -0.395244 1
50 95 1 1.14687 1
51 64 1 -0.385181 1
51 65 1 0.27379 1
51 66 1 -0.201174 1
51 67 1 -1.46732 1
51 68 1 -0.178602 1
51 69 1 -0.423725 1
51 70 1 -1.04341 1
51 71 1 0.286645 1
51 72 1 -0.459765 1
51 73 1 0.407302 1
51 74 1 -0.799233 1
51 75 1 2.82377 1
51 76 1 1.0874 1
51 77 1 -1.04645 1
51 78 1 -1.27615 1
51 79 1 1.06139 1
51 80 1 0.329295 1
51 81 1 -0.490344 1
51 82 1 -1.45469 1
51 83 1 -0.387013 1
51 84 1 0.192205 1
51 85 1 0.28677 1
51 86 1 -0.750639 1
51 87 1 0.837648 1
51 88 1 -0.637066 1
51 89 1 -0.95392 1
51 90 1 -0.754796 1
51 91 1 0.234835 1
51 92 1 -0.327465 1
51 93 1 1.65795 1
51 94 1 -2.02372 1
51 95 1 0.781447 1
52 64 1 1.02422 1
52 65 1 0.466464 1
52 66 1 1.48675 1
52 67 1 0.412 1
52 68 1 -1.27457 1
52 69 1 1.38788 1
52 70 1 1.30386 1
52 71 1 -1.19254 1
52 72 1 -0.767783 1
52 73 1 1.3739 1
52 74 1 2.48943 1
52 75 1 -0.531803 1
52 76 1 -2.33624 1
52 77 1 -0.99209 1
52 78 1 -0.332865 1
52 79 1 -0.671522 1
52 80 1 -0.428302 1
52 81 1 0.238088 1
52 82 1 -0.906012 1
52 83 1 -0.298465 1
52 84 1 -1.23626 1
52 85 1 -0.684975 1
52 86 1 -0.877336 1
52 87 1 0.944048 1
52 88 1 -0.79716 1
52 89 1 1.37837 1
52 90 1 -2.0246 1
52 91 1 -0.66755 1
52 92 1 -1.61088 1
52 93 1 -0.782564 1
52 94 1 -0.0629866 1
52 95 1 -1.047 1
53 64 1 -2.07592 1
53 65 1 1.23893 1
53 66 1 -0.549193 1
53 67 1 -1.12864 1
53 68 1 -0.565798 1
53 69 1 2.18262 1
53 70 1 0.828655 1
53 71 1 -0.638937 1
53 72 1 -0.163034 1
53 73 1 0.558126 1
53 74 1 0.998117 1
53 75 1 -0.183495 1
53 76 1 0.559226 1
53 77 1 0.28566 1
53 78 1 0.330153 1
53 79 1 -0.688402 1
53 80 1 -1.40132 1
53 81 1 -1.99107 1
53 82 1 -0.569179 1
53 83 1 -0.0931474 1
53 84 1 1.09849 1
53 85 1 0.00552015 1
53 86 1 -1.00029 1
53 87 1 -0.220069 1
53 88 1 -0.880289 1
53 89 1 -0.578957 1
53 90 1 -1.76933 1
53 91 1 -0.548425 1
53 92 1 -0.00118173 1
53 93 1 1.47559 1
53 94 1 -0.921246 1
53 95 1 -0.592324 1
54 64 1 1.09426 1
54 65 1 0.960097 1
54 66 1 0.207057 1
54 67 1 0.814159 1
54 68 1 -1.26359 1
54 69 1 0.415217 1
54 70 1 -0.383852 1
54 71 1 0.171121 1
54 72 1 2.11427 1
54 73 1 0.117746 1
54 74 1 0.435507 1
54 75 1 -0.375473 1
54 76 1 -0.0168972 1
54 77 1 1.56154 1
54 78 1 0.815199 1
54 79 1 -0.0707993 1
54 80 1 -0.634065 1
54 81 1 -1.71208 1
54 82 1 -1.16906 1
54 83 1 1.04247 1
54 84 1 -0.142104 1
54 85 1 0.356887 1
54 86 1 -1.10909 1
54 87 1 0.777511 1
54 88 1 1.99691 1
54 89 1 0.0262876 1
54 90 1 -0.925643 1
54 91 1 0.131577 1
54 92 1 0.0669892 1
54 93 1 1.12295 1
54 94 1 0.904908 1
54 95 1 0.259856 1
55 64 1 0.622138 1
55 65 1 -1.30726 1
55 66 1 1.05264 1
55 67 1 -0.945033 1
55 68 1 -1.11726 1
55 69 1 1.00182 1
55 70 1 1.10368 1
55 71 1 -2.83533 1
55 72 1 0.866984 1
55 73 1 0.43667 1
55 74 1 0.210226 1
55 75 1 -2.37335 1
55 76 1 -2.32142 1
55 77 1 1.73858 1
55 78 1 -0.193173 1
55 79 1 0.232936 1
55 80 1 -0.626746 1
55 81 1 0.323862 1
55 82 1 0.413861 1
55 83 1 -1.13921 1
55 84 1 -1.07987 1
55 85 1 -0.919701 1
55 86 1 -0.322334 1
55 87 1 2.50173 1
55 88 1 -0.250639 1
55 89 1 -1.78667 1
55 90 1 0.66297 1
55 91 1 0.170953 1
55 92 1 1.48292 1
55 93 1 -1.97362 1
55 94 1 -0.00906113 1
55 95 1 -0.649651 1
55 28 1 0.0940011 1
56 64 1 -0.330445 1
56 65 1 -0.342355 1
56 66 1 0.283403 1
56 67 1 0.224274 1
56 68 1 0.531269 1
56 69 1 1.00296 1
56 70 1 0.12432 1
56 71 1 1.22903 1
56 72 1 0.558186 1
56 73 1 -1.49191 1
56 74 1 0.184971 1
56 75 1 0.914402 1
56 76 1 0.212512 1
56 77 1 -0.0186165 1
56 78 1 0.172839 1
56 79 1 -0.14631 1
56 80 1 -1.36498 1
56 81 1 1.37224 1
56 82 1 0.371493 1
56 83 1 -0.862088 1
56 84 1 -0.40704 1
56 85 1 -0.548014 1
56 86 1 0.245672 1
56 87 1 -0.678855 1
56 88 1 1.712 1
56 89 1 -1.92941 1
56 90 1 0.724004 1
56 91 1 -0.0950852 1
56 92 1 1.27312 1
56 93 1 0.386716 1
56 94 1 -1.78138 1
56 95 1 -0.0518038 1
57 64 1 -1.16401 1
57 65 1 2.23817 1
57 66 1 0.335876 1
57 67 1 1.73358 1
57 68 1 1.2738 1
57 69 1 -0.320143 1
57 70 1 -0.799117 1
57 71 1 -0.692227 1
57 72 1 -0.301706 1
57 73 1 -1.38728 1
57 74 1 -0.193331 1
57 75 1 1.22446 1
57 76 1 0.67163 1
57 77 1 -1.41775 1
57 78 1 -1.01956 1
57 79 1 -0.84983 1
57 80 1 1.26685 1
57 81 1 -0.46897 1
57 82 1 -0.155756 1
57 83 1 -1.06376 1
57 84 1 -0.530729 1
57 85 1 -2.94854 1
57 86 1 -0.238281 1
57 87 1 -0.318331 1
57 88 1 -0.949436 1
57 89 1 1.68145 1
57 90 1 -0.0678021 1
57 91 1 0.506053 1
57 92 1 -1.48261 1
57 93 1 0.201044 1
57 94 1 2.20778 1
57 95 1 -0.236572 1
58 64 1 0.0459812 1
58 65 1 0.448321 1
58 66 1 -1.29938 1
58 67 1 -0.290627 1
58 68 1 1.78518 1
58 69 1 -0.270946 1
58 70 1 -0.0497292 1
58 71 1 0.0636844 1
58 72 1 -0.368968 1
58 73 1 -1.05558 1
58 74 1 0.998405 1
58 75 1 1.69214 1
58 76 1 0.507575 1
58 77 1 -1.68371 1
58 78 1 0.535663 1
58 79 1 -0.216738 1
58 80 1 0.374369 1
58 81 1 0.321034 1
58 82 1 1.52089 1
58 83 1 -0.719172 1
58 84 1 0.841971 1
58 85 1 0.279732 1
58 86 1 -0.487056 1
58 87 1 -1.744 1
58 88 1 -1.01865 1
58 89 1 0.461812 1
58 90 1 -1.783 1
58 91 1 -0.0772634 1
58 92 1 1.33803 1
58 93 1 -0.582501 1
58 94 1 -1.46078 1
58 95 1 1.28499 1
59 64 1 -0.141514 1
59 65 1 0.39672 1
59 66 1 0.204966 1
59 67 1 -0.993312 1
59 68 1 -0.881553 1
59 69 1 0.137239 1
59 70 1 -1.57561 1
59 71 1 0.0172484 1
59 72 1 -0.731787 1
59 73 1 -1.75805 1
59 74 1 0.0927817 1
59 75 1 -0.318585 1
59 76 1 1.24151 1
59 77 1 0.514855 0
59 78 1 -0.584913 1
59 79 1 -0.416585 1
59 80 1 0.284716 1
59 81 1 -0.969701 1
59 82 1 -1.06553 1
59 83 1 0.579811 1
59 84 1 0.662528 1
59 85 1 -0.0335871 1
59 86 1 -0.332749 1
59 87 1 1.27183 1
59 88 1 0.194831 1
59 89 1 0.0999066 1
59 90 1 1.56252 1
59 91 1 0.250445 1
59 92 1 0.939936 1
59 93 1 0.36508 1
59 94 1 1.31683 1
59 95 1 1.93727 1
59 97 1 1.18291 1
59 5 1 0.521911 1
97 77 1 0.399333 1
97 22 1 -0.743487 1
97 2 1 0.320838 0
97 99 1 0.847222 1
97 7 1 0.676172 1
99 2 1 0.391323 1
60 64 1 0.176002 1
60 65 1 0.153834 1
60 66 1 -0.108357 1
60 67 1 -1.57608 1
60 68 1 1.97486 1
60 69 1 1.9186 1
60 70 1 -0.580076 1
60 71 1 -1.47779 1
60 72 1 -1.80977 1
60 73 1 -2.2477 1
60 74 1 -0.115068 1
60 75 1 0.449486 1
60 76 1 0.723794 1
60 77 1 2.78515 1
60 78 1 -0.736012 1
60 79 1 -0.889771 1
60 80 1 -0.56706 1
60 81 1 1.47281 1
60 82 1 -1.55119 1
60 83 1 1.12854 1
60 84 1 -2.0508 1
60 85 1 0.624902 1
60 86 1 1.18891 1
60 87 1 0.815614 1
60 88 1 -2.33601 1
60 89 1 -1.29783 1
60 90 1 -1.75237 1
60 91 1 0.426357 1
60 92 1 -0.208584 1
60 93 1 -0.161841 1
60 94 1 -0.0620633 1
60 95 1 -0.988861 1
61 64 1 -0.161891 1
61 65 1 0.919918 1
61 66 1 1.13966 1
61 67 1 -0.855595 1
61 68 1 -2.01873 1
61 69 1 0.0867974 1
61 70 1 0.767895 1
61 71 1 0.00237061 1
61 72 1 -1.2859 1
61 73 1 -0.916739 1
61 74 1 1.72652 1
61 75 1 -0.00386086 1
61 76 1 1.18437 1
61 77 1 -1.81508 1
61 78 1 2.17029 1
61 79 1 0.403546 1
61 80 1 -1.77609 1
61 81 1 0.289165 1
61 82 1 0.324372 1
61 83 1 1.00284 1
61 84 1 1.28998 1
61 85 1 1.17236 1
61 86 1 -0.784845 1
61 87 1 0.635698 1
61 88 1 0.738035 1
61 89 1 1.21488 1
61 90 1 -1.39899 1
61 91 1 0.464646 1
61 92 1 -1.04552 1
61 93 1 0.946471 1
61 94 1 0.418419 1
61 95 1 2.03501 1
62 64 1 0.774128 1
62 65 1 -0.305159 1
62 66 1 -0.0970288 1
62 67 1 0.0381332 1
62 68 1 -0.93312 1
62 69 1 1.36754 1
62 70 1 -1.1904 1
62 71 1 0.196833 1
62 72 1 -0.397215 1
62 73 1 -0.182206 1
62 74 1 0.66308 1
62 75 1 -0.576116 1
62 76 1 0.276433 1
62 77 1 -1.80961 1
62 78 1 -0.39622 1
62 79 1 0.00202605 1
62 80 1 0.189535 1
62 81 1 0.147041 1
62 82 1 -0.279413 1
62 83 1 0.389758 1
62 84 1 -0.525208 1
62 85 1 0.400765 1
62 86 1 0.698158 1
62 87 1 -1.31632 1
62 88 1 1.5155 1
62 89 1 -0.930398 1
62 90 1 -1.04077 1
62 91 1 1.15559 1
62 92 1 -0.625065 1
62 93 1 2.08092 1
62 94 1 0.700612 1
62 95 1 -0.190179 1
62 5 1 -0.0615102 1
63 64 1 0.863275 1
63 65 1 0.668289 1
63 66 1 1.27737 1
63 67 1 2.08646 1
63 68 1 -0.105106 1
63 69 1 -2.93382 1
63 70 1 0.436433 1
63 71 1 0.854414 1
63 72 1 -0.310772 1
63 73 1 0.384531 1
63 74 1 -1.45339 1
63 75 1 -0.323383 1
63 76 1 -1.45682 1
63 77 1 1.53599 1
63 78 1 -0.30436 1
63 79 1 -0.531858 1
63 80 1 0.214284 1
63 81 1 0.0103765 1
63 82 1 0.771333 1
63 83 1 -0.413713 1
63 84 1 -1.18571 1
63 85 1 -1.49451 1
63 86 1 1.57606 1
63 87 1 0.109043 1
63 88 1 -0.22089 1
63 89 1 0.460494 1
63 90 1 0.0567713 1
63 91 1 -0.318843 1
63 92 1 -0.336909 1
63 93 1 0.463095 1
63 94 1 0.0729395 1
63 95 1 0.615988 1
