132 64 32
2.57759 0.396761 -4.36504 5.34376 -2.92533 1.35998 -0.0399688 -1.11818 1.02145 2.30467 2.50793 1.11279 -3.4398 -4.74652 -0.283844 -3.2252 0.901286 -0.0530303 -0.17613 -0.736193 -3.70582 -1.15022 -1.62235 0.672817 -2.36393 -0.540894 3.07878 1.98811 -1.07361 -1.76131 -3.85194 1.76682 -0.831904 3.56738 0.941335 0.0292292 -1.85367 -0.176843 0.75885 -0.250376 -1.68136 -0.748624 2.24533 -1.59785 -1.81846 -0.210435 -0.986628 1.99419 0.0769648 1.52414 2.14292 -2.82665 -1.92349 1.59188 0.501927 3.33211 -2.54207 -1.64672 0.72037 -1.8542 0.388145 0.613274 -1.81269 -4.42701 -3.42935 0.431594 1.37485 1.5233 -2.19047 -0.060562 -2.28923 -1.6076 -1.81919 -2.08927 2.47272 0.847864 -1.46961 -0.51829 0.332274 -3.48453 0.158829 0.317856 -1.63456 1.62362 0.414634 0.629529 -2.14272 -0.25763 2.50745 -1.72916 -2.15774 0.33768 -1.47407 0.983508 0.667593 -1.63591 -0.139597 -0.434504 -0.459599 0.397839 2.05761 -1.20213 -3.42921 -2.56546 -1.45347 2.24557 -0.774004 -2.34962 -1.25978 0.685331 -1.08996 1.57824 2.53683 -3.0997 -0.836096 -0.578982 -1.7717 -1.25828 -1.32552 -0.099979 0.555597 0.307562 -1.08171 1.60282 -0.142265 0.616609 0.372165 -0.105723 0.392548 0.0441529 0.201848 -0.673688 
0 64 1 -4.03349 1
0 65 1 -0.482086 1
0 66 1 0.342565 1
0 67 1 -1.10869 1
0 68 1 -0.0468462 1
0 69 1 2.86468 1
0 70 1 -1.03414 1
0 71 1 -0.560439 1
0 72 1 0.0833599 1
0 73 1 -0.00284455 1
0 74 1 -2.78313 1
0 75 1 -0.0279342 1
0 76 1 2.15103 1
0 77 1 0.489402 1
0 78 1 -1.90972 1
0 79 1 3.84269 1
0 80 1 0.579962 1
0 81 1 1.47082 1
0 82 1 2.47619 1
0 83 1 1.49372 1
0 84 1 -2.77378 1
0 85 1 1.65739 1
0 86 1 -1.15515 1
0 87 1 -1.82026 1
0 88 1 0.0291325 1
0 89 1 1.09202 1
0 90 1 3.22355 1
0 91 1 4.11082 1
0 92 1 -2.46752 1
0 93 1 -1.38352 1
0 94 1 0.511046 1
0 95 1 -0.0789694 1
1 64 1 -2.24833 1
1 65 1 -0.408325 1
1 66 1 2.12467 1
1 67 1 -1.67197 1
1 68 1 2.77872 1
1 69 1 2.69596 1
1 70 1 1.58924 1
1 71 1 -1.07197 1
1 72 1 0.768969 1
1 73 1 -0.0459926 1
1 74 1 -3.63477 1
1 75 1 1.67201 1
1 76 1 1.26819 1
1 77 1 2.75401 1
1 78 1 -1.59291 1
1 79 1 0.517866 1
1 80 1 -2.28672 1
1 81 1 1.04717 1
1 82 1 1.31713 1
1 83 1 -4.69812 1
1 84 1 0.0433331 1
1 85 1 0.590098 1
1 86 1 0.0150928 1
1 87 1 -0.687819 1
1 88 1 0.176494 1
1 89 1 1.43165 1
1 90 1 -1.11143 1
1 91 1 -1.84283 1
1 92 1 0.787705 1
1 93 1 0.625677 1
1 94 1 -2.09958 1
1 95 1 -4.28855 1
2 64 1 -1.14255 1
2 65 1 4.50487 1
2 66 1 -0.447955 1
2 67 1 -0.884563 1
2 68 1 -0.485882 1
2 69 1 3.38567 1
2 70 1 -0.47957 1
2 71 1 1.94137 1
2 72 1 -2.66672 1
2 73 1 -2.78452 1
2 74 1 -1.70624 1
2 75 1 0.333792 1
2 76 1 -4.04996 1
2 77 1 0.675456 1
2 78 1 -3.2909 1
2 79 1 -2.92448 1
2 80 1 -0.869759 1
2 81 1 -4.49438 1
2 82 1 0.810703 1
2 83 1 -1.70701 1
2 84 1 0.177942 1
2 85 1 2.38132 1
2 86 1 -0.738341 1
2 87 1 -1.05196 1
2 88 1 0.375811 1
2 89 1 -2.31308 1
2 90 1 -0.898559 1
2 91 1 -1.47027 1
2 92 1 1.20547 1
2 93 1 -3.85585 1
2 94 1 2.04167 1
2 95 1 -0.79945 1
2 100 1 -0.447563 1
2 6 1 4.27787 1
3 64 1 -1.6041 1
3 65 1 -1.68758 1
3 66 1 -0.714826 1
3 67 1 2.24337 1
3 68 1 2.65436 1
3 69 1 -2.72717 1
3 70 1 0.73613 1
3 71 1 2.17807 1
3 72 1 5.29082 1
3 73 1 -1.08446 1
3 74 1 0.764869 1
3 75 1 2.87791 1
3 76 1 0.318524 1
3 77 1 -1.58994 1
3 78 1 -0.169054 1
3 79 1 -0.968907 1
3 80 1 -0.648398 1
3 81 1 0.180544 1
3 82 1 6.04977 1
3 83 1 -1.39822 1
3 84 1 -0.599902 1
3 85 1 -1.24757 1
3 86 1 0.442652 1
3 87 1 1.18032 1
3 88 1 0.757387 1
3 89 1 2.69882 1
3 90 1 1.03549 1
3 91 1 0.184912 1
3 92 1 -0.903001 1
3 93 1 -2.80676 1
3 94 1 -2.80036 1
3 95 1 -0.23539 0
3 110 1 -0.590396 1
110 95 1 0.342137 0
110 111 1 1.12009 1
111 95 1 -0.514958 1
4 64 1 1.2479 1
4 65 1 -0.336857 1
4 66 1 -3.14112 1
4 67 1 0.814702 1
4 68 1 0.589791 1
4 69 1 1.68345 1
4 70 1 -0.201973 1
4 71 1 -0.250633 1
4 72 1 1.72085 1
4 73 1 -2.47852 0
4 74 1 1.03416 1
4 75 1 -3.28844 0
4 76 1 1.55885 1
4 77 1 1.70055 1
4 78 1 2.00422 1
4 79 1 -0.206754 1
4 80 1 -3.29968 1
4 81 1 -1.08015 1
4 82 1 0.16821 1
4 83 1 -0.778891 1
4 84 1 -0.00964956 1
4 85 1 3.09904 1
4 86 1 0.445651 1
4 87 1 -1.63802 1
4 88 1 -0.736989 1
4 89 1 0.482976 1
4 90 1 1.08842 1
4 91 1 -4.10946 1
4 92 1 -0.880317 1
4 93 1 -0.320911 1
4 94 1 -2.08959 1
4 95 1 2.19786 1
4 101 1 0.477609 1
4 17 1 1.07735 1
4 118 1 2.96353 1
118 73 1 -2.38885 1
101 75 1 1.37052 1
5 64 1 -0.6073 1
5 65 1 0.914327 1
5 66 1 -2.41594 1
5 67 1 2.39912 1
5 68 1 2.40147 1
5 69 1 1.42611 1
5 70 1 -1.14309 1
5 71 1 -1.24328 1
5 72 1 1.01934 1
5 73 1 -2.01945 1
5 74 1 -0.897971 1
5 75 1 2.0965 1
5 76 1 2.16613 1
5 77 1 0.308667 1
5 78 1 -1.34586 1
5 79 1 0.872796 1
5 80 1 3.57632 1
5 81 1 -0.497871 1
5 82 1 -0.279758 1
5 83 1 4.219 1
5 84 1 1.40166 1
5 85 1 1.14614 1
5 86 1 -1.72001 1
5 87 1 -0.757427 1
5 88 1 -2.35465 1
5 89 1 -3.09369 1
5 90 1 -2.31028 1
5 91 1 1.77032 1
5 92 1 -2.79056 1
5 93 1 1.49639 1
5 94 1 -0.655038 1
5 95 1 0.4544 1
6 64 1 -0.0665026 1
6 65 1 -0.294793 1
6 66 1 2.32785 1
6 67 1 0.70292 1
6 68 1 -2.59022 1
6 69 1 -0.963226 1
6 70 1 -1.501 1
6 71 1 -0.730042 1
6 72 1 2.01166 1
6 73 1 -2.19861 1
6 74 1 -1.37822 1
6 75 1 0.546413 1
6 76 1 4.43615 1
6 77 1 -0.403541 1
6 78 1 0.00265335 1
6 79 1 -4.30645 1
6 80 1 2.48003 1
6 81 1 -0.213299 1
6 82 1 1.28498 1
6 83 1 1.62739 1
6 84 1 1.33135 1
6 85 1 -2.44041 1
6 86 1 -0.42442 1
6 87 1 3.35544 1
6 88 1 -1.81742 1
6 89 1 -2.92729 1
6 90 1 2.11587 1
6 91 1 -0.521835 1
6 92 1 2.6172 1
6 93 1 0.360637 1
6 94 1 -1.70264 1
6 95 1 1.05262 1
6 26 1 0.616294 1
7 64 1 0.628398 1
7 65 1 0.231627 1
7 66 1 -0.305421 1
7 67 1 -2.38784 1
7 68 1 -2.79408 1
7 69 1 -0.944031 1
7 70 1 2.89978 1
7 71 1 1.38555 1
7 72 1 2.53067 1
7 73 1 1.09662 1
7 74 1 -0.78998 1
7 75 1 -1.73076 1
7 76 1 1.76987 1
7 77 1 -1.37112 1
7 78 1 2.76611 1
7 79 1 2.13825 1
7 80 1 -1.14806 1
7 81 1 0.698105 1
7 82 1 -4.66048 0
7 83 1 2.36537 0
7 84 1 -2.15483 1
7 85 1 1.93143 1
7 86 1 0.602158 1
7 87 1 1.3421 1
7 88 1 -2.69158 1
7 89 1 -1.42709 1
7 90 1 0.022298 1
7 91 1 -2.53602 1
7 92 1 0.730121 1
7 93 1 -1.44642 1
7 94 1 1.81731 1
7 95 1 4.09076 1
7 100 1 -1.00157 1
7 127 1 0.854922 1
127 82 1 -4.6106 1
100 83 1 -0.68943 1
100 24 1 -0.952872 0
100 106 1 3.17325 1
106 24 1 -5.39148 1
106 6 1 -0.0183888 1
8 64 1 3.13594 1
8 65 1 -1.61867 1
8 66 1 -0.640874 1
8 67 1 0.421644 1
8 68 1 1.06535 1
8 69 1 3.03826 1
8 70 1 -0.690579 1
8 71 1 2.36581 1
8 72 1 3.10087 1
8 73 1 0.14893 1
8 74 1 -1.38643 1
8 75 1 -3.3983 1
8 76 1 -1.53349 1
8 77 1 1.77578 1
8 78 1 -1.79226 1
8 79 1 -0.129837 1
8 80 1 -0.545784 1
8 81 1 -0.730547 1
8 82 1 0.510713 1
8 83 1 -2.17558 1
8 84 1 4.20039 1
8 85 1 5.36968 1
8 86 1 3.78531 1
8 87 1 0.128924 1
8 88 1 -0.524228 1
8 89 1 3.93891 1
8 90 1 0.707133 1
8 91 1 1.60219 1
8 92 1 2.25306 1
8 93 1 3.78319 1
8 94 1 5.84913 1
8 95 1 0.637208 1
9 64 1 -0.710443 1
9 65 1 -2.14217 1
9 66 1 0.717168 1
9 67 1 1.53268 1
9 68 1 -0.330808 1
9 69 1 -0.514272 1
9 70 1 -3.422 1
9 71 1 0.467677 1
9 72 1 2.29991 1
9 73 1 -3.53347 1
9 74 1 1.7932 1
9 75 1 -0.999584 1
9 76 1 2.23664 1
9 77 1 -1.82359 1
9 78 1 2.40703 1
9 79 1 1.60505 1
9 80 1 1.58308 1
9 81 1 -1.55814 1
9 82 1 -0.650965 1
9 83 1 -0.596168 1
9 84 1 3.36447 1
9 85 1 3.25598 1
9 86 1 -1.51081 1
9 87 1 1.44081 1
9 88 1 0.917873 1
9 89 1 5.27502 1
9 90 1 -0.573385 1
9 91 1 -1.19698 1
9 92 1 -0.965005 1
9 93 1 -3.21488 1
9 94 1 -3.03602 1
9 95 1 -0.689436 1
9 103 1 -0.728573 1
10 64 1 2.09101 1
10 65 1 0.953414 1
10 66 1 3.37983 1
10 67 1 -3.81621 1
10 68 1 4.10634 1
10 69 1 -1.20445 1
10 70 1 -1.12313 1
10 71 1 -1.09882 1
10 72 1 2.35659 1
10 73 1 2.76311 1
10 74 1 -0.202112 0
10 75 1 0.397298 1
10 76 1 0.841354 1
10 77 1 0.523674 1
10 78 1 -1.05623 1
10 79 1 -2.83767 1
10 80 1 0.0868008 1
10 81 1 1.67948 1
10 82 1 2.75065 1
10 83 1 1.06192 1
10 84 1 0.960089 1
10 85 1 3.45374 1
10 86 1 -0.227366 1
10 87 1 1.30592 1
10 88 1 1.07075 1
10 89 1 -0.422874 1
10 90 1 0.44208 1
10 91 1 1.04062 1
10 92 1 1.53745 1
10 93 1 -2.35728 1
10 94 1 4.49368 1
10 95 1 3.35658 1
10 124 1 1.16276 1
124 74 1 -0.386352 1
11 64 1 4.63622 1
11 65 1 0.667834 1
11 66 1 3.38279 1
11 67 1 -1.64581 1
11 68 1 5.75494 1
11 69 1 -0.249819 1
11 70 1 1.85921 1
11 71 1 1.55904 1
11 72 1 -2.01016 1
11 73 1 1.30288 1
11 74 1 -1.34584 0
11 75 1 -2.11723 1
11 76 1 -1.31318 1
11 77 1 -0.782584 1
11 78 1 -2.69744 1
11 79 1 -0.701388 1
11 80 1 -0.862387 1
11 81 1 0.0596685 1
11 82 1 4.50406 1
11 83 1 0.308524 1
11 84 1 3.17432 1
11 85 1 -1.92739 1
11 86 1 -3.47555 1
11 87 1 -0.0664039 1
11 88 1 -2.06576 1
11 89 1 -1.77086 1
11 90 1 0.179325 1
11 91 1 1.23871 1
11 92 1 -3.59306 1
11 93 1 2.97847 1
11 94 1 0.741954 1
11 95 1 -2.44149 1
11 120 1 -0.380753 1
120 74 1 -0.979898 1
12 64 1 -1.28213 1
12 65 1 1.75092 1
12 66 1 -1.75519 1
12 67 1 -1.83214 1
12 68 1 0.0408894 1
12 69 1 1.19424 1
12 70 1 0.260531 1
12 71 1 1.70543 1
12 72 1 0.994167 1
12 73 1 -1.49968 1
12 74 1 -2.81391 1
12 75 1 -3.11499 1
12 76 1 1.28957 1
12 77 1 2.47784 1
12 78 1 -0.502632 1
12 79 1 -1.40988 1
12 80 1 -1.01686 1
12 81 1 -1.52907 1
12 82 1 2.46401 1
12 83 1 -2.03442 1
12 84 1 -1.11239 1
12 85 1 1.62517 1
12 86 1 0.462376 1
12 87 1 2.04927 1
12 88 1 -1.29863 1
12 89 1 1.87205 1
12 90 1 -1.28015 1
12 91 1 -2.82564 1
12 92 1 -0.474206 1
12 93 1 -1.87343 1
12 94 1 0.270255 1
12 95 1 0.378031 1
12 17 1 -0.306498 1
13 64 1 -0.739513 1
13 65 1 -4.01372 1
13 66 1 0.378203 1
13 67 1 2.84054 1
13 68 1 1.70284 1
13 69 1 -2.25668 1
13 70 1 1.03589 1
13 71 1 2.06499 1
13 72 1 0.38333 1
13 73 1 -3.0109 1
13 74 1 -0.456501 1
13 75 1 -2.30794 1
13 76 1 -1.12141 1
13 77 1 -1.65488 1
13 78 1 -0.259167 1
13 79 1 2.13399 1
13 80 1 1.60889 1
13 81 1 0.120373 1
13 82 1 1.18353 1
13 83 1 0.380435 1
13 84 1 -1.02173 1
13 85 1 2.28456 1
13 86 1 4.33224 1
13 87 1 5.04077 1
13 88 1 2.96181 1
13 89 1 0.489038 1
13 90 1 -4.4408 1
13 91 1 -3.5458 1
13 92 1 -1.59292 1
13 93 1 -3.61591 1
13 94 1 -1.31366 1
13 95 1 -1.96665 1
14 64 1 -2.45203 1
14 65 1 3.72913 1
14 66 1 1.84657 1
14 67 1 -3.38392 1
14 68 1 -3.10188 1
14 69 1 4.08724 1
14 70 1 -2.64767 1
14 71 1 3.31097 1
14 72 1 1.30794 1
14 73 1 -0.811177 1
14 74 1 3.03452 1
14 75 1 2.8381 1
14 76 1 -0.170158 1
14 77 1 0.750578 1
14 78 1 -1.89492 1
14 79 1 0.0268492 1
14 80 1 -0.932424 1
14 81 1 2.84523 0
14 82 1 3.51504 1
14 83 1 -1.27926 1
14 84 1 -1.15719 1
14 85 1 -0.546385 1
14 86 1 2.136 1
14 87 1 -1.36139 1
14 88 1 -1.44158 1
14 89 1 -0.688549 1
14 90 1 0.366982 1
14 91 1 2.99691 1
14 92 1 0.626666 1
14 93 1 2.05775 1
14 94 1 3.8834 1
14 95 1 -3.19578 1
14 104 1 -0.894333 1
14 119 1 -0.627913 1
119 81 1 4.57841 1
15 64 1 -0.293145 1
15 65 1 0.136189 1
15 66 1 -2.90137 1
15 67 1 0.231834 1
15 68 1 0.506081 1
15 69 1 -0.257026 1
15 70 1 5.01324 1
15 71 1 -1.56962 1
15 72 1 -1.76736 1
15 73 1 -1.60989 1
15 74 1 -0.2303 1
15 75 1 -1.56655 1
15 76 1 -0.10587 1
15 77 1 2.25651 1
15 78 1 -3.11412 1
15 79 1 -0.553471 1
15 80 1 1.5299 1
15 81 1 3.26908 1
15 82 1 -4.7294 1
15 83 1 -1.16676 1
15 84 1 1.62827 1
15 85 1 -1.57854 1
15 86 1 0.870347 1
15 87 1 -3.98446 1
15 88 1 1.6136 1
15 89 1 1.22448 1
15 90 1 0.934808 1
15 91 1 -2.43658 1
15 92 1 -1.06207 1
15 93 1 1.31754 1
15 94 1 2.2314 1
15 95 1 0.831944 1
16 64 1 0.740482 1
16 65 1 -1.01798 1
16 66 1 -3.88904 1
16 67 1 -2.32016 1
16 68 1 3.44903 1
16 69 1 -0.316112 1
16 70 1 3.20262 1
16 71 1 1.55272 1
16 72 1 -0.732842 1
16 73 1 -1.9937 1
16 74 1 1.00475 1
16 75 1 0.805496 1
16 76 1 0.15376 1
16 77 1 1.19962 1
16 78 1 -1.20176 1
16 79 1 -1.56602 1
16 80 1 -1.19669 1
16 81 1 1.18856 1
16 82 1 -0.261029 1
16 83 1 -0.445759 1
16 84 1 -0.750748 1
16 85 1 -0.384621 1
16 86 1 -2.39082 1
16 87 1 -2.20266 1
16 88 1 1.45195 1
16 89 1 0.276922 1
16 90 1 0.669472 1
16 91 1 3.54482 1
16 92 1 3.94422 1
16 93 1 -0.581903 1
16 94 1 -1.19605 1
16 95 1 -4.00896 1
17 64 1 -4.45346 1
17 65 1 -1.77026 1
17 66 1 -1.15333 1
17 67 1 4.49254 1
17 68 1 0.118735 1
17 69 1 -0.787289 1
17 70 1 1.09973 1
17 71 1 3.13729 1
17 72 1 -5.89671 1
17 73 1 2.15432 1
17 74 1 1.42721 1
17 75 1 1.43933 1
17 76 1 -3.17443 1
17 77 1 0.721518 1
17 78 1 0.814103 1
17 79 1 -3.98712 1
17 80 1 3.28629 1
17 81 1 3.19345 1
17 82 1 0.747937 1
17 83 1 -2.09373 1
17 84 1 -3.68828 1
17 85 1 2.72817 1
17 86 1 2.10293 1
17 87 1 -0.079101 1
17 88 1 -3.62826 1
17 89 1 -0.641542 1
17 90 1 -3.80242 1
17 91 1 2.98769 1
17 92 1 0.218432 1
17 93 1 1.581 1
17 94 1 2.64042 1
17 95 1 -0.651826 1
18 64 1 0.875649 1
18 65 1 0.773114 1
18 66 1 3.24363 1
18 67 1 -0.404656 1
18 68 1 -0.239056 1
18 69 1 1.29151 1
18 70 1 1.96813 1
18 71 1 -0.511126 1
18 72 1 2.55119 1
18 73 1 -1.96704 1
18 74 1 1.54291 1
18 75 1 -0.654107 1
18 76 1 1.87594 1
18 77 1 1.32549 1
18 78 1 1.91752 1
18 79 1 1.48221 1
18 80 1 -1.35923 1
18 81 1 2.73349 1
18 82 1 -2.50098 1
18 83 1 1.70566 1
18 84 1 -2.08331 1
18 85 1 0.538525 1
18 86 1 2.70897 1
18 87 1 -1.45319 1
18 88 1 0.231519 1
18 89 1 -0.44271 1
18 90 1 -0.185896 1
18 91 1 1.72051 1
18 92 1 -0.924589 1
18 93 1 1.07966 1
18 94 1 -0.237733 1
18 95 1 0.123379 1
18 25 1 -0.583493 1
18 18 1 -0.412801 1
19 64 1 0.99802 1
19 65 1 -2.57107 1
19 66 1 2.85742 1
19 67 1 -1.81394 1
19 68 1 -3.76158 1
19 69 1 0.530859 1
19 70 1 -1.30582 1
19 71 1 -0.607419 1
19 72 1 2.25846 1
19 73 1 0.00378538 1
19 74 1 0.0921032 1
19 75 1 1.45735 1
19 76 1 -1.72448 1
19 77 1 0.305714 1
19 78 1 -3.06308 1
19 79 1 2.0402 1
19 80 1 0.2599 1
19 81 1 -3.46529 1
19 82 1 0.847237 1
19 83 1 -2.36066 1
19 84 1 -0.521979 1
19 85 1 0.0802917 1
19 86 1 1.57779 1
19 87 1 2.2188 1
19 88 1 1.67244 1
19 89 1 4.17999 1
19 90 1 -1.21893 1
19 91 1 0.653231 1
19 92 1 0.230892 1
19 93 1 -2.50877 1
19 94 1 -1.79817 1
19 95 1 -4.53242 1
20 64 1 2.61226 1
20 65 1 -0.103333 1
20 66 1 -0.969115 1
20 67 1 1.67222 1
20 68 1 0.551687 1
20 69 1 -1.03852 1
20 70 1 -2.53715 1
20 71 1 1.24387 1
20 72 1 0.0367302 1
20 73 1 0.849333 1
20 74 1 1.15712 1
20 75 1 2.75104 1
20 76 1 0.85334 1
20 77 1 -1.15429 1
20 78 1 1.1868 1
20 79 1 1.72079 1
20 80 1 -1.24276 1
20 81 1 -0.0290932 1
20 82 1 3.33956 1
20 83 1 1.7188 1
20 84 1 0.822431 1
20 85 1 -1.10668 1
20 86 1 0.907793 1
20 87 1 -1.95547 1
20 88 1 1.74593 1
20 89 1 2.04281 1
20 90 1 1.491 1
20 91 1 0.397237 0
20 92 1 -0.930287 1
20 93 1 0.573358 0
20 94 1 2.19504 0
20 95 1 -0.64657 1
20 96 1 -3.33743 1
20 98 1 1.29832 1
20 103 1 0.984899 1
103 91 1 0.940433 0
103 105 1 0.706595 1
103 112 1 0.501074 1
103 123 1 1.08589 1
123 91 1 1.22499 1
105 91 1 1.37917 0
105 129 1 0.157701 1
129 91 1 1.25258 1
98 93 1 1.09642 1
98 99 1 3.08993 1
96 94 1 0.683639 1
96 20 1 -1.42495 1
21 64 1 0.0571973 1
21 65 1 3.00582 1
21 66 1 -3.06765 1
21 67 1 -4.29375 1
21 68 1 -2.05255 1
21 69 1 3.53613 1
21 70 1 -0.238964 1
21 71 1 -2.33151 1
21 72 1 -5.67414 1
21 73 1 0.291988 1
21 74 1 -0.793896 1
21 75 1 -0.610821 1
21 76 1 -0.659794 1
21 77 1 0.599629 1
21 78 1 -4.02988 1
21 79 1 -1.20442 1
21 80 1 1.67569 1
21 81 1 -0.280884 1
21 82 1 -0.937478 1
21 83 1 0.808877 1
21 84 1 4.00285 1
21 85 1 -1.39765 1
21 86 1 0.990251 1
21 87 1 -1.25286 1
21 88 1 1.60559 1
21 89 1 1.96312 1
21 90 1 -0.765985 1
21 91 1 -1.60177 1
21 92 1 1.40274 1
21 93 1 1.24731 1
21 94 1 -0.571486 1
21 95 1 0.364524 1
22 64 1 1.51953 1
22 65 1 1.45311 1
22 66 1 1.63378 1
22 67 1 4.78225 1
22 68 1 0.161453 1
22 69 1 -2.34821 1
22 70 1 -2.31418 1
22 71 1 0.255829 1
22 72 1 -1.62067 1
22 73 1 -0.100693 1
22 74 1 -1.27883 1
22 75 1 -0.661955 1
22 76 1 1.51396 1
22 77 1 1.84671 1
22 78 1 1.68634 1
22 79 1 3.01396 1
22 80 1 -1.785 1
22 81 1 -1.96928 1
22 82 1 -0.0240016 1
22 83 1 0.0603383 1
22 84 1 -0.544559 1
22 85 1 -0.358133 1
22 86 1 0.700509 1
22 87 1 3.25514 1
22 88 1 -3.8442 1
22 89 1 -1.15335 1
22 90 1 1.94373 1
22 91 1 0.787049 1
22 92 1 0.039159 1
22 93 1 -0.230173 1
22 94 1 3.54673 1
22 95 1 2.76134 1
23 64 1 -0.882995 1
23 65 1 1.82446 1
23 66 1 0.735962 1
23 67 1 1.40763 1
23 68 1 -4.20767 1
23 69 1 0.37686 1
23 70 1 2.72482 1
23 71 1 -4.7516 1
23 72 1 -0.0814828 1
23 73 1 0.632423 1
23 74 1 2.50072 1
23 75 1 -0.191559 1
23 76 1 0.523716 1
23 77 1 3.73842 1
23 78 1 0.382171 1
23 79 1 -4.51166 1
23 80 1 1.36371 1
23 81 1 -0.0751663 1
23 82 1 -0.681424 1
23 83 1 -0.107638 1
23 84 1 2.65475 1
23 85 1 -0.136671 1
23 86 1 -6.47655 1
23 87 1 1.03359 1
23 88 1 2.35165 1
23 89 1 -0.834206 1
23 90 1 -1.67264 1
23 91 1 -0.377203 1
23 92 1 -0.710238 1
23 93 1 2.07136 1
23 94 1 -2.20076 1
23 95 1 -0.954834 1
23 107 1 0.557103 1
23 27 1 0.996235 1
24 64 1 -3.1726 1
24 65 1 2.85363 1
24 66 1 -0.56404 1
24 67 1 3.73195 1
24 68 1 -3.39093 1
24 69 1 1.65621 1
24 70 1 0.137169 1
24 71 1 3.50949 1
24 72 1 0.582898 1
24 73 1 0.3346 1
24 74 1 0.0199925 1
24 75 1 -0.163188 1
24 76 1 1.76172 1
24 77 1 -0.660614 1
24 78 1 -2.65949 1
24 79 1 -0.232512 1
24 80 1 1.16198 1
24 81 1 0.948412 1
24 82 1 1.7895 1
24 83 1 -2.42571 1
24 84 1 -1.58406 1
24 85 1 -1.89603 1
24 86 1 -3.48289 1
24 87 1 3.06525 1
24 88 1 -2.10606 1
24 89 1 5.63506 1
24 90 1 3.71601 1
24 91 1 -3.35713 1
24 92 1 -0.000877056 1
24 93 1 0.0345839 1
24 94 1 0.773071 1
24 95 1 2.79153 1
24 5 1 1.8809 1
25 64 1 -0.656596 1
25 65 1 1.97011 1
25 66 1 -0.656205 1
25 67 1 0.386374 1
25 68 1 4.38323 1
25 69 1 -4.36086 1
25 70 1 4.60429 0
25 71 1 -4.52431 1
25 72 1 -0.144362 1
25 73 1 0.233143 1
25 74 1 0.952595 1
25 75 1 -0.440662 1
25 76 1 0.248853 1
25 77 1 -0.0469274 1
25 78 1 2.38786 1
25 79 1 -1.5488 1
25 80 1 1.35448 1
25 81 1 -3.29968 1
25 82 1 -1.82372 1
25 83 1 2.39756 1
25 84 1 -3.36661 1
25 85 1 -2.89659 1
25 86 1 0.852799 1
25 87 1 0.726048 1
25 88 1 -0.526989 1
25 89 1 2.92696 1
25 90 1 -3.62989 1
25 91 1 0.501049 1
25 92 1 -0.618887 1
25 93 1 0.738542 1
25 94 1 -0.00413727 1
25 95 1 -4.65459 1
25 8 1 0.704675 1
25 6 1 -1.36146 1
25 121 1 0.193581 1
121 70 1 5.15985 1
26 64 1 -1.96268 1
26 65 1 1.51897 1
26 66 1 1.19401 1
26 67 1 0.875292 1
26 68 1 1.0424 1
26 69 1 1.39257 1
26 70 1 -3.46283 1
26 71 1 1.40623 1
26 72 1 -0.683954 1
26 73 1 -0.0109779 1
26 74 1 -2.51555 1
26 75 1 2.15453 1
26 76 1 -0.506907 1
26 77 1 -2.20424 1
26 78 1 1.82316 1
26 79 1 -1.89378 1
26 80 1 1.18527 1
26 81 1 4.16445 1
26 82 1 0.0914094 1
26 83 1 1.85471 1
26 84 1 -1.37981 1
26 85 1 0.451069 1
26 86 1 -2.54018 1
26 87 1 1.01007 1
26 88 1 -1.70705 1
26 89 1 -0.295055 1
26 90 1 -2.28498 1
26 91 1 -3.01048 1
26 92 1 -1.28123 1
26 93 1 -1.53327 1
26 94 1 1.85608 1
26 95 1 -1.43483 1
26 23 1 2.04956 1
26 15 1 0.493679 1
27 64 1 -4.56679 1
27 65 1 3.5235 1
27 66 1 3.69371 1
27 67 1 -0.0836075 1
27 68 1 0.147311 1
27 69 1 0.778281 1
27 70 1 3.34164 1
27 71 1 -4.79456 1
27 72 1 -1.05192 1
27 73 1 2.83866 1
27 74 1 -1.5181 1
27 75 1 0.956861 1
27 76 1 -0.310089 1
27 77 1 -2.77298 1
27 78 1 1.50396 1
27 79 1 0.327879 1
27 80 1 -0.937022 1
27 81 1 -1.08215 1
27 82 1 -1.82601 1
27 83 1 -1.71405 1
27 84 1 0.141824 1
27 85 1 1.21405 1
27 86 1 -2.32386 1
27 87 1 1.56594 1
27 88 1 -3.08503 1
27 89 1 -3.379 1
27 90 1 1.59285 1
27 91 1 0.126011 1
27 92 1 -1.68878 1
27 93 1 -1.67877 1
27 94 1 1.04534 1
27 95 1 -0.498101 1
27 9 1 1.86308 1
27 5 1 -0.270084 1
28 64 1 0.950086 1
28 65 1 -0.320219 1
28 66 1 -0.796451 1
28 67 1 2.59252 1
28 68 1 0.802026 1
28 69 1 3.24634 1
28 70 1 -1.95363 1
28 71 1 -0.16381 1
28 72 1 -2.76154 1
28 73 1 0.778203 1
28 74 1 0.549144 1
28 75 1 -0.878728 1
28 76 1 0.0592271 1
28 77 1 -1.155 1
28 78 1 -1.58174 1
28 79 1 0.999298 1
28 80 1 2.57114 1
28 81 1 -0.951803 1
28 82 1 1.04607 1
28 83 1 2.3755 1
28 84 1 0.445768 1
28 85 1 -5.03436 1
28 86 1 -2.09291 1
28 87 1 -2.67569 1
28 88 1 -4.04352 1
28 89 1 0.0503408 1
28 90 1 -4.07489 1
28 91 1 -0.407668 1
28 92 1 1.09583 1
28 93 1 -1.88448 1
28 94 1 3.61512 1
28 95 1 -2.37548 1
29 64 1 -0.61012 1
29 65 1 -0.700691 1
29 66 1 1.65506 1
29 67 1 1.40747 1
29 68 1 -2.36478 1
29 69 1 1.88076 1
29 70 1 0.442372 1
29 71 1 -1.20918 1
29 72 1 1.24075 1
29 73 1 -2.00139 1
29 74 1 0.67188 1
29 75 1 -0.0239084 1
29 76 1 -0.0241917 1
29 77 1 0.672196 1
29 78 1 -6.49425 1
29 79 1 -1.79167 1
29 80 1 0.154338 1
29 81 1 1.96582 1
29 82 1 -1.04725 1
29 83 1 -1.92313 1
29 84 1 0.757421 1
29 85 1 -0.449174 1
29 86 1 -0.85609 1
29 87 1 -5.1777 1
29 88 1 -1.13769 1
29 89 1 -1.31153 1
29 90 1 -1.43138 1
29 91 1 1.96933 1
29 92 1 0.831537 1
29 93 1 1.49707 1
29 94 1 -1.09629 1
29 95 1 0.0633719 1
30 64 1 -0.646939 1
30 65 1 1.71282 1
30 66 1 0.0178235 1
30 67 1 -0.488811 1
30 68 1 1.35497 1
30 69 1 1.86598 1
30 70 1 0.51699 1
30 71 1 0.149453 1
30 72 1 -0.881633 1
30 73 1 4.77795 1
30 74 1 1.49024 1
30 75 1 3.05174 1
30 76 1 0.68591 1
30 77 1 -0.128301 1
30 78 1 2.46858 1
30 79 1 2.2591 1
30 80 1 -0.0145304 1
30 81 1 -1.84704 1
30 82 1 1.48555 1
30 83 1 3.77955 1
30 84 1 1.47474 1
30 85 1 -1.47862 1
30 86 1 -1.93603 1
30 87 1 -4.43614 1
30 88 1 0.34847 1
30 89 1 -1.32229 1
30 90 1 2.3274 1
30 91 1 3.82672 1
30 92 1 0.57733 1
30 93 1 1.0704 1
30 94 1 1.6385 1
30 95 1 -0.343809 1
31 64 1 0.951235 1
31 65 1 0.342381 1
31 66 1 -1.73673 1
31 67 1 4.95122 1
31 68 1 3.07592 1
31 69 1 2.67536 1
31 70 1 -2.0445 1
31 71 1 -0.0667923 1
31 72 1 -2.24119 1
31 73 1 -2.01387 1
31 74 1 -0.477653 1
31 75 1 -1.46761 1
31 76 1 0.960079 1
31 77 1 0.202301 1
31 78 1 -2.96677 1
31 79 1 1.10255 1
31 80 1 -2.75524 1
31 81 1 -0.926418 1
31 82 1 1.79092 1
31 83 1 -1.29192 1
31 84 1 -2.11428 1
31 85 1 -1.88958 1
31 86 1 0.0549747 1
31 87 1 0.440811 0
31 88 1 1.99423 1
31 89 1 -1.69181 1
31 90 1 1.41264 1
31 91 1 -0.038524 1
31 92 1 -1.75982 1
31 93 1 2.17525 1
31 94 1 -0.812302 1
31 95 1 -0.546186 1
31 122 1 1.28979 1
122 87 1 1.12211 1
32 64 1 5.8099 1
32 65 1 2.00389 1
32 66 1 -2.03426 1
32 67 1 2.71949 1
32 68 1 -0.938242 1
32 69 1 3.09755 1
32 70 1 -0.366938 1
32 71 1 1.03525 1
32 72 1 -3.80005 1
32 73 1 1.18639 1
32 74 1 -1.51671 1
32 75 1 2.20559 1
32 76 1 -1.55005 1
32 77 1 0.899734 1
32 78 1 0.493276 1
32 79 1 2.06154 1
32 80 1 1.1312 1
32 81 1 -1.27684 1
32 82 1 -1.18624 1
32 83 1 -0.820387 1
32 84 1 1.05021 1
32 85 1 -3.29497 1
32 86 1 -0.871808 1
32 87 1 0.337297 1
32 88 1 -1.99423 1
32 89 1 -1.98545 1
32 90 1 0.291812 1
32 91 1 -2.46596 1
32 92 1 2.86943 1
32 93 1 -1.71364 1
32 94 1 -0.570908 1
32 95 1 -1.83438 1
33 64 1 1.35042 1
33 65 1 -4.99418 1
33 66 1 0.246574 1
33 67 1 -1.42874 1
33 68 1 -0.0730968 1
33 69 1 -0.502547 1
33 70 1 3.1402 1
33 71 1 1.59216 1
33 72 1 -0.417018 1
33 73 1 2.03441 1
33 74 1 1.21473 1
33 75 1 -3.31846 1
33 76 1 0.636948 1
33 77 1 2.97212 1
33 78 1 -2.15447 1
33 79 1 0.166869 1
33 80 1 3.92329 1
33 81 1 -0.893397 1
33 82 1 -1.50703 1
33 83 1 0.843115 1
33 84 1 1.39974 1
33 85 1 1.14143 1
33 86 1 -0.0982933 1
33 87 1 1.46513 1
33 88 1 2.55822 1
33 89 1 2.37455 1
33 90 1 -2.22614 1
33 91 1 1.45905 1
33 92 1 2.8478 1
33 93 1 2.46697 1
33 94 1 -0.00193373 1
33 95 1 -0.50541 1
33 20 1 -1.40846 1
33 107 1 0.296429 1
34 64 1 -0.323585 1
34 65 1 -0.391877 1
34 66 1 1.53868 1
34 67 1 2.68411 1
34 68 1 2.01584 1
34 69 1 -0.700512 1
34 70 1 0.463486 1
34 71 1 0.0746599 1
34 72 1 -0.441019 1
34 73 1 -0.819595 1
34 74 1 2.71868 1
34 75 1 3.64387 1
34 76 1 -2.64408 1
34 77 1 0.577421 1
34 78 1 -0.449169 1
34 79 1 0.541485 1
34 80 1 1.83728 1
34 81 1 -0.592538 1
34 82 1 0.0436225 1
34 83 1 2.10037 1
34 84 1 0.505712 1
34 85 1 -0.330125 1
34 86 1 -0.554776 1
34 87 1 -0.0399947 1
34 88 1 0.907676 1
34 89 1 -1.16044 1
34 90 1 -3.49002 1
34 91 1 2.05518 1
34 92 1 -0.970713 1
34 93 1 -1.75851 1
34 94 1 2.97484 1
34 95 1 0.398747 1
35 64 1 -1.26696 1
35 65 1 -0.467499 1
35 66 1 0.445302 1
35 67 1 0.760879 1
35 68 1 0.934601 1
35 69 1 3.37269 1
35 70 1 0.990656 1
35 71 1 1.01201 1
35 72 1 1.95635 1
35 73 1 3.72362 1
35 74 1 3.93215 1
35 75 1 -0.65243 1
35 76 1 -1.5883 1
35 77 1 2.10433 1
35 78 1 -1.90508 1
35 79 1 -1.62386 1
35 80 1 -6.79638 1
35 81 1 0.273407 1
35 82 1 1.90355 1
35 83 1 0.807579 1
35 84 1 2.28851 1
35 85 1 -3.58298 1
35 86 1 -1.25481 1
35 87 1 -0.28255 1
35 88 1 0.00203621 1
35 89 1 0.926081 0
35 90 1 -1.81484 1
35 91 1 -1.3312 1
35 92 1 -1.98672 1
35 93 1 1.39238 1
35 94 1 -1.98566 1
35 95 1 0.60957 1
35 130 1 1.26231 1
130 89 1 0.866424 1
36 64 1 0.517388 1
36 65 1 -0.00509392 1
36 66 1 -0.901473 1
36 67 1 0.968421 1
36 68 1 -1.62455 1
36 69 1 -0.0320209 1
36 70 1 0.389226 1
36 71 1 1.40822 1
36 72 1 0.578953 1
36 73 1 0.908955 1
36 74 1 1.8015 1
36 75 1 -0.401138 1
36 76 1 1.47668 1
36 77 1 -3.11755 1
36 78 1 1.78111 1
36 79 1 2.82259 1
36 80 1 0.231823 1
36 81 1 0.80361 1
36 82 1 -1.42706 0
36 83 1 0.413597 1
36 84 1 0.0979214 1
36 85 1 -3.05286 1
36 86 1 -0.803135 1
36 87 1 -1.23663 1
36 88 1 1.47768 1
36 89 1 0.552593 1
36 90 1 -2.75898 1
36 91 1 0.69244 1
36 92 1 2.56936 1
36 93 1 0.567222 1
36 94 1 -2.40581 1
36 95 1 3.48592 1
36 109 1 0.733252 0
36 24 1 -1.17024 1
36 117 1 -0.669873 1
117 109 1 1.63364 1
109 82 1 1.46015 1
109 31 1 -1.89848 1
37 64 1 -3.02557 1
37 65 1 0.0359384 1
37 66 1 -2.04814 1
37 67 1 -2.19753 1
37 68 1 -5.44856 1
37 69 1 0.775734 1
37 70 1 -2.423 1
37 71 1 -0.980041 1
37 72 1 1.56827 1
37 73 1 -0.14539 1
37 74 1 0.683829 1
37 75 1 -0.35341 1
37 76 1 1.74586 1
37 77 1 0.312597 1
37 78 1 -1.49015 1
37 79 1 -0.802673 1
37 80 1 2.06373 1
37 81 1 0.450953 1
37 82 1 4.02153 1
37 83 1 -1.15841 1
37 84 1 -1.89721 1
37 85 1 1.61462 1
37 86 1 -1.96972 1
37 87 1 -1.45575 1
37 88 1 -3.68997 1
37 89 1 0.0773039 1
37 90 1 -0.342589 1
37 91 1 0.620092 1
37 92 1 3.74863 1
37 93 1 0.186578 1
37 94 1 -1.8066 1
37 95 1 0.349875 1
38 64 1 0.516261 1
38 65 1 -3.03112 1
38 66 1 -0.781794 1
38 67 1 -0.391797 1
38 68 1 -0.0749958 1
38 69 1 -0.821668 1
38 70 1 1.67838 1
38 71 1 -0.892888 1
38 72 1 -1.88229 1
38 73 1 1.86342 1
38 74 1 -0.31826 1
38 75 1 0.652007 1
38 76 1 1.81469 1
38 77 1 -0.943948 1
38 78 1 -1.22663 1
38 79 1 -0.55392 1
38 80 1 -3.24708 1
38 81 1 -0.0223025 1
38 82 1 0.367686 1
38 83 1 -0.759379 1
38 84 1 -2.5736 1
38 85 1 -1.80802 1
38 86 1 -0.675526 1
38 87 1 -0.294037 1
38 88 1 1.88802 1
38 89 1 3.63232 1
38 90 1 -1.11696 1
38 91 1 3.26097 1
38 92 1 0.744136 1
38 93 1 1.50378 1
38 94 1 -0.787833 1
38 95 1 -3.4425 1
39 64 1 0.46086 1
39 65 1 -3.35722 1
39 66 1 2.08073 1
39 67 1 -0.139205 1
39 68 1 -0.0123295 1
39 69 1 0.0729295 1
39 70 1 0.821689 1
39 71 1 1.73352 1
39 72 1 -1.59418 1
39 73 1 -2.23861 1
39 74 1 2.4003 1
39 75 1 2.17681 0
39 76 1 0.815542 1
39 77 1 -1.25576 1
39 78 1 -1.69238 1
39 79 1 -1.82526 1
39 80 1 0.0749154 1
39 81 1 -1.33941 1
39 82 1 0.595901 1
39 83 1 0.668071 1
39 84 1 -0.0406676 1
39 85 1 0.404627 1
39 86 1 1.95406 1
39 87 1 1.10376 1
39 88 1 -2.43851 1
39 89 1 0.701542 1
39 90 1 3.18881 1
39 91 1 -3.66863 1
39 92 1 4.31872 1
39 93 1 -1.11118 1
39 94 1 -1.17311 1
39 95 1 -0.688435 1
39 2 1 -2.70925 1
39 112 1 4.3314 1
39 13 1 0.151965 1
112 75 1 -1.33944 1
40 64 1 -6.68146 1
40 65 1 0.0344773 1
40 66 1 0.677561 1
40 67 1 0.685648 1
40 68 1 4.79266 1
40 69 1 -0.246644 1
40 70 1 -2.21458 1
40 71 1 0.197818 1
40 72 1 4.76569 1
40 73 1 0.67306 1
40 74 1 -0.716875 1
40 75 1 0.20046 1
40 76 1 -1.70384 1
40 77 1 3.4714 1
40 78 1 2.13073 1
40 79 1 -0.572394 1
40 80 1 1.83026 1
40 81 1 -0.476409 1
40 82 1 0.5127 1
40 83 1 -1.07279 1
40 84 1 0.235259 1
40 85 1 1.27209 1
40 86 1 0.16356 1
40 87 1 1.05016 1
40 88 1 0.00516013 1
40 89 1 -0.700599 1
40 90 1 -0.169952 1
40 91 1 -0.0487385 1
40 92 1 0.253177 1
40 93 1 1.58204 1
40 94 1 -0.370938 1
40 95 1 0.761147 1
40 2 1 -0.864496 1
41 64 1 5.90415 1
41 65 1 -1.13262 1
41 66 1 0.627835 1
41 67 1 -2.28336 1
41 68 1 0.00683395 1
41 69 1 -1.47661 1
41 70 1 0.808176 1
41 71 1 -0.319791 1
41 72 1 3.33882 1
41 73 1 -3.8519 1
41 74 1 -1.48293 1
41 75 1 0.268974 1
41 76 1 -1.31286 1
41 77 1 -0.529223 1
41 78 1 -2.01432 1
41 79 1 0.408487 1
41 80 1 2.28388 1
41 81 1 0.660033 1
41 82 1 -0.851243 1
41 83 1 1.60551 1
41 84 1 -0.734439 1
41 85 1 1.36651 1
41 86 1 0.888789 1
41 87 1 0.0778855 1
41 88 1 4.395 1
41 89 1 -0.808877 1
41 90 1 -1.025 1
41 91 1 0.682517 1
41 92 1 0.864974 1
41 93 1 0.669027 1
41 94 1 -0.37818 1
41 95 1 -2.01471 1
41 11 1 1.24931 1
41 29 1 -0.656018 1
42 64 1 -0.360692 1
42 65 1 1.41232 1
42 66 1 -0.648281 1
42 67 1 -0.711402 1
42 68 1 -1.24033 1
42 69 1 -1.45844 1
42 70 1 -2.72871 1
42 71 1 -0.0717063 1
42 72 1 -2.69408 1
42 73 1 -3.0348 1
42 74 1 1.74678 1
42 75 1 0.822047 1
42 76 1 -1.31824 1
42 77 1 -1.3334 1
42 78 1 -2.50541 1
42 79 1 -0.232625 1
42 80 1 -0.622705 1
42 81 1 -0.177752 1
42 82 1 2.51179 1
42 83 1 3.42072 1
42 84 1 2.71887 1
42 85 1 1.20193 1
42 86 1 -0.0745338 1
42 87 1 -2.1168 1
42 88 1 0.724571 1
42 89 1 0.90538 1
42 90 1 1.76496 1
42 91 1 -0.516226 1
42 92 1 -1.9729 1
42 93 1 1.93666 1
42 94 1 -1.86251 1
42 95 1 1.76702 1
43 64 1 2.23678 1
43 65 1 -2.13537 1
43 66 1 2.48471 1
43 67 1 1.81221 1
43 68 1 -0.262966 1
43 69 1 -0.335215 1
43 70 1 1.01048 1
43 71 1 -3.02659 1
43 72 1 -2.62595 1
43 73 1 -6.05971 1
43 74 1 3.83234 1
43 75 1 -1.03504 1
43 76 1 3.07576 1
43 77 1 0.552133 1
43 78 1 0.368384 1
43 79 1 -0.725935 1
43 80 1 -0.804904 1
43 81 1 1.02494 1
43 82 1 1.35145 1
43 83 1 -0.00704488 1
43 84 1 0.509324 1
43 85 1 1.37506 1
43 86 1 -1.79316 1
43 87 1 3.85011 1
43 88 1 -1.08723 1
43 89 1 2.90932 1
43 90 1 1.44234 1
43 91 1 -3.96287 1
43 92 1 3.20732 1
43 93 1 1.97953 1
43 94 1 -4.32369 1
43 95 1 -0.665197 1
44 64 1 0.64813 1
44 65 1 -2.92032 1
44 66 1 0.527785 1
44 67 1 -1.35502 1
44 68 1 -1.42801 1
44 69 1 0.555431 1
44 70 1 2.10936 1
44 71 1 1.55533 1
44 72 1 -3.11065 1
44 73 1 1.2274 1
44 74 1 -1.93382 1
44 75 1 -2.04076 1
44 76 1 -0.535695 1
44 77 1 1.08449 1
44 78 1 1.23199 1
44 79 1 0.554123 1
44 80 1 4.60919 1
44 81 1 -1.44752 1
44 82 1 3.96766 1
44 83 1 -1.15284 1
44 84 1 1.78727 1
44 85 1 0.116261 1
44 86 1 1.24962 1
44 87 1 -0.356465 1
44 88 1 -1.20701 1
44 89 1 -0.169949 1
44 90 1 0.478435 1
44 91 1 0.533552 1
44 92 1 -0.611413 1
44 93 1 1.58678 1
44 94 1 0.968084 1
44 95 1 -0.362168 1
44 8 1 1.59199 1
44 29 1 0.269681 1
45 64 1 -0.947819 1
45 65 1 3.19712 1
45 66 1 0.873237 1
45 67 1 -0.701764 1
45 68 1 -2.58795 1
45 69 1 -4.75415 1
45 70 1 -3.81723 1
45 71 1 0.352282 1
45 72 1 -3.67443 1
45 73 1 3.12748 1
45 74 1 3.57806 1
45 75 1 2.5214 1
45 76 1 0.0576692 1
45 77 1 -0.4324 1
45 78 1 -2.43433 1
45 79 1 0.343079 1
45 80 1 -2.76311 1
45 81 1 1.47166 1
45 82 1 0.846743 1
45 83 1 -2.10123 1
45 84 1 2.1473 1
45 85 1 -2.76659 1
45 86 1 1.15823 1
45 87 1 -0.0591708 1
45 88 1 0.981943 1
45 89 1 -2.80326 1
45 90 1 0.0540206 1
45 91 1 1.01569 1
45 92 1 -1.50602 1
45 93 1 -3.47924 1
45 94 1 0.996091 1
45 95 1 -1.85853 1
45 9 1 3.6763 1
46 64 1 -0.30912 1
46 65 1 1.26503 1
46 66 1 1.12191 1
46 67 1 2.88001 1
46 68 1 -2.72711 1
46 69 1 -1.20284 1
46 70 1 2.0532 1
46 71 1 -0.684541 1
46 72 1 -0.346434 1
46 73 1 -2.18954 1
46 74 1 -1.9467 1
46 75 1 0.414503 1
46 76 1 -1.75421 1
46 77 1 2.2739 1
46 78 1 -0.576119 1
46 79 1 0.321431 1
46 80 1 4.3993 1
46 81 1 -2.05819 1
46 82 1 -0.425286 1
46 83 1 1.71455 1
46 84 1 -1.52737 1
46 85 1 2.06118 1
46 86 1 -1.44128 1
46 87 1 0.280149 1
46 88 1 -2.21214 1
46 89 1 -2.97833 1
46 90 1 -1.10825 1
46 91 1 -0.142607 1
46 92 1 -1.43879 1
46 93 1 -0.668598 1
46 94 1 -0.622309 1
46 95 1 0.251315 1
46 24 1 0.879697 1
47 64 1 -0.743387 1
47 65 1 -0.240464 1
47 66 1 -2.42102 1
47 67 1 2.60464 1
47 68 1 1.40552 1
47 69 1 2.6036 1
47 70 1 -1.58639 1
47 71 1 1.04604 1
47 72 1 1.31623 1
47 73 1 3.75236 1
47 74 1 -0.971923 1
47 75 1 -1.34727 1
47 76 1 -2.30329 1
47 77 1 -4.47843 1
47 78 1 -1.34771 1
47 79 1 1.30646 1
47 80 1 1.44953 1
47 81 1 -4.39885 1
47 82 1 0.273461 1
47 83 1 -1.03086 1
47 84 1 -1.13111 1
47 85 1 -0.45187 1
47 86 1 -0.248827 1
47 87 1 3.0954 1
47 88 1 -0.431298 1
47 89 1 -0.509067 1
47 90 1 3.16525 1
47 91 1 0.145537 1
47 92 1 -0.197268 1
47 93 1 -0.097311 1
47 94 1 -0.673414 1
47 95 1 -1.43658 1
47 4 1 1.06388 1
48 64 1 -0.207478 1
48 65 1 -1.08634 1
48 66 1 1.26634 1
48 67 1 -2.03791 1
48 68 1 -2.0808 1
48 69 1 -4.12273 1
48 70 1 1.68634 1
48 71 1 3.12692 1
48 72 1 -1.50047 1
48 73 1 3.09352 1
48 74 1 3.60112 1
48 75 1 -1.73699 1
48 76 1 0.556281 1
48 77 1 -2.16188 1
48 78 1 1.36174 1
48 79 1 0.0447936 1
48 80 1 -0.21069 1
48 81 1 -0.965427 1
48 82 1 -1.2705 1
48 83 1 -0.197184 1
48 84 1 -1.3239 1
48 85 1 2.29033 1
48 86 1 -0.0754994 1
48 87 1 -1.74602 1
48 88 1 -1.90551 1
48 89 1 0.575151 1
48 90 1 0.334449 1
48 91 1 -0.463519 1
48 92 1 -4.31151 1
48 93 1 -0.208321 1
48 94 1 2.19767 1
48 95 1 -0.144218 1
48 16 1 -0.666878 1
48 12 1 -0.412181 1
48 14 1 0.0823402 1
49 64 1 -0.515281 1
49 65 1 -0.983615 1
49 66 1 -0.965328 1
49 67 1 -1.45137 1
49 68 1 -0.408379 1
49 69 1 1.60149 1
49 70 1 -0.812101 1
49 71 1 -3.62693 1
49 72 1 -0.863884 1
49 73 1 0.555509 1
49 74 1 1.24152 1
49 75 1 1.8848 1
49 76 1 -3.89981 1
49 77 1 -1.33246 1
49 78 1 -3.0605 1
49 79 1 3.82261 1
49 80 1 5.06385 1
49 81 1 -3.14862 1
49 82 1 1.15254 1
49 83 1 -0.0552978 1
49 84 1 0.95833 1
49 85 1 -2.80811 1
49 86 1 0.186229 1
49 87 1 -1.99778 1
49 88 1 -2.36414 1
49 89 1 -0.401239 1
49 90 1 -0.639291 1
49 91 1 0.869286 1
49 92 1 0.739098 1
49 93 1 -1.45355 1
49 94 1 0.132369 1
49 95 1 1.65253 1
49 19 1 -0.90437 1
50 64 1 -3.0301 1
50 65 1 -3.61057 1
50 66 1 1.99858 1
50 67 1 -3.34175 1
50 68 1 1.36957 1
50 69 1 0.673029 1
50 70 1 1.79772 1
50 71 1 5.3544 1
50 72 1 -2.2259 1
50 73 1 5.74347 1
50 74 1 1.2346 1
50 75 1 0.234394 1
50 76 1 -1.88129 1
50 77 1 -0.044301 1
50 78 1 1.35195 1
50 79 1 0.51206 1
50 80 1 0.873767 1
50 81 1 -0.462107 1
50 82 1 -0.79582 1
50 83 1 2.43191 1
50 84 1 -2.45422 1
50 85 1 2.02463 1
50 86 1 -0.620528 1
50 87 1 -1.24004 1
50 88 1 -1.60272 1
50 89 1 0.80182 1
50 90 1 -0.809428 1
50 91 1 -1.16497 1
50 92 1 0.142946 1
50 93 1 0.543453 1
50 94 1 -2.70448 1
50 95 1 2.79137 1
50 4 1 1.90341 1
50 22 1 -2.31109 1
51 64 1 0.311103 1
51 65 1 3.63144 1
51 66 1 2.3099 1
51 67 1 -0.656186 1
51 68 1 -2.10792 1
51 69 1 1.20508 1
51 70 1 3.7829 1
51 71 1 2.35351 1
51 72 1 -2.55829 1
51 73 1 -1.78939 0
51 74 1 -1.93828 1
51 75 1 5.19969 1
51 76 1 -2.0399 1
51 77 1 1.07418 1
51 78 1 0.362401 1
51 79 1 -0.125887 1
51 80 1 -0.196925 1
51 81 1 -1.21116 1
51 82 1 -0.904851 1
51 83 1 2.38707 1
51 84 1 -3.00648 1
51 85 1 -1.715 1
51 86 1 -1.6106 1
51 87 1 -0.760298 1
51 88 1 1.46233 1
51 89 1 -1.0886 1
51 90 1 1.49544 1
51 91 1 -0.122627 1
51 92 1 3.68401 1
51 93 1 3.24239 1
51 94 1 -4.08979 1
51 95 1 -1.14945 1
51 116 1 1.19214 1
51 12 1 -1.28498 1
116 73 1 0.277077 1
52 64 1 -1.34078 1
52 65 1 2.43426 1
52 66 1 2.1143 1
52 67 1 0.135955 1
52 68 1 -0.0521624 1
52 69 1 2.10794 1
52 70 1 2.92559 1
52 71 1 -0.75296 1
52 72 1 -0.489763 1
52 73 1 6.03688 1
52 74 1 2.97004 1
52 75 1 -0.360852 1
52 76 1 -3.22612 1
52 77 1 -0.649496 1
52 78 1 0.812573 1
52 79 1 0.231416 1
52 80 1 -1.04763 1
52 81 1 0.623614 1
52 82 1 -2.24206 1
52 83 1 -2.35079 1
52 84 1 0.467148 1
52 85 1 0.0256659 1
52 86 1 -3.93121 1
52 87 1 1.41616 1
52 88 1 0.377995 1
52 89 1 -0.440139 1
52 90 1 -0.925318 1
52 91 1 -0.612434 1
52 92 1 -0.361758 1
52 93 1 -1.22683 1
52 94 1 -0.805372 1
52 95 1 0.433527 1
52 115 1 1.01999 1
53 64 1 -1.65111 1
53 65 1 1.62017 1
53 66 1 0.985945 1
53 67 1 -0.697752 1
53 68 1 0.911658 1
53 69 1 2.48227 1
53 70 1 -1.08255 1
53 71 1 0.107172 1
53 72 1 -0.0245754 1
53 73 1 1.14013 1
53 74 1 0.164199 1
53 75 1 -1.21476 1
53 76 1 1.35937 1
53 77 1 3.5753 1
53 78 1 -1.51252 1
53 79 1 0.667188 1
53 80 1 1.85101 1
53 81 1 1.03538 1
53 82 1 2.0172 1
53 83 1 1.13124 1
53 84 1 2.45262 1
53 85 1 -0.743355 1
53 86 1 1.22791 1
53 87 1 -0.263701 1
53 88 1 -0.869999 1
53 89 1 0.18222 1
53 90 1 -1.00368 1
53 91 1 -0.109935 1
53 92 1 2.13156 1
53 93 1 0.454531 1
53 94 1 0.499049 1
53 95 1 -1.03703 1
53 20 1 2.70732 1
53 23 1 0.529971 1
54 64 1 0.315247 1
54 65 1 0.571993 1
54 66 1 -1.56399 1
54 67 1 1.79461 1
54 68 1 0.148708 1
54 69 1 -0.924514 1
54 70 1 0.872437 1
54 71 1 2.38941 1
54 72 1 0.0757101 1
54 73 1 0.487192 1
54 74 1 -0.786801 1
54 75 1 1.27543 1
54 76 1 -0.20132 1
54 77 1 2.12352 1
54 78 1 -1.17585 1
54 79 1 0.146782 1
54 80 1 0.0683518 1
54 81 1 -0.148619 1
54 82 1 -4.40053 1
54 83 1 3.40679 1
54 84 1 1.4344 1
54 85 1 0.358957 1
54 86 1 -3.51088 1
54 87 1 -1.26904 1
54 88 1 4.05476 1
54 89 1 1.40212 1
54 90 1 -1.22562 1
54 91 1 1.74846 1
54 92 1 -0.907524 1
54 93 1 1.33958 1
54 94 1 -1.49813 1
54 95 1 -0.149211 1
54 30 1 -2.10375 1
55 64 1 -0.812908 1
55 65 1 -2.60302 1
55 66 1 -0.961877 1
55 67 1 1.43012 1
55 68 1 -3.7313 1
55 69 1 2.00936 1
55 70 1 3.95322 1
55 71 1 -2.41304 1
55 72 1 1.82233 1
55 73 1 -0.0936058 1
55 74 1 4.35761 1
55 75 1 -4.17926 1
55 76 1 -4.61021 1
55 77 1 2.12879 1
55 78 1 -2.60146 1
55 79 1 2.66241 1
55 80 1 -1.12462 1
55 81 1 0.435258 1
55 82 1 -2.43929 1
55 83 1 -1.28544 1
55 84 1 -0.320894 1
55 85 1 -2.59513 1
55 86 1 0.113013 1
55 87 1 3.3964 1
55 88 1 -3.76315 1
55 89 1 -2.3971 1
55 90 1 0.965563 1
55 91 1 1.86671 1
55 92 1 2.45856 1
55 93 1 -2.92332 1
55 94 1 -1.41886 1
55 95 1 -3.05458 0
55 28 1 3.28415 1
55 114 1 0.534097 1
114 95 1 0.673254 1
56 64 1 0.405592 1
56 65 1 -0.709603 1
56 66 1 -2.0267 1
56 67 1 -0.510573 1
56 68 1 0.743678 0
56 69 1 0.865028 1
56 70 1 0.965585 1
56 71 1 -0.548716 1
56 72 1 -0.0525396 1
56 73 1 -2.23132 1
56 74 1 4.57319 1
56 75 1 3.48433 1
56 76 1 -1.71173 1
56 77 1 -0.663995 1
56 78 1 -4.42378 1
56 79 1 0.815965 1
56 80 1 -1.00093 1
56 81 1 1.97923 1
56 82 1 2.80746 1
56 83 1 -2.78861 1
56 84 1 -0.765411 1
56 85 1 -0.145215 1
56 86 1 0.132661 1
56 87 1 -3.93335 1
56 88 1 1.46875 1
56 89 1 -1.89521 1
56 90 1 -0.92261 1
56 91 1 0.676354 1
56 92 1 0.661545 1
56 93 1 2.61418 1
56 94 1 -2.3396 1
56 95 1 0.912808 1
56 3 1 -0.781155 1
56 126 1 1.51961 1
126 68 1 1.17348 1
57 64 1 -2.62388 1
57 65 1 1.21465 1
57 66 1 -3.61843 1
57 67 1 -0.619365 1
57 68 1 2.33313 1
57 69 1 -2.46858 0
57 70 1 2.10792 1
57 71 1 2.47483 1
57 72 1 -1.32142 1
57 73 1 -0.333211 1
57 74 1 2.11885 1
57 75 1 3.2436 1
57 76 1 1.89203 1
57 77 1 -3.59402 1
57 78 1 -1.70931 1
57 79 1 -1.90166 1
57 80 1 1.68401 1
57 81 1 3.1947 1
57 82 1 1.87069 1
57 83 1 -2.88957 1
57 84 1 0.990342 1
57 85 1 -2.78518 1
57 86 1 -2.49177 1
57 87 1 1.918 1
57 88 1 -3.34656 1
57 89 1 0.772402 1
57 90 1 0.418734 1
57 91 1 0.224473 1
57 92 1 -2.69951 1
57 93 1 -0.142546 1
57 94 1 0.135863 1
57 95 1 2.04187 1
57 104 1 1.88525 1
57 22 1 0.607063 1
104 69 1 0.449648 1
104 1 1 0.307442 1
58 64 1 1.01017 1
58 65 1 -3.29453 1
58 66 1 -1.57949 1
58 67 1 -1.6826 1
58 68 1 0.580191 1
58 69 1 -2.50916 1
58 70 1 -0.655432 1
58 71 1 -0.811365 1
58 72 1 -0.818363 1
58 73 1 -2.06056 1
58 74 1 3.6 1
58 75 1 1.30954 1
58 76 1 2.26665 1
58 77 1 -0.925949 1
58 78 1 -1.51627 1
58 79 1 0.56862 0
58 80 1 -2.0974 1
58 81 1 0.910629 1
58 82 1 1.0931 1
58 83 1 -1.23062 1
58 84 1 -0.814989 1
58 85 1 0.310171 1
58 86 1 1.07394 1
58 87 1 -1.76247 1
58 88 1 -1.14862 1
58 89 1 -1.35559 1
58 90 1 -2.06341 1
58 91 1 0.693743 1
58 92 1 3.42992 1
58 93 1 0.773793 1
58 94 1 -4.0925 1
58 95 1 2.08074 1
58 128 1 1.34539 1
128 79 1 0.340923 0
128 131 1 1.19073 1
131 79 1 0.213323 1
59 64 1 -0.992921 1
59 65 1 1.56981 1
59 66 1 0.56703 1
59 67 1 -0.935916 1
59 68 1 -0.307106 1
59 69 1 -0.758686 1
59 70 1 -0.0894033 1
59 71 1 2.05866 1
59 72 1 -1.00011 1
59 73 1 -3.31916 1
59 74 1 1.66739 1
59 75 1 0.288153 1
59 76 1 1.03711 1
59 77 1 -0.581813 0
59 78 1 -0.928866 1
59 79 1 -2.02403 1
59 80 1 0.8134 1
59 81 1 -0.502484 1
59 82 1 -3.54272 1
59 83 1 3.28913 1
59 84 1 -1.00909 1
59 85 1 -0.607816 1
59 86 1 -0.277511 1
59 87 1 2.32275 1
59 88 1 4.62819 1
59 89 1 0.49908 1
59 90 1 0.384844 1
59 91 1 -1.66022 1
59 92 1 -0.479369 1
59 93 1 1.87775 1
59 94 1 -1.96767 1
59 95 1 1.38854 1
59 97 1 2.20745 1
59 5 1 -2.32069 1
59 11 1 -0.502765 1
59 13 1 0.956958 1
97 77 1 -2.45006 1
97 22 1 -4.19492 1
97 2 1 -3.62627 0
97 99 1 3.36067 1
97 7 1 1.88177 0
97 102 1 2.62903 1
97 17 1 0.577866 1
102 7 1 2.66731 1
99 2 1 1.56273 0
99 108 1 3.1647 1
108 2 1 0.621297 0
108 125 1 1.48214 1
125 2 1 -0.246319 1
60 64 1 2.03808 1
60 65 1 -0.829627 1
60 66 1 -0.728798 1
60 67 1 0.43403 1
60 68 1 1.71786 1
60 69 1 0.376251 1
60 70 1 -1.01268 1
60 71 1 -1.27247 1
60 72 1 -1.13464 0
60 73 1 -0.722859 1
60 74 1 -0.380865 1
60 75 1 0.490336 1
60 76 1 1.50833 1
60 77 1 3.0031 1
60 78 1 -0.193054 1
60 79 1 -0.653117 1
60 80 1 -3.28324 1
60 81 1 -0.941159 1
60 82 1 -1.11336 1
60 83 1 2.42803 1
60 84 1 -3.29318 1
60 85 1 3.24437 1
60 86 1 2.64301 1
60 87 1 1.46758 1
60 88 1 -3.35286 1
60 89 1 -2.02075 1
60 90 1 -1.4153 1
60 91 1 -0.300744 1
60 92 1 1.16007 1
60 93 1 1.12325 1
60 94 1 0.964337 1
60 95 1 0.0639001 1
60 24 1 -2.71264 1
60 0 1 2.67611 1
60 115 1 0.331399 1
60 3 1 0.935756 1
115 72 1 -0.405417 1
115 18 1 1.26085 1
61 64 1 -0.932684 1
61 65 1 -0.668446 1
61 66 1 0.564658 1
61 67 1 -0.677705 1
61 68 1 -4.35808 1
61 69 1 1.34153 1
61 70 1 -0.302056 1
61 71 1 1.18188 1
61 72 1 -1.22008 1
61 73 1 1.1641 1
61 74 1 1.40461 1
61 75 1 1.73242 1
61 76 1 0.652684 1
61 77 1 -0.548712 0
61 78 1 0.83702 1
61 79 1 -0.0483001 1
61 80 1 -1.12616 1
61 81 1 0.450523 1
61 82 1 -0.143749 1
61 83 1 1.67808 1
61 84 1 -1.11864 1
61 85 1 2.8363 1
61 86 1 -0.0402904 1
61 87 1 1.20859 1
61 88 1 0.662874 1
61 89 1 -0.328855 1
61 90 1 2.27548 1
61 91 1 1.80027 1
61 92 1 -1.79265 1
61 93 1 -0.153757 1
61 94 1 0.610208 1
61 95 1 0.533552 1
61 107 1 1.47176 1
61 113 1 -1.9015 1
107 77 1 -4.24882 0
107 113 1 2.13168 1
107 14 1 -1.18481 1
113 77 1 -2.9451 1
113 23 1 -0.47022 1
62 64 1 2.0432 1
62 65 1 0.148169 1
62 66 1 3.10281 1
62 67 1 -1.10104 1
62 68 1 2.10345 1
62 69 1 0.127806 1
62 70 1 1.28011 1
62 71 1 -2.49707 1
62 72 1 -0.615376 1
62 73 1 1.87369 1
62 74 1 1.29259 1
62 75 1 0.262512 1
62 76 1 1.28388 1
62 77 1 -1.11634 1
62 78 1 -2.95213 1
62 79 1 0.657668 1
62 80 1 -1.95032 1
62 81 1 -1.71569 1
62 82 1 -0.700274 1
62 83 1 1.17871 1
62 84 1 -0.796624 1
62 85 1 -0.08827 1
62 86 1 3.56801 1
62 87 1 -3.01212 1
62 88 1 0.324804 1
62 89 1 -2.02782 1
62 90 1 -5.61165 1
62 91 1 2.11146 1
62 92 1 -0.254695 1
62 93 1 2.0464 1
62 94 1 0.113991 1
62 95 1 0.1993 1
62 5 1 0.268573 1
63 64 1 2.12328 1
63 65 1 -0.436686 1
63 66 1 2.78962 1
63 67 1 0.682794 1
63 68 1 -1.73146 1
63 69 1 -2.97159 1
63 70 1 -0.75333 1
63 71 1 1.78888 1
63 72 1 -1.40297 1
63 73 1 -0.0393126 1
63 74 1 -2.681 1
63 75 1 0.603561 1
63 76 1 -0.902811 1
63 77 1 3.33685 1
63 78 1 0.81313 1
63 79 1 -0.58999 1
63 80 1 0.815773 1
63 81 1 0.104471 1
63 82 1 -0.899556 1
63 83 1 -1.14099 1
63 84 1 -3.9882 1
63 85 1 -2.68019 1
63 86 1 5.96017 1
63 87 1 -2.60178 1
63 88 1 0.926739 1
63 89 1 -0.0982192 1
63 90 1 3.98867 1
63 91 1 -1.39757 1
63 92 1 -0.158546 1
63 93 1 1.15329 1
63 94 1 -2.29066 1
63 95 1 -0.735161 1
