135 64 32
2.47957 0.413895 -4.53117 5.04122 -2.74122 1.29495 -0.0867007 -0.875127 1.12323 1.91629 1.98063 1.70042 -4.05054 -4.76931 -0.575523 -3.68536 0.91865 -0.362911 0.261012 -1.41535 -3.58015 -0.971096 -1.40527 0.544032 -2.69303 -0.168509 2.77451 1.76948 -1.03959 -1.60955 -3.44656 1.24437 -0.798861 3.65237 1.15514 0.250005 -2.03818 -0.125904 0.854706 -0.15231 -1.5966 -0.965193 2.37203 -2.2433 -2.89886 -0.221951 -1.52549 1.61669 -0.00153382 1.36587 2.73553 -2.71657 -1.96556 1.45801 0.245581 3.14747 -2.55529 -1.50271 0.656866 -1.31563 0.633164 0.41653 -0.948889 -3.90978 -3.57821 0.529719 1.86593 1.82007 -2.11459 0.233181 -2.60195 -1.22243 -1.55801 -1.89609 2.1666 0.848433 -1.76995 -0.903147 0.00192733 -3.71816 -0.0839417 0.671309 -1.38663 1.39714 1.10793 0.391635 -2.30807 -0.793068 2.25166 -1.23339 -2.05546 0.86073 -0.926286 0.499606 0.278138 -2.057 0.0401967 -0.199117 -0.307867 0.764728 2.47325 -0.704546 -3.76701 -2.3079 -0.828731 2.16281 -0.77619 -2.47848 -1.10736 0.787868 -1.02154 1.40125 1.9613 -3.27012 -0.726479 -0.41851 -1.78598 -0.776617 -0.757306 0.320935 0.455939 -0.00719039 -0.711998 1.4558 0.0291835 0.743386 0.233108 -0.0302865 0.0792213 -0.0292584 0.22999 -0.146015 0.657838 0.205612 0.226262 
0 64 1 -3.40397 1
0 65 1 -0.408303 1
0 66 1 0.419384 1
0 67 1 -0.796119 1
0 68 1 -0.146374 1
0 69 1 3.34756 1
0 70 1 -0.700585 1
0 71 1 -0.942737 1
0 72 1 0.102833 1
0 73 1 -0.439397 1
0 74 1 -3.11373 1
0 75 1 -0.146702 1
0 76 1 1.95288 1
0 77 1 0.557031 1
0 78 1 -2.18148 1
0 79 1 4.06531 1
0 80 1 1.14947 1
0 81 1 1.80497 1
0 82 1 2.24015 1
0 83 1 1.28187 1
0 84 1 -2.69757 1
0 85 1 1.47247 1
0 86 1 -1.07679 1
0 87 1 -1.48159 1
0 88 1 -0.0588987 1
0 89 1 0.505982 1
0 90 1 3.20274 1
0 91 1 4.25269 1
0 92 1 -2.2187 1
0 93 1 -1.65472 1
0 94 1 0.375658 1
0 95 1 0.131081 1
1 64 1 -1.76107 1
1 65 1 -0.202745 1
1 66 1 1.58 1
1 67 1 -1.98344 1
1 68 1 3.23465 1
1 69 1 2.56827 1
1 70 1 1.21885 1
1 71 1 -1.5016 1
1 72 1 0.286636 1
1 73 1 -0.176455 1
1 74 1 -4.32134 1
1 75 1 1.55091 1
1 76 1 0.757284 1
1 77 1 2.9817 1
1 78 1 -1.88904 1
1 79 1 0.696002 1
1 80 1 -1.52082 1
1 81 1 1.65164 1
1 82 1 1.1716 1
1 83 1 -4.66567 1
1 84 1 -0.0778724 1
1 85 1 0.251297 1
1 86 1 -0.183571 1
1 87 1 -0.759707 1
1 88 1 0.17336 1
1 89 1 1.27397 1
1 90 1 -0.962608 1
1 91 1 -1.69151 1
1 92 1 0.361203 1
1 93 1 0.591429 1
1 94 1 -2.28957 1
1 95 1 -3.85976 1
2 64 1 -0.753092 1
2 65 1 4.39344 1
2 66 1 -0.901358 1
2 67 1 -1.34928 1
2 68 1 -0.649351 1
2 69 1 2.72875 1
2 70 1 -0.702448 1
2 71 1 1.91489 1
2 72 1 -2.7297 1
2 73 1 -2.58232 1
2 74 1 -2.19849 1
2 75 1 -0.114715 1
2 76 1 -4.56561 1
2 77 1 0.663854 1
2 78 1 -3.14809 1
2 79 1 -2.86785 1
2 80 1 -0.854062 1
2 81 1 -4.57982 1
2 82 1 0.588338 1
2 83 1 -2.05221 1
2 84 1 -0.487046 1
2 85 1 2.84387 1
2 86 1 -1.06904 1
2 87 1 -1.73409 1
2 88 1 0.367296 1
2 89 1 -2.63539 1
2 90 1 -0.754138 1
2 91 1 -1.32853 1
2 92 1 1.07406 1
2 93 1 -3.94652 1
2 94 1 1.83082 1
2 95 1 -0.733423 1
2 100 1 -0.311517 1
2 6 1 4.5439 1
3 64 1 -0.911203 1
3 65 1 -0.842361 1
3 66 1 -0.498859 1
3 67 1 2.14258 1
3 68 1 2.25611 1
3 69 1 -2.96655 1
3 70 1 1.08525 1
3 71 1 1.53829 1
3 72 1 5.67024 1
3 73 1 -0.836733 1
3 74 1 0.605388 1
3 75 1 3.43472 1
3 76 1 0.523398 1
3 77 1 -1.22554 1
3 78 1 -0.68309 1
3 79 1 -0.72442 1
3 80 1 -0.504962 1
3 81 1 -0.208774 1
3 82 1 5.41334 1
3 83 1 -1.36671 1
3 84 1 -0.237128 1
3 85 1 -1.29194 1
3 86 1 0.891404 1
3 87 1 1.39094 1
3 88 1 0.710867 1
3 89 1 2.32849 1
3 90 1 0.808633 1
3 91 1 0.335197 1
3 92 1 -0.849826 1
3 93 1 -3.20634 1
3 94 1 -2.50481 1
3 95 1 -0.0562217 0
3 110 1 -0.359426 1
110 95 1 0.547012 0
110 111 1 1.42361 0
110 132 1 1.11538 1
132 111 1 1.5788 1
111 95 1 -1.3498 1
4 64 1 1.34963 1
4 65 1 -0.531079 1
4 66 1 -3.12821 1
4 67 1 0.87951 1
4 68 1 0.462024 1
4 69 1 2.25635 1
4 70 1 -0.0380362 1
4 71 1 -0.405461 1
4 72 1 2.34169 1
4 73 1 -2.50685 0
4 74 1 1.32793 1
4 75 1 -3.61314 0
4 76 1 1.69665 1
4 77 1 1.95909 1
4 78 1 1.93628 1
4 79 1 0.0506337 1
4 80 1 -3.28461 1
4 81 1 -1.28665 1
4 82 1 0.800326 1
4 83 1 -0.638753 1
4 84 1 0.502554 1
4 85 1 3.00762 1
4 86 1 0.100426 1
4 87 1 -1.58619 1
4 88 1 -0.968359 1
4 89 1 0.408049 1
4 90 1 1.39008 1
4 91 1 -4.80976 1
4 92 1 -0.427041 1
4 93 1 0.152908 1
4 94 1 -2.67799 1
4 95 1 2.26893 1
4 101 1 0.601661 1
4 17 1 0.766571 1
4 118 1 2.05236 1
118 73 1 -2.35475 1
101 75 1 1.05849 1
5 64 1 -1.26939 1
5 65 1 1.58355 1
5 66 1 -1.97686 1
5 67 1 2.30039 1
5 68 1 2.44346 1
5 69 1 0.997938 1
5 70 1 -1.2917 1
5 71 1 -1.10632 1
5 72 1 0.674747 1
5 73 1 -1.70699 1
5 74 1 -0.637247 1
5 75 1 2.43188 1
5 76 1 2.82711 1
5 77 1 0.492208 1
5 78 1 -1.31535 1
5 79 1 1.22234 1
5 80 1 3.543 1
5 81 1 -0.346957 1
5 82 1 -0.0905407 1
5 83 1 5.0057 1
5 84 1 0.698867 1
5 85 1 1.05425 1
5 86 1 -1.54168 1
5 87 1 -0.51779 1
5 88 1 -1.54283 1
5 89 1 -2.40468 1
5 90 1 -2.34396 1
5 91 1 1.45811 1
5 92 1 -2.35896 1
5 93 1 1.52854 1
5 94 1 -0.657771 1
5 95 1 0.214469 1
6 64 1 0.204739 1
6 65 1 -0.19752 1
6 66 1 2.49692 1
6 67 1 0.842486 1
6 68 1 -1.99291 1
6 69 1 -0.891002 1
6 70 1 -0.71496 1
6 71 1 -0.4389 1
6 72 1 1.86883 1
6 73 1 -2.25711 1
6 74 1 -1.69803 1
6 75 1 0.738975 1
6 76 1 4.4147 1
6 77 1 -0.287046 1
6 78 1 -0.385954 1
6 79 1 -4.05636 1
6 80 1 2.23916 1
6 81 1 0.116026 1
6 82 1 1.14006 1
6 83 1 1.43592 1
6 84 1 1.3036 1
6 85 1 -3.19182 1
6 86 1 -0.598637 1
6 87 1 3.22937 1
6 88 1 -1.7173 1
6 89 1 -2.69913 1
6 90 1 1.2755 1
6 91 1 -0.91908 1
6 92 1 2.6374 1
6 93 1 -0.0683855 1
6 94 1 -2.53094 1
6 95 1 1.02119 1
6 26 1 0.830783 1
7 64 1 0.50325 1
7 65 1 0.404457 1
7 66 1 -0.6855 1
7 67 1 -2.54854 1
7 68 1 -2.07118 1
7 69 1 -1.21663 1
7 70 1 2.64673 1
7 71 1 1.65594 1
7 72 1 2.35918 1
7 73 1 1.20601 1
7 74 1 -0.956005 1
7 75 1 -1.66458 1
7 76 1 2.27235 1
7 77 1 -0.867263 1
7 78 1 3.21525 1
7 79 1 2.51904 1
7 80 1 -1.37982 1
7 81 1 0.505747 1
7 82 1 -4.57536 0
7 83 1 2.71256 0
7 84 1 -2.4411 1
7 85 1 2.61427 1
7 86 1 0.487001 1
7 87 1 1.5768 1
7 88 1 -2.85888 1
7 89 1 -1.84294 1
7 90 1 -0.446578 1
7 91 1 -2.15469 1
7 92 1 0.115191 1
7 93 1 -1.54831 1
7 94 1 1.81715 1
7 95 1 3.97975 1
7 100 1 -0.633206 1
7 127 1 0.656402 1
127 82 1 -4.94504 1
100 83 1 -0.512867 1
100 24 1 -1.00099 0
100 106 1 3.5273 1
106 24 1 -5.51983 1
106 6 1 0.389255 1
8 64 1 3.29661 1
8 65 1 -1.36423 1
8 66 1 -1.03599 1
8 67 1 0.760002 1
8 68 1 0.695797 1
8 69 1 2.58174 1
8 70 1 -0.847459 1
8 71 1 1.92329 1
8 72 1 2.59546 1
8 73 1 0.182102 1
8 74 1 -1.53013 1
8 75 1 -3.52441 1
8 76 1 -1.63002 1
8 77 1 1.6308 1
8 78 1 -1.7744 1
8 79 1 0.0172253 1
8 80 1 -0.494179 1
8 81 1 -0.718531 1
8 82 1 -0.0532035 1
8 83 1 -2.20203 1
8 84 1 3.91741 1
8 85 1 6.05177 1
8 86 1 3.85014 1
8 87 1 0.653922 1
8 88 1 -0.505299 1
8 89 1 3.63297 1
8 90 1 0.990745 1
8 91 1 0.992735 1
8 92 1 2.03915 1
8 93 1 3.57269 1
8 94 1 6.38567 1
8 95 1 0.825687 1
9 64 1 -1.18265 1
9 65 1 -2.19132 1
9 66 1 0.458679 1
9 67 1 1.5382 1
9 68 1 -0.195954 1
9 69 1 -0.696233 1
9 70 1 -3.39856 1
9 71 1 0.98237 1
9 72 1 2.40721 1
9 73 1 -3.28125 1
9 74 1 1.07054 1
9 75 1 -1.15376 1
9 76 1 1.88384 1
9 77 1 -1.57215 1
9 78 1 2.28973 1
9 79 1 1.56519 1
9 80 1 0.938032 1
9 81 1 -1.15068 1
9 82 1 -0.503949 1
9 83 1 -0.373428 1
9 84 1 3.65626 1
9 85 1 3.71586 1
9 86 1 -1.27961 1
9 87 1 1.6969 1
9 88 1 0.473615 1
9 89 1 5.40831 1
9 90 1 -0.535025 1
9 91 1 -1.58177 1
9 92 1 -1.13682 1
9 93 1 -3.27693 1
9 94 1 -3.13811 1
9 95 1 -0.489886 1
9 103 1 -0.665258 1
10 64 1 2.24099 1
10 65 1 0.6656 1
10 66 1 3.6237 1
10 67 1 -3.68725 1
10 68 1 4.2656 1
10 69 1 -1.30699 1
10 70 1 -1.12828 1
10 71 1 -0.775975 1
10 72 1 2.47155 1
10 73 1 3.12131 1
10 74 1 0.285231 0
10 75 1 0.383944 1
10 76 1 0.569269 1
10 77 1 0.671928 1
10 78 1 -1.19449 1
10 79 1 -2.74044 1
10 80 1 -0.145361 1
10 81 1 1.9638 1
10 82 1 2.96442 1
10 83 1 0.990589 1
10 84 1 2.13452 1
10 85 1 3.16859 1
10 86 1 -0.711077 1
10 87 1 1.27558 1
10 88 1 1.26847 1
10 89 1 -0.611612 1
10 90 1 0.0325922 1
10 91 1 1.36469 1
10 92 1 1.70647 1
10 93 1 -2.45811 1
10 94 1 4.09336 1
10 95 1 3.63458 1
10 124 1 1.50491 1
124 74 1 -0.134204 1
11 64 1 5.30569 1
11 65 1 0.820451 1
11 66 1 3.11591 1
11 67 1 -1.5035 1
11 68 1 5.86355 1
11 69 1 0.201757 1
11 70 1 1.61031 1
11 71 1 1.79871 1
11 72 1 -2.03947 1
11 73 1 1.43347 1
11 74 1 -1.26078 0
11 75 1 -1.81992 1
11 76 1 -1.71744 1
11 77 1 -0.773714 1
11 78 1 -2.30542 1
11 79 1 -0.932966 1
11 80 1 -1.01764 1
11 81 1 0.0455116 1
11 82 1 4.11521 1
11 83 1 0.509326 1
11 84 1 3.40407 1
11 85 1 -1.5555 1
11 86 1 -3.46607 1
11 87 1 0.181303 1
11 88 1 -1.84526 1
11 89 1 -1.91045 1
11 90 1 -0.26036 1
11 91 1 1.01488 1
11 92 1 -3.29465 1
11 93 1 3.43644 1
11 94 1 0.401777 1
11 95 1 -2.32247 1
11 120 1 -0.800709 1
120 74 1 -1.68487 1
12 64 1 -0.842725 1
12 65 1 1.15265 1
12 66 1 -1.76209 1
12 67 1 -2.50918 1
12 68 1 0.000872402 1
12 69 1 1.12952 1
12 70 1 0.0595913 1
12 71 1 1.93038 1
12 72 1 1.13105 1
12 73 1 -2.07751 1
12 74 1 -2.8896 1
12 75 1 -2.77035 1
12 76 1 1.04771 1
12 77 1 2.05102 1
12 78 1 -1.05482 1
12 79 1 -1.46682 1
12 80 1 -0.49177 1
12 81 1 -1.39427 1
12 82 1 2.13717 1
12 83 1 -1.76865 1
12 84 1 -1.43539 1
12 85 1 1.59378 1
12 86 1 0.145073 1
12 87 1 1.82598 1
12 88 1 -1.38619 1
12 89 1 1.99836 1
12 90 1 -1.38706 1
12 91 1 -2.6486 1
12 92 1 -0.0965712 1
12 93 1 -2.30866 1
12 94 1 -0.172789 1
12 95 1 0.237878 1
12 17 1 0.073508 1
13 64 1 -0.596123 1
13 65 1 -4.27591 1
13 66 1 0.903306 1
13 67 1 2.87015 1
13 68 1 2.09632 1
13 69 1 -2.29243 1
13 70 1 1.3696 1
13 71 1 2.13953 1
13 72 1 0.211886 1
13 73 1 -3.61439 1
13 74 1 -1.22888 1
13 75 1 -2.2944 1
13 76 1 -1.65061 1
13 77 1 -1.72051 1
13 78 1 0.580652 1
13 79 1 1.52249 1
13 80 1 1.5899 1
13 81 1 0.126928 1
13 82 1 0.801192 1
13 83 1 0.526425 1
13 84 1 -1.38479 1
13 85 1 3.30238 1
13 86 1 4.34491 1
13 87 1 5.16364 1
13 88 1 2.76939 1
13 89 1 0.478786 1
13 90 1 -5.05233 1
13 91 1 -4.00891 1
13 92 1 -2.14928 1
13 93 1 -3.54466 1
13 94 1 -1.28245 1
13 95 1 -2.04231 1
14 64 1 -2.67612 1
14 65 1 3.93335 1
14 66 1 1.71871 1
14 67 1 -3.441 1
14 68 1 -2.75286 1
14 69 1 3.71196 1
14 70 1 -2.67214 1
14 71 1 3.63676 1
14 72 1 1.38047 1
14 73 1 -0.68975 1
14 74 1 2.49927 1
14 75 1 2.65498 1
14 76 1 -0.190815 1
14 77 1 0.575541 1
14 78 1 -1.66971 1
14 79 1 -0.145659 1
14 80 1 -1.43722 1
14 81 1 2.19096 0
14 82 1 3.29485 1
14 83 1 -1.08416 1
14 84 1 -0.447131 1
14 85 1 -0.477833 1
14 86 1 2.0164 1
14 87 1 -1.28393 1
14 88 1 -1.45808 1
14 89 1 -0.80025 1
14 90 1 0.0684163 1
14 91 1 3.01457 1
14 92 1 0.665092 1
14 93 1 1.89902 1
14 94 1 3.31212 1
14 95 1 -3.17072 1
14 104 1 -0.966775 1
14 119 1 -0.261059 1
119 81 1 5.06566 1
15 64 1 0.0887494 1
15 65 1 1.16108 1
15 66 1 -2.45024 1
15 67 1 0.563904 1
15 68 1 0.703038 1
15 69 1 -0.340865 1
15 70 1 5.42469 1
15 71 1 -1.68475 1
15 72 1 -1.80992 1
15 73 1 -1.18833 1
15 74 1 -0.00962785 1
15 75 1 -1.9539 1
15 76 1 0.210362 1
15 77 1 1.78464 1
15 78 1 -3.273 1
15 79 1 -0.93555 1
15 80 1 1.81686 1
15 81 1 3.11786 1
15 82 1 -3.98364 1
15 83 1 -0.525582 1
15 84 1 1.56623 1
15 85 1 -2.26592 1
15 86 1 1.43221 1
15 87 1 -3.33433 1
15 88 1 1.46476 1
15 89 1 1.21738 1
15 90 1 1.00788 1
15 91 1 -2.61694 1
15 92 1 -1.33902 1
15 93 1 0.72129 1
15 94 1 2.34048 1
15 95 1 1.65733 1
16 64 1 0.933303 1
16 65 1 -1.12347 1
16 66 1 -3.95097 1
16 67 1 -2.43195 1
16 68 1 3.40925 1
16 69 1 0.0375512 1
16 70 1 2.70946 1
16 71 1 1.52301 1
16 72 1 -0.607283 1
16 73 1 -1.49396 1
16 74 1 1.25794 1
16 75 1 0.643389 1
16 76 1 -0.0434207 1
16 77 1 0.665697 1
16 78 1 -1.37545 1
16 79 1 -0.854876 1
16 80 1 -1.34188 1
16 81 1 1.14131 1
16 82 1 -0.329821 1
16 83 1 -0.532303 1
16 84 1 -0.79332 1
16 85 1 -0.33861 1
16 86 1 -2.41438 1
16 87 1 -2.09056 1
16 88 1 0.825187 1
16 89 1 0.529384 1
16 90 1 0.244679 1
16 91 1 2.88159 1
16 92 1 4.11256 1
16 93 1 -0.598699 1
16 94 1 -1.52224 1
16 95 1 -3.54447 1
17 64 1 -4.06668 1
17 65 1 -2.3458 1
17 66 1 -0.746864 1
17 67 1 4.36537 1
17 68 1 -0.811391 1
17 69 1 -0.9991 1
17 70 1 0.816644 1
17 71 1 2.97168 1
17 72 1 -6.07144 1
17 73 1 1.95623 1
17 74 1 1.12906 1
17 75 1 1.7132 1
17 76 1 -3.08287 1
17 77 1 1.14071 1
17 78 1 1.17254 1
17 79 1 -3.94051 1
17 80 1 3.03181 1
17 81 1 3.57465 1
17 82 1 0.319998 1
17 83 1 -1.70997 1
17 84 1 -3.66391 1
17 85 1 2.39107 1
17 86 1 2.48744 1
17 87 1 -0.656726 1
17 88 1 -4.04386 1
17 89 1 -0.701014 1
17 90 1 -3.07843 1
17 91 1 3.64309 1
17 92 1 0.3017 1
17 93 1 1.5546 1
17 94 1 3.2032 1
17 95 1 -0.805763 1
18 64 1 0.852594 1
18 65 1 0.774216 1
18 66 1 2.80466 1
18 67 1 -0.590442 1
18 68 1 -0.201772 1
18 69 1 1.13064 1
18 70 1 1.65582 1
18 71 1 -0.302733 1
18 72 1 2.65392 1
18 73 1 -1.76179 1
18 74 1 1.14615 1
18 75 1 -0.594046 1
18 76 1 1.399 1
18 77 1 1.56586 1
18 78 1 1.59384 1
18 79 1 1.30684 1
18 80 1 -1.41419 1
18 81 1 2.66253 1
18 82 1 -2.17184 1
18 83 1 2.23914 1
18 84 1 -1.47563 1
18 85 1 0.072534 1
18 86 1 3.48074 1
18 87 1 -1.25415 1
18 88 1 0.0869562 1
18 89 1 -0.597997 1
18 90 1 -0.330686 1
18 91 1 1.93506 1
18 92 1 -0.982674 1
18 93 1 0.938993 1
18 94 1 0.054492 1
18 95 1 -0.119629 1
18 25 1 -0.75411 1
18 18 1 -0.073522 1
19 64 1 1.37161 1
19 65 1 -2.17066 1
19 66 1 2.62952 1
19 67 1 -1.50795 1
19 68 1 -3.3255 1
19 69 1 0.377725 1
19 70 1 -1.64405 1
19 71 1 -0.153007 1
19 72 1 2.42872 1
19 73 1 0.509243 1
19 74 1 0.0712181 1
19 75 1 1.1418 1
19 76 1 -1.22555 1
19 77 1 0.972797 1
19 78 1 -2.82359 1
19 79 1 2.28878 1
19 80 1 0.492391 1
19 81 1 -3.27474 1
19 82 1 0.906041 1
19 83 1 -2.62685 1
19 84 1 -0.334391 1
19 85 1 0.191189 1
19 86 1 1.45846 1
19 87 1 1.79738 1
19 88 1 1.332 1
19 89 1 4.43868 1
19 90 1 -0.804803 1
19 91 1 0.791354 1
19 92 1 0.399071 1
19 93 1 -2.99277 1
19 94 1 -1.87486 1
19 95 1 -5.26251 1
20 64 1 3.47967 1
20 65 1 0.0673558 1
20 66 1 -0.955474 1
20 67 1 1.55774 1
20 68 1 0.585712 1
20 69 1 -1.26855 1
20 70 1 -3.27508 1
20 71 1 1.15209 1
20 72 1 -0.0419375 1
20 73 1 1.06183 1
20 74 1 1.3545 1
20 75 1 2.90715 1
20 76 1 1.10656 1
20 77 1 -1.40618 1
20 78 1 1.77572 1
20 79 1 1.974 1
20 80 1 -1.30259 1
20 81 1 -0.268837 1
20 82 1 2.886 1
20 83 1 1.87094 1
20 84 1 0.550116 1
20 85 1 -1.25677 1
20 86 1 0.961135 1
20 87 1 -2.64198 1
20 88 1 2.10951 1
20 89 1 2.24488 1
20 90 1 1.62137 1
20 91 1 1.00208 0
20 92 1 -0.462163 1
20 93 1 0.188537 0
20 94 1 2.2581 0
20 95 1 -0.597175 1
20 96 1 -3.2822 1
20 98 1 0.675694 1
20 103 1 0.776138 1
103 91 1 0.438549 0
103 105 1 0.958084 1
103 112 1 0.166875 1
103 123 1 1.11545 1
123 91 1 1.16918 1
123 113 1 0.135705 1
105 91 1 1.45092 0
105 129 1 0.327938 1
129 91 1 0.900272 1
98 93 1 1.08634 1
98 99 1 2.99087 1
96 94 1 0.670163 1
96 20 1 -1.48482 1
21 64 1 0.268589 1
21 65 1 3.5938 1
21 66 1 -3.3092 1
21 67 1 -4.35874 1
21 68 1 -2.42029 1
21 69 1 3.39071 1
21 70 1 -0.797365 1
21 71 1 -2.70259 1
21 72 1 -5.95568 1
21 73 1 -0.138335 1
21 74 1 -0.914188 1
21 75 1 -0.689117 1
21 76 1 -0.728677 1
21 77 1 0.134352 1
21 78 1 -3.70179 1
21 79 1 -1.3116 1
21 80 1 1.44892 1
21 81 1 -0.960181 1
21 82 1 -0.202247 1
21 83 1 0.933128 1
21 84 1 3.69202 1
21 85 1 -1.82013 1
21 86 1 1.06733 1
21 87 1 -1.17799 1
21 88 1 1.6069 1
21 89 1 1.95238 1
21 90 1 -0.422245 1
21 91 1 -1.87259 1
21 92 1 1.36238 1
21 93 1 0.968617 1
21 94 1 -1.34078 1
21 95 1 -0.305471 1
22 64 1 1.05817 1
22 65 1 0.511393 1
22 66 1 1.35918 1
22 67 1 4.5718 1
22 68 1 -0.0753206 1
22 69 1 -2.37248 1
22 70 1 -1.64496 1
22 71 1 0.519459 1
22 72 1 -2.05573 1
22 73 1 -0.276703 1
22 74 1 -1.04971 1
22 75 1 -1.06395 1
22 76 1 1.30417 1
22 77 1 1.30872 1
22 78 1 2.3842 1
22 79 1 2.56909 1
22 80 1 -1.59379 1
22 81 1 -2.12636 1
22 82 1 0.0274499 1
22 83 1 0.0220616 1
22 84 1 -0.175705 1
22 85 1 -0.225527 1
22 86 1 0.429515 1
22 87 1 3.61957 1
22 88 1 -3.51722 1
22 89 1 -1.85229 1
22 90 1 1.26741 1
22 91 1 0.928994 1
22 92 1 -0.593261 1
22 93 1 -0.598205 1
22 94 1 3.37302 1
22 95 1 3.18651 1
23 64 1 -1.1051 1
23 65 1 1.67083 1
23 66 1 0.595206 1
23 67 1 1.66753 1
23 68 1 -3.85547 1
23 69 1 1.22881 1
23 70 1 2.91976 1
23 71 1 -4.71008 1
23 72 1 0.0968267 1
23 73 1 0.27434 1
23 74 1 2.40492 1
23 75 1 -0.869738 1
23 76 1 0.878774 1
23 77 1 3.50453 1
23 78 1 0.494837 1
23 79 1 -5.24635 1
23 80 1 1.52445 1
23 81 1 -0.165882 1
23 82 1 -1.21503 1
23 83 1 0.058275 1
23 84 1 2.55139 1
23 85 1 -0.137536 1
23 86 1 -6.96702 1
23 87 1 1.11745 1
23 88 1 2.23349 1
23 89 1 -0.27745 1
23 90 1 -2.34453 1
23 91 1 -0.265471 1
23 92 1 -1.03581 1
23 93 1 2.6209 1
23 94 1 -2.16921 1
23 95 1 -0.807084 1
23 107 1 1.14921 1
23 27 1 -0.00643147 1
24 64 1 -3.0127 1
24 65 1 3.10091 1
24 66 1 -0.583117 1
24 67 1 3.60723 1
24 68 1 -3.63643 1
24 69 1 1.62593 1
24 70 1 -0.263056 1
24 71 1 4.14284 1
24 72 1 0.538859 1
24 73 1 0.493686 1
24 74 1 0.566259 1
24 75 1 -0.451975 1
24 76 1 1.58441 1
24 77 1 -1.40215 1
24 78 1 -2.65332 1
24 79 1 -0.0880683 1
24 80 1 0.621564 1
24 81 1 1.37611 1
24 82 1 2.26939 1
24 83 1 -2.5704 1
24 84 1 -1.94455 1
24 85 1 -2.21878 1
24 86 1 -3.59506 1
24 87 1 2.70266 1
24 88 1 -2.2228 1
24 89 1 5.78507 1
24 90 1 3.91964 1
24 91 1 -3.57129 1
24 92 1 0.358154 1
24 93 1 0.495845 1
24 94 1 0.487594 1
24 95 1 3.02033 1
24 5 1 1.66048 1
25 64 1 -0.463476 1
25 65 1 1.93774 1
25 66 1 0.263562 1
25 67 1 0.608051 1
25 68 1 4.37836 1
25 69 1 -4.00665 1
25 70 1 3.82148 0
25 71 1 -4.59005 1
25 72 1 0.191137 1
25 73 1 -0.206451 1
25 74 1 0.730661 1
25 75 1 -0.458581 1
25 76 1 0.365398 1
25 77 1 -0.0727665 1
25 78 1 2.36226 1
25 79 1 -1.61077 1
25 80 1 1.10051 1
25 81 1 -2.99114 1
25 82 1 -1.88548 1
25 83 1 2.01999 1
25 84 1 -3.46351 1
25 85 1 -2.3297 1
25 86 1 0.76655 1
25 87 1 0.187035 1
25 88 1 -0.452789 1
25 89 1 3.11808 1
25 90 1 -3.87882 1
25 91 1 0.468459 1
25 92 1 -0.990682 1
25 93 1 -0.186288 1
25 94 1 -0.498646 1
25 95 1 -4.68098 1
25 8 1 0.332275 1
25 6 1 -1.96208 1
25 121 1 -0.244837 1
121 70 1 5.07631 1
26 64 1 -2.76681 1
26 65 1 1.25428 1
26 66 1 1.15049 1
26 67 1 0.791792 1
26 68 1 1.15215 1
26 69 1 1.3257 1
26 70 1 -3.26938 1
26 71 1 1.53092 1
26 72 1 -1.57928 1
26 73 1 0.391941 1
26 74 1 -1.90346 1
26 75 1 2.10673 1
26 76 1 -0.118239 1
26 77 1 -2.82544 1
26 78 1 1.91551 1
26 79 1 -1.8682 1
26 80 1 1.47752 1
26 81 1 4.40089 1
26 82 1 -0.612806 1
26 83 1 1.95244 1
26 84 1 -1.43856 1
26 85 1 0.0955128 1
26 86 1 -2.05108 1
26 87 1 0.789082 1
26 88 1 -1.61553 1
26 89 1 0.106297 1
26 90 1 -2.50618 1
26 91 1 -3.37168 1
26 92 1 -0.911298 1
26 93 1 -1.32854 1
26 94 1 1.93575 1
26 95 1 -1.26087 1
26 23 1 2.29314 1
26 15 1 0.809268 1
27 64 1 -4.55653 1
27 65 1 3.46214 1
27 66 1 3.34784 1
27 67 1 -0.0805563 1
27 68 1 0.476008 1
27 69 1 1.13788 1
27 70 1 3.58521 1
27 71 1 -5.32371 1
27 72 1 -0.563979 1
27 73 1 2.4905 1
27 74 1 -1.61228 1
27 75 1 1.26183 1
27 76 1 -0.0314715 1
27 77 1 -2.72982 1
27 78 1 1.75754 1
27 79 1 0.52574 1
27 80 1 -1.18318 1
27 81 1 -1.08125 1
27 82 1 -1.51249 1
27 83 1 -1.5059 1
27 84 1 0.248751 1
27 85 1 0.897727 1
27 86 1 -2.42505 1
27 87 1 1.43 1
27 88 1 -2.6296 1
27 89 1 -3.75858 1
27 90 1 1.39903 1
27 91 1 -0.0901869 1
27 92 1 -1.10651 1
27 93 1 -1.66007 1
27 94 1 0.793185 1
27 95 1 -0.749918 1
27 9 1 1.9564 1
27 5 1 -0.188107 1
28 64 1 1.14438 1
28 65 1 -0.785839 1
28 66 1 -0.442545 1
28 67 1 2.22678 1
28 68 1 1.32036 1
28 69 1 3.25309 1
28 70 1 -2.20016 1
28 71 1 0.106065 1
28 72 1 -2.93286 1
28 73 1 1.13863 1
28 74 1 0.868463 1
28 75 1 -1.13146 1
28 76 1 0.230776 1
28 77 1 -0.995719 1
28 78 1 -2.00068 1
28 79 1 0.524986 1
28 80 1 2.43598 1
28 81 1 -0.779069 1
28 82 1 1.51415 1
28 83 1 2.62871 1
28 84 1 0.345272 1
28 85 1 -5.06274 1
28 86 1 -1.97459 1
28 87 1 -2.6463 1
28 88 1 -4.16235 1
28 89 1 0.276705 1
28 90 1 -3.76395 1
28 91 1 -0.0885747 1
28 92 1 1.46156 1
28 93 1 -1.90626 1
28 94 1 3.62933 1
28 95 1 -2.30944 1
29 64 1 -0.307179 1
29 65 1 -1.52946 1
29 66 1 1.69485 1
29 67 1 1.44282 1
29 68 1 -2.4922 1
29 69 1 1.74543 1
29 70 1 0.570863 1
29 71 1 -1.25818 1
29 72 1 1.25851 1
29 73 1 -2.13636 1
29 74 1 0.136892 1
29 75 1 -0.0259339 1
29 76 1 -0.337116 1
29 77 1 0.835133 1
29 78 1 -6.19631 1
29 79 1 -1.77109 1
29 80 1 0.725558 1
29 81 1 2.72733 1
29 82 1 -0.936725 1
29 83 1 -1.87143 1
29 84 1 1.08174 1
29 85 1 -0.439308 1
29 86 1 -0.434176 1
29 87 1 -5.19053 1
29 88 1 -0.792508 1
29 89 1 -0.782419 1
29 90 1 -1.29704 1
29 91 1 1.61002 1
29 92 1 1.09638 1
29 93 1 1.60271 1
29 94 1 -0.873788 1
29 95 1 -0.217985 1
30 64 1 -0.60208 1
30 65 1 1.63016 1
30 66 1 0.190815 1
30 67 1 -0.7155 1
30 68 1 1.24267 1
30 69 1 1.73631 1
30 70 1 0.342218 1
30 71 1 -0.0787143 1
30 72 1 -0.258324 1
30 73 1 4.78106 1
30 74 1 1.26465 1
30 75 1 2.45729 1
30 76 1 0.843774 1
30 77 1 0.348032 1
30 78 1 2.07065 1
30 79 1 2.60088 1
30 80 1 0.219337 1
30 81 1 -2.32317 1
30 82 1 1.31168 1
30 83 1 3.17455 1
30 84 1 1.13313 1
30 85 1 -1.86502 1
30 86 1 -2.28489 1
30 87 1 -4.09066 1
30 88 1 0.496618 1
30 89 1 -1.01 1
30 90 1 1.94799 1
30 91 1 3.64819 1
30 92 1 0.418176 1
30 93 1 1.45089 1
30 94 1 1.39495 1
30 95 1 -0.802059 1
31 64 1 1.27365 1
31 65 1 0.772945 1
31 66 1 -1.8345 1
31 67 1 4.93425 1
31 68 1 2.94517 1
31 69 1 2.81727 1
31 70 1 -2.13797 1
31 71 1 0.251539 1
31 72 1 -2.33145 1
31 73 1 -1.79482 1
31 74 1 -0.348699 1
31 75 1 -1.82806 1
31 76 1 0.738413 1
31 77 1 0.390469 1
31 78 1 -3.40084 1
31 79 1 1.16449 1
31 80 1 -2.92851 1
31 81 1 -0.431078 1
31 82 1 1.29906 1
31 83 1 -0.846966 1
31 84 1 -1.84156 1
31 85 1 -1.87622 1
31 86 1 0.820276 1
31 87 1 0.407779 0
31 88 1 1.74614 1
31 89 1 -1.6527 1
31 90 1 1.39909 1
31 91 1 -0.0436319 1
31 92 1 -1.3011 1
31 93 1 2.10839 1
31 94 1 -0.452946 1
31 95 1 -0.286898 1
31 122 1 1.79182 1
122 87 1 0.893041 1
32 64 1 5.59164 1
32 65 1 2.4252 1
32 66 1 -2.13987 1
32 67 1 2.73825 1
32 68 1 -0.758015 1
32 69 1 2.64572 1
32 70 1 -0.248026 1
32 71 1 1.36392 1
32 72 1 -4.66539 1
32 73 1 1.02605 1
32 74 1 -1.56779 1
32 75 1 2.22348 1
32 76 1 -1.34988 1
32 77 1 1.29031 1
32 78 1 0.53382 1
32 79 1 2.09378 1
32 80 1 0.93011 1
32 81 1 -1.50705 1
32 82 1 -1.27011 1
32 83 1 -1.08084 1
32 84 1 1.45616 1
32 85 1 -3.48158 1
32 86 1 -0.957955 1
32 87 1 -0.150248 1
32 88 1 -2.20078 1
32 89 1 -2.19281 1
32 90 1 0.29351 1
32 91 1 -2.31874 1
32 92 1 2.72055 1
32 93 1 -1.7299 1
32 94 1 -0.680465 1
32 95 1 -2.06766 1
33 64 1 0.866666 1
33 65 1 -4.80389 1
33 66 1 0.113509 1
33 67 1 -1.6777 1
33 68 1 -0.0683218 1
33 69 1 -0.409392 1
33 70 1 3.20041 1
33 71 1 2.15748 1
33 72 1 -0.429571 1
33 73 1 2.47995 1
33 74 1 0.874024 1
33 75 1 -3.76539 1
33 76 1 0.309564 1
33 77 1 3.41889 1
33 78 1 -2.45249 1
33 79 1 -0.324839 1
33 80 1 4.18097 1
33 81 1 -1.15102 1
33 82 1 -1.14974 1
33 83 1 1.32277 1
33 84 1 1.4648 1
33 85 1 1.24406 1
33 86 1 0.00937994 1
33 87 1 1.17761 1
33 88 1 2.83852 1
33 89 1 2.66578 1
33 90 1 -2.93839 1
33 91 1 1.56951 1
33 92 1 3.02701 1
33 93 1 2.73658 1
33 94 1 0.155456 1
33 95 1 -0.112578 1
33 20 1 -1.67162 1
33 107 1 -0.0250467 1
34 64 1 -0.258751 1
34 65 1 -0.20584 1
34 66 1 1.427 1
34 67 1 1.90251 1
34 68 1 1.72124 1
34 69 1 -0.837824 1
34 70 1 0.346252 1
34 71 1 0.022094 1
34 72 1 -0.243558 1
34 73 1 -0.587799 1
34 74 1 2.67887 1
34 75 1 3.78692 1
34 76 1 -2.47522 1
34 77 1 1.15913 1
34 78 1 -0.89672 1
34 79 1 1.12063 1
34 80 1 1.87002 1
34 81 1 -1.04699 1
34 82 1 -0.0399529 1
34 83 1 1.86166 1
34 84 1 0.398862 1
34 85 1 -0.310573 1
34 86 1 -0.369979 1
34 87 1 -0.0289152 1
34 88 1 1.04015 1
34 89 1 -1.44458 1
34 90 1 -4.07975 1
34 91 1 1.74506 1
34 92 1 -1.09224 1
34 93 1 -1.46955 1
34 94 1 2.55711 1
34 95 1 0.649088 1
35 64 1 -0.741895 1
35 65 1 -0.415191 1
35 66 1 0.158007 1
35 67 1 1.11537 1
35 68 1 0.67938 1
35 69 1 3.61386 1
35 70 1 0.739426 1
35 71 1 1.43447 1
35 72 1 1.95883 1
35 73 1 3.35538 1
35 74 1 3.15462 1
35 75 1 -0.578448 1
35 76 1 -2.0071 1
35 77 1 2.03994 1
35 78 1 -1.82747 1
35 79 1 -1.7747 1
35 80 1 -6.67253 1
35 81 1 0.117396 1
35 82 1 2.19594 0
35 83 1 1.02616 1
35 84 1 2.3969 1
35 85 1 -4.10697 1
35 86 1 -1.4396 1
35 87 1 -0.467667 1
35 88 1 0.00583251 1
35 89 1 1.22673 0
35 90 1 -1.76734 1
35 91 1 -0.740464 1
35 92 1 -1.93712 1
35 93 1 1.69443 1
35 94 1 -1.77153 1
35 95 1 0.479772 1
35 130 1 1.50554 1
35 133 1 0.803311 1
133 82 1 1.84883 1
130 89 1 0.932637 1
36 64 1 0.159595 1
36 65 1 -0.644928 1
36 66 1 -0.924308 1
36 67 1 1.11029 1
36 68 1 -1.60285 1
36 69 1 -0.418835 1
36 70 1 0.144246 1
36 71 1 1.79822 1
36 72 1 -0.702424 1
36 73 1 0.543832 1
36 74 1 1.81924 1
36 75 1 -0.930086 1
36 76 1 1.32085 1
36 77 1 -3.41578 1
36 78 1 1.05909 1
36 79 1 2.74351 1
36 80 1 -0.15751 1
36 81 1 0.67987 1
36 82 1 -1.85736 0
36 83 1 0.590236 1
36 84 1 0.491706 1
36 85 1 -3.0931 1
36 86 1 -0.112052 1
36 87 1 -1.27792 1
36 88 1 1.26047 1
36 89 1 0.845203 1
36 90 1 -2.68492 1
36 91 1 0.398655 1
36 92 1 2.92352 1
36 93 1 0.289701 1
36 94 1 -2.72909 1
36 95 1 3.9918 1
36 109 1 1.27267 0
36 24 1 -1.28919 1
36 117 1 -0.896588 1
117 109 1 1.36367 1
109 82 1 1.30806 1
109 31 1 -1.58282 1
37 64 1 -3.47127 1
37 65 1 -0.0368998 1
37 66 1 -2.07446 1
37 67 1 -1.70099 1
37 68 1 -5.3031 1
37 69 1 0.747378 1
37 70 1 -2.63006 1
37 71 1 -0.640941 1
37 72 1 1.66024 1
37 73 1 -0.638601 1
37 74 1 0.0378017 1
37 75 1 -0.226817 1
37 76 1 2.06352 1
37 77 1 -0.276621 1
37 78 1 -2.03714 1
37 79 1 -1.02064 1
37 80 1 2.42728 1
37 81 1 -0.088645 1
37 82 1 4.41019 1
37 83 1 -1.09259 1
37 84 1 -2.20557 1
37 85 1 1.71938 1
37 86 1 -1.92888 1
37 87 1 -1.13662 1
37 88 1 -4.12371 1
37 89 1 -0.37596 1
37 90 1 0.0726234 1
37 91 1 0.358124 1
37 92 1 3.80947 1
37 93 1 -0.0239871 1
37 94 1 -1.96835 1
37 95 1 0.49901 1
38 64 1 0.680072 1
38 65 1 -2.95621 1
38 66 1 -0.822862 1
38 67 1 -0.141931 1
38 68 1 0.0401732 1
38 69 1 -1.37509 1
38 70 1 1.69063 1
38 71 1 -1.04263 1
38 72 1 -2.01672 1
38 73 1 1.34482 1
38 74 1 -0.357283 1
38 75 1 0.464854 1
38 76 1 1.5757 1
38 77 1 -1.14626 1
38 78 1 -0.618829 1
38 79 1 -1.09526 1
38 80 1 -3.90792 1
38 81 1 0.341727 1
38 82 1 0.641191 1
38 83 1 -1.01962 1
38 84 1 -3.02683 1
38 85 1 -1.86673 1
38 86 1 -0.1682 1
38 87 1 -0.0253722 1
38 88 1 1.53489 1
38 89 1 4.03143 1
38 90 1 -1.17351 1
38 91 1 3.32649 1
38 92 1 1.06814 1
38 93 1 1.83401 1
38 94 1 -0.635743 1
38 95 1 -3.62403 1
39 64 1 0.717179 1
39 65 1 -3.36381 1
39 66 1 1.4246 1
39 67 1 -0.394056 1
39 68 1 -0.135098 1
39 69 1 -0.408898 1
39 70 1 0.32261 1
39 71 1 1.56849 1
39 72 1 -1.61717 1
39 73 1 -1.75585 1
39 74 1 2.09548 1
39 75 1 2.53854 0
39 76 1 1.49702 1
39 77 1 -1.40283 1
39 78 1 -1.18329 1
39 79 1 -2.0063 1
39 80 1 0.178721 1
39 81 1 -1.90023 1
39 82 1 1.25098 1
39 83 1 0.496921 1
39 84 1 -0.640864 1
39 85 1 0.43037 1
39 86 1 2.02883 1
39 87 1 0.922284 1
39 88 1 -2.57535 1
39 89 1 -0.0669092 1
39 90 1 3.20531 1
39 91 1 -3.73597 1
39 92 1 4.54572 1
39 93 1 -0.866366 1
39 94 1 -1.64001 1
39 95 1 -0.918193 1
39 2 1 -3.10857 1
39 112 1 4.48748 1
39 13 1 -0.176074 1
112 75 1 -1.41465 1
40 64 1 -6.38955 1
40 65 1 0.17144 1
40 66 1 0.794775 1
40 67 1 1.14818 1
40 68 1 4.51977 1
40 69 1 -0.583927 1
40 70 1 -2.21034 1
40 71 1 0.0668829 1
40 72 1 4.42541 1
40 73 1 0.482327 1
40 74 1 -1.20589 1
40 75 1 0.0988898 1
40 76 1 -1.4185 1
40 77 1 3.50636 1
40 78 1 1.90735 1
40 79 1 -0.0815148 1
40 80 1 1.27826 1
40 81 1 -0.161327 1
40 82 1 0.388829 1
40 83 1 -1.37968 1
40 84 1 0.277605 1
40 85 1 1.15694 1
40 86 1 0.338885 1
40 87 1 1.1493 1
40 88 1 -0.439071 1
40 89 1 -0.233179 1
40 90 1 0.254867 1
40 91 1 -0.15941 1
40 92 1 -0.467455 1
40 93 1 2.1446 1
40 94 1 -0.441538 1
40 95 1 1.40781 1
40 2 1 -0.378457 1
41 64 1 5.37302 1
41 65 1 -1.87512 1
41 66 1 0.743824 1
41 67 1 -1.94583 1
41 68 1 0.384316 1
41 69 1 -1.51382 1
41 70 1 0.789454 1
41 71 1 -0.0399584 1
41 72 1 3.56658 1
41 73 1 -4.33853 1
41 74 1 -1.82428 1
41 75 1 0.971967 1
41 76 1 -1.37364 1
41 77 1 -0.439611 1
41 78 1 -2.54957 1
41 79 1 0.440784 1
41 80 1 2.17769 1
41 81 1 0.639951 1
41 82 1 -0.955998 1
41 83 1 1.59588 1
41 84 1 -1.15034 1
41 85 1 0.915646 1
41 86 1 1.54093 1
41 87 1 0.0794357 1
41 88 1 4.36891 1
41 89 1 -1.04217 1
41 90 1 -1.88385 1
41 91 1 0.435434 1
41 92 1 1.38301 1
41 93 1 0.949698 1
41 94 1 -0.0826861 1
41 95 1 -1.70801 1
41 11 1 1.10191 1
41 29 1 -0.13504 1
42 64 1 -0.582867 1
42 65 1 1.59593 1
42 66 1 -0.344636 1
42 67 1 -0.624837 1
42 68 1 -0.974272 1
42 69 1 -1.71405 1
42 70 1 -2.63219 1
42 71 1 -0.338605 1
42 72 1 -3.11415 1
42 73 1 -3.03783 1
42 74 1 2.04013 1
42 75 1 0.167136 1
42 76 1 -1.30629 1
42 77 1 -1.2277 1
42 78 1 -2.44197 1
42 79 1 0.509525 1
42 80 1 -0.823901 1
42 81 1 0.0862859 1
42 82 1 2.63588 1
42 83 1 3.07971 1
42 84 1 2.25487 1
42 85 1 0.474073 1
42 86 1 -0.0655375 1
42 87 1 -2.20144 1
42 88 1 0.600631 1
42 89 1 0.943407 1
42 90 1 1.76227 1
42 91 1 -0.522113 1
42 92 1 -2.56774 1
42 93 1 2.31748 1
42 94 1 -1.55054 1
42 95 1 1.97553 1
43 64 1 2.24604 1
43 65 1 -2.70695 1
43 66 1 2.7954 1
43 67 1 1.29411 1
43 68 1 0.0933441 1
43 69 1 0.350274 1
43 70 1 1.20307 1
43 71 1 -3.06069 1
43 72 1 -2.30967 1
43 73 1 -5.79201 1
43 74 1 3.73856 1
43 75 1 -1.09415 1
43 76 1 2.84014 1
43 77 1 0.401574 1
43 78 1 0.523342 1
43 79 1 -1.44849 1
43 80 1 -1.16168 1
43 81 1 1.25004 1
43 82 1 1.53563 1
43 83 1 -0.197041 1
43 84 1 0.316957 1
43 85 1 1.04106 1
43 86 1 -1.09977 1
43 87 1 4.04973 1
43 88 1 -0.786852 1
43 89 1 3.30883 1
43 90 1 0.953588 1
43 91 1 -3.84946 1
43 92 1 3.67931 1
43 93 1 1.77375 1
43 94 1 -4.36772 1
43 95 1 -0.773548 1
44 64 1 0.980163 1
44 65 1 -3.40116 1
44 66 1 0.163088 1
44 67 1 -1.57096 1
44 68 1 -1.42017 1
44 69 1 0.294854 1
44 70 1 1.68798 1
44 71 1 0.797576 1
44 72 1 -2.55737 1
44 73 1 0.85874 1
44 74 1 -1.62343 1
44 75 1 -3.16898 1
44 76 1 0.294581 1
44 77 1 1.15167 1
44 78 1 2.08104 1
44 79 1 1.12057 1
44 80 1 5.13401 1
44 81 1 -1.6067 1
44 82 1 3.88994 1
44 83 1 -1.45148 1
44 84 1 1.6774 1
44 85 1 0.553502 1
44 86 1 0.841307 1
44 87 1 -0.208089 1
44 88 1 -0.815864 1
44 89 1 -0.395793 1
44 90 1 0.0196338 1
44 91 1 0.53464 1
44 92 1 -0.451876 1
44 93 1 1.85901 1
44 94 1 0.594347 1
44 95 1 -0.168728 1
44 8 1 0.91377 1
44 29 1 0.0718168 1
45 64 1 -0.775671 1
45 65 1 3.11905 1
45 66 1 1.1095 1
45 67 1 -0.63373 1
45 68 1 -2.39818 1
45 69 1 -5.02998 1
45 70 1 -3.98753 1
45 71 1 -0.12575 1
45 72 1 -3.35792 1
45 73 1 2.76003 1
45 74 1 3.47209 1
45 75 1 2.83792 1
45 76 1 0.687895 1
45 77 1 -0.520033 1
45 78 1 -2.76056 1
45 79 1 0.280648 1
45 80 1 -2.52611 1
45 81 1 1.81573 1
45 82 1 0.711543 1
45 83 1 -1.85877 1
45 84 1 1.91877 1
45 85 1 -2.93531 1
45 86 1 0.714511 1
45 87 1 -0.562929 1
45 88 1 0.450093 1
45 89 1 -3.0502 1
45 90 1 -0.517284 1
45 91 1 1.20156 1
45 92 1 -1.82767 1
45 93 1 -4.03652 1
45 94 1 0.890543 1
45 95 1 -2.21497 1
45 9 1 2.99977 1
46 64 1 -0.318722 1
46 65 1 1.33525 1
46 66 1 0.948413 1
46 67 1 2.46598 1
46 68 1 -2.82347 1
46 69 1 -1.14063 1
46 70 1 1.65983 1
46 71 1 -0.102287 1
46 72 1 0.600871 1
46 73 1 -2.9167 1
46 74 1 -1.94159 1
46 75 1 0.671909 1
46 76 1 -2.01585 1
46 77 1 2.60189 1
46 78 1 -0.485815 1
46 79 1 0.468235 1
46 80 1 4.51855 1
46 81 1 -1.43843 1
46 82 1 -0.66889 1
46 83 1 1.69043 1
46 84 1 -1.20864 1
46 85 1 2.22495 1
46 86 1 -0.999576 1
46 87 1 0.0734248 1
46 88 1 -3.03785 1
46 89 1 -3.66052 1
46 90 1 -0.897712 1
46 91 1 -0.417781 1
46 92 1 -0.760049 1
46 93 1 -1.13655 1
46 94 1 -1.0784 1
46 95 1 1.05097 1
46 24 1 0.840346 1
47 64 1 -0.493228 1
47 65 1 -0.799836 1
47 66 1 -2.15907 1
47 67 1 2.89187 1
47 68 1 1.22884 1
47 69 1 2.20541 1
47 70 1 -1.38059 1
47 71 1 0.713135 1
47 72 1 1.74401 1
47 73 1 4.01581 1
47 74 1 -0.849445 1
47 75 1 -1.19314 1
47 76 1 -2.56127 1
47 77 1 -4.46891 1
47 78 1 -0.636895 1
47 79 1 1.80591 1
47 80 1 1.93988 1
47 81 1 -4.29783 1
47 82 1 0.210671 1
47 83 1 -0.718737 1
47 84 1 -1.26741 1
47 85 1 0.0808552 1
47 86 1 -0.964047 1
47 87 1 3.23246 1
47 88 1 -0.138872 1
47 89 1 -0.730637 1
47 90 1 3.39671 1
47 91 1 -0.433109 1
47 92 1 0.0966296 1
47 93 1 -0.335605 1
47 94 1 -0.637902 1
47 95 1 -1.20061 1
47 4 1 1.24498 1
48 64 1 -0.344774 1
48 65 1 -1.17016 1
48 66 1 1.17376 1
48 67 1 -1.46359 1
48 68 1 -2.03001 1
48 69 1 -4.0281 1
48 70 1 1.60425 1
48 71 1 2.5207 1
48 72 1 -2.13454 1
48 73 1 3.19583 1
48 74 1 4.17581 1
48 75 1 -1.8436 1
48 76 1 0.726158 1
48 77 1 -1.59695 1
48 78 1 1.34723 1
48 79 1 0.221809 1
48 80 1 -0.653347 1
48 81 1 -1.36267 1
48 82 1 -0.689126 1
48 83 1 -0.405929 1
48 84 1 -1.00584 1
48 85 1 1.72574 1
48 86 1 -0.128339 1
48 87 1 -1.24972 1
48 88 1 -1.73861 1
48 89 1 0.442961 1
48 90 1 0.558429 1
48 91 1 -0.0980086 1
48 92 1 -4.21269 1
48 93 1 -0.0397537 1
48 94 1 2.34236 1
48 95 1 -0.026113 1
48 16 1 -0.915547 1
48 12 1 -0.812477 1
48 14 1 -0.278576 1
49 64 1 -0.0759119 1
49 65 1 -1.23246 1
49 66 1 -1.24555 1
49 67 1 -1.53198 1
49 68 1 -0.143557 1
49 69 1 2.28879 1
49 70 1 -0.350854 1
49 71 1 -3.31339 1
49 72 1 -1.18258 1
49 73 1 0.735526 1
49 74 1 1.60277 1
49 75 1 2.09511 1
49 76 1 -3.84303 1
49 77 1 -1.18685 1
49 78 1 -3.56222 1
49 79 1 3.16982 1
49 80 1 5.60694 1
49 81 1 -2.63066 1
49 82 1 1.16857 1
49 83 1 0.232379 1
49 84 1 0.936639 1
49 85 1 -2.57452 1
49 86 1 0.087565 1
49 87 1 -1.90025 1
49 88 1 -2.70224 1
49 89 1 -0.586825 1
49 90 1 -0.811781 1
49 91 1 1.44296 1
49 92 1 0.979143 1
49 93 1 -1.41462 1
49 94 1 -0.0915575 1
49 95 1 1.55003 1
49 19 1 -1.02902 1
50 64 1 -2.88427 1
50 65 1 -2.87937 1
50 66 1 2.00432 1
50 67 1 -2.7166 1
50 68 1 1.3799 1
50 69 1 0.961119 1
50 70 1 1.55832 1
50 71 1 5.12317 1
50 72 1 -1.39201 1
50 73 1 5.55677 1
50 74 1 1.36819 1
50 75 1 0.676177 1
50 76 1 -2.17707 1
50 77 1 -0.349538 1
50 78 1 1.35923 1
50 79 1 0.435662 1
50 80 1 0.507034 1
50 81 1 -0.593805 1
50 82 1 -0.962205 1
50 83 1 2.00153 1
50 84 1 -2.53045 1
50 85 1 2.37715 1
50 86 1 -0.353334 1
50 87 1 -1.53336 1
50 88 1 -1.67468 1
50 89 1 0.584755 1
50 90 1 -1.01933 1
50 91 1 -0.72914 1
50 92 1 0.0863245 1
50 93 1 0.697939 1
50 94 1 -2.52991 1
50 95 1 2.80892 1
50 4 1 2.10376 1
50 22 1 -2.14478 1
51 64 1 -0.450945 1
51 65 1 3.56781 1
51 66 1 2.25739 1
51 67 1 -0.670428 1
51 68 1 -1.63393 1
51 69 1 1.22638 1
51 70 1 3.27371 1
51 71 1 2.36187 1
51 72 1 -2.23785 1
51 73 1 -1.76366 0
51 74 1 -1.44513 1
51 75 1 5.38525 1
51 76 1 -1.68526 1
51 77 1 1.48172 1
51 78 1 0.109717 1
51 79 1 -0.489566 1
51 80 1 -0.193705 1
51 81 1 -1.02572 1
51 82 1 -0.730937 1
51 83 1 2.48661 1
51 84 1 -3.44668 1
51 85 1 -2.17444 1
51 86 1 -1.3687 1
51 87 1 0.448849 1
51 88 1 1.15527 1
51 89 1 -0.966919 1
51 90 1 1.9673 1
51 91 1 -0.500441 1
51 92 1 3.70432 1
51 93 1 2.73196 1
51 94 1 -3.87911 1
51 95 1 -1.48327 1
51 116 1 1.2257 1
51 12 1 -1.17168 1
116 73 1 0.176799 0
116 134 1 1.07814 1
134 73 1 0.142515 1
52 64 1 -1.15985 1
52 65 1 2.47019 1
52 66 1 2.44389 1
52 67 1 0.4808 1
52 68 1 -0.685248 1
52 69 1 1.75181 1
52 70 1 3.33758 1
52 71 1 -1.2124 1
52 72 1 -0.429604 1
52 73 1 6.2239 1
52 74 1 2.34571 1
52 75 1 -0.61675 1
52 76 1 -3.12586 1
52 77 1 -0.954286 1
52 78 1 0.697119 1
52 79 1 0.118111 1
52 80 1 -0.989806 1
52 81 1 0.804477 1
52 82 1 -2.39845 1
52 83 1 -2.41276 1
52 84 1 0.309669 1
52 85 1 -0.556667 1
52 86 1 -3.36546 1
52 87 1 0.9595 1
52 88 1 0.637828 1
52 89 1 -0.0369236 1
52 90 1 -0.996207 1
52 91 1 -0.66771 1
52 92 1 -0.621096 1
52 93 1 -0.756464 1
52 94 1 -0.819528 1
52 95 1 0.650263 1
52 115 1 0.259208 1
53 64 1 -1.65791 1
53 65 1 1.60685 1
53 66 1 0.935619 1
53 67 1 -0.139066 1
53 68 1 0.417872 1
53 69 1 2.54585 1
53 70 1 -0.909814 1
53 71 1 0.27898 1
53 72 1 -0.332767 1
53 73 1 1.32166 1
53 74 1 0.257418 1
53 75 1 -1.56686 1
53 76 1 0.712866 1
53 77 1 3.44177 1
53 78 1 -1.04622 1
53 79 1 0.417924 1
53 80 1 1.34343 1
53 81 1 1.46631 1
53 82 1 2.57353 1
53 83 1 0.458707 1
53 84 1 2.50711 1
53 85 1 -0.289928 1
53 86 1 1.46638 1
53 87 1 -0.0633588 1
53 88 1 -1.01456 1
53 89 1 0.126525 1
53 90 1 -0.539231 1
53 91 1 -0.00534962 1
53 92 1 2.40373 1
53 93 1 0.797171 1
53 94 1 0.568456 1
53 95 1 -1.42726 1
53 20 1 2.95525 1
53 23 1 0.345498 1
54 64 1 -0.153264 1
54 65 1 0.123126 1
54 66 1 -1.5835 1
54 67 1 1.87943 1
54 68 1 0.0206621 1
54 69 1 -1.17653 1
54 70 1 0.454023 1
54 71 1 2.01023 1
54 72 1 0.0944595 1
54 73 1 0.580948 1
54 74 1 -0.397695 1
54 75 1 1.87375 1
54 76 1 -0.402708 1
54 77 1 2.75465 1
54 78 1 -0.952276 1
54 79 1 0.206147 1
54 80 1 0.818039 1
54 81 1 -0.138146 1
54 82 1 -4.19505 1
54 83 1 3.69037 1
54 84 1 1.19698 1
54 85 1 0.178078 1
54 86 1 -3.43417 1
54 87 1 -1.43433 1
54 88 1 4.43742 1
54 89 1 1.7595 1
54 90 1 -1.59418 1
54 91 1 1.87106 1
54 92 1 -1.09508 1
54 93 1 1.86958 1
54 94 1 -1.3115 1
54 95 1 0.179134 1
54 30 1 -1.53007 1
55 64 1 -0.79024 1
55 65 1 -2.39657 1
55 66 1 -0.862375 1
55 67 1 1.4376 1
55 68 1 -4.62023 1
55 69 1 1.99161 1
55 70 1 4.23149 1
55 71 1 -2.86488 1
55 72 1 1.73432 1
55 73 1 -0.149817 1
55 74 1 4.0257 1
55 75 1 -3.98171 1
55 76 1 -3.95171 1
55 77 1 2.48845 1
55 78 1 -2.62772 1
55 79 1 2.82967 1
55 80 1 -1.02556 1
55 81 1 -0.105981 1
55 82 1 -2.79936 1
55 83 1 -1.47423 1
55 84 1 -0.319898 1
55 85 1 -3.02462 1
55 86 1 0.130086 1
55 87 1 3.44018 1
55 88 1 -3.42002 1
55 89 1 -2.44998 1
55 90 1 0.941743 1
55 91 1 2.15323 1
55 92 1 2.61001 1
55 93 1 -2.95229 1
55 94 1 -1.59457 1
55 95 1 -2.63413 0
55 28 1 3.54469 1
55 114 1 0.305402 1
114 95 1 0.358028 1
56 64 1 0.34031 1
56 65 1 -0.510839 1
56 66 1 -2.06147 1
56 67 1 -0.359784 1
56 68 1 0.571052 0
56 69 1 0.636137 1
56 70 1 0.862092 1
56 71 1 -0.76644 1
56 72 1 -0.729264 1
56 73 1 -2.7653 1
56 74 1 4.27911 1
56 75 1 3.73275 1
56 76 1 -2.11103 1
56 77 1 -0.576846 1
56 78 1 -4.27635 1
56 79 1 0.944199 1
56 80 1 -1.06166 1
56 81 1 2.10816 1
56 82 1 2.91234 1
56 83 1 -2.70287 1
56 84 1 -0.915713 1
56 85 1 -0.325726 1
56 86 1 0.411134 1
56 87 1 -3.65788 1
56 88 1 1.80679 1
56 89 1 -2.26386 1
56 90 1 -0.892947 1
56 91 1 0.248189 1
56 92 1 0.709212 1
56 93 1 2.93 1
56 94 1 -2.38642 1
56 95 1 0.924708 1
56 3 1 -0.847396 1
56 126 1 1.88596 1
126 68 1 1.76497 1
57 64 1 -2.89627 1
57 65 1 1.36693 1
57 66 1 -3.48642 1
57 67 1 0.0561591 1
57 68 1 2.80661 1
57 69 1 -2.39549 0
57 70 1 1.54352 1
57 71 1 1.97738 1
57 72 1 -1.30897 1
57 73 1 0.0541951 1
57 74 1 1.75091 1
57 75 1 3.77776 1
57 76 1 1.59672 1
57 77 1 -3.57822 1
57 78 1 -1.87544 1
57 79 1 -1.84744 1
57 80 1 1.63974 1
57 81 1 3.24579 1
57 82 1 1.6058 1
57 83 1 -2.37176 1
57 84 1 0.47271 1
57 85 1 -3.06785 1
57 86 1 -2.36848 1
57 87 1 1.91835 1
57 88 1 -3.91517 1
57 89 1 0.892282 1
57 90 1 0.3827 1
57 91 1 -0.480827 1
57 92 1 -2.56268 1
57 93 1 -0.40823 1
57 94 1 0.664114 1
57 95 1 1.79631 1
57 104 1 1.8056 1
57 22 1 0.3336 1
104 69 1 0.93134 1
104 1 1 0.68407 1
58 64 1 0.7151 1
58 65 1 -3.66445 1
58 66 1 -1.34532 1
58 67 1 -2.26358 1
58 68 1 0.705236 1
58 69 1 -2.75839 1
58 70 1 -0.843476 1
58 71 1 -0.226354 1
58 72 1 -0.812978 1
58 73 1 -1.85493 1
58 74 1 3.45458 1
58 75 1 1.93647 1
58 76 1 2.6026 1
58 77 1 -0.764758 1
58 78 1 -1.56029 1
58 79 1 -0.00408571 0
58 80 1 -2.15649 1
58 81 1 1.22402 1
58 82 1 1.43101 1
58 83 1 -0.913732 1
58 84 1 -0.526483 1
58 85 1 -0.416355 1
58 86 1 0.266047 1
58 87 1 -0.95601 1
58 88 1 -0.812213 1
58 89 1 -0.958068 1
58 90 1 -2.27704 1
58 91 1 1.00443 1
58 92 1 3.54696 1
58 93 1 0.564508 1
58 94 1 -4.38489 1
58 95 1 2.29297 1
58 128 1 1.51654 1
128 79 1 0.420482 0
128 131 1 1.76222 1
131 79 1 0.26638 1
59 64 1 -0.524067 1
59 65 1 1.27266 1
59 66 1 0.0551866 1
59 67 1 -1.00549 1
59 68 1 0.434907 1
59 69 1 -0.48405 1
59 70 1 -0.61801 1
59 71 1 1.86793 1
59 72 1 -1.24999 1
59 73 1 -2.70798 1
59 74 1 1.50272 1
59 75 1 0.496532 1
59 76 1 1.13037 1
59 77 1 -0.180835 0
59 78 1 -1.02881 1
59 79 1 -2.18314 1
59 80 1 0.469299 1
59 81 1 -0.59508 1
59 82 1 -3.48737 1
59 83 1 3.44515 1
59 84 1 -0.985546 1
59 85 1 -0.177731 1
59 86 1 -1.08849 1
59 87 1 2.19832 1
59 88 1 4.79448 1
59 89 1 0.692667 1
59 90 1 0.308809 1
59 91 1 -2.12041 1
59 92 1 -0.020981 1
59 93 1 1.69608 1
59 94 1 -2.6196 1
59 95 1 1.90855 1
59 97 1 1.76102 1
59 5 1 -3.1318 1
59 11 1 -0.431341 1
59 13 1 1.42833 1
97 77 1 -2.91325 1
97 22 1 -3.9516 1
97 2 1 -3.65197 0
97 99 1 3.27152 1
97 7 1 1.8048 0
97 102 1 2.94581 1
97 17 1 -0.0646795 1
102 7 1 2.95057 1
99 2 1 1.47727 0
99 108 1 3.6817 1
108 2 1 0.462637 0
108 125 1 1.19523 1
125 2 1 -0.340255 1
60 64 1 1.45094 1
60 65 1 -0.86556 1
60 66 1 -0.584819 1
60 67 1 0.116432 1
60 68 1 1.46609 1
60 69 1 0.438521 1
60 70 1 -1.69941 1
60 71 1 -1.33417 1
60 72 1 -0.764735 0
60 73 1 -0.293114 1
60 74 1 -0.450246 1
60 75 1 -0.108727 1
60 76 1 1.2295 1
60 77 1 2.61288 1
60 78 1 -0.459612 1
60 79 1 -0.613676 1
60 80 1 -3.60197 1
60 81 1 -0.451116 1
60 82 1 -0.890964 1
60 83 1 2.43944 1
60 84 1 -2.538 1
60 85 1 3.70342 1
60 86 1 1.96571 1
60 87 1 1.15317 1
60 88 1 -2.96262 1
60 89 1 -1.95114 1
60 90 1 -1.92397 1
60 91 1 -0.298161 1
60 92 1 1.44275 1
60 93 1 1.48689 1
60 94 1 1.28142 1
60 95 1 0.0769046 1
60 24 1 -1.84535 1
60 0 1 2.82031 1
60 115 1 -0.0546727 1
60 3 1 1.21375 1
115 72 1 -0.428247 1
115 18 1 1.09069 1
61 64 1 -0.653443 1
61 65 1 -0.737517 1
61 66 1 0.777669 1
61 67 1 -0.686309 1
61 68 1 -4.21613 1
61 69 1 1.03477 1
61 70 1 0.0581829 1
61 71 1 1.07115 1
61 72 1 -0.678254 1
61 73 1 1.27045 1
61 74 1 1.67126 1
61 75 1 2.1649 1
61 76 1 0.393053 1
61 77 1 0.14511 0
61 78 1 0.465729 1
61 79 1 0.221212 1
61 80 1 -1.07952 1
61 81 1 0.370975 1
61 82 1 0.0256242 1
61 83 1 1.85525 1
61 84 1 -1.46119 1
61 85 1 3.09029 1
61 86 1 -0.53059 1
61 87 1 1.0179 1
61 88 1 1.65339 1
61 89 1 -0.187235 1
61 90 1 2.15847 1
61 91 1 2.05699 1
61 92 1 -1.84324 1
61 93 1 -0.190357 1
61 94 1 0.661898 1
61 95 1 0.174958 1
61 107 1 0.920437 1
61 113 1 -1.60658 1
107 77 1 -4.99136 0
107 113 1 2.75554 1
107 14 1 -1.36817 1
113 77 1 -3.05442 1
113 23 1 0.0162267 1
62 64 1 2.73641 1
62 65 1 -0.647285 1
62 66 1 2.60191 1
62 67 1 -1.35036 1
62 68 1 2.14573 1
62 69 1 0.0249218 1
62 70 1 1.11583 1
62 71 1 -2.53556 1
62 72 1 -0.433143 1
62 73 1 2.46516 1
62 74 1 1.15099 1
62 75 1 0.495566 1
62 76 1 0.964641 1
62 77 1 -1.26069 1
62 78 1 -3.21583 1
62 79 1 0.428248 1
62 80 1 -1.88929 1
62 81 1 -0.754287 1
62 82 1 -0.339054 1
62 83 1 0.883415 1
62 84 1 -0.970132 1
62 85 1 0.171914 1
62 86 1 3.8291 1
62 87 1 -2.66391 1
62 88 1 0.297982 1
62 89 1 -2.07803 1
62 90 1 -6.15781 1
62 91 1 1.50811 1
62 92 1 -0.543757 1
62 93 1 2.34559 1
62 94 1 0.302798 1
62 95 1 0.629185 1
62 5 1 0.544373 1
63 64 1 2.3572 1
63 65 1 -0.293968 1
63 66 1 3.02511 1
63 67 1 1.02812 1
63 68 1 -1.74016 1
63 69 1 -2.22128 1
63 70 1 -0.737317 1
63 71 1 2.49326 1
63 72 1 -1.49052 1
63 73 1 0.0724745 1
63 74 1 -2.70966 1
63 75 1 0.538297 1
63 76 1 -0.82866 1
63 77 1 3.47936 1
63 78 1 0.964319 1
63 79 1 -0.354641 1
63 80 1 0.946198 1
63 81 1 0.0028374 1
63 82 1 -0.951329 1
63 83 1 -0.511767 1
63 84 1 -3.66544 1
63 85 1 -2.52647 1
63 86 1 5.58487 1
63 87 1 -2.81811 1
63 88 1 1.2576 1
63 89 1 -0.317939 1
63 90 1 3.23257 1
63 91 1 -1.31486 1
63 92 1 -0.311827 1
63 93 1 1.18302 1
63 94 1 -2.34838 1
63 95 1 -0.35737 1
