108 64 32
-1.18489 -0.564652 -2.32255 1.00876 -1.76869 2.39587 -1.31292 -0.512078 -0.896659 2.3416 1.93215 -0.867546 -1.65688 -1.96061 -0.498846 -2.64013 -0.40043 -0.96599 -1.2825 0.00426636 -1.98869 -1.92252 0.0833907 -0.285644 1.73751 0.628454 0.845078 1.01643 -0.987651 0.6483 -2.22543 0.189477 0.358794 1.72702 -0.530869 0.521261 0.569431 -1.02616 -0.0804017 -1.28927 -0.855775 -0.586166 -0.525132 -0.147537 -1.50915 0.535207 -0.137786 0.713698 0.77082 -0.690551 1.85512 -1.7835 -0.539107 -0.697306 2.00682 0.22954 0.0766081 0.661902 -0.448768 0.553345 -0.109723 -0.369113 0.046429 -1.31486 -0.417879 1.83139 1.10281 0.10052 -1.52872 -1.24558 -1.92396 -1.666 -0.485814 -0.636301 0.859979 0.371677 -1.47475 1.05738 -0.47596 -2.41433 1.26488 -0.347732 1.41872 0.41211 1.30024 -0.467006 -0.210706 0.794739 0.456065 -1.24605 -0.709761 -0.65129 -0.570362 0.886042 0.0795641 -0.514759 -0.743864 -0.086665 0.0185024 -0.689825 0.881332 0.0182784 -1.25359 -0.218863 0.204962 0.108869 0.105736 -0.0875495 
0 64 1 -2.41475 1
0 65 1 -2.09026 1
0 66 1 0.129425 1
0 67 1 -1.16711 1
0 68 1 2.70086 1
0 69 1 0.526016 1
0 70 1 -0.0131434 1
0 71 1 -0.708306 1
0 72 1 -1.26272 1
0 73 1 1.9474 1
0 74 1 0.520273 1
0 75 1 0.994002 1
0 76 1 0.0453425 1
0 77 1 1.35816 1
0 78 1 0.637781 1
0 79 1 1.8369 1
0 80 1 0.211992 1
0 81 1 0.452024 1
0 82 1 -0.22963 1
0 83 1 -1.48336 1
0 84 1 0.0604421 1
0 85 1 0.249989 1
0 86 1 -1.36046 1
0 87 1 -0.272075 1
0 88 1 0.984045 1
0 89 1 0.977705 1
0 90 1 -0.329284 1
0 91 1 0.140579 1
0 92 1 -0.635385 1
0 93 1 1.0857 1
0 94 1 0.381666 1
0 95 1 2.01556 1
1 64 1 -0.547347 1
1 65 1 -0.671939 1
1 66 1 0.0817618 1
1 67 1 0.105798 1
1 68 1 0.768389 1
1 69 1 2.79595 1
1 70 1 1.66869 1
1 71 1 -0.800034 1
1 72 1 1.30056 1
1 73 1 -0.100284 1
1 74 1 0.366621 1
1 75 1 -1.04858 1
1 76 1 -0.305677 1
1 77 1 3.01132 1
1 78 1 -0.624636 1
1 79 1 -1.09725 1
1 80 1 -1.33998 1
1 81 1 0.165132 1
1 82 1 1.53044 1
1 83 1 -1.65879 1
1 84 1 0.472938 1
1 85 1 -1.01197 1
1 86 1 0.881462 1
1 87 1 -0.789265 1
1 88 1 -1.27256 1
1 89 1 1.76992 1
1 90 1 0.713266 1
1 91 1 -0.215907 1
1 92 1 -0.712651 1
1 93 1 0.284197 1
1 94 1 -1.54565 1
1 95 1 -0.789911 1
2 64 1 0.0994493 1
2 65 1 1.12154 1
2 66 1 -0.750331 1
2 67 1 -0.283156 1
2 68 1 -0.147067 1
2 69 1 0.303389 1
2 70 1 -0.18079 1
2 71 1 0.273997 1
2 72 1 -1.93 1
2 73 1 -1.6284 1
2 74 1 -0.65717 1
2 75 1 -0.402311 1
2 76 1 -2.78286 1
2 77 1 -0.489307 1
2 78 1 -0.89825 1
2 79 1 -1.33892 1
2 80 1 -0.360547 1
2 81 1 -2.1794 1
2 82 1 -1.33665 1
2 83 1 -0.940252 1
2 84 1 0.1598 1
2 85 1 0.99733 1
2 86 1 -1.62826 1
2 87 1 -0.600253 1
2 88 1 -0.631246 1
2 89 1 -2.50426 1
2 90 1 -2.0461 1
2 91 1 -0.540238 1
2 92 1 1.13825 1
2 93 1 -0.93225 1
2 94 1 0.630182 1
2 95 1 -0.157879 1
3 64 1 -0.576976 1
3 65 1 0.0901654 1
3 66 1 -1.74059 1
3 67 1 -0.519201 1
3 68 1 0.783816 1
3 69 1 -0.774588 1
3 70 1 1.49687 1
3 71 1 1.20913 1
3 72 1 2.165 1
3 73 1 0.0288832 1
3 74 1 0.865757 1
3 75 1 0.386402 1
3 76 1 3.17917 1
3 77 1 -1.37735 1
3 78 1 -1.10328 1
3 79 1 -1.40086 1
3 80 1 0.730923 1
3 81 1 2.11702 1
3 82 1 2.32019 1
3 83 1 0.0282693 1
3 84 1 -0.983619 1
3 85 1 -0.816764 1
3 86 1 0.534815 1
3 87 1 -0.60731 1
3 88 1 1.22135 1
3 89 1 -0.733202 1
3 90 1 -0.8926 1
3 91 1 -1.0076 1
3 92 1 -1.68012 1
3 93 1 -0.425465 1
3 94 1 -0.306749 1
3 95 1 0.256509 1
4 64 1 0.0804371 1
4 65 1 0.112632 1
4 66 1 -1.65856 1
4 67 1 0.61486 1
4 68 1 0.950287 1
4 69 1 -0.696517 1
4 70 1 -0.208337 1
4 71 1 0.15459 1
4 72 1 0.0629713 1
4 73 1 0.461315 1
4 74 1 0.250466 1
4 75 1 -0.87047 0
4 76 1 0.523921 1
4 77 1 1.74653 1
4 78 1 -0.327719 1
4 79 1 -0.833878 1
4 80 1 -2.17315 1
4 81 1 -0.967262 1
4 82 1 -0.725553 1
4 83 1 0.909466 1
4 84 1 1.26411 1
4 85 1 1.92984 1
4 86 1 -1.10474 1
4 87 1 -2.15851 1
4 88 1 0.963675 1
4 89 1 -0.908808 1
4 90 1 0.519046 1
4 91 1 -2.07095 1
4 92 1 -0.543631 1
4 93 1 1.31832 1
4 94 1 -0.806989 1
4 95 1 0.702051 1
4 101 1 1.61051 1
101 75 1 -0.584951 1
5 64 1 0.124497 1
5 65 1 0.8889 1
5 66 1 -0.0735263 1
5 67 1 1.68849 1
5 68 1 -0.431534 1
5 69 1 0.990273 1
5 70 1 -1.11502 1
5 71 1 -0.872878 1
5 72 1 0.138955 1
5 73 1 -2.06614 1
5 74 1 1.00874 1
5 75 1 0.129484 1
5 76 1 0.588028 1
5 77 1 -0.0303743 1
5 78 1 -1.91794 1
5 79 1 2.19394 1
5 80 1 1.77367 1
5 81 1 0.0373598 1
5 82 1 1.12856 1
5 83 1 1.02503 1
5 84 1 1.70009 1
5 85 1 0.178138 1
5 86 1 -0.508368 1
5 87 1 -0.953695 1
5 88 1 -0.66792 1
5 89 1 0.147179 1
5 90 1 -1.59097 1
5 91 1 0.406877 1
5 92 1 -2.16412 1
5 93 1 -0.241793 1
5 94 1 -0.583315 1
5 95 1 -1.84777 1
6 64 1 0.228018 1
6 65 1 -2.01327 1
6 66 1 0.963635 1
6 67 1 1.48303 1
6 68 1 -2.98666 1
6 69 1 -0.358464 1
6 70 1 -1.69266 1
6 71 1 -0.920053 1
6 72 1 -0.062413 1
6 73 1 0.0624935 1
6 74 1 -0.80891 1
6 75 1 -0.672542 1
6 76 1 2.32298 1
6 77 1 -1.60059 1
6 78 1 0.0657132 1
6 79 1 -1.00619 1
6 80 1 1.49106 1
6 81 1 1.09361 1
6 82 1 0.471864 1
6 83 1 0.625145 1
6 84 1 0.743716 1
6 85 1 -0.982466 1
6 86 1 -0.299347 1
6 87 1 0.894079 1
6 88 1 -0.313817 1
6 89 1 -1.71208 1
6 90 1 1.35872 1
6 91 1 -0.561755 1
6 92 1 1.54709 1
6 93 1 0.543936 1
6 94 1 -0.947542 1
6 95 1 1.55887 1
7 64 1 -0.460939 1
7 65 1 -1.23464 1
7 66 1 -0.676495 1
7 67 1 -0.159398 1
7 68 1 -0.9362 1
7 69 1 -1.52918 1
7 70 1 1.83108 1
7 71 1 0.224239 1
7 72 1 2.00266 1
7 73 1 0.0863407 1
7 74 1 -0.540495 1
7 75 1 -0.457394 1
7 76 1 1.98377 1
7 77 1 1.20717 1
7 78 1 0.0784414 1
7 79 1 0.951491 1
7 80 1 -0.394459 1
7 81 1 -2.07818 1
7 82 1 -2.35543 1
7 83 1 0.275765 0
7 84 1 -1.45391 1
7 85 1 -0.460162 1
7 86 1 2.16054 1
7 87 1 -1.36925 1
7 88 1 -0.955966 1
7 89 1 0.224737 1
7 90 1 0.0732366 1
7 91 1 -1.17273 1
7 92 1 -0.774445 1
7 93 1 -1.03865 1
7 94 1 0.756242 1
7 95 1 0.670834 1
7 100 1 0.284656 1
100 83 1 0.171309 1
100 24 1 -0.460756 1
8 64 1 2.73853 1
8 65 1 -2.00818 1
8 66 1 0.344983 1
8 67 1 -0.210031 1
8 68 1 -1.10788 1
8 69 1 1.60966 1
8 70 1 0.96105 1
8 71 1 0.611186 1
8 72 1 0.143993 1
8 73 1 2.28276 1
8 74 1 -0.0285486 1
8 75 1 -1.50335 1
8 76 1 0.0195527 1
8 77 1 -0.453862 1
8 78 1 -0.832145 1
8 79 1 -1.17437 1
8 80 1 -0.134446 1
8 81 1 1.04814 1
8 82 1 0.730301 1
8 83 1 -1.11869 1
8 84 1 0.762223 1
8 85 1 2.07674 1
8 86 1 2.89163 1
8 87 1 -0.275448 1
8 88 1 -0.607516 1
8 89 1 3.47206 1
8 90 1 -0.11383 1
8 91 1 -0.731598 1
8 92 1 1.84694 1
8 93 1 2.12471 1
8 94 1 1.59871 1
8 95 1 -1.54594 1
9 64 1 0.876783 1
9 65 1 -1.25493 1
9 66 1 -0.212967 1
9 67 1 -0.000734868 1
9 68 1 -0.68582 1
9 69 1 -1.20116 1
9 70 1 -1.83345 1
9 71 1 -0.311429 1
9 72 1 1.1101 1
9 73 1 -0.940127 1
9 74 1 0.857572 1
9 75 1 -2.03839 1
9 76 1 0.760899 1
9 77 1 -0.521795 1
9 78 1 0.239324 1
9 79 1 0.25533 1
9 80 1 0.587587 1
9 81 1 -0.577032 1
9 82 1 -0.756821 1
9 83 1 -0.837243 1
9 84 1 2.95596 1
9 85 1 1.86744 1
9 86 1 -2.01603 1
9 87 1 -0.302022 1
9 88 1 -2.02191 1
9 89 1 2.21502 1
9 90 1 0.650366 1
9 91 1 -1.13217 1
9 92 1 -1.52153 1
9 93 1 -0.456893 1
9 94 1 -2.91982 1
9 95 1 -0.962903 1
10 64 1 0.0981067 1
10 65 1 0.763388 1
10 66 1 1.01705 1
10 67 1 0.332815 1
10 68 1 1.53013 1
10 69 1 1.13274 1
10 70 1 1.18193 1
10 71 1 -0.836545 1
10 72 1 -0.075717 1
10 73 1 1.60223 1
10 74 1 -1.16902 1
10 75 1 0.580278 1
10 76 1 -0.381194 1
10 77 1 1.90295 1
10 78 1 -1.79385 1
10 79 1 -0.564779 1
10 80 1 0.0981388 1
10 81 1 1.12867 1
10 82 1 -0.00288869 1
10 83 1 -0.364983 1
10 84 1 0.464399 1
10 85 1 1.7391 1
10 86 1 -0.442573 1
10 87 1 1.2702 1
10 88 1 0.238096 1
10 89 1 0.325468 1
10 90 1 -1.16273 1
10 91 1 1.0599 1
10 92 1 2.22299 1
10 93 1 -0.0430583 1
10 94 1 3.05826 1
10 95 1 0.81499 1
11 64 1 0.823921 1
11 65 1 0.774176 1
11 66 1 0.0215788 0
11 67 1 -2.42432 1
11 68 1 0.801174 1
11 69 1 -0.513405 1
11 70 1 0.864676 1
11 71 1 -0.683104 1
11 72 1 0.199384 1
11 73 1 0.785278 1
11 74 1 -1.59422 1
11 75 1 -0.0378776 1
11 76 1 -0.314033 1
11 77 1 1.89818 1
11 78 1 -1.10981 1
11 79 1 -0.934296 1
11 80 1 2.22262 1
11 81 1 -0.237143 1
11 82 1 0.394269 1
11 83 1 1.15403 1
11 84 1 3.12167 1
11 85 1 -1.49475 1
11 86 1 -0.236488 1
11 87 1 -0.897672 1
11 88 1 0.0580728 1
11 89 1 -0.46755 1
11 90 1 -0.664929 1
11 91 1 -0.0885747 1
11 92 1 -0.0818528 1
11 93 1 1.78906 1
11 94 1 0.0623118 1
11 95 1 -0.883673 1
11 107 1 1.09573 1
107 66 1 -0.0947189 1
12 64 1 -1.26726 1
12 65 1 1.2233 1
12 66 1 -0.341782 1
12 67 1 0.314807 1
12 68 1 0.893007 1
12 69 1 0.452013 1
12 70 1 0.145167 1
12 71 1 -0.011575 1
12 72 1 0.408577 1
12 73 1 1.13953 1
12 74 1 1.16578 1
12 75 1 -0.629581 1
12 76 1 0.325061 1
12 77 1 0.919402 1
12 78 1 -0.0731958 1
12 79 1 -1.28338 1
12 80 1 0.735916 1
12 81 1 -0.861296 1
12 82 1 -0.496207 1
12 83 1 1.48141 1
12 84 1 -0.414568 1
12 85 1 -1.43328 1
12 86 1 -0.18241 1
12 87 1 0.57537 1
12 88 1 -0.0290348 1
12 89 1 0.23568 1
12 90 1 0.726813 1
12 91 1 -1.14353 1
12 92 1 0.633252 1
12 93 1 -1.2514 1
12 94 1 -1.76621 1
12 95 1 -0.0931267 1
13 64 1 -1.15257 1
13 65 1 -0.670924 1
13 66 1 -0.0205385 1
13 67 1 -0.312326 1
13 68 1 1.07012 1
13 69 1 -1.08301 1
13 70 1 0.469766 1
13 71 1 2.09204 1
13 72 1 -0.033308 1
13 73 1 -2.09601 1
13 74 1 -0.0201951 1
13 75 1 0.288377 1
13 76 1 1.02018 1
13 77 1 0.0700536 1
13 78 1 -0.458318 1
13 79 1 -1.2785 1
13 80 1 -1.1067 1
13 81 1 -0.120236 1
13 82 1 -0.850584 1
13 83 1 -1.17365 1
13 84 1 -1.38859 1
13 85 1 -0.858338 1
13 86 1 2.12683 1
13 87 1 1.48658 1
13 88 1 0.175975 1
13 89 1 0.537311 1
13 90 1 -2.89429 1
13 91 1 -0.59273 1
13 92 1 -0.573222 1
13 93 1 0.47169 1
13 94 1 1.36337 1
13 95 1 -1.57686 1
14 64 1 -3.48102 1
14 65 1 -1.10425 1
14 66 1 -1.6089 1
14 67 1 -1.4133 1
14 68 1 0.115514 1
14 69 1 2.50465 1
14 70 1 -0.000247001 1
14 71 1 2.05656 1
14 72 1 0.431336 1
14 73 1 -1.08357 1
14 74 1 1.32229 1
14 75 1 0.753977 1
14 76 1 -0.172735 1
14 77 1 0.223211 1
14 78 1 -0.915672 1
14 79 1 0.435206 1
14 80 1 1.50195 1
14 81 1 0.268131 1
14 82 1 2.11286 1
14 83 1 -1.94403 1
14 84 1 -0.0878375 1
14 85 1 -0.471849 1
14 86 1 1.22211 1
14 87 1 0.348563 1
14 88 1 -1.01071 1
14 89 1 -1.71684 1
14 90 1 1.78112 1
14 91 1 2.143 1
14 92 1 0.175907 1
14 93 1 1.33121 1
14 94 1 2.8327 1
14 95 1 -0.416487 1
15 64 1 -0.0730101 1
15 65 1 -0.414152 1
15 66 1 -1.15206 1
15 67 1 0.558571 1
15 68 1 0.495263 1
15 69 1 1.03192 1
15 70 1 2.48488 1
15 71 1 -0.562922 1
15 72 1 -3.18909 1
15 73 1 1.25055 1
15 74 1 -0.108841 1
15 75 1 -0.730789 1
15 76 1 0.340546 1
15 77 1 1.56318 1
15 78 1 -1.04412 1
15 79 1 -0.389651 1
15 80 1 1.14471 1
15 81 1 0.416015 1
15 82 1 -1.10131 1
15 83 1 -0.0693384 1
15 84 1 -0.191299 1
15 85 1 0.598674 1
15 86 1 1.47961 1
15 87 1 0.559427 1
15 88 1 1.84318 1
15 89 1 1.74288 1
15 90 1 -0.0506823 1
15 91 1 -0.461669 1
15 92 1 -0.348923 1
15 93 1 -0.725409 1
15 94 1 2.13986 1
15 95 1 0.678536 1
16 64 1 0.0318668 1
16 65 1 -3.02617 1
16 66 1 -2.07871 1
16 67 1 -2.78151 1
16 68 1 1.35541 1
16 69 1 -0.207917 1
16 70 1 1.24729 1
16 71 1 0.566663 1
16 72 1 -0.642384 1
16 73 1 -0.039397 1
16 74 1 0.250589 1
16 75 1 -1.17853 1
16 76 1 -2.81343 1
16 77 1 0.309721 1
16 78 1 -0.281794 1
16 79 1 -1.21838 1
16 80 1 -1.68837 1
16 81 1 1.53191 1
16 82 1 -1.58109 1
16 83 1 1.24566 1
16 84 1 0.550591 1
16 85 1 0.415934 1
16 86 1 -0.793772 1
16 87 1 -0.835123 1
16 88 1 1.38309 1
16 89 1 0.64586 1
16 90 1 -1.88578 1
16 91 1 -0.608883 1
16 92 1 0.173682 1
16 93 1 -0.943677 1
16 94 1 0.366994 1
16 95 1 -1.29084 1
17 64 1 -3.20975 1
17 65 1 -1.05231 1
17 66 1 -0.360429 1
17 67 1 -1.02584 1
17 68 1 -0.742184 1
17 69 1 0.487857 1
17 70 1 1.17286 1
17 71 1 1.78375 1
17 72 1 -2.49694 1
17 73 1 1.51768 1
17 74 1 1.53428 1
17 75 1 0.97942 1
17 76 1 -3.03141 1
17 77 1 0.753673 1
17 78 1 1.99182 1
17 79 1 -2.4515 1
17 80 1 0.952018 1
17 81 1 0.516721 1
17 82 1 -1.69759 1
17 83 1 -1.30977 1
17 84 1 -1.86519 1
17 85 1 0.675186 1
17 86 1 1.69203 1
17 87 1 0.228924 1
17 88 1 -0.568725 1
17 89 1 -0.501919 1
17 90 1 -1.45785 1
17 91 1 0.468844 1
17 92 1 -0.328057 1
17 93 1 -0.851695 1
17 94 1 0.156157 1
17 95 1 -1.37714 1
18 64 1 0.631321 1
18 65 1 0.606204 1
18 66 1 1.62527 1
18 67 1 -1.55205 1
18 68 1 0.248095 1
18 69 1 0.295159 1
18 70 1 -0.455609 1
18 71 1 0.39981 1
18 72 1 1.06363 1
18 73 1 -0.783241 1
18 74 1 1.79121 1
18 75 1 -0.023602 1
18 76 1 1.23962 1
18 77 1 1.14755 1
18 78 1 0.552449 1
18 79 1 -0.666277 1
18 80 1 -0.197639 1
18 81 1 1.73483 1
18 82 1 -1.11806 1
18 83 1 -0.611611 1
18 84 1 -1.05487 1
18 85 1 -1.52452 1
18 86 1 -0.469995 1
18 87 1 0.256991 1
18 88 1 1.62149 1
18 89 1 0.775298 1
18 90 1 -0.612961 1
18 91 1 0.145531 1
18 92 1 -0.20408 1
18 93 1 1.2769 1
18 94 1 -1.506 1
18 95 1 0.795738 1
19 64 1 -0.270845 1
19 65 1 0.605355 1
19 66 1 1.89368 1
19 67 1 -2.33973 1
19 68 1 -1.76389 1
19 69 1 1.18438 1
19 70 1 -1.07684 1
19 71 1 -0.675266 1
19 72 1 1.91873 1
19 73 1 1.78144 1
19 74 1 -0.0865521 1
19 75 1 -1.0887 1
19 76 1 -0.228851 1
19 77 1 -1.04691 1
19 78 1 -0.656314 1
19 79 1 0.0424021 1
19 80 1 -0.861005 1
19 81 1 -2.0062 1
19 82 1 -0.597677 1
19 83 1 -0.720236 1
19 84 1 0.996554 1
19 85 1 -0.692652 1
19 86 1 -0.22384 1
19 87 1 1.27278 1
19 88 1 0.614852 1
19 89 1 3.07848 1
19 90 1 -0.12174 1
19 91 1 0.983317 1
19 92 1 0.806413 1
19 93 1 -1.54577 1
19 94 1 -1.61415 1
19 95 1 -1.67282 1
20 64 1 0.749785 1
20 65 1 0.3281 1
20 66 1 1.00051 1
20 67 1 -0.673026 1
20 68 1 -0.0819709 1
20 69 1 -1.47024 1
20 70 1 -1.04507 1
20 71 1 -0.639603 1
20 72 1 0.441327 1
20 73 1 0.695184 1
20 74 1 0.3933 1
20 75 1 0.600289 1
20 76 1 0.440543 1
20 77 1 -0.681925 1
20 78 1 1.87868 1
20 79 1 0.382113 1
20 80 1 -0.434675 1
20 81 1 0.214704 1
20 82 1 1.51784 1
20 83 1 1.41496 1
20 84 1 0.0856748 1
20 85 1 0.0572313 1
20 86 1 -0.00691853 1
20 87 1 -0.819334 1
20 88 1 0.796862 1
20 89 1 -0.0517556 1
20 90 1 0.720811 1
20 91 1 -0.569183 0
20 92 1 -1.98866 1
20 93 1 1.52316 0
20 94 1 0.591957 0
20 95 1 0.0271422 1
20 96 1 -0.277505 1
20 98 1 0.724123 1
20 103 1 0.659912 1
103 91 1 -0.680598 0
103 105 1 1.22561 1
105 91 1 -0.659408 1
98 93 1 1.01706 1
98 99 1 -0.229708 1
96 94 1 -0.331344 1
21 64 1 -0.562303 1
21 65 1 0.437295 1
21 66 1 -0.386916 1
21 67 1 -1.78686 1
21 68 1 -0.0387584 1
21 69 1 1.23111 1
21 70 1 -1.13673 1
21 71 1 -1.72031 1
21 72 1 -0.464163 1
21 73 1 0.352418 1
21 74 1 -0.810689 1
21 75 1 -1.18673 1
21 76 1 -0.202677 1
21 77 1 0.820717 1
21 78 1 -1.6577 1
21 79 1 0.0434682 1
21 80 1 1.10155 1
21 81 1 0.443869 1
21 82 1 -0.250626 1
21 83 1 -0.00744906 1
21 84 1 2.77136 1
21 85 1 0.440308 1
21 86 1 1.51365 1
21 87 1 0.299431 1
21 88 1 1.79652 1
21 89 1 2.4897 1
21 90 1 0.626342 1
21 91 1 0.549618 1
21 92 1 0.735383 1
21 93 1 -0.594071 1
21 94 1 -0.116624 1
21 95 1 0.199475 1
22 64 1 2.15919 1
22 65 1 0.748067 1
22 66 1 1.311 1
22 67 1 1.63641 1
22 68 1 -1.01827 1
22 69 1 0.168149 1
22 70 1 -0.124392 1
22 71 1 0.608792 1
22 72 1 -1.17692 1
22 73 1 -1.94773 1
22 74 1 -1.04468 1
22 75 1 0.471122 1
22 76 1 0.010983 1
22 77 1 -0.839874 1
22 78 1 2.11058 1
22 79 1 1.41929 1
22 80 1 -0.892479 1
22 81 1 -1.89337 1
22 82 1 0.77055 1
22 83 1 0.284933 1
22 84 1 -1.19383 1
22 85 1 -0.50665 1
22 86 1 -0.195942 1
22 87 1 1.47421 1
22 88 1 0.168419 1
22 89 1 0.458356 1
22 90 1 2.20643 1
22 91 1 -0.353358 1
22 92 1 0.939663 1
22 93 1 0.244722 1
22 94 1 -0.348425 1
22 95 1 2.72931 1
23 64 1 -0.850146 1
23 65 1 -0.0692265 1
23 66 1 1.64789 1
23 67 1 0.586814 1
23 68 1 -0.858697 1
23 69 1 0.757049 1
23 70 1 0.593303 1
23 71 1 -2.04939 1
23 72 1 0.96383 1
23 73 1 0.574373 1
23 74 1 -0.235438 1
23 75 1 0.542908 1
23 76 1 1.51342 1
23 77 1 1.02199 1
23 78 1 2.03119 1
23 79 1 -2.35729 1
23 80 1 0.359295 1
23 81 1 -1.17584 1
23 82 1 -1.14183 1
23 83 1 0.438866 1
23 84 1 0.785236 1
23 85 1 0.979845 1
23 86 1 -3.66137 1
23 87 1 0.641962 1
23 88 1 0.43518 1
23 89 1 -0.716444 1
23 90 1 -0.121338 1
23 91 1 -0.0373647 1
23 92 1 -0.375006 1
23 93 1 0.580664 1
23 94 1 0.076811 1
23 95 1 -0.966982 1
24 64 1 -1.2969 1
24 65 1 -0.581811 1
24 66 1 -1.47161 1
24 67 1 1.75677 1
24 68 1 -2.63922 1
24 69 1 -0.222771 1
24 70 1 -1.62734 1
24 71 1 0.891865 1
24 72 1 -0.524192 1
24 73 1 -0.589496 1
24 74 1 1.6655 1
24 75 1 1.36278 1
24 76 1 1.69958 1
24 77 1 -2.38148 1
24 78 1 -1.82202 1
24 79 1 -0.437461 1
24 80 1 -0.0850496 1
24 81 1 -0.66692 1
24 82 1 3.14828 1
24 83 1 -2.76582 1
24 84 1 -0.939935 1
24 85 1 -0.3973 1
24 86 1 -1.76918 1
24 87 1 2.1867 1
24 88 1 -1.70265 1
24 89 1 0.651264 1
24 90 1 1.13254 1
24 91 1 0.0033952 1
24 92 1 0.81141 1
24 93 1 1.58586 1
24 94 1 1.13009 1
24 95 1 1.52734 1
24 5 1 2.20335 1
25 64 1 -1.09895 1
25 65 1 1.16694 1
25 66 1 0.307245 1
25 67 1 0.0888807 1
25 68 1 1.78552 1
25 69 1 -3.05418 1
25 70 1 1.36376 1
25 71 1 -1.75468 1
25 72 1 -1.17316 1
25 73 1 -1.88032 1
25 74 1 0.64108 1
25 75 1 0.896014 1
25 76 1 2.16352 1
25 77 1 1.47276 1
25 78 1 0.452828 1
25 79 1 -2.41536 1
25 80 1 0.847378 1
25 81 1 -0.596817 1
25 82 1 -0.598246 1
25 83 1 -0.266032 1
25 84 1 -0.9663 1
25 85 1 -1.98308 1
25 86 1 0.815427 1
25 87 1 0.619669 1
25 88 1 0.0132303 1
25 89 1 1.56984 1
25 90 1 -0.415743 1
25 91 1 -1.37421 1
25 92 1 -0.520888 1
25 93 1 -1.15497 1
25 94 1 -1.25311 1
25 95 1 -0.233984 1
25 8 1 0.506639 1
26 64 1 0.590485 1
26 65 1 0.891235 1
26 66 1 0.711023 1
26 67 1 1.21477 1
26 68 1 1.76278 1
26 69 1 2.64244 1
26 70 1 -0.480482 1
26 71 1 0.865511 1
26 72 1 -0.997065 1
26 73 1 0.124512 1
26 74 1 0.00212828 1
26 75 1 1.55863 1
26 76 1 -0.71117 1
26 77 1 -2.00512 1
26 78 1 -0.199032 1
26 79 1 -1.86664 1
26 80 1 -1.38964 1
26 81 1 2.13982 1
26 82 1 -0.849377 1
26 83 1 1.33406 1
26 84 1 -0.489848 1
26 85 1 -0.376213 1
26 86 1 -1.65183 1
26 87 1 2.01132 1
26 88 1 -0.853199 1
26 89 1 0.127857 1
26 90 1 -1.18853 1
26 91 1 -0.95144 1
26 92 1 -0.499892 1
26 93 1 -1.04688 1
26 94 1 1.53528 1
26 95 1 -0.163922 1
26 23 1 0.190379 1
27 64 1 -2.68005 1
27 65 1 0.72469 1
27 66 1 -0.395048 1
27 67 1 0.438209 1
27 68 1 -1.36578 1
27 69 1 -0.50056 1
27 70 1 0.203907 1
27 71 1 -0.756051 1
27 72 1 -1.77545 1
27 73 1 0.625888 1
27 74 1 0.662739 1
27 75 1 2.13398 1
27 76 1 -1.48179 1
27 77 1 -2.20096 1
27 78 1 4.41204 1
27 79 1 0.275995 1
27 80 1 -0.0598744 1
27 81 1 0.294316 1
27 82 1 -0.244539 1
27 83 1 -1.11934 1
27 84 1 1.41616 1
27 85 1 -0.013665 1
27 86 1 0.409966 1
27 87 1 -0.270308 1
27 88 1 -2.94596 1
27 89 1 0.405409 1
27 90 1 0.845538 1
27 91 1 -0.117205 1
27 92 1 -2.03353 1
27 93 1 -1.78101 1
27 94 1 2.08514 1
27 95 1 0.756074 1
27 9 1 1.48824 1
28 64 1 0.020279 1
28 65 1 0.983806 1
28 66 1 0.163417 1
28 67 1 0.449801 1
28 68 1 0.576083 1
28 69 1 2.51698 1
28 70 1 -0.545933 1
28 71 1 -0.628368 1
28 72 1 0.373884 1
28 73 1 0.579021 1
28 74 1 0.362992 1
28 75 1 -0.625129 1
28 76 1 -0.193116 1
28 77 1 -1.87238 1
28 78 1 0.58211 1
28 79 1 0.955149 1
28 80 1 2.34203 1
28 81 1 -0.743518 1
28 82 1 0.978006 1
28 83 1 -0.0853822 1
28 84 1 0.284345 1
28 85 1 -2.31263 1
28 86 1 -0.920379 1
28 87 1 -0.549185 1
28 88 1 -2.2592 1
28 89 1 -1.11056 1
28 90 1 -1.22881 1
28 91 1 -1.24694 1
28 92 1 1.34451 1
28 93 1 -0.709914 1
28 94 1 0.026917 1
28 95 1 -0.302566 1
29 64 1 0.575414 1
29 65 1 -0.34347 1
29 66 1 0.0674101 1
29 67 1 0.602643 1
29 68 1 0.283874 1
29 69 1 1.35023 1
29 70 1 -0.425249 1
29 71 1 1.46485 1
29 72 1 -0.0997737 1
29 73 1 0.652243 1
29 74 1 0.497294 1
29 75 1 1.50636 1
29 76 1 0.489965 1
29 77 1 -0.177477 1
29 78 1 -1.45617 1
29 79 1 -0.320472 1
29 80 1 -0.336044 1
29 81 1 0.478808 1
29 82 1 -0.643504 1
29 83 1 -0.579507 1
29 84 1 -0.575295 1
29 85 1 -0.325698 1
29 86 1 -2.02557 1
29 87 1 -2.45437 1
29 88 1 0.813999 1
29 89 1 -0.535071 1
29 90 1 -1.55866 1
29 91 1 0.537471 1
29 92 1 0.102619 1
29 93 1 0.421977 1
29 94 1 -0.0195979 1
29 95 1 0.378736 1
30 64 1 0.61875 1
30 65 1 0.191505 1
30 66 1 -0.621731 1
30 67 1 0.0537859 1
30 68 1 1.58328 1
30 69 1 -1.00189 1
30 70 1 -0.595417 1
30 71 1 1.99664 1
30 72 1 -0.459981 1
30 73 1 3.27978 1
30 74 1 0.657262 1
30 75 1 0.365169 1
30 76 1 0.00557243 1
30 77 1 -1.3943 1
30 78 1 -0.35397 1
30 79 1 0.167009 1
30 80 1 0.424777 1
30 81 1 -0.455156 1
30 82 1 1.54905 1
30 83 1 2.86324 1
30 84 1 1.83176 1
30 85 1 -0.89537 1
30 86 1 -0.116157 1
30 87 1 -2.69361 1
30 88 1 0.643778 1
30 89 1 -2.08838 1
30 90 1 -0.0335984 1
30 91 1 0.138505 1
30 92 1 0.101769 1
30 93 1 1.24663 1
30 94 1 2.07126 1
30 95 1 0.225655 1
31 64 1 1.42878 1
31 65 1 0.597281 1
31 66 1 -1.66762 1
31 67 1 2.754 1
31 68 1 3.78276 1
31 69 1 -0.361465 1
31 70 1 -0.523573 1
31 71 1 0.709314 1
31 72 1 -1.42079 1
31 73 1 -1.817 1
31 74 1 -0.774836 1
31 75 1 -1.43356 1
31 76 1 -0.441761 1
31 77 1 0.0887876 1
31 78 1 0.226746 1
31 79 1 1.45884 1
31 80 1 -0.716805 1
31 81 1 0.974825 1
31 82 1 2.13666 1
31 83 1 0.340895 1
31 84 1 -1.71295 1
31 85 1 0.823854 1
31 86 1 -0.277976 1
31 87 1 1.3329 1
31 88 1 1.05218 1
31 89 1 1.28196 1
31 90 1 1.4872 1
31 91 1 -1.41097 1
31 92 1 -1.09301 1
31 93 1 1.20461 1
31 94 1 -1.00242 1
31 95 1 -1.09939 1
32 64 1 1.53556 1
32 65 1 0.0565288 1
32 66 1 -2.13699 1
32 67 1 -1.01549 1
32 68 1 1.11436 1
32 69 1 2.50061 1
32 70 1 0.489198 1
32 71 1 1.52281 1
32 72 1 -2.88848 1
32 73 1 -0.696603 1
32 74 1 -0.902622 1
32 75 1 0.676644 1
32 76 1 -1.65787 1
32 77 1 -0.240948 1
32 78 1 -2.42076 1
32 79 1 1.7579 1
32 80 1 1.5157 1
32 81 1 -1.21602 1
32 82 1 0.289078 1
32 83 1 0.576102 1
32 84 1 -0.175316 1
32 85 1 -1.97401 1
32 86 1 -0.403424 1
32 87 1 1.00847 1
32 88 1 -0.0498223 1
32 89 1 -2.07697 1
32 90 1 0.677471 1
32 91 1 1.15751 1
32 92 1 1.47403 1
32 93 1 -0.811787 1
32 94 1 1.71462 1
32 95 1 -0.447194 1
33 64 1 2.06609 1
33 65 1 -3.03339 1
33 66 1 -0.520137 1
33 67 1 -1.83914 1
33 68 1 -1.49191 1
33 69 1 -1.32687 1
33 70 1 2.38294 1
33 71 1 0.123582 1
33 72 1 0.359565 1
33 73 1 0.841161 1
33 74 1 1.70117 1
33 75 1 -1.44009 1
33 76 1 -0.924722 1
33 77 1 1.70994 1
33 78 1 -2.32232 1
33 79 1 0.201086 1
33 80 1 0.647008 1
33 81 1 -0.528956 1
33 82 1 -0.558378 1
33 83 1 0.522141 1
33 84 1 0.901587 1
33 85 1 2.34817 1
33 86 1 -0.10627 1
33 87 1 0.744729 1
33 88 1 2.50269 1
33 89 1 1.56303 1
33 90 1 -0.817914 1
33 91 1 0.552051 1
33 92 1 1.07206 1
33 93 1 0.213941 1
33 94 1 0.491319 1
33 95 1 0.558443 1
34 64 1 0.263137 1
34 65 1 0.805258 1
34 66 1 -0.00844117 1
34 67 1 1.80877 1
34 68 1 1.69814 1
34 69 1 0.83934 1
34 70 1 -0.800068 1
34 71 1 0.509836 1
34 72 1 -0.858604 1
34 73 1 0.941025 1
34 74 1 1.00711 1
34 75 1 1.51682 1
34 76 1 -1.60218 1
34 77 1 0.162762 1
34 78 1 -0.0861273 1
34 79 1 0.0923324 1
34 80 1 0.687409 1
34 81 1 -0.0193338 1
34 82 1 -0.738544 1
34 83 1 0.267188 1
34 84 1 0.140701 1
34 85 1 -0.0157818 1
34 86 1 0.600108 1
34 87 1 -1.25174 1
34 88 1 1.69569 1
34 89 1 -0.488335 1
34 90 1 0.270605 1
34 91 1 0.846175 1
34 92 1 -1.32045 1
34 93 1 -1.71759 1
34 94 1 0.574559 1
34 95 1 0.0366089 1
35 64 1 -2.60331 1
35 65 1 1.81675 1
35 66 1 0.982133 1
35 67 1 0.458436 1
35 68 1 -0.296951 1
35 69 1 1.39095 1
35 70 1 0.397118 1
35 71 1 1.19497 1
35 72 1 0.0767971 1
35 73 1 0.549197 1
35 74 1 0.81281 1
35 75 1 -2.08397 1
35 76 1 -0.0622384 1
35 77 1 0.392555 1
35 78 1 -1.25094 1
35 79 1 -1.0906 1
35 80 1 -3.52593 1
35 81 1 0.622458 1
35 82 1 2.92504 1
35 83 1 -0.407085 1
35 84 1 -0.0392419 1
35 85 1 -0.542252 1
35 86 1 -0.537184 1
35 87 1 -0.597867 1
35 88 1 -1.03817 1
35 89 1 0.672884 1
35 90 1 -2.0252 1
35 91 1 -2.33216 1
35 92 1 0.37617 1
35 93 1 0.807048 1
35 94 1 0.184379 1
35 95 1 0.161975 1
36 64 1 -0.585831 1
36 65 1 0.978485 1
36 66 1 -0.489944 1
36 67 1 0.266849 1
36 68 1 -0.687332 1
36 69 1 1.38343 1
36 70 1 0.811484 1
36 71 1 1.48644 1
36 72 1 -1.76751 1
36 73 1 0.952317 1
36 74 1 0.870652 1
36 75 1 0.866702 1
36 76 1 -1.6468 1
36 77 1 -1.13424 1
36 78 1 2.11721 1
36 79 1 2.92453 1
36 80 1 -1.22049 1
36 81 1 0.732802 1
36 82 1 -0.128385 1
36 83 1 -1.16272 1
36 84 1 -0.0509363 1
36 85 1 0.969707 1
36 86 1 0.153649 1
36 87 1 -1.05965 1
36 88 1 1.17235 1
36 89 1 -0.775306 1
36 90 1 -1.42181 1
36 91 1 -0.93924 1
36 92 1 1.4214 1
36 93 1 -0.0361771 1
36 94 1 -1.40347 1
36 95 1 2.74729 1
37 64 1 -1.93586 1
37 65 1 -0.126365 1
37 66 1 -2.27832 1
37 67 1 -2.09421 1
37 68 1 -1.43327 1
37 69 1 1.22062 1
37 70 1 -0.608008 1
37 71 1 -0.378633 1
37 72 1 1.024 1
37 73 1 0.340915 1
37 74 1 -1.26177 1
37 75 1 0.0168646 1
37 76 1 0.408984 1
37 77 1 1.70869 1
37 78 1 -0.471974 1
37 79 1 0.0868564 1
37 80 1 0.839001 1
37 81 1 0.453434 1
37 82 1 3.08057 1
37 83 1 -0.33473 1
37 84 1 -0.344269 1
37 85 1 0.603632 1
37 86 1 -1.7452 1
37 87 1 0.681099 1
37 88 1 -0.937559 1
37 89 1 0.560139 1
37 90 1 0.298599 1
37 91 1 -1.64236 1
37 92 1 1.09484 1
37 93 1 -1.1796 1
37 94 1 -1.00295 1
37 95 1 -0.906839 1
38 64 1 -0.825137 1
38 65 1 -1.17368 1
38 66 1 -2.10367 1
38 67 1 -0.453028 1
38 68 1 -0.0251618 1
38 69 1 -0.51854 1
38 70 1 2.35115 1
38 71 1 0.372074 1
38 72 1 0.773873 1
38 73 1 0.144889 1
38 74 1 0.724931 1
38 75 1 -0.320026 1
38 76 1 2.09762 1
38 77 1 -0.175549 1
38 78 1 1.16024 1
38 79 1 -1.55953 1
38 80 1 -1.9762 1
38 81 1 -0.314611 1
38 82 1 -1.4851 1
38 83 1 -0.831264 1
38 84 1 0.173521 1
38 85 1 -0.0267403 1
38 86 1 -0.492883 1
38 87 1 0.0910455 1
38 88 1 0.305674 1
38 89 1 1.66951 1
38 90 1 -1.61748 1
38 91 1 -0.662299 1
38 92 1 -0.00585174 1
38 93 1 -0.16506 1
38 94 1 0.0275746 1
38 95 1 -0.276514 1
39 64 1 -0.89352 1
39 65 1 0.293498 1
39 66 1 -0.87839 1
39 67 1 -0.686158 1
39 68 1 -0.407999 1
39 69 1 1.43076 1
39 70 1 -1.95738 1
39 71 1 0.614862 1
39 72 1 0.433744 1
39 73 1 1.07166 1
39 74 1 0.859099 1
39 75 1 0.324345 1
39 76 1 -0.215879 1
39 77 1 -3.57524 1
39 78 1 -0.412253 1
39 79 1 0.774403 1
39 80 1 0.0660118 1
39 81 1 -2.00729 1
39 82 1 -0.450611 1
39 83 1 -0.116264 1
39 84 1 2.54267 1
39 85 1 -0.232803 1
39 86 1 0.279602 1
39 87 1 -0.212946 1
39 88 1 -0.153664 1
39 89 1 1.24679 1
39 90 1 1.74208 1
39 91 1 -1.51416 1
39 92 1 1.25017 1
39 93 1 -0.24124 1
39 94 1 0.374521 1
39 95 1 -0.16218 1
39 2 1 -1.95599 1
40 64 1 -3.26325 1
40 65 1 -0.707587 1
40 66 1 -0.591904 1
40 67 1 1.4267 1
40 68 1 0.962049 1
40 69 1 -2.22229 1
40 70 1 -1.02984 1
40 71 1 1.71939 1
40 72 1 0.878295 1
40 73 1 -0.260029 1
40 74 1 -0.143023 1
40 75 1 0.0149109 1
40 76 1 -0.00245016 1
40 77 1 -1.21657 1
40 78 1 1.67735 1
40 79 1 -1.26809 1
40 80 1 0.715834 1
40 81 1 0.00530539 1
40 82 1 0.979025 1
40 83 1 -0.185388 1
40 84 1 -0.326551 1
40 85 1 2.27672 1
40 86 1 1.76395 1
40 87 1 -0.256053 1
40 88 1 -0.930142 1
40 89 1 -0.199963 1
40 90 1 0.86027 1
40 91 1 0.152565 1
40 92 1 0.693444 1
40 93 1 0.557724 1
40 94 1 -1.18058 1
40 95 1 1.08033 1
41 64 1 1.78506 1
41 65 1 -0.00936848 1
41 66 1 2.20577 1
41 67 1 -1.80517 1
41 68 1 -0.216004 1
41 69 1 0.541777 1
41 70 1 0.0186257 1
41 71 1 1.8135 1
41 72 1 2.67091 1
41 73 1 -0.754217 1
41 74 1 -1.30222 1
41 75 1 1.91974 1
41 76 1 -0.0673127 1
41 77 1 -1.20779 1
41 78 1 -1.7355 1
41 79 1 -1.02911 1
41 80 1 1.42911 1
41 81 1 0.743002 1
41 82 1 0.558377 1
41 83 1 -0.153483 1
41 84 1 1.11646 1
41 85 1 -0.207784 1
41 86 1 0.67231 1
41 87 1 -0.247838 1
41 88 1 2.64311 1
41 89 1 -0.222267 1
41 90 1 -0.646185 1
41 91 1 0.405433 1
41 92 1 -0.774778 1
41 93 1 1.93194 1
41 94 1 1.35665 1
41 95 1 -1.3517 1
42 64 1 0.783861 1
42 65 1 -0.555036 1
42 66 1 0.621418 1
42 67 1 1.51916 1
42 68 1 0.989372 1
42 69 1 -0.956784 1
42 70 1 0.635902 1
42 71 1 0.319415 1
42 72 1 -1.65602 1
42 73 1 -0.719442 1
42 74 1 1.35142 1
42 75 1 2.28562 1
42 76 1 -0.656733 1
42 77 1 0.695317 1
42 78 1 -1.81095 1
42 79 1 -1.34233 1
42 80 1 0.487933 1
42 81 1 0.0927666 1
42 82 1 0.713865 1
42 83 1 0.936537 1
42 84 1 0.436781 1
42 85 1 0.557723 1
42 86 1 0.531082 1
42 87 1 0.0211464 1
42 88 1 1.89933 1
42 89 1 0.304249 1
42 90 1 0.0989854 1
42 91 1 1.46118 1
42 92 1 -0.611774 1
42 93 1 0.453005 1
42 94 1 -1.001 1
42 95 1 -1.00777 1
43 64 1 0.233709 1
43 65 1 -1.32314 1
43 66 1 0.341099 1
43 67 1 0.720179 1
43 68 1 0.441603 1
43 69 1 -2.95801 1
43 70 1 1.15689 1
43 71 1 -1.20573 1
43 72 1 -0.149976 1
43 73 1 -1.56424 1
43 74 1 0.351691 1
43 75 1 -0.853949 1
43 76 1 1.49876 1
43 77 1 0.587554 1
43 78 1 -0.478575 1
43 79 1 -0.138 1
43 80 1 -0.572322 1
43 81 1 0.427987 1
43 82 1 1.2123 1
43 83 1 -0.61889 1
43 84 1 0.642125 1
43 85 1 1.70952 1
43 86 1 -1.5954 1
43 87 1 2.71103 1
43 88 1 0.448712 1
43 89 1 1.53044 1
43 90 1 -1.26533 1
43 91 1 -0.462789 1
43 92 1 -0.134814 1
43 93 1 0.953092 1
43 94 1 -0.580075 1
43 95 1 0.33599 1
44 64 1 0.169394 1
44 65 1 -2.17334 1
44 66 1 0.717319 1
44 67 1 -0.224853 1
44 68 1 0.320032 1
44 69 1 1.2372 1
44 70 1 0.381275 1
44 71 1 -0.101938 1
44 72 1 -1.89397 1
44 73 1 0.784088 1
44 74 1 -1.15177 1
44 75 1 -0.328645 1
44 76 1 0.616465 1
44 77 1 -0.156829 1
44 78 1 -0.266327 1
44 79 1 0.199009 1
44 80 1 0.877619 1
44 81 1 1.05179 1
44 82 1 1.48731 1
44 83 1 -1.19985 1
44 84 1 0.296119 1
44 85 1 1.09672 1
44 86 1 0.658824 1
44 87 1 -1.2827 1
44 88 1 -0.273138 1
44 89 1 -0.885976 1
44 90 1 0.835281 1
44 91 1 0.909339 1
44 92 1 -0.242201 1
44 93 1 1.67322 1
44 94 1 0.00892026 1
44 95 1 -0.423836 1
45 64 1 0.96228 1
45 65 1 -0.834687 1
45 66 1 -0.345959 1
45 67 1 -1.71804 1
45 68 1 -1.2919 1
45 69 1 -3.30948 1
45 70 1 -0.336059 1
45 71 1 -0.528312 1
45 72 1 -0.167934 1
45 73 1 0.600497 1
45 74 1 2.433 1
45 75 1 0.836719 1
45 76 1 -0.0647031 1
45 77 1 -0.594014 1
45 78 1 -1.61171 1
45 79 1 0.278572 1
45 80 1 0.010173 1
45 81 1 -0.514335 1
45 82 1 1.01404 1
45 83 1 -0.912687 1
45 84 1 1.35025 1
45 85 1 0.0983314 1
45 86 1 0.306248 1
45 87 1 -0.298845 1
45 88 1 -2.13999 1
45 89 1 -0.397466 1
45 90 1 -0.523347 1
45 91 1 0.683039 1
45 92 1 -1.42324 1
45 93 1 -2.23008 1
45 94 1 1.02763 1
45 95 1 -0.78071 1
45 9 1 0.103805 1
46 64 1 0.427745 1
46 65 1 2.13494 1
46 66 1 0.437578 1
46 67 1 -0.256488 1
46 68 1 -1.28183 1
46 69 1 -1.33976 1
46 70 1 0.190764 1
46 71 1 -1.38694 1
46 72 1 -0.559572 1
46 73 1 -0.552836 1
46 74 1 -2.26798 1
46 75 1 0.290302 1
46 76 1 -0.381982 1
46 77 1 0.880556 1
46 78 1 0.0112419 1
46 79 1 0.646805 1
46 80 1 1.24935 1
46 81 1 -0.509068 1
46 82 1 -0.496783 1
46 83 1 1.39343 1
46 84 1 -1.65165 1
46 85 1 -0.646918 1
46 86 1 -0.658022 1
46 87 1 -1.27064 1
46 88 1 -0.336074 1
46 89 1 -1.17736 1
46 90 1 -0.244545 1
46 91 1 -1.66386 1
46 92 1 -0.941593 1
46 93 1 -0.21283 1
46 94 1 -0.579968 1
46 95 1 0.306117 1
47 64 1 1.02901 1
47 65 1 0.285284 1
47 66 1 -1.76768 1
47 67 1 2.22663 1
47 68 1 0.26259 1
47 69 1 2.29887 1
47 70 1 -0.126085 1
47 71 1 0.867478 1
47 72 1 -0.107601 1
47 73 1 0.82978 1
47 74 1 0.0218541 1
47 75 1 0.17183 1
47 76 1 -0.242894 1
47 77 1 -2.97271 1
47 78 1 0.0353013 1
47 79 1 -0.729893 1
47 80 1 -0.41559 1
47 81 1 -1.70408 1
47 82 1 0.859484 1
47 83 1 -1.16682 1
47 84 1 -1.04463 1
47 85 1 2.73331 1
47 86 1 -0.428514 1
47 87 1 0.597191 1
47 88 1 -2.32174 1
47 89 1 -0.339945 1
47 90 1 0.891092 1
47 91 1 0.0857959 1
47 92 1 1.58545 1
47 93 1 -2.76741 1
47 94 1 0.313839 1
47 95 1 -1.09879 1
47 4 1 -0.440197 1
48 64 1 -0.796398 1
48 65 1 -1.43824 1
48 66 1 -0.554843 1
48 67 1 -2.31049 1
48 68 1 -1.27383 1
48 69 1 -0.290667 1
48 70 1 0.985766 1
48 71 1 3.1782 1
48 72 1 -0.70459 1
48 73 1 0.822885 1
48 74 1 2.62652 1
48 75 1 -1.02117 1
48 76 1 -0.837522 1
48 77 1 -1.45911 1
48 78 1 0.912013 1
48 79 1 0.576625 1
48 80 1 1.64562 1
48 81 1 0.0327551 1
48 82 1 -0.771012 1
48 83 1 0.149137 1
48 84 1 0.837099 1
48 85 1 0.74986 1
48 86 1 0.995506 1
48 87 1 -0.457793 1
48 88 1 -1.6929 1
48 89 1 1.00237 1
48 90 1 1.18777 1
48 91 1 1.09561 1
48 92 1 -2.14274 1
48 93 1 -0.65212 1
48 94 1 -0.589098 1
48 95 1 -0.0324277 1
48 16 1 0.734248 1
49 64 1 -0.0404688 1
49 65 1 0.363681 1
49 66 1 -1.81171 1
49 67 1 1.91268 1
49 68 1 0.917112 1
49 69 1 2.15701 1
49 70 1 0.285822 1
49 71 1 -1.72705 1
49 72 1 -1.5336 1
49 73 1 0.434842 1
49 74 1 0.832882 1
49 75 1 0.0881962 1
49 76 1 -2.92076 1
49 77 1 -1.41067 1
49 78 1 0.0886815 1
49 79 1 1.3817 1
49 80 1 2.28915 1
49 81 1 -1.2739 1
49 82 1 1.19718 1
49 83 1 1.44142 1
49 84 1 0.93437 1
49 85 1 -1.26983 1
49 86 1 0.044957 1
49 87 1 -0.587568 1
49 88 1 -2.24877 1
49 89 1 0.632675 1
49 90 1 1.1231 1
49 91 1 0.497141 1
49 92 1 -1.13383 1
49 93 1 1.32483 1
49 94 1 0.789621 1
49 95 1 1.17716 1
49 19 1 -0.0582221 1
50 64 1 -1.6302 1
50 65 1 -1.25933 1
50 66 1 1.54803 1
50 67 1 0.199203 1
50 68 1 -1.0446 1
50 69 1 -0.575772 1
50 70 1 2.76198 1
50 71 1 1.70699 1
50 72 1 -1.50172 1
50 73 1 1.32923 1
50 74 1 1.03103 1
50 75 1 1.35258 1
50 76 1 -1.49225 1
50 77 1 1.83022 1
50 78 1 -0.262352 1
50 79 1 -1.87806 1
50 80 1 0.130718 1
50 81 1 -1.81681 1
50 82 1 0.115758 1
50 83 1 2.52222 1
50 84 1 -1.33744 1
50 85 1 0.881441 1
50 86 1 0.372001 1
50 87 1 -1.74733 1
50 88 1 -1.05972 1
50 89 1 -0.283938 1
50 90 1 0.931342 1
50 91 1 0.380659 1
50 92 1 -0.0722776 1
50 93 1 2.18482 1
50 94 1 -0.348153 1
50 95 1 1.26283 1
51 64 1 -0.716412 1
51 65 1 0.128831 1
51 66 1 -0.207045 1
51 67 1 -1.10654 1
51 68 1 -0.85422 1
51 69 1 -0.537027 1
51 70 1 -0.00778709 1
51 71 1 1.29483 1
51 72 1 -0.943431 1
51 73 1 0.278715 1
51 74 1 -0.951457 1
51 75 1 3.41767 1
51 76 1 0.427877 1
51 77 1 -0.601514 1
51 78 1 -2.12378 1
51 79 1 1.6861 1
51 80 1 0.425626 1
51 81 1 -0.22051 1
51 82 1 -1.41415 1
51 83 1 0.15659 1
51 84 1 -0.750065 1
51 85 1 0.447735 1
51 86 1 -1.21588 1
51 87 1 0.0763864 1
51 88 1 -0.956803 1
51 89 1 -1.23177 1
51 90 1 -0.836495 1
51 91 1 0.495955 1
51 92 1 -0.639474 1
51 93 1 1.28875 1
51 94 1 -1.99373 1
51 95 1 0.777304 1
52 64 1 -0.212331 1
52 65 1 0.60625 1
52 66 1 1.73972 0
52 67 1 -0.253996 1
52 68 1 -1.95476 1
52 69 1 1.77865 1
52 70 1 1.298 1
52 71 1 -0.816328 1
52 72 1 -1.73171 1
52 73 1 0.922317 1
52 74 1 1.66153 1
52 75 1 -0.428812 1
52 76 1 -2.34113 1
52 77 1 -0.92099 1
52 78 1 -0.972631 1
52 79 1 -0.589646 1
52 80 1 0.0519362 1
52 81 1 -0.486414 1
52 82 1 -0.545066 1
52 83 1 0.299133 1
52 84 1 -1.24881 1
52 85 1 -1.1977 1
52 86 1 -1.20779 1
52 87 1 1.53598 1
52 88 1 -0.800648 1
52 89 1 1.91289 1
52 90 1 -2.41086 1
52 91 1 0.00219585 1
52 92 1 -1.67451 1
52 93 1 -0.855715 1
52 94 1 0.685115 1
52 95 1 -0.721605 1
52 106 1 1.04381 1
106 66 1 1.39987 1
53 64 1 -2.02923 1
53 65 1 1.13484 1
53 66 1 0.697992 1
53 67 1 -1.67068 1
53 68 1 -0.875287 1
53 69 1 2.59663 1
53 70 1 0.479736 1
53 71 1 -0.112024 1
53 72 1 0.735009 1
53 73 1 0.638962 1
53 74 1 1.21498 1
53 75 1 0.247897 1
53 76 1 -0.019338 1
53 77 1 0.756611 1
53 78 1 1.12355 1
53 79 1 -0.333147 1
53 80 1 -1.23497 1
53 81 1 -1.39806 1
53 82 1 -0.1718 1
53 83 1 0.348684 1
53 84 1 1.62699 1
53 85 1 -0.413079 1
53 86 1 -0.4729 1
53 87 1 -0.290405 1
53 88 1 -1.64369 1
53 89 1 -0.546068 1
53 90 1 -1.62229 1
53 91 1 -0.0474637 1
53 92 1 -0.588656 1
53 93 1 1.74166 1
53 94 1 -0.623192 1
53 95 1 -0.997048 1
53 20 1 0.282443 1
54 64 1 0.344082 1
54 65 1 0.94465 1
54 66 1 -0.121815 1
54 67 1 0.251624 1
54 68 1 -0.772378 1
54 69 1 -0.427237 1
54 70 1 -0.160187 1
54 71 1 0.961345 1
54 72 1 1.0133 1
54 73 1 0.535262 1
54 74 1 1.53258 1
54 75 1 -0.868657 1
54 76 1 -0.240685 1
54 77 1 1.1074 1
54 78 1 0.173466 1
54 79 1 -0.90598 1
54 80 1 0.174528 1
54 81 1 -1.69954 1
54 82 1 -0.351254 1
54 83 1 1.22249 1
54 84 1 -0.720364 1
54 85 1 0.30475 1
54 86 1 -2.00574 1
54 87 1 0.203931 1
54 88 1 2.48247 1
54 89 1 0.419877 1
54 90 1 -1.34195 1
54 91 1 0.654037 1
54 92 1 0.522299 1
54 93 1 -0.156881 1
54 94 1 0.456047 1
54 95 1 0.696295 1
54 30 1 0.694886 1
55 64 1 0.274109 1
55 65 1 -1.05518 1
55 66 1 0.0223733 1
55 67 1 -0.340023 1
55 68 1 -1.04267 1
55 69 1 1.25434 1
55 70 1 1.52214 1
55 71 1 -3.60699 1
55 72 1 1.04105 1
55 73 1 -0.165374 1
55 74 1 1.53028 1
55 75 1 -2.201 1
55 76 1 -2.6161 1
55 77 1 1.72596 1
55 78 1 -2.03291 1
55 79 1 -0.0128867 1
55 80 1 0.0128313 1
55 81 1 0.336723 1
55 82 1 0.640302 1
55 83 1 -0.494696 1
55 84 1 -0.908552 1
55 85 1 -0.690068 1
55 86 1 1.16965 1
55 87 1 2.3541 1
55 88 1 -0.953964 1
55 89 1 -2.14534 1
55 90 1 1.09428 1
55 91 1 0.358615 1
55 92 1 1.43489 1
55 93 1 -1.68391 1
55 94 1 -0.803076 1
55 95 1 -1.50013 1
55 28 1 0.487178 1
56 64 1 0.76529 1
56 65 1 1.01197 1
56 66 1 -0.154093 1
56 67 1 -0.00299264 1
56 68 1 0.980003 1
56 69 1 1.29602 1
56 70 1 0.22539 1
56 71 1 1.82498 1
56 72 1 0.912702 1
56 73 1 -0.655365 1
56 74 1 -0.483978 1
56 75 1 1.22443 1
56 76 1 -0.937144 1
56 77 1 0.628482 1
56 78 1 -0.40923 1
56 79 1 0.259268 1
56 80 1 -1.69573 1
56 81 1 1.27774 1
56 82 1 0.603363 1
56 83 1 -1.06199 1
56 84 1 -0.110101 1
56 85 1 -0.997584 1
56 86 1 -0.539408 1
56 87 1 -1.69863 1
56 88 1 2.11857 1
56 89 1 -2.43027 1
56 90 1 -0.321342 1
56 91 1 -1.09159 1
56 92 1 0.449077 1
56 93 1 1.06206 1
56 94 1 -1.80071 1
56 95 1 -0.0973708 1
56 3 1 0.493559 1
57 64 1 -0.348111 1
57 65 1 2.54594 1
57 66 1 -0.466716 1
57 67 1 1.80778 1
57 68 1 2.28341 1
57 69 1 -0.251918 0
57 70 1 -0.0148763 1
57 71 1 -0.0184699 1
57 72 1 -0.0653947 1
57 73 1 -1.13356 1
57 74 1 0.79394 1
57 75 1 2.31465 1
57 76 1 1.31435 1
57 77 1 -2.04743 1
57 78 1 -1.18201 1
57 79 1 -1.30521 1
57 80 1 1.73371 1
57 81 1 0.576391 1
57 82 1 0.0252888 1
57 83 1 -1.10867 1
57 84 1 -0.0538302 1
57 85 1 -3.32793 1
57 86 1 -0.947545 1
57 87 1 -0.22559 1
57 88 1 -1.73206 1
57 89 1 1.37334 1
57 90 1 0.860659 1
57 91 1 0.0810905 1
57 92 1 -0.824983 1
57 93 1 1.43761 1
57 94 1 2.04322 1
57 95 1 -0.394947 1
57 104 1 0.922084 1
104 69 1 -0.309002 1
58 64 1 0.401014 1
58 65 1 0.312043 1
58 66 1 -0.889215 1
58 67 1 -0.509035 1
58 68 1 1.42997 1
58 69 1 -0.653371 1
58 70 1 0.0841353 1
58 71 1 -0.15622 1
58 72 1 0.0838172 1
58 73 1 -1.4543 1
58 74 1 2.09974 1
58 75 1 1.91001 1
58 76 1 0.0441026 1
58 77 1 -2.62296 1
58 78 1 0.222952 1
58 79 1 -0.704367 1
58 80 1 0.0787638 1
58 81 1 0.634285 1
58 82 1 1.00179 1
58 83 1 -0.446919 1
58 84 1 0.397328 1
58 85 1 0.603522 1
58 86 1 -0.762505 1
58 87 1 -2.60185 1
58 88 1 -0.596789 1
58 89 1 0.481074 1
58 90 1 -1.76096 1
58 91 1 0.473827 1
58 92 1 1.57144 1
58 93 1 -0.680791 1
58 94 1 -1.41673 1
58 95 1 1.75093 1
59 64 1 -0.617841 1
59 65 1 -0.205298 1
59 66 1 0.112076 1
59 67 1 -0.86996 1
59 68 1 -0.558531 1
59 69 1 -0.425318 1
59 70 1 -1.86401 1
59 71 1 -0.730009 1
59 72 1 -1.14521 1
59 73 1 -1.37039 1
59 74 1 0.990046 1
59 75 1 -0.220309 1
59 76 1 2.51758 1
59 77 1 -0.571033 0
59 78 1 -0.718577 1
59 79 1 0.00369177 1
59 80 1 -0.166051 1
59 81 1 -1.64786 1
59 82 1 -0.706018 1
59 83 1 1.73926 1
59 84 1 0.626386 1
59 85 1 -0.902764 1
59 86 1 -0.403198 1
59 87 1 1.68348 1
59 88 1 0.50091 1
59 89 1 -0.0902058 1
59 90 1 1.44893 1
59 91 1 0.430131 1
59 92 1 0.658338 1
59 93 1 0.64322 1
59 94 1 0.820604 1
59 95 1 1.18788 1
59 97 1 1.46285 1
59 5 1 0.38173 1
97 77 1 -0.686961 1
97 22 1 -1.592 1
97 2 1 0.16347 0
97 99 1 0.704569 1
97 7 1 0.32295 0
97 102 1 1.0018 1
102 7 1 0.489528 1
99 2 1 0.616846 1
60 64 1 0.884655 1
60 65 1 -0.0641074 1
60 66 1 0.251475 1
60 67 1 -1.1726 1
60 68 1 1.14844 1
60 69 1 1.36471 1
60 70 1 -0.560595 1
60 71 1 -1.56648 1
60 72 1 -1.38303 1
60 73 1 -1.89072 1
60 74 1 -0.0189 1
60 75 1 0.403905 1
60 76 1 0.215112 1
60 77 1 2.64602 1
60 78 1 -0.90663 1
60 79 1 -2.07249 1
60 80 1 -2.19707 1
60 81 1 0.629438 1
60 82 1 -1.12984 1
60 83 1 1.94201 1
60 84 1 -1.42743 1
60 85 1 0.647263 1
60 86 1 1.50412 1
60 87 1 0.00413247 1
60 88 1 -1.82505 1
60 89 1 -1.32974 1
60 90 1 -1.11325 1
60 91 1 1.34792 1
60 92 1 -0.320375 1
60 93 1 0.716926 1
60 94 1 0.0524322 1
60 95 1 -1.3062 1
60 24 1 0.513062 1
61 64 1 -0.762774 1
61 65 1 0.35311 1
61 66 1 0.770216 1
61 67 1 -0.992577 1
61 68 1 -1.7872 1
61 69 1 0.893539 1
61 70 1 0.108517 1
61 71 1 -0.167029 1
61 72 1 -0.162842 1
61 73 1 -1.08833 1
61 74 1 1.58556 1
61 75 1 -0.104571 1
61 76 1 1.35893 1
61 77 1 -2.37295 1
61 78 1 2.11775 1
61 79 1 -0.287628 1
61 80 1 -0.539156 1
61 81 1 0.717664 1
61 82 1 0.778589 1
61 83 1 0.711863 1
61 84 1 1.43893 1
61 85 1 1.15239 1
61 86 1 -0.454732 1
61 87 1 0.918982 1
61 88 1 1.07109 1
61 89 1 1.50709 1
61 90 1 -0.551864 1
61 91 1 0.121721 1
61 92 1 -0.890929 1
61 93 1 0.893733 1
61 94 1 0.986366 1
61 95 1 2.20113 1
62 64 1 1.01019 1
62 65 1 -0.906491 1
62 66 1 0.193282 1
62 67 1 -0.0831052 1
62 68 1 -1.02835 1
62 69 1 0.990357 1
62 70 1 -0.862063 1
62 71 1 -0.0748673 1
62 72 1 -0.110416 1
62 73 1 0.60184 1
62 74 1 1.82713 1
62 75 1 -0.131774 1
62 76 1 -1.03759 1
62 77 1 -1.25336 1
62 78 1 0.282336 1
62 79 1 0.602207 1
62 80 1 0.00253472 1
62 81 1 -0.0817214 1
62 82 1 -0.197934 1
62 83 1 0.653139 1
62 84 1 -1.15431 1
62 85 1 0.29521 1
62 86 1 0.697765 1
62 87 1 -0.782764 1
62 88 1 1.38554 1
62 89 1 -1.26468 1
62 90 1 -2.34668 1
62 91 1 0.851273 1
62 92 1 -1.5784 1
62 93 1 1.71508 1
62 94 1 0.380904 1
62 95 1 0.19818 1
62 5 1 -0.0896352 1
63 64 1 1.48547 1
63 65 1 0.690227 1
63 66 1 1.54012 1
63 67 1 1.58714 1
63 68 1 0.0536546 1
63 69 1 -3.19055 1
63 70 1 0.13688 1
63 71 1 1.56807 1
63 72 1 -0.768309 1
63 73 1 0.268038 1
63 74 1 -0.360414 1
63 75 1 0.304279 1
63 76 1 -2.14528 1
63 77 1 2.32261 1
63 78 1 -0.122687 1
63 79 1 -1.10203 1
63 80 1 0.682334 1
63 81 1 0.508479 1
63 82 1 1.92549 1
63 83 1 -0.865196 1
63 84 1 -1.76213 1
63 85 1 -1.86501 1
63 86 1 1.73282 1
63 87 1 -0.714142 1
63 88 1 -0.714907 1
63 89 1 -0.227342 1
63 90 1 0.852138 1
63 91 1 0.505997 1
63 92 1 -0.615528 1
63 93 1 0.330283 1
63 94 1 0.0789412 1
63 95 1 1.69199 1
