144 64 32
1.8864 0.193634 -5.43785 4.75205 -2.79196 2.12746 1.69303 0.232863 0.729358 0.606048 1.94737 1.3293 -3.71874 -3.13383 -0.336673 -3.30788 0.945429 -0.0839737 -0.163895 -0.688915 -3.02053 -0.391938 -1.07247 1.46621 -2.76029 -0.0144381 2.96394 2.74193 -0.383907 -1.04341 -3.81389 3.23481 -0.355798 2.48951 0.490265 0.629605 -2.0065 -1.64321 0.697838 -0.366412 -1.23827 -1.5389 0.568534 -2.04947 -3.46129 -0.241106 -1.68388 1.90805 -0.175562 1.63122 1.40064 -3.24442 -2.49676 1.3156 -1.61571 2.93934 -2.76247 -0.906935 -0.14105 -1.95078 0.621351 -0.414391 -0.699052 -4.26643 -3.0273 -0.412977 2.76727 1.65023 -2.01623 0.892757 -2.29144 -0.642584 -1.85738 -1.66224 3.15625 1.7933 -1.89619 -0.688228 1.23447 -3.35264 1.00883 0.55864 -2.28665 1.66865 2.05279 0.174236 -2.52082 0.0334507 4.32752 -0.838876 -1.95695 1.4802 -1.53072 1.32818 0.0707812 -1.56948 -0.222286 -0.50184 -0.883745 1.52113 2.93156 -1.64532 -2.97251 -2.58804 -1.36947 1.34112 -0.305134 -2.80467 0.490164 -0.0313959 -0.99123 1.4738 2.73166 -2.8716 -0.873568 0.144798 -2.4245 0.0387572 -1.04377 0.580902 1.58895 -0.367507 0.288396 1.76004 0.1737 0.974937 0.609139 -1.10375 0.839514 1.35886 -0.642234 -0.2931 -0.174396 -0.0645349 1.56429 -0.338161 -0.987032 -0.363649 -0.0377845 -0.380388 0.0387362 -0.195759 0.0985457 0 
0 64 1 -3.44208 1
0 65 1 1.14318 1
0 66 1 1.68078 1
0 67 1 -0.954451 1
0 68 1 0.651464 1
0 69 1 2.64243 1
0 70 1 -0.259444 1
0 71 1 -1.052 1
0 72 1 0.52169 1
0 73 1 -0.519022 1
0 74 1 -3.35903 1
0 75 1 -0.273225 1
0 76 1 1.51921 1
0 77 1 1.44804 1
0 78 1 -2.37248 1
0 79 1 3.37657 1
0 80 1 1.94353 1
0 81 1 2.37823 1
0 82 1 3.03616 1
0 83 1 1.03378 1
0 84 1 -4.19265 1
0 85 1 2.1257 1
0 86 1 -1.98285 1
0 87 1 -1.81878 1
0 88 1 -1.06907 1
0 89 1 0.885432 1
0 90 1 3.63391 1
0 91 1 4.78734 1
0 92 1 -2.947 1
0 93 1 -1.71888 1
0 94 1 -1.01941 1
0 95 1 0.746707 1
0 10 1 -1.39431 1
1 64 1 -1.56486 1
1 65 1 -1.2948 1
1 66 1 2.38356 1
1 67 1 -2.56023 1
1 68 1 4.34226 1
1 69 1 0.270015 1
1 70 1 1.95648 1
1 71 1 -1.48626 1
1 72 1 0.0748414 1
1 73 1 -1.34957 1
1 74 1 -4.57428 1
1 75 1 2.95736 1
1 76 1 -0.158061 1
1 77 1 3.2628 1
1 78 1 -1.58335 1
1 79 1 0.176568 1
1 80 1 -1.87001 1
1 81 1 1.55684 1
1 82 1 -1.32084 1
1 83 1 -4.05453 1
1 84 1 -1.52246 1
1 85 1 -0.651935 1
1 86 1 1.0303 1
1 87 1 -1.13746 1
1 88 1 0.20789 1
1 89 1 2.54411 1
1 90 1 -0.36792 1
1 91 1 -2.30274 1
1 92 1 0.22827 1
1 93 1 -0.242326 1
1 94 1 -2.47536 1
1 95 1 -4.39012 1
1 27 1 0.0180928 1
2 64 1 -0.4831 1
2 65 1 4.29851 1
2 66 1 -0.906852 1
2 67 1 -1.52484 1
2 68 1 -0.803872 1
2 69 1 2.35725 1
2 70 1 -0.520898 1
2 71 1 3.13798 1
2 72 1 -1.59536 1
2 73 1 -2.53665 1
2 74 1 -3.3367 1
2 75 1 -1.33969 1
2 76 1 -4.42464 1
2 77 1 0.00327631 1
2 78 1 -2.61965 1
2 79 1 -3.42124 1
2 80 1 -2.32477 1
2 81 1 -4.16195 1
2 82 1 0.255527 1
2 83 1 -1.5837 1
2 84 1 -0.61414 1
2 85 1 3.30858 1
2 86 1 -1.19739 1
2 87 1 -0.833072 1
2 88 1 -0.297944 1
2 89 1 -2.1179 1
2 90 1 -1.34538 1
2 91 1 -1.71709 1
2 92 1 2.371 1
2 93 1 -3.36005 1
2 94 1 2.70316 1
2 95 1 -1.36999 1
2 100 1 -0.758379 1
2 6 1 4.26257 1
2 110 1 0.569585 1
3 64 1 -2.4157 1
3 65 1 -1.48537 1
3 66 1 -0.00587221 1
3 67 1 1.74702 1
3 68 1 3.94203 1
3 69 1 -4.05341 1
3 70 1 0.964494 1
3 71 1 1.83775 1
3 72 1 6.30052 1
3 73 1 -1.29312 1
3 74 1 0.813347 1
3 75 1 3.38413 1
3 76 1 0.351354 1
3 77 1 -0.104343 1
3 78 1 -0.434788 1
3 79 1 -1.02282 1
3 80 1 -2.37622 1
3 81 1 -0.435891 1
3 82 1 4.96139 1
3 83 1 0.275741 1
3 84 1 -0.568032 1
3 85 1 -0.103962 1
3 86 1 -0.712597 1
3 87 1 2.09712 1
3 88 1 0.257323 1
3 89 1 2.03761 1
3 90 1 0.573701 1
3 91 1 1.28649 1
3 92 1 -1.13697 1
3 93 1 -2.72332 1
3 94 1 -3.13415 1
3 95 1 1.14241 0
3 110 1 0.485144 1
110 95 1 0.124254 0
110 111 1 1.73604 0
110 132 1 1.78789 1
132 111 1 2.36074 1
111 95 1 -1.98411 1
4 64 1 2.45631 1
4 65 1 -0.558199 1
4 66 1 -2.9228 1
4 67 1 1.51737 1
4 68 1 -0.358377 1
4 69 1 2.44611 1
4 70 1 -0.778448 1
4 71 1 -0.777298 1
4 72 1 2.1516 1
4 73 1 -1.2873 0
4 74 1 1.05133 1
4 75 1 -4.08942 0
4 76 1 1.35667 1
4 77 1 2.36908 1
4 78 1 1.86002 1
4 79 1 1.26614 1
4 80 1 -3.70644 1
4 81 1 -0.00132295 1
4 82 1 0.78073 1
4 83 1 -1.81615 1
4 84 1 -0.667252 1
4 85 1 3.49098 1
4 86 1 0.549647 1
4 87 1 -1.66897 1
4 88 1 -1.11953 1
4 89 1 0.8896 1
4 90 1 1.13547 1
4 91 1 -5.62758 1
4 92 1 0.000238992 1
4 93 1 0.760762 1
4 94 1 -2.48673 1
4 95 1 2.66463 1
4 101 1 2.71 1
4 17 1 1.93181 1
4 118 1 1.96319 1
118 73 1 -2.92659 1
101 75 1 0.748227 1
5 64 1 -1.53426 1
5 65 1 1.60042 1
5 66 1 -2.41202 1
5 67 1 3.69286 1
5 68 1 2.06693 1
5 69 1 1.78221 1
5 70 1 -3.1438 1
5 71 1 -0.301668 1
5 72 1 1.29801 1
5 73 1 -2.46276 1
5 74 1 -2.17567 1
5 75 1 2.91615 1
5 76 1 1.626 1
5 77 1 0.931553 1
5 78 1 -0.520149 1
5 79 1 0.395153 1
5 80 1 3.00159 1
5 81 1 -1.54623 1
5 82 1 -0.839735 1
5 83 1 5.83224 1
5 84 1 -0.210702 1
5 85 1 1.30666 1
5 86 1 -2.48013 1
5 87 1 -0.22161 1
5 88 1 -0.99486 1
5 89 1 -1.79769 1
5 90 1 -2.38453 1
5 91 1 2.03893 1
5 92 1 -2.15489 1
5 93 1 2.12576 1
5 94 1 -1.42617 1
5 95 1 -0.235969 1
6 64 1 0.33754 1
6 65 1 0.493313 1
6 66 1 1.52571 1
6 67 1 1.15299 1
6 68 1 -3.71101 1
6 69 1 -0.582267 1
6 70 1 -1.15426 1
6 71 1 1.12168 1
6 72 1 1.83461 1
6 73 1 -2.97782 1
6 74 1 -3.05013 1
6 75 1 0.572821 1
6 76 1 4.03573 1
6 77 1 -0.32403 1
6 78 1 -1.23006 1
6 79 1 -2.88735 1
6 80 1 1.14624 1
6 81 1 0.287148 1
6 82 1 1.25101 1
6 83 1 1.99093 1
6 84 1 2.32344 1
6 85 1 -4.01998 1
6 86 1 -1.12859 1
6 87 1 4.4317 1
6 88 1 -1.44631 1
6 89 1 -3.01621 1
6 90 1 2.00468 1
6 91 1 -0.782652 1
6 92 1 2.03588 1
6 93 1 -1.41045 1
6 94 1 -2.50454 1
6 95 1 0.328814 1
6 26 1 1.01294 1
7 64 1 2.09357 1
7 65 1 0.537967 1
7 66 1 -0.574839 1
7 67 1 -3.31373 1
7 68 1 -2.55886 1
7 69 1 -1.20073 1
7 70 1 2.92798 1
7 71 1 2.24533 1
7 72 1 2.36121 1
7 73 1 -0.0858553 1
7 74 1 -0.166177 1
7 75 1 -1.99596 1
7 76 1 2.86663 1
7 77 1 -1.47585 1
7 78 1 2.7482 1
7 79 1 1.81358 1
7 80 1 -0.356358 1
7 81 1 0.952097 1
7 82 1 -3.62782 0
7 83 1 2.46849 0
7 84 1 -3.17193 1
7 85 1 4.27593 1
7 86 1 -0.422095 1
7 87 1 3.33515 1
7 88 1 -3.00163 1
7 89 1 -2.35462 1
7 90 1 -1.22801 1
7 91 1 -3.17989 1
7 92 1 -0.0774705 1
7 93 1 -0.607555 1
7 94 1 0.641387 1
7 95 1 3.61651 1
7 100 1 -0.995547 1
7 127 1 0.435805 1
127 82 1 -4.49216 1
100 83 1 0.60035 1
100 24 1 -0.485135 0
100 106 1 4.03321 1
106 24 1 -4.49956 1
106 6 1 0.446399 1
8 64 1 3.09894 1
8 65 1 -1.87315 1
8 66 1 -0.650581 1
8 67 1 1.5633 1
8 68 1 -0.135954 1
8 69 1 3.32504 1
8 70 1 0.579929 1
8 71 1 1.66155 1
8 72 1 2.66318 1
8 73 1 -0.0308107 1
8 74 1 -0.819765 1
8 75 1 -2.34304 1
8 76 1 -1.7413 1
8 77 1 1.49502 1
8 78 1 -0.624588 1
8 79 1 -1.50375 1
8 80 1 0.71799 1
8 81 1 -0.762815 1
8 82 1 -0.0272865 1
8 83 1 -2.66246 1
8 84 1 4.52746 1
8 85 1 6.35422 1
8 86 1 4.02372 1
8 87 1 0.954373 1
8 88 1 -0.639773 1
8 89 1 2.45573 1
8 90 1 -0.0774051 1
8 91 1 -0.514535 1
8 92 1 3.11293 1
8 93 1 4.86666 1
8 94 1 5.70089 1
8 95 1 1.03769 1
8 17 1 -0.611274 1
9 64 1 -0.163432 1
9 65 1 -1.90752 1
9 66 1 1.48513 1
9 67 1 0.607766 1
9 68 1 -0.793678 1
9 69 1 0.849956 1
9 70 1 -2.60621 1
9 71 1 0.22143 1
9 72 1 2.60762 1
9 73 1 -1.97273 1
9 74 1 0.238531 1
9 75 1 -1.13757 1
9 76 1 1.7463 1
9 77 1 -1.22324 1
9 78 1 2.74892 1
9 79 1 1.20867 1
9 80 1 -1.4798 1
9 81 1 -0.323535 1
9 82 1 -2.26395 1
9 83 1 -0.757251 1
9 84 1 1.78238 1
9 85 1 3.59543 1
9 86 1 -0.201493 1
9 87 1 1.03288 1
9 88 1 1.52813 1
9 89 1 6.26803 1
9 90 1 -0.332719 1
9 91 1 -1.56539 1
9 92 1 -1.4724 1
9 93 1 -3.81214 1
9 94 1 -3.13618 1
9 95 1 0.394431 1
9 103 1 0.290301 1
10 64 1 1.56235 1
10 65 1 0.794369 1
10 66 1 4.46527 1
10 67 1 -4.61887 1
10 68 1 4.00731 1
10 69 1 -0.621391 1
10 70 1 -1.43786 1
10 71 1 -1.09352 1
10 72 1 2.88389 1
10 73 1 2.86437 1
10 74 1 0.0976273 0
10 75 1 0.0518207 1
10 76 1 0.838292 1
10 77 1 0.61719 1
10 78 1 -1.52351 1
10 79 1 -2.8446 1
10 80 1 -0.485197 1
10 81 1 4.15294 1
10 82 1 1.95906 1
10 83 1 0.473803 1
10 84 1 2.93895 1
10 85 1 3.75872 1
10 86 1 -2.39505 1
10 87 1 1.22401 1
10 88 1 3.54813 1
10 89 1 -0.57434 1
10 90 1 0.296044 1
10 91 1 0.955273 1
10 92 1 1.51822 1
10 93 1 -1.59071 1
10 94 1 3.31176 1
10 95 1 3.59588 1
10 124 1 1.715 1
124 74 1 0.494943 1
11 64 1 4.3785 1
11 65 1 1.74016 1
11 66 1 2.75991 1
11 67 1 -0.396383 1
11 68 1 5.00999 1
11 69 1 0.231055 1
11 70 1 1.11119 1
11 71 1 1.88998 1
11 72 1 -2.43794 1
11 73 1 1.34934 1
11 74 1 0.295855 0
11 75 1 -1.61395 1
11 76 1 -1.997 1
11 77 1 -0.779683 1
11 78 1 -2.02089 1
11 79 1 -0.740912 1
11 80 1 -1.75762 1
11 81 1 1.01415 1
11 82 1 3.89651 1
11 83 1 0.989821 1
11 84 1 2.11665 1
11 85 1 -1.42666 1
11 86 1 -3.23715 1
11 87 1 -0.57932 1
11 88 1 -2.03433 1
11 89 1 -2.60919 1
11 90 1 -1.76185 1
11 91 1 0.510215 1
11 92 1 -2.83365 1
11 93 1 3.16062 1
11 94 1 -0.3851 1
11 95 1 -2.57567 1
11 120 1 -0.85038 1
11 109 1 0.71147 1
120 74 1 -2.22951 1
12 64 1 -0.448401 1
12 65 1 1.39631 1
12 66 1 -2.71743 1
12 67 1 -2.48811 1
12 68 1 0.345023 1
12 69 1 1.54113 1
12 70 1 0.0497738 1
12 71 1 1.4328 1
12 72 1 0.367039 1
12 73 1 -3.0999 1
12 74 1 -4.15386 1
12 75 1 -2.37885 1
12 76 1 0.232532 1
12 77 1 0.955368 1
12 78 1 -0.357761 1
12 79 1 -1.87866 1
12 80 1 -1.31049 1
12 81 1 -1.60863 1
12 82 1 2.94692 1
12 83 1 -1.2075 1
12 84 1 -0.0295751 1
12 85 1 0.11458 1
12 86 1 -0.135134 1
12 87 1 2.16107 1
12 88 1 -2.07508 1
12 89 1 2.52479 1
12 90 1 -2.11161 1
12 91 1 -2.66467 1
12 92 1 -0.215253 1
12 93 1 -3.19109 1
12 94 1 0.539718 1
12 95 1 -0.708618 1
12 17 1 0.904881 1
13 64 1 0.0806935 1
13 65 1 -3.83448 1
13 66 1 0.24321 1
13 67 1 2.67467 1
13 68 1 2.53882 1
13 69 1 -2.21804 1
13 70 1 0.201031 1
13 71 1 2.41363 1
13 72 1 1.43839 1
13 73 1 -2.74924 1
13 74 1 -1.24573 1
13 75 1 -2.85018 1
13 76 1 -0.768317 1
13 77 1 -2.39744 1
13 78 1 0.397449 1
13 79 1 1.40444 1
13 80 1 0.90219 1
13 81 1 0.0476352 1
13 82 1 0.61828 1
13 83 1 0.322721 1
13 84 1 -1.47357 1
13 85 1 4.04496 1
13 86 1 4.42107 1
13 87 1 6.12635 1
13 88 1 1.85214 1
13 89 1 0.674528 1
13 90 1 -4.43784 1
13 91 1 -3.40492 1
13 92 1 -2.05415 1
13 93 1 -3.38772 1
13 94 1 -0.743023 1
13 95 1 -2.72573 1
14 64 1 -1.56942 1
14 65 1 4.19941 1
14 66 1 1.77013 1
14 67 1 -1.0822 1
14 68 1 -2.73669 1
14 69 1 3.85902 1
14 70 1 -3.13617 1
14 71 1 2.6364 1
14 72 1 1.19205 1
14 73 1 -0.663546 1
14 74 1 1.0607 1
14 75 1 2.49651 1
14 76 1 -1.05692 1
14 77 1 1.15276 1
14 78 1 -1.9126 1
14 79 1 -1.20312 1
14 80 1 -1.25936 1
14 81 1 2.37848 0
14 82 1 4.26398 1
14 83 1 -0.298808 1
14 84 1 0.170246 1
14 85 1 -0.605497 1
14 86 1 1.59968 1
14 87 1 -2.29712 1
14 88 1 -0.892168 1
14 89 1 -0.703663 1
14 90 1 0.314375 1
14 91 1 3.32122 1
14 92 1 0.924691 1
14 93 1 1.43047 1
14 94 1 4.23938 1
14 95 1 -2.53048 1
14 104 1 -0.733243 1
14 119 1 1.45485 1
119 81 1 4.57921 1
15 64 1 -0.652166 1
15 65 1 0.19004 1
15 66 1 -2.59612 1
15 67 1 -0.393281 1
15 68 1 0.293568 1
15 69 1 -0.966538 1
15 70 1 6.40851 1
15 71 1 -1.06848 1
15 72 1 -0.699791 1
15 73 1 -0.658773 1
15 74 1 1.07503 1
15 75 1 -1.70205 1
15 76 1 -0.132606 1
15 77 1 2.71852 1
15 78 1 -3.30904 1
15 79 1 -0.3319 1
15 80 1 1.22437 1
15 81 1 2.60158 1
15 82 1 -4.12815 1
15 83 1 -1.25187 1
15 84 1 1.79221 1
15 85 1 -1.12834 1
15 86 1 1.09288 1
15 87 1 -3.93473 1
15 88 1 0.623219 1
15 89 1 1.59302 1
15 90 1 0.640255 1
15 91 1 -2.93338 1
15 92 1 0.647706 1
15 93 1 -0.962307 1
15 94 1 2.28538 1
15 95 1 1.76567 1
16 64 1 1.54316 1
16 65 1 -1.59046 1
16 66 1 -3.94678 1
16 67 1 -2.47709 1
16 68 1 1.40839 1
16 69 1 0.945934 1
16 70 1 2.23766 1
16 71 1 2.83406 1
16 72 1 -0.517333 1
16 73 1 -1.91747 1
16 74 1 -0.0217852 1
16 75 1 1.58427 1
16 76 1 -0.802688 1
16 77 1 1.43034 1
16 78 1 -0.978294 1
16 79 1 -1.27766 1
16 80 1 -0.346983 1
16 81 1 2.24908 1
16 82 1 -0.716666 1
16 83 1 0.686525 1
16 84 1 -1.13586 1
16 85 1 -0.0443312 1
16 86 1 -2.30811 1
16 87 1 -2.25445 1
16 88 1 1.3532 1
16 89 1 -0.036971 1
16 90 1 -0.518497 1
16 91 1 3.79282 1
16 92 1 4.08507 1
16 93 1 -1.05305 1
16 94 1 -0.585883 1
16 95 1 -2.86736 1
17 64 1 -4.18105 1
17 65 1 -2.43065 1
17 66 1 -1.57219 1
17 67 1 3.47422 1
17 68 1 -0.74338 1
17 69 1 -0.849852 1
17 70 1 0.853248 1
17 71 1 2.39088 1
17 72 1 -5.3419 1
17 73 1 1.08337 1
17 74 1 1.76987 1
17 75 1 1.67699 1
17 76 1 -2.76489 1
17 77 1 0.923034 1
17 78 1 0.694359 1
17 79 1 -4.26601 1
17 80 1 2.85215 1
17 81 1 3.70513 1
17 82 1 -0.218001 1
17 83 1 -0.751851 1
17 84 1 -4.11706 1
17 85 1 1.78926 1
17 86 1 1.40449 1
17 87 1 -2.25079 1
17 88 1 -4.43884 1
17 89 1 -0.0347153 1
17 90 1 -4.07642 1
17 91 1 5.69565 1
17 92 1 0.616358 1
17 93 1 3.05846 1
17 94 1 3.13661 1
17 95 1 -0.702796 1
18 64 1 1.0466 1
18 65 1 0.185606 1
18 66 1 3.15026 1
18 67 1 -0.752978 1
18 68 1 -1.71102 1
18 69 1 1.56058 1
18 70 1 1.46867 1
18 71 1 1.04433 1
18 72 1 2.51309 1
18 73 1 -1.14758 1
18 74 1 1.95135 1
18 75 1 0.293906 1
18 76 1 1.75419 1
18 77 1 0.638418 1
18 78 1 2.00619 1
18 79 1 0.461625 1
18 80 1 -3.25945 1
18 81 1 3.07852 1
18 82 1 -3.67182 1
18 83 1 2.90129 1
18 84 1 -2.11259 1
18 85 1 0.37121 1
18 86 1 4.45813 1
18 87 1 -0.962495 1
18 88 1 0.558515 1
18 89 1 -1.68175 1
18 90 1 1.26964 1
18 91 1 2.17124 1
18 92 1 -3.33527 1
18 93 1 0.440761 1
18 94 1 -0.063971 1
18 95 1 0.390979 1
18 25 1 0.204497 1
18 18 1 -0.619385 1
19 64 1 1.84034 1
19 65 1 -2.76385 1
19 66 1 3.82083 1
19 67 1 -0.654178 1
19 68 1 -2.3266 1
19 69 1 0.477894 1
19 70 1 -1.83242 1
19 71 1 -1.34019 1
19 72 1 2.00813 1
19 73 1 -0.0567959 1
19 74 1 -0.729262 1
19 75 1 2.00093 1
19 76 1 -2.11923 1
19 77 1 0.70428 1
19 78 1 -3.85057 1
19 79 1 2.65175 1
19 80 1 0.972781 1
19 81 1 -3.74274 1
19 82 1 1.13575 1
19 83 1 -3.08514 1
19 84 1 -0.892871 1
19 85 1 0.351403 1
19 86 1 0.899659 1
19 87 1 1.65478 1
19 88 1 -0.13948 1
19 89 1 5.27874 1
19 90 1 -0.878419 1
19 91 1 0.533104 1
19 92 1 -0.997658 1
19 93 1 -2.23187 1
19 94 1 -1.99367 1
19 95 1 -4.97029 1
20 64 1 1.66445 1
20 65 1 -0.530642 1
20 66 1 -0.442366 1
20 67 1 2.60815 1
20 68 1 0.459726 1
20 69 1 -1.61265 1
20 70 1 -2.8843 1
20 71 1 2.22902 1
20 72 1 0.153312 1
20 73 1 2.31058 1
20 74 1 1.80726 1
20 75 1 3.37416 1
20 76 1 1.0284 1
20 77 1 -1.36305 1
20 78 1 3.13752 1
20 79 1 2.17586 1
20 80 1 -0.379547 1
20 81 1 0.440015 1
20 82 1 2.75812 1
20 83 1 -0.132017 1
20 84 1 0.391953 1
20 85 1 -2.08383 1
20 86 1 1.5226 1
20 87 1 -1.42217 1
20 88 1 1.82699 1
20 89 1 2.00993 1
20 90 1 2.30541 1
20 91 1 1.22673 0
20 92 1 -0.995707 1
20 93 1 -0.807812 0
20 94 1 3.38025 0
20 95 1 -1.10909 1
20 96 1 -3.04164 1
20 98 1 0.0677866 1
20 103 1 -0.455769 1
103 91 1 0.721109 0
103 105 1 1.5824 1
103 112 1 -0.280646 0
103 123 1 0.893142 1
103 140 1 1.14904 1
140 112 1 -0.0867257 1
123 91 1 2.1999 1
123 113 1 0.25514 0
123 136 1 0.985744 1
136 113 1 -0.652477 1
105 91 1 1.85931 0
105 129 1 -0.106688 1
129 91 1 -0.123075 0
129 135 1 1.49532 1
129 116 1 -0.48362 1
135 91 1 0.498533 1
98 93 1 1.05155 1
98 99 1 3.15538 1
96 94 1 1.11882 1
96 20 1 -0.433019 1
21 64 1 1.07196 1
21 65 1 3.60218 1
21 66 1 -4.46116 1
21 67 1 -3.492 1
21 68 1 -2.78252 1
21 69 1 3.17569 1
21 70 1 -1.0812 1
21 71 1 -2.88607 1
21 72 1 -6.55601 1
21 73 1 0.402746 1
21 74 1 -0.867652 1
21 75 1 0.0217095 1
21 76 1 -0.331044 1
21 77 1 -0.796484 1
21 78 1 -3.80331 1
21 79 1 -0.93001 1
21 80 1 0.335672 1
21 81 1 -1.11284 1
21 82 1 -0.911134 1
21 83 1 1.48054 1
21 84 1 4.61741 1
21 85 1 -1.70374 1
21 86 1 2.00438 1
21 87 1 0.0399304 1
21 88 1 2.58318 1
21 89 1 1.38278 1
21 90 1 -1.64819 1
21 91 1 -0.395442 1
21 92 1 1.7471 1
21 93 1 0.834155 1
21 94 1 -1.94046 1
21 95 1 0.0447992 1
22 64 1 1.07423 1
22 65 1 0.437622 1
22 66 1 0.773778 1
22 67 1 4.72207 1
22 68 1 -0.0660654 1
22 69 1 -2.4566 1
22 70 1 -2.83462 1
22 71 1 -0.400628 1
22 72 1 -3.63909 1
22 73 1 0.321351 1
22 74 1 -1.55811 1
22 75 1 -1.07987 1
22 76 1 2.17116 1
22 77 1 1.06924 1
22 78 1 3.12407 1
22 79 1 4.63664 1
22 80 1 -1.3453 1
22 81 1 -1.97067 1
22 82 1 -0.210231 1
22 83 1 -0.825338 1
22 84 1 0.0185718 1
22 85 1 -0.0822102 1
22 86 1 0.693318 1
22 87 1 3.55424 1
22 88 1 -2.99105 1
22 89 1 -1.73951 1
22 90 1 1.4628 1
22 91 1 1.24818 1
22 92 1 -0.136429 1
22 93 1 0.268362 1
22 94 1 2.75244 1
22 95 1 3.13764 1
23 64 1 -1.77949 1
23 65 1 1.02346 1
23 66 1 -0.355494 1
23 67 1 3.17977 1
23 68 1 -3.20764 1
23 69 1 0.701389 1
23 70 1 3.00955 1
23 71 1 -4.08579 1
23 72 1 1.30671 1
23 73 1 0.108112 1
23 74 1 2.36357 1
23 75 1 -0.800777 1
23 76 1 1.84806 1
23 77 1 3.12731 1
23 78 1 0.0716213 1
23 79 1 -5.32917 1
23 80 1 1.99177 1
23 81 1 -0.222912 1
23 82 1 -1.37696 1
23 83 1 1.25677 1
23 84 1 3.64382 1
23 85 1 -0.174477 1
23 86 1 -7.50131 1
23 87 1 1.44523 1
23 88 1 1.88821 1
23 89 1 -0.392356 1
23 90 1 -2.04339 1
23 91 1 -0.25416 1
23 92 1 0.243754 1
23 93 1 3.0941 1
23 94 1 -1.5367 1
23 95 1 -0.233512 1
23 107 1 0.838866 1
23 27 1 -0.399928 1
24 64 1 -2.346 1
24 65 1 3.2758 1
24 66 1 -0.564102 1
24 67 1 4.6955 1
24 68 1 -4.13913 1
24 69 1 2.91405 1
24 70 1 0.208675 1
24 71 1 4.2059 1
24 72 1 0.343593 1
24 73 1 1.59742 1
24 74 1 1.53692 1
24 75 1 0.1519 1
24 76 1 0.057516 1
24 77 1 -1.20789 1
24 78 1 -3.72233 1
24 79 1 -1.00431 1
24 80 1 1.60697 1
24 81 1 0.0690372 1
24 82 1 1.35151 1
24 83 1 -3.5906 1
24 84 1 -1.82046 1
24 85 1 -0.969464 1
24 86 1 -3.58158 1
24 87 1 2.87382 1
24 88 1 -3.93998 1
24 89 1 6.36036 1
24 90 1 3.87591 1
24 91 1 -4.28376 1
24 92 1 0.0310211 1
24 93 1 -0.0690333 1
24 94 1 -0.279922 1
24 95 1 1.15301 1
24 5 1 2.549 1
25 64 1 1.08207 1
25 65 1 2.59957 1
25 66 1 0.472283 1
25 67 1 0.088754 1
25 68 1 4.56805 1
25 69 1 -3.41722 1
25 70 1 2.74831 0
25 71 1 -4.69611 1
25 72 1 1.0311 1
25 73 1 0.609119 1
25 74 1 1.27956 1
25 75 1 -0.7626 1
25 76 1 0.209698 1
25 77 1 -0.634279 1
25 78 1 3.21352 1
25 79 1 -0.940963 1
25 80 1 0.40678 1
25 81 1 -2.45631 1
25 82 1 -1.87846 1
25 83 1 1.84972 1
25 84 1 -3.1959 1
25 85 1 -1.08243 1
25 86 1 1.21005 1
25 87 1 1.57429 1
25 88 1 -0.275186 1
25 89 1 2.67327 1
25 90 1 -4.25493 1
25 91 1 1.16734 1
25 92 1 -0.344625 1
25 93 1 -0.32322 1
25 94 1 -0.223381 1
25 95 1 -4.73417 1
25 8 1 -0.442864 1
25 6 1 -1.26073 1
25 121 1 -1.98604 1
121 70 1 6.09851 1
26 64 1 -3.11468 1
26 65 1 1.52353 1
26 66 1 0.268478 1
26 67 1 0.29161 1
26 68 1 0.68976 1
26 69 1 1.75462 1
26 70 1 -2.65835 1
26 71 1 -0.420624 1
26 72 1 -2.13138 1
26 73 1 0.466519 1
26 74 1 -2.42124 1
26 75 1 2.93563 1
26 76 1 0.623433 1
26 77 1 -3.23263 1
26 78 1 2.16834 1
26 79 1 -0.842503 1
26 80 1 0.716658 1
26 81 1 4.0308 1
26 82 1 -0.484143 1
26 83 1 2.05593 1
26 84 1 -1.61584 1
26 85 1 -0.232984 1
26 86 1 -4.31363 1
26 87 1 1.32161 1
26 88 1 -1.97839 1
26 89 1 0.201566 1
26 90 1 -2.07312 1
26 91 1 -3.85164 1
26 92 1 -0.545275 1
26 93 1 -0.614418 1
26 94 1 2.32739 1
26 95 1 -2.02368 1
26 23 1 2.38565 1
26 15 1 0.449656 1
27 64 1 -4.17256 1
27 65 1 3.99965 1
27 66 1 3.03219 1
27 67 1 -1.6025 1
27 68 1 0.308921 1
27 69 1 1.95243 1
27 70 1 3.21812 1
27 71 1 -5.19133 1
27 72 1 0.115775 1
27 73 1 1.70445 1
27 74 1 -0.642476 1
27 75 1 -0.156384 1
27 76 1 -1.38434 1
27 77 1 -3.03207 1
27 78 1 0.527231 1
27 79 1 0.507224 1
27 80 1 -1.64158 1
27 81 1 -0.253047 1
27 82 1 -1.35877 1
27 83 1 0.382876 1
27 84 1 0.139113 1
27 85 1 0.496894 1
27 86 1 -2.06085 1
27 87 1 2.05964 1
27 88 1 -3.91518 1
27 89 1 -3.25892 1
27 90 1 2.19656 1
27 91 1 -1.12144 1
27 92 1 -0.930659 1
27 93 1 -1.17627 1
27 94 1 1.03611 1
27 95 1 -2.08783 1
27 9 1 1.35243 1
27 5 1 0.113402 1
28 64 1 1.69372 1
28 65 1 -0.347333 1
28 66 1 -1.41955 1
28 67 1 2.9843 1
28 68 1 0.192431 1
28 69 1 2.11937 1
28 70 1 -2.45133 1
28 71 1 -1.13009 1
28 72 1 -4.65203 1
28 73 1 1.36374 1
28 74 1 0.878152 1
28 75 1 -0.650343 1
28 76 1 -0.0780385 1
28 77 1 0.296664 1
28 78 1 -1.75619 1
28 79 1 0.710754 1
28 80 1 2.60624 1
28 81 1 -2.20388 1
28 82 1 1.56932 1
28 83 1 3.43512 1
28 84 1 1.6397 1
28 85 1 -6.02697 1
28 86 1 -2.87843 1
28 87 1 -3.43463 1
28 88 1 -4.74365 1
28 89 1 -0.617734 1
28 90 1 -3.86142 1
28 91 1 -0.85836 1
28 92 1 2.05939 1
28 93 1 -2.39251 1
28 94 1 3.93548 1
28 95 1 -2.00355 1
29 64 1 -0.0498156 1
29 65 1 -0.770177 1
29 66 1 1.47498 1
29 67 1 1.98775 1
29 68 1 -4.84523 1
29 69 1 1.41225 1
29 70 1 0.0486888 1
29 71 1 -1.85621 1
29 72 1 0.69062 1
29 73 1 -1.96689 1
29 74 1 0.581844 1
29 75 1 -1.64223 1
29 76 1 -1.40775 1
29 77 1 1.41604 1
29 78 1 -6.05081 1
29 79 1 -1.20192 1
29 80 1 2.07877 1
29 81 1 0.401418 1
29 82 1 -0.548492 1
29 83 1 -1.47745 1
29 84 1 0.212774 1
29 85 1 -0.453249 1
29 86 1 -1.3634 1
29 87 1 -4.10221 1
29 88 1 -0.445389 1
29 89 1 -2.45971 1
29 90 1 -1.47861 1
29 91 1 2.13774 1
29 92 1 0.776769 1
29 93 1 1.87304 1
29 94 1 -1.18595 1
29 95 1 0.190909 1
30 64 1 -1.40628 1
30 65 1 0.937791 1
30 66 1 1.78053 1
30 67 1 -0.475735 1
30 68 1 0.920273 1
30 69 1 2.08059 1
30 70 1 0.881936 1
30 71 1 -1.20192 1
30 72 1 0.16517 1
30 73 1 5.06593 1
30 74 1 -0.394614 1
30 75 1 2.72863 1
30 76 1 0.297031 1
30 77 1 -0.0143533 1
30 78 1 2.90802 1
30 79 1 3.94079 1
30 80 1 0.371847 1
30 81 1 -3.15093 1
30 82 1 2.50471 1
30 83 1 3.72341 1
30 84 1 0.386207 1
30 85 1 -1.58283 1
30 86 1 -2.06767 1
30 87 1 -3.19928 1
30 88 1 0.556314 1
30 89 1 -0.579575 1
30 90 1 2.3814 1
30 91 1 3.75237 1
30 92 1 -0.543343 1
30 93 1 2.17339 1
30 94 1 2.21443 1
30 95 1 -0.89802 1
31 64 1 1.36462 1
31 65 1 0.576611 1
31 66 1 -1.66758 1
31 67 1 5.05358 1
31 68 1 2.60917 1
31 69 1 3.01828 1
31 70 1 -2.93277 1
31 71 1 0.311447 1
31 72 1 -2.88999 1
31 73 1 -1.9075 1
31 74 1 0.585267 1
31 75 1 -0.51703 1
31 76 1 1.07648 1
31 77 1 1.61493 1
31 78 1 -3.62942 1
31 79 1 0.912495 1
31 80 1 -2.4073 1
31 81 1 -0.830104 1
31 82 1 0.255309 1
31 83 1 -0.560472 1
31 84 1 -2.00527 1
31 85 1 -1.02918 1
31 86 1 0.488784 1
31 87 1 0.414156 0
31 88 1 2.5341 1
31 89 1 -1.25867 1
31 90 1 2.037 1
31 91 1 -0.720336 1
31 92 1 -1.24841 1
31 93 1 1.72922 1
31 94 1 0.372947 1
31 95 1 -0.71181 1
31 122 1 2.17492 1
122 87 1 1.12918 1
32 64 1 6.65937 1
32 65 1 1.82762 1
32 66 1 -2.56999 1
32 67 1 3.13773 1
32 68 1 0.719858 1
32 69 1 3.36712 1
32 70 1 -0.71178 1
32 71 1 2.18179 1
32 72 1 -4.3298 1
32 73 1 1.09807 1
32 74 1 -0.837395 1
32 75 1 3.12926 1
32 76 1 -2.00762 1
32 77 1 1.63896 1
32 78 1 -0.361367 1
32 79 1 1.09878 1
32 80 1 0.224415 1
32 81 1 -1.86133 1
32 82 1 -1.37786 1
32 83 1 -1.29894 1
32 84 1 1.12955 1
32 85 1 -3.13875 1
32 86 1 0.418439 1
32 87 1 -0.305097 1
32 88 1 -2.06539 1
32 89 1 -2.24862 1
32 90 1 0.932859 1
32 91 1 -2.64572 1
32 92 1 2.19429 1
32 93 1 -0.771448 1
32 94 1 -1.02214 1
32 95 1 -1.85296 1
33 64 1 1.35941 1
33 65 1 -4.09243 1
33 66 1 -0.449693 1
33 67 1 -1.61714 1
33 68 1 -0.385533 1
33 69 1 -0.50271 1
33 70 1 2.70406 1
33 71 1 3.49781 1
33 72 1 -0.829016 1
33 73 1 2.83797 1
33 74 1 1.48611 1
33 75 1 -3.44375 1
33 76 1 -0.704896 1
33 77 1 2.47972 1
33 78 1 -2.45291 1
33 79 1 -1.66074 1
33 80 1 2.72986 1
33 81 1 -0.626057 1
33 82 1 -0.288027 1
33 83 1 2.72694 1
33 84 1 1.17582 1
33 85 1 -0.00676352 1
33 86 1 -0.0601238 1
33 87 1 1.38519 1
33 88 1 2.67973 1
33 89 1 2.75136 1
33 90 1 -2.72717 1
33 91 1 2.76937 1
33 92 1 3.40287 1
33 93 1 2.88153 1
33 94 1 -1.27437 1
33 95 1 -0.215703 1
33 20 1 -0.754573 1
33 107 1 0.210082 1
34 64 1 -0.0139479 1
34 65 1 -1.11578 1
34 66 1 1.90112 1
34 67 1 1.56304 1
34 68 1 1.57206 1
34 69 1 -0.639 1
34 70 1 -0.910541 1
34 71 1 -1.34084 1
34 72 1 0.243822 1
34 73 1 -1.1029 1
34 74 1 2.73425 1
34 75 1 4.59811 1
34 76 1 -2.73073 1
34 77 1 0.793215 1
34 78 1 -2.2454 1
34 79 1 1.41513 1
34 80 1 2.10353 1
34 81 1 -0.209134 1
34 82 1 -0.368491 1
34 83 1 1.9833 1
34 84 1 0.253076 1
34 85 1 0.11811 1
34 86 1 -0.826684 1
34 87 1 1.23221 1
34 88 1 1.76074 1
34 89 1 -1.36657 1
34 90 1 -4.86855 1
34 91 1 1.51619 1
34 92 1 -1.5577 1
34 93 1 -1.72534 1
34 94 1 2.57612 1
34 95 1 1.09896 1
34 113 1 0.0564533 1
35 64 1 -0.967079 1
35 65 1 -0.549765 1
35 66 1 0.642669 1
35 67 1 2.07733 1
35 68 1 -0.539545 1
35 69 1 4.62374 1
35 70 1 1.90108 1
35 71 1 0.176221 1
35 72 1 2.32062 1
35 73 1 4.15327 1
35 74 1 2.10789 1
35 75 1 -0.369618 1
35 76 1 -2.44632 1
35 77 1 1.57032 1
35 78 1 -0.379942 1
35 79 1 -0.762093 1
35 80 1 -6.55855 1
35 81 1 0.496861 1
35 82 1 2.16486 0
35 83 1 -0.5451 1
35 84 1 2.59714 1
35 85 1 -3.5121 1
35 86 1 -0.589511 1
35 87 1 -0.921167 1
35 88 1 -0.378669 1
35 89 1 1.9079 0
35 90 1 -1.11207 1
35 91 1 -0.959802 1
35 92 1 -2.75241 1
35 93 1 0.11339 1
35 94 1 -2.33481 1
35 95 1 0.632846 1
35 130 1 0.308737 1
35 133 1 1.79163 1
133 82 1 1.17131 1
130 89 1 0.231321 1
36 64 1 0.693282 1
36 65 1 0.103779 1
36 66 1 0.227852 1
36 67 1 0.782433 1
36 68 1 -2.84666 1
36 69 1 -0.785756 1
36 70 1 -0.414026 1
36 71 1 1.52282 1
36 72 1 -0.683107 1
36 73 1 0.333217 1
36 74 1 1.80166 1
36 75 1 0.0519573 1
36 76 1 1.12233 1
36 77 1 -3.87059 1
36 78 1 -0.186781 1
36 79 1 3.3118 1
36 80 1 0.541609 1
36 81 1 -0.53195 1
36 82 1 -2.19966 0
36 83 1 1.21334 1
36 84 1 0.99902 1
36 85 1 -3.18549 1
36 86 1 0.546175 1
36 87 1 -1.00385 1
36 88 1 1.13368 1
36 89 1 0.189192 1
36 90 1 -3.18585 1
36 91 1 0.336616 1
36 92 1 2.90366 1
36 93 1 0.387539 1
36 94 1 -1.91589 1
36 95 1 5.32946 1
36 109 1 2.15154 0
36 24 1 -1.47489 1
36 117 1 0.0540247 1
117 109 1 0.703369 1
109 82 1 1.58378 1
109 31 1 -0.683104 1
37 64 1 -4.11331 1
37 65 1 -0.438606 1
37 66 1 -1.82353 1
37 67 1 -0.775916 1
37 68 1 -5.66296 1
37 69 1 -0.399457 1
37 70 1 -3.64543 1
37 71 1 0.408469 1
37 72 1 2.34084 1
37 73 1 1.02852 1
37 74 1 -0.886827 1
37 75 1 0.689678 1
37 76 1 1.45909 0
37 77 1 1.46 1
37 78 1 -1.70979 1
37 79 1 -0.558187 1
37 80 1 2.49603 1
37 81 1 0.283113 1
37 82 1 3.74667 1
37 83 1 0.921368 1
37 84 1 -3.9908 1
37 85 1 1.64977 1
37 86 1 -1.44968 1
37 87 1 -0.491862 1
37 88 1 -2.86512 1
37 89 1 -0.615685 1
37 90 1 0.0595155 1
37 91 1 0.502388 1
37 92 1 3.47895 1
37 93 1 0.121625 1
37 94 1 -2.79355 1
37 95 1 0.282139 1
37 142 1 0.901318 1
142 76 1 1.57863 1
38 64 1 0.0574196 1
38 65 1 -2.60272 1
38 66 1 -2.1229 1
38 67 1 0.191406 1
38 68 1 -1.24064 1
38 69 1 -3.02786 1
38 70 1 1.43654 1
38 71 1 0.129789 1
38 72 1 -2.5562 1
38 73 1 1.38835 1
38 74 1 -1.19203 1
38 75 1 0.806126 1
38 76 1 1.92974 1
38 77 1 -0.975083 1
38 78 1 -1.32637 1
38 79 1 0.00659796 1
38 80 1 -4.28181 1
38 81 1 -0.381528 1
38 82 1 2.33379 1
38 83 1 -0.768094 1
38 84 1 -2.79533 1
38 85 1 -2.77623 1
38 86 1 -0.491756 1
38 87 1 0.653718 1
38 88 1 0.731844 1
38 89 1 4.84123 1
38 90 1 -0.242103 1
38 91 1 2.83958 1
38 92 1 1.46281 1
38 93 1 -0.335313 1
38 94 1 0.819649 1
38 95 1 -3.9893 1
39 64 1 1.27018 1
39 65 1 -3.08744 1
39 66 1 3.18191 1
39 67 1 -0.719436 1
39 68 1 0.890097 1
39 69 1 -0.981833 1
39 70 1 1.4475 1
39 71 1 1.04794 1
39 72 1 -2.25849 1
39 73 1 -1.64124 1
39 74 1 1.29184 1
39 75 1 2.44546 0
39 76 1 2.70355 1
39 77 1 -0.51832 1
39 78 1 -2.30203 1
39 79 1 -2.62768 1
39 80 1 1.64596 1
39 81 1 -2.43981 1
39 82 1 -0.534495 1
39 83 1 0.397654 1
39 84 1 -0.827847 1
39 85 1 0.920241 1
39 86 1 2.09133 1
39 87 1 1.16316 1
39 88 1 -2.12921 1
39 89 1 0.548022 1
39 90 1 4.69251 1
39 91 1 -2.43167 1
39 92 1 3.88866 1
39 93 1 -0.715102 1
39 94 1 -3.66232 1
39 95 1 -0.995751 1
39 2 1 -3.73727 1
39 112 1 3.71925 1
39 13 1 0.112037 1
112 75 1 -1.64573 1
40 64 1 -5.42182 1
40 65 1 0.174572 1
40 66 1 1.66945 1
40 67 1 0.533682 1
40 68 1 3.70157 1
40 69 1 -0.537571 1
40 70 1 -2.34312 1
40 71 1 -0.180837 1
40 72 1 5.37904 1
40 73 1 2.42581 1
40 74 1 -1.34057 1
40 75 1 0.613049 1
40 76 1 -0.0236686 1
40 77 1 3.44361 1
40 78 1 3.02308 1
40 79 1 -0.48624 1
40 80 1 0.882278 1
40 81 1 -0.693057 1
40 82 1 1.00476 1
40 83 1 -2.6959 1
40 84 1 0.595079 1
40 85 1 1.67644 1
40 86 1 0.973657 1
40 87 1 1.36638 1
40 88 1 0.462194 1
40 89 1 0.0373294 1
40 90 1 -1.68417 1
40 91 1 -0.67173 1
40 92 1 -0.400742 1
40 93 1 2.53199 1
40 94 1 -0.149024 1
40 95 1 1.0377 1
40 2 1 -0.624798 1
40 134 1 0.321542 1
41 64 1 5.8277 1
41 65 1 -1.2756 1
41 66 1 -0.488915 1
41 67 1 -1.30408 1
41 68 1 -0.109792 1
41 69 1 -1.47535 1
41 70 1 1.04703 1
41 71 1 0.474396 1
41 72 1 4.07828 1
41 73 1 -5.4372 1
41 74 1 -1.05606 1
41 75 1 2.09328 1
41 76 1 -0.980402 1
41 77 1 -1.00005 1
41 78 1 -3.20111 1
41 79 1 1.023 1
41 80 1 2.48983 1
41 81 1 1.74478 1
41 82 1 -1.38861 1
41 83 1 2.79528 1
41 84 1 -1.37556 1
41 85 1 1.28829 1
41 86 1 2.13225 1
41 87 1 -0.745049 1
41 88 1 3.93427 1
41 89 1 -1.41951 1
41 90 1 -2.70013 1
41 91 1 -0.309671 1
41 92 1 0.62071 1
41 93 1 0.495694 1
41 94 1 -0.787633 1
41 95 1 0.205557 1
41 11 1 2.26028 1
41 29 1 -1.06969 1
42 64 1 0.287422 1
42 65 1 2.18241 1
42 66 1 -1.11659 1
42 67 1 -0.608629 1
42 68 1 -1.79917 1
42 69 1 -2.11508 1
42 70 1 -2.36918 1
42 71 1 -0.946252 1
42 72 1 -2.52632 1
42 73 1 -3.57687 1
42 74 1 0.891442 1
42 75 1 0.21598 1
42 76 1 -0.648124 1
42 77 1 -1.16783 1
42 78 1 -2.15214 1
42 79 1 0.901631 1
42 80 1 -0.667657 1
42 81 1 1.06457 1
42 82 1 2.71163 1
42 83 1 2.64073 1
42 84 1 2.37904 1
42 85 1 1.36153 1
42 86 1 -0.441597 1
42 87 1 -1.36266 1
42 88 1 -0.552064 1
42 89 1 1.18523 1
42 90 1 1.66029 1
42 91 1 0.147155 1
42 92 1 -1.73023 1
42 93 1 2.51297 1
42 94 1 -2.13438 1
42 95 1 2.32242 1
43 64 1 2.89756 1
43 65 1 -3.44737 1
43 66 1 2.15739 1
43 67 1 1.7545 1
43 68 1 -0.181261 1
43 69 1 0.0132472 1
43 70 1 0.165206 1
43 71 1 -2.54345 1
43 72 1 -1.42368 1
43 73 1 -6.75544 1
43 74 1 2.52764 1
43 75 1 -1.72603 1
43 76 1 2.36447 1
43 77 1 0.417112 1
43 78 1 0.933765 1
43 79 1 -1.1714 1
43 80 1 -0.414214 1
43 81 1 2.50512 1
43 82 1 0.802507 1
43 83 1 -2.04695 1
43 84 1 -0.0972299 1
43 85 1 1.70176 1
43 86 1 -0.0400573 1
43 87 1 4.44276 1
43 88 1 -1.50115 1
43 89 1 3.02373 1
43 90 1 1.41828 1
43 91 1 -5.02464 1
43 92 1 3.52996 1
43 93 1 2.90188 1
43 94 1 -4.55711 1
43 95 1 0.200382 1
44 64 1 1.02501 1
44 65 1 -1.93282 1
44 66 1 0.302619 1
44 67 1 -2.11462 1
44 68 1 -1.82142 1
44 69 1 0.0266577 1
44 70 1 2.94846 1
44 71 1 0.598594 1
44 72 1 -2.48957 1
44 73 1 0.20735 1
44 74 1 -1.50351 1
44 75 1 -2.71337 1
44 76 1 -0.380241 1
44 77 1 1.32739 1
44 78 1 2.45896 1
44 79 1 1.05747 1
44 80 1 5.40174 1
44 81 1 -1.75845 1
44 82 1 2.33024 1
44 83 1 -2.06967 1
44 84 1 0.129981 1
44 85 1 1.33393 1
44 86 1 0.969143 1
44 87 1 -0.0117481 1
44 88 1 -0.341349 1
44 89 1 0.548619 1
44 90 1 0.279053 1
44 91 1 0.837013 1
44 92 1 0.00921902 1
44 93 1 2.67058 1
44 94 1 0.151686 1
44 95 1 0.0715031 1
44 8 1 1.06205 1
44 29 1 0.575588 1
45 64 1 -1.48379 1
45 65 1 2.83019 1
45 66 1 0.916124 1
45 67 1 0.0506679 1
45 68 1 -2.53262 1
45 69 1 -6.30677 1
45 70 1 -4.27482 1
45 71 1 -0.538385 1
45 72 1 -3.75667 1
45 73 1 3.47359 1
45 74 1 2.97946 1
45 75 1 3.54786 1
45 76 1 0.147714 1
45 77 1 0.0571785 1
45 78 1 -2.838 1
45 79 1 1.81855 1
45 80 1 -1.94902 1
45 81 1 1.38844 1
45 82 1 1.28863 1
45 83 1 -1.80697 1
45 84 1 1.80903 1
45 85 1 -3.55661 1
45 86 1 0.138321 1
45 87 1 0.235054 1
45 88 1 0.0325058 1
45 89 1 -3.73341 1
45 90 1 -1.05683 1
45 91 1 2.63064 1
45 92 1 -2.79117 1
45 93 1 -5.37363 1
45 94 1 0.579036 1
45 95 1 -2.38275 1
45 9 1 3.68703 1
46 64 1 0.00591411 1
46 65 1 1.30599 1
46 66 1 1.30839 1
46 67 1 2.73379 1
46 68 1 -5.47324 1
46 69 1 -0.69615 1
46 70 1 1.59324 1
46 71 1 -0.233134 1
46 72 1 1.5066 1
46 73 1 -2.82129 1
46 74 1 -2.9179 1
46 75 1 2.92778 1
46 76 1 -3.53817 1
46 77 1 2.79714 1
46 78 1 -0.826955 1
46 79 1 -0.426442 1
46 80 1 4.77301 1
46 81 1 -0.126215 1
46 82 1 -0.0401745 1
46 83 1 1.8589 1
46 84 1 -0.791801 1
46 85 1 2.06067 1
46 86 1 -0.650137 1
46 87 1 0.681734 1
46 88 1 -3.34205 1
46 89 1 -3.64898 1
46 90 1 -2.21782 1
46 91 1 0.572615 1
46 92 1 -0.572455 1
46 93 1 -1.57497 1
46 94 1 -1.36013 1
46 95 1 0.197659 1
46 24 1 1.00326 1
47 64 1 -0.853072 1
47 65 1 -0.111166 1
47 66 1 -2.4957 1
47 67 1 3.64639 1
47 68 1 0.186967 1
47 69 1 2.35684 1
47 70 1 -1.10096 1
47 71 1 0.00341913 1
47 72 1 2.56252 1
47 73 1 4.21767 0
47 74 1 -0.401822 1
47 75 1 -0.997688 1
47 76 1 -2.82904 1
47 77 1 -4.85173 1
47 78 1 -0.618179 1
47 79 1 1.95736 1
47 80 1 3.71719 1
47 81 1 -4.60074 1
47 82 1 0.105956 1
47 83 1 -1.6244 1
47 84 1 -2.46993 1
47 85 1 1.02438 1
47 86 1 -1.07229 1
47 87 1 4.14801 1
47 88 1 -0.646825 1
47 89 1 -0.021552 1
47 90 1 5.5872 1
47 91 1 -0.0915934 1
47 92 1 -0.11506 1
47 93 1 -0.528601 1
47 94 1 -0.502501 1
47 95 1 -1.16583 1
47 4 1 1.26336 1
47 137 1 0.131886 1
137 73 1 3.91562 1
48 64 1 -1.64809 1
48 65 1 0.0519221 1
48 66 1 0.438015 1
48 67 1 -1.7024 1
48 68 1 -1.74843 1
48 69 1 -4.3501 1
48 70 1 0.616492 1
48 71 1 3.01521 1
48 72 1 -2.13928 1
48 73 1 2.35088 1
48 74 1 5.77673 1
48 75 1 -2.3874 1
48 76 1 0.684096 1
48 77 1 -1.96096 1
48 78 1 1.09035 1
48 79 1 0.316771 1
48 80 1 -1.46393 1
48 81 1 -1.83617 1
48 82 1 -0.649384 1
48 83 1 -0.628601 1
48 84 1 -0.20016 1
48 85 1 0.867673 1
48 86 1 -1.21163 1
48 87 1 -0.549939 1
48 88 1 -2.41064 1
48 89 1 0.287391 1
48 90 1 0.916253 1
48 91 1 0.0550697 1
48 92 1 -2.65588 1
48 93 1 1.07387 1
48 94 1 3.89104 1
48 95 1 1.58403 1
48 16 1 -0.164729 1
48 12 1 -0.201142 1
48 14 1 -1.15901 1
49 64 1 -0.691153 1
49 65 1 -1.20656 1
49 66 1 -1.81546 1
49 67 1 -0.662216 1
49 68 1 -0.309843 1
49 69 1 2.96521 1
49 70 1 -1.14182 1
49 71 1 -3.36366 1
49 72 1 -1.37112 1
49 73 1 0.451734 1
49 74 1 2.78743 1
49 75 1 1.09896 1
49 76 1 -5.06744 1
49 77 1 -2.00436 1
49 78 1 -3.2401 1
49 79 1 2.55702 1
49 80 1 5.81587 1
49 81 1 -2.53828 1
49 82 1 -0.150138 1
49 83 1 -0.79176 1
49 84 1 1.99679 1
49 85 1 -2.79033 1
49 86 1 0.916029 1
49 87 1 -0.623775 1
49 88 1 -2.26987 1
49 89 1 -0.622047 1
49 90 1 -0.329725 1
49 91 1 0.885151 1
49 92 1 2.69042 1
49 93 1 -0.364243 1
49 94 1 0.233733 1
49 95 1 2.3689 1
49 19 1 -1.50856 1
49 31 1 -0.11919 1
50 64 1 -3.6849 1
50 65 1 -3.05222 1
50 66 1 2.36066 1
50 67 1 -2.15475 1
50 68 1 1.57945 1
50 69 1 0.806209 1
50 70 1 1.37392 1
50 71 1 5.82413 1
50 72 1 -1.33359 1
50 73 1 5.35714 1
50 74 1 0.147904 1
50 75 1 0.414553 1
50 76 1 -3.20773 1
50 77 1 0.251884 1
50 78 1 2.42742 1
50 79 1 -1.00647 1
50 80 1 0.433334 1
50 81 1 -1.10071 1
50 82 1 -1.45016 1
50 83 1 1.69774 1
50 84 1 -1.87249 1
50 85 1 0.364575 1
50 86 1 0.00427421 1
50 87 1 -0.977111 1
50 88 1 -2.94782 1
50 89 1 0.594834 1
50 90 1 -0.754853 1
50 91 1 -0.923806 1
50 92 1 0.511654 1
50 93 1 -0.309768 1
50 94 1 -2.53707 1
50 95 1 2.37704 1
50 4 1 3.40641 1
50 22 1 -1.77247 1
51 64 1 -0.576652 1
51 65 1 3.16108 1
51 66 1 2.38647 1
51 67 1 -1.24707 1
51 68 1 -1.20835 1
51 69 1 0.293788 1
51 70 1 3.47482 1
51 71 1 3.12076 1
51 72 1 -2.13193 1
51 73 1 -1.77077 0
51 74 1 -2.63333 1
51 75 1 6.16112 1
51 76 1 -2.57975 1
51 77 1 0.848624 1
51 78 1 2.18181 1
51 79 1 -0.791708 1
51 80 1 0.968185 1
51 81 1 -2.13815 1
51 82 1 -0.227717 1
51 83 1 3.19108 1
51 84 1 -2.52692 1
51 85 1 -2.56883 1
51 86 1 -1.55114 1
51 87 1 0.0741547 1
51 88 1 1.08007 1
51 89 1 0.743965 1
51 90 1 1.8396 1
51 91 1 1.39743 1
51 92 1 3.10542 1
51 93 1 3.53586 1
51 94 1 -4.76724 1
51 95 1 -1.61406 1
51 116 1 0.707107 1
51 12 1 -1.05393 1
116 73 1 -0.210814 0
116 134 1 1.33847 1
134 73 1 1.5849 1
52 64 1 -1.49943 1
52 65 1 2.19244 1
52 66 1 1.32865 1
52 67 1 -0.380309 1
52 68 1 -0.136989 1
52 69 1 3.43151 1
52 70 1 3.27214 1
52 71 1 -0.900855 1
52 72 1 -0.449219 1
52 73 1 4.86606 1
52 74 1 1.5906 1
52 75 1 -1.25878 1
52 76 1 -2.78581 1
52 77 1 -0.353445 1
52 78 1 0.720305 1
52 79 1 0.35728 1
52 80 1 -0.500155 1
52 81 1 0.223114 1
52 82 1 -3.16392 1
52 83 1 -2.27061 1
52 84 1 1.05312 1
52 85 1 -1.13899 1
52 86 1 -3.63885 1
52 87 1 0.67216 1
52 88 1 1.60443 1
52 89 1 -0.0834671 1
52 90 1 -2.03712 1
52 91 1 -0.911771 1
52 92 1 -1.37068 1
52 93 1 -1.22134 0
52 94 1 0.709191 1
52 95 1 1.64172 1
52 115 1 0.234136 1
52 139 1 1.35723 1
139 93 1 -1.45172 1
53 64 1 -1.15799 1
53 65 1 2.08011 1
53 66 1 -0.992438 1
53 67 1 -0.0692529 1
53 68 1 1.29624 1
53 69 1 2.341 1
53 70 1 -1.48786 1
53 71 1 0.929881 1
53 72 1 0.259878 1
53 73 1 1.58056 1
53 74 1 -1.02722 1
53 75 1 -1.44186 1
53 76 1 1.42267 1
53 77 1 3.18994 1
53 78 1 -1.83386 1
53 79 1 0.973954 1
53 80 1 1.72375 1
53 81 1 -0.130081 1
53 82 1 1.76395 1
53 83 1 1.21268 1
53 84 1 2.90734 1
53 85 1 0.465459 1
53 86 1 0.591498 1
53 87 1 0.299085 1
53 88 1 -0.417318 1
53 89 1 0.576877 1
53 90 1 -1.46196 1
53 91 1 0.0620025 1
53 92 1 2.47266 1
53 93 1 0.498538 1
53 94 1 -0.247491 1
53 95 1 -1.232 1
53 20 1 2.60257 1
53 23 1 1.1992 1
54 64 1 0.342553 1
54 65 1 -0.463275 1
54 66 1 -1.55669 1
54 67 1 0.825124 1
54 68 1 0.800775 1
54 69 1 -2.53139 1
54 70 1 -0.31156 1
54 71 1 1.67941 1
54 72 1 1.15384 1
54 73 1 0.561771 1
54 74 1 -0.247773 1
54 75 1 -0.0955606 1
54 76 1 -0.668792 1
54 77 1 2.82753 1
54 78 1 -0.50863 1
54 79 1 -0.000371045 1
54 80 1 1.27667 1
54 81 1 1.42849 1
54 82 1 -4.1734 1
54 83 1 5.152 1
54 84 1 0.139961 1
54 85 1 0.398636 1
54 86 1 -2.93502 1
54 87 1 -1.65706 1
54 88 1 3.56201 1
54 89 1 2.17486 1
54 90 1 -2.68342 1
54 91 1 2.14997 1
54 92 1 -1.4908 1
54 93 1 0.827561 1
54 94 1 -1.75138 1
54 95 1 -1.99697 1
54 30 1 -1.2981 1
55 64 1 0.55278 1
55 65 1 -1.8231 1
55 66 1 -0.26826 1
55 67 1 0.712475 1
55 68 1 -3.63745 1
55 69 1 3.07022 1
55 70 1 3.13599 1
55 71 1 -3.729 1
55 72 1 1.27894 1
55 73 1 -1.03372 1
55 74 1 3.4662 1
55 75 1 -3.88666 1
55 76 1 -3.88868 1
55 77 1 2.245 1
55 78 1 -1.71036 1
55 79 1 2.54072 1
55 80 1 -1.26008 1
55 81 1 -0.472555 1
55 82 1 -1.86905 1
55 83 1 -0.763376 1
55 84 1 0.625061 1
55 85 1 -4.34116 1
55 86 1 1.56152 1
55 87 1 2.7823 1
55 88 1 -3.63505 1
55 89 1 -2.26236 1
55 90 1 0.616357 1
55 91 1 2.10437 1
55 92 1 4.13459 1
55 93 1 -3.02168 1
55 94 1 -1.11779 1
55 95 1 -1.12241 0
55 28 1 3.78207 1
55 114 1 0.963975 1
114 95 1 -0.880528 1
56 64 1 0.568238 1
56 65 1 -1.55047 1
56 66 1 -0.398001 1
56 67 1 -0.449952 1
56 68 1 0.118824 0
56 69 1 0.196122 1
56 70 1 0.308586 1
56 71 1 -0.649736 1
56 72 1 -1.14139 1
56 73 1 -2.4493 1
56 74 1 4.74416 1
56 75 1 4.31956 1
56 76 1 -3.8432 1
56 77 1 -1.10367 1
56 78 1 -4.84727 1
56 79 1 1.29877 1
56 80 1 -0.750765 1
56 81 1 3.37796 1
56 82 1 2.77634 1
56 83 1 -2.87804 1
56 84 1 -1.37601 1
56 85 1 -1.64784 1
56 86 1 0.586476 1
56 87 1 -2.7594 1
56 88 1 1.63253 1
56 89 1 -2.41659 1
56 90 1 -0.691317 1
56 91 1 1.44656 1
56 92 1 1.94857 1
56 93 1 3.1709 1
56 94 1 -2.33886 1
56 95 1 0.0581098 1
56 3 1 -1.78381 1
56 126 1 2.61702 1
126 68 1 1.31749 1
126 11 1 -0.178876 1
57 64 1 -4.37915 1
57 65 1 1.43616 1
57 66 1 -3.70688 1
57 67 1 -0.486215 1
57 68 1 2.14272 1
57 69 1 -1.95187 0
57 70 1 -0.163729 1
57 71 1 1.6825 1
57 72 1 0.177749 1
57 73 1 -1.34674 1
57 74 1 1.4705 1
57 75 1 3.43763 1
57 76 1 1.94299 1
57 77 1 -3.61975 1
57 78 1 -1.29624 1
57 79 1 -0.744724 1
57 80 1 0.542932 1
57 81 1 4.61713 1
57 82 1 1.74075 1
57 83 1 -2.56018 1
57 84 1 0.694701 1
57 85 1 -2.40222 1
57 86 1 -2.01417 1
57 87 1 1.38012 1
57 88 1 -3.15265 1
57 89 1 1.34862 1
57 90 1 0.0601713 1
57 91 1 -0.0454948 1
57 92 1 -1.56467 1
57 93 1 0.155524 1
57 94 1 0.516369 1
57 95 1 2.22974 1
57 104 1 2.84494 1
57 22 1 1.20041 1
104 69 1 1.37495 1
104 1 1 0.607831 1
58 64 1 0.89456 1
58 65 1 -3.27052 1
58 66 1 -0.76236 1
58 67 1 -1.12637 1
58 68 1 0.955559 1
58 69 1 -2.67555 1
58 70 1 -1.21091 1
58 71 1 -0.0831774 1
58 72 1 0.221408 1
58 73 1 -1.62425 1
58 74 1 3.03616 1
58 75 1 3.00124 1
58 76 1 2.87926 1
58 77 1 -0.895527 1
58 78 1 -1.3714 1
58 79 1 0.224511 0
58 80 1 -3.8385 1
58 81 1 1.66662 1
58 82 1 1.19733 1
58 83 1 0.182591 1
58 84 1 -0.309221 1
58 85 1 -0.362169 1
58 86 1 0.677219 1
58 87 1 -1.56183 1
58 88 1 -1.19225 1
58 89 1 -0.463734 1
58 90 1 -1.49484 1
58 91 1 0.42024 1
58 92 1 2.83761 1
58 93 1 0.831689 1
58 94 1 -4.03328 1
58 95 1 1.88523 1
58 128 1 2.09103 1
128 79 1 0.0621157 0
128 131 1 0.969113 1
131 79 1 -0.277262 1
59 64 1 -0.179611 1
59 65 1 1.4763 1
59 66 1 0.2127 1
59 67 1 -1.53029 1
59 68 1 1.04581 1
59 69 1 -0.726189 1
59 70 1 -1.53265 1
59 71 1 2.204 1
59 72 1 -1.36461 1
59 73 1 -2.33186 1
59 74 1 1.03182 1
59 75 1 -0.584959 1
59 76 1 2.01274 1
59 77 1 0.770906 0
59 78 1 0.109255 1
59 79 1 -3.49191 1
59 80 1 -0.0259036 1
59 81 1 -0.437053 1
59 82 1 -4.97956 1
59 83 1 3.30987 1
59 84 1 -0.506017 1
59 85 1 -1.27636 1
59 86 1 -2.44567 1
59 87 1 1.47682 1
59 88 1 5.04161 1
59 89 1 -0.421262 1
59 90 1 0.396969 1
59 91 1 -1.57805 1
59 92 1 -0.729473 1
59 93 1 1.68376 1
59 94 1 -3.41047 1
59 95 1 1.13641 1
59 97 1 1.18246 1
59 5 1 -3.40364 1
59 11 1 -0.943451 1
59 13 1 0.368654 1
97 77 1 -3.63354 1
97 22 1 -3.15166 1
97 2 1 -4.83741 0
97 99 1 2.81726 1
97 7 1 3.22087 0
97 102 1 2.62086 1
97 17 1 0.768609 0
97 143 1 1 1
143 17 1 0.768609 1
102 7 1 5.04249 1
99 2 1 2.78191 0
99 108 1 3.97685 1
99 15 1 -0.406621 1
108 2 1 0.089401 0
108 125 1 3.14962 1
125 2 1 -0.382617 1
60 64 1 1.19469 1
60 65 1 -1.1068 1
60 66 1 -1.82067 1
60 67 1 0.0635833 1
60 68 1 1.23858 1
60 69 1 0.655585 1
60 70 1 -2.37024 1
60 71 1 -0.32352 1
60 72 1 0.662878 0
60 73 1 -1.07233 1
60 74 1 0.630712 1
60 75 1 -0.267167 1
60 76 1 0.810637 1
60 77 1 3.90981 1
60 78 1 0.800772 1
60 79 1 1.43993 1
60 80 1 -4.41812 1
60 81 1 -1.17708 1
60 82 1 -0.456821 1
60 83 1 1.19136 1
60 84 1 -2.79052 1
60 85 1 3.01089 1
60 86 1 2.14127 1
60 87 1 -0.0160715 1
60 88 1 -3.83203 1
60 89 1 -1.62729 1
60 90 1 -1.40958 1
60 91 1 0.509314 1
60 92 1 2.6214 1
60 93 1 1.39942 1
60 94 1 0.621618 1
60 95 1 -0.463552 1
60 24 1 -3.20412 1
60 0 1 2.79856 1
60 115 1 1.4384 1
60 3 1 0.379066 1
115 72 1 -1.07434 1
115 18 1 0.661214 1
61 64 1 0.182029 1
61 65 1 0.663126 1
61 66 1 0.582098 1
61 67 1 -0.11594 1
61 68 1 -4.76572 1
61 69 1 2.20143 1
61 70 1 0.753022 1
61 71 1 0.252222 1
61 72 1 -1.58655 1
61 73 1 1.74331 1
61 74 1 1.75448 1
61 75 1 3.28031 1
61 76 1 0.10188 1
61 77 1 -0.863803 0
61 78 1 0.281744 1
61 79 1 0.220992 1
61 80 1 -1.48409 1
61 81 1 -0.797326 1
61 82 1 -0.869422 1
61 83 1 1.25062 1
61 84 1 -1.33522 1
61 85 1 2.50063 1
61 86 1 -0.216062 1
61 87 1 1.48509 1
61 88 1 1.02833 1
61 89 1 -0.00732933 1
61 90 1 2.24502 1
61 91 1 2.66711 1
61 92 1 -1.73599 1
61 93 1 -0.655316 1
61 94 1 1.01324 1
61 95 1 -0.167193 1
61 107 1 1.53286 1
61 113 1 -2.59556 1
107 77 1 -5.29204 0
107 113 1 2.49719 1
107 14 1 -1.39481 1
113 77 1 -2.56255 1
113 23 1 -0.521617 1
62 64 1 2.28382 1
62 65 1 -3.16143 1
62 66 1 2.9416 1
62 67 1 -1.40055 1
62 68 1 2.31529 1
62 69 1 -0.576748 1
62 70 1 1.15606 1
62 71 1 -2.06871 1
62 72 1 0.788639 1
62 73 1 2.49686 1
62 74 1 2.42672 1
62 75 1 -0.570998 1
62 76 1 2.89753 1
62 77 1 -3.17323 1
62 78 1 -2.28427 1
62 79 1 -0.818904 1
62 80 1 -1.46397 1
62 81 1 -1.4526 1
62 82 1 -1.7524 1
62 83 1 0.0227226 1
62 84 1 0.474372 0
62 85 1 0.212536 1
62 86 1 4.44541 1
62 87 1 -2.99923 1
62 88 1 0.6706 1
62 89 1 -1.1634 1
62 90 1 -5.57982 1
62 91 1 0.713996 1
62 92 1 -1.11634 1
62 93 1 2.25628 1
62 94 1 0.910866 1
62 95 1 0.629654 1
62 5 1 1.31673 1
62 138 1 2.00736 1
138 84 1 0.381888 1
63 64 1 3.26023 1
63 65 1 -1.55058 1
63 66 1 2.96079 1
63 67 1 0.950122 1
63 68 1 -1.10234 1
63 69 1 -2.98805 1
63 70 1 -1.96152 1
63 71 1 3.3039 1
63 72 1 -0.646373 1
63 73 1 0.843862 1
63 74 1 -4.41875 1
63 75 1 1.97231 1
63 76 1 -0.930389 1
63 77 1 3.77797 1
63 78 1 1.61205 1
63 79 1 0.854949 1
63 80 1 0.0346713 1
63 81 1 0.349282 1
63 82 1 -1.03227 1
63 83 1 0.197955 1
63 84 1 -3.55429 1
63 85 1 -2.86735 1
63 86 1 5.76722 1
63 87 1 -3.79933 0
63 88 1 0.822145 1
63 89 1 -0.907489 1
63 90 1 3.20932 1
63 91 1 -1.65454 1
63 92 1 0.207367 1
63 93 1 2.29137 1
63 94 1 -3.80006 1
63 95 1 0.0848924 1
63 141 1 0.867925 1
141 87 1 -4.23749 1
