143 64 32
1.51535 0.333663 -6.09966 4.74304 -3.03202 1.60362 1.6959 0.325519 0.581632 0.260473 2.05315 1.04319 -3.64221 -3.75687 -1.05909 -3.13729 0.613744 0.0541556 0.394002 -0.51036 -2.72748 -0.713979 -1.17782 1.93062 -2.42621 -0.162157 3.2596 2.56516 -0.393779 -1.06623 -4.20768 3.65564 -0.325938 2.37002 -0.236577 0.700836 -2.51663 -1.32796 0.560725 -0.701798 -0.815708 -1.3844 -0.183949 -2.47601 -2.91732 -0.257523 -1.7171 1.82901 -0.506217 1.7728 1.42498 -3.45459 -2.50601 1.18235 -1.67144 2.72972 -2.71784 -0.770704 -0.0343247 -2.39192 0.706455 -0.360827 -0.431535 -4.07949 -3.34834 -0.0567823 2.59179 1.87511 -2.34542 1.16655 -2.38101 -0.898695 -2.12394 -1.97587 3.47757 1.94455 -2.18233 -1.00596 0.730613 -3.4935 0.480229 0.52187 -2.19039 1.58578 1.46181 0.286249 -2.57681 -0.199552 4.14027 -0.997744 -2.71496 1.15474 -1.54469 1.12904 0.0388929 -1.85582 0.203418 -0.498001 -1.05141 1.22589 2.51607 -2.17647 -3.56691 -2.67404 -1.46459 1.51492 -0.551638 -2.73217 0.62266 -0.061618 -1.14045 1.98517 3.03141 -3.1201 -1.06423 0.217914 -2.494 -0.532792 -0.737323 0.752105 1.85319 -0.340732 -0.209385 1.88173 -0.0693069 1.6818 0.72493 -0.962836 1.06546 1.31701 -0.576765 -0.738096 -0.818213 -0.0642474 1.85812 -0.814995 -0.82458 -0.198756 -0.34822 -0.463093 -0.0404197 0.319656 -0.0958383 
0 64 1 -3.54264 1
0 65 1 1.53701 1
0 66 1 1.95708 1
0 67 1 -1.13424 1
0 68 1 0.0481442 1
0 69 1 2.14248 1
0 70 1 -0.448487 1
0 71 1 -1.20958 1
0 72 1 0.579853 1
0 73 1 -0.308454 1
0 74 1 -2.98825 1
0 75 1 0.300655 1
0 76 1 1.67021 1
0 77 1 1.35607 1
0 78 1 -2.45754 1
0 79 1 4.07493 1
0 80 1 1.64685 1
0 81 1 2.51446 1
0 82 1 2.91978 1
0 83 1 1.45859 1
0 84 1 -4.37086 1
0 85 1 2.33046 1
0 86 1 -2.5082 1
0 87 1 -1.85756 1
0 88 1 -0.908031 1
0 89 1 0.572852 1
0 90 1 3.69076 1
0 91 1 4.63077 1
0 92 1 -3.20068 1
0 93 1 -1.17183 1
0 94 1 -0.881905 1
0 95 1 0.843384 1
0 10 1 -1.24695 1
1 64 1 -1.20788 1
1 65 1 -1.67486 1
1 66 1 2.1263 1
1 67 1 -2.66027 1
1 68 1 4.36651 1
1 69 1 -0.282518 1
1 70 1 2.17416 1
1 71 1 -1.64142 1
1 72 1 -0.363107 1
1 73 1 -1.23506 1
1 74 1 -4.63685 1
1 75 1 3.16059 1
1 76 1 -0.130163 1
1 77 1 2.87932 1
1 78 1 -1.96939 1
1 79 1 0.0208786 1
1 80 1 -2.42489 1
1 81 1 1.72503 1
1 82 1 -1.19456 1
1 83 1 -4.47646 1
1 84 1 -1.10834 1
1 85 1 -0.431221 1
1 86 1 1.12967 1
1 87 1 -0.678306 1
1 88 1 0.182169 1
1 89 1 2.39774 1
1 90 1 -0.530066 1
1 91 1 -2.55502 1
1 92 1 0.0277397 1
1 93 1 0.052714 1
1 94 1 -2.72501 1
1 95 1 -4.12194 1
1 27 1 -0.135828 1
2 64 1 -0.0828234 1
2 65 1 3.69433 1
2 66 1 -1.54499 1
2 67 1 -1.9587 1
2 68 1 -0.7691 1
2 69 1 2.46588 1
2 70 1 -0.75322 1
2 71 1 3.50845 1
2 72 1 -1.49414 1
2 73 1 -2.54357 1
2 74 1 -3.88665 1
2 75 1 -0.7698 1
2 76 1 -4.01494 1
2 77 1 0.132021 1
2 78 1 -2.62959 1
2 79 1 -3.31426 1
2 80 1 -2.88708 1
2 81 1 -4.19445 1
2 82 1 0.811528 1
2 83 1 -1.6992 1
2 84 1 0.0504462 1
2 85 1 3.18167 1
2 86 1 -1.30607 1
2 87 1 -0.775779 1
2 88 1 0.0205054 1
2 89 1 -2.51253 1
2 90 1 -1.65164 1
2 91 1 -1.28275 1
2 92 1 2.14537 1
2 93 1 -3.59615 1
2 94 1 2.71038 1
2 95 1 -0.699893 1
2 100 1 -0.920182 1
2 6 1 4.53365 1
2 110 1 0.20247 1
3 64 1 -2.12036 1
3 65 1 -1.30915 1
3 66 1 0.262991 1
3 67 1 1.69246 1
3 68 1 3.70617 1
3 69 1 -3.97637 1
3 70 1 0.750162 1
3 71 1 1.88026 1
3 72 1 5.94732 1
3 73 1 -1.30363 1
3 74 1 0.819931 1
3 75 1 2.95214 1
3 76 1 0.468953 1
3 77 1 -0.498757 1
3 78 1 -0.300652 1
3 79 1 -1.17546 1
3 80 1 -2.306 1
3 81 1 -0.526342 1
3 82 1 4.62928 1
3 83 1 -0.548452 1
3 84 1 -0.119608 1
3 85 1 -0.502575 1
3 86 1 -1.15209 1
3 87 1 2.03333 1
3 88 1 -0.187727 1
3 89 1 2.15966 1
3 90 1 0.509179 1
3 91 1 1.29099 1
3 92 1 -0.325255 1
3 93 1 -2.53641 1
3 94 1 -3.07067 1
3 95 1 1.61474 0
3 110 1 -0.179094 1
110 95 1 -0.0971145 0
110 111 1 1.54494 0
110 132 1 1.9601 1
132 111 1 1.59824 1
111 95 1 -1.94392 1
4 64 1 2.39173 1
4 65 1 -0.948538 1
4 66 1 -2.37218 1
4 67 1 1.67952 1
4 68 1 -0.318702 1
4 69 1 2.56613 1
4 70 1 -0.727001 1
4 71 1 -0.76523 1
4 72 1 1.8455 1
4 73 1 -1.11752 0
4 74 1 1.04064 1
4 75 1 -4.62028 0
4 76 1 1.44419 1
4 77 1 2.68032 1
4 78 1 1.78453 1
4 79 1 1.47744 1
4 80 1 -3.54854 1
4 81 1 0.287091 1
4 82 1 1.23328 1
4 83 1 -1.8724 1
4 84 1 -0.614532 1
4 85 1 3.5198 1
4 86 1 0.88478 1
4 87 1 -1.69657 1
4 88 1 -1.49403 1
4 89 1 0.266872 1
4 90 1 1.19783 1
4 91 1 -6.3272 1
4 92 1 -0.274577 1
4 93 1 0.293386 1
4 94 1 -2.16329 1
4 95 1 2.95112 1
4 101 1 2.63486 1
4 17 1 1.66991 1
4 118 1 2.34039 1
118 73 1 -3.2227 1
101 75 1 0.876156 1
5 64 1 -0.838201 1
5 65 1 2.02597 1
5 66 1 -2.45822 1
5 67 1 3.95338 1
5 68 1 2.21696 1
5 69 1 1.65656 1
5 70 1 -3.11695 1
5 71 1 -0.282634 1
5 72 1 0.59712 1
5 73 1 -2.61262 1
5 74 1 -2.43656 1
5 75 1 2.80068 1
5 76 1 1.67677 1
5 77 1 1.41157 1
5 78 1 -0.717837 1
5 79 1 0.688233 1
5 80 1 3.40374 1
5 81 1 -1.21711 1
5 82 1 -0.651048 1
5 83 1 5.65455 1
5 84 1 -0.0766293 1
5 85 1 1.49635 1
5 86 1 -2.56261 1
5 87 1 -0.334185 1
5 88 1 -1.20102 1
5 89 1 -1.42741 1
5 90 1 -2.45238 1
5 91 1 1.84302 1
5 92 1 -2.30429 1
5 93 1 1.70527 1
5 94 1 -1.54721 1
5 95 1 -0.211604 1
6 64 1 0.592203 1
6 65 1 0.587592 1
6 66 1 1.85079 1
6 67 1 1.08856 1
6 68 1 -3.4986 1
6 69 1 -0.985363 1
6 70 1 -1.22748 1
6 71 1 1.32271 1
6 72 1 1.51991 1
6 73 1 -2.98284 1
6 74 1 -3.16937 1
6 75 1 0.728673 1
6 76 1 3.6704 1
6 77 1 0.108316 1
6 78 1 -1.79036 1
6 79 1 -2.17754 1
6 80 1 1.52706 1
6 81 1 0.488082 1
6 82 1 0.764609 1
6 83 1 2.08888 1
6 84 1 2.61343 1
6 85 1 -4.0539 1
6 86 1 -1.0057 1
6 87 1 4.27526 1
6 88 1 -1.6498 1
6 89 1 -3.11083 1
6 90 1 2.53843 1
6 91 1 -0.555348 1
6 92 1 1.67327 1
6 93 1 -1.54248 1
6 94 1 -2.39899 1
6 95 1 0.000294505 1
6 26 1 1.00629 1
7 64 1 1.85707 1
7 65 1 0.462488 1
7 66 1 -0.376857 1
7 67 1 -3.37716 1
7 68 1 -2.74031 1
7 69 1 -1.34998 1
7 70 1 3.23177 1
7 71 1 2.69255 1
7 72 1 2.61924 1
7 73 1 0.0723698 1
7 74 1 -0.256258 1
7 75 1 -1.90027 1
7 76 1 3.10352 1
7 77 1 -1.12436 1
7 78 1 2.60485 1
7 79 1 2.32481 1
7 80 1 -0.563756 1
7 81 1 0.83139 1
7 82 1 -4.06394 0
7 83 1 2.37022 0
7 84 1 -3.38737 1
7 85 1 3.65353 1
7 86 1 -0.740231 1
7 87 1 3.29919 1
7 88 1 -3.01661 1
7 89 1 -2.35274 1
7 90 1 -1.15727 1
7 91 1 -3.4104 1
7 92 1 0.0806674 1
7 93 1 -0.618442 1
7 94 1 0.148173 1
7 95 1 3.38297 1
7 100 1 -0.91008 1
7 127 1 0.612122 1
127 82 1 -4.56881 1
100 83 1 0.29189 1
100 24 1 -0.733728 0
100 106 1 3.90201 1
106 24 1 -4.69013 1
106 6 1 0.273076 1
8 64 1 3.48387 1
8 65 1 -2.18253 1
8 66 1 -0.8857 1
8 67 1 2.17373 1
8 68 1 -0.00361073 1
8 69 1 3.25336 1
8 70 1 0.797694 1
8 71 1 1.82903 1
8 72 1 2.78392 1
8 73 1 0.320554 1
8 74 1 -0.744174 1
8 75 1 -2.17098 1
8 76 1 -1.53827 1
8 77 1 1.72001 1
8 78 1 -0.19762 1
8 79 1 -1.70846 1
8 80 1 0.391844 1
8 81 1 -0.784835 1
8 82 1 -0.129628 1
8 83 1 -2.42979 1
8 84 1 4.46257 1
8 85 1 6.92986 1
8 86 1 3.8009 1
8 87 1 1.30058 1
8 88 1 -1.03444 1
8 89 1 2.67094 1
8 90 1 -0.482605 1
8 91 1 -0.398841 1
8 92 1 2.9364 1
8 93 1 4.59411 1
8 94 1 5.57589 1
8 95 1 1.03107 1
8 17 1 -1.07653 1
9 64 1 -0.825403 1
9 65 1 -2.33193 1
9 66 1 0.909936 1
9 67 1 0.853891 1
9 68 1 -0.870041 1
9 69 1 0.997551 1
9 70 1 -2.94318 1
9 71 1 0.0227506 1
9 72 1 2.5475 1
9 73 1 -2.26533 1
9 74 1 0.146161 1
9 75 1 -0.973289 1
9 76 1 1.97761 1
9 77 1 -1.2816 1
9 78 1 2.84737 1
9 79 1 0.533385 1
9 80 1 -1.69394 1
9 81 1 -0.363638 1
9 82 1 -2.41671 1
9 83 1 -0.274758 1
9 84 1 1.85601 1
9 85 1 3.10021 1
9 86 1 -0.7287 1
9 87 1 0.891249 1
9 88 1 1.61643 1
9 89 1 6.70962 1
9 90 1 -0.477513 1
9 91 1 -1.72354 1
9 92 1 -1.90787 1
9 93 1 -3.15405 1
9 94 1 -3.86212 1
9 95 1 0.451201 1
9 103 1 0.188873 1
10 64 1 1.32908 1
10 65 1 1.24203 1
10 66 1 4.81479 1
10 67 1 -4.89086 1
10 68 1 3.97073 1
10 69 1 -0.676849 1
10 70 1 -1.05697 1
10 71 1 -0.828983 1
10 72 1 3.49894 1
10 73 1 2.69897 1
10 74 1 0.197954 0
10 75 1 0.283419 1
10 76 1 0.956712 1
10 77 1 0.566084 1
10 78 1 -1.49403 1
10 79 1 -2.87364 1
10 80 1 -0.682331 1
10 81 1 3.86792 1
10 82 1 2.20132 1
10 83 1 0.179463 1
10 84 1 3.0011 1
10 85 1 3.74018 1
10 86 1 -2.15512 1
10 87 1 1.48454 1
10 88 1 3.46109 1
10 89 1 -0.905167 1
10 90 1 0.42968 1
10 91 1 1.11051 1
10 92 1 1.51166 1
10 93 1 -1.72099 1
10 94 1 3.48269 1
10 95 1 3.6095 1
10 124 1 1.81064 1
124 74 1 0.47042 1
11 64 1 4.53656 1
11 65 1 1.70729 1
11 66 1 3.22005 1
11 67 1 0.109852 1
11 68 1 5.42116 1
11 69 1 0.112069 1
11 70 1 1.04143 1
11 71 1 1.37924 1
11 72 1 -2.49768 1
11 73 1 1.11283 1
11 74 1 0.297255 0
11 75 1 -1.71632 1
11 76 1 -2.382 1
11 77 1 -1.02388 1
11 78 1 -2.14805 1
11 79 1 -0.110498 1
11 80 1 -1.69475 1
11 81 1 1.05541 1
11 82 1 4.11882 1
11 83 1 0.994294 1
11 84 1 2.25188 1
11 85 1 -1.37033 1
11 86 1 -3.31366 1
11 87 1 -0.707835 1
11 88 1 -2.19243 1
11 89 1 -2.2801 1
11 90 1 -1.33708 1
11 91 1 0.692568 1
11 92 1 -2.45574 1
11 93 1 3.31518 1
11 94 1 -0.479344 1
11 95 1 -2.6986 1
11 120 1 -0.44032 1
11 109 1 1.33714 1
120 74 1 -2.75139 1
12 64 1 0.0734162 1
12 65 1 1.07628 1
12 66 1 -2.92124 1
12 67 1 -2.87121 1
12 68 1 0.00636287 1
12 69 1 1.1127 1
12 70 1 0.039842 1
12 71 1 1.66672 1
12 72 1 0.144896 1
12 73 1 -3.59452 1
12 74 1 -3.7147 1
12 75 1 -2.02953 1
12 76 1 0.133408 1
12 77 1 0.406694 1
12 78 1 -0.266697 1
12 79 1 -1.92663 1
12 80 1 -1.00978 1
12 81 1 -2.06342 1
12 82 1 2.90961 1
12 83 1 -1.12957 1
12 84 1 0.55283 1
12 85 1 0.156189 1
12 86 1 -0.22039 1
12 87 1 2.65602 1
12 88 1 -1.9359 1
12 89 1 2.34235 1
12 90 1 -1.51866 1
12 91 1 -2.70483 1
12 92 1 0.475373 1
12 93 1 -2.952 1
12 94 1 0.885225 1
12 95 1 -0.929671 1
12 17 1 0.916821 1
13 64 1 -0.0505843 1
13 65 1 -4.09883 1
13 66 1 0.163263 1
13 67 1 2.92863 1
13 68 1 2.41989 1
13 69 1 -2.61089 1
13 70 1 0.520124 1
13 71 1 2.57222 1
13 72 1 1.91486 1
13 73 1 -2.86777 1
13 74 1 -1.43977 1
13 75 1 -2.51543 1
13 76 1 -1.05869 1
13 77 1 -1.80794 1
13 78 1 -0.0568189 1
13 79 1 1.37244 1
13 80 1 0.948121 1
13 81 1 0.515137 1
13 82 1 0.257571 1
13 83 1 -0.065987 1
13 84 1 -1.76065 1
13 85 1 3.46504 1
13 86 1 4.87643 1
13 87 1 6.67625 1
13 88 1 2.1196 1
13 89 1 0.862479 1
13 90 1 -4.68291 1
13 91 1 -3.54462 1
13 92 1 -1.76557 1
13 93 1 -3.88822 1
13 94 1 -0.749719 1
13 95 1 -2.72527 1
14 64 1 -1.28692 1
14 65 1 4.02731 1
14 66 1 1.7363 1
14 67 1 -1.18155 1
14 68 1 -2.73379 1
14 69 1 3.70536 1
14 70 1 -2.74641 1
14 71 1 2.4078 1
14 72 1 1.4352 1
14 73 1 -0.693093 1
14 74 1 0.77428 1
14 75 1 2.54605 1
14 76 1 -1.18966 1
14 77 1 0.634308 1
14 78 1 -2.18981 1
14 79 1 -1.65912 1
14 80 1 -0.879295 1
14 81 1 2.51945 0
14 82 1 4.35927 1
14 83 1 -0.387508 1
14 84 1 0.323901 1
14 85 1 -0.910597 1
14 86 1 1.26292 1
14 87 1 -2.50487 1
14 88 1 -1.01204 1
14 89 1 -0.708346 1
14 90 1 -0.0637797 1
14 91 1 3.8393 1
14 92 1 0.507641 1
14 93 1 1.52416 1
14 94 1 4.15609 1
14 95 1 -2.20624 1
14 104 1 -0.908918 1
14 119 1 1.34472 1
119 81 1 5.06226 1
15 64 1 -0.214197 1
15 65 1 0.577168 1
15 66 1 -2.47145 1
15 67 1 -0.311199 1
15 68 1 0.537704 1
15 69 1 -1.3516 1
15 70 1 6.85468 1
15 71 1 -0.865992 1
15 72 1 -0.849772 1
15 73 1 -0.146995 1
15 74 1 1.8022 1
15 75 1 -1.87754 1
15 76 1 0.213921 1
15 77 1 2.31825 1
15 78 1 -3.25239 1
15 79 1 -0.326326 1
15 80 1 1.53353 1
15 81 1 2.51092 1
15 82 1 -3.71211 1
15 83 1 -1.43437 1
15 84 1 1.12419 1
15 85 1 -0.612003 1
15 86 1 1.53255 1
15 87 1 -4.14665 1
15 88 1 1.19339 1
15 89 1 1.59947 1
15 90 1 0.635989 1
15 91 1 -3.29475 1
15 92 1 1.25037 1
15 93 1 -1.074 1
15 94 1 2.19887 1
15 95 1 2.45613 1
16 64 1 2.17939 1
16 65 1 -1.21106 1
16 66 1 -4.42779 1
16 67 1 -2.71554 1
16 68 1 1.60653 1
16 69 1 1.01412 1
16 70 1 2.63424 1
16 71 1 2.79873 1
16 72 1 -0.610377 1
16 73 1 -2.33058 1
16 74 1 -0.196599 1
16 75 1 1.32185 1
16 76 1 -0.488175 1
16 77 1 1.31283 1
16 78 1 -1.06355 1
16 79 1 -1.32475 1
16 80 1 -0.159209 1
16 81 1 2.13883 1
16 82 1 -0.775663 1
16 83 1 0.976631 1
16 84 1 -1.27951 1
16 85 1 -0.138838 1
16 86 1 -2.25043 1
16 87 1 -2.18935 1
16 88 1 1.34343 1
16 89 1 -0.256789 1
16 90 1 -0.723782 1
16 91 1 3.94351 1
16 92 1 4.0023 1
16 93 1 -0.906744 1
16 94 1 -0.351512 1
16 95 1 -3.09463 1
17 64 1 -3.51059 1
17 65 1 -2.38452 1
17 66 1 -2.0476 1
17 67 1 3.70985 1
17 68 1 -0.92874 1
17 69 1 -0.498055 1
17 70 1 1.05027 1
17 71 1 1.89025 1
17 72 1 -5.62779 1
17 73 1 0.784467 1
17 74 1 2.15165 1
17 75 1 2.13238 1
17 76 1 -1.87286 1
17 77 1 0.91682 1
17 78 1 0.613577 1
17 79 1 -4.04691 1
17 80 1 3.56165 1
17 81 1 3.39565 1
17 82 1 -0.184952 1
17 83 1 -1.49774 1
17 84 1 -4.26765 1
17 85 1 2.00595 1
17 86 1 1.60751 1
17 87 1 -2.47576 1
17 88 1 -4.3238 1
17 89 1 -0.136234 1
17 90 1 -4.13196 1
17 91 1 5.67468 1
17 92 1 0.323827 1
17 93 1 3.12024 1
17 94 1 2.86288 1
17 95 1 -0.817322 1
18 64 1 1.32868 1
18 65 1 0.293866 1
18 66 1 3.03063 1
18 67 1 -0.582128 1
18 68 1 -1.55621 1
18 69 1 1.99104 1
18 70 1 1.92582 1
18 71 1 0.981862 1
18 72 1 1.86644 1
18 73 1 -1.31452 1
18 74 1 1.63941 1
18 75 1 0.495519 1
18 76 1 2.24166 1
18 77 1 -0.0627288 1
18 78 1 2.3113 1
18 79 1 0.874417 1
18 80 1 -3.53991 1
18 81 1 2.96609 1
18 82 1 -3.92245 1
18 83 1 2.20199 1
18 84 1 -1.88354 1
18 85 1 0.363086 1
18 86 1 4.91536 1
18 87 1 -1.01838 1
18 88 1 0.783571 1
18 89 1 -2.40458 1
18 90 1 1.40278 1
18 91 1 1.92921 1
18 92 1 -3.39476 1
18 93 1 0.638192 1
18 94 1 0.0402894 1
18 95 1 0.381973 1
18 25 1 0.191054 1
18 18 1 -0.362803 1
19 64 1 2.72689 1
19 65 1 -2.26671 1
19 66 1 3.57308 1
19 67 1 -0.411766 1
19 68 1 -1.97581 1
19 69 1 0.505367 1
19 70 1 -1.61519 1
19 71 1 -1.26058 1
19 72 1 2.81911 1
19 73 1 0.241325 1
19 74 1 -0.750341 1
19 75 1 1.74768 1
19 76 1 -2.2141 1
19 77 1 -0.0917094 1
19 78 1 -4.4938 1
19 79 1 2.69628 1
19 80 1 0.666498 1
19 81 1 -3.82922 1
19 82 1 1.05515 1
19 83 1 -3.40462 1
19 84 1 -1.0927 1
19 85 1 0.260317 1
19 86 1 0.857376 1
19 87 1 1.5396 1
19 88 1 0.163679 1
19 89 1 5.14682 1
19 90 1 -1.19509 1
19 91 1 0.415166 1
19 92 1 -0.977778 1
19 93 1 -2.70062 1
19 94 1 -1.82962 1
19 95 1 -5.33302 1
20 64 1 2.06891 1
20 65 1 -0.693352 1
20 66 1 -0.200808 1
20 67 1 2.32733 1
20 68 1 0.421358 1
20 69 1 -1.02841 1
20 70 1 -2.87319 1
20 71 1 2.39914 1
20 72 1 0.459033 1
20 73 1 2.46281 1
20 74 1 1.49618 1
20 75 1 2.97172 1
20 76 1 0.860861 1
20 77 1 -1.18583 1
20 78 1 3.15463 1
20 79 1 2.65309 1
20 80 1 -0.311706 1
20 81 1 0.51177 1
20 82 1 2.88297 1
20 83 1 0.331289 1
20 84 1 0.122146 1
20 85 1 -2.66494 1
20 86 1 1.07322 1
20 87 1 -1.51765 1
20 88 1 1.72094 1
20 89 1 1.64236 1
20 90 1 2.30228 1
20 91 1 1.06872 0
20 92 1 -1.17266 1
20 93 1 -0.612186 0
20 94 1 2.88465 0
20 95 1 -0.262603 1
20 96 1 -3.2895 1
20 98 1 -0.0501997 1
20 103 1 -0.463708 1
103 91 1 1.37 0
103 105 1 1.20558 1
103 112 1 -0.2545 0
103 123 1 0.7642 1
103 140 1 0.869347 1
140 112 1 0.150349 1
123 91 1 2.30244 1
123 113 1 0.496899 0
123 136 1 1.7026 1
136 113 1 -0.437233 1
105 91 1 1.86523 0
105 129 1 0.177421 1
129 91 1 0.00574801 0
129 135 1 1.33935 1
129 116 1 -0.428279 1
135 91 1 -0.534769 1
98 93 1 0.944048 1
98 99 1 3.13061 1
96 94 1 1.0069 1
96 20 1 -0.136183 1
21 64 1 1.29273 1
21 65 1 3.49201 1
21 66 1 -4.10502 1
21 67 1 -3.04761 1
21 68 1 -2.5036 1
21 69 1 3.12321 1
21 70 1 -1.20925 1
21 71 1 -2.78265 1
21 72 1 -6.84043 1
21 73 1 0.218886 1
21 74 1 -0.80412 1
21 75 1 -0.20464 1
21 76 1 0.461356 1
21 77 1 -1.15821 1
21 78 1 -3.14977 1
21 79 1 -0.885367 1
21 80 1 0.379544 1
21 81 1 -1.29468 1
21 82 1 -0.797582 1
21 83 1 1.55718 1
21 84 1 4.58183 1
21 85 1 -1.58374 1
21 86 1 1.83599 1
21 87 1 -0.388899 1
21 88 1 2.51846 1
21 89 1 1.71426 1
21 90 1 -1.23608 1
21 91 1 -0.50807 1
21 92 1 1.31282 1
21 93 1 1.09851 1
21 94 1 -1.46261 1
21 95 1 0.302063 1
22 64 1 1.5667 1
22 65 1 0.611643 1
22 66 1 0.928387 1
22 67 1 4.65906 1
22 68 1 -0.717863 1
22 69 1 -2.00986 1
22 70 1 -2.49337 1
22 71 1 -0.546788 1
22 72 1 -3.45408 1
22 73 1 0.508481 1
22 74 1 -1.64927 1
22 75 1 -0.954397 1
22 76 1 1.98614 1
22 77 1 0.899645 1
22 78 1 3.24015 1
22 79 1 4.78294 1
22 80 1 -1.55502 1
22 81 1 -1.91472 1
22 82 1 0.00484945 1
22 83 1 -0.915309 1
22 84 1 -0.0744737 1
22 85 1 -0.234385 1
22 86 1 0.774402 1
22 87 1 3.20905 1
22 88 1 -2.35076 1
22 89 1 -1.77922 1
22 90 1 1.59497 1
22 91 1 1.23245 1
22 92 1 -0.0711507 1
22 93 1 0.320193 1
22 94 1 2.82928 1
22 95 1 3.35917 1
23 64 1 -1.88274 1
23 65 1 0.907779 1
23 66 1 -0.788283 1
23 67 1 3.05138 1
23 68 1 -3.65159 1
23 69 1 0.883863 1
23 70 1 3.11068 1
23 71 1 -3.6541 1
23 72 1 1.8125 1
23 73 1 0.00693547 1
23 74 1 2.70778 1
23 75 1 -0.656187 1
23 76 1 2.08168 1
23 77 1 3.4563 1
23 78 1 0.124495 1
23 79 1 -4.89863 1
23 80 1 1.59432 1
23 81 1 -0.216459 1
23 82 1 -1.60153 1
23 83 1 1.21253 1
23 84 1 3.61929 1
23 85 1 -0.106093 1
23 86 1 -8.08441 1
23 87 1 1.24012 1
23 88 1 1.75359 1
23 89 1 -1.02152 1
23 90 1 -1.81597 1
23 91 1 -0.182351 1
23 92 1 0.355622 1
23 93 1 2.67034 1
23 94 1 -1.14331 1
23 95 1 -0.108682 1
23 107 1 0.821625 1
23 27 1 -0.342824 1
24 64 1 -2.1421 1
24 65 1 3.33686 1
24 66 1 -0.788295 1
24 67 1 4.5096 1
24 68 1 -4.1633 1
24 69 1 2.77948 1
24 70 1 0.297505 1
24 71 1 3.63104 1
24 72 1 -0.0333806 1
24 73 1 1.63449 1
24 74 1 1.39787 1
24 75 1 0.252683 1
24 76 1 -0.0583433 1
24 77 1 -1.16248 1
24 78 1 -3.65792 1
24 79 1 -0.84984 1
24 80 1 1.88108 1
24 81 1 0.161926 1
24 82 1 1.57435 1
24 83 1 -3.78702 1
24 84 1 -2.09772 1
24 85 1 -1.35143 1
24 86 1 -3.62318 1
24 87 1 2.60713 1
24 88 1 -3.95197 1
24 89 1 6.2154 1
24 90 1 4.26262 1
24 91 1 -4.2343 1
24 92 1 0.0313679 1
24 93 1 -0.0319547 1
24 94 1 -0.504418 1
24 95 1 1.15202 1
24 5 1 2.50027 1
25 64 1 1.50447 1
25 65 1 2.36174 1
25 66 1 0.784235 1
25 67 1 0.189506 1
25 68 1 4.66505 1
25 69 1 -3.66903 1
25 70 1 2.51664 0
25 71 1 -4.47706 1
25 72 1 0.778431 1
25 73 1 0.11528 1
25 74 1 1.47064 1
25 75 1 -0.984012 1
25 76 1 -0.578372 1
25 77 1 -0.81561 1
25 78 1 3.18488 1
25 79 1 -0.554643 1
25 80 1 0.0660192 1
25 81 1 -2.26184 1
25 82 1 -1.23364 1
25 83 1 2.28408 1
25 84 1 -3.47724 1
25 85 1 -1.38034 1
25 86 1 0.843686 1
25 87 1 1.30684 1
25 88 1 -0.296864 1
25 89 1 2.35329 1
25 90 1 -3.91196 1
25 91 1 1.23313 1
25 92 1 0.049714 1
25 93 1 -0.281944 1
25 94 1 -0.225979 1
25 95 1 -4.28052 1
25 8 1 -0.619156 1
25 6 1 -1.25776 1
25 121 1 -1.60534 1
121 70 1 5.74679 1
26 64 1 -2.76888 1
26 65 1 1.78767 1
26 66 1 0.642398 1
26 67 1 0.10664 1
26 68 1 1.04245 1
26 69 1 1.35361 1
26 70 1 -2.50773 1
26 71 1 -0.26012 1
26 72 1 -2.11346 1
26 73 1 0.532949 1
26 74 1 -2.1982 1
26 75 1 2.67913 1
26 76 1 0.757336 1
26 77 1 -3.42461 1
26 78 1 2.09318 1
26 79 1 -1.14451 1
26 80 1 0.126529 1
26 81 1 4.20556 1
26 82 1 -0.00815343 1
26 83 1 2.20953 1
26 84 1 -1.83069 1
26 85 1 -0.818248 1
26 86 1 -4.23549 1
26 87 1 1.18433 1
26 88 1 -2.06871 1
26 89 1 -0.170677 1
26 90 1 -2.36597 1
26 91 1 -3.94003 1
26 92 1 -1.02568 1
26 93 1 -0.682135 1
26 94 1 2.67302 1
26 95 1 -1.8116 1
26 23 1 2.71193 1
26 15 1 0.579401 1
27 64 1 -4.37898 1
27 65 1 4.29138 1
27 66 1 2.89517 1
27 67 1 -1.82719 1
27 68 1 0.699164 1
27 69 1 2.55795 1
27 70 1 3.79333 1
27 71 1 -5.00813 1
27 72 1 -0.287079 1
27 73 1 1.29211 1
27 74 1 -0.436649 1
27 75 1 0.0245491 1
27 76 1 -1.26333 1
27 77 1 -2.76125 1
27 78 1 0.244151 1
27 79 1 1.12805 1
27 80 1 -1.66362 1
27 81 1 -0.362764 1
27 82 1 -1.28344 1
27 83 1 0.282612 1
27 84 1 0.0434602 1
27 85 1 0.517379 1
27 86 1 -1.94329 1
27 87 1 2.1425 1
27 88 1 -3.9161 1
27 89 1 -3.39423 1
27 90 1 2.69086 1
27 91 1 -0.201444 1
27 92 1 -0.469588 1
27 93 1 -1.51517 1
27 94 1 0.79233 1
27 95 1 -2.34794 1
27 9 1 1.42542 1
27 5 1 -0.140595 1
28 64 1 1.5986 1
28 65 1 -0.262135 1
28 66 1 -1.27016 1
28 67 1 3.24758 1
28 68 1 0.0366399 1
28 69 1 1.8694 1
28 70 1 -2.59847 1
28 71 1 -1.32357 1
28 72 1 -4.09104 1
28 73 1 1.38549 1
28 74 1 0.904987 1
28 75 1 -0.313307 1
28 76 1 -0.291608 1
28 77 1 0.540685 1
28 78 1 -1.56569 1
28 79 1 0.703599 1
28 80 1 1.88701 1
28 81 1 -2.017 1
28 82 1 1.63896 1
28 83 1 3.73646 1
28 84 1 1.63683 1
28 85 1 -6.6383 1
28 86 1 -3.05299 1
28 87 1 -3.26893 1
28 88 1 -4.74273 1
28 89 1 -0.609793 1
28 90 1 -3.58344 1
28 91 1 -1.11811 1
28 92 1 1.98524 1
28 93 1 -3.22494 1
28 94 1 4.19992 1
28 95 1 -2.11862 1
29 64 1 -0.0939888 1
29 65 1 -1.07582 1
29 66 1 1.37439 1
29 67 1 2.04607 1
29 68 1 -5.64956 1
29 69 1 1.79817 1
29 70 1 0.115241 1
29 71 1 -1.85835 1
29 72 1 0.499238 1
29 73 1 -1.80889 1
29 74 1 0.558429 1
29 75 1 -1.60736 1
29 76 1 -1.30516 1
29 77 1 1.37339 1
29 78 1 -5.79951 1
29 79 1 -1.36368 1
29 80 1 1.99373 1
29 81 1 0.318098 1
29 82 1 -0.185751 1
29 83 1 -1.49999 1
29 84 1 0.64717 1
29 85 1 -0.331399 1
29 86 1 -1.59843 1
29 87 1 -3.79666 1
29 88 1 -0.946424 1
29 89 1 -2.18282 1
29 90 1 -1.34575 1
29 91 1 1.92969 1
29 92 1 0.690159 1
29 93 1 1.67106 1
29 94 1 -1.86631 1
29 95 1 0.620948 1
29 113 1 0.798548 1
30 64 1 -0.966817 1
30 65 1 1.04196 1
30 66 1 2.55956 1
30 67 1 -0.029574 1
30 68 1 0.944979 1
30 69 1 1.70798 1
30 70 1 0.900537 1
30 71 1 -1.30142 1
30 72 1 0.246531 1
30 73 1 4.6514 1
30 74 1 -0.825929 1
30 75 1 2.65694 1
30 76 1 0.538159 1
30 77 1 -0.14412 1
30 78 1 2.9908 1
30 79 1 4.32612 1
30 80 1 0.0249988 1
30 81 1 -3.20523 1
30 82 1 2.51383 1
30 83 1 4.22022 1
30 84 1 0.558822 1
30 85 1 -1.45237 1
30 86 1 -1.56591 1
30 87 1 -3.28262 1
30 88 1 1.08454 1
30 89 1 -0.617665 1
30 90 1 2.29951 1
30 91 1 3.73673 1
30 92 1 -0.374706 1
30 93 1 2.14003 1
30 94 1 1.98773 1
30 95 1 -0.871486 1
31 64 1 2.0849 1
31 65 1 0.664701 1
31 66 1 -1.86997 1
31 67 1 4.92345 1
31 68 1 2.44729 1
31 69 1 2.76742 1
31 70 1 -2.74768 1
31 71 1 0.344356 1
31 72 1 -3.00398 1
31 73 1 -1.77152 1
31 74 1 0.518529 1
31 75 1 -0.738551 1
31 76 1 0.92343 1
31 77 1 1.30233 1
31 78 1 -3.80705 1
31 79 1 0.884814 1
31 80 1 -1.79703 1
31 81 1 -1.00483 1
31 82 1 0.0425968 1
31 83 1 -0.702571 1
31 84 1 -2.5574 1
31 85 1 -1.29649 1
31 86 1 -0.217728 1
31 87 1 -0.349383 0
31 88 1 3.1253 1
31 89 1 -0.462179 1
31 90 1 2.02028 1
31 91 1 -0.722963 1
31 92 1 -0.839376 1
31 93 1 1.86945 1
31 94 1 0.627063 1
31 95 1 -0.302365 1
31 122 1 1.44001 1
122 87 1 1.3129 1
32 64 1 7.12093 1
32 65 1 1.85274 1
32 66 1 -3.04243 1
32 67 1 3.16736 1
32 68 1 0.811622 1
32 69 1 3.3844 1
32 70 1 -0.879488 1
32 71 1 1.5061 1
32 72 1 -4.03979 1
32 73 1 1.24286 1
32 74 1 -1.21265 1
32 75 1 3.43532 1
32 76 1 -2.33001 1
32 77 1 1.60298 1
32 78 1 -0.220744 1
32 79 1 1.43726 1
32 80 1 -0.235287 1
32 81 1 -1.85181 1
32 82 1 -1.52419 1
32 83 1 -2.01535 1
32 84 1 1.42094 1
32 85 1 -2.57605 1
32 86 1 0.421615 1
32 87 1 -0.709155 1
32 88 1 -2.18649 1
32 89 1 -2.19981 1
32 90 1 1.69412 1
32 91 1 -2.88749 1
32 92 1 2.30472 1
32 93 1 -0.644599 1
32 94 1 -0.752009 1
32 95 1 -2.03866 1
33 64 1 1.65295 1
33 65 1 -4.24221 1
33 66 1 -0.189254 1
33 67 1 -2.32995 1
33 68 1 -0.811875 1
33 69 1 -0.803323 1
33 70 1 2.98113 1
33 71 1 3.97619 1
33 72 1 -0.676098 1
33 73 1 3.00466 1
33 74 1 1.51343 1
33 75 1 -3.44684 1
33 76 1 0.148935 1
33 77 1 2.56835 1
33 78 1 -2.18771 1
33 79 1 -2.09994 1
33 80 1 2.9362 1
33 81 1 -0.756244 1
33 82 1 -0.213037 1
33 83 1 3.22723 1
33 84 1 1.07137 1
33 85 1 -0.346734 1
33 86 1 -0.208165 1
33 87 1 1.79264 1
33 88 1 2.36609 1
33 89 1 3.20408 1
33 90 1 -2.67404 1
33 91 1 2.66358 1
33 92 1 3.29741 1
33 93 1 3.15134 1
33 94 1 -0.700508 1
33 95 1 -0.61018 1
33 20 1 -0.837961 1
33 107 1 0.183288 1
34 64 1 0.409008 1
34 65 1 -0.848922 1
34 66 1 1.92841 1
34 67 1 1.88435 1
34 68 1 1.40324 1
34 69 1 -0.66329 1
34 70 1 -0.786852 1
34 71 1 -1.17883 1
34 72 1 -0.0357527 1
34 73 1 -1.29963 1
34 74 1 2.3616 1
34 75 1 4.57105 1
34 76 1 -2.6491 1
34 77 1 0.403231 1
34 78 1 -1.91549 1
34 79 1 1.58682 1
34 80 1 1.83375 1
34 81 1 -0.538215 1
34 82 1 -0.274809 1
34 83 1 1.97682 1
34 84 1 0.228595 1
34 85 1 -0.057155 1
34 86 1 -0.821134 1
34 87 1 1.11724 1
34 88 1 1.72907 1
34 89 1 -1.50587 1
34 90 1 -4.7977 1
34 91 1 1.55328 1
34 92 1 -1.55478 1
34 93 1 -1.73293 1
34 94 1 2.53618 1
34 95 1 0.914638 1
34 113 1 0.230739 1
35 64 1 -1.23057 1
35 65 1 -0.711471 1
35 66 1 1.00021 1
35 67 1 2.04941 1
35 68 1 -0.415549 1
35 69 1 4.37203 1
35 70 1 1.98984 1
35 71 1 0.537597 1
35 72 1 2.52798 1
35 73 1 4.90599 1
35 74 1 1.88989 1
35 75 1 -0.391874 1
35 76 1 -2.81334 1
35 77 1 1.682 1
35 78 1 -0.0743711 1
35 79 1 -0.945619 1
35 80 1 -6.73154 1
35 81 1 0.090731 1
35 82 1 2.16891 0
35 83 1 -0.359469 1
35 84 1 2.88306 1
35 85 1 -4.18701 1
35 86 1 -0.144371 1
35 87 1 -1.28313 1
35 88 1 -0.535602 1
35 89 1 2.08598 0
35 90 1 -0.853981 1
35 91 1 -0.882264 1
35 92 1 -2.54899 1
35 93 1 -0.604688 1
35 94 1 -2.37248 1
35 95 1 0.853976 1
35 130 1 0.688939 1
35 133 1 1.46373 1
133 82 1 1.44732 1
130 89 1 -0.0721794 1
36 64 1 0.391992 1
36 65 1 0.709798 1
36 66 1 0.276293 1
36 67 1 0.631335 1
36 68 1 -3.53346 1
36 69 1 -0.410402 1
36 70 1 -0.158853 1
36 71 1 1.55429 1
36 72 1 -0.955413 1
36 73 1 0.725064 1
36 74 1 1.53877 1
36 75 1 0.531393 1
36 76 1 1.04581 1
36 77 1 -4.01797 1
36 78 1 -0.272089 1
36 79 1 4.28283 1
36 80 1 0.60206 1
36 81 1 -1.45291 1
36 82 1 -2.2553 0
36 83 1 1.21514 1
36 84 1 1.29632 1
36 85 1 -2.49902 1
36 86 1 0.513905 1
36 87 1 -0.608349 1
36 88 1 1.22063 1
36 89 1 0.19664 1
36 90 1 -2.76305 1
36 91 1 0.106613 1
36 92 1 2.86925 1
36 93 1 0.718785 1
36 94 1 -1.70249 1
36 95 1 5.32108 1
36 109 1 2.20184 0
36 24 1 -1.33618 1
36 117 1 0.0435561 1
117 109 1 0.928377 1
109 82 1 1.29904 1
109 31 1 -0.689524 1
37 64 1 -4.47748 1
37 65 1 -0.30804 1
37 66 1 -1.95073 1
37 67 1 -0.872617 1
37 68 1 -5.32005 1
37 69 1 -0.435589 1
37 70 1 -3.52609 1
37 71 1 0.566921 1
37 72 1 2.47666 1
37 73 1 1.22071 1
37 74 1 -0.520824 1
37 75 1 0.741895 1
37 76 1 1.31561 0
37 77 1 1.38154 1
37 78 1 -1.39371 1
37 79 1 0.0515279 1
37 80 1 2.30574 1
37 81 1 0.601639 1
37 82 1 3.79005 1
37 83 1 0.878281 1
37 84 1 -4.20463 1
37 85 1 2.62791 1
37 86 1 -1.60933 1
37 87 1 -0.297649 1
37 88 1 -2.90256 1
37 89 1 -0.236492 1
37 90 1 0.357851 1
37 91 1 0.766294 1
37 92 1 3.25335 1
37 93 1 0.209995 1
37 94 1 -2.37315 1
37 95 1 -0.0248064 1
37 142 1 0.742272 1
142 76 1 0.982584 1
38 64 1 0.0618639 1
38 65 1 -2.58606 1
38 66 1 -2.1395 1
38 67 1 0.163983 1
38 68 1 -1.35234 1
38 69 1 -3.70255 1
38 70 1 1.05869 1
38 71 1 -0.295823 1
38 72 1 -2.57325 1
38 73 1 1.24768 1
38 74 1 -1.72838 1
38 75 1 0.715308 1
38 76 1 2.18444 1
38 77 1 -1.11775 1
38 78 1 -1.19654 1
38 79 1 -0.141369 1
38 80 1 -4.68337 1
38 81 1 -0.522504 1
38 82 1 2.69535 1
38 83 1 -0.781971 1
38 84 1 -2.95581 1
38 85 1 -3.0185 1
38 86 1 -0.192102 1
38 87 1 0.187597 1
38 88 1 1.05973 1
38 89 1 4.46542 1
38 90 1 -0.489133 1
38 91 1 2.80324 1
38 92 1 1.14021 1
38 93 1 -0.496684 1
38 94 1 0.919547 1
38 95 1 -4.28149 1
39 64 1 1.58492 1
39 65 1 -3.09535 1
39 66 1 3.2448 1
39 67 1 -1.02722 1
39 68 1 1.24251 1
39 69 1 -0.935876 1
39 70 1 1.89822 1
39 71 1 1.08213 1
39 72 1 -2.13868 1
39 73 1 -1.95982 1
39 74 1 1.08841 1
39 75 1 2.50942 0
39 76 1 2.28128 1
39 77 1 -0.910967 1
39 78 1 -2.51109 1
39 79 1 -2.6848 1
39 80 1 1.33061 1
39 81 1 -2.69232 1
39 82 1 -0.805053 1
39 83 1 0.541225 1
39 84 1 -0.933739 1
39 85 1 0.508501 1
39 86 1 1.6305 1
39 87 1 0.889707 1
39 88 1 -1.76501 1
39 89 1 0.904474 1
39 90 1 4.2989 1
39 91 1 -2.84864 1
39 92 1 3.62285 1
39 93 1 -0.919358 1
39 94 1 -4.10335 1
39 95 1 -0.540496 1
39 2 1 -3.48233 1
39 112 1 3.32336 1
39 13 1 -0.686285 1
112 75 1 -1.58364 1
112 138 1 -0.94434 1
40 64 1 -4.99763 1
40 65 1 -0.0384779 1
40 66 1 1.91309 1
40 67 1 0.646782 1
40 68 1 3.84513 1
40 69 1 -0.124765 1
40 70 1 -1.71136 1
40 71 1 0.428888 1
40 72 1 5.11666 1
40 73 1 2.08628 1
40 74 1 -1.23197 1
40 75 1 1.0292 1
40 76 1 0.241127 1
40 77 1 3.52555 1
40 78 1 3.23271 1
40 79 1 -0.632951 1
40 80 1 0.797607 1
40 81 1 -0.695918 1
40 82 1 0.612534 1
40 83 1 -2.50605 1
40 84 1 0.700912 1
40 85 1 2.48314 1
40 86 1 0.631181 1
40 87 1 1.39193 1
40 88 1 0.212775 1
40 89 1 0.0298079 1
40 90 1 -1.81541 1
40 91 1 -0.490634 1
40 92 1 -0.208664 1
40 93 1 2.13827 1
40 94 1 -0.022947 1
40 95 1 1.16732 1
40 2 1 -0.879892 1
40 134 1 1.27036 1
41 64 1 5.51424 1
41 65 1 -0.939706 1
41 66 1 -0.230673 1
41 67 1 -1.45141 1
41 68 1 0.178117 1
41 69 1 -1.74516 1
41 70 1 0.966707 1
41 71 1 0.332241 1
41 72 1 4.67807 1
41 73 1 -5.66914 1
41 74 1 -0.893428 1
41 75 1 2.47871 1
41 76 1 -1.56686 1
41 77 1 -0.619605 1
41 78 1 -3.14152 1
41 79 1 1.10481 1
41 80 1 2.44157 1
41 81 1 1.85419 1
41 82 1 -1.5283 1
41 83 1 2.34339 1
41 84 1 -1.79478 1
41 85 1 0.930654 1
41 86 1 1.9543 1
41 87 1 -0.527888 1
41 88 1 4.18088 1
41 89 1 -1.53271 1
41 90 1 -3.4032 1
41 91 1 -0.0196341 1
41 92 1 0.564011 1
41 93 1 0.529516 1
41 94 1 -1.02912 1
41 95 1 0.119521 1
41 11 1 2.24966 1
41 29 1 -1.2495 1
42 64 1 0.92451 1
42 65 1 1.89235 1
42 66 1 -1.2107 1
42 67 1 -0.438276 1
42 68 1 -2.18698 1
42 69 1 -2.35758 1
42 70 1 -2.24569 1
42 71 1 -1.27094 1
42 72 1 -2.15582 1
42 73 1 -3.4395 1
42 74 1 0.719343 1
42 75 1 -0.0702449 1
42 76 1 -0.826498 1
42 77 1 -1.47117 1
42 78 1 -2.33122 1
42 79 1 0.790832 1
42 80 1 -0.824077 1
42 81 1 1.12331 1
42 82 1 2.67441 1
42 83 1 2.58378 1
42 84 1 2.45795 1
42 85 1 1.28458 1
42 86 1 0.000661153 1
42 87 1 -1.39957 1
42 88 1 -0.812384 1
42 89 1 0.773424 1
42 90 1 1.53154 1
42 91 1 0.312104 1
42 92 1 -1.82557 1
42 93 1 2.55087 1
42 94 1 -2.29354 1
42 95 1 2.01355 1
43 64 1 3.09467 1
43 65 1 -3.48057 1
43 66 1 2.03217 1
43 67 1 1.79135 1
43 68 1 0.482212 1
43 69 1 -0.102755 1
43 70 1 0.462713 1
43 71 1 -2.83437 1
43 72 1 -1.3063 1
43 73 1 -6.64984 1
43 74 1 1.81933 1
43 75 1 -1.79801 1
43 76 1 2.50527 1
43 77 1 0.635974 1
43 78 1 1.37723 1
43 79 1 -1.35013 1
43 80 1 -0.300551 1
43 81 1 2.27579 1
43 82 1 1.03463 1
43 83 1 -2.11588 1
43 84 1 0.0218297 1
43 85 1 1.85999 1
43 86 1 0.201767 1
43 87 1 4.5488 1
43 88 1 -1.13043 1
43 89 1 3.30578 1
43 90 1 1.1364 1
43 91 1 -4.77222 1
43 92 1 3.01039 1
43 93 1 2.66927 1
43 94 1 -4.32778 1
43 95 1 0.153983 1
44 64 1 1.13187 1
44 65 1 -1.83533 1
44 66 1 0.709866 1
44 67 1 -2.1588 1
44 68 1 -1.80796 1
44 69 1 -0.0238277 1
44 70 1 2.71408 1
44 71 1 0.713867 1
44 72 1 -3.0758 1
44 73 1 0.40813 1
44 74 1 -1.58109 1
44 75 1 -2.40555 1
44 76 1 -0.165086 1
44 77 1 1.01821 1
44 78 1 2.96539 1
44 79 1 1.34647 1
44 80 1 5.66014 1
44 81 1 -2.09044 1
44 82 1 2.21476 1
44 83 1 -2.51187 1
44 84 1 -0.0390018 1
44 85 1 1.44319 1
44 86 1 1.12019 1
44 87 1 -0.507316 1
44 88 1 0.141334 1
44 89 1 0.333838 1
44 90 1 0.422672 1
44 91 1 0.593371 1
44 92 1 0.557556 1
44 93 1 3.08233 1
44 94 1 0.0547218 1
44 95 1 -0.102416 1
44 8 1 0.956304 1
44 29 1 0.52536 1
45 64 1 -0.578008 1
45 65 1 2.76744 1
45 66 1 0.386654 1
45 67 1 0.176628 1
45 68 1 -2.62307 1
45 69 1 -6.43725 1
45 70 1 -4.52553 1
45 71 1 -0.604356 1
45 72 1 -3.50757 1
45 73 1 2.73308 1
45 74 1 2.43711 1
45 75 1 3.91649 1
45 76 1 -0.204792 1
45 77 1 0.725827 1
45 78 1 -2.84033 1
45 79 1 1.75583 1
45 80 1 -1.6859 1
45 81 1 0.889965 1
45 82 1 0.934148 1
45 83 1 -2.01118 1
45 84 1 2.07142 1
45 85 1 -3.63581 1
45 86 1 -0.131682 1
45 87 1 0.294781 1
45 88 1 0.0572808 1
45 89 1 -3.5884 1
45 90 1 -0.369495 1
45 91 1 2.49117 1
45 92 1 -2.73808 1
45 93 1 -4.91361 1
45 94 1 0.719507 1
45 95 1 -2.12025 1
45 9 1 3.69974 1
46 64 1 -0.532876 1
46 65 1 1.19121 1
46 66 1 1.75365 1
46 67 1 2.37923 1
46 68 1 -5.28181 1
46 69 1 -1.273 1
46 70 1 1.38404 1
46 71 1 -0.508561 1
46 72 1 1.60473 1
46 73 1 -2.81012 1
46 74 1 -2.95878 1
46 75 1 2.79201 1
46 76 1 -3.72212 1
46 77 1 2.49103 1
46 78 1 -0.995317 1
46 79 1 -0.664396 1
46 80 1 5.13669 1
46 81 1 0.0193344 1
46 82 1 -0.460925 1
46 83 1 1.96089 1
46 84 1 -0.614232 1
46 85 1 2.63155 1
46 86 1 -1.25863 1
46 87 1 0.59048 1
46 88 1 -3.00041 1
46 89 1 -3.95673 1
46 90 1 -2.21495 1
46 91 1 0.75047 1
46 92 1 -0.347743 1
46 93 1 -1.57888 1
46 94 1 -1.01081 1
46 95 1 0.521165 1
46 24 1 1.43079 1
47 64 1 -0.706018 1
47 65 1 -0.375735 1
47 66 1 -2.65871 1
47 67 1 4.32899 1
47 68 1 0.564747 1
47 69 1 2.2508 1
47 70 1 -1.55905 1
47 71 1 0.336774 1
47 72 1 2.08521 1
47 73 1 4.22598 0
47 74 1 -0.778769 1
47 75 1 -1.12301 1
47 76 1 -3.2512 1
47 77 1 -5.33172 1
47 78 1 -0.755586 1
47 79 1 1.89927 1
47 80 1 4.10443 1
47 81 1 -4.53295 1
47 82 1 0.27617 1
47 83 1 -1.88576 1
47 84 1 -2.96536 1
47 85 1 0.954316 1
47 86 1 -1.13827 1
47 87 1 4.2082 1
47 88 1 -0.756533 1
47 89 1 -0.145745 1
47 90 1 6.07883 1
47 91 1 0.166028 1
47 92 1 -0.228571 1
47 93 1 -0.407168 1
47 94 1 -0.224189 1
47 95 1 -1.18197 1
47 4 1 0.932545 1
47 137 1 0.264102 1
137 73 1 4.21916 1
48 64 1 -1.04962 1
48 65 1 0.339577 1
48 66 1 0.313652 1
48 67 1 -0.881636 1
48 68 1 -2.15823 1
48 69 1 -4.3398 1
48 70 1 0.864052 1
48 71 1 3.12744 1
48 72 1 -2.05449 1
48 73 1 2.10951 1
48 74 1 5.93141 1
48 75 1 -1.88611 1
48 76 1 0.331743 1
48 77 1 -2.16406 1
48 78 1 1.13449 1
48 79 1 0.388489 1
48 80 1 -1.16638 1
48 81 1 -2.1409 1
48 82 1 -0.428019 1
48 83 1 -0.599905 1
48 84 1 0.445085 1
48 85 1 0.806852 1
48 86 1 -1.35708 1
48 87 1 -0.564998 1
48 88 1 -2.39739 1
48 89 1 0.373653 1
48 90 1 0.974453 1
48 91 1 -0.23868 1
48 92 1 -3.06785 1
48 93 1 1.05066 1
48 94 1 3.71013 1
48 95 1 1.64195 1
48 16 1 -0.685859 1
48 12 1 -0.407247 1
48 14 1 -1.45474 1
49 64 1 -0.583525 1
49 65 1 -1.17024 1
49 66 1 -1.42919 1
49 67 1 -0.450597 1
49 68 1 -0.517067 1
49 69 1 2.89164 1
49 70 1 -0.921681 1
49 71 1 -3.77386 1
49 72 1 -1.02805 1
49 73 1 0.312802 1
49 74 1 2.83823 1
49 75 1 1.18333 1
49 76 1 -5.12241 1
49 77 1 -2.54966 1
49 78 1 -3.73581 1
49 79 1 2.09721 1
49 80 1 5.95157 1
49 81 1 -2.90823 1
49 82 1 0.152524 1
49 83 1 -0.921144 1
49 84 1 1.78783 1
49 85 1 -2.78105 1
49 86 1 1.22688 1
49 87 1 -0.807352 1
49 88 1 -1.90133 1
49 89 1 -0.0818953 1
49 90 1 -0.418245 1
49 91 1 0.897016 1
49 92 1 2.63633 1
49 93 1 -0.379523 1
49 94 1 0.657835 1
49 95 1 2.28568 1
49 19 1 -1.48408 1
49 31 1 0.146705 1
50 64 1 -3.62485 1
50 65 1 -2.93811 1
50 66 1 2.64835 1
50 67 1 -1.895 1
50 68 1 1.71053 1
50 69 1 0.519499 1
50 70 1 1.52988 1
50 71 1 5.55315 1
50 72 1 -1.06698 1
50 73 1 5.02415 1
50 74 1 0.0315466 1
50 75 1 -0.026354 1
50 76 1 -2.74314 1
50 77 1 0.302691 1
50 78 1 2.54684 1
50 79 1 -1.5589 1
50 80 1 0.905274 1
50 81 1 -1.26919 1
50 82 1 -1.52396 1
50 83 1 1.76047 1
50 84 1 -1.94581 1
50 85 1 -0.029319 1
50 86 1 -0.126729 1
50 87 1 -0.975201 1
50 88 1 -2.81016 1
50 89 1 0.186302 1
50 90 1 -0.64878 1
50 91 1 -0.995794 1
50 92 1 0.826939 1
50 93 1 -0.367173 1
50 94 1 -2.42452 1
50 95 1 2.06154 1
50 4 1 3.8171 1
50 22 1 -1.97032 1
51 64 1 -0.438857 1
51 65 1 3.57756 1
51 66 1 1.99619 1
51 67 1 -1.28028 1
51 68 1 -1.59621 1
51 69 1 -0.576642 1
51 70 1 3.65974 1
51 71 1 3.31249 1
51 72 1 -2.36167 1
51 73 1 -1.78701 0
51 74 1 -2.68963 1
51 75 1 6.29472 1
51 76 1 -2.65877 1
51 77 1 0.645775 1
51 78 1 2.24865 1
51 79 1 -0.928114 1
51 80 1 1.60131 1
51 81 1 -2.59546 1
51 82 1 -0.322802 1
51 83 1 3.16967 1
51 84 1 -2.7812 1
51 85 1 -3.21025 1
51 86 1 -0.93333 1
51 87 1 0.468291 1
51 88 1 0.788536 1
51 89 1 0.710342 1
51 90 1 1.61226 1
51 91 1 0.942005 1
51 92 1 2.9991 1
51 93 1 3.66531 1
51 94 1 -5.28906 1
51 95 1 -1.63483 1
51 116 1 0.885189 1
51 12 1 -0.748745 1
116 73 1 -0.14972 0
116 134 1 1.55395 1
134 73 1 2.07944 1
52 64 1 -1.85267 1
52 65 1 2.00322 1
52 66 1 1.01543 1
52 67 1 -0.970546 1
52 68 1 -0.286867 1
52 69 1 3.43221 1
52 70 1 2.91001 1
52 71 1 -1.43461 1
52 72 1 -0.153716 1
52 73 1 4.96009 1
52 74 1 1.86648 1
52 75 1 -0.805159 1
52 76 1 -2.90911 1
52 77 1 -0.689124 1
52 78 1 0.805634 1
52 79 1 0.0952495 1
52 80 1 -0.42854 1
52 81 1 -0.449492 1
52 82 1 -3.25559 1
52 83 1 -1.77876 1
52 84 1 0.886311 1
52 85 1 -1.1754 1
52 86 1 -3.95415 1
52 87 1 0.932937 1
52 88 1 1.26809 1
52 89 1 0.466274 1
52 90 1 -1.81484 1
52 91 1 -0.876868 1
52 92 1 -1.37005 1
52 93 1 -1.37532 0
52 94 1 0.761123 1
52 95 1 1.23984 1
52 115 1 -0.0338141 1
52 139 1 0.710878 1
139 93 1 -1.13815 1
53 64 1 -1.67099 1
53 65 1 2.26639 1
53 66 1 -1.04174 1
53 67 1 -0.0771466 1
53 68 1 1.54089 1
53 69 1 2.5784 1
53 70 1 -2.13457 1
53 71 1 0.987815 1
53 72 1 -0.0212111 1
53 73 1 1.23794 1
53 74 1 -1.31041 1
53 75 1 -1.434 1
53 76 1 1.46641 1
53 77 1 2.44838 1
53 78 1 -1.53829 1
53 79 1 1.07601 1
53 80 1 1.57129 1
53 81 1 0.30222 1
53 82 1 1.32588 1
53 83 1 1.63271 1
53 84 1 2.43817 1
53 85 1 0.692665 1
53 86 1 0.599288 1
53 87 1 0.32165 1
53 88 1 -0.244856 1
53 89 1 0.479266 1
53 90 1 -1.55213 1
53 91 1 -0.133572 1
53 92 1 2.53717 1
53 93 1 0.549411 1
53 94 1 -0.328865 1
53 95 1 -1.15032 1
53 20 1 3.15869 1
53 23 1 1.25088 1
54 64 1 0.701201 1
54 65 1 -0.191655 1
54 66 1 -1.36339 1
54 67 1 1.3968 1
54 68 1 1.18479 1
54 69 1 -2.55356 1
54 70 1 0.0492575 1
54 71 1 1.8017 1
54 72 1 1.83782 1
54 73 1 1.27308 1
54 74 1 -0.230376 1
54 75 1 -0.00841634 1
54 76 1 -0.604708 1
54 77 1 2.55508 1
54 78 1 -0.521225 1
54 79 1 0.660006 1
54 80 1 1.36377 1
54 81 1 1.87536 1
54 82 1 -4.52967 1
54 83 1 4.62055 1
54 84 1 0.632764 1
54 85 1 0.17307 1
54 86 1 -3.39133 1
54 87 1 -1.911 1
54 88 1 2.75128 1
54 89 1 2.51236 1
54 90 1 -2.39105 1
54 91 1 2.39473 1
54 92 1 -1.08424 1
54 93 1 1.19421 1
54 94 1 -1.99483 1
54 95 1 -1.99452 1
54 30 1 -1.52494 1
55 64 1 0.646472 1
55 65 1 -1.693 1
55 66 1 -0.527762 1
55 67 1 0.441442 1
55 68 1 -3.23745 1
55 69 1 3.14182 1
55 70 1 2.82296 1
55 71 1 -3.80613 1
55 72 1 1.79262 1
55 73 1 -1.22627 1
55 74 1 3.40843 1
55 75 1 -3.98908 1
55 76 1 -4.17068 1
55 77 1 2.36337 1
55 78 1 -1.94388 1
55 79 1 2.52246 1
55 80 1 -1.15747 1
55 81 1 -0.459378 1
55 82 1 -1.98244 1
55 83 1 -0.834799 1
55 84 1 0.643968 1
55 85 1 -4.52674 1
55 86 1 1.66954 1
55 87 1 2.43183 1
55 88 1 -3.22458 1
55 89 1 -2.73111 1
55 90 1 0.706125 1
55 91 1 1.99531 1
55 92 1 4.53381 1
55 93 1 -2.75264 1
55 94 1 -1.15008 1
55 95 1 -1.47936 0
55 28 1 3.75054 1
55 114 1 1.75709 1
114 95 1 -0.881572 1
56 64 1 0.173451 1
56 65 1 -1.04131 1
56 66 1 -0.545034 1
56 67 1 -0.142285 1
56 68 1 0.30692 0
56 69 1 0.155286 1
56 70 1 0.584257 1
56 71 1 -0.249003 1
56 72 1 -1.38987 1
56 73 1 -2.27229 1
56 74 1 4.67785 1
56 75 1 4.39372 1
56 76 1 -4.17559 1
56 77 1 -0.570979 1
56 78 1 -5.22496 1
56 79 1 1.3403 1
56 80 1 -0.990732 1
56 81 1 3.21799 1
56 82 1 2.89016 1
56 83 1 -2.68556 1
56 84 1 -1.53376 1
56 85 1 -1.80355 1
56 86 1 0.60915 1
56 87 1 -2.54815 1
56 88 1 1.13799 1
56 89 1 -2.46461 1
56 90 1 -1.13408 1
56 91 1 1.08382 1
56 92 1 1.73935 1
56 93 1 3.54882 1
56 94 1 -2.57191 1
56 95 1 -0.0147915 1
56 3 1 -1.96652 1
56 126 1 2.56752 1
126 68 1 1.58533 1
126 11 1 -0.769807 1
57 64 1 -4.30225 1
57 65 1 1.63924 1
57 66 1 -3.72299 1
57 67 1 -0.474622 1
57 68 1 2.60562 1
57 69 1 -1.73379 0
57 70 1 -0.374553 1
57 71 1 1.52762 1
57 72 1 0.0706181 1
57 73 1 -0.805044 1
57 74 1 1.38859 1
57 75 1 3.51732 1
57 76 1 2.12273 1
57 77 1 -3.56959 1
57 78 1 -1.15877 1
57 79 1 -0.732694 1
57 80 1 0.893265 1
57 81 1 4.37129 1
57 82 1 2.27898 1
57 83 1 -1.78943 1
57 84 1 0.497973 1
57 85 1 -2.75515 1
57 86 1 -1.6533 1
57 87 1 1.2171 1
57 88 1 -2.76531 1
57 89 1 1.12999 1
57 90 1 -0.0510006 1
57 91 1 -0.0895566 1
57 92 1 -1.90126 1
57 93 1 0.0394502 1
57 94 1 0.0126931 1
57 95 1 2.34013 1
57 104 1 2.78439 1
57 22 1 0.98507 1
104 69 1 1.0534 1
104 1 1 0.528133 1
58 64 1 0.371038 1
58 65 1 -2.77171 1
58 66 1 -0.378311 1
58 67 1 -0.802763 1
58 68 1 0.71106 1
58 69 1 -2.96963 1
58 70 1 -1.29828 1
58 71 1 -0.0894526 1
58 72 1 0.0131534 1
58 73 1 -1.73232 1
58 74 1 3.145 1
58 75 1 2.69322 1
58 76 1 2.94919 1
58 77 1 -1.25737 1
58 78 1 -1.30684 1
58 79 1 0.00948257 0
58 80 1 -3.83656 1
58 81 1 1.80014 1
58 82 1 1.04591 1
58 83 1 0.186872 1
58 84 1 -0.616554 1
58 85 1 -0.0181088 1
58 86 1 0.283789 1
58 87 1 -1.39829 1
58 88 1 -1.39469 1
58 89 1 -0.331267 1
58 90 1 -1.57235 1
58 91 1 0.615928 1
58 92 1 3.13336 1
58 93 1 0.885006 1
58 94 1 -3.9809 1
58 95 1 1.63219 1
58 128 1 2.03924 1
128 79 1 0.481922 0
128 131 1 1.29403 1
131 79 1 -0.650739 1
59 64 1 -0.0827659 1
59 65 1 1.08261 1
59 66 1 0.252723 1
59 67 1 -1.013 1
59 68 1 0.947497 1
59 69 1 -0.779179 1
59 70 1 -1.97029 1
59 71 1 2.25388 1
59 72 1 -0.951284 1
59 73 1 -2.26588 1
59 74 1 0.682608 1
59 75 1 -1.22391 1
59 76 1 1.48489 1
59 77 1 -0.102542 0
59 78 1 0.450846 1
59 79 1 -3.60837 1
59 80 1 0.0352999 1
59 81 1 -0.101131 1
59 82 1 -4.74755 1
59 83 1 3.22084 1
59 84 1 -1.01421 1
59 85 1 -1.59312 1
59 86 1 -3.06531 1
59 87 1 1.81361 1
59 88 1 5.25279 1
59 89 1 -0.667874 1
59 90 1 0.800282 1
59 91 1 -1.3123 1
59 92 1 -0.687556 1
59 93 1 1.45178 1
59 94 1 -3.48732 1
59 95 1 1.69594 1
59 97 1 1.3808 1
59 5 1 -3.08231 1
59 11 1 -1.11964 1
59 13 1 0.553848 1
97 77 1 -4.00657 1
97 22 1 -2.64945 1
97 2 1 -4.99218 0
97 99 1 2.65981 1
97 7 1 3.09449 0
97 102 1 2.48899 1
97 17 1 0.605655 1
102 7 1 4.50812 1
99 2 1 2.89133 0
99 108 1 4.02693 1
99 15 1 -0.968085 1
108 2 1 0.249066 0
108 125 1 3.31289 1
125 2 1 -0.494837 1
60 64 1 1.86818 1
60 65 1 -1.04117 1
60 66 1 -1.66725 1
60 67 1 -0.147402 1
60 68 1 1.08937 1
60 69 1 0.651285 1
60 70 1 -2.93555 1
60 71 1 -0.0240118 1
60 72 1 0.797638 0
60 73 1 -1.18335 1
60 74 1 0.250624 1
60 75 1 -0.17533 1
60 76 1 0.658147 1
60 77 1 3.54687 1
60 78 1 0.752565 1
60 79 1 0.93861 1
60 80 1 -3.76677 1
60 81 1 -1.54353 1
60 82 1 -0.602318 1
60 83 1 1.52084 1
60 84 1 -2.98703 1
60 85 1 3.22731 1
60 86 1 1.81137 1
60 87 1 -0.498553 1
60 88 1 -4.07658 1
60 89 1 -1.02951 1
60 90 1 -1.52768 1
60 91 1 0.319966 1
60 92 1 1.89205 1
60 93 1 1.34714 1
60 94 1 0.338649 1
60 95 1 -0.0321632 1
60 24 1 -3.80054 1
60 0 1 2.77761 1
60 115 1 1.61236 1
60 3 1 0.474676 1
115 72 1 -0.902399 1
115 18 1 1.19242 1
61 64 1 0.166339 1
61 65 1 0.387024 1
61 66 1 0.970057 1
61 67 1 -0.284094 1
61 68 1 -4.88044 1
61 69 1 2.48873 1
61 70 1 0.422978 1
61 71 1 0.787552 1
61 72 1 -1.26953 1
61 73 1 1.31079 1
61 74 1 2.14724 1
61 75 1 2.94824 1
61 76 1 0.00569854 1
61 77 1 -0.987132 0
61 78 1 0.212393 1
61 79 1 -0.41005 1
61 80 1 -1.30839 1
61 81 1 -0.354192 1
61 82 1 -0.506029 1
61 83 1 0.929861 1
61 84 1 -1.00078 1
61 85 1 2.23711 1
61 86 1 -0.522284 1
61 87 1 1.49136 1
61 88 1 0.733246 1
61 89 1 0.0644517 1
61 90 1 1.87648 1
61 91 1 2.30337 1
61 92 1 -1.49604 1
61 93 1 -0.488422 1
61 94 1 1.50459 1
61 95 1 -0.418813 1
61 107 1 1.15776 1
61 113 1 -2.8477 1
107 77 1 -5.57584 0
107 113 1 2.2192 1
107 14 1 -1.36406 1
113 77 1 -2.99936 1
113 23 1 -0.721561 1
62 64 1 1.77323 1
62 65 1 -3.26952 1
62 66 1 3.19285 1
62 67 1 -1.41526 1
62 68 1 2.6871 1
62 69 1 -0.915056 1
62 70 1 1.63596 1
62 71 1 -2.14489 1
62 72 1 0.703448 1
62 73 1 2.71353 1
62 74 1 2.58827 1
62 75 1 -0.445909 1
62 76 1 2.55433 1
62 77 1 -2.82989 1
62 78 1 -2.39646 1
62 79 1 -0.84521 1
62 80 1 -1.10942 1
62 81 1 -1.35152 1
62 82 1 -1.90101 1
62 83 1 0.2344 1
62 84 1 0.55813 0
62 85 1 0.110858 1
62 86 1 4.54048 1
62 87 1 -3.53375 1
62 88 1 0.645171 1
62 89 1 -1.41105 1
62 90 1 -6.03986 1
62 91 1 0.500882 1
62 92 1 -0.497355 1
62 93 1 2.28197 1
62 94 1 0.712324 1
62 95 1 0.293518 1
62 5 1 1.70939 1
62 138 1 1.94248 1
138 84 1 0.487731 1
63 64 1 3.13371 1
63 65 1 -1.63936 1
63 66 1 2.99623 1
63 67 1 0.865462 1
63 68 1 -1.03031 1
63 69 1 -3.13395 1
63 70 1 -1.78849 1
63 71 1 3.04212 1
63 72 1 -0.579734 1
63 73 1 0.510456 1
63 74 1 -4.35697 1
63 75 1 2.4111 1
63 76 1 -1.55157 1
63 77 1 3.46643 1
63 78 1 1.32177 1
63 79 1 0.933274 1
63 80 1 0.0260593 1
63 81 1 -0.00925956 1
63 82 1 -1.06016 1
63 83 1 -0.0857311 1
63 84 1 -3.40386 1
63 85 1 -2.5393 1
63 86 1 5.72338 1
63 87 1 -3.79168 0
63 88 1 0.229077 1
63 89 1 -0.428932 1
63 90 1 3.66662 1
63 91 1 -1.31841 1
63 92 1 0.182098 1
63 93 1 2.03303 1
63 94 1 -3.97897 1
63 95 1 0.263715 1
63 141 1 0.786887 1
141 87 1 -4.9558 1
