107 64 32
-1.30016 -0.928374 -1.80505 0.837641 -2.00601 2.43148 -1.95667 -0.648928 -1.07226 2.12101 1.95885 -0.412655 -1.59827 -1.80437 -0.720782 -2.41482 -0.130509 -0.726689 -1.04269 -0.275385 -1.92994 -1.77101 -0.333649 -0.869435 1.4593 0.0770846 0.650437 0.938714 -1.21895 0.0839159 -1.74815 0.297806 0.175421 1.90858 -0.595452 0.0129764 0.751485 -0.990911 -0.135447 -1.18996 -0.733693 -0.781667 -0.147725 -0.247264 -2.08883 0.775087 -0.0930331 0.665159 0.732869 -0.809318 1.92219 -1.96832 -0.927196 -0.53189 1.65154 0.0455131 -0.278417 0.61945 -0.537633 0.297401 0.109422 -0.284176 0.178034 -0.934712 -0.691882 1.65016 1.26198 -0.149063 -1.61686 -1.48307 -1.58862 -1.51754 -0.309702 -0.0153699 0.75303 0.489059 -1.23676 0.753016 -0.724772 -2.82456 1.52733 -0.158367 1.15457 0.187244 1.2076 -0.297064 0.018445 0.822583 0.98328 -1.32935 -0.759998 -0.72272 -0.593956 1.17442 -0.975098 -0.518029 -0.423967 -0.280379 -0.432709 0.01238 0.916322 -0.257585 -0.984085 -0.241729 -0.124943 0.509888 0.0365147 
0 64 1 -1.97543 1
0 65 1 -2.15226 1
0 66 1 0.117763 1
0 67 1 -1.19615 1
0 68 1 2.64892 1
0 69 1 0.555698 1
0 70 1 -0.248022 1
0 71 1 -0.335375 1
0 72 1 -1.1816 1
0 73 1 1.56669 1
0 74 1 0.369654 1
0 75 1 0.731337 1
0 76 1 -0.292155 1
0 77 1 1.75165 1
0 78 1 0.933352 1
0 79 1 2.03109 1
0 80 1 0.242051 1
0 81 1 0.686614 1
0 82 1 -0.123641 1
0 83 1 -1.09639 1
0 84 1 -0.216392 1
0 85 1 0.874959 1
0 86 1 -1.26539 1
0 87 1 -0.258905 1
0 88 1 1.09324 1
0 89 1 1.12077 1
0 90 1 0.56105 1
0 91 1 0.562598 1
0 92 1 -0.808021 1
0 93 1 1.13065 1
0 94 1 0.328577 1
0 95 1 2.02567 1
1 64 1 -0.22157 1
1 65 1 -0.881819 1
1 66 1 0.205842 1
1 67 1 -0.0338329 1
1 68 1 1.0208 1
1 69 1 2.33498 1
1 70 1 1.54806 1
1 71 1 -1.02896 1
1 72 1 0.668554 1
1 73 1 0.189352 1
1 74 1 0.0341025 1
1 75 1 -0.658223 1
1 76 1 -0.000512095 1
1 77 1 3.30247 1
1 78 1 -0.926879 1
1 79 1 -1.03165 1
1 80 1 -1.72582 1
1 81 1 -0.233337 1
1 82 1 1.44981 1
1 83 1 -2.08338 1
1 84 1 0.222883 1
1 85 1 -0.554081 1
1 86 1 0.052852 1
1 87 1 -0.441261 1
1 88 1 -1.79846 1
1 89 1 1.69959 1
1 90 1 0.843258 1
1 91 1 -0.198293 1
1 92 1 -0.450142 1
1 93 1 0.585196 1
1 94 1 -1.53998 1
1 95 1 -1.17628 1
2 64 1 0.480009 1
2 65 1 1.23227 1
2 66 1 -1.14234 1
2 67 1 -0.479807 1
2 68 1 -0.633867 1
2 69 1 0.566095 1
2 70 1 0.319029 1
2 71 1 0.294 1
2 72 1 -1.49054 1
2 73 1 -1.21866 1
2 74 1 -0.18159 1
2 75 1 -0.242504 1
2 76 1 -2.62785 1
2 77 1 -1.01843 1
2 78 1 -1.00776 1
2 79 1 -1.32776 1
2 80 1 -0.413405 1
2 81 1 -2.42666 1
2 82 1 -1.26671 1
2 83 1 -1.03393 1
2 84 1 0.453392 1
2 85 1 0.992622 1
2 86 1 -2.03556 1
2 87 1 -0.0189241 1
2 88 1 -0.401329 1
2 89 1 -3.05437 1
2 90 1 -1.98104 1
2 91 1 -0.83723 1
2 92 1 0.978527 1
2 93 1 -0.92432 1
2 94 1 0.602506 1
2 95 1 0.239817 1
3 64 1 -0.494247 1
3 65 1 -0.66546 1
3 66 1 -1.38889 1
3 67 1 -0.203483 1
3 68 1 1.21277 1
3 69 1 -0.934434 1
3 70 1 1.25203 1
3 71 1 0.986942 1
3 72 1 2.91705 1
3 73 1 0.264599 1
3 74 1 0.61392 1
3 75 1 -0.000210329 1
3 76 1 3.27964 1
3 77 1 -1.71998 1
3 78 1 -0.845421 1
3 79 1 -1.0169 1
3 80 1 0.632669 1
3 81 1 1.97617 1
3 82 1 2.36178 1
3 83 1 -0.198416 1
3 84 1 -1.17517 1
3 85 1 -0.876804 1
3 86 1 0.671383 1
3 87 1 -0.50492 1
3 88 1 1.17969 1
3 89 1 -0.452813 1
3 90 1 -1.02816 1
3 91 1 -1.57753 1
3 92 1 -1.69194 1
3 93 1 -0.593361 1
3 94 1 -0.428948 1
3 95 1 0.353206 1
4 64 1 -0.0307557 1
4 65 1 0.18172 1
4 66 1 -1.65511 1
4 67 1 0.976624 1
4 68 1 0.764882 1
4 69 1 -0.581795 1
4 70 1 -0.215831 1
4 71 1 0.0704651 1
4 72 1 0.428055 1
4 73 1 0.115772 1
4 74 1 0.16695 1
4 75 1 -0.864869 0
4 76 1 0.486415 1
4 77 1 2.34597 1
4 78 1 -0.022443 1
4 79 1 -0.737396 1
4 80 1 -2.33688 1
4 81 1 -1.3871 1
4 82 1 -0.801359 1
4 83 1 1.53275 1
4 84 1 1.13242 1
4 85 1 2.1164 1
4 86 1 -1.71358 1
4 87 1 -1.84167 1
4 88 1 0.523284 1
4 89 1 -0.711416 1
4 90 1 0.677609 1
4 91 1 -2.163 1
4 92 1 -0.215977 1
4 93 1 1.063 1
4 94 1 -0.406116 1
4 95 1 0.528651 1
4 101 1 1.4406 1
101 75 1 -0.524094 1
5 64 1 0.0726071 1
5 65 1 0.785808 1
5 66 1 0.0133095 1
5 67 1 1.92784 1
5 68 1 -0.213883 1
5 69 1 1.22702 1
5 70 1 -1.16763 1
5 71 1 -1.02775 1
5 72 1 0.307045 1
5 73 1 -1.71519 1
5 74 1 1.01435 1
5 75 1 0.522822 1
5 76 1 0.633382 1
5 77 1 -0.466747 1
5 78 1 -2.13224 1
5 79 1 2.15804 1
5 80 1 2.12449 1
5 81 1 -0.0037767 1
5 82 1 1.69031 1
5 83 1 1.14342 1
5 84 1 1.49904 1
5 85 1 0.397372 1
5 86 1 -0.380779 1
5 87 1 -0.573103 1
5 88 1 -0.768208 1
5 89 1 0.13793 1
5 90 1 -0.888404 1
5 91 1 0.124761 1
5 92 1 -2.08166 1
5 93 1 0.229308 1
5 94 1 -0.65673 1
5 95 1 -1.49644 1
6 64 1 0.514679 1
6 65 1 -1.75556 1
6 66 1 1.1007 1
6 67 1 1.26356 1
6 68 1 -2.787 1
6 69 1 -0.765552 1
6 70 1 -1.95731 1
6 71 1 -0.389466 1
6 72 1 -0.0724419 1
6 73 1 -0.160925 1
6 74 1 -0.90068 1
6 75 1 -0.330537 1
6 76 1 2.52591 1
6 77 1 -0.711435 1
6 78 1 0.199907 1
6 79 1 -1.00128 1
6 80 1 1.25003 1
6 81 1 1.15784 1
6 82 1 0.440583 1
6 83 1 0.450599 1
6 84 1 0.673541 1
6 85 1 -0.798857 1
6 86 1 0.0716657 1
6 87 1 1.01884 1
6 88 1 -0.239609 1
6 89 1 -1.62487 1
6 90 1 1.47104 1
6 91 1 -0.464467 1
6 92 1 1.6853 1
6 93 1 0.673378 1
6 94 1 -0.785695 1
6 95 1 2.048 1
7 64 1 -0.732694 1
7 65 1 -1.13499 1
7 66 1 -0.8804 1
7 67 1 -0.602601 1
7 68 1 -0.72753 1
7 69 1 -1.55584 1
7 70 1 1.81261 1
7 71 1 0.232248 1
7 72 1 1.94628 1
7 73 1 0.572554 1
7 74 1 -0.20069 1
7 75 1 -0.418739 1
7 76 1 2.25589 1
7 77 1 1.1625 1
7 78 1 -0.131192 1
7 79 1 0.846835 1
7 80 1 -0.525656 1
7 81 1 -1.75911 1
7 82 1 -1.94947 1
7 83 1 0.119613 0
7 84 1 -1.28965 1
7 85 1 -0.245149 1
7 86 1 2.58979 1
7 87 1 -1.10659 1
7 88 1 -1.04552 1
7 89 1 -0.197423 1
7 90 1 -0.145573 1
7 91 1 -1.27044 1
7 92 1 -0.76151 1
7 93 1 -0.577409 1
7 94 1 0.893135 1
7 95 1 1.04217 1
7 100 1 -0.256523 1
100 83 1 -0.15211 1
100 24 1 -0.299011 0
100 106 1 1.33152 1
106 24 1 -0.238626 1
8 64 1 3.13993 1
8 65 1 -2.00948 1
8 66 1 -0.17622 1
8 67 1 -0.233934 1
8 68 1 -1.08517 1
8 69 1 1.23452 1
8 70 1 0.0455398 1
8 71 1 0.587263 1
8 72 1 0.23922 1
8 73 1 2.35773 1
8 74 1 0.400853 1
8 75 1 -2.05857 1
8 76 1 -0.62267 1
8 77 1 0.11647 1
8 78 1 -0.943813 1
8 79 1 -0.65028 1
8 80 1 -0.138694 1
8 81 1 0.73906 1
8 82 1 0.724023 1
8 83 1 -0.875075 1
8 84 1 0.245366 1
8 85 1 2.33444 1
8 86 1 3.25192 1
8 87 1 0.229381 1
8 88 1 -1.47016 1
8 89 1 3.42831 1
8 90 1 -0.158984 1
8 91 1 -0.630574 1
8 92 1 1.47684 1
8 93 1 2.21798 1
8 94 1 1.98991 1
8 95 1 -1.36659 1
9 64 1 1.41521 1
9 65 1 -0.962727 1
9 66 1 -0.230011 1
9 67 1 0.0154737 1
9 68 1 -0.429377 1
9 69 1 -0.775355 1
9 70 1 -1.82058 1
9 71 1 -0.490656 1
9 72 1 1.27303 1
9 73 1 -1.06454 1
9 74 1 1.14937 1
9 75 1 -2.02008 1
9 76 1 0.832726 1
9 77 1 -1.03303 1
9 78 1 0.0116543 1
9 79 1 0.0639372 1
9 80 1 0.355919 1
9 81 1 -0.782466 1
9 82 1 -0.941136 1
9 83 1 -0.607542 1
9 84 1 2.83797 1
9 85 1 2.0831 1
9 86 1 -1.87315 1
9 87 1 -0.358503 1
9 88 1 -2.37071 1
9 89 1 1.96118 1
9 90 1 0.847535 1
9 91 1 -1.20368 1
9 92 1 -1.51036 1
9 93 1 -0.654409 1
9 94 1 -2.60505 1
9 95 1 -0.578964 1
10 64 1 0.100771 1
10 65 1 0.520552 1
10 66 1 0.826861 1
10 67 1 0.202461 1
10 68 1 1.81573 1
10 69 1 0.535125 1
10 70 1 0.981303 1
10 71 1 -0.741627 1
10 72 1 0.182931 1
10 73 1 1.42541 1
10 74 1 -0.485663 1
10 75 1 0.692241 1
10 76 1 -0.0901773 1
10 77 1 1.10195 1
10 78 1 -2.38141 1
10 79 1 -0.439001 1
10 80 1 0.322887 1
10 81 1 1.07145 1
10 82 1 -0.28202 1
10 83 1 0.339199 1
10 84 1 0.305092 1
10 85 1 1.47165 1
10 86 1 -0.000490914 1
10 87 1 0.546298 1
10 88 1 0.420105 1
10 89 1 0.277365 1
10 90 1 -1.18861 1
10 91 1 1.13784 1
10 92 1 2.6347 1
10 93 1 0.372372 1
10 94 1 2.89523 1
10 95 1 0.779705 1
11 64 1 1.06136 1
11 65 1 0.465433 1
11 66 1 -0.68521 1
11 67 1 -2.20526 1
11 68 1 0.813069 1
11 69 1 -0.620288 1
11 70 1 0.523134 1
11 71 1 -0.896813 1
11 72 1 0.259648 1
11 73 1 0.427924 1
11 74 1 -1.80541 1
11 75 1 0.207156 1
11 76 1 -1.19511 1
11 77 1 1.63695 1
11 78 1 -1.0205 1
11 79 1 -0.913888 1
11 80 1 2.20072 1
11 81 1 -0.0363443 1
11 82 1 0.695244 1
11 83 1 0.642452 1
11 84 1 3.11556 1
11 85 1 -1.35019 1
11 86 1 -1.11505 1
11 87 1 -0.551125 1
11 88 1 -0.448571 1
11 89 1 -1.14255 1
11 90 1 -0.678315 1
11 91 1 -0.136716 1
11 92 1 -0.142948 1
11 93 1 2.07459 1
11 94 1 0.540056 1
11 95 1 -0.828643 1
12 64 1 -1.42125 1
12 65 1 1.66738 1
12 66 1 -0.611189 1
12 67 1 0.171896 1
12 68 1 0.952858 1
12 69 1 0.53343 1
12 70 1 0.485206 1
12 71 1 -0.0873224 1
12 72 1 0.303072 1
12 73 1 1.09152 1
12 74 1 0.539779 1
12 75 1 -0.59285 1
12 76 1 0.869996 1
12 77 1 1.17452 1
12 78 1 -0.354307 1
12 79 1 -1.24696 1
12 80 1 0.124725 1
12 81 1 -0.736735 1
12 82 1 -0.923887 1
12 83 1 1.5012 1
12 84 1 -1.03583 1
12 85 1 -1.57648 1
12 86 1 -0.533641 1
12 87 1 0.795115 1
12 88 1 0.0213585 1
12 89 1 -0.235103 1
12 90 1 1.07288 1
12 91 1 -0.886873 1
12 92 1 0.631233 1
12 93 1 -1.70107 1
12 94 1 -2.11112 1
12 95 1 0.582866 1
13 64 1 -1.49763 1
13 65 1 -0.880884 1
13 66 1 0.144316 1
13 67 1 -0.543705 1
13 68 1 1.01047 1
13 69 1 -1.19512 1
13 70 1 0.63622 1
13 71 1 2.5839 1
13 72 1 -0.19383 1
13 73 1 -1.72906 1
13 74 1 0.0887597 1
13 75 1 0.304349 1
13 76 1 0.697458 1
13 77 1 -0.172578 1
13 78 1 -0.550887 1
13 79 1 -0.905546 1
13 80 1 -1.11958 1
13 81 1 -0.540325 1
13 82 1 -0.428431 1
13 83 1 -1.29612 1
13 84 1 -0.962229 1
13 85 1 -0.744504 1
13 86 1 2.80915 1
13 87 1 1.64198 1
13 88 1 0.27658 1
13 89 1 0.218033 1
13 90 1 -2.99511 1
13 91 1 -0.389509 1
13 92 1 -0.813572 1
13 93 1 -0.042135 1
13 94 1 0.778545 1
13 95 1 -1.41243 1
14 64 1 -3.15766 1
14 65 1 -0.614892 1
14 66 1 -1.70346 1
14 67 1 -1.50237 1
14 68 1 -0.457633 1
14 69 1 1.88076 1
14 70 1 -0.0620859 1
14 71 1 2.33583 1
14 72 1 0.348621 1
14 73 1 -1.17525 1
14 74 1 1.78846 1
14 75 1 0.891891 1
14 76 1 -0.562337 1
14 77 1 0.553554 1
14 78 1 -0.96965 1
14 79 1 0.658685 1
14 80 1 1.19942 1
14 81 1 0.233747 1
14 82 1 2.36329 1
14 83 1 -2.04353 1
14 84 1 -0.106552 1
14 85 1 -0.95115 1
14 86 1 1.79464 1
14 87 1 -0.295983 1
14 88 1 -1.34424 1
14 89 1 -1.98109 1
14 90 1 1.81612 1
14 91 1 2.79363 1
14 92 1 0.318358 1
14 93 1 1.14588 1
14 94 1 2.72461 1
14 95 1 -0.42562 1
15 64 1 -0.149718 1
15 65 1 -0.982806 1
15 66 1 -1.02166 1
15 67 1 0.400587 1
15 68 1 0.550827 1
15 69 1 0.873417 1
15 70 1 2.17249 1
15 71 1 -0.584021 1
15 72 1 -3.08236 1
15 73 1 1.58095 1
15 74 1 0.0509546 1
15 75 1 -1.08847 1
15 76 1 0.212011 1
15 77 1 1.62426 1
15 78 1 -0.810767 1
15 79 1 -0.51978 1
15 80 1 1.23132 1
15 81 1 0.914874 1
15 82 1 -1.3776 1
15 83 1 0.256485 1
15 84 1 0.446171 1
15 85 1 0.46643 1
15 86 1 1.33487 1
15 87 1 0.17073 1
15 88 1 1.844 1
15 89 1 1.39769 1
15 90 1 -0.0863863 1
15 91 1 -0.908115 1
15 92 1 -0.306245 1
15 93 1 -0.236669 1
15 94 1 1.83216 1
15 95 1 1.28948 1
16 64 1 -0.436923 1
16 65 1 -2.96627 1
16 66 1 -2.10262 1
16 67 1 -2.37247 1
16 68 1 1.72483 1
16 69 1 -0.00238142 1
16 70 1 1.38171 1
16 71 1 0.94062 1
16 72 1 -0.794751 1
16 73 1 -0.606198 1
16 74 1 0.139326 1
16 75 1 -0.340959 1
16 76 1 -2.46196 1
16 77 1 0.648322 1
16 78 1 -0.541997 1
16 79 1 -0.895102 1
16 80 1 -1.80024 1
16 81 1 1.37784 1
16 82 1 -1.19362 1
16 83 1 1.29447 1
16 84 1 0.432469 1
16 85 1 -0.145941 1
16 86 1 -1.1 1
16 87 1 -0.683928 1
16 88 1 1.63165 1
16 89 1 0.495688 1
16 90 1 -1.31135 1
16 91 1 -0.0223113 1
16 92 1 0.244017 1
16 93 1 -0.652406 1
16 94 1 0.633253 1
16 95 1 -1.04664 1
17 64 1 -3.20641 1
17 65 1 -0.719656 1
17 66 1 -0.33143 1
17 67 1 -1.20836 1
17 68 1 -0.692953 1
17 69 1 0.582435 1
17 70 1 1.0478 1
17 71 1 1.81385 1
17 72 1 -2.80638 1
17 73 1 1.44896 1
17 74 1 1.99672 1
17 75 1 0.564822 1
17 76 1 -2.12274 1
17 77 1 0.292917 1
17 78 1 1.85685 1
17 79 1 -2.59336 1
17 80 1 0.209322 1
17 81 1 0.657625 1
17 82 1 -1.84024 1
17 83 1 -1.44221 1
17 84 1 -1.7744 1
17 85 1 0.271245 1
17 86 1 1.51336 1
17 87 1 0.245147 1
17 88 1 -0.0697021 1
17 89 1 -0.242599 1
17 90 1 -1.99962 1
17 91 1 0.787695 1
17 92 1 -0.262848 1
17 93 1 -0.253558 1
17 94 1 0.35594 1
17 95 1 -1.49376 1
18 64 1 0.670361 1
18 65 1 0.872089 1
18 66 1 1.24908 1
18 67 1 -1.2552 1
18 68 1 0.512441 1
18 69 1 -0.298609 1
18 70 1 -0.402508 1
18 71 1 0.274109 1
18 72 1 1.43602 1
18 73 1 -0.373249 1
18 74 1 1.61291 1
18 75 1 0.417582 1
18 76 1 1.76395 1
18 77 1 1.84569 1
18 78 1 0.414118 1
18 79 1 -1.07761 1
18 80 1 0.0225317 1
18 81 1 1.53059 1
18 82 1 -1.3422 1
18 83 1 -0.229575 1
18 84 1 -0.739334 1
18 85 1 -1.653 1
18 86 1 0.0407644 1
18 87 1 0.570281 1
18 88 1 1.22592 1
18 89 1 0.590588 1
18 90 1 -0.506638 1
18 91 1 0.373356 1
18 92 1 0.0345148 1
18 93 1 0.545317 1
18 94 1 -1.05303 1
18 95 1 0.427938 1
19 64 1 -0.0864069 1
19 65 1 0.0930447 1
19 66 1 2.39191 1
19 67 1 -2.21652 1
19 68 1 -1.49823 1
19 69 1 1.21327 1
19 70 1 -1.07117 1
19 71 1 -0.496617 1
19 72 1 1.51109 1
19 73 1 1.87874 1
19 74 1 0.234973 1
19 75 1 -1.69198 1
19 76 1 -0.355418 1
19 77 1 -0.959569 1
19 78 1 -0.715194 1
19 79 1 0.628877 1
19 80 1 -1.06441 1
19 81 1 -2.0965 1
19 82 1 -0.491252 1
19 83 1 -1.04773 1
19 84 1 0.396661 1
19 85 1 -0.741944 1
19 86 1 0.164573 1
19 87 1 1.65337 1
19 88 1 0.769059 1
19 89 1 2.78825 1
19 90 1 -0.418817 1
19 91 1 0.733957 1
19 92 1 0.819375 1
19 93 1 -1.3873 1
19 94 1 -2.09028 1
19 95 1 -1.77658 1
20 64 1 0.954345 1
20 65 1 0.564608 1
20 66 1 1.41908 1
20 67 1 -0.53127 1
20 68 1 -0.312211 1
20 69 1 -1.32219 1
20 70 1 -1.68552 1
20 71 1 -0.603861 1
20 72 1 0.63889 1
20 73 1 1.03684 1
20 74 1 0.341602 1
20 75 1 0.718865 1
20 76 1 -0.110576 1
20 77 1 -0.286389 1
20 78 1 1.73152 1
20 79 1 0.350225 1
20 80 1 -0.329937 1
20 81 1 0.396767 1
20 82 1 1.62355 1
20 83 1 1.14143 1
20 84 1 0.439648 1
20 85 1 0.151833 1
20 86 1 0.408399 1
20 87 1 -0.927067 1
20 88 1 0.482306 1
20 89 1 0.153105 1
20 90 1 0.741349 1
20 91 1 -0.484573 0
20 92 1 -2.51642 1
20 93 1 1.37415 0
20 94 1 0.39807 0
20 95 1 0.116944 1
20 96 1 -0.348311 1
20 98 1 0.649063 1
20 103 1 1.20525 1
103 91 1 -1.35335 0
103 105 1 1.30272 1
105 91 1 0.0723391 1
98 93 1 0.813935 1
98 99 1 -0.27305 1
96 94 1 0.0801988 1
21 64 1 -0.489083 1
21 65 1 0.239055 1
21 66 1 -1.00552 1
21 67 1 -1.13629 1
21 68 1 -0.461607 1
21 69 1 0.739283 1
21 70 1 -1.12563 1
21 71 1 -1.84601 1
21 72 1 -0.717347 1
21 73 1 0.346555 1
21 74 1 -0.915385 1
21 75 1 -1.55007 1
21 76 1 -0.257142 1
21 77 1 1.0649 1
21 78 1 -1.10051 1
21 79 1 -0.801163 1
21 80 1 0.498354 1
21 81 1 0.679833 1
21 82 1 -0.476167 1
21 83 1 0.362763 1
21 84 1 2.1124 1
21 85 1 0.658699 1
21 86 1 1.71753 1
21 87 1 0.197373 1
21 88 1 2.03684 1
21 89 1 2.82925 1
21 90 1 0.637789 1
21 91 1 0.372618 1
21 92 1 0.866443 1
21 93 1 -0.470244 1
21 94 1 0.0570423 1
21 95 1 0.263917 1
22 64 1 1.34934 1
22 65 1 1.38737 1
22 66 1 1.05153 1
22 67 1 1.81953 1
22 68 1 -1.02831 1
22 69 1 -0.458492 1
22 70 1 -0.269197 1
22 71 1 0.401097 1
22 72 1 -1.15045 1
22 73 1 -2.10055 1
22 74 1 -1.17802 1
22 75 1 0.616162 1
22 76 1 0.21546 1
22 77 1 -0.875798 1
22 78 1 2.26654 1
22 79 1 1.9668 1
22 80 1 -0.649389 1
22 81 1 -2.54057 1
22 82 1 0.927004 1
22 83 1 0.196085 1
22 84 1 -0.683165 1
22 85 1 -0.522301 1
22 86 1 -0.224933 1
22 87 1 1.3717 1
22 88 1 -0.31086 1
22 89 1 0.21576 1
22 90 1 2.33566 1
22 91 1 -0.0294484 1
22 92 1 1.58657 1
22 93 1 0.0907675 1
22 94 1 -0.479691 1
22 95 1 2.98378 1
23 64 1 -0.671039 1
23 65 1 -0.119352 1
23 66 1 1.59851 1
23 67 1 0.293008 1
23 68 1 -1.66746 1
23 69 1 0.596919 1
23 70 1 0.446033 1
23 71 1 -2.64535 1
23 72 1 0.80117 1
23 73 1 0.446055 1
23 74 1 -0.160092 1
23 75 1 -0.00332278 1
23 76 1 1.54241 1
23 77 1 1.28928 1
23 78 1 1.67869 1
23 79 1 -2.69594 1
23 80 1 0.144819 1
23 81 1 -0.658894 1
23 82 1 -1.80368 1
23 83 1 0.317793 1
23 84 1 1.58029 1
23 85 1 0.405071 1
23 86 1 -4.26145 1
23 87 1 1.01101 1
23 88 1 0.47946 1
23 89 1 0.0688727 1
23 90 1 -0.814452 1
23 91 1 -0.366268 1
23 92 1 -0.56953 1
23 93 1 0.892894 1
23 94 1 -0.0519948 1
23 95 1 -1.29593 1
24 64 1 -1.71394 1
24 65 1 -0.660239 1
24 66 1 -1.42041 1
24 67 1 2.35886 1
24 68 1 -2.71708 1
24 69 1 0.400623 1
24 70 1 -2.58587 1
24 71 1 1.21502 1
24 72 1 -0.633763 1
24 73 1 -0.642723 1
24 74 1 0.923183 1
24 75 1 1.4543 1
24 76 1 1.46745 1
24 77 1 -2.02466 1
24 78 1 -1.69093 1
24 79 1 -0.39642 1
24 80 1 -0.293958 1
24 81 1 -0.730484 1
24 82 1 3.29598 1
24 83 1 -3.1624 1
24 84 1 -1.14662 1
24 85 1 0.411369 1
24 86 1 -1.75109 1
24 87 1 2.48787 1
24 88 1 -1.08337 1
24 89 1 0.879271 1
24 90 1 1.60948 1
24 91 1 0.567444 1
24 92 1 0.778849 1
24 93 1 1.26658 1
24 94 1 0.736378 1
24 95 1 1.05879 1
24 5 1 2.41045 1
25 64 1 -0.701361 1
25 65 1 1.18245 1
25 66 1 0.262339 1
25 67 1 0.0121827 1
25 68 1 1.9776 1
25 69 1 -3.23108 1
25 70 1 1.24783 1
25 71 1 -1.33987 1
25 72 1 -0.5703 1
25 73 1 -1.8818 1
25 74 1 0.423082 1
25 75 1 0.174126 1
25 76 1 2.28048 1
25 77 1 1.49654 1
25 78 1 0.164844 1
25 79 1 -2.35871 1
25 80 1 1.53557 1
25 81 1 -0.13324 1
25 82 1 -0.497542 1
25 83 1 0.342071 1
25 84 1 -0.759173 1
25 85 1 -2.27069 1
25 86 1 0.728646 1
25 87 1 1.0716 1
25 88 1 0.359905 1
25 89 1 1.49439 1
25 90 1 -0.810228 1
25 91 1 -1.67029 1
25 92 1 -0.251221 1
25 93 1 -1.16101 1
25 94 1 -0.917658 1
25 95 1 -0.491501 1
25 8 1 0.826959 1
26 64 1 0.518847 1
26 65 1 1.34114 1
26 66 1 0.766986 1
26 67 1 1.00324 1
26 68 1 1.49672 1
26 69 1 3.18195 1
26 70 1 -0.307841 1
26 71 1 1.14396 1
26 72 1 -0.902781 1
26 73 1 0.168405 1
26 74 1 -0.232223 1
26 75 1 1.22223 1
26 76 1 -0.922007 1
26 77 1 -2.3462 1
26 78 1 -0.0931734 1
26 79 1 -1.59767 1
26 80 1 -1.14554 1
26 81 1 2.95363 1
26 82 1 -0.280816 1
26 83 1 0.920619 1
26 84 1 -0.748991 1
26 85 1 0.0706903 1
26 86 1 -1.13884 1
26 87 1 1.39373 1
26 88 1 -0.473595 1
26 89 1 -0.457622 1
26 90 1 -1.40208 1
26 91 1 -0.937585 1
26 92 1 -0.702358 1
26 93 1 -0.940621 1
26 94 1 1.46012 1
26 95 1 -0.226573 1
26 23 1 0.591444 1
27 64 1 -2.75956 1
27 65 1 0.850903 1
27 66 1 -0.667707 1
27 67 1 0.201779 1
27 68 1 -1.1782 1
27 69 1 -0.506836 1
27 70 1 0.73698 1
27 71 1 -1.03662 1
27 72 1 -2.18242 1
27 73 1 0.630007 1
27 74 1 0.736723 1
27 75 1 1.90658 1
27 76 1 -1.44578 1
27 77 1 -2.24747 1
27 78 1 4.0355 1
27 79 1 0.363442 1
27 80 1 0.0611914 1
27 81 1 0.298408 1
27 82 1 0.237282 1
27 83 1 -1.06501 1
27 84 1 1.24769 1
27 85 1 0.635253 1
27 86 1 -0.0278835 1
27 87 1 -0.303955 1
27 88 1 -2.51654 1
27 89 1 0.092188 1
27 90 1 0.671682 1
27 91 1 -0.303678 1
27 92 1 -1.73011 1
27 93 1 -1.92674 1
27 94 1 2.80448 1
27 95 1 0.33389 1
27 9 1 1.37822 1
28 64 1 0.387324 1
28 65 1 1.0159 1
28 66 1 0.662262 1
28 67 1 0.885801 1
28 68 1 0.256453 1
28 69 1 2.93129 1
28 70 1 -0.507943 1
28 71 1 -0.715238 1
28 72 1 0.648517 1
28 73 1 0.0939665 1
28 74 1 0.0653465 1
28 75 1 -0.346541 1
28 76 1 -0.339663 1
28 77 1 -1.32592 1
28 78 1 0.553072 1
28 79 1 0.973322 1
28 80 1 2.39238 1
28 81 1 -1.24141 1
28 82 1 1.30231 1
28 83 1 -0.227397 1
28 84 1 0.141578 1
28 85 1 -1.82399 1
28 86 1 -0.905656 1
28 87 1 -0.429862 1
28 88 1 -2.52054 1
28 89 1 -0.826115 1
28 90 1 -0.761485 1
28 91 1 -1.72959 1
28 92 1 1.8943 1
28 93 1 -0.983621 1
28 94 1 -0.643305 1
28 95 1 -0.128445 1
29 64 1 0.487106 1
29 65 1 0.00422947 1
29 66 1 0.607766 1
29 67 1 1.34223 1
29 68 1 0.365774 1
29 69 1 1.35797 1
29 70 1 -0.516978 1
29 71 1 1.10042 1
29 72 1 -0.167977 1
29 73 1 0.401093 1
29 74 1 0.480465 1
29 75 1 1.80272 1
29 76 1 0.852979 1
29 77 1 -0.023442 1
29 78 1 -1.25772 1
29 79 1 0.0167423 1
29 80 1 -0.428898 1
29 81 1 0.313838 1
29 82 1 -0.0150892 1
29 83 1 -0.295867 1
29 84 1 -0.322813 1
29 85 1 -0.225389 1
29 86 1 -1.60647 1
29 87 1 -2.83409 1
29 88 1 1.01971 1
29 89 1 -0.44467 1
29 90 1 -1.30981 1
29 91 1 0.697355 1
29 92 1 0.202179 1
29 93 1 0.0426244 1
29 94 1 0.497789 1
29 95 1 0.269187 1
30 64 1 0.550299 1
30 65 1 -0.448769 1
30 66 1 -0.33315 1
30 67 1 -0.137925 1
30 68 1 1.8275 1
30 69 1 -0.409565 1
30 70 1 -1.41188 1
30 71 1 1.6348 1
30 72 1 -0.54048 1
30 73 1 3.5472 1
30 74 1 0.683441 1
30 75 1 0.272812 1
30 76 1 0.0817586 1
30 77 1 -1.30528 1
30 78 1 -0.319328 1
30 79 1 -0.058622 1
30 80 1 0.364569 1
30 81 1 -0.975322 1
30 82 1 0.91411 1
30 83 1 2.69623 1
30 84 1 1.77203 1
30 85 1 -0.858083 1
30 86 1 0.0124323 1
30 87 1 -2.95066 1
30 88 1 0.858826 1
30 89 1 -2.37715 1
30 90 1 0.284406 1
30 91 1 0.746389 1
30 92 1 0.415399 1
30 93 1 0.752945 1
30 94 1 1.76112 1
30 95 1 0.661718 1
31 64 1 1.35502 1
31 65 1 0.366741 1
31 66 1 -1.70098 1
31 67 1 2.99083 1
31 68 1 4.07474 1
31 69 1 -0.236263 1
31 70 1 -0.36221 1
31 71 1 1.01649 1
31 72 1 -1.07465 1
31 73 1 -1.84061 1
31 74 1 -1.08215 1
31 75 1 -1.53091 1
31 76 1 -0.561553 1
31 77 1 0.127243 1
31 78 1 0.281582 1
31 79 1 0.607257 1
31 80 1 -0.719537 1
31 81 1 0.940539 1
31 82 1 2.36613 1
31 83 1 -0.271488 1
31 84 1 -1.19535 1
31 85 1 0.841363 1
31 86 1 -0.233454 1
31 87 1 2.04131 1
31 88 1 1.37422 1
31 89 1 1.21194 1
31 90 1 1.43558 1
31 91 1 -1.12633 1
31 92 1 -0.941158 1
31 93 1 1.16519 1
31 94 1 -0.844237 1
31 95 1 -1.4583 1
32 64 1 1.17843 1
32 65 1 0.0604931 1
32 66 1 -1.90021 1
32 67 1 -0.203821 1
32 68 1 1.06514 1
32 69 1 2.32199 1
32 70 1 0.707508 1
32 71 1 1.87914 1
32 72 1 -3.03152 1
32 73 1 -0.774972 1
32 74 1 -0.852135 1
32 75 1 0.313316 1
32 76 1 -1.9822 1
32 77 1 0.0319378 1
32 78 1 -1.9089 1
32 79 1 1.3051 1
32 80 1 1.60327 1
32 81 1 -1.53927 1
32 82 1 0.314213 1
32 83 1 0.581889 1
32 84 1 -0.492807 1
32 85 1 -2.07837 1
32 86 1 0.544793 1
32 87 1 1.10789 1
32 88 1 0.171122 1
32 89 1 -1.14467 1
32 90 1 0.674418 1
32 91 1 0.949298 1
32 92 1 1.90135 1
32 93 1 -1.20491 1
32 94 1 2.00084 1
32 95 1 -0.411136 1
33 64 1 2.25431 1
33 65 1 -2.62521 1
33 66 1 -0.530976 1
33 67 1 -2.02735 1
33 68 1 -1.73012 1
33 69 1 -1.91754 1
33 70 1 2.63715 1
33 71 1 0.231087 1
33 72 1 0.298483 1
33 73 1 0.767396 1
33 74 1 1.74704 1
33 75 1 -1.58243 1
33 76 1 -1.33101 1
33 77 1 1.98058 1
33 78 1 -2.02209 1
33 79 1 -0.445166 1
33 80 1 0.722408 1
33 81 1 -0.949912 1
33 82 1 -0.202927 1
33 83 1 0.817027 1
33 84 1 0.531954 1
33 85 1 2.35329 1
33 86 1 -0.506941 1
33 87 1 0.606134 1
33 88 1 2.57668 1
33 89 1 1.89454 1
33 90 1 -1.18229 1
33 91 1 1.08902 1
33 92 1 1.10031 1
33 93 1 0.453006 1
33 94 1 0.790346 1
33 95 1 0.377755 1
34 64 1 -0.272577 1
34 65 1 1.34217 1
34 66 1 -0.884779 1
34 67 1 1.28029 1
34 68 1 1.68521 1
34 69 1 0.438258 1
34 70 1 -1.08518 1
34 71 1 0.0409313 1
34 72 1 -0.347964 1
34 73 1 0.501763 1
34 74 1 0.334465 1
34 75 1 1.61453 1
34 76 1 -1.86919 1
34 77 1 0.0792216 1
34 78 1 0.0171109 1
34 79 1 -0.0515447 1
34 80 1 0.942923 1
34 81 1 0.163738 1
34 82 1 -0.633635 1
34 83 1 0.432068 1
34 84 1 0.341347 1
34 85 1 0.158235 1
34 86 1 0.461767 1
34 87 1 -0.684382 1
34 88 1 1.83018 1
34 89 1 -0.537139 1
34 90 1 -0.201328 1
34 91 1 0.759602 1
34 92 1 -1.2308 1
34 93 1 -1.901 1
34 94 1 0.283152 1
34 95 1 -0.336294 1
35 64 1 -2.33808 1
35 65 1 2.00347 1
35 66 1 1.24854 1
35 67 1 0.426061 1
35 68 1 0.114849 1
35 69 1 1.11415 1
35 70 1 0.89847 1
35 71 1 0.882686 1
35 72 1 0.0124631 1
35 73 1 0.708952 1
35 74 1 1.31706 1
35 75 1 -2.00847 1
35 76 1 0.667889 1
35 77 1 0.771086 1
35 78 1 -1.8153 1
35 79 1 -0.962432 1
35 80 1 -3.50385 1
35 81 1 0.507921 1
35 82 1 3.40857 1
35 83 1 -0.320262 1
35 84 1 -0.27073 1
35 85 1 -0.932117 1
35 86 1 -0.492483 1
35 87 1 -0.564237 1
35 88 1 -1.26366 1
35 89 1 0.932592 1
35 90 1 -1.96997 1
35 91 1 -1.85876 1
35 92 1 0.214954 1
35 93 1 0.195153 1
35 94 1 0.435965 1
35 95 1 0.507422 1
36 64 1 -0.554879 1
36 65 1 1.13423 1
36 66 1 -0.406155 1
36 67 1 -0.0274367 1
36 68 1 -0.947663 1
36 69 1 1.67222 1
36 70 1 0.49959 1
36 71 1 1.58925 1
36 72 1 -0.856526 1
36 73 1 1.18812 1
36 74 1 1.4352 1
36 75 1 0.328118 1
36 76 1 -0.871359 1
36 77 1 -1.03176 1
36 78 1 2.57505 1
36 79 1 2.49528 1
36 80 1 -1.89176 1
36 81 1 0.495523 1
36 82 1 0.0964798 1
36 83 1 -1.04081 1
36 84 1 -0.224219 1
36 85 1 0.969107 1
36 86 1 -0.064997 1
36 87 1 -1.24241 1
36 88 1 1.02781 1
36 89 1 -1.12361 1
36 90 1 -1.48662 1
36 91 1 -1.13242 1
36 92 1 1.8463 1
36 93 1 -0.495133 1
36 94 1 -1.30325 1
36 95 1 2.76026 1
37 64 1 -2.12292 1
37 65 1 -0.242178 1
37 66 1 -2.01401 1
37 67 1 -2.2125 1
37 68 1 -1.00116 1
37 69 1 1.51642 1
37 70 1 -0.562931 1
37 71 1 -0.429527 1
37 72 1 0.816958 1
37 73 1 0.175979 1
37 74 1 -1.13616 1
37 75 1 -0.242521 1
37 76 1 0.908723 1
37 77 1 1.59619 1
37 78 1 0.114723 1
37 79 1 -0.275488 1
37 80 1 1.38802 1
37 81 1 0.165055 1
37 82 1 3.58936 1
37 83 1 0.316771 1
37 84 1 -0.477354 1
37 85 1 1.1876 1
37 86 1 -1.22075 1
37 87 1 0.198298 1
37 88 1 -1.27907 1
37 89 1 0.630054 1
37 90 1 0.253684 1
37 91 1 -1.50051 1
37 92 1 0.958076 1
37 93 1 -1.58091 1
37 94 1 -0.853525 1
37 95 1 -0.170238 1
38 64 1 -0.726498 1
38 65 1 -1.09446 1
38 66 1 -1.72406 1
38 67 1 -0.387652 1
38 68 1 0.582454 1
38 69 1 -0.190637 1
38 70 1 1.93267 1
38 71 1 0.535346 1
38 72 1 0.242204 1
38 73 1 0.183077 1
38 74 1 0.376103 1
38 75 1 0.550913 1
38 76 1 1.94419 1
38 77 1 -0.704289 1
38 78 1 1.67312 1
38 79 1 -1.51839 1
38 80 1 -2.2499 1
38 81 1 -0.343683 1
38 82 1 -1.85335 1
38 83 1 -0.729933 1
38 84 1 -0.435363 1
38 85 1 -0.0079871 1
38 86 1 -0.25401 1
38 87 1 0.61169 1
38 88 1 0.772704 1
38 89 1 1.37728 1
38 90 1 -1.38294 1
38 91 1 -0.0239657 1
38 92 1 -0.407442 1
38 93 1 -0.28606 1
38 94 1 -0.469463 1
38 95 1 -0.698834 1
39 64 1 -0.935641 1
39 65 1 0.123306 1
39 66 1 -0.822214 1
39 67 1 -0.554708 1
39 68 1 -0.599599 1
39 69 1 1.42989 1
39 70 1 -2.04618 1
39 71 1 0.574498 1
39 72 1 0.234801 1
39 73 1 1.07511 1
39 74 1 1.22741 1
39 75 1 0.549402 1
39 76 1 -0.348829 1
39 77 1 -3.41336 1
39 78 1 -0.0446509 1
39 79 1 0.484955 1
39 80 1 -0.206598 1
39 81 1 -1.53615 1
39 82 1 -0.604414 1
39 83 1 0.465207 1
39 84 1 2.23048 1
39 85 1 -0.107649 1
39 86 1 -0.32696 1
39 87 1 -0.262889 1
39 88 1 -0.276207 1
39 89 1 1.36908 1
39 90 1 1.19315 1
39 91 1 -1.02702 1
39 92 1 1.94532 1
39 93 1 0.041436 1
39 94 1 0.380952 1
39 95 1 -0.201351 1
39 2 1 -2.25702 1
40 64 1 -2.83009 1
40 65 1 -0.167999 1
40 66 1 -0.161746 1
40 67 1 1.82876 1
40 68 1 1.56647 1
40 69 1 -2.06725 1
40 70 1 -1.14023 1
40 71 1 1.33223 1
40 72 1 1.29698 1
40 73 1 -0.939028 1
40 74 1 -0.621146 1
40 75 1 0.108693 1
40 76 1 -0.414589 1
40 77 1 -1.33754 1
40 78 1 1.39162 1
40 79 1 -0.694107 1
40 80 1 1.17111 1
40 81 1 0.0645125 1
40 82 1 0.292889 1
40 83 1 -0.295552 1
40 84 1 -0.499771 1
40 85 1 2.56074 1
40 86 1 1.50036 1
40 87 1 -0.312238 1
40 88 1 -0.185073 1
40 89 1 -0.130595 1
40 90 1 1.06883 1
40 91 1 -0.0244991 1
40 92 1 0.308656 1
40 93 1 1.41701 1
40 94 1 -1.2132 1
40 95 1 0.815945 1
41 64 1 2.02082 1
41 65 1 0.0485496 1
41 66 1 2.62397 1
41 67 1 -1.91777 1
41 68 1 -0.460542 1
41 69 1 0.713382 1
41 70 1 0.227574 1
41 71 1 1.9687 1
41 72 1 2.879 1
41 73 1 -0.692325 1
41 74 1 -1.0421 1
41 75 1 1.63388 1
41 76 1 0.344093 1
41 77 1 -1.43672 1
41 78 1 -1.75425 1
41 79 1 -1.50877 1
41 80 1 1.93533 1
41 81 1 0.521967 1
41 82 1 0.473064 1
41 83 1 0.198765 1
41 84 1 1.0329 1
41 85 1 -0.570267 1
41 86 1 0.666611 1
41 87 1 -0.210531 1
41 88 1 2.44664 1
41 89 1 -0.368509 1
41 90 1 -0.736334 1
41 91 1 0.332851 1
41 92 1 -0.806088 1
41 93 1 1.82793 1
41 94 1 0.806537 1
41 95 1 -1.73032 1
42 64 1 0.819164 1
42 65 1 -1.0222 1
42 66 1 0.527565 1
42 67 1 1.57999 1
42 68 1 1.36754 1
42 69 1 -1.25337 1
42 70 1 0.632073 1
42 71 1 0.0536761 1
42 72 1 -1.92957 1
42 73 1 -0.878256 1
42 74 1 1.75483 1
42 75 1 2.17939 1
42 76 1 -1.06368 1
42 77 1 0.680177 1
42 78 1 -1.73536 1
42 79 1 -1.11736 1
42 80 1 0.635075 1
42 81 1 0.400001 1
42 82 1 0.871263 1
42 83 1 1.1868 1
42 84 1 0.702365 1
42 85 1 0.880751 1
42 86 1 0.354021 1
42 87 1 0.050443 1
42 88 1 1.61078 1
42 89 1 0.557967 1
42 90 1 0.708072 1
42 91 1 1.91831 1
42 92 1 -0.479082 1
42 93 1 0.597842 1
42 94 1 -1.06524 1
42 95 1 -1.22014 1
43 64 1 0.012608 1
43 65 1 -1.42315 1
43 66 1 0.803629 1
43 67 1 0.561293 1
43 68 1 -0.172083 1
43 69 1 -2.85634 1
43 70 1 1.16051 1
43 71 1 -1.13191 1
43 72 1 -0.500895 1
43 73 1 -1.34365 1
43 74 1 0.436113 1
43 75 1 -1.18633 1
43 76 1 1.15002 1
43 77 1 0.515377 1
43 78 1 -0.0422746 1
43 79 1 0.0356556 1
43 80 1 -1.07417 1
43 81 1 0.408038 1
43 82 1 1.43097 1
43 83 1 -0.143083 1
43 84 1 0.792823 1
43 85 1 1.83968 1
43 86 1 -1.35542 1
43 87 1 2.95693 1
43 88 1 0.281671 1
43 89 1 1.7154 1
43 90 1 -0.999662 1
43 91 1 -0.176431 1
43 92 1 0.0858658 1
43 93 1 0.594347 1
43 94 1 -0.781482 1
43 95 1 0.200987 1
44 64 1 0.451863 1
44 65 1 -2.75765 1
44 66 1 0.603209 1
44 67 1 -0.444198 1
44 68 1 0.250377 1
44 69 1 1.00407 1
44 70 1 0.0771707 1
44 71 1 0.0343074 1
44 72 1 -2.25128 1
44 73 1 0.911981 1
44 74 1 -1.40772 1
44 75 1 -0.18526 1
44 76 1 0.382415 1
44 77 1 0.385491 1
44 78 1 -0.484569 1
44 79 1 0.541133 1
44 80 1 1.28213 1
44 81 1 0.647506 1
44 82 1 1.35922 1
44 83 1 -1.402 1
44 84 1 -0.00714248 1
44 85 1 0.96303 1
44 86 1 0.312446 1
44 87 1 -0.984826 1
44 88 1 -0.559516 1
44 89 1 -0.614848 1
44 90 1 0.69421 1
44 91 1 0.68878 1
44 92 1 0.0536256 1
44 93 1 1.76409 1
44 94 1 -0.198516 1
44 95 1 -0.296851 1
45 64 1 1.01518 1
45 65 1 -0.490956 1
45 66 1 0.157556 1
45 67 1 -1.50685 1
45 68 1 -1.18406 1
45 69 1 -3.82482 1
45 70 1 0.241058 1
45 71 1 -0.214224 1
45 72 1 -0.358407 1
45 73 1 0.966785 1
45 74 1 2.35004 1
45 75 1 0.915741 1
45 76 1 -0.253161 1
45 77 1 -0.489914 1
45 78 1 -1.75802 1
45 79 1 0.365763 1
45 80 1 -0.425164 1
45 81 1 -0.593626 1
45 82 1 0.776916 1
45 83 1 -0.811145 1
45 84 1 1.55672 1
45 85 1 -0.262742 1
45 86 1 0.595842 1
45 87 1 0.0258994 1
45 88 1 -2.03738 1
45 89 1 -0.717212 1
45 90 1 -1.3686 1
45 91 1 0.885356 1
45 92 1 -1.24093 1
45 93 1 -2.28764 1
45 94 1 0.957556 1
45 95 1 -0.572557 1
45 9 1 -0.0368909 1
46 64 1 0.0986452 1
46 65 1 1.60123 1
46 66 1 0.594956 1
46 67 1 -0.126046 1
46 68 1 -1.21406 1
46 69 1 -1.24677 1
46 70 1 0.618624 1
46 71 1 -0.632884 1
46 72 1 -0.316981 1
46 73 1 -0.213262 1
46 74 1 -1.87612 1
46 75 1 -0.490699 1
46 76 1 -0.488221 1
46 77 1 0.872903 1
46 78 1 -0.472405 1
46 79 1 0.401376 1
46 80 1 1.05271 1
46 81 1 -0.656778 1
46 82 1 -0.892974 1
46 83 1 1.6367 1
46 84 1 -0.878663 1
46 85 1 -0.0120836 1
46 86 1 -1.10855 1
46 87 1 -1.69098 1
46 88 1 -0.501886 1
46 89 1 -1.25 1
46 90 1 -0.434012 1
46 91 1 -1.76079 1
46 92 1 -1.72959 1
46 93 1 0.301781 1
46 94 1 -0.0993446 1
46 95 1 -0.450672 1
47 64 1 0.582393 1
47 65 1 0.0312084 1
47 66 1 -1.88362 1
47 67 1 1.90197 1
47 68 1 -0.288795 1
47 69 1 2.49139 1
47 70 1 0.000439158 1
47 71 1 1.12639 1
47 72 1 0.0575035 1
47 73 1 1.0339 1
47 74 1 -0.176817 1
47 75 1 0.20619 1
47 76 1 -0.74233 1
47 77 1 -2.97549 1
47 78 1 0.136126 1
47 79 1 -0.939446 1
47 80 1 0.189456 1
47 81 1 -1.71582 1
47 82 1 1.10575 1
47 83 1 -0.989753 1
47 84 1 -0.695434 1
47 85 1 2.50129 1
47 86 1 -0.550713 1
47 87 1 0.422067 1
47 88 1 -2.09996 1
47 89 1 -0.322357 1
47 90 1 1.09581 1
47 91 1 -0.0223174 1
47 92 1 1.91537 1
47 93 1 -2.91902 1
47 94 1 0.186582 1
47 95 1 -1.19112 1
47 4 1 -1.00023 1
48 64 1 -0.858183 1
48 65 1 -0.930768 1
48 66 1 -1.12344 1
48 67 1 -2.27315 1
48 68 1 -1.59219 1
48 69 1 -0.956961 1
48 70 1 0.515336 1
48 71 1 2.85732 1
48 72 1 -0.492759 1
48 73 1 1.3182 1
48 74 1 2.89927 1
48 75 1 -1.0287 1
48 76 1 -0.930207 1
48 77 1 -1.30606 1
48 78 1 0.888003 1
48 79 1 0.705412 1
48 80 1 1.59193 1
48 81 1 -0.141118 1
48 82 1 -0.604899 1
48 83 1 0.0891453 1
48 84 1 0.558044 1
48 85 1 1.04596 1
48 86 1 0.974633 1
48 87 1 -0.458205 1
48 88 1 -1.9524 1
48 89 1 0.830125 1
48 90 1 0.247885 1
48 91 1 0.934248 1
48 92 1 -1.92239 1
48 93 1 -0.502133 1
48 94 1 -1.26912 1
48 95 1 -0.104286 1
48 16 1 1.18673 1
48 12 1 0.21291 1
49 64 1 0.327181 1
49 65 1 -0.14998 1
49 66 1 -1.41466 1
49 67 1 1.97109 1
49 68 1 0.509075 1
49 69 1 2.13031 1
49 70 1 0.505036 1
49 71 1 -1.53353 1
49 72 1 -1.40681 1
49 73 1 0.522782 1
49 74 1 0.607302 1
49 75 1 -0.0837223 1
49 76 1 -3.14204 1
49 77 1 -0.980923 1
49 78 1 0.313662 1
49 79 1 1.36633 1
49 80 1 2.1205 1
49 81 1 -1.61291 1
49 82 1 1.12646 1
49 83 1 1.76957 1
49 84 1 0.594375 1
49 85 1 -1.46752 1
49 86 1 -0.164963 1
49 87 1 -0.757202 1
49 88 1 -2.60868 1
49 89 1 -0.130034 1
49 90 1 1.32415 1
49 91 1 0.75248 1
49 92 1 -1.06711 1
49 93 1 1.07844 1
49 94 1 0.476872 1
49 95 1 1.35611 1
49 19 1 -0.521095 1
50 64 1 -2.32513 1
50 65 1 -1.85304 1
50 66 1 1.62627 1
50 67 1 0.32512 1
50 68 1 -1.0169 1
50 69 1 -0.375128 1
50 70 1 2.26054 1
50 71 1 1.76713 1
50 72 1 -1.18982 1
50 73 1 1.79128 1
50 74 1 1.15342 1
50 75 1 1.63494 1
50 76 1 -1.41772 1
50 77 1 1.18964 1
50 78 1 -0.206323 1
50 79 1 -2.30905 1
50 80 1 0.283474 1
50 81 1 -0.954782 1
50 82 1 0.207864 1
50 83 1 2.96732 1
50 84 1 -0.515686 1
50 85 1 1.38159 1
50 86 1 0.28363 1
50 87 1 -1.85059 1
50 88 1 -0.846994 1
50 89 1 0.314465 1
50 90 1 0.729129 1
50 91 1 0.0469947 1
50 92 1 -0.174669 1
50 93 1 2.57854 1
50 94 1 -1.08165 1
50 95 1 1.16975 1
51 64 1 -0.849037 1
51 65 1 0.296927 1
51 66 1 0.298799 1
51 67 1 -1.72629 1
51 68 1 -0.4603 1
51 69 1 -1.22632 1
51 70 1 -0.329825 1
51 71 1 1.79294 1
51 72 1 -0.9764 1
51 73 1 -0.458033 1
51 74 1 -0.767643 1
51 75 1 3.48858 1
51 76 1 0.058442 1
51 77 1 -0.727506 1
51 78 1 -1.65661 1
51 79 1 1.22924 1
51 80 1 0.220942 1
51 81 1 -0.85418 1
51 82 1 -1.18259 1
51 83 1 0.725225 1
51 84 1 -0.595891 1
51 85 1 0.455135 1
51 86 1 -1.04706 1
51 87 1 0.130733 1
51 88 1 -0.933282 1
51 89 1 -1.50603 1
51 90 1 -0.392751 1
51 91 1 0.502005 1
51 92 1 -0.699679 1
51 93 1 0.855159 1
51 94 1 -2.32804 1
51 95 1 0.495663 1
52 64 1 -0.441231 1
52 65 1 0.628693 1
52 66 1 1.83298 1
52 67 1 0.0014613 1
52 68 1 -1.87661 1
52 69 1 1.82394 1
52 70 1 0.717866 1
52 71 1 -1.29006 1
52 72 1 -1.6502 1
52 73 1 1.25395 1
52 74 1 1.79044 1
52 75 1 0.0585421 1
52 76 1 -2.08577 1
52 77 1 -1.3157 1
52 78 1 -0.741007 1
52 79 1 -0.653091 1
52 80 1 -0.625607 1
52 81 1 -0.70174 1
52 82 1 -1.14881 1
52 83 1 -0.088599 1
52 84 1 -1.24041 1
52 85 1 -1.40709 1
52 86 1 -0.313574 1
52 87 1 1.47812 1
52 88 1 -0.852816 1
52 89 1 2.07664 1
52 90 1 -2.1034 1
52 91 1 0.106315 1
52 92 1 -1.57061 1
52 93 1 -1.10272 1
52 94 1 0.438821 1
52 95 1 -0.932571 1
53 64 1 -1.57938 1
53 65 1 0.987593 1
53 66 1 1.01933 1
53 67 1 -2.06334 1
53 68 1 -0.620182 1
53 69 1 2.9954 1
53 70 1 0.343433 1
53 71 1 0.035231 1
53 72 1 1.38594 1
53 73 1 0.70587 1
53 74 1 0.667738 1
53 75 1 -0.623117 1
53 76 1 0.44036 1
53 77 1 0.815471 1
53 78 1 1.30436 1
53 79 1 0.165932 1
53 80 1 -1.64072 1
53 81 1 -1.6188 1
53 82 1 -0.484966 1
53 83 1 0.683922 1
53 84 1 1.37486 1
53 85 1 0.0374641 1
53 86 1 -0.384354 1
53 87 1 -0.516241 1
53 88 1 -2.02597 1
53 89 1 -0.6273 1
53 90 1 -2.19374 1
53 91 1 -0.440969 1
53 92 1 -0.552738 1
53 93 1 1.8851 1
53 94 1 -0.924903 1
53 95 1 -1.23347 1
53 20 1 -0.0601552 1
54 64 1 0.32735 1
54 65 1 1.05829 1
54 66 1 0.236311 1
54 67 1 0.707587 1
54 68 1 -1.13989 1
54 69 1 -0.674997 1
54 70 1 -0.0623997 1
54 71 1 0.539492 1
54 72 1 0.63173 1
54 73 1 0.0742212 1
54 74 1 1.02451 1
54 75 1 -0.79547 1
54 76 1 -0.320464 1
54 77 1 0.884507 1
54 78 1 0.35029 1
54 79 1 -0.90658 1
54 80 1 0.428984 1
54 81 1 -1.18473 1
54 82 1 -0.738484 1
54 83 1 1.3682 1
54 84 1 -0.0737853 1
54 85 1 0.51453 1
54 86 1 -2.02392 1
54 87 1 0.11417 1
54 88 1 2.80747 1
54 89 1 -0.0718177 1
54 90 1 -1.12405 1
54 91 1 0.415631 1
54 92 1 0.625964 1
54 93 1 0.232886 1
54 94 1 0.222225 1
54 95 1 0.535363 1
54 30 1 0.645955 1
55 64 1 0.301697 1
55 65 1 -1.46687 1
55 66 1 0.534766 1
55 67 1 -0.0956352 1
55 68 1 -1.2546 1
55 69 1 1.80963 1
55 70 1 2.08191 1
55 71 1 -3.63388 1
55 72 1 0.592676 1
55 73 1 0.0999412 1
55 74 1 1.83048 1
55 75 1 -2.2482 1
55 76 1 -2.86904 1
55 77 1 1.81675 1
55 78 1 -2.07327 1
55 79 1 -0.0760636 1
55 80 1 -0.185075 1
55 81 1 0.232807 1
55 82 1 0.449138 1
55 83 1 -0.782597 1
55 84 1 -0.815941 1
55 85 1 -0.225669 1
55 86 1 1.2482 1
55 87 1 2.4513 1
55 88 1 -0.696856 1
55 89 1 -2.06548 1
55 90 1 0.982486 1
55 91 1 0.407204 1
55 92 1 1.19606 1
55 93 1 -2.45176 1
55 94 1 -0.582368 1
55 95 1 -1.48887 1
55 28 1 0.53385 1
56 64 1 1.0596 1
56 65 1 0.931634 1
56 66 1 0.257567 1
56 67 1 -0.0532762 1
56 68 1 0.784136 1
56 69 1 1.26129 1
56 70 1 0.302523 1
56 71 1 1.71363 1
56 72 1 0.857539 1
56 73 1 -0.941315 1
56 74 1 -0.741166 1
56 75 1 1.90326 1
56 76 1 -0.703039 1
56 77 1 0.133264 1
56 78 1 -0.606167 1
56 79 1 0.0889673 1
56 80 1 -1.74272 1
56 81 1 1.58561 1
56 82 1 0.526047 1
56 83 1 -0.911126 1
56 84 1 -0.0184461 1
56 85 1 -1.5278 1
56 86 1 -0.465058 1
56 87 1 -2.35684 1
56 88 1 1.46655 1
56 89 1 -2.83198 1
56 90 1 0.100215 1
56 91 1 -1.45712 1
56 92 1 0.75935 1
56 93 1 0.601249 1
56 94 1 -1.91243 1
56 95 1 0.100122 1
56 3 1 0.358476 1
57 64 1 -0.416846 1
57 65 1 2.00384 1
57 66 1 -0.785551 1
57 67 1 1.51851 1
57 68 1 2.97555 1
57 69 1 0.184738 0
57 70 1 0.0655448 1
57 71 1 -0.410367 1
57 72 1 -0.348016 1
57 73 1 -1.49631 1
57 74 1 0.696317 1
57 75 1 2.31235 1
57 76 1 1.96803 1
57 77 1 -2.555 1
57 78 1 -0.915554 1
57 79 1 -1.35048 1
57 80 1 2.1394 1
57 81 1 0.646638 1
57 82 1 -0.42614 1
57 83 1 -1.04914 1
57 84 1 0.259266 1
57 85 1 -3.23947 1
57 86 1 -1.01242 1
57 87 1 -0.306889 1
57 88 1 -1.2916 1
57 89 1 1.76316 1
57 90 1 1.08281 1
57 91 1 0.275943 1
57 92 1 -1.2707 1
57 93 1 1.74835 1
57 94 1 2.08026 1
57 95 1 -0.252751 1
57 104 1 0.459323 1
104 69 1 -0.877653 1
58 64 1 0.750461 1
58 65 1 0.268798 1
58 66 1 -0.472221 1
58 67 1 -0.326793 1
58 68 1 1.29645 1
58 69 1 -0.177857 1
58 70 1 -0.216139 1
58 71 1 0.358094 1
58 72 1 0.208959 1
58 73 1 -1.30566 1
58 74 1 2.05227 1
58 75 1 2.00401 1
58 76 1 -0.00315874 1
58 77 1 -2.9441 1
58 78 1 -0.0236515 1
58 79 1 -0.661763 1
58 80 1 -0.117301 1
58 81 1 0.666071 1
58 82 1 1.61591 1
58 83 1 -0.432068 1
58 84 1 0.653711 1
58 85 1 0.538209 1
58 86 1 -0.583333 1
58 87 1 -1.95954 1
58 88 1 -1.01963 1
58 89 1 -0.281883 1
58 90 1 -1.72787 1
58 91 1 0.179987 1
58 92 1 1.07581 1
58 93 1 -0.323507 1
58 94 1 -2.11116 1
58 95 1 1.37008 1
59 64 1 -0.694146 1
59 65 1 -0.618824 1
59 66 1 0.477156 1
59 67 1 -0.503146 1
59 68 1 -0.56036 1
59 69 1 -0.0969845 1
59 70 1 -2.18571 1
59 71 1 -0.246011 1
59 72 1 -1.10848 1
59 73 1 -1.46758 1
59 74 1 0.61209 1
59 75 1 0.196133 1
59 76 1 2.32976 1
59 77 1 -0.825265 0
59 78 1 -0.982161 1
59 79 1 -0.0468899 1
59 80 1 -0.236399 1
59 81 1 -1.28547 1
59 82 1 -0.777041 1
59 83 1 1.71936 1
59 84 1 -0.341314 1
59 85 1 -0.316883 1
59 86 1 -0.357016 1
59 87 1 1.40365 1
59 88 1 0.660908 1
59 89 1 -0.563334 1
59 90 1 1.31687 1
59 91 1 0.214159 1
59 92 1 1.18415 1
59 93 1 0.79039 1
59 94 1 0.799742 1
59 95 1 1.36464 1
59 97 1 1.58581 1
59 5 1 0.157493 1
97 77 1 -0.573954 1
97 22 1 -1.60264 1
97 2 1 0.0187708 0
97 99 1 0.472169 1
97 7 1 0.557895 0
97 102 1 1.33029 1
102 7 1 0.486761 1
99 2 1 0.806422 1
60 64 1 0.884348 1
60 65 1 -0.0459862 1
60 66 1 -0.575745 1
60 67 1 -0.980296 1
60 68 1 1.82759 1
60 69 1 1.45037 1
60 70 1 -0.963789 1
60 71 1 -1.51682 1
60 72 1 -1.52031 1
60 73 1 -1.69067 1
60 74 1 -0.263022 1
60 75 1 0.320848 1
60 76 1 0.0915737 1
60 77 1 2.51983 1
60 78 1 -0.278143 1
60 79 1 -1.82598 1
60 80 1 -2.0111 1
60 81 1 1.05176 1
60 82 1 -1.04209 1
60 83 1 2.40097 1
60 84 1 -1.29161 1
60 85 1 0.314865 1
60 86 1 2.06218 1
60 87 1 -0.379638 1
60 88 1 -1.64023 1
60 89 1 -1.2066 1
60 90 1 -1.58571 1
60 91 1 1.05023 1
60 92 1 -0.58211 1
60 93 1 0.82695 1
60 94 1 -0.47252 1
60 95 1 -1.85188 1
60 24 1 0.353034 1
61 64 1 -0.432788 1
61 65 1 0.0473701 1
61 66 1 0.824315 1
61 67 1 -1.52961 1
61 68 1 -1.63406 1
61 69 1 1.06113 1
61 70 1 -0.297401 1
61 71 1 0.418892 1
61 72 1 0.310209 1
61 73 1 -1.24235 1
61 74 1 0.913237 1
61 75 1 0.0918362 1
61 76 1 1.49935 1
61 77 1 -2.19017 1
61 78 1 1.6829 1
61 79 1 -0.141819 1
61 80 1 -0.548105 1
61 81 1 0.743906 1
61 82 1 0.211195 1
61 83 1 1.11333 1
61 84 1 1.58777 1
61 85 1 0.732596 1
61 86 1 -0.17599 1
61 87 1 1.33303 1
61 88 1 1.08147 1
61 89 1 1.30017 1
61 90 1 -0.584796 1
61 91 1 0.608327 1
61 92 1 -1.00258 1
61 93 1 0.835495 1
61 94 1 1.00681 1
61 95 1 1.74203 1
62 64 1 1.17887 1
62 65 1 -0.740207 1
62 66 1 0.29939 1
62 67 1 -0.179026 1
62 68 1 -1.23533 1
62 69 1 1.03724 1
62 70 1 -0.245939 1
62 71 1 -0.320569 1
62 72 1 -0.287882 1
62 73 1 1.07996 1
62 74 1 1.55853 1
62 75 1 -0.50534 1
62 76 1 -0.992921 1
62 77 1 -1.23843 1
62 78 1 0.584081 1
62 79 1 0.347312 1
62 80 1 0.0789627 1
62 81 1 -0.509703 1
62 82 1 -0.212488 1
62 83 1 0.793208 1
62 84 1 -1.22088 1
62 85 1 0.317016 1
62 86 1 1.04322 1
62 87 1 -0.831072 1
62 88 1 1.15653 1
62 89 1 -0.525474 1
62 90 1 -2.49694 1
62 91 1 0.493184 1
62 92 1 -1.9788 1
62 93 1 1.40429 1
62 94 1 -0.16475 1
62 95 1 0.395591 1
62 5 1 -0.471392 1
63 64 1 1.43779 1
63 65 1 0.487256 1
63 66 1 1.46345 1
63 67 1 2.17989 1
63 68 1 0.157116 1
63 69 1 -3.4677 1
63 70 1 -0.418403 1
63 71 1 1.48267 1
63 72 1 -0.648568 1
63 73 1 0.167666 1
63 74 1 -0.576737 1
63 75 1 0.0407593 1
63 76 1 -1.91361 1
63 77 1 1.79397 1
63 78 1 -0.559299 1
63 79 1 -1.17371 1
63 80 1 1.06056 1
63 81 1 0.87917 1
63 82 1 1.8176 1
63 83 1 -1.73362 1
63 84 1 -2.05434 1
63 85 1 -2.02405 1
63 86 1 1.78833 1
63 87 1 -0.485709 1
63 88 1 -0.575659 1
63 89 1 -0.121549 1
63 90 1 0.381644 1
63 91 1 0.453281 1
63 92 1 -0.848881 1
63 93 1 0.274335 1
63 94 1 -0.728724 1
63 95 1 1.77153 1
