146 64 32
1.60392 0.382023 -6.08927 5.77402 -3.44711 1.79536 1.40981 -0.401583 0.6743 0.334178 1.38506 1.47477 -2.85782 -4.26206 -1.96581 -2.55694 0.317515 0.646099 0.355655 0.0557817 -1.89663 -1.16801 -1.18499 1.84474 -2.66414 -0.477907 2.75754 2.73948 -0.69596 -1.54178 -4.6497 3.24636 -0.89099 1.88415 -0.31353 1.04444 -2.20554 -0.584422 1.28129 -0.510731 -1.08694 -0.585237 -0.391565 -2.21644 -3.40269 -0.405983 -2.05121 2.13866 -0.912661 2.51424 1.65467 -3.51829 -2.46154 0.853422 -1.06491 3.04419 -3.29107 -0.21757 0.391089 -2.10505 0.900958 -1.13161 0.022674 -3.15135 -3.76089 0.344064 2.5617 1.83142 -2.17437 1.30415 -1.98869 -0.801665 -2.54529 -1.72278 3.15758 2.07555 -2.08271 -1.30138 0.825012 -3.34652 0.0870714 0.470817 -2.29599 1.68859 1.93127 0.661997 -2.61936 0.14784 4.72443 -0.678824 -2.33595 1.61306 -1.47854 0.951639 0.1251 -2.00427 0.377975 -0.538825 -0.869628 0.751036 3.28766 -2.9833 -4.23906 -2.48475 -1.76833 1.23235 -0.792079 -2.90298 0.656926 -0.490765 -1.53635 2.09455 2.43835 -2.79337 -0.521562 0.245509 -2.55545 -0.387705 -0.466768 0.252871 1.17086 -0.0847807 -0.135873 2.25017 0.0217433 1.18575 0.395379 -0.636613 1.77712 0.93291 -0.921779 -1.491 -1.06639 -0.700386 0.996779 -0.741312 -1.20567 -0.234079 -0.606956 -0.50927 0.621822 0.0226345 0.270701 0.329582 0.046562 0.0940696 
0 64 1 -3.96375 1
0 65 1 1.49846 1
0 66 1 1.03727 1
0 67 1 -1.2574 1
0 68 1 -0.338811 1
0 69 1 2.64006 1
0 70 1 -0.111903 1
0 71 1 -1.28913 1
0 72 1 1.09782 1
0 73 1 -0.618457 1
0 74 1 -3.81933 1
0 75 1 1.11024 1
0 76 1 1.97005 1
0 77 1 2.1564 1
0 78 1 -2.99962 1
0 79 1 3.94007 1
0 80 1 1.85837 1
0 81 1 2.52677 1
0 82 1 2.60576 1
0 83 1 1.10655 1
0 84 1 -3.95599 1
0 85 1 2.76351 1
0 86 1 -2.78941 1
0 87 1 -1.98728 1
0 88 1 0.0213033 1
0 89 1 1.19009 1
0 90 1 4.21142 1
0 91 1 5.15728 1
0 92 1 -3.07642 1
0 93 1 -1.09003 1
0 94 1 -0.278871 1
0 95 1 0.684584 1
0 10 1 -1.32844 1
1 64 1 -1.40484 1
1 65 1 -1.82982 1
1 66 1 1.86674 1
1 67 1 -2.372 1
1 68 1 4.66389 1
1 69 1 -0.351898 1
1 70 1 2.02509 1
1 71 1 -1.36005 1
1 72 1 0.286073 1
1 73 1 -0.660412 1
1 74 1 -3.97786 1
1 75 1 3.17728 1
1 76 1 -0.410385 1
1 77 1 3.92389 1
1 78 1 -1.58626 1
1 79 1 0.0276351 1
1 80 1 -3.19256 1
1 81 1 1.7343 1
1 82 1 -1.29014 1
1 83 1 -5.44865 1
1 84 1 -1.10131 1
1 85 1 -0.541753 1
1 86 1 2.04948 1
1 87 1 -0.537388 1
1 88 1 -0.551983 1
1 89 1 2.52638 1
1 90 1 -0.0870483 1
1 91 1 -2.22604 1
1 92 1 -0.30165 1
1 93 1 0.990931 1
1 94 1 -1.80682 1
1 95 1 -4.06375 1
1 27 1 -0.575169 1
2 64 1 0.0896461 1
2 65 1 2.89123 1
2 66 1 -2.22177 1
2 67 1 -1.47412 1
2 68 1 -0.712221 1
2 69 1 2.74377 1
2 70 1 -1.09569 1
2 71 1 2.54479 1
2 72 1 -1.49261 1
2 73 1 -2.72254 1
2 74 1 -4.29782 1
2 75 1 -0.953276 1
2 76 1 -4.13386 1
2 77 1 0.568225 1
2 78 1 -2.37486 1
2 79 1 -3.02844 1
2 80 1 -2.56353 1
2 81 1 -4.88675 1
2 82 1 0.657057 1
2 83 1 -1.52217 1
2 84 1 0.327019 1
2 85 1 2.61686 1
2 86 1 -0.327051 1
2 87 1 -0.870584 1
2 88 1 0.137701 1
2 89 1 -3.02486 1
2 90 1 -2.06348 1
2 91 1 -1.57356 1
2 92 1 1.92902 1
2 93 1 -3.33051 1
2 94 1 2.96899 1
2 95 1 -0.755508 1
2 100 1 -1.19034 1
2 6 1 4.53488 1
2 110 1 0.594662 1
3 64 1 -1.9681 1
3 65 1 -0.513549 1
3 66 1 -0.278564 1
3 67 1 2.12379 1
3 68 1 3.93882 1
3 69 1 -4.40205 1
3 70 1 0.387561 1
3 71 1 1.14179 1
3 72 1 5.69452 1
3 73 1 -1.0103 1
3 74 1 0.467864 1
3 75 1 3.37841 1
3 76 1 0.632712 1
3 77 1 -0.554754 1
3 78 1 -0.0706494 1
3 79 1 -0.756806 1
3 80 1 -1.89479 1
3 81 1 -0.523679 1
3 82 1 4.76683 1
3 83 1 0.567493 1
3 84 1 -0.435161 1
3 85 1 -1.56736 1
3 86 1 -1.39403 1
3 87 1 1.74265 1
3 88 1 -0.278585 1
3 89 1 1.6884 1
3 90 1 0.593024 1
3 91 1 1.51267 1
3 92 1 -1.12627 1
3 93 1 -2.53159 1
3 94 1 -3.33916 1
3 95 1 1.65954 0
3 110 1 0.851084 1
110 95 1 -0.88919 0
110 111 1 1.26278 0
110 132 1 2.221 1
132 111 1 0.962181 1
111 95 1 -3.12185 1
4 64 1 1.94519 1
4 65 1 -0.990132 1
4 66 1 -1.98003 1
4 67 1 1.4124 1
4 68 1 -0.723983 1
4 69 1 2.90597 1
4 70 1 -0.435461 1
4 71 1 -0.551481 1
4 72 1 1.48768 1
4 73 1 -1.02448 0
4 74 1 0.891005 1
4 75 1 -4.65951 0
4 76 1 1.5328 1
4 77 1 2.71907 1
4 78 1 1.81376 1
4 79 1 2.12337 1
4 80 1 -3.4597 1
4 81 1 0.0669878 1
4 82 1 0.682466 1
4 83 1 -2.62923 1
4 84 1 -0.372308 1
4 85 1 3.49604 1
4 86 1 1.15933 1
4 87 1 -1.15111 1
4 88 1 -1.64546 1
4 89 1 0.444574 1
4 90 1 2.48259 1
4 91 1 -5.82901 1
4 92 1 -0.380883 1
4 93 1 -0.121145 0
4 94 1 -2.28916 1
4 95 1 2.86191 1
4 101 1 2.45946 1
4 17 1 2.56515 1
4 118 1 1.25367 1
4 145 1 0.982114 1
145 93 1 0.0790981 1
118 73 1 -2.84371 1
101 75 1 0.740381 1
5 64 1 -1.05387 1
5 65 1 2.97665 1
5 66 1 -2.73076 1
5 67 1 3.51465 1
5 68 1 2.28374 1
5 69 1 1.60218 1
5 70 1 -3.15967 1
5 71 1 -0.358447 1
5 72 1 0.275288 1
5 73 1 -2.64408 1
5 74 1 -1.95362 1
5 75 1 3.27719 1
5 76 1 1.83946 1
5 77 1 1.64699 1
5 78 1 -0.126128 1
5 79 1 0.269958 1
5 80 1 3.66682 1
5 81 1 -1.96919 1
5 82 1 -1.37223 1
5 83 1 5.98775 1
5 84 1 0.718917 1
5 85 1 2.88679 1
5 86 1 -2.41323 1
5 87 1 -0.209199 1
5 88 1 -1.5227 1
5 89 1 -1.84656 1
5 90 1 -2.43541 1
5 91 1 1.2575 1
5 92 1 -1.83332 1
5 93 1 2.0829 1
5 94 1 -1.48642 1
5 95 1 -0.608392 1
6 64 1 0.0399746 1
6 65 1 0.250201 1
6 66 1 2.18419 1
6 67 1 1.95605 1
6 68 1 -4.02209 1
6 69 1 -0.734679 1
6 70 1 -1.60386 1
6 71 1 0.639391 1
6 72 1 1.28879 1
6 73 1 -3.20823 1
6 74 1 -3.72969 1
6 75 1 0.793521 1
6 76 1 3.68088 1
6 77 1 0.347827 1
6 78 1 -1.96565 1
6 79 1 -2.44827 1
6 80 1 2.0222 1
6 81 1 -0.0582011 1
6 82 1 1.44889 1
6 83 1 1.90494 1
6 84 1 1.39788 1
6 85 1 -4.11175 1
6 86 1 -1.17891 1
6 87 1 4.05472 1
6 88 1 -1.96368 1
6 89 1 -2.55038 1
6 90 1 2.74015 1
6 91 1 -0.964166 1
6 92 1 2.52054 1
6 93 1 -3.18674 1
6 94 1 -2.11802 1
6 95 1 0.389374 1
6 26 1 1.23011 1
7 64 1 2.37713 1
7 65 1 -0.0125582 1
7 66 1 -0.383316 1
7 67 1 -3.52864 1
7 68 1 -2.85101 1
7 69 1 -1.42025 1
7 70 1 3.92699 1
7 71 1 2.12726 1
7 72 1 3.25599 1
7 73 1 0.444023 1
7 74 1 -0.836136 1
7 75 1 -1.52916 1
7 76 1 3.38491 1
7 77 1 -1.45654 1
7 78 1 2.29734 1
7 79 1 2.21963 1
7 80 1 -0.893121 1
7 81 1 1.09968 1
7 82 1 -4.38618 0
7 83 1 2.35613 0
7 84 1 -2.76866 1
7 85 1 2.62662 1
7 86 1 -0.116763 1
7 87 1 3.19034 1
7 88 1 -2.95941 1
7 89 1 -2.83364 1
7 90 1 -1.70804 1
7 91 1 -3.0777 1
7 92 1 0.148913 1
7 93 1 -0.800793 1
7 94 1 0.1398 1
7 95 1 2.97136 1
7 100 1 -0.665702 1
7 127 1 0.709882 1
127 82 1 -4.14205 1
100 83 1 0.571265 1
100 24 1 -0.589882 0
100 106 1 4.60696 1
106 24 1 -4.7702 1
106 6 1 0.470033 1
8 64 1 3.09987 1
8 65 1 -2.64163 1
8 66 1 0.199987 1
8 67 1 2.31624 1
8 68 1 -0.489199 1
8 69 1 3.19167 1
8 70 1 0.733047 1
8 71 1 2.5732 1
8 72 1 2.85793 1
8 73 1 0.500114 1
8 74 1 0.00390068 1
8 75 1 -1.69105 1
8 76 1 -1.00104 1
8 77 1 1.5728 1
8 78 1 0.69628 1
8 79 1 -2.32982 1
8 80 1 0.865263 1
8 81 1 0.259059 1
8 82 1 -0.28147 1
8 83 1 -3.1493 1
8 84 1 4.68285 1
8 85 1 7.66705 1
8 86 1 4.58638 1
8 87 1 1.10695 1
8 88 1 -0.595794 1
8 89 1 2.99612 1
8 90 1 -0.956319 1
8 91 1 -0.574293 1
8 92 1 3.44687 1
8 93 1 5.15102 1
8 94 1 4.93633 1
8 95 1 0.633432 1
8 17 1 -0.982077 1
9 64 1 -1.48111 1
9 65 1 -2.57947 1
9 66 1 0.789553 1
9 67 1 0.806542 1
9 68 1 -1.85483 1
9 69 1 0.76944 1
9 70 1 -3.04041 1
9 71 1 0.776716 1
9 72 1 3.16852 1
9 73 1 -2.18965 1
9 74 1 -0.219825 1
9 75 1 -0.27168 1
9 76 1 2.22338 1
9 77 1 -1.64481 1
9 78 1 3.14553 1
9 79 1 1.25922 1
9 80 1 -1.3012 1
9 81 1 0.319877 1
9 82 1 -2.19255 1
9 83 1 -0.217171 1
9 84 1 2.92397 1
9 85 1 2.93246 1
9 86 1 -0.913146 1
9 87 1 0.943232 1
9 88 1 1.86548 1
9 89 1 6.77912 1
9 90 1 -0.689513 1
9 91 1 -0.892157 1
9 92 1 -2.0668 1
9 93 1 -1.71789 1
9 94 1 -2.9978 1
9 95 1 0.531202 1
9 103 1 0.150126 1
10 64 1 0.907544 1
10 65 1 0.315589 1
10 66 1 5.1991 1
10 67 1 -5.5754 1
10 68 1 3.5478 1
10 69 1 -0.450978 1
10 70 1 -0.451537 1
10 71 1 -0.851811 1
10 72 1 3.74221 1
10 73 1 2.70734 1
10 74 1 0.896426 0
10 75 1 -0.0162294 1
10 76 1 0.939035 1
10 77 1 -0.0534596 1
10 78 1 -1.22648 1
10 79 1 -3.3729 1
10 80 1 -1.66983 1
10 81 1 3.11957 1
10 82 1 2.87304 1
10 83 1 0.27501 1
10 84 1 3.38143 1
10 85 1 3.67122 1
10 86 1 -2.71453 1
10 87 1 1.33285 1
10 88 1 3.16494 1
10 89 1 -1.10478 1
10 90 1 0.376437 1
10 91 1 1.38399 1
10 92 1 0.653254 1
10 93 1 -1.85062 1
10 94 1 3.68952 1
10 95 1 3.65222 1
10 124 1 1.90341 1
124 74 1 0.54269 1
11 64 1 4.39657 1
11 65 1 0.742606 1
11 66 1 3.53777 1
11 67 1 0.303927 1
11 68 1 4.67965 1
11 69 1 0.123222 1
11 70 1 1.70318 1
11 71 1 1.38465 1
11 72 1 -2.61564 1
11 73 1 1.49847 1
11 74 1 0.0995037 0
11 75 1 -1.83918 1
11 76 1 -2.47859 1
11 77 1 -0.570093 1
11 78 1 -1.752 1
11 79 1 -0.354798 1
11 80 1 -1.48252 1
11 81 1 0.462267 1
11 82 1 3.80969 1
11 83 1 0.882881 1
11 84 1 2.3686 1
11 85 1 -1.76428 1
11 86 1 -4.14555 1
11 87 1 -1.29896 1
11 88 1 -2.07264 1
11 89 1 -1.09577 1
11 90 1 -1.56279 1
11 91 1 1.14489 1
11 92 1 -2.51282 1
11 93 1 3.5572 1
11 94 1 -0.923846 1
11 95 1 -3.17492 1
11 120 1 -1.82138 1
11 109 1 1.00328 1
120 74 1 -1.35454 1
12 64 1 -0.158587 1
12 65 1 1.15623 1
12 66 1 -2.84295 1
12 67 1 -2.13572 1
12 68 1 -0.217625 1
12 69 1 2.15265 1
12 70 1 -0.0176783 1
12 71 1 2.34435 1
12 72 1 0.516941 1
12 73 1 -2.86833 1
12 74 1 -4.03606 1
12 75 1 -1.59227 1
12 76 1 0.381473 1
12 77 1 -0.0301973 1
12 78 1 0.591563 1
12 79 1 -2.7909 1
12 80 1 -1.10123 1
12 81 1 -1.65476 1
12 82 1 2.99456 1
12 83 1 -1.37277 1
12 84 1 0.710827 1
12 85 1 -0.389281 1
12 86 1 -0.424068 1
12 87 1 1.91818 1
12 88 1 -1.96956 1
12 89 1 2.49708 1
12 90 1 -1.63737 1
12 91 1 -2.23601 1
12 92 1 0.345825 1
12 93 1 -2.80936 1
12 94 1 1.05935 1
12 95 1 -0.954982 1
12 17 1 1.29796 1
13 64 1 0.0448626 1
13 65 1 -4.43547 1
13 66 1 -0.156948 1
13 67 1 2.10411 1
13 68 1 2.02225 1
13 69 1 -2.26364 1
13 70 1 0.800462 1
13 71 1 1.62314 1
13 72 1 1.45387 1
13 73 1 -3.16829 1
13 74 1 -1.2322 1
13 75 1 -2.38637 1
13 76 1 -1.26085 1
13 77 1 -1.90123 1
13 78 1 -0.740954 1
13 79 1 1.67783 1
13 80 1 0.764853 1
13 81 1 0.389358 1
13 82 1 -0.258076 1
13 83 1 -0.127575 1
13 84 1 -2.11202 1
13 85 1 4.29468 1
13 86 1 5.03805 1
13 87 1 7.35556 1
13 88 1 1.75334 1
13 89 1 1.34911 1
13 90 1 -5.30615 1
13 91 1 -3.16056 1
13 92 1 -1.55232 1
13 93 1 -4.41256 1
13 94 1 -0.693575 1
13 95 1 -1.92711 1
14 64 1 -1.53676 1
14 65 1 4.40094 1
14 66 1 1.35922 1
14 67 1 -0.696839 1
14 68 1 -2.32601 1
14 69 1 3.72243 1
14 70 1 -2.78751 1
14 71 1 2.31838 1
14 72 1 1.54018 1
14 73 1 -0.970424 1
14 74 1 0.74727 1
14 75 1 3.04065 1
14 76 1 -0.649478 1
14 77 1 0.0694244 1
14 78 1 -2.31202 1
14 79 1 -2.13481 1
14 80 1 -1.82272 1
14 81 1 1.41536 0
14 82 1 4.39313 1
14 83 1 -0.303076 1
14 84 1 -0.255021 1
14 85 1 -0.71663 1
14 86 1 1.74349 1
14 87 1 -1.80825 1
14 88 1 0.0446858 1
14 89 1 -1.00318 1
14 90 1 0.437879 1
14 91 1 3.87969 1
14 92 1 1.56896 1
14 93 1 1.84276 1
14 94 1 4.86838 1
14 95 1 -1.00167 1
14 104 1 -1.79127 1
14 119 1 1.18833 1
119 81 1 5.39333 1
119 99 1 -0.327163 1
15 64 1 -1.06154 1
15 65 1 0.890615 1
15 66 1 -2.18371 1
15 67 1 -0.648136 1
15 68 1 0.247247 1
15 69 1 -1.88484 1
15 70 1 7.04344 1
15 71 1 -1.29863 1
15 72 1 -0.664498 1
15 73 1 -0.498314 1
15 74 1 1.82052 1
15 75 1 -1.04019 1
15 76 1 0.353256 1
15 77 1 1.72442 1
15 78 1 -2.52396 1
15 79 1 -0.702944 1
15 80 1 1.11714 1
15 81 1 1.83589 1
15 82 1 -2.91306 1
15 83 1 -1.03478 1
15 84 1 0.822495 1
15 85 1 -0.458314 1
15 86 1 1.88037 1
15 87 1 -3.64603 1
15 88 1 1.2063 1
15 89 1 1.88531 1
15 90 1 0.901952 1
15 91 1 -3.3857 1
15 92 1 1.73947 1
15 93 1 -1.04638 1
15 94 1 2.20009 1
15 95 1 3.23739 1
16 64 1 3.53946 1
16 65 1 -1.3116 1
16 66 1 -4.77577 1
16 67 1 -2.62687 1
16 68 1 1.04772 1
16 69 1 0.472539 1
16 70 1 2.87091 1
16 71 1 3.48468 1
16 72 1 -0.543229 1
16 73 1 -2.35055 1
16 74 1 -0.0173326 1
16 75 1 0.96286 1
16 76 1 -0.25342 1
16 77 1 1.49081 1
16 78 1 -1.15707 1
16 79 1 -0.835241 1
16 80 1 -0.275517 1
16 81 1 2.79884 1
16 82 1 -0.959727 1
16 83 1 1.55401 1
16 84 1 -1.13617 1
16 85 1 -0.201804 1
16 86 1 -2.5486 1
16 87 1 -2.41107 1
16 88 1 1.03547 1
16 89 1 -0.762276 1
16 90 1 -1.36512 1
16 91 1 3.1953 1
16 92 1 4.21496 1
16 93 1 -1.46144 1
16 94 1 -0.0813335 1
16 95 1 -2.58701 1
17 64 1 -3.62628 1
17 65 1 -1.88836 1
17 66 1 -2.27756 1
17 67 1 3.66818 1
17 68 1 -0.699785 1
17 69 1 -0.280106 1
17 70 1 1.14209 1
17 71 1 1.43714 1
17 72 1 -6.13295 1
17 73 1 0.775763 1
17 74 1 2.47669 1
17 75 1 2.1587 1
17 76 1 -1.21184 1
17 77 1 0.753451 1
17 78 1 0.265359 1
17 79 1 -3.72639 1
17 80 1 3.46019 1
17 81 1 3.27579 1
17 82 1 -0.948385 1
17 83 1 -1.80256 1
17 84 1 -5.02591 1
17 85 1 1.54528 1
17 86 1 2.04457 1
17 87 1 -2.14077 1
17 88 1 -4.79081 1
17 89 1 0.210074 1
17 90 1 -3.7137 1
17 91 1 6.35388 1
17 92 1 -0.309416 1
17 93 1 3.12633 1
17 94 1 2.60465 1
17 95 1 -0.415017 1
18 64 1 1.60341 1
18 65 1 -0.210941 1
18 66 1 2.81055 1
18 67 1 -0.585132 1
18 68 1 -1.15605 1
18 69 1 1.6602 1
18 70 1 2.11788 1
18 71 1 0.778628 1
18 72 1 2.0167 1
18 73 1 -1.12679 1
18 74 1 1.32391 1
18 75 1 0.350193 1
18 76 1 2.47058 1
18 77 1 -0.224544 1
18 78 1 2.31459 1
18 79 1 0.281495 1
18 80 1 -4.44122 1
18 81 1 2.52686 1
18 82 1 -3.30666 1
18 83 1 2.27605 1
18 84 1 -1.61697 1
18 85 1 0.637021 1
18 86 1 4.38694 1
18 87 1 -0.967212 1
18 88 1 0.452343 1
18 89 1 -3.16389 1
18 90 1 1.19345 1
18 91 1 1.50578 1
18 92 1 -2.4734 1
18 93 1 0.0261149 1
18 94 1 -0.450561 1
18 95 1 0.382164 1
18 25 1 -0.0662725 1
18 18 1 0.373669 1
19 64 1 3.30354 1
19 65 1 -1.89709 1
19 66 1 3.42176 1
19 67 1 -0.861025 1
19 68 1 -2.51624 1
19 69 1 1.81126 1
19 70 1 -0.953622 1
19 71 1 -1.65147 1
19 72 1 2.72221 1
19 73 1 0.450863 1
19 74 1 -1.01921 1
19 75 1 1.7375 1
19 76 1 -1.8967 1
19 77 1 -0.886443 1
19 78 1 -5.04265 1
19 79 1 3.31098 1
19 80 1 0.041632 1
19 81 1 -4.27704 1
19 82 1 0.85253 1
19 83 1 -3.40808 1
19 84 1 -0.71903 1
19 85 1 0.748567 1
19 86 1 0.930009 1
19 87 1 1.98803 1
19 88 1 0.180668 1
19 89 1 4.934 1
19 90 1 -1.91054 1
19 91 1 -0.0649611 1
19 92 1 -0.501985 1
19 93 1 -3.31672 1
19 94 1 -1.0604 1
19 95 1 -5.94796 1
20 64 1 2.15756 1
20 65 1 -0.619626 1
20 66 1 -1.02422 1
20 67 1 2.24366 1
20 68 1 0.779382 1
20 69 1 -1.05292 1
20 70 1 -3.46838 1
20 71 1 2.22791 1
20 72 1 1.03956 1
20 73 1 2.58832 1
20 74 1 1.54021 1
20 75 1 3.31231 1
20 76 1 0.675042 1
20 77 1 -1.03233 1
20 78 1 3.33696 1
20 79 1 1.65919 1
20 80 1 -0.291926 1
20 81 1 0.274839 1
20 82 1 2.10377 1
20 83 1 0.927383 1
20 84 1 0.296545 1
20 85 1 -2.4322 1
20 86 1 1.39422 1
20 87 1 -1.63294 1
20 88 1 1.18474 1
20 89 1 2.33987 1
20 90 1 3.03008 1
20 91 1 0.870053 0
20 92 1 -1.82113 1
20 93 1 0.0748333 0
20 94 1 3.50909 0
20 95 1 -0.425798 1
20 96 1 -2.84637 1
20 98 1 0.0465485 1
20 103 1 -0.571376 1
20 109 1 0.468914 1
103 91 1 1.43777 0
103 105 1 0.935172 1
103 112 1 -0.367826 0
103 123 1 0.734725 1
103 140 1 0.182389 1
140 112 1 0.560466 1
123 91 1 1.74813 1
123 113 1 0.340197 0
123 136 1 1.24434 1
136 113 1 -1.24154 1
105 91 1 1.06537 0
105 129 1 -0.00876962 1
129 91 1 0.0979929 0
129 135 1 0.863615 1
129 116 1 -0.87611 1
135 91 1 -0.829179 1
98 93 1 -0.0792464 1
98 99 1 3.50325 1
96 94 1 1.16915 1
96 20 1 -0.378398 1
21 64 1 1.79954 1
21 65 1 3.81866 1
21 66 1 -3.52337 1
21 67 1 -3.17604 1
21 68 1 -2.10545 1
21 69 1 2.84561 1
21 70 1 -1.74305 1
21 71 1 -2.69553 1
21 72 1 -6.59236 1
21 73 1 -0.0390611 1
21 74 1 -1.68696 1
21 75 1 1.04106 1
21 76 1 0.435762 1
21 77 1 -0.349202 1
21 78 1 -3.52112 1
21 79 1 -1.69444 1
21 80 1 0.765239 1
21 81 1 -1.61714 1
21 82 1 -1.23283 1
21 83 1 1.45591 1
21 84 1 3.77378 1
21 85 1 -2.32919 1
21 86 1 2.4402 1
21 87 1 -0.687352 1
21 88 1 2.00883 1
21 89 1 1.24223 1
21 90 1 -1.1828 1
21 91 1 0.225186 0
21 92 1 2.13424 1
21 93 1 0.661057 1
21 94 1 -1.57874 1
21 95 1 -0.719462 1
21 143 1 0.633749 1
143 91 1 -0.118182 1
22 64 1 2.02828 1
22 65 1 1.22644 1
22 66 1 0.451865 1
22 67 1 5.6435 1
22 68 1 -0.231859 1
22 69 1 -1.66683 1
22 70 1 -2.35177 1
22 71 1 0.0690262 1
22 72 1 -3.60943 1
22 73 1 0.607093 1
22 74 1 -1.81005 1
22 75 1 -1.1562 1
22 76 1 1.33485 1
22 77 1 1.33689 1
22 78 1 4.31746 1
22 79 1 5.26436 1
22 80 1 -1.42251 1
22 81 1 -2.64341 1
22 82 1 0.293367 1
22 83 1 -0.534911 1
22 84 1 -0.967538 1
22 85 1 -0.15251 1
22 86 1 0.868581 1
22 87 1 3.24532 1
22 88 1 -2.25804 1
22 89 1 -2.31571 1
22 90 1 2.12385 1
22 91 1 1.03696 1
22 92 1 0.281678 1
22 93 1 0.529694 1
22 94 1 2.75168 1
22 95 1 3.43802 1
23 64 1 -2.18345 1
23 65 1 1.15714 1
23 66 1 -0.0420056 1
23 67 1 3.34384 1
23 68 1 -3.08698 1
23 69 1 1.40302 1
23 70 1 3.55088 1
23 71 1 -2.98152 1
23 72 1 1.90689 1
23 73 1 -0.31426 1
23 74 1 2.54155 1
23 75 1 -0.325241 1
23 76 1 2.11666 1
23 77 1 3.08426 1
23 78 1 1.0141 1
23 79 1 -3.84944 1
23 80 1 0.77584 1
23 81 1 0.668178 1
23 82 1 -1.06675 1
23 83 1 1.1431 1
23 84 1 3.80513 1
23 85 1 -1.26658 1
23 86 1 -8.18893 1
23 87 1 1.40273 1
23 88 1 2.28303 1
23 89 1 -1.12493 1
23 90 1 -1.58158 1
23 91 1 -0.581318 1
23 92 1 -0.0773736 1
23 93 1 3.32536 1
23 94 1 -1.34459 1
23 95 1 0.189862 1
23 107 1 1.01154 1
23 27 1 -0.621525 1
24 64 1 -2.43928 1
24 65 1 2.197 1
24 66 1 -1.05387 1
24 67 1 5.02184 1
24 68 1 -4.03692 1
24 69 1 3.12656 1
24 70 1 -0.244696 1
24 71 1 3.34489 1
24 72 1 -0.189904 1
24 73 1 1.78515 1
24 74 1 0.863815 1
24 75 1 0.4855 1
24 76 1 -0.513946 1
24 77 1 -0.435198 1
24 78 1 -3.97847 1
24 79 1 -1.02509 1
24 80 1 2.91957 1
24 81 1 -0.27211 1
24 82 1 2.56321 1
24 83 1 -3.66012 1
24 84 1 -2.28212 1
24 85 1 -1.90021 1
24 86 1 -3.41886 1
24 87 1 3.06958 1
24 88 1 -3.53028 1
24 89 1 6.44153 1
24 90 1 4.09736 1
24 91 1 -4.09574 1
24 92 1 0.515984 1
24 93 1 -0.728711 1
24 94 1 -0.72761 1
24 95 1 0.701132 1
24 5 1 2.20386 1
25 64 1 1.95154 1
25 65 1 2.1783 1
25 66 1 -0.0349138 1
25 67 1 -0.111582 1
25 68 1 4.42949 1
25 69 1 -3.31634 1
25 70 1 2.38536 0
25 71 1 -4.22937 1
25 72 1 0.676357 1
25 73 1 0.652943 1
25 74 1 1.51134 1
25 75 1 -1.04576 1
25 76 1 -0.779051 1
25 77 1 -0.415675 1
25 78 1 3.53896 1
25 79 1 -0.688457 1
25 80 1 -0.0522145 1
25 81 1 -2.73195 1
25 82 1 -0.356779 1
25 83 1 2.69956 1
25 84 1 -3.25532 1
25 85 1 -2.32261 1
25 86 1 1.08065 1
25 87 1 1.63809 1
25 88 1 -0.0846349 1
25 89 1 3.05022 1
25 90 1 -3.50082 1
25 91 1 1.96564 1
25 92 1 0.655941 1
25 93 1 0.540975 1
25 94 1 -0.0738079 1
25 95 1 -3.93243 1
25 8 1 0.483978 1
25 6 1 -1.52333 1
25 121 1 -1.41971 1
121 70 1 5.94847 1
26 64 1 -3.05763 1
26 65 1 1.43802 1
26 66 1 -0.0675442 1
26 67 1 0.506133 1
26 68 1 1.69267 1
26 69 1 2.56459 1
26 70 1 -2.69863 1
26 71 1 -0.173695 1
26 72 1 -2.2311 1
26 73 1 -0.797029 1
26 74 1 -2.81598 1
26 75 1 3.11668 1
26 76 1 0.71197 1
26 77 1 -3.52683 1
26 78 1 2.62036 1
26 79 1 -0.676182 1
26 80 1 0.0831105 1
26 81 1 4.40992 1
26 82 1 -0.143678 1
26 83 1 1.68165 1
26 84 1 -2.17702 1
26 85 1 -0.818541 1
26 86 1 -4.61744 1
26 87 1 1.09794 1
26 88 1 -2.18386 1
26 89 1 -0.631152 1
26 90 1 -1.30874 1
26 91 1 -3.99564 1
26 92 1 -0.983984 1
26 93 1 -0.602853 1
26 94 1 2.49627 1
26 95 1 -0.475957 1
26 23 1 3.20452 1
26 15 1 1.85102 1
27 64 1 -4.80383 1
27 65 1 4.13471 1
27 66 1 3.27163 1
27 67 1 -1.54286 1
27 68 1 0.978407 1
27 69 1 2.21325 1
27 70 1 3.6084 1
27 71 1 -4.61571 1
27 72 1 -0.0945342 1
27 73 1 2.01486 1
27 74 1 -0.594519 1
27 75 1 -0.199674 1
27 76 1 -1.42066 1
27 77 1 -2.0558 1
27 78 1 -0.30371 1
27 79 1 0.472962 1
27 80 1 -1.29664 1
27 81 1 -0.782924 1
27 82 1 -0.987579 1
27 83 1 0.190533 1
27 84 1 0.762168 1
27 85 1 1.65636 1
27 86 1 -1.80376 1
27 87 1 2.09477 1
27 88 1 -3.56308 1
27 89 1 -3.36573 1
27 90 1 2.87427 1
27 91 1 -0.330804 1
27 92 1 -0.992109 1
27 93 1 -1.35325 1
27 94 1 1.69998 1
27 95 1 -2.4776 1
27 9 1 1.66389 1
27 5 1 -0.113673 1
28 64 1 2.23138 1
28 65 1 -0.467978 1
28 66 1 -1.54974 1
28 67 1 3.9729 1
28 68 1 1.10909 1
28 69 1 1.64296 1
28 70 1 -2.13817 1
28 71 1 -1.49283 1
28 72 1 -5.15522 1
28 73 1 1.73859 1
28 74 1 1.07975 1
28 75 1 0.569041 1
28 76 1 0.240966 1
28 77 1 -0.21794 1
28 78 1 -1.64388 1
28 79 1 0.206647 1
28 80 1 2.22684 1
28 81 1 -1.99078 1
28 82 1 2.56431 1
28 83 1 3.83176 1
28 84 1 1.25625 1
28 85 1 -6.93662 1
28 86 1 -2.36736 1
28 87 1 -3.34364 1
28 88 1 -4.70146 1
28 89 1 -0.362092 1
28 90 1 -3.30485 1
28 91 1 -1.3008 1
28 92 1 1.35976 1
28 93 1 -3.29816 1
28 94 1 3.36741 1
28 95 1 -2.88146 1
29 64 1 -0.531575 1
29 65 1 -1.9474 1
29 66 1 1.48242 1
29 67 1 1.78784 1
29 68 1 -6.57886 1
29 69 1 2.22024 1
29 70 1 -0.221947 1
29 71 1 -2.36786 1
29 72 1 0.876044 1
29 73 1 -0.413401 1
29 74 1 0.805078 1
29 75 1 -1.70905 1
29 76 1 -0.80288 1
29 77 1 1.85027 1
29 78 1 -5.68995 1
29 79 1 -2.80195 1
29 80 1 2.14164 1
29 81 1 0.315767 1
29 82 1 -0.0445692 1
29 83 1 -1.58796 1
29 84 1 1.34016 1
29 85 1 -0.28367 1
29 86 1 -2.43921 1
29 87 1 -3.86079 1
29 88 1 -0.746199 1
29 89 1 -2.53409 1
29 90 1 -1.08126 1
29 91 1 2.01533 1
29 92 1 0.303846 1
29 93 1 1.36697 1
29 94 1 -1.59005 1
29 95 1 0.29186 1
29 113 1 1.03369 1
30 64 1 -1.72459 1
30 65 1 0.798803 1
30 66 1 3.7349 1
30 67 1 0.677124 1
30 68 1 1.00131 1
30 69 1 2.37557 1
30 70 1 1.24395 1
30 71 1 -1.85964 1
30 72 1 -0.119676 1
30 73 1 4.91653 1
30 74 1 -1.37792 1
30 75 1 2.22141 1
30 76 1 0.660599 1
30 77 1 -0.858702 1
30 78 1 2.98234 1
30 79 1 4.05823 1
30 80 1 -0.397972 1
30 81 1 -3.07627 1
30 82 1 3.08082 1
30 83 1 4.02144 1
30 84 1 0.528358 1
30 85 1 -1.73783 1
30 86 1 -1.44052 1
30 87 1 -3.20572 1
30 88 1 1.46931 1
30 89 1 -0.296694 1
30 90 1 2.48125 1
30 91 1 4.40194 1
30 92 1 -0.831144 1
30 93 1 2.15623 1
30 94 1 2.43594 1
30 95 1 -0.923044 1
31 64 1 1.84808 1
31 65 1 -0.0171779 1
31 66 1 -1.9289 1
31 67 1 5.23345 1
31 68 1 2.77327 1
31 69 1 3.08472 1
31 70 1 -3.02296 1
31 71 1 0.629269 1
31 72 1 -3.21704 1
31 73 1 -1.66497 1
31 74 1 0.310982 1
31 75 1 -0.331642 1
31 76 1 -0.153477 1
31 77 1 0.907982 1
31 78 1 -3.22305 1
31 79 1 0.0940279 1
31 80 1 -1.40866 1
31 81 1 -1.85884 1
31 82 1 -0.169706 1
31 83 1 -0.40949 1
31 84 1 -2.06627 1
31 85 1 -1.63414 1
31 86 1 -0.528668 1
31 87 1 -1.4125 0
31 88 1 2.43987 1
31 89 1 -0.531243 1
31 90 1 1.48068 1
31 91 1 -1.29157 1
31 92 1 -1.2321 1
31 93 1 1.83432 1
31 94 1 0.302695 1
31 95 1 -0.985649 1
31 122 1 1.98991 1
122 87 1 1.21384 1
32 64 1 7.38424 1
32 65 1 1.94863 1
32 66 1 -3.60203 1
32 67 1 2.61306 1
32 68 1 0.0940938 1
32 69 1 3.27044 1
32 70 1 -0.436036 1
32 71 1 0.674468 1
32 72 1 -3.77621 1
32 73 1 0.39415 1
32 74 1 -1.63125 1
32 75 1 3.62079 1
32 76 1 -2.50323 1
32 77 1 1.72387 1
32 78 1 -0.401681 1
32 79 1 1.57304 1
32 80 1 -0.1449 1
32 81 1 -2.66449 1
32 82 1 -2.29562 1
32 83 1 -2.49357 1
32 84 1 1.7507 1
32 85 1 -2.26446 1
32 86 1 0.922202 1
32 87 1 -0.52329 1
32 88 1 -1.93038 1
32 89 1 -2.4094 1
32 90 1 1.45489 1
32 91 1 -2.92573 1
32 92 1 3.28165 1
32 93 1 -0.722388 1
32 94 1 -0.744551 1
32 95 1 -2.06181 1
33 64 1 1.71226 1
33 65 1 -4.55788 1
33 66 1 -0.786516 1
33 67 1 -2.52099 1
33 68 1 -0.506533 1
33 69 1 -0.60465 1
33 70 1 3.05591 1
33 71 1 4.82265 1
33 72 1 -0.714021 1
33 73 1 3.7349 1
33 74 1 1.51818 1
33 75 1 -4.18209 1
33 76 1 -0.86721 1
33 77 1 2.15648 1
33 78 1 -1.77441 1
33 79 1 -2.65685 1
33 80 1 2.56165 1
33 81 1 -0.69745 1
33 82 1 -0.628117 1
33 83 1 3.00542 1
33 84 1 1.39742 1
33 85 1 -0.179367 1
33 86 1 0.505796 1
33 87 1 2.15471 1
33 88 1 2.28618 1
33 89 1 3.57081 1
33 90 1 -3.07158 1
33 91 1 2.01909 1
33 92 1 3.31441 1
33 93 1 2.85337 1
33 94 1 0.00400338 1
33 95 1 -0.141756 1
33 20 1 -0.676038 1
33 107 1 0.382834 1
34 64 1 -0.196818 1
34 65 1 -0.401186 1
34 66 1 1.81169 1
34 67 1 2.22311 1
34 68 1 1.85261 1
34 69 1 -0.0533954 1
34 70 1 -0.929531 1
34 71 1 -0.245598 1
34 72 1 -0.500509 1
34 73 1 -1.81759 1
34 74 1 2.33395 1
34 75 1 4.14856 1
34 76 1 -2.72385 1
34 77 1 0.508635 1
34 78 1 -1.15063 1
34 79 1 1.50183 1
34 80 1 1.83455 1
34 81 1 -1.39813 1
34 82 1 -0.626713 1
34 83 1 1.91529 1
34 84 1 0.577826 1
34 85 1 0.134206 1
34 86 1 -0.666888 1
34 87 1 0.246099 1
34 88 1 1.92882 1
34 89 1 -1.19688 1
34 90 1 -4.65832 1
34 91 1 1.73376 1
34 92 1 -1.2778 1
34 93 1 -1.70157 1
34 94 1 3.1732 1
34 95 1 1.37895 1
34 113 1 -0.326203 1
35 64 1 -1.42587 1
35 65 1 -1.09096 1
35 66 1 1.34188 1
35 67 1 2.10187 1
35 68 1 -0.228011 1
35 69 1 4.51738 1
35 70 1 2.65703 1
35 71 1 0.582909 1
35 72 1 2.16181 1
35 73 1 6.04667 1
35 74 1 2.40882 1
35 75 1 -0.580108 1
35 76 1 -3.67583 1
35 77 1 1.71031 1
35 78 1 -0.937607 1
35 79 1 -0.903839 1
35 80 1 -6.85765 1
35 81 1 -0.248192 1
35 82 1 1.97566 0
35 83 1 -0.881892 1
35 84 1 2.58061 1
35 85 1 -4.00826 1
35 86 1 -0.907861 1
35 87 1 -1.77237 1
35 88 1 -0.746427 1
35 89 1 1.74934 0
35 90 1 -1.26671 1
35 91 1 -1.20499 1
35 92 1 -3.29338 1
35 93 1 -0.666385 1
35 94 1 -1.86152 1
35 95 1 0.804777 1
35 130 1 0.521698 1
35 133 1 2.33477 1
133 82 1 1.24656 1
130 89 1 0.912579 1
36 64 1 0.613153 1
36 65 1 1.60732 1
36 66 1 0.863499 1
36 67 1 0.652128 1
36 68 1 -3.59136 1
36 69 1 -1.46519 1
36 70 1 -0.460248 1
36 71 1 2.03354 1
36 72 1 -0.597543 1
36 73 1 0.00819921 1
36 74 1 1.73206 1
36 75 1 0.591953 1
36 76 1 1.93502 1
36 77 1 -4.08375 1
36 78 1 -0.758435 1
36 79 1 4.3699 1
36 80 1 -0.195654 1
36 81 1 -1.70808 1
36 82 1 -1.86085 0
36 83 1 1.34345 1
36 84 1 0.892721 1
36 85 1 -2.40117 1
36 86 1 0.167952 1
36 87 1 0.937665 1
36 88 1 1.47175 1
36 89 1 0.650328 1
36 90 1 -2.2411 1
36 91 1 0.544856 1
36 92 1 3.7901 1
36 93 1 2.03834 1
36 94 1 -1.69081 1
36 95 1 4.86246 1
36 109 1 2.04112 0
36 24 1 -0.678281 1
36 117 1 -0.1123 1
117 109 1 0.586733 1
109 82 1 0.98968 1
109 31 1 -0.107772 1
37 64 1 -4.89531 1
37 65 1 -0.162103 1
37 66 1 -1.49769 1
37 67 1 -1.47922 1
37 68 1 -4.19981 1
37 69 1 -0.363979 1
37 70 1 -3.24584 1
37 71 1 -0.106539 1
37 72 1 2.53398 1
37 73 1 1.05701 1
37 74 1 -0.40422 1
37 75 1 0.821208 1
37 76 1 1.91544 0
37 77 1 1.61749 1
37 78 1 -0.948767 1
37 79 1 -0.0372314 1
37 80 1 2.46295 1
37 81 1 0.930604 1
37 82 1 4.24996 1
37 83 1 0.788826 1
37 84 1 -4.45554 1
37 85 1 3.1876 1
37 86 1 -1.91711 1
37 87 1 0.416599 1
37 88 1 -2.00001 1
37 89 1 -0.411615 1
37 90 1 0.12468 1
37 91 1 1.16492 1
37 92 1 3.51013 1
37 93 1 0.60919 1
37 94 1 -2.36943 1
37 95 1 -0.847989 1
37 142 1 0.579395 1
142 76 1 1.09601 1
38 64 1 0.384612 1
38 65 1 -2.56092 1
38 66 1 -2.14168 1
38 67 1 0.57964 1
38 68 1 -1.49034 1
38 69 1 -4.16315 1
38 70 1 -0.350553 1
38 71 1 -0.327881 1
38 72 1 -2.65042 1
38 73 1 0.538977 1
38 74 1 -1.7884 1
38 75 1 1.5241 1
38 76 1 2.71004 1
38 77 1 -0.99519 1
38 78 1 -1.32091 1
38 79 1 0.233614 1
38 80 1 -5.69894 1
38 81 1 -0.381627 1
38 82 1 2.44866 1
38 83 1 -0.971544 1
38 84 1 -2.76546 1
38 85 1 -3.33828 1
38 86 1 -0.369274 1
38 87 1 -0.0575033 1
38 88 1 0.996358 1
38 89 1 3.97751 1
38 90 1 -0.816271 1
38 91 1 2.86335 1
38 92 1 2.06035 1
38 93 1 -1.02408 1
38 94 1 0.355522 1
38 95 1 -3.26901 1
39 64 1 1.20049 1
39 65 1 -3.15967 1
39 66 1 2.61658 1
39 67 1 -1.16049 1
39 68 1 0.889964 1
39 69 1 -1.52407 1
39 70 1 1.76358 1
39 71 1 1.15575 1
39 72 1 -2.44156 1
39 73 1 -2.93748 1
39 74 1 1.01945 1
39 75 1 2.131 0
39 76 1 2.55792 1
39 77 1 -0.597853 1
39 78 1 -2.11896 1
39 79 1 -2.51207 1
39 80 1 1.59298 1
39 81 1 -2.47524 1
39 82 1 -0.291469 1
39 83 1 0.170098 1
39 84 1 -0.626052 1
39 85 1 1.08508 1
39 86 1 1.15826 1
39 87 1 0.45631 1
39 88 1 -1.63245 1
39 89 1 0.821144 1
39 90 1 3.9993 1
39 91 1 -2.26341 1
39 92 1 3.77591 1
39 93 1 -1.18519 1
39 94 1 -4.66648 1
39 95 1 -0.283807 1
39 2 1 -3.78466 1
39 112 1 3.95819 1
39 13 1 -1.0524 1
39 104 1 -0.35389 1
112 75 1 -1.7534 1
112 138 1 -0.945876 1
40 64 1 -5.20228 1
40 65 1 -0.228158 1
40 66 1 2.22983 1
40 67 1 0.464705 1
40 68 1 4.57869 1
40 69 1 0.318694 1
40 70 1 -1.46631 1
40 71 1 0.671798 1
40 72 1 4.63822 1
40 73 1 1.8528 1
40 74 1 -1.06662 1
40 75 1 1.08226 1
40 76 1 -0.145591 1
40 77 1 3.27919 1
40 78 1 2.97435 1
40 79 1 -0.0966225 1
40 80 1 0.459742 1
40 81 1 -0.108917 1
40 82 1 -0.449819 1
40 83 1 -3.04695 1
40 84 1 0.36459 1
40 85 1 3.1092 1
40 86 1 0.424792 1
40 87 1 1.49743 1
40 88 1 0.478623 1
40 89 1 0.0265644 1
40 90 1 -1.74879 1
40 91 1 -0.387358 1
40 92 1 -0.7076 1
40 93 1 1.71143 1
40 94 1 0.253906 1
40 95 1 1.69678 1
40 2 1 -0.96704 1
40 134 1 0.408379 1
41 64 1 4.6605 1
41 65 1 -0.478944 1
41 66 1 -0.10357 1
41 67 1 -1.76077 1
41 68 1 0.35175 1
41 69 1 -1.45461 1
41 70 1 1.14431 1
41 71 1 1.19041 1
41 72 1 4.91167 1
41 73 1 -5.92612 1
41 74 1 0.21619 1
41 75 1 2.65645 1
41 76 1 -1.06133 1
41 77 1 -0.148368 1
41 78 1 -3.53127 1
41 79 1 0.964907 1
41 80 1 2.44358 1
41 81 1 2.95697 1
41 82 1 -1.62544 1
41 83 1 1.81195 1
41 84 1 -1.56979 1
41 85 1 0.610182 1
41 86 1 1.8615 1
41 87 1 0.372327 1
41 88 1 4.00192 1
41 89 1 -2.2074 1
41 90 1 -3.74193 1
41 91 1 0.424604 1
41 92 1 0.753284 1
41 93 1 0.0308707 1
41 94 1 -0.539678 1
41 95 1 0.909673 1
41 11 1 2.55375 1
41 29 1 -0.454259 1
42 64 1 0.864608 1
42 65 1 1.26509 1
42 66 1 -0.193519 1
42 67 1 -0.791007 1
42 68 1 -1.98253 1
42 69 1 -2.62238 1
42 70 1 -1.76336 1
42 71 1 -1.41223 1
42 72 1 -1.10816 1
42 73 1 -3.23668 1
42 74 1 0.285081 1
42 75 1 -0.363107 1
42 76 1 -1.54325 1
42 77 1 -1.67695 1
42 78 1 -2.44069 1
42 79 1 1.16979 1
42 80 1 -1.41691 1
42 81 1 0.50398 1
42 82 1 2.89755 1
42 83 1 2.13311 1
42 84 1 2.38135 1
42 85 1 1.82325 1
42 86 1 0.45733 1
42 87 1 -1.9425 1
42 88 1 -1.02678 1
42 89 1 0.597332 1
42 90 1 1.14611 1
42 91 1 0.36504 1
42 92 1 -1.87638 1
42 93 1 2.98335 1
42 94 1 -1.94258 1
42 95 1 1.84098 1
43 64 1 3.3585 1
43 65 1 -2.79411 1
43 66 1 1.94276 1
43 67 1 2.35439 1
43 68 1 1.04547 1
43 69 1 -0.0094085 1
43 70 1 -0.0941906 1
43 71 1 -3.43246 1
43 72 1 -1.8899 1
43 73 1 -7.82118 1
43 74 1 2.57538 1
43 75 1 -1.7949 1
43 76 1 1.82659 1
43 77 1 1.12225 1
43 78 1 0.906119 1
43 79 1 -1.64943 1
43 80 1 -0.39731 1
43 81 1 2.18106 1
43 82 1 1.26233 1
43 83 1 -2.68712 1
43 84 1 0.26769 1
43 85 1 2.32772 1
43 86 1 -0.40719 1
43 87 1 4.27126 1
43 88 1 -0.514183 1
43 89 1 2.38136 1
43 90 1 0.753616 1
43 91 1 -4.81287 1
43 92 1 3.41206 1
43 93 1 2.34292 1
43 94 1 -4.4132 1
43 95 1 1.27653 1
44 64 1 0.986936 1
44 65 1 -1.94671 1
44 66 1 0.813217 1
44 67 1 -2.14434 1
44 68 1 -2.38858 1
44 69 1 -0.31839 1
44 70 1 2.49248 1
44 71 1 0.900468 1
44 72 1 -2.89056 1
44 73 1 0.500345 1
44 74 1 -1.98293 1
44 75 1 -2.29151 1
44 76 1 -0.488983 1
44 77 1 0.771971 1
44 78 1 2.79365 1
44 79 1 1.48707 1
44 80 1 5.78928 1
44 81 1 -2.81582 1
44 82 1 1.66977 1
44 83 1 -3.12965 1
44 84 1 0.103379 1
44 85 1 1.12527 1
44 86 1 0.601799 1
44 87 1 0.127058 1
44 88 1 0.551175 1
44 89 1 -0.178474 1
44 90 1 0.108593 1
44 91 1 -0.220766 1
44 92 1 0.491027 1
44 93 1 2.72072 1
44 94 1 -0.284702 1
44 95 1 -0.78213 1
44 8 1 0.566366 1
44 29 1 1.00908 1
45 64 1 -0.0960715 1
45 65 1 3.6241 1
45 66 1 0.637419 1
45 67 1 0.168031 1
45 68 1 -2.39783 1
45 69 1 -6.49633 1
45 70 1 -4.28672 1
45 71 1 -0.123262 1
45 72 1 -3.53473 1
45 73 1 2.94785 1
45 74 1 2.09671 1
45 75 1 4.43688 1
45 76 1 -0.875937 1
45 77 1 1.09286 1
45 78 1 -3.28469 1
45 79 1 1.87885 1
45 80 1 -1.4374 1
45 81 1 1.23893 1
45 82 1 0.971024 1
45 83 1 -1.97631 1
45 84 1 2.18832 1
45 85 1 -3.91097 1
45 86 1 0.80022 1
45 87 1 0.618094 1
45 88 1 0.211017 1
45 89 1 -3.62602 1
45 90 1 0.463154 1
45 91 1 3.32628 1
45 92 1 -2.53433 1
45 93 1 -5.1517 1
45 94 1 1.27598 1
45 95 1 -1.88314 1
45 9 1 3.16312 1
45 20 1 0.65825 1
46 64 1 -0.276563 1
46 65 1 0.649522 1
46 66 1 2.12071 1
46 67 1 2.63083 1
46 68 1 -5.18548 1
46 69 1 -1.99519 1
46 70 1 1.48183 1
46 71 1 -0.349485 1
46 72 1 2.21198 1
46 73 1 -2.58408 1
46 74 1 -2.36406 1
46 75 1 3.22261 1
46 76 1 -3.85327 1
46 77 1 3.04644 1
46 78 1 -1.31984 1
46 79 1 -0.629039 1
46 80 1 5.36807 1
46 81 1 -0.0744588 1
46 82 1 -0.449726 1
46 83 1 2.16157 1
46 84 1 -0.150945 1
46 85 1 2.81623 1
46 86 1 -0.940964 1
46 87 1 1.25707 1
46 88 1 -2.70564 1
46 89 1 -4.11299 1
46 90 1 -1.86884 1
46 91 1 1.11594 1
46 92 1 0.11076 1
46 93 1 -2.23987 1
46 94 1 -1.69293 1
46 95 1 -0.035688 1
46 24 1 2.27403 1
47 64 1 -0.898409 1
47 65 1 0.113843 1
47 66 1 -3.08965 1
47 67 1 3.86133 1
47 68 1 0.56765 1
47 69 1 2.47152 1
47 70 1 -1.5791 1
47 71 1 0.0798925 1
47 72 1 1.8713 1
47 73 1 4.73494 0
47 74 1 -0.394494 1
47 75 1 -0.937715 1
47 76 1 -2.98863 1
47 77 1 -5.50942 1
47 78 1 -1.0168 1
47 79 1 1.58151 1
47 80 1 4.06067 1
47 81 1 -4.83585 1
47 82 1 0.522269 1
47 83 1 -2.03184 1
47 84 1 -3.35553 1
47 85 1 0.595555 1
47 86 1 -1.77653 1
47 87 1 4.45341 1
47 88 1 0.188948 1
47 89 1 -0.168471 1
47 90 1 6.6672 1
47 91 1 0.997895 1
47 92 1 -0.275817 1
47 93 1 0.122401 1
47 94 1 -0.26023 1
47 95 1 -1.37176 1
47 4 1 0.810195 1
47 137 1 0.424072 1
137 73 1 4.68384 1
48 64 1 -0.781221 1
48 65 1 -0.331609 1
48 66 1 0.287143 1
48 67 1 -0.955428 1
48 68 1 -2.97906 1
48 69 1 -4.36224 1
48 70 1 0.969883 1
48 71 1 3.10532 1
48 72 1 -2.73633 1
48 73 1 2.67203 1
48 74 1 5.95333 1
48 75 1 -3.00788 1
48 76 1 0.32339 1
48 77 1 -2.76674 1
48 78 1 0.542593 1
48 79 1 0.79484 1
48 80 1 -1.24101 1
48 81 1 -1.07088 1
48 82 1 -0.580508 1
48 83 1 -0.622919 1
48 84 1 0.693931 1
48 85 1 0.806556 1
48 86 1 -1.55973 1
48 87 1 -0.302711 1
48 88 1 -2.6748 1
48 89 1 -0.0317006 1
48 90 1 1.64696 1
48 91 1 0.629437 1
48 92 1 -3.24591 1
48 93 1 0.263022 1
48 94 1 4.06149 1
48 95 1 2.09184 1
48 16 1 -0.738144 1
48 12 1 -0.909065 1
48 14 1 -2.05432 1
49 64 1 -0.64123 1
49 65 1 -0.657135 1
49 66 1 -1.71448 1
49 67 1 -0.944257 1
49 68 1 -0.364044 1
49 69 1 2.23921 1
49 70 1 -0.244264 1
49 71 1 -3.59855 1
49 72 1 -1.07122 1
49 73 1 0.571921 1
49 74 1 2.86819 1
49 75 1 1.09342 1
49 76 1 -5.08604 1
49 77 1 -2.44207 1
49 78 1 -2.93007 1
49 79 1 2.06292 1
49 80 1 6.0886 1
49 81 1 -3.47601 1
49 82 1 0.79467 1
49 83 1 -1.83192 1
49 84 1 2.23959 1
49 85 1 -3.42073 1
49 86 1 1.09191 1
49 87 1 -1.22169 1
49 88 1 -1.80278 1
49 89 1 0.39039 1
49 90 1 -0.165158 1
49 91 1 0.835336 1
49 92 1 2.09996 1
49 93 1 0.10591 1
49 94 1 0.954033 1
49 95 1 1.94512 1
49 19 1 -1.18784 1
49 31 1 0.415077 1
50 64 1 -3.99421 1
50 65 1 -3.04737 1
50 66 1 2.89858 1
50 67 1 -2.23024 1
50 68 1 2.09384 1
50 69 1 0.60677 1
50 70 1 0.617507 1
50 71 1 5.74663 1
50 72 1 -1.06121 1
50 73 1 5.52914 1
50 74 1 -0.864554 1
50 75 1 0.336748 1
50 76 1 -2.31481 1
50 77 1 0.489895 1
50 78 1 2.66335 1
50 79 1 -2.01333 1
50 80 1 1.41317 1
50 81 1 -0.158281 1
50 82 1 -1.84129 1
50 83 1 1.38913 1
50 84 1 -2.07649 1
50 85 1 -0.509361 1
50 86 1 -0.102959 1
50 87 1 -1.80083 1
50 88 1 -3.825 1
50 89 1 0.431992 1
50 90 1 -0.663942 1
50 91 1 -1.24657 1
50 92 1 0.337138 1
50 93 1 -0.536082 1
50 94 1 -2.78176 1
50 95 1 1.91484 1
50 4 1 4.5365 1
50 22 1 -2.00981 1
51 64 1 -0.545246 1
51 65 1 3.67017 1
51 66 1 1.11 1
51 67 1 -0.968555 1
51 68 1 -1.08567 1
51 69 1 -0.427394 1
51 70 1 3.991 1
51 71 1 3.60763 1
51 72 1 -2.734 1
51 73 1 -1.72258 0
51 74 1 -2.7158 1
51 75 1 5.40846 1
51 76 1 -2.63406 1
51 77 1 0.149652 1
51 78 1 2.50711 1
51 79 1 -0.279718 1
51 80 1 1.66415 1
51 81 1 -3.30302 1
51 82 1 -0.0787776 1
51 83 1 3.45854 1
51 84 1 -2.97852 1
51 85 1 -2.61182 1
51 86 1 -1.04408 1
51 87 1 0.172553 1
51 88 1 0.285467 1
51 89 1 1.17036 1
51 90 1 1.67675 1
51 91 1 0.437305 1
51 92 1 2.75538 1
51 93 1 3.54239 1
51 94 1 -5.38598 1
51 95 1 -1.44132 1
51 116 1 0.578278 1
51 12 1 -1.4291 1
116 73 1 -0.258175 0
116 134 1 1.55617 1
134 73 1 2.00336 1
52 64 1 -2.79646 1
52 65 1 2.55764 1
52 66 1 1.85472 1
52 67 1 -0.613257 1
52 68 1 0.426132 1
52 69 1 3.57232 1
52 70 1 2.59541 1
52 71 1 -2.41475 1
52 72 1 0.233278 1
52 73 1 4.6306 1
52 74 1 1.97586 1
52 75 1 0.597328 1
52 76 1 -2.93207 1
52 77 1 -0.628672 1
52 78 1 1.87528 1
52 79 1 0.810602 1
52 80 1 -0.845804 1
52 81 1 0.167016 1
52 82 1 -3.2508 1
52 83 1 -2.20346 1
52 84 1 1.18947 1
52 85 1 -1.10382 1
52 86 1 -2.7442 1
52 87 1 0.762481 1
52 88 1 1.63166 1
52 89 1 -0.827917 1
52 90 1 -1.53941 1
52 91 1 -0.898515 1
52 92 1 -1.35726 1
52 93 1 -1.08677 0
52 94 1 0.993943 1
52 95 1 1.05867 1
52 115 1 -0.39557 1
52 139 1 1.11263 1
139 93 1 -2.06519 1
53 64 1 -2.06902 1
53 65 1 1.61201 1
53 66 1 -0.542488 1
53 67 1 0.129841 1
53 68 1 2.4323 1
53 69 1 2.40263 1
53 70 1 -1.94716 1
53 71 1 0.443907 1
53 72 1 -0.895691 1
53 73 1 1.32911 1
53 74 1 -1.67099 1
53 75 1 -1.65032 1
53 76 1 1.33593 1
53 77 1 2.36143 1
53 78 1 -1.81935 1
53 79 1 1.03785 1
53 80 1 1.05249 1
53 81 1 0.0712237 1
53 82 1 1.39672 1
53 83 1 0.776033 1
53 84 1 1.86039 1
53 85 1 0.858568 1
53 86 1 0.490973 1
53 87 1 0.542102 1
53 88 1 -0.221032 1
53 89 1 0.300146 1
53 90 1 -1.71624 1
53 91 1 -0.148857 1
53 92 1 2.47187 1
53 93 1 0.5487 1
53 94 1 0.244387 1
53 95 1 -1.59969 1
53 20 1 3.80058 1
53 23 1 1.08287 1
54 64 1 1.18844 1
54 65 1 -0.621494 1
54 66 1 -1.94761 1
54 67 1 1.21823 1
54 68 1 0.70823 1
54 69 1 -2.39443 1
54 70 1 0.625696 1
54 71 1 1.35804 1
54 72 1 1.87104 1
54 73 1 1.57228 1
54 74 1 -0.486386 1
54 75 1 0.100826 1
54 76 1 -0.521929 1
54 77 1 2.15889 1
54 78 1 -0.255495 1
54 79 1 0.921237 1
54 80 1 1.2561 1
54 81 1 2.93314 1
54 82 1 -3.95368 1
54 83 1 5.60144 1
54 84 1 0.802045 1
54 85 1 0.341248 1
54 86 1 -3.5464 1
54 87 1 -1.50258 1
54 88 1 2.28567 1
54 89 1 3.09842 1
54 90 1 -3.30548 1
54 91 1 2.43306 1
54 92 1 -1.56631 1
54 93 1 0.636672 1
54 94 1 -1.98668 1
54 95 1 -1.68784 1
54 30 1 -1.6011 1
54 144 1 0.429135 1
55 64 1 1.08572 1
55 65 1 -2.56292 1
55 66 1 0.06703 1
55 67 1 -0.298554 1
55 68 1 -3.50035 1
55 69 1 3.36844 1
55 70 1 2.46056 1
55 71 1 -3.76968 1
55 72 1 2.36883 1
55 73 1 -0.501149 1
55 74 1 3.19471 1
55 75 1 -3.78642 1
55 76 1 -4.38546 1
55 77 1 2.09679 1
55 78 1 -2.06021 1
55 79 1 3.28847 1
55 80 1 -1.20177 1
55 81 1 0.535326 1
55 82 1 -2.53606 1
55 83 1 -0.782726 1
55 84 1 0.234337 1
55 85 1 -4.70903 1
55 86 1 1.66717 1
55 87 1 2.696 1
55 88 1 -3.24838 1
55 89 1 -3.00604 1
55 90 1 0.418101 1
55 91 1 1.4236 1
55 92 1 5.01582 1
55 93 1 -3.03443 1
55 94 1 -1.49818 1
55 95 1 -1.17973 0
55 28 1 3.43563 1
55 114 1 1.44539 1
114 95 1 -1.52772 1
56 64 1 0.679542 1
56 65 1 -1.46997 1
56 66 1 -0.35354 1
56 67 1 -0.342851 1
56 68 1 0.622725 0
56 69 1 0.366814 1
56 70 1 0.734432 1
56 71 1 -0.166439 1
56 72 1 -0.763916 1
56 73 1 -2.32883 1
56 74 1 4.79199 1
56 75 1 4.22469 1
56 76 1 -3.50519 1
56 77 1 -0.529333 1
56 78 1 -5.14078 1
56 79 1 1.40264 1
56 80 1 -0.956789 1
56 81 1 3.04365 1
56 82 1 3.2403 1
56 83 1 -2.75481 1
56 84 1 -2.04517 1
56 85 1 -1.15701 1
56 86 1 0.554267 1
56 87 1 -2.95315 1
56 88 1 0.853385 1
56 89 1 -2.49569 1
56 90 1 -0.169196 1
56 91 1 0.613044 1
56 92 1 1.94479 1
56 93 1 2.77843 1
56 94 1 -2.35638 1
56 95 1 0.265531 1
56 3 1 -1.48229 1
56 126 1 2.39809 1
126 68 1 1.55603 1
126 11 1 -0.277245 1
57 64 1 -4.12239 1
57 65 1 2.52749 1
57 66 1 -3.11022 1
57 67 1 -0.552253 1
57 68 1 2.77517 1
57 69 1 -1.54033 0
57 70 1 0.422755 1
57 71 1 2.04748 1
57 72 1 0.00694825 1
57 73 1 -0.276468 1
57 74 1 1.77374 1
57 75 1 3.25853 1
57 76 1 2.67348 1
57 77 1 -3.9505 1
57 78 1 -0.876838 1
57 79 1 -1.77436 1
57 80 1 0.472805 1
57 81 1 4.27337 1
57 82 1 2.80661 1
57 83 1 -2.21964 1
57 84 1 0.781572 1
57 85 1 -3.02595 1
57 86 1 -1.30293 1
57 87 1 0.630912 1
57 88 1 -2.63088 1
57 89 1 0.969097 1
57 90 1 0.183716 1
57 91 1 -0.53062 1
57 92 1 -1.68004 1
57 93 1 0.670039 1
57 94 1 -0.19656 1
57 95 1 2.28702 1
57 104 1 2.82912 1
57 22 1 0.407725 1
104 69 1 1.58058 1
104 1 1 -0.0426138 1
58 64 1 0.936792 1
58 65 1 -2.43805 1
58 66 1 -0.0838055 1
58 67 1 -1.59476 1
58 68 1 0.862787 1
58 69 1 -2.01057 1
58 70 1 -1.90017 1
58 71 1 -0.0682418 1
58 72 1 -0.0708049 1
58 73 1 -1.38911 1
58 74 1 3.01494 1
58 75 1 2.60651 1
58 76 1 3.44891 1
58 77 1 -0.962146 1
58 78 1 -1.43634 1
58 79 1 1.24065 0
58 80 1 -4.45469 1
58 81 1 1.15724 1
58 82 1 1.14785 1
58 83 1 -0.124811 1
58 84 1 -1.15309 1
58 85 1 0.354757 1
58 86 1 1.11645 1
58 87 1 -1.85998 1
58 88 1 -1.62481 1
58 89 1 -1.16817 1
58 90 1 -1.48637 1
58 91 1 0.660887 1
58 92 1 3.18437 1
58 93 1 0.635307 1
58 94 1 -3.27772 1
58 95 1 0.928989 1
58 128 1 1.12227 1
128 79 1 0.842078 0
128 131 1 0.834313 1
131 79 1 -0.33145 1
59 64 1 -0.837259 1
59 65 1 0.766553 1
59 66 1 0.24605 1
59 67 1 -1.94597 1
59 68 1 1.32489 1
59 69 1 -0.810352 1
59 70 1 -1.60461 1
59 71 1 3.22779 1
59 72 1 -0.942266 1
59 73 1 -2.59525 1
59 74 1 0.345597 1
59 75 1 -0.59262 1
59 76 1 1.82384 1
59 77 1 0.556019 0
59 78 1 0.45498 1
59 79 1 -3.30021 1
59 80 1 0.798516 1
59 81 1 -0.107938 1
59 82 1 -4.98858 1
59 83 1 3.44348 1
59 84 1 -1.29981 1
59 85 1 -1.61321 1
59 86 1 -2.40588 1
59 87 1 2.28758 1
59 88 1 4.61211 1
59 89 1 -1.03262 1
59 90 1 0.483286 1
59 91 1 -1.13334 1
59 92 1 -0.0740452 1
59 93 1 1.46305 1
59 94 1 -3.59681 1
59 95 1 1.96599 1
59 97 1 1.10536 1
59 5 1 -2.89948 1
59 11 1 -1.1576 1
59 13 1 0.629973 1
97 77 1 -4.63384 1
97 22 1 -2.93117 1
97 2 1 -4.96278 0
97 99 1 1.6269 1
97 7 1 3.56824 0
97 102 1 1.90568 1
97 17 1 0.797408 1
102 7 1 4.54037 1
99 2 1 2.4559 0
99 108 1 4.22258 1
99 15 1 -0.756353 1
108 2 1 -0.414682 0
108 125 1 4.11034 1
125 2 1 -0.0108551 1
60 64 1 1.50622 1
60 65 1 -1.09204 1
60 66 1 -1.2005 1
60 67 1 0.361541 1
60 68 1 1.43101 1
60 69 1 0.358485 1
60 70 1 -2.21165 1
60 71 1 -0.188707 1
60 72 1 1.04314 0
60 73 1 -1.4468 1
60 74 1 -0.0907735 1
60 75 1 0.0696499 1
60 76 1 1.03539 1
60 77 1 3.35732 1
60 78 1 0.420852 1
60 79 1 1.21884 1
60 80 1 -3.24154 1
60 81 1 -1.86266 1
60 82 1 -0.863211 1
60 83 1 0.517819 1
60 84 1 -3.10263 1
60 85 1 2.91689 1
60 86 1 1.41628 1
60 87 1 0.248063 1
60 88 1 -4.19908 1
60 89 1 -0.957983 1
60 90 1 -2.06152 1
60 91 1 0.36981 1
60 92 1 1.76113 1
60 93 1 2.14548 1
60 94 1 0.592369 1
60 95 1 -0.0222084 1
60 24 1 -3.43947 1
60 0 1 1.74985 1
60 115 1 1.46024 1
60 3 1 0.84998 1
115 72 1 -1.64847 1
115 18 1 1.27627 1
61 64 1 -0.147667 1
61 65 1 -0.0985885 1
61 66 1 0.964044 1
61 67 1 0.477772 1
61 68 1 -4.51558 1
61 69 1 2.43292 1
61 70 1 -0.109947 1
61 71 1 0.826184 1
61 72 1 -1.65501 1
61 73 1 1.43361 1
61 74 1 1.76674 1
61 75 1 3.13222 1
61 76 1 -0.368112 1
61 77 1 -1.02408 0
61 78 1 0.303679 1
61 79 1 0.0465742 1
61 80 1 -1.15297 1
61 81 1 0.379507 1
61 82 1 0.0203863 1
61 83 1 1.79062 1
61 84 1 -0.677589 1
61 85 1 1.7855 1
61 86 1 -0.894867 1
61 87 1 2.39416 1
61 88 1 1.03766 1
61 89 1 0.958087 1
61 90 1 1.05846 1
61 91 1 2.09626 1
61 92 1 -1.38499 1
61 93 1 -0.527343 1
61 94 1 0.929876 1
61 95 1 -0.819093 1
61 107 1 0.670924 1
61 113 1 -3.79205 1
107 77 1 -5.24582 0
107 113 1 1.63439 1
107 14 1 -1.45038 1
113 77 1 -3.19722 1
113 23 1 -1.10851 1
62 64 1 1.07369 1
62 65 1 -3.55363 1
62 66 1 2.53455 1
62 67 1 -1.44541 1
62 68 1 2.5648 1
62 69 1 -0.444805 1
62 70 1 1.72809 1
62 71 1 -2.19579 1
62 72 1 0.227414 1
62 73 1 2.31153 1
62 74 1 2.93133 1
62 75 1 -1.14865 1
62 76 1 3.1673 1
62 77 1 -3.33227 1
62 78 1 -2.27925 1
62 79 1 -1.28869 1
62 80 1 -1.91151 1
62 81 1 -1.16619 1
62 82 1 -1.96551 1
62 83 1 0.948937 1
62 84 1 -0.400488 0
62 85 1 -0.33281 1
62 86 1 4.54103 1
62 87 1 -2.39211 1
62 88 1 0.676366 1
62 89 1 -1.6459 1
62 90 1 -5.98184 1
62 91 1 0.93177 1
62 92 1 -0.307347 1
62 93 1 2.73211 1
62 94 1 1.48198 1
62 95 1 0.509484 1
62 5 1 1.74921 1
62 138 1 2.73551 1
138 84 1 0.329607 1
63 64 1 2.40374 1
63 65 1 -1.50579 1
63 66 1 3.02637 1
63 67 1 -0.262377 1
63 68 1 -1.5029 1
63 69 1 -2.64996 1
63 70 1 -1.70631 1
63 71 1 3.03771 1
63 72 1 -0.993157 1
63 73 1 0.966815 1
63 74 1 -4.96899 1
63 75 1 1.17589 1
63 76 1 -1.83104 0
63 77 1 3.41481 1
63 78 1 0.0300557 1
63 79 1 1.01479 1
63 80 1 -0.290942 1
63 81 1 -0.361879 1
63 82 1 -0.989896 1
63 83 1 -0.502527 1
63 84 1 -3.43163 1
63 85 1 -3.07333 1
63 86 1 5.9585 1
63 87 1 -3.42696 0
63 88 1 0.523355 1
63 89 1 -0.60631 1
63 90 1 4.04558 1
63 91 1 -0.995385 1
63 92 1 -0.0167745 1
63 93 1 1.87143 1
63 94 1 -4.32772 1
63 95 1 0.566213 1
63 141 1 1.08326 1
63 144 1 0.954624 1
144 76 1 -2.00895 1
141 87 1 -4.97936 1
