146 64 32
1.81446 0.131194 -5.97118 5.55463 -3.85302 1.78377 1.53998 -0.296937 0.738262 0.300203 1.38799 1.54004 -2.84301 -4.31294 -1.51728 -2.52856 0.51219 0.310817 0.550731 0.0961649 -1.73245 -0.896299 -1.24844 1.59671 -2.70986 -0.245799 2.93489 2.42586 -0.580908 -1.46628 -4.5974 3.23872 -0.931207 1.97036 -0.266309 1.21603 -2.21441 -0.970201 1.2432 -0.315361 -1.19494 -0.842675 -0.139155 -2.27644 -3.54228 -0.316456 -1.93161 2.22869 -0.936333 2.27583 1.76158 -3.87605 -2.54186 1.04174 -0.981507 2.80376 -3.40219 -0.134604 0.164715 -1.98171 0.91522 -1.02731 -0.0361371 -3.13331 -3.58563 0.429087 2.73044 2.29905 -2.28404 1.36216 -1.94213 -1.0892 -2.74218 -1.83259 2.84281 2.3589 -1.99443 -1.08959 0.631044 -3.0844 0.157694 0.624542 -2.05401 1.87933 2.01584 0.671392 -2.42683 0.168561 4.8991 -0.677146 -2.54615 1.72989 -1.26161 1.2761 0.18795 -1.82994 0.379831 -0.288507 -1.01717 1.11026 3.17258 -3.13092 -4.33188 -2.48022 -2.05942 1.19967 -0.887636 -3.0813 0.603061 -0.547063 -1.24992 1.93012 2.81019 -2.78159 -0.564039 0.555669 -2.68441 -0.300854 -0.714134 0.427381 1.10848 -0.140027 -0.585302 2.36929 -0.0453289 1.39511 0.572896 -0.50606 1.85278 0.965334 -0.801251 -1.44477 -1.06122 -0.505097 1.11239 -0.826679 -1.13652 -0.0314473 -1.03014 -0.690218 0.758322 -0.111247 -0.152702 0.36033 -0.109428 0.13457 
0 64 1 -3.61822 1
0 65 1 1.76291 1
0 66 1 0.985509 1
0 67 1 -1.12309 1
0 68 1 -0.567464 1
0 69 1 2.48283 1
0 70 1 -0.305897 1
0 71 1 -1.43316 1
0 72 1 1.13695 1
0 73 1 -0.392489 1
0 74 1 -3.96061 1
0 75 1 1.36281 1
0 76 1 1.77717 1
0 77 1 1.79166 1
0 78 1 -2.70758 1
0 79 1 3.73154 1
0 80 1 1.80304 1
0 81 1 2.41263 1
0 82 1 2.41598 1
0 83 1 1.13214 1
0 84 1 -4.22003 1
0 85 1 3.01487 1
0 86 1 -3.0801 1
0 87 1 -1.96541 1
0 88 1 -0.115225 1
0 89 1 1.45011 1
0 90 1 3.95526 1
0 91 1 4.99593 1
0 92 1 -3.13202 1
0 93 1 -1.32024 1
0 94 1 -0.0329965 1
0 95 1 0.614713 1
0 10 1 -1.20005 1
1 64 1 -1.4569 1
1 65 1 -1.90445 1
1 66 1 2.09011 1
1 67 1 -2.59508 1
1 68 1 4.46731 1
1 69 1 -0.674148 1
1 70 1 2.02477 1
1 71 1 -1.3514 1
1 72 1 -0.0656255 1
1 73 1 -0.63523 1
1 74 1 -3.99102 1
1 75 1 3.17788 1
1 76 1 -0.326623 1
1 77 1 3.93248 1
1 78 1 -1.90029 1
1 79 1 -0.223412 1
1 80 1 -3.20336 1
1 81 1 1.75271 1
1 82 1 -0.905231 1
1 83 1 -5.62647 1
1 84 1 -0.685475 1
1 85 1 -0.479734 1
1 86 1 1.90288 1
1 87 1 -0.888962 1
1 88 1 -0.626755 1
1 89 1 2.49416 1
1 90 1 -0.285312 1
1 91 1 -2.16701 1
1 92 1 -0.572317 1
1 93 1 0.833606 1
1 94 1 -1.73399 1
1 95 1 -3.66885 1
1 27 1 -0.453521 1
2 64 1 0.0871595 1
2 65 1 2.9368 1
2 66 1 -1.71112 1
2 67 1 -1.67908 1
2 68 1 -0.884599 1
2 69 1 2.82323 1
2 70 1 -0.855287 1
2 71 1 2.48399 1
2 72 1 -1.59124 1
2 73 1 -2.72563 1
2 74 1 -4.01207 1
2 75 1 -0.989175 1
2 76 1 -3.81386 1
2 77 1 0.264777 1
2 78 1 -2.55303 1
2 79 1 -3.16139 1
2 80 1 -2.46708 1
2 81 1 -4.95013 1
2 82 1 0.769381 1
2 83 1 -1.71399 1
2 84 1 0.0619004 1
2 85 1 2.75567 1
2 86 1 -0.383381 1
2 87 1 -1.17511 1
2 88 1 -0.00765613 1
2 89 1 -3.19385 1
2 90 1 -2.105 1
2 91 1 -1.76304 1
2 92 1 1.71965 1
2 93 1 -3.62228 1
2 94 1 2.88704 1
2 95 1 -0.650686 1
2 100 1 -1.1945 1
2 6 1 4.43142 1
2 110 1 0.913771 1
3 64 1 -1.81516 1
3 65 1 -0.652321 1
3 66 1 -0.503999 1
3 67 1 2.23697 1
3 68 1 4.02133 1
3 69 1 -4.28785 1
3 70 1 0.0463767 1
3 71 1 1.3821 1
3 72 1 5.98411 1
3 73 1 -1.2504 1
3 74 1 0.644601 1
3 75 1 3.25721 1
3 76 1 0.76828 1
3 77 1 -0.506553 1
3 78 1 -0.112642 1
3 79 1 -0.352025 1
3 80 1 -1.72926 1
3 81 1 -0.41681 1
3 82 1 4.53377 1
3 83 1 0.312728 1
3 84 1 -0.535485 1
3 85 1 -1.33223 1
3 86 1 -1.28083 1
3 87 1 1.65874 1
3 88 1 -0.25684 1
3 89 1 1.7299 1
3 90 1 0.747361 1
3 91 1 1.51607 1
3 92 1 -0.861187 1
3 93 1 -2.48444 1
3 94 1 -3.0732 1
3 95 1 1.78012 0
3 110 1 0.501146 1
110 95 1 -0.959504 0
110 111 1 1.21018 0
110 132 1 1.82525 1
132 111 1 1.02367 1
111 95 1 -2.9413 1
4 64 1 1.72177 1
4 65 1 -1.0955 1
4 66 1 -2.04064 1
4 67 1 1.72078 1
4 68 1 -0.361654 1
4 69 1 2.68433 1
4 70 1 -0.60536 1
4 71 1 -0.421296 1
4 72 1 1.5328 1
4 73 1 -1.02586 0
4 74 1 0.88379 1
4 75 1 -4.71183 0
4 76 1 1.67988 1
4 77 1 2.99121 1
4 78 1 1.37251 1
4 79 1 2.31934 1
4 80 1 -3.40596 1
4 81 1 0.0939518 1
4 82 1 0.919779 1
4 83 1 -2.54493 1
4 84 1 -0.137196 1
4 85 1 3.69925 1
4 86 1 1.15235 1
4 87 1 -0.920935 1
4 88 1 -1.65528 1
4 89 1 0.384364 1
4 90 1 2.44016 1
4 91 1 -5.88845 1
4 92 1 -0.396417 1
4 93 1 0.130597 0
4 94 1 -2.52643 1
4 95 1 2.68484 1
4 101 1 2.39129 1
4 17 1 2.08102 1
4 118 1 1.21725 1
4 145 1 0.554457 1
145 93 1 -0.0795899 1
118 73 1 -2.47109 1
101 75 1 0.756915 1
5 64 1 -0.664101 1
5 65 1 2.88242 1
5 66 1 -2.85379 1
5 67 1 3.52536 1
5 68 1 2.77231 1
5 69 1 1.64318 1
5 70 1 -3.0787 1
5 71 1 -0.598975 1
5 72 1 0.344724 1
5 73 1 -2.52268 1
5 74 1 -2.16775 1
5 75 1 3.28053 1
5 76 1 1.7866 1
5 77 1 1.77987 1
5 78 1 -0.100143 1
5 79 1 -0.261727 1
5 80 1 3.96883 1
5 81 1 -2.29662 1
5 82 1 -1.46257 1
5 83 1 5.82257 1
5 84 1 0.985598 1
5 85 1 2.61156 1
5 86 1 -2.75132 1
5 87 1 0.315993 1
5 88 1 -1.48865 1
5 89 1 -1.88458 1
5 90 1 -2.28255 1
5 91 1 1.11863 1
5 92 1 -1.96587 1
5 93 1 2.12439 1
5 94 1 -1.85533 1
5 95 1 -0.653085 1
6 64 1 -0.0105052 1
6 65 1 0.451396 1
6 66 1 1.88868 1
6 67 1 1.77846 1
6 68 1 -3.85895 1
6 69 1 -0.978179 1
6 70 1 -1.7267 1
6 71 1 0.699278 1
6 72 1 1.45966 1
6 73 1 -3.24182 1
6 74 1 -3.6816 1
6 75 1 0.774859 1
6 76 1 4.04889 1
6 77 1 0.711917 1
6 78 1 -2.16449 1
6 79 1 -2.272 1
6 80 1 2.04867 1
6 81 1 -0.557623 1
6 82 1 1.35272 1
6 83 1 1.89724 1
6 84 1 1.67357 1
6 85 1 -4.32114 1
6 86 1 -1.09121 1
6 87 1 4.30222 1
6 88 1 -1.86354 1
6 89 1 -2.19116 1
6 90 1 2.56166 1
6 91 1 -0.89113 1
6 92 1 2.41302 1
6 93 1 -3.11492 1
6 94 1 -1.99859 1
6 95 1 0.665278 1
6 26 1 1.23718 1
7 64 1 2.24215 1
7 65 1 0.371198 1
7 66 1 -0.247103 1
7 67 1 -3.87106 1
7 68 1 -3.03666 1
7 69 1 -1.34158 1
7 70 1 4.03603 1
7 71 1 1.92304 1
7 72 1 3.0549 1
7 73 1 0.622117 1
7 74 1 -0.972099 1
7 75 1 -1.58005 1
7 76 1 3.37264 1
7 77 1 -1.64078 1
7 78 1 2.36173 1
7 79 1 2.18739 1
7 80 1 -0.877136 1
7 81 1 1.16742 1
7 82 1 -4.51286 0
7 83 1 2.55154 0
7 84 1 -2.56296 1
7 85 1 2.50357 1
7 86 1 -0.060892 1
7 87 1 2.78061 1
7 88 1 -3.08162 1
7 89 1 -2.57233 1
7 90 1 -1.6429 1
7 91 1 -3.0781 1
7 92 1 0.167467 1
7 93 1 -0.472557 1
7 94 1 0.597905 1
7 95 1 3.35839 1
7 100 1 -0.554441 1
7 127 1 0.633704 1
127 82 1 -3.95929 1
100 83 1 0.681094 1
100 24 1 -0.340563 0
100 106 1 4.61446 1
106 24 1 -4.65693 1
106 6 1 0.106994 1
8 64 1 3.13542 1
8 65 1 -2.89504 1
8 66 1 0.182929 1
8 67 1 2.0827 1
8 68 1 -0.330417 1
8 69 1 3.23804 1
8 70 1 0.898801 1
8 71 1 2.62404 1
8 72 1 2.96876 1
8 73 1 0.382806 1
8 74 1 -0.31445 1
8 75 1 -1.80215 1
8 76 1 -1.31705 1
8 77 1 1.83329 1
8 78 1 0.541924 1
8 79 1 -2.00606 1
8 80 1 0.53356 1
8 81 1 0.203795 1
8 82 1 -0.424991 1
8 83 1 -3.1975 1
8 84 1 4.49953 1
8 85 1 7.43927 1
8 86 1 4.68367 1
8 87 1 1.17559 1
8 88 1 -0.430928 1
8 89 1 3.06116 1
8 90 1 -0.609593 1
8 91 1 -0.609186 1
8 92 1 3.15389 1
8 93 1 4.91927 1
8 94 1 4.69338 1
8 95 1 0.415832 1
8 17 1 -0.681123 1
9 64 1 -1.85456 1
9 65 1 -2.76279 1
9 66 1 0.470574 1
9 67 1 0.545117 1
9 68 1 -1.27052 1
9 69 1 1.025 1
9 70 1 -3.36268 1
9 71 1 0.745984 1
9 72 1 2.94706 1
9 73 1 -2.50622 1
9 74 1 -0.387528 1
9 75 1 -0.347631 1
9 76 1 2.2545 1
9 77 1 -1.89532 1
9 78 1 3.19844 1
9 79 1 1.41924 1
9 80 1 -0.957742 1
9 81 1 0.655396 1
9 82 1 -2.23215 1
9 83 1 -0.0670021 1
9 84 1 2.95558 1
9 85 1 3.18363 1
9 86 1 -0.977882 1
9 87 1 1.0359 1
9 88 1 1.99607 1
9 89 1 6.71738 1
9 90 1 -0.496473 1
9 91 1 -0.724177 1
9 92 1 -2.03228 1
9 93 1 -2.0177 1
9 94 1 -2.85163 1
9 95 1 0.87594 1
9 103 1 -0.147658 1
10 64 1 0.918898 1
10 65 1 0.45252 1
10 66 1 5.37702 1
10 67 1 -5.37714 1
10 68 1 3.22746 1
10 69 1 -0.518921 1
10 70 1 -0.504087 1
10 71 1 -0.757233 1
10 72 1 3.68393 1
10 73 1 2.6196 1
10 74 1 0.867646 0
10 75 1 -0.108255 1
10 76 1 0.903195 1
10 77 1 -0.527629 1
10 78 1 -1.43675 1
10 79 1 -3.39672 1
10 80 1 -1.4672 1
10 81 1 3.08644 1
10 82 1 2.52057 1
10 83 1 0.411653 1
10 84 1 3.51346 1
10 85 1 3.67029 1
10 86 1 -2.65554 1
10 87 1 1.43123 1
10 88 1 3.41539 1
10 89 1 -0.92144 1
10 90 1 0.46436 1
10 91 1 1.48733 1
10 92 1 0.953989 1
10 93 1 -1.88279 1
10 94 1 3.76343 1
10 95 1 3.98715 1
10 124 1 2.17384 1
124 74 1 0.504096 1
11 64 1 4.45582 1
11 65 1 0.375755 1
11 66 1 3.54426 1
11 67 1 0.508966 1
11 68 1 5.17406 1
11 69 1 0.406133 1
11 70 1 1.83129 1
11 71 1 1.33608 1
11 72 1 -2.5731 1
11 73 1 1.52429 1
11 74 1 0.320066 0
11 75 1 -1.49811 1
11 76 1 -2.36629 1
11 77 1 -0.338205 1
11 78 1 -1.97037 1
11 79 1 -0.234831 1
11 80 1 -1.37164 1
11 81 1 0.543383 1
11 82 1 3.88976 1
11 83 1 0.934946 1
11 84 1 2.51621 1
11 85 1 -1.6158 1
11 86 1 -4.10102 1
11 87 1 -1.48873 1
11 88 1 -2.25773 1
11 89 1 -1.44173 1
11 90 1 -1.60608 1
11 91 1 1.03065 1
11 92 1 -2.53973 1
11 93 1 3.55652 1
11 94 1 -1.38307 1
11 95 1 -3.12731 1
11 120 1 -1.81626 1
11 109 1 0.863647 1
120 74 1 -1.4645 1
12 64 1 0.0933123 1
12 65 1 1.2025 1
12 66 1 -2.56929 1
12 67 1 -2.20008 1
12 68 1 -0.0305041 1
12 69 1 2.49111 1
12 70 1 0.186201 1
12 71 1 2.21405 1
12 72 1 0.748405 1
12 73 1 -3.24879 1
12 74 1 -3.99986 1
12 75 1 -1.70597 1
12 76 1 0.396035 1
12 77 1 -0.122162 1
12 78 1 0.566864 1
12 79 1 -2.52088 1
12 80 1 -1.41452 1
12 81 1 -1.4494 1
12 82 1 2.95451 1
12 83 1 -1.29894 1
12 84 1 0.895455 1
12 85 1 -0.816807 1
12 86 1 -0.569441 1
12 87 1 1.75903 1
12 88 1 -1.99156 1
12 89 1 2.58122 1
12 90 1 -1.54405 1
12 91 1 -2.20492 1
12 92 1 0.331838 1
12 93 1 -2.57698 1
12 94 1 1.21964 1
12 95 1 -1.2003 1
12 17 1 1.69499 1
13 64 1 0.104439 1
13 65 1 -4.40432 1
13 66 1 0.0825885 1
13 67 1 2.32676 1
13 68 1 2.07346 1
13 69 1 -2.53212 1
13 70 1 0.53929 1
13 71 1 1.11003 1
13 72 1 1.45663 1
13 73 1 -3.29606 1
13 74 1 -1.43824 1
13 75 1 -2.14602 1
13 76 1 -1.31278 1
13 77 1 -1.55205 1
13 78 1 -0.312678 1
13 79 1 1.74755 1
13 80 1 0.665327 1
13 81 1 0.404623 1
13 82 1 -0.405903 1
13 83 1 -0.179273 1
13 84 1 -1.6411 1
13 85 1 4.28808 1
13 86 1 5.05905 1
13 87 1 7.04618 1
13 88 1 1.93133 1
13 89 1 1.21258 1
13 90 1 -5.21389 1
13 91 1 -3.30845 1
13 92 1 -1.11675 1
13 93 1 -4.1135 1
13 94 1 -0.408805 1
13 95 1 -2.03623 1
14 64 1 -1.60795 1
14 65 1 4.24594 1
14 66 1 1.39715 1
14 67 1 -0.612278 1
14 68 1 -2.48269 1
14 69 1 3.73895 1
14 70 1 -2.83123 1
14 71 1 2.28499 1
14 72 1 1.56492 1
14 73 1 -1.06275 1
14 74 1 0.807815 1
14 75 1 2.89449 1
14 76 1 -0.656636 1
14 77 1 0.107739 1
14 78 1 -2.42169 1
14 79 1 -1.75334 1
14 80 1 -1.52419 1
14 81 1 1.61039 0
14 82 1 4.42002 1
14 83 1 -0.134477 1
14 84 1 -0.0398068 1
14 85 1 -0.682111 1
14 86 1 1.64902 1
14 87 1 -2.04367 1
14 88 1 -0.49328 1
14 89 1 -0.632489 1
14 90 1 0.341058 1
14 91 1 3.91516 1
14 92 1 1.46971 1
14 93 1 1.67961 1
14 94 1 4.63528 1
14 95 1 -0.950288 1
14 104 1 -1.62114 1
14 119 1 1.22808 1
119 81 1 5.4828 1
119 99 1 -0.619003 1
15 64 1 -0.727971 1
15 65 1 0.87582 1
15 66 1 -2.2555 1
15 67 1 -0.498922 1
15 68 1 -0.0051989 1
15 69 1 -1.8566 1
15 70 1 7.35639 1
15 71 1 -0.983818 1
15 72 1 -0.946002 1
15 73 1 -0.776488 1
15 74 1 1.91314 1
15 75 1 -1.38948 1
15 76 1 -0.114595 1
15 77 1 1.85849 1
15 78 1 -2.71324 1
15 79 1 -0.882585 1
15 80 1 1.20768 1
15 81 1 1.50858 1
15 82 1 -3.06945 1
15 83 1 -1.17503 1
15 84 1 0.576173 1
15 85 1 -0.475852 1
15 86 1 2.19978 1
15 87 1 -3.77136 1
15 88 1 1.2699 1
15 89 1 1.91768 1
15 90 1 1.14361 1
15 91 1 -3.22379 1
15 92 1 1.9216 1
15 93 1 -1.01214 1
15 94 1 1.81806 1
15 95 1 2.98475 1
16 64 1 3.24737 1
16 65 1 -1.2062 1
16 66 1 -4.76412 1
16 67 1 -2.7449 1
16 68 1 1.01696 1
16 69 1 -0.0503043 1
16 70 1 2.88846 1
16 71 1 3.6632 1
16 72 1 -0.280545 1
16 73 1 -2.28186 1
16 74 1 -0.625826 1
16 75 1 1.12379 1
16 76 1 -0.194421 1
16 77 1 1.50792 1
16 78 1 -1.21516 1
16 79 1 -0.911577 1
16 80 1 0.0605388 1
16 81 1 3.02432 1
16 82 1 -1.00591 1
16 83 1 1.53241 1
16 84 1 -1.10192 1
16 85 1 -0.137667 1
16 86 1 -2.48844 1
16 87 1 -2.39892 1
16 88 1 0.904656 1
16 89 1 -0.924096 1
16 90 1 -1.44358 1
16 91 1 3.31936 1
16 92 1 4.2975 1
16 93 1 -1.35501 1
16 94 1 -0.257497 1
16 95 1 -2.92335 1
17 64 1 -3.76217 1
17 65 1 -1.94554 1
17 66 1 -2.5228 1
17 67 1 3.75312 1
17 68 1 -0.834578 1
17 69 1 0.149864 1
17 70 1 1.46259 1
17 71 1 1.63182 1
17 72 1 -6.0693 1
17 73 1 0.471949 1
17 74 1 2.91046 1
17 75 1 2.18927 1
17 76 1 -0.887154 1
17 77 1 0.96202 1
17 78 1 0.0855491 1
17 79 1 -3.69391 1
17 80 1 3.42152 1
17 81 1 3.09646 1
17 82 1 -0.930322 1
17 83 1 -2.07415 1
17 84 1 -4.95586 1
17 85 1 1.51487 1
17 86 1 2.02116 1
17 87 1 -1.97535 1
17 88 1 -4.58821 1
17 89 1 0.34166 1
17 90 1 -3.48864 1
17 91 1 6.1724 1
17 92 1 -0.498551 1
17 93 1 3.35605 1
17 94 1 2.56159 1
17 95 1 -0.857723 1
18 64 1 1.54203 1
18 65 1 -0.319043 1
18 66 1 2.72911 1
18 67 1 -0.433681 1
18 68 1 -1.41483 1
18 69 1 1.59114 1
18 70 1 2.37096 1
18 71 1 1.04164 1
18 72 1 1.87621 1
18 73 1 -1.25474 1
18 74 1 1.30061 1
18 75 1 0.264609 1
18 76 1 2.4456 1
18 77 1 0.101979 1
18 78 1 2.14848 1
18 79 1 0.392763 1
18 80 1 -4.84583 1
18 81 1 2.67964 1
18 82 1 -3.51483 1
18 83 1 2.24607 1
18 84 1 -1.52056 1
18 85 1 0.701362 1
18 86 1 4.32975 1
18 87 1 -0.990496 1
18 88 1 0.0321504 1
18 89 1 -2.78071 1
18 90 1 1.24786 1
18 91 1 1.87098 1
18 92 1 -2.77687 1
18 93 1 0.145603 1
18 94 1 -0.794979 1
18 95 1 0.764073 1
18 25 1 0.456522 1
18 18 1 0.679079 1
19 64 1 3.08396 1
19 65 1 -1.62849 1
19 66 1 3.45208 1
19 67 1 -0.805283 1
19 68 1 -2.90562 1
19 69 1 1.67175 1
19 70 1 -0.777431 1
19 71 1 -1.58139 1
19 72 1 2.75404 1
19 73 1 0.334923 1
19 74 1 -0.800716 1
19 75 1 1.70838 1
19 76 1 -2.00389 1
19 77 1 -0.82326 1
19 78 1 -4.991 1
19 79 1 3.48965 1
19 80 1 0.371797 1
19 81 1 -4.14496 1
19 82 1 0.968439 1
19 83 1 -3.68017 1
19 84 1 -0.550471 1
19 85 1 1.09602 1
19 86 1 0.675076 1
19 87 1 1.87819 1
19 88 1 0.395305 1
19 89 1 4.87857 1
19 90 1 -1.66746 1
19 91 1 -0.0110081 1
19 92 1 -0.0745232 1
19 93 1 -3.35219 1
19 94 1 -1.40976 1
19 95 1 -5.96935 1
20 64 1 1.88524 1
20 65 1 -0.725438 1
20 66 1 -1.1096 1
20 67 1 2.23295 1
20 68 1 0.631507 1
20 69 1 -1.0668 1
20 70 1 -3.45682 1
20 71 1 1.97746 1
20 72 1 0.878175 1
20 73 1 2.51401 1
20 74 1 1.37929 1
20 75 1 3.43438 1
20 76 1 0.775326 1
20 77 1 -0.812298 1
20 78 1 3.41876 1
20 79 1 1.56087 1
20 80 1 -0.254469 1
20 81 1 0.151706 1
20 82 1 2.23026 1
20 83 1 0.925934 1
20 84 1 0.201114 1
20 85 1 -2.21814 1
20 86 1 1.30977 1
20 87 1 -1.86943 1
20 88 1 1.02779 1
20 89 1 2.17641 1
20 90 1 3.10585 1
20 91 1 0.627518 0
20 92 1 -1.67506 1
20 93 1 0.185904 0
20 94 1 3.50398 0
20 95 1 -0.534027 1
20 96 1 -3.1394 1
20 98 1 -0.0417753 1
20 103 1 -0.621914 1
20 109 1 0.484065 1
103 91 1 1.57838 0
103 105 1 0.612681 1
103 112 1 -0.421376 0
103 123 1 0.796241 1
103 140 1 0.0773686 1
140 112 1 1.08636 1
123 91 1 2.0836 1
123 113 1 0.339531 0
123 136 1 1.28758 1
136 113 1 -1.20023 1
105 91 1 1.18525 0
105 129 1 0.148121 1
129 91 1 -0.0466964 0
129 135 1 0.916151 1
129 116 1 -1.02515 1
135 91 1 -1.12663 1
98 93 1 0.178821 1
98 99 1 3.53516 1
96 94 1 1.07325 1
96 20 1 -0.0805353 1
21 64 1 1.86247 1
21 65 1 4.34971 1
21 66 1 -3.59339 1
21 67 1 -3.45189 1
21 68 1 -2.12179 1
21 69 1 2.77574 1
21 70 1 -1.61397 1
21 71 1 -2.44136 1
21 72 1 -6.71646 1
21 73 1 -0.0631313 1
21 74 1 -1.67218 1
21 75 1 1.16637 1
21 76 1 0.320628 1
21 77 1 -0.204056 1
21 78 1 -3.57036 1
21 79 1 -1.74453 1
21 80 1 1.04401 1
21 81 1 -1.3427 1
21 82 1 -1.15744 1
21 83 1 1.13183 1
21 84 1 3.94653 1
21 85 1 -2.2087 1
21 86 1 2.22021 1
21 87 1 -0.93804 1
21 88 1 2.11458 1
21 89 1 1.12 1
21 90 1 -0.933275 1
21 91 1 0.110332 0
21 92 1 2.39218 1
21 93 1 0.629573 1
21 94 1 -1.48456 1
21 95 1 -0.681529 1
21 143 1 0.634598 1
143 91 1 -0.449427 1
22 64 1 1.89414 1
22 65 1 1.38428 1
22 66 1 0.645783 1
22 67 1 5.76035 1
22 68 1 -0.268167 1
22 69 1 -1.65953 1
22 70 1 -2.44466 1
22 71 1 0.0770006 1
22 72 1 -3.57262 1
22 73 1 0.832093 1
22 74 1 -1.86937 1
22 75 1 -1.25684 1
22 76 1 1.60668 1
22 77 1 1.40427 1
22 78 1 4.20957 1
22 79 1 5.48756 1
22 80 1 -1.18206 1
22 81 1 -2.30655 1
22 82 1 0.106697 1
22 83 1 -0.681848 1
22 84 1 -1.31425 1
22 85 1 0.11264 1
22 86 1 0.875139 1
22 87 1 3.40045 1
22 88 1 -2.26084 1
22 89 1 -2.31165 1
22 90 1 1.76911 1
22 91 1 0.81788 1
22 92 1 0.156805 1
22 93 1 0.574684 1
22 94 1 2.83276 1
22 95 1 3.25243 1
23 64 1 -2.39369 1
23 65 1 1.14602 1
23 66 1 -0.050807 1
23 67 1 3.58949 1
23 68 1 -3.20489 1
23 69 1 1.2261 1
23 70 1 3.32888 1
23 71 1 -3.04736 1
23 72 1 2.12025 1
23 73 1 -0.0266528 1
23 74 1 2.44687 1
23 75 1 -0.62402 1
23 76 1 2.34061 1
23 77 1 3.20658 1
23 78 1 0.832576 1
23 79 1 -4.28001 1
23 80 1 0.770999 1
23 81 1 0.50449 1
23 82 1 -1.62069 1
23 83 1 1.45036 1
23 84 1 3.77046 1
23 85 1 -1.1903 1
23 86 1 -8.25106 1
23 87 1 1.19151 1
23 88 1 2.54698 1
23 89 1 -0.954055 1
23 90 1 -1.45819 1
23 91 1 -0.423386 1
23 92 1 -0.474264 1
23 93 1 3.33348 1
23 94 1 -1.13641 1
23 95 1 0.0834277 1
23 107 1 1.01674 1
23 27 1 -0.508915 1
24 64 1 -2.53747 1
24 65 1 1.97034 1
24 66 1 -1.18799 1
24 67 1 4.95868 1
24 68 1 -4.21628 1
24 69 1 3.04059 1
24 70 1 -0.348081 1
24 71 1 3.22236 1
24 72 1 0.0690138 1
24 73 1 1.75241 1
24 74 1 1.05526 1
24 75 1 0.344507 1
24 76 1 -0.588158 1
24 77 1 -0.767766 1
24 78 1 -3.81192 1
24 79 1 -1.22285 1
24 80 1 2.94814 1
24 81 1 0.0107929 1
24 82 1 2.76217 1
24 83 1 -3.41411 1
24 84 1 -2.2963 1
24 85 1 -1.77236 1
24 86 1 -3.42686 1
24 87 1 2.90604 1
24 88 1 -3.34829 1
24 89 1 6.30938 1
24 90 1 3.96457 1
24 91 1 -4.04338 1
24 92 1 0.45209 1
24 93 1 -0.758915 1
24 94 1 -0.975271 1
24 95 1 0.566569 1
24 5 1 2.30761 1
25 64 1 2.08642 1
25 65 1 2.43834 1
25 66 1 0.250453 1
25 67 1 0.0578882 1
25 68 1 4.53666 1
25 69 1 -3.00659 1
25 70 1 2.06171 0
25 71 1 -4.3446 1
25 72 1 0.843277 1
25 73 1 0.789624 1
25 74 1 1.35606 1
25 75 1 -1.12355 1
25 76 1 -0.767987 1
25 77 1 -0.776505 1
25 78 1 3.54103 1
25 79 1 -0.371983 1
25 80 1 0.13099 1
25 81 1 -2.70756 1
25 82 1 -0.290014 1
25 83 1 2.588 1
25 84 1 -3.23968 1
25 85 1 -2.15144 1
25 86 1 0.984199 1
25 87 1 1.87313 1
25 88 1 -0.34813 1
25 89 1 2.90733 1
25 90 1 -3.52348 1
25 91 1 2.00587 1
25 92 1 0.777572 1
25 93 1 0.498474 1
25 94 1 -0.107419 1
25 95 1 -3.89292 1
25 8 1 0.254034 1
25 6 1 -1.25833 1
25 121 1 -1.48549 1
121 70 1 6.22726 1
26 64 1 -3.08945 1
26 65 1 1.66114 1
26 66 1 -0.256117 1
26 67 1 0.538454 1
26 68 1 1.61862 1
26 69 1 2.53805 1
26 70 1 -2.85776 1
26 71 1 -0.35558 1
26 72 1 -1.96618 1
26 73 1 -0.796585 1
26 74 1 -2.97971 1
26 75 1 3.34675 1
26 76 1 0.946977 1
26 77 1 -3.449 1
26 78 1 2.76164 1
26 79 1 -0.577338 1
26 80 1 0.00477643 1
26 81 1 4.72694 1
26 82 1 0.0855114 1
26 83 1 2.00205 1
26 84 1 -2.20781 1
26 85 1 -1.09492 1
26 86 1 -4.82974 1
26 87 1 1.1039 1
26 88 1 -2.37553 1
26 89 1 -0.675787 1
26 90 1 -1.13648 1
26 91 1 -4.11625 1
26 92 1 -0.645505 1
26 93 1 -0.634388 1
26 94 1 2.60939 1
26 95 1 -0.363822 1
26 23 1 3.39127 1
26 15 1 2.05445 1
27 64 1 -4.74583 1
27 65 1 4.3152 1
27 66 1 3.39112 1
27 67 1 -1.60728 1
27 68 1 1.03049 1
27 69 1 2.31705 1
27 70 1 3.5275 1
27 71 1 -4.83381 1
27 72 1 -0.0660643 1
27 73 1 1.85241 1
27 74 1 -0.468999 1
27 75 1 -0.128133 1
27 76 1 -1.36321 1
27 77 1 -2.13356 1
27 78 1 -0.201791 1
27 79 1 0.345874 1
27 80 1 -1.40076 1
27 81 1 -0.782666 1
27 82 1 -0.934388 1
27 83 1 0.0536698 1
27 84 1 0.582904 1
27 85 1 1.35878 1
27 86 1 -1.91726 1
27 87 1 2.02432 1
27 88 1 -3.56998 1
27 89 1 -3.58331 1
27 90 1 2.71696 1
27 91 1 -0.470688 1
27 92 1 -0.879485 1
27 93 1 -1.22572 1
27 94 1 1.65546 1
27 95 1 -2.81447 1
27 9 1 1.69125 1
27 5 1 -0.485092 1
28 64 1 2.41691 1
28 65 1 -0.214345 1
28 66 1 -1.65618 1
28 67 1 4.21983 1
28 68 1 1.06814 1
28 69 1 1.54597 1
28 70 1 -2.1529 1
28 71 1 -1.73004 1
28 72 1 -5.10368 1
28 73 1 1.88784 1
28 74 1 0.935583 1
28 75 1 0.393742 1
28 76 1 0.133053 1
28 77 1 -0.265159 1
28 78 1 -1.64854 1
28 79 1 0.115916 1
28 80 1 2.54304 1
28 81 1 -1.96514 1
28 82 1 2.72017 1
28 83 1 3.51589 1
28 84 1 1.29518 1
28 85 1 -6.75654 1
28 86 1 -2.21954 1
28 87 1 -3.37951 1
28 88 1 -4.7643 1
28 89 1 -0.383571 1
28 90 1 -3.33296 1
28 91 1 -1.4151 1
28 92 1 1.28349 1
28 93 1 -3.50126 1
28 94 1 3.43129 1
28 95 1 -2.9646 1
29 64 1 -0.595111 1
29 65 1 -2.11665 1
29 66 1 1.72656 1
29 67 1 1.82806 1
29 68 1 -6.23781 1
29 69 1 1.94933 1
29 70 1 -0.397196 1
29 71 1 -2.26057 1
29 72 1 0.828166 1
29 73 1 -0.390566 1
29 74 1 0.912002 1
29 75 1 -1.5724 1
29 76 1 -0.829559 1
29 77 1 1.95964 1
29 78 1 -5.4464 1
29 79 1 -2.96971 1
29 80 1 2.29941 1
29 81 1 0.506817 1
29 82 1 -0.0520288 1
29 83 1 -1.28067 1
29 84 1 1.9053 1
29 85 1 -0.40589 1
29 86 1 -2.32196 1
29 87 1 -4.00831 1
29 88 1 -0.687787 1
29 89 1 -2.52107 1
29 90 1 -0.90195 1
29 91 1 1.85922 1
29 92 1 0.255852 1
29 93 1 1.52109 1
29 94 1 -1.63909 1
29 95 1 0.0156206 1
29 113 1 1.26899 1
30 64 1 -1.64988 1
30 65 1 1.16675 1
30 66 1 3.42441 1
30 67 1 0.670967 1
30 68 1 1.0328 1
30 69 1 2.41681 1
30 70 1 1.16076 1
30 71 1 -1.80339 1
30 72 1 -0.167376 1
30 73 1 4.94465 1
30 74 1 -1.15509 1
30 75 1 2.42303 1
30 76 1 0.916003 1
30 77 1 -0.78494 1
30 78 1 2.96189 1
30 79 1 3.97005 1
30 80 1 -0.651268 1
30 81 1 -2.86654 1
30 82 1 3.05359 1
30 83 1 3.69995 1
30 84 1 0.557375 1
30 85 1 -1.51418 1
30 86 1 -1.4732 1
30 87 1 -3.48248 1
30 88 1 1.24775 1
30 89 1 -0.0596289 1
30 90 1 2.32274 1
30 91 1 4.21846 1
30 92 1 -0.995834 1
30 93 1 2.16533 1
30 94 1 2.51805 1
30 95 1 -0.974073 1
31 64 1 2.36408 1
31 65 1 -0.0680021 1
31 66 1 -1.83657 1
31 67 1 5.14241 1
31 68 1 2.74045 1
31 69 1 2.89184 1
31 70 1 -3.02938 1
31 71 1 0.819071 1
31 72 1 -3.20296 1
31 73 1 -1.78815 1
31 74 1 0.577268 1
31 75 1 -0.74782 1
31 76 1 -0.134423 1
31 77 1 0.787468 1
31 78 1 -3.53209 1
31 79 1 0.11077 1
31 80 1 -1.48517 1
31 81 1 -1.68546 1
31 82 1 -0.0731018 1
31 83 1 -0.739203 1
31 84 1 -2.35607 1
31 85 1 -1.56474 1
31 86 1 -0.779888 1
31 87 1 -1.65688 0
31 88 1 2.54377 1
31 89 1 -0.591767 1
31 90 1 1.68337 1
31 91 1 -1.16481 1
31 92 1 -1.50683 1
31 93 1 1.64451 1
31 94 1 0.26273 1
31 95 1 -1.06022 1
31 122 1 1.91718 1
122 87 1 1.52397 1
32 64 1 7.56463 1
32 65 1 1.84672 1
32 66 1 -3.6112 1
32 67 1 2.63746 1
32 68 1 0.182896 1
32 69 1 3.03558 1
32 70 1 -0.129519 1
32 71 1 1.22015 1
32 72 1 -3.76414 1
32 73 1 0.302174 1
32 74 1 -1.60471 1
32 75 1 3.35367 1
32 76 1 -2.36724 1
32 77 1 1.75152 1
32 78 1 -0.568502 1
32 79 1 1.53141 1
32 80 1 -0.22194 1
32 81 1 -2.6098 1
32 82 1 -2.04686 1
32 83 1 -2.27073 1
32 84 1 1.82909 1
32 85 1 -2.46856 1
32 86 1 0.775866 1
32 87 1 -0.631425 1
32 88 1 -1.82156 1
32 89 1 -1.82563 1
32 90 1 1.43143 1
32 91 1 -3.11296 1
32 92 1 3.17686 1
32 93 1 -0.697958 1
32 94 1 -0.882278 1
32 95 1 -2.10083 1
33 64 1 1.8223 1
33 65 1 -4.86048 1
33 66 1 -0.655493 1
33 67 1 -2.17772 1
33 68 1 -0.622453 1
33 69 1 -0.835442 1
33 70 1 3.08622 1
33 71 1 4.89476 1
33 72 1 -0.629048 1
33 73 1 3.47327 1
33 74 1 1.43587 1
33 75 1 -3.85217 1
33 76 1 -0.550563 1
33 77 1 1.97738 1
33 78 1 -1.89724 1
33 79 1 -2.9059 1
33 80 1 2.43242 1
33 81 1 -0.370915 1
33 82 1 -0.54693 1
33 83 1 2.70885 1
33 84 1 1.19813 1
33 85 1 -0.169703 1
33 86 1 0.328745 1
33 87 1 2.33838 1
33 88 1 2.0643 1
33 89 1 3.52615 1
33 90 1 -2.80006 1
33 91 1 2.31404 1
33 92 1 3.41843 1
33 93 1 2.49115 1
33 94 1 0.0018309 1
33 95 1 0.133852 1
33 20 1 -0.664121 1
33 107 1 0.338059 1
34 64 1 -0.327831 1
34 65 1 -0.469288 1
34 66 1 1.40767 1
34 67 1 2.21202 1
34 68 1 1.59802 1
34 69 1 0.0288236 1
34 70 1 -0.992101 1
34 71 1 -0.265645 1
34 72 1 -0.669417 1
34 73 1 -1.87257 1
34 74 1 2.10771 1
34 75 1 4.11717 1
34 76 1 -2.71548 1
34 77 1 0.25891 1
34 78 1 -1.07665 1
34 79 1 1.31178 1
34 80 1 1.81552 1
34 81 1 -1.19289 1
34 82 1 -0.320801 1
34 83 1 1.72064 1
34 84 1 0.757446 1
34 85 1 -0.341292 1
34 86 1 -0.612951 1
34 87 1 0.381284 1
34 88 1 2.34169 1
34 89 1 -1.145 1
34 90 1 -4.41601 1
34 91 1 1.86153 1
34 92 1 -1.29308 1
34 93 1 -1.4663 1
34 94 1 3.041 1
34 95 1 1.52268 1
34 113 1 -0.36088 1
35 64 1 -1.43933 1
35 65 1 -1.04873 1
35 66 1 1.50013 1
35 67 1 2.40296 1
35 68 1 -0.11941 1
35 69 1 4.73718 1
35 70 1 2.82061 1
35 71 1 0.543283 1
35 72 1 2.12002 1
35 73 1 6.27664 1
35 74 1 2.53978 1
35 75 1 -0.57785 1
35 76 1 -3.59744 1
35 77 1 1.71328 1
35 78 1 -0.770063 1
35 79 1 -0.946713 1
35 80 1 -7.04006 1
35 81 1 -0.334107 1
35 82 1 1.85766 0
35 83 1 -0.900368 1
35 84 1 2.62334 1
35 85 1 -4.02614 1
35 86 1 -0.849194 1
35 87 1 -1.98793 1
35 88 1 -1.04772 1
35 89 1 1.7569 0
35 90 1 -0.939494 1
35 91 1 -1.16434 1
35 92 1 -3.1389 1
35 93 1 -0.742478 1
35 94 1 -1.94885 1
35 95 1 1.09703 1
35 130 1 0.697153 1
35 133 1 2.2002 1
133 82 1 1.47579 1
130 89 1 0.995248 1
36 64 1 0.449466 1
36 65 1 1.42404 1
36 66 1 0.988323 1
36 67 1 0.492625 1
36 68 1 -3.62633 1
36 69 1 -1.26085 1
36 70 1 -0.303395 1
36 71 1 2.06867 1
36 72 1 -0.409037 1
36 73 1 -0.00951934 1
36 74 1 1.82895 1
36 75 1 0.42509 1
36 76 1 2.20235 1
36 77 1 -4.54282 1
36 78 1 -0.617098 1
36 79 1 4.18933 1
36 80 1 -0.0641147 1
36 81 1 -1.6956 1
36 82 1 -1.70865 0
36 83 1 1.40209 1
36 84 1 1.14012 1
36 85 1 -2.32386 1
36 86 1 0.318171 1
36 87 1 0.426459 1
36 88 1 1.4429 1
36 89 1 0.571282 1
36 90 1 -2.58095 1
36 91 1 0.464561 1
36 92 1 3.85447 1
36 93 1 1.65288 1
36 94 1 -1.46182 1
36 95 1 5.21417 1
36 109 1 2.03073 0
36 24 1 -0.537033 1
36 117 1 -0.242439 1
117 109 1 0.661683 1
109 82 1 0.727277 1
109 31 1 0.013582 1
37 64 1 -4.85589 1
37 65 1 0.00987731 1
37 66 1 -1.62626 1
37 67 1 -1.37042 1
37 68 1 -4.25468 1
37 69 1 -0.514569 1
37 70 1 -3.01165 1
37 71 1 0.140153 1
37 72 1 2.71809 1
37 73 1 1.25433 1
37 74 1 -0.519055 1
37 75 1 0.868633 1
37 76 1 1.69683 0
37 77 1 1.74057 1
37 78 1 -0.725233 1
37 79 1 -0.149475 1
37 80 1 2.27945 1
37 81 1 1.35495 1
37 82 1 4.09692 1
37 83 1 0.481952 1
37 84 1 -4.08059 1
37 85 1 2.96588 1
37 86 1 -2.0125 1
37 87 1 0.152112 1
37 88 1 -2.23886 1
37 89 1 -0.407132 1
37 90 1 0.466319 1
37 91 1 1.42056 1
37 92 1 3.61231 1
37 93 1 0.387345 1
37 94 1 -2.61763 1
37 95 1 -0.694653 1
37 142 1 0.541542 1
142 76 1 1.23873 1
38 64 1 0.38278 1
38 65 1 -2.90273 1
38 66 1 -2.16106 1
38 67 1 0.675141 1
38 68 1 -1.35216 1
38 69 1 -4.38755 1
38 70 1 -0.208436 1
38 71 1 -0.297305 1
38 72 1 -2.56122 1
38 73 1 0.770907 1
38 74 1 -1.75306 1
38 75 1 1.48702 1
38 76 1 2.78619 1
38 77 1 -1.09586 1
38 78 1 -0.973421 1
38 79 1 0.199674 1
38 80 1 -5.673 1
38 81 1 -0.47487 1
38 82 1 2.72931 1
38 83 1 -1.09955 1
38 84 1 -3.03379 1
38 85 1 -3.25376 1
38 86 1 -0.448738 1
38 87 1 -0.181164 1
38 88 1 0.995209 1
38 89 1 4.10557 1
38 90 1 -0.739547 1
38 91 1 3.03046 1
38 92 1 2.14938 1
38 93 1 -1.21908 1
38 94 1 0.5811 1
38 95 1 -3.07246 1
39 64 1 1.35659 1
39 65 1 -3.44818 1
39 66 1 2.76944 1
39 67 1 -1.25287 1
39 68 1 0.637158 1
39 69 1 -1.44561 1
39 70 1 1.73084 1
39 71 1 1.06204 1
39 72 1 -2.48748 1
39 73 1 -2.6326 1
39 74 1 1.15866 1
39 75 1 1.76001 0
39 76 1 2.56478 1
39 77 1 -0.508155 1
39 78 1 -2.40786 1
39 79 1 -2.2336 1
39 80 1 1.47699 1
39 81 1 -2.82805 1
39 82 1 -0.39894 1
39 83 1 0.204197 1
39 84 1 -0.831612 1
39 85 1 1.00314 1
39 86 1 1.10395 1
39 87 1 0.428477 1
39 88 1 -1.35214 1
39 89 1 1.03504 1
39 90 1 3.9301 1
39 91 1 -2.18019 1
39 92 1 3.80805 1
39 93 1 -1.31208 1
39 94 1 -4.77728 1
39 95 1 -0.210418 1
39 2 1 -3.81286 1
39 112 1 3.9503 1
39 13 1 -0.984373 1
39 104 1 -0.470047 1
112 75 1 -1.6941 1
112 138 1 -0.904822 1
40 64 1 -5.02831 1
40 65 1 -0.393807 1
40 66 1 2.30452 1
40 67 1 0.752507 1
40 68 1 4.16355 1
40 69 1 0.170147 1
40 70 1 -1.52848 1
40 71 1 0.412352 1
40 72 1 4.32578 1
40 73 1 1.67302 1
40 74 1 -1.16091 1
40 75 1 1.03193 1
40 76 1 0.00617868 1
40 77 1 3.46435 1
40 78 1 3.0165 1
40 79 1 -0.247107 1
40 80 1 0.525359 1
40 81 1 -0.0123937 1
40 82 1 -0.305172 1
40 83 1 -3.38126 1
40 84 1 0.953021 1
40 85 1 2.80215 1
40 86 1 0.383831 1
40 87 1 1.30972 1
40 88 1 0.503559 1
40 89 1 -0.0284049 1
40 90 1 -2.0608 1
40 91 1 -0.315009 1
40 92 1 -0.586802 1
40 93 1 1.83937 1
40 94 1 0.0317258 1
40 95 1 1.77525 1
40 2 1 -0.61142 1
40 134 1 0.437873 1
41 64 1 4.75407 1
41 65 1 -0.381234 1
41 66 1 0.308369 1
41 67 1 -1.58807 1
41 68 1 0.520663 1
41 69 1 -1.74492 1
41 70 1 1.12919 1
41 71 1 0.98969 1
41 72 1 4.70657 1
41 73 1 -6.07197 1
41 74 1 0.118969 1
41 75 1 2.48366 1
41 76 1 -1.0336 1
41 77 1 -0.0658363 1
41 78 1 -3.47331 1
41 79 1 0.955277 1
41 80 1 2.28026 1
41 81 1 2.88059 1
41 82 1 -1.84479 1
41 83 1 1.75393 1
41 84 1 -1.62459 1
41 85 1 0.613187 1
41 86 1 1.98067 1
41 87 1 0.220929 1
41 88 1 4.14398 1
41 89 1 -2.31523 1
41 90 1 -3.67814 1
41 91 1 0.152511 1
41 92 1 1.05011 1
41 93 1 0.277219 1
41 94 1 -0.406448 1
41 95 1 0.798499 1
41 11 1 2.68903 1
41 29 1 -0.00882334 1
42 64 1 1.02208 1
42 65 1 1.3237 1
42 66 1 -0.285335 1
42 67 1 -0.939041 1
42 68 1 -2.26378 1
42 69 1 -2.15114 1
42 70 1 -1.95989 1
42 71 1 -1.66581 1
42 72 1 -1.06283 1
42 73 1 -3.30533 1
42 74 1 0.365141 1
42 75 1 -0.208743 1
42 76 1 -1.55277 1
42 77 1 -1.86601 1
42 78 1 -2.64731 1
42 79 1 1.12264 1
42 80 1 -1.38958 1
42 81 1 0.112331 1
42 82 1 3.03566 1
42 83 1 1.91019 1
42 84 1 1.6557 1
42 85 1 2.24485 1
42 86 1 0.513466 1
42 87 1 -1.70641 1
42 88 1 -1.28914 1
42 89 1 0.819469 1
42 90 1 1.07023 1
42 91 1 0.310287 1
42 92 1 -1.78912 1
42 93 1 2.80441 1
42 94 1 -2.06329 1
42 95 1 2.18185 1
43 64 1 3.10761 1
43 65 1 -2.80613 1
43 66 1 1.92872 1
43 67 1 2.37769 1
43 68 1 0.993514 1
43 69 1 0.155149 1
43 70 1 0.307621 1
43 71 1 -3.10395 1
43 72 1 -1.5547 1
43 73 1 -7.78234 1
43 74 1 2.35083 1
43 75 1 -1.55226 1
43 76 1 1.83045 1
43 77 1 1.18651 1
43 78 1 0.750966 1
43 79 1 -1.64198 1
43 80 1 -0.366576 1
43 81 1 2.33364 1
43 82 1 1.25309 1
43 83 1 -2.65931 1
43 84 1 0.253036 1
43 85 1 2.56591 1
43 86 1 -0.339122 1
43 87 1 3.75382 1
43 88 1 -0.488841 1
43 89 1 2.51904 1
43 90 1 0.71369 1
43 91 1 -5.05003 1
43 92 1 3.30985 1
43 93 1 2.36258 1
43 94 1 -4.49083 1
43 95 1 1.15598 1
44 64 1 0.905561 1
44 65 1 -1.72459 1
44 66 1 0.682029 1
44 67 1 -2.48284 1
44 68 1 -2.61298 1
44 69 1 -0.715825 1
44 70 1 2.63034 1
44 71 1 0.663099 1
44 72 1 -2.64476 1
44 73 1 0.753782 1
44 74 1 -1.9421 1
44 75 1 -2.1006 1
44 76 1 -0.380222 1
44 77 1 1.17023 1
44 78 1 2.62838 1
44 79 1 1.95997 1
44 80 1 5.91984 1
44 81 1 -2.93737 1
44 82 1 1.62298 1
44 83 1 -3.08931 1
44 84 1 -0.189259 1
44 85 1 0.941837 1
44 86 1 0.651196 1
44 87 1 -0.190867 1
44 88 1 0.230896 1
44 89 1 0.169728 1
44 90 1 0.0618901 1
44 91 1 -0.15572 1
44 92 1 0.27593 1
44 93 1 2.9233 1
44 94 1 -0.424482 1
44 95 1 -0.509405 1
44 8 1 0.58786 1
44 29 1 0.945354 1
45 64 1 -0.032575 1
45 65 1 3.47316 1
45 66 1 0.84038 1
45 67 1 0.427229 1
45 68 1 -2.54617 1
45 69 1 -6.77062 1
45 70 1 -4.63757 1
45 71 1 -0.496876 1
45 72 1 -3.3582 1
45 73 1 2.89336 1
45 74 1 2.4973 1
45 75 1 4.21286 1
45 76 1 -0.75377 1
45 77 1 0.937722 1
45 78 1 -3.41618 1
45 79 1 1.77803 1
45 80 1 -1.75296 1
45 81 1 1.07144 1
45 82 1 0.886303 1
45 83 1 -1.9672 1
45 84 1 2.2861 1
45 85 1 -3.8778 1
45 86 1 1.00697 1
45 87 1 0.503811 1
45 88 1 0.0682254 1
45 89 1 -3.98024 1
45 90 1 0.233135 1
45 91 1 3.14378 1
45 92 1 -2.45752 1
45 93 1 -5.25727 1
45 94 1 1.49258 1
45 95 1 -2.09566 1
45 9 1 3.34605 1
45 20 1 0.768155 1
46 64 1 -0.417225 1
46 65 1 0.653505 1
46 66 1 1.95581 1
46 67 1 2.75381 1
46 68 1 -4.95289 1
46 69 1 -1.819 1
46 70 1 1.25868 1
46 71 1 -0.456673 1
46 72 1 2.08214 1
46 73 1 -2.28337 1
46 74 1 -2.24759 1
46 75 1 3.22071 1
46 76 1 -4.04373 1
46 77 1 3.2766 1
46 78 1 -1.34763 1
46 79 1 -0.718167 1
46 80 1 5.08785 1
46 81 1 0.33245 1
46 82 1 -0.249963 1
46 83 1 2.03364 1
46 84 1 -0.315794 1
46 85 1 2.63237 1
46 86 1 -0.872977 1
46 87 1 1.50971 1
46 88 1 -2.82968 1
46 89 1 -4.35662 1
46 90 1 -2.12541 1
46 91 1 0.89089 1
46 92 1 0.238806 1
46 93 1 -2.46639 1
46 94 1 -1.61212 1
46 95 1 0.0868146 1
46 24 1 2.21679 1
47 64 1 -1.14153 1
47 65 1 0.20751 1
47 66 1 -3.23607 1
47 67 1 3.91012 1
47 68 1 0.502588 1
47 69 1 2.71289 1
47 70 1 -1.92219 1
47 71 1 0.188985 1
47 72 1 2.09765 1
47 73 1 4.65837 0
47 74 1 -0.361617 1
47 75 1 -1.11917 1
47 76 1 -2.63461 1
47 77 1 -5.26353 1
47 78 1 -0.92171 1
47 79 1 1.74296 1
47 80 1 4.14153 1
47 81 1 -4.78347 1
47 82 1 0.35101 1
47 83 1 -1.8973 1
47 84 1 -3.50303 1
47 85 1 0.639798 1
47 86 1 -1.72221 1
47 87 1 4.29836 1
47 88 1 0.199822 1
47 89 1 0.265246 1
47 90 1 6.4601 1
47 91 1 1.27433 1
47 92 1 -0.220892 1
47 93 1 0.20696 1
47 94 1 -0.220523 1
47 95 1 -1.38131 1
47 4 1 0.813211 1
47 137 1 0.408997 1
137 73 1 4.52455 1
48 64 1 -0.635781 1
48 65 1 -0.566142 1
48 66 1 0.260342 1
48 67 1 -0.813564 1
48 68 1 -3.14545 1
48 69 1 -4.31218 1
48 70 1 0.965711 1
48 71 1 3.18077 1
48 72 1 -2.69583 1
48 73 1 2.87131 1
48 74 1 6.01075 1
48 75 1 -3.09595 1
48 76 1 0.358314 1
48 77 1 -2.95165 1
48 78 1 0.698092 1
48 79 1 0.695746 1
48 80 1 -0.873136 1
48 81 1 -1.172 1
48 82 1 -0.821687 1
48 83 1 -0.489104 1
48 84 1 0.405986 1
48 85 1 0.843423 1
48 86 1 -1.53592 1
48 87 1 -0.115794 1
48 88 1 -2.88492 1
48 89 1 0.0751655 1
48 90 1 1.61194 1
48 91 1 0.32616 1
48 92 1 -3.34459 1
48 93 1 0.250769 1
48 94 1 4.00728 1
48 95 1 2.24403 1
48 16 1 -0.575645 1
48 12 1 -0.802341 1
48 14 1 -1.9094 1
49 64 1 -0.506768 1
49 65 1 -0.646 1
49 66 1 -1.96642 1
49 67 1 -0.674978 1
49 68 1 -0.454293 1
49 69 1 2.07256 1
49 70 1 -0.411939 1
49 71 1 -3.56536 1
49 72 1 -1.05675 1
49 73 1 0.304028 1
49 74 1 3.02118 1
49 75 1 1.46967 1
49 76 1 -5.26243 1
49 77 1 -2.46488 1
49 78 1 -3.01745 1
49 79 1 2.07998 1
49 80 1 6.08856 1
49 81 1 -3.31405 1
49 82 1 0.589743 1
49 83 1 -1.49874 1
49 84 1 1.90289 1
49 85 1 -3.26516 1
49 86 1 1.00479 1
49 87 1 -1.07842 1
49 88 1 -2.1541 1
49 89 1 0.100397 1
49 90 1 -0.114069 1
49 91 1 0.651982 1
49 92 1 2.48246 1
49 93 1 -0.0899081 1
49 94 1 1.15343 1
49 95 1 2.30369 1
49 19 1 -1.2918 1
49 31 1 0.58033 1
50 64 1 -4.25053 1
50 65 1 -3.02403 1
50 66 1 2.92449 1
50 67 1 -2.11059 1
50 68 1 2.16266 1
50 69 1 0.741062 1
50 70 1 0.757938 1
50 71 1 5.65 1
50 72 1 -1.16592 1
50 73 1 5.48161 1
50 74 1 -0.856858 1
50 75 1 0.233469 1
50 76 1 -2.35541 1
50 77 1 0.3642 1
50 78 1 2.90022 1
50 79 1 -1.619 1
50 80 1 1.46584 1
50 81 1 -0.174174 1
50 82 1 -1.73123 1
50 83 1 1.4822 1
50 84 1 -2.18831 1
50 85 1 -0.751477 1
50 86 1 -0.23799 1
50 87 1 -1.71173 1
50 88 1 -3.93866 1
50 89 1 0.641274 1
50 90 1 -0.832877 1
50 91 1 -0.937746 1
50 92 1 0.417179 1
50 93 1 -0.280768 1
50 94 1 -2.80969 1
50 95 1 1.98754 1
50 4 1 4.41288 1
50 22 1 -1.564 1
51 64 1 -0.534461 1
51 65 1 3.45867 1
51 66 1 1.23829 1
51 67 1 -0.837198 1
51 68 1 -1.11029 1
51 69 1 -0.472948 1
51 70 1 4.03431 1
51 71 1 3.63638 1
51 72 1 -3.09684 1
51 73 1 -2.06134 0
51 74 1 -3.09056 1
51 75 1 5.67966 1
51 76 1 -2.99382 1
51 77 1 0.322267 1
51 78 1 2.71413 1
51 79 1 -0.276259 1
51 80 1 1.76861 1
51 81 1 -3.11661 1
51 82 1 0.0657374 1
51 83 1 3.33142 1
51 84 1 -3.25848 1
51 85 1 -2.98088 1
51 86 1 -1.19503 1
51 87 1 0.564321 1
51 88 1 0.394881 1
51 89 1 1.24812 1
51 90 1 1.60491 1
51 91 1 0.400539 1
51 92 1 2.74974 1
51 93 1 3.68744 1
51 94 1 -5.27694 1
51 95 1 -1.16206 1
51 116 1 0.522731 1
51 12 1 -1.37463 1
116 73 1 -0.273955 0
116 134 1 1.62159 1
134 73 1 1.82146 1
52 64 1 -2.72075 1
52 65 1 2.38061 1
52 66 1 1.84442 1
52 67 1 -0.760128 1
52 68 1 0.264158 1
52 69 1 3.34969 1
52 70 1 2.58549 1
52 71 1 -2.22326 1
52 72 1 -0.0440604 1
52 73 1 4.68974 1
52 74 1 1.97456 1
52 75 1 0.474066 1
52 76 1 -2.91605 1
52 77 1 -1.08609 1
52 78 1 1.84439 1
52 79 1 0.799516 1
52 80 1 -0.724822 1
52 81 1 0.388029 1
52 82 1 -3.53228 1
52 83 1 -2.57479 1
52 84 1 1.4148 1
52 85 1 -0.843864 1
52 86 1 -2.88104 1
52 87 1 0.610567 1
52 88 1 1.80578 1
52 89 1 -0.954112 1
52 90 1 -1.52065 1
52 91 1 -1.13181 1
52 92 1 -1.32578 1
52 93 1 -1.18769 0
52 94 1 0.882238 1
52 95 1 0.799271 1
52 115 1 -0.489489 1
52 139 1 0.953847 1
139 93 1 -2.29573 1
53 64 1 -2.3493 1
53 65 1 1.77407 1
53 66 1 -0.979718 1
53 67 1 0.341995 1
53 68 1 2.51407 1
53 69 1 2.46139 1
53 70 1 -1.95574 1
53 71 1 0.586243 1
53 72 1 -0.921933 1
53 73 1 1.02697 1
53 74 1 -1.57521 1
53 75 1 -1.70481 1
53 76 1 1.23763 1
53 77 1 2.37751 1
53 78 1 -1.69693 1
53 79 1 0.912344 1
53 80 1 1.16315 1
53 81 1 -0.0738745 1
53 82 1 1.18957 1
53 83 1 0.646584 1
53 84 1 2.35246 1
53 85 1 0.807759 1
53 86 1 0.715331 1
53 87 1 0.657813 1
53 88 1 -0.250232 1
53 89 1 0.043243 1
53 90 1 -1.60991 1
53 91 1 -0.0576039 1
53 92 1 2.43339 1
53 93 1 0.583329 1
53 94 1 0.235768 1
53 95 1 -1.68913 1
53 20 1 4.02584 1
53 23 1 1.35487 1
54 64 1 0.783571 1
54 65 1 -0.851859 1
54 66 1 -1.86215 1
54 67 1 1.22801 1
54 68 1 1.05028 1
54 69 1 -2.16244 1
54 70 1 0.553708 1
54 71 1 1.45076 1
54 72 1 1.83946 1
54 73 1 1.51014 1
54 74 1 -0.554744 1
54 75 1 0.110128 1
54 76 1 -0.588636 1
54 77 1 2.2609 1
54 78 1 -0.272119 1
54 79 1 0.987485 1
54 80 1 1.25086 1
54 81 1 2.87357 1
54 82 1 -3.78187 1
54 83 1 5.53985 1
54 84 1 0.798749 1
54 85 1 0.455667 1
54 86 1 -3.46188 1
54 87 1 -1.37338 1
54 88 1 2.46236 1
54 89 1 3.07765 1
54 90 1 -3.23781 1
54 91 1 2.24397 1
54 92 1 -1.42812 1
54 93 1 0.723417 1
54 94 1 -2.13478 1
54 95 1 -2.1486 1
54 30 1 -1.85331 1
54 144 1 0.35297 1
55 64 1 0.693646 1
55 65 1 -2.54426 1
55 66 1 0.140851 1
55 67 1 -0.062448 1
55 68 1 -3.19976 1
55 69 1 3.41508 1
55 70 1 2.43019 1
55 71 1 -3.76307 1
55 72 1 2.21052 1
55 73 1 -0.158594 1
55 74 1 2.88288 1
55 75 1 -4.07071 1
55 76 1 -4.09271 1
55 77 1 1.97686 1
55 78 1 -1.85294 1
55 79 1 3.22967 1
55 80 1 -1.05742 1
55 81 1 0.166084 1
55 82 1 -2.35179 1
55 83 1 -0.946999 1
55 84 1 0.178927 1
55 85 1 -4.86179 1
55 86 1 1.8665 1
55 87 1 2.81667 1
55 88 1 -2.97225 1
55 89 1 -2.56527 1
55 90 1 0.394025 1
55 91 1 1.7711 1
55 92 1 4.78201 1
55 93 1 -3.1603 1
55 94 1 -1.59076 1
55 95 1 -0.833598 0
55 28 1 3.36554 1
55 114 1 1.59461 1
114 95 1 -1.80141 1
56 64 1 0.490603 1
56 65 1 -1.03142 1
56 66 1 -0.285512 1
56 67 1 -0.500532 1
56 68 1 0.471991 0
56 69 1 0.299224 1
56 70 1 0.429955 1
56 71 1 -0.252743 1
56 72 1 -0.852537 1
56 73 1 -2.33586 1
56 74 1 4.51982 1
56 75 1 3.93099 1
56 76 1 -3.48721 1
56 77 1 -0.782732 1
56 78 1 -4.98898 1
56 79 1 1.73609 1
56 80 1 -0.992543 1
56 81 1 3.08802 1
56 82 1 3.51859 1
56 83 1 -2.71457 1
56 84 1 -2.15342 1
56 85 1 -0.939031 1
56 86 1 0.657989 1
56 87 1 -2.94474 1
56 88 1 0.788959 1
56 89 1 -2.53117 1
56 90 1 -0.554413 1
56 91 1 0.556354 1
56 92 1 1.7187 1
56 93 1 2.999 1
56 94 1 -2.11155 1
56 95 1 0.504523 1
56 3 1 -1.17187 1
56 126 1 2.67555 1
126 68 1 1.28603 1
126 11 1 -0.407089 1
57 64 1 -4.00354 1
57 65 1 2.50355 1
57 66 1 -3.09149 1
57 67 1 -0.639871 1
57 68 1 2.42618 1
57 69 1 -1.37337 0
57 70 1 0.0126112 1
57 71 1 1.89475 1
57 72 1 0.0650317 1
57 73 1 -0.170799 1
57 74 1 1.85854 1
57 75 1 3.30322 1
57 76 1 2.79032 1
57 77 1 -4.20914 1
57 78 1 -0.724334 1
57 79 1 -1.40211 1
57 80 1 0.683162 1
57 81 1 4.47277 1
57 82 1 2.49983 1
57 83 1 -2.22039 1
57 84 1 0.944591 1
57 85 1 -3.07118 1
57 86 1 -1.19043 1
57 87 1 0.761671 1
57 88 1 -2.59704 1
57 89 1 1.10776 1
57 90 1 0.247256 1
57 91 1 -0.248766 1
57 92 1 -1.8872 1
57 93 1 0.338067 1
57 94 1 -0.183939 1
57 95 1 2.38332 1
57 104 1 2.96301 1
57 22 1 0.753002 1
104 69 1 1.465 1
104 1 1 -0.279106 1
58 64 1 0.889926 1
58 65 1 -2.44656 1
58 66 1 -0.0518664 1
58 67 1 -1.7511 1
58 68 1 1.02851 1
58 69 1 -2.10852 1
58 70 1 -1.94741 1
58 71 1 0.0711401 1
58 72 1 -0.0956149 1
58 73 1 -1.72685 1
58 74 1 2.73214 1
58 75 1 2.64623 1
58 76 1 3.36543 1
58 77 1 -0.727631 1
58 78 1 -1.27817 1
58 79 1 0.986657 0
58 80 1 -3.99515 1
58 81 1 1.26798 1
58 82 1 1.29306 1
58 83 1 0.127966 1
58 84 1 -0.873815 1
58 85 1 0.316696 1
58 86 1 1.18888 1
58 87 1 -2.01202 1
58 88 1 -1.67526 1
58 89 1 -1.04907 1
58 90 1 -1.78954 1
58 91 1 0.355515 1
58 92 1 3.14093 1
58 93 1 0.558079 1
58 94 1 -3.23779 1
58 95 1 0.918064 1
58 128 1 0.931951 1
128 79 1 0.984312 0
128 131 1 0.620313 1
131 79 1 -0.154274 1
59 64 1 -0.750389 1
59 65 1 0.868343 1
59 66 1 0.346789 1
59 67 1 -1.98821 1
59 68 1 1.13843 1
59 69 1 -0.527491 1
59 70 1 -1.89918 1
59 71 1 3.32122 1
59 72 1 -0.828688 1
59 73 1 -2.54132 1
59 74 1 0.465348 1
59 75 1 -0.583602 1
59 76 1 1.76232 1
59 77 1 0.648257 0
59 78 1 0.623304 1
59 79 1 -3.58246 1
59 80 1 0.69381 1
59 81 1 -0.283893 1
59 82 1 -4.99256 1
59 83 1 3.51229 1
59 84 1 -1.55478 1
59 85 1 -1.84927 1
59 86 1 -2.16345 1
59 87 1 2.01456 1
59 88 1 4.80137 1
59 89 1 -1.07078 1
59 90 1 0.4568 1
59 91 1 -0.81313 1
59 92 1 -0.215061 1
59 93 1 1.65042 1
59 94 1 -3.70514 1
59 95 1 2.09521 1
59 97 1 1.26627 1
59 5 1 -2.9254 1
59 11 1 -0.97931 1
59 13 1 0.575977 1
97 77 1 -4.61571 1
97 22 1 -2.86722 1
97 2 1 -4.81956 0
97 99 1 1.82778 1
97 7 1 3.81689 0
97 102 1 2.30416 1
97 17 1 0.924648 1
102 7 1 4.33762 1
99 2 1 2.43792 0
99 108 1 4.31808 1
99 15 1 -0.777798 1
108 2 1 -0.332384 0
108 125 1 4.10262 1
125 2 1 -0.281606 1
60 64 1 1.38883 1
60 65 1 -1.17547 1
60 66 1 -0.996794 1
60 67 1 0.25055 1
60 68 1 1.27779 1
60 69 1 0.28523 1
60 70 1 -2.06994 1
60 71 1 -0.137412 1
60 72 1 0.752481 0
60 73 1 -1.32783 1
60 74 1 -0.0550703 1
60 75 1 0.0868009 1
60 76 1 0.956851 1
60 77 1 3.19046 1
60 78 1 0.456638 1
60 79 1 0.875515 1
60 80 1 -3.2629 1
60 81 1 -1.78823 1
60 82 1 -1.41275 1
60 83 1 0.959567 1
60 84 1 -2.91327 1
60 85 1 2.7448 1
60 86 1 1.22902 1
60 87 1 0.51968 1
60 88 1 -4.16243 1
60 89 1 -1.04965 1
60 90 1 -1.90897 1
60 91 1 0.697187 1
60 92 1 1.86403 1
60 93 1 2.12304 1
60 94 1 1.12326 1
60 95 1 0.0100584 1
60 24 1 -3.41745 1
60 0 1 1.77583 1
60 115 1 1.89813 1
60 3 1 0.746683 1
115 72 1 -1.55481 1
115 18 1 1.28904 1
61 64 1 -0.0915898 1
61 65 1 -0.107155 1
61 66 1 0.855496 1
61 67 1 0.468985 1
61 68 1 -4.47216 1
61 69 1 2.34495 1
61 70 1 0.0291899 1
61 71 1 0.751294 1
61 72 1 -1.52182 1
61 73 1 1.70626 1
61 74 1 1.87079 1
61 75 1 3.32296 1
61 76 1 -0.444967 1
61 77 1 -0.576876 0
61 78 1 0.387328 1
61 79 1 0.365264 1
61 80 1 -0.743527 1
61 81 1 0.151286 1
61 82 1 -0.268783 1
61 83 1 1.72047 1
61 84 1 -0.465308 1
61 85 1 1.61006 1
61 86 1 -0.956668 1
61 87 1 2.56777 1
61 88 1 1.02145 1
61 89 1 0.92264 1
61 90 1 1.0342 1
61 91 1 2.12143 1
61 92 1 -1.51307 1
61 93 1 -0.537609 1
61 94 1 0.68377 1
61 95 1 -0.736658 1
61 107 1 0.36389 1
61 113 1 -3.94556 1
107 77 1 -5.36173 0
107 113 1 1.44342 1
107 14 1 -1.57716 1
113 77 1 -3.14412 1
113 23 1 -1.16425 1
113 15 1 -0.408223 1
62 64 1 1.21598 1
62 65 1 -3.17159 1
62 66 1 2.55363 1
62 67 1 -1.51597 1
62 68 1 2.50544 1
62 69 1 -0.385133 1
62 70 1 1.58391 1
62 71 1 -2.17449 1
62 72 1 0.123936 1
62 73 1 2.26304 1
62 74 1 3.02723 1
62 75 1 -1.2776 1
62 76 1 3.23555 1
62 77 1 -3.00508 1
62 78 1 -2.09293 1
62 79 1 -1.02553 1
62 80 1 -1.87267 1
62 81 1 -1.04296 1
62 82 1 -2.12268 1
62 83 1 1.04808 1
62 84 1 -0.462692 0
62 85 1 -0.141854 1
62 86 1 4.29332 1
62 87 1 -2.64539 1
62 88 1 0.739434 1
62 89 1 -1.55844 1
62 90 1 -5.95271 1
62 91 1 0.806673 1
62 92 1 -0.17755 1
62 93 1 2.63316 1
62 94 1 1.55688 1
62 95 1 0.297982 1
62 5 1 2.07535 1
62 138 1 2.5341 1
138 84 1 0.27519 1
63 64 1 2.57154 1
63 65 1 -1.29527 1
63 66 1 3.10942 1
63 67 1 0.134757 1
63 68 1 -1.58185 1
63 69 1 -2.5103 1
63 70 1 -1.96486 1
63 71 1 3.43229 1
63 72 1 -1.20764 1
63 73 1 1.25473 1
63 74 1 -4.54152 1
63 75 1 1.18786 1
63 76 1 -1.78946 0
63 77 1 3.27255 1
63 78 1 0.23256 1
63 79 1 0.632652 1
63 80 1 -0.164143 1
63 81 1 -0.652492 1
63 82 1 -1.17497 1
63 83 1 -0.30922 1
63 84 1 -3.38406 1
63 85 1 -3.07308 1
63 86 1 5.74633 1
63 87 1 -3.60816 0
63 88 1 0.885947 1
63 89 1 -0.497745 1
63 90 1 3.85673 1
63 91 1 -1.02836 1
63 92 1 0.0832114 1
63 93 1 2.06165 1
63 94 1 -3.97967 1
63 95 1 0.608999 1
63 141 1 1.12477 1
63 144 1 0.846694 1
144 76 1 -2.36965 1
141 87 1 -4.7056 1
