148 64 32
1.71778 0.247569 -5.50252 5.94839 -3.49048 1.80174 1.36981 -0.176223 0.48426 0.366331 1.46506 1.36484 -2.71611 -4.24632 -1.44971 -2.36751 0.412928 0.528073 0.336038 -0.30643 -1.7506 -0.934192 -1.2892 1.53553 -2.86246 -0.0487866 2.68592 2.36469 -0.746287 -1.62365 -4.79692 3.25509 -0.726631 2.25568 -0.259335 1.3864 -2.50005 -0.930917 1.20211 -0.569425 -1.10756 -1.09744 -0.224672 -2.50549 -3.23952 -0.467308 -2.21952 2.61556 -0.701656 2.37444 1.6962 -3.78892 -2.26772 1.14615 -1.03849 3.04397 -3.26489 -0.207205 0.360676 -2.03081 0.762029 -1.062 0.030465 -2.9623 -3.83314 0.536061 2.64505 2.56033 -2.54961 1.108 -1.93581 -1.04024 -2.65976 -1.59881 3.14277 1.93034 -2.1427 -1.10583 0.659518 -3.32043 0.140233 0.291506 -2.3714 2.01144 2.14818 0.776396 -2.37493 0.347358 4.87632 -0.53892 -2.45323 1.84871 -1.76787 1.37019 -0.151103 -1.898 0.168447 -0.346506 -0.705087 0.820923 3.20272 -3.0396 -4.04912 -2.44332 -1.90395 1.3209 -0.844904 -3.17486 0.594878 -0.222505 -1.48145 2.44718 2.78833 -2.74619 -0.385231 0.834696 -2.15244 -0.301578 -0.756727 0.234002 1.25447 0.213926 -0.345082 2.18386 -0.181631 1.33626 0.810112 -0.512812 1.70851 1.22876 -0.753168 -1.30462 -1.06128 -0.584029 0.950238 -0.694685 -1.18006 -0.0798137 -1.00321 -0.647847 0.795621 -0.0112863 0.0340612 0.484988 0.0109842 0.122745 0.330502 0.0634516 
0 64 1 -3.72138 1
0 65 1 1.67067 1
0 66 1 1.24852 1
0 67 1 -0.908897 1
0 68 1 -0.721438 1
0 69 1 2.60202 1
0 70 1 -0.0213769 1
0 71 1 -1.27942 1
0 72 1 1.0079 1
0 73 1 -0.279448 1
0 74 1 -4.10962 1
0 75 1 1.20114 1
0 76 1 1.89643 1
0 77 1 2.18047 1
0 78 1 -2.96393 1
0 79 1 3.55583 1
0 80 1 1.76571 1
0 81 1 2.49093 1
0 82 1 2.62087 1
0 83 1 1.24578 1
0 84 1 -4.37569 1
0 85 1 2.5787 1
0 86 1 -2.64473 1
0 87 1 -2.21591 1
0 88 1 -0.218602 1
0 89 1 1.32486 1
0 90 1 3.80538 1
0 91 1 4.88041 1
0 92 1 -3.00539 1
0 93 1 -1.22389 1
0 94 1 -0.441211 1
0 95 1 0.486807 1
0 10 1 -1.19185 1
1 64 1 -1.57562 1
1 65 1 -1.82507 1
1 66 1 2.10402 1
1 67 1 -2.82399 1
1 68 1 4.96696 1
1 69 1 -0.445586 1
1 70 1 2.18516 1
1 71 1 -1.0568 1
1 72 1 0.120984 1
1 73 1 -0.623519 1
1 74 1 -4.14989 1
1 75 1 2.88614 1
1 76 1 -0.502311 1
1 77 1 3.6769 1
1 78 1 -1.73519 1
1 79 1 -0.280619 1
1 80 1 -3.10786 1
1 81 1 1.56589 1
1 82 1 -0.953324 1
1 83 1 -5.5276 1
1 84 1 -0.725375 1
1 85 1 -0.602972 1
1 86 1 2.09304 1
1 87 1 -0.941576 1
1 88 1 -0.879317 1
1 89 1 2.46028 1
1 90 1 -0.194189 1
1 91 1 -2.46073 1
1 92 1 -0.432292 1
1 93 1 0.643027 1
1 94 1 -1.91828 1
1 95 1 -3.90234 1
1 27 1 -0.314853 1
2 64 1 0.0174408 1
2 65 1 3.06635 1
2 66 1 -1.91531 1
2 67 1 -1.70665 1
2 68 1 -0.944536 1
2 69 1 3.02417 1
2 70 1 -0.791047 1
2 71 1 2.70375 1
2 72 1 -1.63399 1
2 73 1 -2.96051 1
2 74 1 -4.39162 1
2 75 1 -0.644792 1
2 76 1 -4.10018 1
2 77 1 0.208091 1
2 78 1 -2.4103 1
2 79 1 -2.962 1
2 80 1 -2.6266 1
2 81 1 -4.76834 1
2 82 1 0.422322 1
2 83 1 -1.75466 1
2 84 1 0.136639 1
2 85 1 2.85799 1
2 86 1 -0.207247 1
2 87 1 -0.724361 1
2 88 1 -0.165277 1
2 89 1 -3.22056 1
2 90 1 -2.26443 1
2 91 1 -1.68402 1
2 92 1 2.14774 1
2 93 1 -3.47247 1
2 94 1 2.74437 1
2 95 1 -0.395299 1
2 100 1 -0.918616 1
2 6 1 4.78342 1
2 110 1 0.699597 1
3 64 1 -2.11359 1
3 65 1 -0.633307 1
3 66 1 -0.00513196 1
3 67 1 2.29451 1
3 68 1 4.16185 1
3 69 1 -4.16582 1
3 70 1 0.108564 1
3 71 1 1.35706 1
3 72 1 5.98869 1
3 73 1 -1.02487 1
3 74 1 0.418595 1
3 75 1 3.3531 1
3 76 1 0.64773 1
3 77 1 -0.664725 1
3 78 1 -0.0341672 1
3 79 1 -0.480254 1
3 80 1 -1.79092 1
3 81 1 -0.519859 1
3 82 1 4.37946 1
3 83 1 0.405493 1
3 84 1 -0.0979909 1
3 85 1 -1.36589 1
3 86 1 -1.09133 1
3 87 1 1.84106 1
3 88 1 -0.106351 1
3 89 1 1.75454 1
3 90 1 0.732202 1
3 91 1 1.10856 1
3 92 1 -1.08711 1
3 93 1 -1.98886 1
3 94 1 -3.42005 1
3 95 1 1.61794 0
3 110 1 0.494302 1
110 95 1 -1.03132 0
110 111 1 1.02028 0
110 132 1 2.22508 1
132 111 1 1.32188 1
111 95 1 -3.09113 1
4 64 1 1.6639 1
4 65 1 -0.941853 1
4 66 1 -2.00951 1
4 67 1 1.83507 1
4 68 1 -0.390922 1
4 69 1 2.11446 1
4 70 1 -0.245707 1
4 71 1 -0.29273 1
4 72 1 1.34042 1
4 73 1 -0.64706 0
4 74 1 0.894948 1
4 75 1 -4.69688 0
4 76 1 1.44453 1
4 77 1 3.03126 1
4 78 1 1.27786 1
4 79 1 1.82934 1
4 80 1 -3.52197 1
4 81 1 0.527826 1
4 82 1 0.490287 1
4 83 1 -2.59125 1
4 84 1 -0.489621 1
4 85 1 3.28324 1
4 86 1 1.42169 1
4 87 1 -1.02424 1
4 88 1 -1.99586 1
4 89 1 0.445801 1
4 90 1 2.78281 1
4 91 1 -5.51156 1
4 92 1 -0.15133 1
4 93 1 0.143237 0
4 94 1 -2.3616 1
4 95 1 2.78706 1
4 101 1 2.66013 1
4 17 1 2.27091 1
4 118 1 1.31797 1
4 145 1 0.577262 1
145 93 1 0.0505598 1
118 73 1 -2.66891 1
101 75 1 0.516789 1
5 64 1 -0.724192 1
5 65 1 2.87723 1
5 66 1 -2.68586 1
5 67 1 3.546 1
5 68 1 2.51464 1
5 69 1 1.55011 1
5 70 1 -2.9537 1
5 71 1 -0.181857 1
5 72 1 0.755231 1
5 73 1 -2.59456 1
5 74 1 -2.33521 1
5 75 1 3.11237 1
5 76 1 1.95048 1
5 77 1 1.6223 1
5 78 1 -0.192771 1
5 79 1 -0.260297 1
5 80 1 3.81277 1
5 81 1 -1.73784 1
5 82 1 -1.0426 1
5 83 1 5.76232 1
5 84 1 0.95037 1
5 85 1 2.85677 1
5 86 1 -2.55028 1
5 87 1 -0.137037 1
5 88 1 -1.61233 1
5 89 1 -1.94099 1
5 90 1 -2.56767 1
5 91 1 0.90305 1
5 92 1 -1.72999 1
5 93 1 2.30037 1
5 94 1 -1.82072 1
5 95 1 -0.838833 1
6 64 1 0.00464962 1
6 65 1 0.467465 1
6 66 1 1.74986 1
6 67 1 1.78383 1
6 68 1 -3.98743 1
6 69 1 -0.752288 1
6 70 1 -1.24151 1
6 71 1 0.641881 1
6 72 1 1.40053 1
6 73 1 -3.27381 1
6 74 1 -3.5211 1
6 75 1 1.12597 1
6 76 1 3.98356 1
6 77 1 0.783274 1
6 78 1 -2.05195 1
6 79 1 -2.26583 1
6 80 1 2.05546 1
6 81 1 -0.460974 1
6 82 1 1.45525 1
6 83 1 1.63166 1
6 84 1 1.42482 1
6 85 1 -3.92098 1
6 86 1 -1.28104 1
6 87 1 4.12245 1
6 88 1 -1.97996 1
6 89 1 -2.07626 1
6 90 1 2.98045 1
6 91 1 -0.795541 1
6 92 1 2.62318 1
6 93 1 -2.74031 1
6 94 1 -1.95608 1
6 95 1 0.621447 1
6 26 1 1.28096 1
7 64 1 1.96533 1
7 65 1 0.269055 1
7 66 1 -0.356485 1
7 67 1 -3.88967 1
7 68 1 -2.87086 1
7 69 1 -1.15659 1
7 70 1 4.09374 1
7 71 1 1.88753 1
7 72 1 3.09031 1
7 73 1 0.526122 1
7 74 1 -0.967753 1
7 75 1 -1.45026 1
7 76 1 3.48578 1
7 77 1 -1.59503 1
7 78 1 2.10821 1
7 79 1 2.02306 1
7 80 1 -0.775788 1
7 81 1 1.39579 1
7 82 1 -4.3426 0
7 83 1 2.3555 0
7 84 1 -2.50033 1
7 85 1 2.67706 1
7 86 1 -0.215643 1
7 87 1 3.0362 1
7 88 1 -2.72921 1
7 89 1 -2.61965 1
7 90 1 -1.63052 1
7 91 1 -2.87616 1
7 92 1 0.221349 1
7 93 1 -0.594303 1
7 94 1 0.632885 1
7 95 1 3.18359 1
7 100 1 -0.222967 1
7 127 1 0.558819 1
127 82 1 -4.01675 1
100 83 1 0.326899 1
100 24 1 -0.49602 0
100 106 1 4.64668 1
106 24 1 -4.7639 1
106 6 1 0.276189 1
8 64 1 3.23296 1
8 65 1 -2.67804 1
8 66 1 -0.00687704 1
8 67 1 2.07509 1
8 68 1 -0.681844 1
8 69 1 3.16742 1
8 70 1 1.0756 1
8 71 1 2.56208 1
8 72 1 3.02592 1
8 73 1 0.560386 1
8 74 1 -0.0961927 1
8 75 1 -1.66451 1
8 76 1 -1.04694 1
8 77 1 1.74035 1
8 78 1 0.0779879 1
8 79 1 -2.12567 1
8 80 1 0.768419 1
8 81 1 0.157419 1
8 82 1 -0.288167 1
8 83 1 -3.25115 1
8 84 1 4.41365 1
8 85 1 7.84686 1
8 86 1 4.66155 1
8 87 1 1.16958 1
8 88 1 -0.320144 1
8 89 1 2.83464 1
8 90 1 -0.931076 1
8 91 1 -0.128234 1
8 92 1 3.16238 1
8 93 1 5.23402 1
8 94 1 4.93164 1
8 95 1 0.331361 1
8 17 1 -0.732886 1
9 64 1 -1.61469 1
9 65 1 -2.52278 1
9 66 1 0.658079 1
9 67 1 0.992585 1
9 68 1 -1.61509 1
9 69 1 0.595285 1
9 70 1 -3.43326 1
9 71 1 0.759684 1
9 72 1 3.07125 1
9 73 1 -2.30594 1
9 74 1 0.0366123 1
9 75 1 -0.102233 1
9 76 1 2.39143 1
9 77 1 -1.78351 1
9 78 1 3.22548 1
9 79 1 1.3416 1
9 80 1 -0.996056 1
9 81 1 0.472024 1
9 82 1 -2.17457 1
9 83 1 0.00675993 1
9 84 1 3.13109 1
9 85 1 3.16594 1
9 86 1 -1.05088 1
9 87 1 0.763767 1
9 88 1 1.78528 1
9 89 1 6.57585 1
9 90 1 -0.682287 1
9 91 1 -1.00605 1
9 92 1 -1.83914 1
9 93 1 -1.70025 1
9 94 1 -3.10198 1
9 95 1 0.628727 1
9 103 1 0.116274 1
10 64 1 1.04238 1
10 65 1 0.345765 1
10 66 1 5.29744 1
10 67 1 -5.5495 1
10 68 1 3.12539 1
10 69 1 -0.403596 1
10 70 1 -0.679919 1
10 71 1 -1.09897 1
10 72 1 3.60564 1
10 73 1 2.43706 1
10 74 1 0.828671 0
10 75 1 0.0523413 1
10 76 1 1.1856 1
10 77 1 -0.170671 1
10 78 1 -1.5645 1
10 79 1 -3.43661 1
10 80 1 -1.49585 1
10 81 1 2.89259 1
10 82 1 2.55829 1
10 83 1 0.295374 1
10 84 1 3.25261 1
10 85 1 3.8038 1
10 86 1 -2.62476 1
10 87 1 1.3113 1
10 88 1 3.10424 1
10 89 1 -1.08895 1
10 90 1 0.364917 1
10 91 1 1.57943 1
10 92 1 0.569418 1
10 93 1 -2.13215 1
10 94 1 3.67052 1
10 95 1 3.6594 1
10 124 1 2.01924 1
124 74 1 0.487658 1
11 64 1 4.03798 1
11 65 1 0.720035 1
11 66 1 3.50352 1
11 67 1 0.416888 1
11 68 1 5.02537 1
11 69 1 0.719315 1
11 70 1 2.03524 1
11 71 1 1.57359 1
11 72 1 -2.59006 1
11 73 1 1.35019 1
11 74 1 0.536871 0
11 75 1 -1.83194 1
11 76 1 -2.15647 1
11 77 1 -0.356552 1
11 78 1 -1.71194 1
11 79 1 -0.0778672 1
11 80 1 -1.2764 1
11 81 1 0.219225 1
11 82 1 4.01657 1
11 83 1 0.579943 1
11 84 1 2.70002 1
11 85 1 -1.67915 1
11 86 1 -4.20019 1
11 87 1 -1.37219 1
11 88 1 -2.41549 1
11 89 1 -1.37546 1
11 90 1 -1.61584 1
11 91 1 1.04303 1
11 92 1 -2.80744 1
11 93 1 3.59737 1
11 94 1 -1.40747 1
11 95 1 -3.20195 1
11 120 1 -2.08954 1
11 109 1 1.21544 1
120 74 1 -1.94127 1
12 64 1 -0.120989 1
12 65 1 1.25866 1
12 66 1 -2.80468 1
12 67 1 -2.33627 1
12 68 1 -0.0729763 1
12 69 1 2.65357 1
12 70 1 0.000344722 1
12 71 1 1.8567 1
12 72 1 0.505075 1
12 73 1 -3.08694 1
12 74 1 -4.4183 1
12 75 1 -1.91757 1
12 76 1 0.239138 1
12 77 1 0.00535254 1
12 78 1 0.442934 1
12 79 1 -2.7453 1
12 80 1 -1.40734 1
12 81 1 -1.06165 1
12 82 1 2.99588 1
12 83 1 -1.40312 1
12 84 1 1.13998 1
12 85 1 -0.468207 1
12 86 1 -0.351583 1
12 87 1 1.95514 1
12 88 1 -2.32084 1
12 89 1 2.53562 1
12 90 1 -1.20172 1
12 91 1 -2.23752 1
12 92 1 0.603857 1
12 93 1 -2.33107 1
12 94 1 1.43147 1
12 95 1 -1.01753 1
12 17 1 1.50156 1
13 64 1 -0.300446 1
13 65 1 -4.54365 1
13 66 1 0.072399 1
13 67 1 1.93969 1
13 68 1 2.33073 1
13 69 1 -2.52591 1
13 70 1 0.668427 1
13 71 1 1.45648 1
13 72 1 1.29901 1
13 73 1 -3.41255 1
13 74 1 -1.4531 1
13 75 1 -2.04806 1
13 76 1 -1.34465 1
13 77 1 -2.12632 1
13 78 1 -0.525785 1
13 79 1 1.81342 1
13 80 1 0.906746 1
13 81 1 0.240748 1
13 82 1 -0.638934 1
13 83 1 -0.273022 1
13 84 1 -1.61294 1
13 85 1 4.3706 1
13 86 1 4.89909 1
13 87 1 7.04563 1
13 88 1 2.0085 1
13 89 1 1.23209 1
13 90 1 -5.60003 1
13 91 1 -3.07247 1
13 92 1 -1.24862 1
13 93 1 -4.38608 1
13 94 1 -0.766642 1
13 95 1 -2.18003 1
14 64 1 -1.69844 1
14 65 1 4.54069 1
14 66 1 1.07364 1
14 67 1 -0.789512 1
14 68 1 -2.22343 1
14 69 1 3.3609 1
14 70 1 -2.61877 1
14 71 1 2.47291 1
14 72 1 1.41335 1
14 73 1 -1.04611 1
14 74 1 0.970126 1
14 75 1 2.77784 1
14 76 1 -0.496003 1
14 77 1 0.120096 1
14 78 1 -2.03454 1
14 79 1 -1.35188 1
14 80 1 -1.58261 1
14 81 1 1.26624 0
14 82 1 4.52515 1
14 83 1 -0.0471755 1
14 84 1 0.16543 1
14 85 1 -1.12109 1
14 86 1 1.69856 1
14 87 1 -1.97987 1
14 88 1 -0.452438 1
14 89 1 -0.87247 1
14 90 1 0.567522 1
14 91 1 3.965 1
14 92 1 1.45103 1
14 93 1 1.61756 1
14 94 1 4.78744 1
14 95 1 -1.07276 1
14 104 1 -1.7106 1
14 119 1 1.60062 1
119 81 1 5.63937 1
119 99 1 -0.586955 1
15 64 1 -0.683341 1
15 65 1 0.615691 1
15 66 1 -2.3621 1
15 67 1 -0.915808 1
15 68 1 -0.127079 1
15 69 1 -2.1225 1
15 70 1 7.48152 1
15 71 1 -1.29379 1
15 72 1 -1.01465 1
15 73 1 -0.539988 1
15 74 1 1.50893 1
15 75 1 -1.00458 1
15 76 1 0.365314 1
15 77 1 1.5369 1
15 78 1 -2.39997 1
15 79 1 -0.92798 1
15 80 1 1.18848 1
15 81 1 1.53699 1
15 82 1 -2.72989 1
15 83 1 -0.980065 1
15 84 1 0.606339 1
15 85 1 -0.263263 1
15 86 1 2.33865 1
15 87 1 -3.85044 1
15 88 1 1.03767 1
15 89 1 2.21972 1
15 90 1 0.942196 1
15 91 1 -3.14279 1
15 92 1 1.79386 1
15 93 1 -1.17446 1
15 94 1 1.6745 1
15 95 1 2.60709 1
16 64 1 3.35921 1
16 65 1 -0.908668 1
16 66 1 -4.72416 1
16 67 1 -3.12597 1
16 68 1 0.974212 1
16 69 1 0.211815 1
16 70 1 3.50575 1
16 71 1 3.44952 1
16 72 1 -0.546218 1
16 73 1 -2.48659 1
16 74 1 -0.0861563 1
16 75 1 1.06077 1
16 76 1 -0.131504 1
16 77 1 1.44407 1
16 78 1 -1.14007 1
16 79 1 -0.75994 1
16 80 1 0.326948 1
16 81 1 2.89136 1
16 82 1 -0.998403 1
16 83 1 1.4759 1
16 84 1 -1.09472 1
16 85 1 -0.014471 1
16 86 1 -2.4945 1
16 87 1 -2.50339 1
16 88 1 0.986344 1
16 89 1 -0.808564 1
16 90 1 -1.1677 1
16 91 1 3.15402 1
16 92 1 4.30855 1
16 93 1 -1.54946 1
16 94 1 -0.36682 1
16 95 1 -3.07333 1
17 64 1 -3.53043 1
17 65 1 -1.96026 1
17 66 1 -2.26462 1
17 67 1 3.44248 1
17 68 1 -0.881015 1
17 69 1 -0.266643 1
17 70 1 1.4502 1
17 71 1 1.54863 1
17 72 1 -6.30674 0
17 73 1 0.127359 1
17 74 1 2.85751 1
17 75 1 1.92361 1
17 76 1 -1.16753 1
17 77 1 0.851939 1
17 78 1 0.257645 1
17 79 1 -3.69526 1
17 80 1 3.48259 1
17 81 1 2.73773 1
17 82 1 -0.67472 1
17 83 1 -2.14611 1
17 84 1 -5.17312 1
17 85 1 1.45984 1
17 86 1 1.81541 1
17 87 1 -2.06105 1
17 88 1 -4.8651 1
17 89 1 0.306051 1
17 90 1 -3.77893 1
17 91 1 6.46345 1
17 92 1 -0.177019 1
17 93 1 3.43668 1
17 94 1 2.55726 1
17 95 1 -0.789834 1
17 146 1 0.767595 1
146 72 1 -6.41009 1
18 64 1 1.78147 1
18 65 1 -0.0323205 1
18 66 1 2.4803 1
18 67 1 -0.36677 1
18 68 1 -1.09901 1
18 69 1 1.54381 1
18 70 1 2.40104 1
18 71 1 0.821624 1
18 72 1 1.972 1
18 73 1 -1.4833 1
18 74 1 1.20589 1
18 75 1 0.297968 1
18 76 1 2.63322 1
18 77 1 -0.230771 1
18 78 1 2.05017 1
18 79 1 0.460215 1
18 80 1 -4.6957 1
18 81 1 2.75721 1
18 82 1 -3.63578 1
18 83 1 2.44969 1
18 84 1 -1.35671 1
18 85 1 0.666482 1
18 86 1 4.33022 1
18 87 1 -0.722696 1
18 88 1 0.247939 1
18 89 1 -3.01357 1
18 90 1 1.30157 1
18 91 1 1.79813 1
18 92 1 -2.79085 1
18 93 1 0.346118 1
18 94 1 -0.582595 1
18 95 1 0.717091 1
18 25 1 0.632826 1
18 18 1 0.457725 1
19 64 1 3.27978 1
19 65 1 -1.74184 1
19 66 1 3.42678 1
19 67 1 -0.505698 1
19 68 1 -2.66195 1
19 69 1 1.28624 1
19 70 1 -1.08144 1
19 71 1 -1.80711 1
19 72 1 2.66372 1
19 73 1 0.503688 1
19 74 1 -0.823916 1
19 75 1 1.79169 1
19 76 1 -1.98686 1
19 77 1 -1.17969 1
19 78 1 -4.94444 1
19 79 1 3.52596 1
19 80 1 0.421338 1
19 81 1 -4.32719 1
19 82 1 1.15256 1
19 83 1 -3.43148 1
19 84 1 -0.571573 1
19 85 1 1.04372 1
19 86 1 0.993077 1
19 87 1 2.13182 1
19 88 1 0.383452 1
19 89 1 5.34901 1
19 90 1 -1.48462 1
19 91 1 -0.139181 1
19 92 1 -0.330677 1
19 93 1 -3.19951 1
19 94 1 -0.862011 1
19 95 1 -5.73277 1
20 64 1 2.72557 1
20 65 1 -0.70344 1
20 66 1 -0.999179 1
20 67 1 2.0486 1
20 68 1 0.522034 1
20 69 1 -0.986989 1
20 70 1 -3.4499 1
20 71 1 1.83133 1
20 72 1 0.879845 1
20 73 1 2.83885 1
20 74 1 1.53191 1
20 75 1 3.28294 1
20 76 1 1.21422 1
20 77 1 -0.982497 1
20 78 1 3.0195 1
20 79 1 1.57533 1
20 80 1 -0.277944 1
20 81 1 0.347895 1
20 82 1 2.40653 1
20 83 1 0.6723 1
20 84 1 0.28637 1
20 85 1 -2.27347 1
20 86 1 1.18037 1
20 87 1 -1.68543 1
20 88 1 0.916757 1
20 89 1 2.2572 1
20 90 1 2.94536 1
20 91 1 1.15574 0
20 92 1 -1.64077 1
20 93 1 0.244379 0
20 94 1 3.66658 0
20 95 1 -0.397593 1
20 96 1 -2.83582 1
20 98 1 0.296911 1
20 103 1 -0.847252 1
20 109 1 0.608851 1
103 91 1 1.70698 0
103 105 1 0.676538 1
103 112 1 -0.560653 0
103 123 1 0.715946 1
103 140 1 0.0261522 1
140 112 1 0.9174 1
123 91 1 2.02618 1
123 113 1 -0.125035 0
123 136 1 1.27137 1
136 113 1 -1.21612 1
105 91 1 1.51042 0
105 129 1 0.0143116 1
129 91 1 0.0936519 0
129 135 1 0.963292 1
129 116 1 -0.916536 1
135 91 1 -1.2531 1
98 93 1 0.131316 1
98 99 1 3.53277 1
96 94 1 1.16789 1
96 20 1 0.00653171 1
21 64 1 1.52819 1
21 65 1 4.05016 1
21 66 1 -3.37936 1
21 67 1 -3.37074 1
21 68 1 -2.19348 1
21 69 1 2.78552 1
21 70 1 -1.41489 1
21 71 1 -2.76078 1
21 72 1 -6.67162 1
21 73 1 -0.210117 1
21 74 1 -1.19394 1
21 75 1 1.27969 1
21 76 1 0.258992 1
21 77 1 -0.398287 1
21 78 1 -2.88944 1
21 79 1 -1.61215 1
21 80 1 0.854049 1
21 81 1 -1.13537 1
21 82 1 -1.35085 1
21 83 1 1.40597 1
21 84 1 3.64354 1
21 85 1 -2.50786 1
21 86 1 2.38046 1
21 87 1 -0.702595 1
21 88 1 1.98926 1
21 89 1 1.09657 1
21 90 1 -1.04021 1
21 91 1 0.312585 0
21 92 1 2.31616 1
21 93 1 0.458968 1
21 94 1 -1.55103 1
21 95 1 -0.992415 1
21 143 1 0.616057 1
143 91 1 -0.455333 1
22 64 1 1.95288 1
22 65 1 1.2297 1
22 66 1 0.513199 1
22 67 1 5.63685 1
22 68 1 -0.249933 1
22 69 1 -1.93638 1
22 70 1 -2.24158 1
22 71 1 0.374362 1
22 72 1 -3.58982 1
22 73 1 1.10703 1
22 74 1 -2.21943 1
22 75 1 -0.94758 1
22 76 1 1.44063 1
22 77 1 1.66101 1
22 78 1 4.36042 1
22 79 1 5.40105 1
22 80 1 -1.11863 1
22 81 1 -2.23516 1
22 82 1 0.452609 1
22 83 1 -1.12942 1
22 84 1 -0.953461 1
22 85 1 0.269386 1
22 86 1 0.965832 1
22 87 1 4.04956 1
22 88 1 -2.08396 1
22 89 1 -2.38864 1
22 90 1 1.54486 1
22 91 1 1.26371 1
22 92 1 0.0511666 1
22 93 1 1.04654 1
22 94 1 3.09564 1
22 95 1 3.41782 1
23 64 1 -2.41837 1
23 65 1 1.13793 1
23 66 1 0.0197628 1
23 67 1 3.34157 1
23 68 1 -3.27535 1
23 69 1 0.961143 1
23 70 1 3.31806 1
23 71 1 -2.83611 1
23 72 1 1.95565 1
23 73 1 0.335794 1
23 74 1 2.49645 1
23 75 1 -0.471888 1
23 76 1 2.23934 1
23 77 1 3.11536 1
23 78 1 0.863631 1
23 79 1 -4.15013 1
23 80 1 0.900574 1
23 81 1 0.214234 1
23 82 1 -1.414 1
23 83 1 1.34532 1
23 84 1 3.90228 1
23 85 1 -1.4931 1
23 86 1 -8.03458 1
23 87 1 1.1328 1
23 88 1 2.32936 1
23 89 1 -1.03862 1
23 90 1 -1.8461 1
23 91 1 -0.60549 1
23 92 1 -0.668282 1
23 93 1 3.30094 1
23 94 1 -1.31211 1
23 95 1 -0.383339 1
23 107 1 0.871663 1
23 27 1 -0.384982 1
24 64 1 -2.48913 1
24 65 1 2.00078 1
24 66 1 -1.31358 1
24 67 1 5.04625 1
24 68 1 -4.04265 1
24 69 1 2.90455 1
24 70 1 -0.141507 1
24 71 1 3.07064 1
24 72 1 0.305978 1
24 73 1 2.02491 1
24 74 1 0.687914 1
24 75 1 0.568035 1
24 76 1 -0.534502 1
24 77 1 -0.812743 1
24 78 1 -4.19809 1
24 79 1 -0.804365 1
24 80 1 3.16537 1
24 81 1 -0.348624 1
24 82 1 2.60171 1
24 83 1 -3.70296 1
24 84 1 -2.22087 1
24 85 1 -1.80868 1
24 86 1 -3.46777 1
24 87 1 2.7402 1
24 88 1 -3.60426 1
24 89 1 6.29684 1
24 90 1 4.17504 1
24 91 1 -3.48026 1
24 92 1 0.398744 1
24 93 1 -0.356106 1
24 94 1 -1.16786 1
24 95 1 0.703107 1
24 5 1 2.13381 1
25 64 1 1.70419 1
25 65 1 2.42199 1
25 66 1 -0.0737741 1
25 67 1 -0.407924 1
25 68 1 4.28928 1
25 69 1 -3.07989 1
25 70 1 2.31436 0
25 71 1 -4.40019 1
25 72 1 0.817209 1
25 73 1 0.542791 1
25 74 1 1.93196 1
25 75 1 -1.041 1
25 76 1 -1.15631 1
25 77 1 -1.12977 1
25 78 1 3.78796 1
25 79 1 -0.412922 1
25 80 1 -0.56812 1
25 81 1 -2.60398 1
25 82 1 -0.354996 1
25 83 1 2.59318 1
25 84 1 -3.48765 1
25 85 1 -2.07444 1
25 86 1 0.601952 1
25 87 1 2.19496 1
25 88 1 -0.265439 1
25 89 1 2.98585 1
25 90 1 -3.533 1
25 91 1 1.89233 1
25 92 1 0.884458 1
25 93 1 0.177269 1
25 94 1 0.0003815 1
25 95 1 -3.52116 1
25 8 1 0.298314 1
25 6 1 -1.49341 1
25 121 1 -1.4756 1
121 70 1 6.01295 1
26 64 1 -3.11209 1
26 65 1 1.6715 1
26 66 1 -0.217529 1
26 67 1 0.409712 1
26 68 1 1.59299 1
26 69 1 2.3231 1
26 70 1 -2.63866 1
26 71 1 0.0330227 1
26 72 1 -2.18115 1
26 73 1 -0.836266 1
26 74 1 -2.87027 1
26 75 1 3.32018 1
26 76 1 0.691901 1
26 77 1 -3.49928 1
26 78 1 2.47134 1
26 79 1 -0.41968 1
26 80 1 0.220548 1
26 81 1 4.56127 1
26 82 1 0.209701 1
26 83 1 1.86982 1
26 84 1 -2.32862 1
26 85 1 -0.866507 1
26 86 1 -4.89556 1
26 87 1 1.11935 1
26 88 1 -1.84463 1
26 89 1 -0.57639 1
26 90 1 -1.43727 1
26 91 1 -3.82575 1
26 92 1 -0.795597 1
26 93 1 -0.688776 1
26 94 1 2.28005 1
26 95 1 -0.168115 1
26 23 1 3.37818 1
26 15 1 2.02704 1
27 64 1 -4.54208 1
27 65 1 4.06351 1
27 66 1 3.56584 1
27 67 1 -1.32072 1
27 68 1 1.07814 1
27 69 1 2.53621 1
27 70 1 4.01266 1
27 71 1 -4.77733 1
27 72 1 -0.318009 1
27 73 1 1.58306 1
27 74 1 -0.381023 1
27 75 1 -0.288117 1
27 76 1 -1.60693 1
27 77 1 -1.87605 1
27 78 1 -0.26908 1
27 79 1 0.475328 1
27 80 1 -1.1285 1
27 81 1 -0.636531 1
27 82 1 -1.07592 1
27 83 1 0.596543 1
27 84 1 0.511998 1
27 85 1 1.55056 1
27 86 1 -1.56545 1
27 87 1 2.16174 1
27 88 1 -3.93604 1
27 89 1 -3.35443 1
27 90 1 3.13758 1
27 91 1 -0.577203 1
27 92 1 -0.69016 1
27 93 1 -1.2507 1
27 94 1 1.67951 1
27 95 1 -3.17636 1
27 9 1 1.4896 1
27 5 1 -0.443063 1
28 64 1 2.14693 1
28 65 1 -0.364046 1
28 66 1 -1.80156 1
28 67 1 4.35539 1
28 68 1 0.916719 1
28 69 1 1.70939 1
28 70 1 -2.13343 1
28 71 1 -1.6165 1
28 72 1 -5.07066 1
28 73 1 1.67496 1
28 74 1 0.956921 1
28 75 1 0.173151 1
28 76 1 0.0687734 1
28 77 1 -0.129868 1
28 78 1 -1.58234 1
28 79 1 -0.103812 1
28 80 1 2.21516 1
28 81 1 -2.29813 1
28 82 1 2.5468 1
28 83 1 3.96321 1
28 84 1 1.09863 1
28 85 1 -6.74887 1
28 86 1 -2.49088 1
28 87 1 -3.21736 1
28 88 1 -4.77659 1
28 89 1 -0.623097 1
28 90 1 -3.17129 1
28 91 1 -1.19577 1
28 92 1 1.26015 1
28 93 1 -3.7839 1
28 94 1 3.47141 1
28 95 1 -3.37467 1
29 64 1 -0.676854 1
29 65 1 -2.02412 1
29 66 1 1.55688 1
29 67 1 1.4502 1
29 68 1 -6.51506 1
29 69 1 2.10705 1
29 70 1 -0.0579113 1
29 71 1 -2.1805 1
29 72 1 1.05261 1
29 73 1 -0.314032 1
29 74 1 0.749828 1
29 75 1 -1.48818 1
29 76 1 -0.954094 1
29 77 1 2.04566 1
29 78 1 -5.61292 1
29 79 1 -3.11553 1
29 80 1 2.38086 1
29 81 1 0.762495 1
29 82 1 -0.255338 1
29 83 1 -1.58009 1
29 84 1 1.03436 1
29 85 1 -0.0456428 1
29 86 1 -2.67777 1
29 87 1 -4.00977 1
29 88 1 -0.995187 1
29 89 1 -2.52172 1
29 90 1 -1.04848 1
29 91 1 1.84512 1
29 92 1 0.379365 1
29 93 1 1.54831 1
29 94 1 -1.83457 1
29 95 1 0.437123 1
29 113 1 1.10357 1
30 64 1 -1.72356 1
30 65 1 0.916112 1
30 66 1 3.41882 1
30 67 1 0.687816 1
30 68 1 1.04423 1
30 69 1 2.46959 1
30 70 1 1.32927 1
30 71 1 -1.77807 1
30 72 1 0.34964 1
30 73 1 4.98105 1
30 74 1 -1.04543 1
30 75 1 2.38608 1
30 76 1 0.664144 1
30 77 1 -0.729999 1
30 78 1 2.89737 1
30 79 1 4.16211 1
30 80 1 -0.680446 1
30 81 1 -2.85245 1
30 82 1 3.12141 1
30 83 1 3.7506 1
30 84 1 0.816605 1
30 85 1 -1.52437 1
30 86 1 -1.83141 1
30 87 1 -3.51512 1
30 88 1 1.39191 1
30 89 1 -0.355987 1
30 90 1 2.27684 1
30 91 1 4.60025 1
30 92 1 -1.32234 1
30 93 1 2.34088 1
30 94 1 2.53668 1
30 95 1 -1.06362 1
31 64 1 2.00837 1
31 65 1 0.0740797 1
31 66 1 -1.53947 1
31 67 1 5.19602 1
31 68 1 2.74161 1
31 69 1 3.01767 1
31 70 1 -3.2553 1
31 71 1 0.691353 1
31 72 1 -3.34806 1
31 73 1 -1.58311 1
31 74 1 0.646427 1
31 75 1 -0.455406 1
31 76 1 0.0704593 1
31 77 1 0.771957 1
31 78 1 -3.18313 1
31 79 1 0.222595 1
31 80 1 -1.39238 1
31 81 1 -1.76595 1
31 82 1 0.0596443 1
31 83 1 -0.467776 1
31 84 1 -2.31055 1
31 85 1 -1.4631 1
31 86 1 -0.82801 1
31 87 1 -1.23871 0
31 88 1 2.45421 1
31 89 1 -0.449425 1
31 90 1 1.4611 1
31 91 1 -1.19679 1
31 92 1 -1.49435 1
31 93 1 1.79065 1
31 94 1 0.563189 1
31 95 1 -1.05625 1
31 122 1 2.00949 1
122 87 1 1.30378 1
32 64 1 7.59668 1
32 65 1 1.82152 1
32 66 1 -3.59285 1
32 67 1 2.82362 1
32 68 1 -0.00587109 1
32 69 1 3.15037 1
32 70 1 -0.539435 1
32 71 1 0.872041 1
32 72 1 -3.6098 1
32 73 1 0.25762 1
32 74 1 -2.27553 1
32 75 1 3.55275 1
32 76 1 -2.27399 1
32 77 1 1.43171 1
32 78 1 -0.79395 1
32 79 1 1.28114 1
32 80 1 -0.012975 1
32 81 1 -2.35213 1
32 82 1 -1.85917 1
32 83 1 -2.48158 1
32 84 1 1.86846 1
32 85 1 -2.48167 1
32 86 1 0.845662 1
32 87 1 -0.776317 1
32 88 1 -1.84944 1
32 89 1 -2.15251 1
32 90 1 1.96047 1
32 91 1 -3.06677 1
32 92 1 3.16329 1
32 93 1 -0.664586 1
32 94 1 -0.516606 1
32 95 1 -2.15424 1
33 64 1 1.80743 1
33 65 1 -4.98321 1
33 66 1 -0.677504 1
33 67 1 -2.47624 1
33 68 1 -0.722371 1
33 69 1 -0.550294 1
33 70 1 2.79445 1
33 71 1 4.74107 1
33 72 1 -0.458853 1
33 73 1 3.60805 1
33 74 1 1.76232 1
33 75 1 -4.07235 1
33 76 1 -0.581442 1
33 77 1 2.12782 1
33 78 1 -1.63166 1
33 79 1 -2.60534 1
33 80 1 2.43916 1
33 81 1 -0.681407 1
33 82 1 -0.545295 1
33 83 1 2.4146 1
33 84 1 1.44473 1
33 85 1 -0.226596 1
33 86 1 0.689454 1
33 87 1 2.22933 1
33 88 1 2.08665 1
33 89 1 3.79064 1
33 90 1 -2.81785 1
33 91 1 2.05653 1
33 92 1 3.65276 1
33 93 1 2.52606 1
33 94 1 0.11391 1
33 95 1 -0.271413 1
33 20 1 -0.460046 1
33 107 1 0.460121 1
34 64 1 -0.263027 1
34 65 1 -0.518036 1
34 66 1 1.31452 1
34 67 1 1.87716 1
34 68 1 1.69019 1
34 69 1 0.142235 1
34 70 1 -0.980968 1
34 71 1 -0.363975 1
34 72 1 -0.399256 1
34 73 1 -1.90123 1
34 74 1 2.10818 1
34 75 1 4.06451 1
34 76 1 -2.70855 1
34 77 1 0.523443 1
34 78 1 -1.09603 1
34 79 1 1.33825 1
34 80 1 1.67907 1
34 81 1 -1.2639 1
34 82 1 -0.106607 1
34 83 1 1.74961 1
34 84 1 0.837955 1
34 85 1 0.275428 1
34 86 1 -0.873263 1
34 87 1 -0.132066 1
34 88 1 1.94951 1
34 89 1 -1.19483 1
34 90 1 -4.30713 1
34 91 1 1.60941 1
34 92 1 -1.17819 1
34 93 1 -1.87312 1
34 94 1 3.24319 1
34 95 1 1.28098 1
34 113 1 -0.177596 1
35 64 1 -1.50503 1
35 65 1 -1.13751 1
35 66 1 1.48883 1
35 67 1 2.31967 1
35 68 1 -0.210607 1
35 69 1 4.47659 1
35 70 1 2.69855 1
35 71 1 0.344163 1
35 72 1 2.29121 1
35 73 1 6.14824 1
35 74 1 2.34099 1
35 75 1 -0.358622 1
35 76 1 -3.58932 1
35 77 1 1.80435 1
35 78 1 -1.20853 1
35 79 1 -0.920745 1
35 80 1 -7.24128 1
35 81 1 -0.328823 1
35 82 1 1.95126 0
35 83 1 -0.643153 1
35 84 1 2.32826 1
35 85 1 -4.33554 1
35 86 1 -1.04044 1
35 87 1 -2.09154 1
35 88 1 -0.979453 1
35 89 1 1.71774 0
35 90 1 -1.03901 1
35 91 1 -1.32565 1
35 92 1 -3.17092 1
35 93 1 -0.867194 1
35 94 1 -1.84897 1
35 95 1 0.742541 1
35 130 1 0.577736 1
35 133 1 2.35272 1
133 82 1 1.66327 1
130 89 1 1.2154 1
36 64 1 0.570892 1
36 65 1 1.52036 1
36 66 1 1.03914 1
36 67 1 0.881619 1
36 68 1 -3.61749 1
36 69 1 -1.48808 1
36 70 1 -0.438418 1
36 71 1 2.03357 1
36 72 1 -0.513325 1
36 73 1 0.180706 1
36 74 1 1.82166 1
36 75 1 0.363233 1
36 76 1 2.06666 1
36 77 1 -4.08367 1
36 78 1 -0.677851 1
36 79 1 4.14329 1
36 80 1 -0.158293 1
36 81 1 -1.99863 1
36 82 1 -2.24293 0
36 83 1 1.2482 1
36 84 1 1.17331 1
36 85 1 -2.25516 1
36 86 1 0.289074 1
36 87 1 0.569028 1
36 88 1 1.45108 1
36 89 1 1.14765 1
36 90 1 -2.53734 1
36 91 1 0.506502 1
36 92 1 3.95208 1
36 93 1 1.61266 1
36 94 1 -1.62763 1
36 95 1 5.38939 1
36 109 1 1.85579 0
36 24 1 -0.812242 1
36 117 1 -0.0485913 1
117 109 1 0.347564 1
109 82 1 0.925968 1
109 31 1 -0.0272608 1
37 64 1 -5.1023 1
37 65 1 -0.0244672 1
37 66 1 -1.59717 1
37 67 1 -1.37881 1
37 68 1 -3.99984 1
37 69 1 -0.388824 1
37 70 1 -3.231 1
37 71 1 -0.237664 1
37 72 1 2.56551 1
37 73 1 1.1303 1
37 74 1 -0.587901 1
37 75 1 0.818841 1
37 76 1 1.83821 0
37 77 1 1.79015 1
37 78 1 -0.867253 1
37 79 1 -0.30148 1
37 80 1 2.01945 1
37 81 1 1.08469 1
37 82 1 4.12626 1
37 83 1 0.585382 1
37 84 1 -4.3969 1
37 85 1 2.9072 1
37 86 1 -1.6464 1
37 87 1 0.191415 1
37 88 1 -2.40876 1
37 89 1 -0.285294 1
37 90 1 0.215916 1
37 91 1 1.30017 1
37 92 1 3.3233 1
37 93 1 0.252418 1
37 94 1 -2.36217 1
37 95 1 -0.460654 1
37 142 1 0.373254 1
142 76 1 1.2003 1
38 64 1 0.245767 1
38 65 1 -2.65323 1
38 66 1 -1.91616 1
38 67 1 0.595872 1
38 68 1 -1.48081 1
38 69 1 -4.26165 1
38 70 1 -0.113626 1
38 71 1 -0.126981 1
38 72 1 -2.10116 1
38 73 1 0.480572 1
38 74 1 -1.80288 1
38 75 1 1.60837 1
38 76 1 2.61078 1
38 77 1 -0.877995 1
38 78 1 -1.27299 1
38 79 1 0.344588 1
38 80 1 -5.97479 1
38 81 1 -0.590559 1
38 82 1 2.90194 1
38 83 1 -0.998077 1
38 84 1 -2.85324 1
38 85 1 -3.27322 1
38 86 1 -0.532937 1
38 87 1 0.0694327 1
38 88 1 0.676566 1
38 89 1 4.09269 1
38 90 1 -0.784362 1
38 91 1 3.1114 1
38 92 1 2.19085 1
38 93 1 -1.02912 1
38 94 1 0.435976 1
38 95 1 -3.18222 1
39 64 1 1.30388 1
39 65 1 -3.16494 1
39 66 1 2.83538 1
39 67 1 -1.24957 1
39 68 1 0.76317 1
39 69 1 -1.32822 1
39 70 1 1.72889 1
39 71 1 0.711591 1
39 72 1 -2.75164 1
39 73 1 -3.06058 1
39 74 1 1.07412 1
39 75 1 1.93089 0
39 76 1 2.49911 1
39 77 1 -0.286813 1
39 78 1 -2.22658 1
39 79 1 -2.25352 1
39 80 1 1.37752 1
39 81 1 -2.74355 1
39 82 1 -0.296416 1
39 83 1 0.420931 1
39 84 1 -1.01653 1
39 85 1 1.12451 1
39 86 1 1.04602 1
39 87 1 0.433877 1
39 88 1 -1.38871 1
39 89 1 1.09769 1
39 90 1 4.167 1
39 91 1 -2.06362 1
39 92 1 3.70891 1
39 93 1 -1.38474 1
39 94 1 -4.79494 1
39 95 1 -0.0154852 1
39 2 1 -3.59049 1
39 112 1 3.8517 1
39 13 1 -1.21511 1
39 104 1 -0.683819 1
112 75 1 -1.5345 1
112 138 1 -1.03211 1
40 64 1 -5.08941 1
40 65 1 -0.15289 1
40 66 1 1.98431 1
40 67 1 0.897278 1
40 68 1 4.2741 1
40 69 1 -0.0462907 1
40 70 1 -1.47893 1
40 71 1 0.317315 1
40 72 1 4.59913 1
40 73 1 1.84506 1
40 74 1 -0.872816 1
40 75 1 1.15295 1
40 76 1 0.0593041 1
40 77 1 3.6086 1
40 78 1 3.20696 1
40 79 1 0.0194509 1
40 80 1 0.696155 1
40 81 1 -0.416655 1
40 82 1 -0.363947 1
40 83 1 -3.2272 1
40 84 1 0.514538 1
40 85 1 2.99631 1
40 86 1 0.592419 1
40 87 1 1.47416 1
40 88 1 0.904502 1
40 89 1 0.0576754 1
40 90 1 -1.7995 1
40 91 1 -0.218102 1
40 92 1 -0.91545 1
40 93 1 1.59672 1
40 94 1 0.152779 1
40 95 1 1.94192 1
40 2 1 -0.788893 1
40 134 1 0.495357 1
41 64 1 4.84321 1
41 65 1 -0.403689 1
41 66 1 0.0276455 1
41 67 1 -1.35449 1
41 68 1 0.682941 1
41 69 1 -1.63539 1
41 70 1 1.17508 1
41 71 1 1.14715 1
41 72 1 5.11849 1
41 73 1 -5.67998 1
41 74 1 0.168444 1
41 75 1 2.24942 1
41 76 1 -1.12041 1
41 77 1 -0.180867 1
41 78 1 -3.58648 1
41 79 1 1.10185 1
41 80 1 2.74133 1
41 81 1 2.67423 1
41 82 1 -1.92946 1
41 83 1 2.12637 1
41 84 1 -1.45098 1
41 85 1 0.235172 1
41 86 1 1.55092 1
41 87 1 -0.182213 1
41 88 1 4.00968 1
41 89 1 -2.37004 1
41 90 1 -3.7446 1
41 91 1 0.439166 1
41 92 1 1.01826 1
41 93 1 0.111512 1
41 94 1 -0.817901 1
41 95 1 0.762542 1
41 11 1 2.17005 1
41 29 1 -0.165244 1
42 64 1 1.1128 1
42 65 1 1.42432 1
42 66 1 0.215928 1
42 67 1 -1.01085 1
42 68 1 -1.97743 1
42 69 1 -2.29278 1
42 70 1 -1.68782 1
42 71 1 -1.68773 1
42 72 1 -1.11012 1
42 73 1 -3.20954 1
42 74 1 0.382213 1
42 75 1 -0.184152 1
42 76 1 -1.21046 1
42 77 1 -1.61467 1
42 78 1 -2.52878 1
42 79 1 1.2031 1
42 80 1 -1.43715 1
42 81 1 0.296461 1
42 82 1 2.87582 1
42 83 1 2.18483 1
42 84 1 1.79502 1
42 85 1 2.29886 1
42 86 1 0.54282 1
42 87 1 -1.88936 1
42 88 1 -1.08951 1
42 89 1 0.205412 1
42 90 1 1.05729 1
42 91 1 0.259228 1
42 92 1 -1.5353 1
42 93 1 3.08333 1
42 94 1 -2.10047 1
42 95 1 1.86652 1
43 64 1 3.11294 1
43 65 1 -2.83797 1
43 66 1 1.9786 1
43 67 1 2.08314 1
43 68 1 1.00332 1
43 69 1 0.347995 1
43 70 1 -0.0578856 1
43 71 1 -3.40018 1
43 72 1 -1.75359 1
43 73 1 -7.8882 1
43 74 1 2.17692 1
43 75 1 -1.91629 1
43 76 1 1.83736 1
43 77 1 1.35349 1
43 78 1 0.77833 1
43 79 1 -1.27371 1
43 80 1 -0.303711 1
43 81 1 2.24863 1
43 82 1 1.33153 1
43 83 1 -2.31602 1
43 84 1 0.731016 1
43 85 1 2.11537 1
43 86 1 -0.439835 1
43 87 1 3.92124 1
43 88 1 -0.656787 1
43 89 1 2.42096 1
43 90 1 0.930433 1
43 91 1 -4.39062 1
43 92 1 3.14646 1
43 93 1 2.59111 1
43 94 1 -4.47326 1
43 95 1 0.84044 1
44 64 1 0.68982 1
44 65 1 -2.10669 1
44 66 1 0.425957 1
44 67 1 -2.1121 1
44 68 1 -2.48062 1
44 69 1 -0.578206 1
44 70 1 2.5016 1
44 71 1 0.530307 1
44 72 1 -2.60852 1
44 73 1 0.59029 1
44 74 1 -2.15137 1
44 75 1 -1.88791 1
44 76 1 -0.559328 1
44 77 1 1.09646 1
44 78 1 2.57234 1
44 79 1 1.58952 1
44 80 1 6.0846 1
44 81 1 -2.84763 1
44 82 1 1.41 1
44 83 1 -2.97556 1
44 84 1 -0.196454 1
44 85 1 0.720671 1
44 86 1 0.609323 1
44 87 1 0.12713 1
44 88 1 0.415675 1
44 89 1 0.0928791 1
44 90 1 -0.00792735 1
44 91 1 5.88725e-05 1
44 92 1 0.250574 1
44 93 1 2.72428 1
44 94 1 -0.376818 1
44 95 1 -0.420199 1
44 8 1 0.725287 1
44 29 1 1.16212 1
45 64 1 -0.347576 1
45 65 1 3.82144 1
45 66 1 0.829924 1
45 67 1 0.374378 1
45 68 1 -2.3585 1
45 69 1 -6.32757 1
45 70 1 -4.81231 1
45 71 1 -0.358871 1
45 72 1 -3.45809 1
45 73 1 3.00121 1
45 74 1 2.65542 1
45 75 1 4.41823 1
45 76 1 -0.774458 1
45 77 1 0.809737 1
45 78 1 -3.19999 1
45 79 1 1.83888 1
45 80 1 -1.95837 1
45 81 1 0.948204 1
45 82 1 0.867455 1
45 83 1 -2.1642 1
45 84 1 2.00696 1
45 85 1 -3.72203 1
45 86 1 0.576114 1
45 87 1 0.89395 1
45 88 1 0.358843 1
45 89 1 -3.52089 1
45 90 1 0.0464364 1
45 91 1 3.31685 1
45 92 1 -2.55961 1
45 93 1 -5.12816 1
45 94 1 1.16963 1
45 95 1 -2.27468 1
45 9 1 3.40966 1
45 20 1 1.13769 1
46 64 1 -0.359577 1
46 65 1 0.884865 1
46 66 1 1.94663 1
46 67 1 2.83361 1
46 68 1 -5.4517 1
46 69 1 -1.74031 1
46 70 1 1.27303 1
46 71 1 -0.408491 1
46 72 1 2.2041 1
46 73 1 -2.57183 1
46 74 1 -2.05613 1
46 75 1 3.56173 1
46 76 1 -4.27742 1
46 77 1 3.00179 1
46 78 1 -1.68388 1
46 79 1 -0.741807 1
46 80 1 5.157 1
46 81 1 -0.118886 1
46 82 1 -0.461913 1
46 83 1 2.06792 1
46 84 1 -0.162141 1
46 85 1 3.14303 1
46 86 1 -1.00949 1
46 87 1 1.40313 1
46 88 1 -2.7423 1
46 89 1 -4.11224 1
46 90 1 -1.83805 1
46 91 1 1.13396 1
46 92 1 0.145463 1
46 93 1 -2.1541 1
46 94 1 -1.46438 1
46 95 1 -0.10693 1
46 24 1 2.46482 1
47 64 1 -0.929569 1
47 65 1 0.0102152 1
47 66 1 -3.07648 1
47 67 1 4.0295 1
47 68 1 0.384849 1
47 69 1 2.48547 1
47 70 1 -1.65955 1
47 71 1 0.221126 1
47 72 1 2.01938 1
47 73 1 4.41911 0
47 74 1 -0.397143 1
47 75 1 -1.18874 1
47 76 1 -2.89201 1
47 77 1 -5.52391 1
47 78 1 -1.01588 1
47 79 1 1.75742 1
47 80 1 4.09817 1
47 81 1 -4.63994 1
47 82 1 0.313228 1
47 83 1 -1.70139 1
47 84 1 -3.64201 1
47 85 1 0.545219 1
47 86 1 -1.69865 1
47 87 1 4.15853 1
47 88 1 0.177762 1
47 89 1 0.229915 1
47 90 1 6.72612 1
47 91 1 1.44405 1
47 92 1 -0.257703 1
47 93 1 -0.0403415 1
47 94 1 0.139836 1
47 95 1 -1.8206 1
47 4 1 0.629603 1
47 137 1 0.17489 1
137 73 1 4.6308 1
48 64 1 -0.468423 1
48 65 1 -0.1936 1
48 66 1 0.571029 1
48 67 1 -0.481355 1
48 68 1 -3.21013 1
48 69 1 -4.2359 1
48 70 1 0.819049 1
48 71 1 2.5713 1
48 72 1 -2.15741 1
48 73 1 2.52059 1
48 74 1 6.31458 1
48 75 1 -3.09482 1
48 76 1 0.497697 1
48 77 1 -2.91856 1
48 78 1 0.581824 1
48 79 1 1.06398 1
48 80 1 -0.891501 1
48 81 1 -1.15989 1
48 82 1 -0.233814 1
48 83 1 -0.4486 1
48 84 1 0.892613 1
48 85 1 0.428107 1
48 86 1 -1.82437 1
48 87 1 0.0486193 1
48 88 1 -3.05905 1
48 89 1 -0.0199397 1
48 90 1 1.57288 1
48 91 1 0.587669 1
48 92 1 -3.51485 1
48 93 1 0.488974 1
48 94 1 3.8793 1
48 95 1 2.55599 1
48 16 1 -0.632342 1
48 12 1 -0.94109 1
48 14 1 -2.06333 1
49 64 1 -0.407371 1
49 65 1 -0.739117 1
49 66 1 -1.7486 1
49 67 1 -0.634714 1
49 68 1 -0.494495 1
49 69 1 1.8735 1
49 70 1 -0.504178 1
49 71 1 -3.66134 1
49 72 1 -1.15411 1
49 73 1 0.435875 1
49 74 1 2.92122 1
49 75 1 0.89579 1
49 76 1 -4.89129 1
49 77 1 -2.57941 1
49 78 1 -3.0471 1
49 79 1 2.20924 1
49 80 1 6.18703 1
49 81 1 -3.38178 1
49 82 1 0.960821 1
49 83 1 -1.84858 1
49 84 1 2.34069 1
49 85 1 -3.32168 1
49 86 1 1.10417 1
49 87 1 -1.17168 1
49 88 1 -1.9744 1
49 89 1 0.22025 1
49 90 1 0.0481227 1
49 91 1 0.900654 1
49 92 1 2.43858 1
49 93 1 -0.170942 1
49 94 1 0.878313 1
49 95 1 2.4253 1
49 19 1 -1.36831 1
49 31 1 0.347145 1
50 64 1 -4.17317 1
50 65 1 -3.16147 1
50 66 1 2.68517 1
50 67 1 -2.11988 1
50 68 1 2.22023 1
50 69 1 0.519011 1
50 70 1 0.870332 1
50 71 1 5.83794 1
50 72 1 -1.55312 1
50 73 1 5.56371 1
50 74 1 -1.04553 1
50 75 1 -0.0211435 1
50 76 1 -2.22881 1
50 77 1 0.568979 1
50 78 1 2.58034 1
50 79 1 -1.71409 1
50 80 1 1.47242 1
50 81 1 0.0509321 1
50 82 1 -1.57077 1
50 83 1 1.32359 1
50 84 1 -2.05907 1
50 85 1 -0.616099 1
50 86 1 -0.219306 1
50 87 1 -1.74035 1
50 88 1 -3.57225 1
50 89 1 0.470343 1
50 90 1 -0.983338 1
50 91 1 -1.23315 1
50 92 1 0.375364 1
50 93 1 -0.208376 1
50 94 1 -2.51144 1
50 95 1 1.68513 1
50 4 1 4.33492 1
50 22 1 -1.9612 1
51 64 1 -0.594589 1
51 65 1 3.39759 1
51 66 1 1.27471 1
51 67 1 -1.22534 1
51 68 1 -1.33005 1
51 69 1 -0.538135 1
51 70 1 3.81809 1
51 71 1 3.60188 1
51 72 1 -2.9021 1
51 73 1 -1.86553 0
51 74 1 -2.96839 1
51 75 1 5.71228 1
51 76 1 -2.67436 1
51 77 1 -0.143038 1
51 78 1 2.61673 1
51 79 1 -0.217897 1
51 80 1 1.81286 1
51 81 1 -3.30277 1
51 82 1 0.183199 1
51 83 1 3.42567 1
51 84 1 -3.00071 1
51 85 1 -3.02753 1
51 86 1 -1.56252 1
51 87 1 0.368189 1
51 88 1 0.60144 1
51 89 1 1.10568 1
51 90 1 1.86339 1
51 91 1 0.461271 1
51 92 1 2.65638 1
51 93 1 3.31464 1
51 94 1 -4.75648 1
51 95 1 -1.15073 1
51 116 1 0.772326 1
51 12 1 -1.42388 1
116 73 1 -0.456363 0
116 134 1 1.26555 1
134 73 1 1.8817 1
52 64 1 -2.98028 1
52 65 1 2.40017 1
52 66 1 1.24885 1
52 67 1 -0.414772 1
52 68 1 0.180709 1
52 69 1 3.45594 1
52 70 1 2.57033 1
52 71 1 -2.04791 1
52 72 1 -0.130286 1
52 73 1 4.47181 1
52 74 1 2.14718 1
52 75 1 0.312769 1
52 76 1 -3.29735 1
52 77 1 -0.947254 1
52 78 1 1.81178 1
52 79 1 0.908734 1
52 80 1 -0.878468 1
52 81 1 0.128356 1
52 82 1 -3.26665 1
52 83 1 -2.13107 1
52 84 1 1.18898 1
52 85 1 -0.904631 1
52 86 1 -2.59776 1
52 87 1 0.495627 1
52 88 1 1.90731 1
52 89 1 -1.39697 1
52 90 1 -1.13917 1
52 91 1 -0.803272 1
52 92 1 -1.37144 1
52 93 1 -1.21926 0
52 94 1 1.16995 1
52 95 1 0.96985 1
52 115 1 -0.765539 1
52 139 1 0.887102 1
139 93 1 -1.87693 1
53 64 1 -2.82313 1
53 65 1 1.69133 1
53 66 1 -0.712185 1
53 67 1 0.252948 1
53 68 1 2.60149 1
53 69 1 2.31599 1
53 70 1 -1.59888 1
53 71 1 0.558086 1
53 72 1 -0.926491 1
53 73 1 1.43094 1
53 74 1 -1.54413 1
53 75 1 -1.5125 1
53 76 1 1.48922 1
53 77 1 2.11878 1
53 78 1 -1.76991 1
53 79 1 0.488145 1
53 80 1 1.56965 1
53 81 1 0.0661455 1
53 82 1 1.63541 1
53 83 1 0.81565 1
53 84 1 1.91524 1
53 85 1 0.943566 1
53 86 1 0.621482 1
53 87 1 0.599182 1
53 88 1 -0.626483 1
53 89 1 0.273964 1
53 90 1 -1.7236 1
53 91 1 -0.0268973 1
53 92 1 2.48499 1
53 93 1 0.949686 1
53 94 1 0.285609 1
53 95 1 -1.29678 1
53 20 1 4.15047 1
53 23 1 1.40076 1
54 64 1 0.923349 1
54 65 1 -0.272391 1
54 66 1 -1.45222 1
54 67 1 0.781658 1
54 68 1 1.08337 1
54 69 1 -2.29728 1
54 70 1 0.498042 1
54 71 1 1.86959 1
54 72 1 1.71023 1
54 73 1 1.57571 1
54 74 1 -0.59451 1
54 75 1 0.0725308 1
54 76 1 -0.635141 1
54 77 1 2.47555 1
54 78 1 -0.0507019 1
54 79 1 1.12307 1
54 80 1 1.51191 1
54 81 1 2.47096 1
54 82 1 -4.25502 1
54 83 1 5.4918 1
54 84 1 0.823445 1
54 85 1 0.517167 1
54 86 1 -3.41932 1
54 87 1 -1.7329 1
54 88 1 2.55938 1
54 89 1 3.12428 1
54 90 1 -3.18677 1
54 91 1 2.18424 1
54 92 1 -1.34661 1
54 93 1 0.777919 1
54 94 1 -2.06625 1
54 95 1 -1.88569 1
54 30 1 -1.87415 1
54 144 1 0.479721 1
55 64 1 0.783365 1
55 65 1 -2.75224 1
55 66 1 0.274396 1
55 67 1 -0.289367 1
55 68 1 -2.98581 1
55 69 1 3.42399 1
55 70 1 2.56446 1
55 71 1 -3.87092 1
55 72 1 2.11084 1
55 73 1 -0.3778 1
55 74 1 3.06012 1
55 75 1 -4.24035 1
55 76 1 -4.29477 1
55 77 1 1.90979 1
55 78 1 -2.02501 1
55 79 1 2.98657 1
55 80 1 -1.35193 1
55 81 1 0.313129 1
55 82 1 -2.53924 1
55 83 1 -0.698865 1
55 84 1 0.61843 1
55 85 1 -5.06738 1
55 86 1 1.22645 1
55 87 1 2.64684 1
55 88 1 -2.98474 1
55 89 1 -2.70704 1
55 90 1 0.292018 1
55 91 1 1.97882 1
55 92 1 4.86364 1
55 93 1 -3.07583 1
55 94 1 -1.84833 1
55 95 1 -0.692835 0
55 28 1 3.76764 1
55 114 1 1.80086 1
114 95 1 -1.60494 1
56 64 1 0.53439 1
56 65 1 -1.39577 1
56 66 1 -0.658274 1
56 67 1 -0.339305 1
56 68 1 0.794739 0
56 69 1 0.0485286 1
56 70 1 0.831126 1
56 71 1 -0.14912 1
56 72 1 -1.16338 1
56 73 1 -2.071 1
56 74 1 4.25498 1
56 75 1 4.25819 1
56 76 1 -3.34028 1
56 77 1 -0.639887 1
56 78 1 -5.0326 1
56 79 1 1.77417 1
56 80 1 -1.04755 1
56 81 1 3.53065 1
56 82 1 3.27147 1
56 83 1 -2.80918 1
56 84 1 -2.03218 1
56 85 1 -1.11004 1
56 86 1 0.703456 1
56 87 1 -3.19835 1
56 88 1 0.968164 1
56 89 1 -2.56616 1
56 90 1 -0.587393 1
56 91 1 0.384312 1
56 92 1 1.88353 1
56 93 1 2.83649 1
56 94 1 -1.93487 1
56 95 1 -0.0356908 1
56 3 1 -1.27426 1
56 126 1 2.55686 1
126 68 1 1.26644 1
126 11 1 -0.414234 1
57 64 1 -3.83642 1
57 65 1 2.50029 1
57 66 1 -3.07195 1
57 67 1 -0.36301 1
57 68 1 3.10678 1
57 69 1 -1.51056 0
57 70 1 0.381878 1
57 71 1 1.95752 1
57 72 1 0.464115 1
57 73 1 -0.312355 1
57 74 1 2.01111 1
57 75 1 3.63861 1
57 76 1 2.63072 1
57 77 1 -3.82879 1
57 78 1 -0.755675 1
57 79 1 -1.52214 1
57 80 1 0.90109 1
57 81 1 4.43235 1
57 82 1 2.57145 1
57 83 1 -1.89353 1
57 84 1 1.01629 1
57 85 1 -2.88634 1
57 86 1 -1.44186 1
57 87 1 0.645494 1
57 88 1 -2.54138 1
57 89 1 1.10116 1
57 90 1 -0.187783 1
57 91 1 -0.345907 1
57 92 1 -1.54429 1
57 93 1 0.115662 1
57 94 1 -0.549897 1
57 95 1 2.34014 1
57 104 1 2.75795 1
57 22 1 0.591019 1
104 69 1 1.51956 1
104 1 1 -0.47073 1
58 64 1 1.02572 1
58 65 1 -2.09902 1
58 66 1 -0.221555 1
58 67 1 -1.62243 1
58 68 1 0.834985 1
58 69 1 -1.95459 1
58 70 1 -1.99698 1
58 71 1 0.0605451 1
58 72 1 -0.472313 1
58 73 1 -1.74527 1
58 74 1 2.94294 1
58 75 1 2.6708 1
58 76 1 3.63426 1
58 77 1 -0.516273 1
58 78 1 -1.54228 1
58 79 1 1.01006 0
58 80 1 -4.01983 1
58 81 1 1.1074 1
58 82 1 1.30945 1
58 83 1 0.128334 1
58 84 1 -1.05328 1
58 85 1 0.502022 1
58 86 1 1.12878 1
58 87 1 -1.89965 1
58 88 1 -1.61936 1
58 89 1 -0.951654 1
58 90 1 -1.72507 1
58 91 1 0.759623 1
58 92 1 3.0873 1
58 93 1 0.80233 1
58 94 1 -3.20383 1
58 95 1 1.29128 1
58 128 1 0.949335 1
128 79 1 1.07685 0
128 131 1 0.71118 1
131 79 1 -0.282266 1
59 64 1 -0.728673 1
59 65 1 0.877434 1
59 66 1 0.311595 1
59 67 1 -1.77575 1
59 68 1 0.821017 1
59 69 1 -0.619618 1
59 70 1 -1.99381 1
59 71 1 3.67058 1
59 72 1 -0.863402 1
59 73 1 -2.6464 1
59 74 1 0.0393321 1
59 75 1 -0.313692 1
59 76 1 1.50744 1
59 77 1 0.732871 0
59 78 1 0.62535 1
59 79 1 -3.47314 1
59 80 1 0.70193 1
59 81 1 -0.115526 1
59 82 1 -4.77536 1
59 83 1 3.07666 1
59 84 1 -1.77881 1
59 85 1 -1.50257 1
59 86 1 -2.40505 1
59 87 1 2.11338 1
59 88 1 4.8824 1
59 89 1 -1.14403 1
59 90 1 0.542808 1
59 91 1 -1.19807 1
59 92 1 -0.000260664 1
59 93 1 1.94629 1
59 94 1 -3.4159 1
59 95 1 1.76969 1
59 97 1 1.20087 1
59 5 1 -2.58559 1
59 11 1 -1.15651 1
59 13 1 0.578589 1
97 77 1 -4.4576 0
97 22 1 -2.82069 1
97 2 1 -4.83149 0
97 99 1 1.54976 1
97 7 1 3.67061 0
97 102 1 2.28587 1
97 17 1 1.18347 1
97 147 1 0.999562 1
147 77 1 -4.51543 1
102 7 1 4.48863 1
99 2 1 2.2636 0
99 108 1 4.49955 1
99 15 1 -0.680112 1
108 2 1 -0.525359 0
108 125 1 3.75504 1
125 2 1 -0.424523 1
60 64 1 1.34965 1
60 65 1 -1.25384 1
60 66 1 -1.22626 1
60 67 1 0.201989 1
60 68 1 0.917993 1
60 69 1 0.471101 1
60 70 1 -2.10484 1
60 71 1 -0.300683 1
60 72 1 1.00234 0
60 73 1 -1.19548 1
60 74 1 -0.0646998 1
60 75 1 -0.137439 1
60 76 1 1.0057 1
60 77 1 3.11543 1
60 78 1 0.457489 1
60 79 1 0.986647 1
60 80 1 -3.24421 1
60 81 1 -1.70828 1
60 82 1 -1.05293 1
60 83 1 0.645696 1
60 84 1 -2.87267 1
60 85 1 2.41098 1
60 86 1 1.13098 1
60 87 1 0.244268 1
60 88 1 -4.22166 1
60 89 1 -1.17922 1
60 90 1 -2.08247 1
60 91 1 1.03083 1
60 92 1 1.67137 1
60 93 1 2.00996 1
60 94 1 0.828476 1
60 95 1 0.135785 1
60 24 1 -3.36432 1
60 0 1 1.62175 1
60 115 1 1.63668 1
60 3 1 0.760428 1
115 72 1 -1.40314 1
115 18 1 1.35788 1
61 64 1 0.169201 1
61 65 1 0.0415799 1
61 66 1 1.09033 1
61 67 1 0.224118 1
61 68 1 -4.28989 1
61 69 1 2.43198 1
61 70 1 0.256897 1
61 71 1 0.465504 1
61 72 1 -1.63189 1
61 73 1 1.51286 1
61 74 1 2.01595 1
61 75 1 3.00667 1
61 76 1 -0.495943 1
61 77 1 -0.868361 0
61 78 1 0.0636914 1
61 79 1 -0.00905412 1
61 80 1 -1.24059 1
61 81 1 0.110324 1
61 82 1 -0.0146532 1
61 83 1 1.36539 1
61 84 1 -0.778228 1
61 85 1 1.31178 1
61 86 1 -0.813798 1
61 87 1 2.32362 1
61 88 1 0.875142 1
61 89 1 0.918875 1
61 90 1 0.939836 1
61 91 1 2.13935 1
61 92 1 -1.24486 1
61 93 1 -0.601429 1
61 94 1 0.789496 1
61 95 1 -0.916485 1
61 107 1 0.549421 1
61 113 1 -3.78945 1
107 77 1 -5.47493 0
107 113 1 1.72089 1
107 14 1 -2.21963 1
113 77 1 -3.14112 1
113 23 1 -1.19619 1
62 64 1 1.1062 1
62 65 1 -3.68302 1
62 66 1 2.56101 1
62 67 1 -1.44932 1
62 68 1 2.59137 1
62 69 1 -0.0450803 1
62 70 1 1.96514 1
62 71 1 -2.01301 1
62 72 1 0.230187 1
62 73 1 2.18058 1
62 74 1 3.08412 1
62 75 1 -1.13313 1
62 76 1 3.44084 1
62 77 1 -3.04689 1
62 78 1 -2.5172 1
62 79 1 -0.94386 1
62 80 1 -2.16648 1
62 81 1 -1.39033 1
62 82 1 -1.77424 1
62 83 1 0.864615 1
62 84 1 -0.732003 0
62 85 1 -0.33263 1
62 86 1 4.47929 1
62 87 1 -2.74717 1
62 88 1 0.713991 1
62 89 1 -1.70159 1
62 90 1 -6.35939 1
62 91 1 0.280188 1
62 92 1 -0.044887 1
62 93 1 2.65204 1
62 94 1 1.7192 1
62 95 1 0.536976 1
62 5 1 1.74071 1
62 138 1 2.28754 1
138 84 1 0.404863 1
63 64 1 2.71058 1
63 65 1 -1.29484 1
63 66 1 2.93842 1
63 67 1 -0.151928 1
63 68 1 -1.63801 1
63 69 1 -2.77554 1
63 70 1 -2.19864 1
63 71 1 3.36934 1
63 72 1 -1.07375 1
63 73 1 1.43831 1
63 74 1 -4.51377 1
63 75 1 1.24183 1
63 76 1 -1.9013 0
63 77 1 3.42558 1
63 78 1 0.0886498 1
63 79 1 0.568591 1
63 80 1 -0.0230075 1
63 81 1 -0.427293 1
63 82 1 -0.718123 1
63 83 1 -0.582938 1
63 84 1 -3.36549 1
63 85 1 -3.24167 1
63 86 1 5.83801 1
63 87 1 -3.43941 0
63 88 1 0.805319 1
63 89 1 -0.610135 1
63 90 1 3.86502 1
63 91 1 -0.564379 1
63 92 1 0.337995 1
63 93 1 1.88534 1
63 94 1 -4.19335 1
63 95 1 0.644896 1
63 141 1 0.788683 1
63 144 1 0.890899 1
144 76 1 -2.24843 1
141 87 1 -4.84836 1
