148 64 32
1.70876 0.0525438 -5.51913 5.88956 -3.56905 2.07504 1.29947 0.563364 0.45918 0.323613 1.63298 1.75543 -2.02672 -4.02233 -1.15298 -3.00804 0.00912998 0.536314 0.0143942 -0.0066914 -2.1048 -1.25546 -1.32041 1.51835 -3.19564 0.578945 3.05816 2.49377 -1.02809 -1.72897 -5.09133 3.42448 -1.30209 1.10797 0.13984 1.75035 -2.46816 -1.22605 1.22195 -0.925193 -1.78912 -0.507401 -0.365853 -3.20835 -3.17396 -0.223208 -2.29396 2.05287 -0.636529 3.04117 1.23176 -3.74197 -2.43603 0.654691 -0.85971 3.14997 -3.20118 -0.517203 0.305085 -2.40122 0.828175 -1.22205 -0.539694 -3.29121 -3.29089 0.0668639 2.74142 2.42928 -2.73861 1.50655 -1.79478 -1.46961 -2.42038 -1.77188 3.04265 2.49805 -1.94906 -1.06455 0.267698 -3.37991 0.739386 0.67279 -2.3752 1.56418 1.90526 0.262617 -2.77644 0.537789 5.11355 -0.0538503 -2.8186 1.89005 -1.25819 1.01883 0.493243 -1.61817 0.152016 -0.0900728 -1.15232 0.969366 3.09541 -2.90878 -5.05228 -2.53156 -2.0555 1.18234 -0.346884 -2.57065 0.277364 0.225823 -0.906939 2.14772 2.48781 -3.18762 -0.399347 -0.459661 -2.91508 -0.38386 -1.05406 -0.114976 1.57972 0.36041 -0.0547206 1.92564 -0.313586 1.57765 0.999964 -0.419694 2.09225 1.70324 -0.299706 -1.46816 -0.659939 0.109678 0.868875 -0.720493 -0.791013 -0.609081 -0.928103 -0.753512 0.340614 -0.0698441 0.261686 0.147899 -0.453736 -0.205083 0.138592 -0.0472181 
0 64 1 -3.57924 1
0 65 1 1.63156 1
0 66 1 1.32564 1
0 67 1 -1.13043 1
0 68 1 -1.31358 1
0 69 1 1.92454 1
0 70 1 -0.224942 1
0 71 1 -1.33004 1
0 72 1 0.800334 1
0 73 1 -0.721293 1
0 74 1 -3.62308 1
0 75 1 0.768974 1
0 76 1 1.57348 1
0 77 1 2.3856 1
0 78 1 -3.1695 1
0 79 1 3.26565 1
0 80 1 2.1868 1
0 81 1 2.76005 1
0 82 1 2.55471 1
0 83 1 1.59019 1
0 84 1 -3.73512 1
0 85 1 2.98263 1
0 86 1 -2.8117 1
0 87 1 -2.27589 1
0 88 1 0.234647 1
0 89 1 1.30601 1
0 90 1 4.15858 1
0 91 1 5.72048 1
0 92 1 -3.12646 1
0 93 1 -1.20352 1
0 94 1 -0.0133626 1
0 95 1 0.740221 1
0 10 1 -1.14842 1
1 64 1 -1.3837 1
1 65 1 -1.73082 1
1 66 1 1.62268 1
1 67 1 -2.58079 1
1 68 1 4.5316 1
1 69 1 -1.1976 1
1 70 1 2.1485 1
1 71 1 -1.03997 1
1 72 1 -0.263345 1
1 73 1 -0.989398 1
1 74 1 -3.90406 1
1 75 1 3.10986 1
1 76 1 -0.662815 1
1 77 1 4.03074 1
1 78 1 -1.27216 1
1 79 1 0.00301479 1
1 80 1 -3.5252 1
1 81 1 1.02056 1
1 82 1 -1.15817 1
1 83 1 -6.03599 1
1 84 1 -1.1778 1
1 85 1 -0.131184 1
1 86 1 1.52283 1
1 87 1 -1.51425 1
1 88 1 -0.837973 1
1 89 1 2.58989 1
1 90 1 -0.61387 1
1 91 1 -2.24522 1
1 92 1 -0.458382 1
1 93 1 0.655479 1
1 94 1 -1.9561 1
1 95 1 -3.57513 1
1 27 1 -0.679429 1
2 64 1 0.178475 1
2 65 1 3.50937 1
2 66 1 -2.43762 1
2 67 1 -1.61572 1
2 68 1 -1.01418 1
2 69 1 2.66319 1
2 70 1 -1.51779 1
2 71 1 2.91804 1
2 72 1 -1.83188 1
2 73 1 -3.42996 1
2 74 1 -4.15927 1
2 75 1 -1.26805 1
2 76 1 -4.24556 1
2 77 1 -0.158613 1
2 78 1 -2.79682 1
2 79 1 -3.23283 1
2 80 1 -3.16823 1
2 81 1 -4.19822 1
2 82 1 0.321997 1
2 83 1 -1.88898 1
2 84 1 0.202707 1
2 85 1 2.73097 1
2 86 1 -0.286497 1
2 87 1 -0.802941 1
2 88 1 0.00405963 1
2 89 1 -3.37479 1
2 90 1 -2.01195 1
2 91 1 -1.61405 1
2 92 1 2.67975 1
2 93 1 -3.43942 1
2 94 1 2.60873 1
2 95 1 -0.439852 1
2 100 1 -1.31683 1
2 6 1 4.65613 1
2 110 1 0.102096 1
3 64 1 -2.3366 1
3 65 1 -1.00037 1
3 66 1 0.0108994 1
3 67 1 2.1282 1
3 68 1 3.63225 1
3 69 1 -3.67826 1
3 70 1 -0.0439195 1
3 71 1 1.32418 1
3 72 1 6.21213 1
3 73 1 -1.39275 1
3 74 1 0.898447 1
3 75 1 2.85894 1
3 76 1 1.01642 1
3 77 1 -0.878487 1
3 78 1 -0.729022 1
3 79 1 -0.629106 1
3 80 1 -1.87578 1
3 81 1 -0.891698 1
3 82 1 4.41174 1
3 83 1 0.626655 1
3 84 1 0.389331 1
3 85 1 -2.45236 1
3 86 1 -1.22344 1
3 87 1 1.93276 1
3 88 1 -0.105632 1
3 89 1 1.06969 1
3 90 1 1.10995 1
3 91 1 1.31244 1
3 92 1 -0.790018 1
3 93 1 -2.77342 1
3 94 1 -3.54368 1
3 95 1 1.83086 0
3 110 1 0.821301 1
110 95 1 -1.11834 0
110 111 1 0.565368 0
110 132 1 1.72679 1
132 111 1 1.69573 1
111 95 1 -3.59897 1
4 64 1 1.53822 1
4 65 1 -0.940459 1
4 66 1 -2.12663 1
4 67 1 2.7347 1
4 68 1 -0.995798 1
4 69 1 2.84587 1
4 70 1 -0.20093 1
4 71 1 -0.205901 1
4 72 1 1.72759 1
4 73 1 -0.738988 0
4 74 1 0.543459 1
4 75 1 -4.8128 0
4 76 1 1.27719 1
4 77 1 3.39232 1
4 78 1 1.29262 1
4 79 1 1.78912 1
4 80 1 -2.961 1
4 81 1 0.214789 1
4 82 1 0.659991 1
4 83 1 -2.82738 1
4 84 1 -0.163493 1
4 85 1 3.56147 1
4 86 1 1.50836 1
4 87 1 -0.739582 1
4 88 1 -1.47723 1
4 89 1 0.0694144 1
4 90 1 2.83025 1
4 91 1 -5.47951 1
4 92 1 -0.163752 1
4 93 1 0.508858 0
4 94 1 -2.3452 1
4 95 1 2.67762 1
4 101 1 2.7492 1
4 17 1 2.0262 1
4 118 1 1.40637 1
4 145 1 -0.0236456 1
145 93 1 0.0474737 1
118 73 1 -2.62667 1
101 75 1 0.746449 1
5 64 1 -0.803031 1
5 65 1 2.52539 1
5 66 1 -3.0355 1
5 67 1 3.69534 1
5 68 1 2.56464 1
5 69 1 2.17829 1
5 70 1 -2.81814 1
5 71 1 -0.0507167 1
5 72 1 0.480398 1
5 73 1 -2.85901 1
5 74 1 -2.27924 1
5 75 1 2.49267 1
5 76 1 2.11832 1
5 77 1 1.94297 1
5 78 1 -0.0533723 1
5 79 1 -0.0914318 1
5 80 1 3.24672 1
5 81 1 -2.06131 1
5 82 1 -1.30831 1
5 83 1 5.56389 1
5 84 1 1.30422 1
5 85 1 2.97426 1
5 86 1 -3.03964 1
5 87 1 -0.0373266 1
5 88 1 -1.46157 1
5 89 1 -2.36294 1
5 90 1 -2.60045 1
5 91 1 0.281075 1
5 92 1 -2.08755 1
5 93 1 1.7405 1
5 94 1 -1.33466 1
5 95 1 -1.23967 1
6 64 1 0.293793 1
6 65 1 -0.155276 1
6 66 1 2.05517 1
6 67 1 2.68097 1
6 68 1 -3.78315 1
6 69 1 -0.816317 1
6 70 1 -1.24286 1
6 71 1 -0.209834 1
6 72 1 1.16153 1
6 73 1 -2.95187 1
6 74 1 -3.44696 1
6 75 1 1.11974 1
6 76 1 4.00791 1
6 77 1 0.504683 1
6 78 1 -2.24482 1
6 79 1 -2.73687 1
6 80 1 2.27902 1
6 81 1 -0.255179 1
6 82 1 1.41856 1
6 83 1 1.74205 1
6 84 1 1.44554 1
6 85 1 -2.90387 1
6 86 1 -1.29044 1
6 87 1 4.20197 1
6 88 1 -1.78302 1
6 89 1 -2.5025 1
6 90 1 3.33462 1
6 91 1 -0.907997 1
6 92 1 2.76867 1
6 93 1 -2.72035 1
6 94 1 -2.12947 1
6 95 1 0.904284 1
6 26 1 0.427094 1
7 64 1 2.4437 1
7 65 1 0.641906 1
7 66 1 -0.00973235 1
7 67 1 -3.51424 1
7 68 1 -3.11222 1
7 69 1 -1.41475 1
7 70 1 3.95942 1
7 71 1 1.75911 1
7 72 1 3.30863 1
7 73 1 0.203188 1
7 74 1 -1.14641 1
7 75 1 -1.49797 1
7 76 1 3.21691 1
7 77 1 -2.03144 1
7 78 1 2.80828 1
7 79 1 1.8892 1
7 80 1 -0.911098 1
7 81 1 1.78444 1
7 82 1 -4.19231 0
7 83 1 2.37544 0
7 84 1 -2.78105 1
7 85 1 2.94154 1
7 86 1 -0.0733711 1
7 87 1 3.18684 1
7 88 1 -2.9533 1
7 89 1 -2.45945 1
7 90 1 -1.38869 1
7 91 1 -2.66925 1
7 92 1 0.516428 1
7 93 1 -1.04945 1
7 94 1 0.693051 1
7 95 1 3.17003 1
7 100 1 -0.535051 1
7 127 1 0.513161 1
127 82 1 -3.17961 1
100 83 1 0.22679 1
100 24 1 -0.211913 0
100 106 1 4.32508 1
106 24 1 -5.2519 1
106 6 1 -0.0421603 1
8 64 1 2.82238 1
8 65 1 -2.55965 1
8 66 1 0.335161 1
8 67 1 2.11787 1
8 68 1 -0.668467 1
8 69 1 3.31089 1
8 70 1 1.2491 1
8 71 1 2.85236 1
8 72 1 2.84075 1
8 73 1 0.360665 1
8 74 1 -0.022095 1
8 75 1 -2.05713 1
8 76 1 -1.076 1
8 77 1 2.68568 1
8 78 1 -0.173766 1
8 79 1 -2.20642 1
8 80 1 1.07962 1
8 81 1 0.771314 1
8 82 1 -0.276988 1
8 83 1 -2.84852 1
8 84 1 4.0385 1
8 85 1 7.36108 1
8 86 1 5.468 1
8 87 1 0.786058 1
8 88 1 0.228969 1
8 89 1 2.97759 1
8 90 1 -0.676829 1
8 91 1 -0.172864 1
8 92 1 3.48502 1
8 93 1 5.20484 1
8 94 1 4.96922 1
8 95 1 0.714796 1
8 17 1 -0.900304 1
9 64 1 -2.35352 1
9 65 1 -2.42227 1
9 66 1 0.801957 1
9 67 1 1.31851 1
9 68 1 -1.98963 1
9 69 1 -0.172963 1
9 70 1 -3.89369 1
9 71 1 0.836516 1
9 72 1 3.62924 1
9 73 1 -2.19903 1
9 74 1 0.0488265 1
9 75 1 0.184197 1
9 76 1 2.74806 1
9 77 1 -0.461644 1
9 78 1 2.88508 1
9 79 1 1.26488 1
9 80 1 -1.28304 1
9 81 1 0.272831 1
9 82 1 -2.604 1
9 83 1 -0.000710436 1
9 84 1 3.06919 1
9 85 1 2.3876 1
9 86 1 -0.496387 1
9 87 1 0.853656 1
9 88 1 1.49899 1
9 89 1 6.19271 1
9 90 1 -0.331349 1
9 91 1 -0.159318 1
9 92 1 -2.52179 1
9 93 1 -1.23765 1
9 94 1 -2.99571 1
9 95 1 -0.00846472 1
9 103 1 -0.377576 1
10 64 1 0.969974 1
10 65 1 0.509918 1
10 66 1 5.01956 1
10 67 1 -5.41211 1
10 68 1 3.48135 1
10 69 1 0.136352 1
10 70 1 -0.434108 1
10 71 1 -1.74608 1
10 72 1 3.71541 1
10 73 1 2.69232 1
10 74 1 0.857037 0
10 75 1 0.0754493 1
10 76 1 1.58191 1
10 77 1 -0.381385 1
10 78 1 -1.5375 1
10 79 1 -3.63424 1
10 80 1 -2.0185 1
10 81 1 3.04284 1
10 82 1 2.49582 1
10 83 1 0.829252 1
10 84 1 2.7617 1
10 85 1 2.85689 1
10 86 1 -2.56567 1
10 87 1 0.985131 1
10 88 1 3.66129 1
10 89 1 -0.970622 1
10 90 1 0.729037 1
10 91 1 1.93422 1
10 92 1 0.622477 1
10 93 1 -1.97501 1
10 94 1 3.92489 1
10 95 1 3.50814 1
10 124 1 1.69865 1
124 74 1 0.520989 1
11 64 1 4.28582 1
11 65 1 1.17318 1
11 66 1 3.30387 1
11 67 1 0.101124 1
11 68 1 4.60826 1
11 69 1 0.368203 1
11 70 1 1.98734 1
11 71 1 0.629047 1
11 72 1 -2.68511 1
11 73 1 0.795573 1
11 74 1 0.709027 0
11 75 1 -1.10424 1
11 76 1 -2.00224 1
11 77 1 -0.229955 1
11 78 1 -1.62157 1
11 79 1 0.0345055 1
11 80 1 -1.53807 1
11 81 1 0.213385 1
11 82 1 3.76264 1
11 83 1 0.402564 1
11 84 1 2.49754 1
11 85 1 -1.48375 1
11 86 1 -4.35491 1
11 87 1 -0.989142 1
11 88 1 -2.31721 1
11 89 1 -0.463799 1
11 90 1 -1.27949 1
11 91 1 0.706158 1
11 92 1 -3.35587 1
11 93 1 3.20286 1
11 94 1 -0.923563 1
11 95 1 -2.97916 1
11 120 1 -2.54139 1
11 109 1 1.19834 1
120 74 1 -1.99203 1
12 64 1 -0.274726 1
12 65 1 0.269879 1
12 66 1 -2.6886 1
12 67 1 -2.6972 1
12 68 1 -0.0889366 1
12 69 1 2.40188 1
12 70 1 -0.259703 1
12 71 1 2.0967 1
12 72 1 0.959602 1
12 73 1 -4.02504 1
12 74 1 -3.8186 1
12 75 1 -1.82892 1
12 76 1 0.179474 1
12 77 1 -0.19969 1
12 78 1 0.764701 1
12 79 1 -1.53808 1
12 80 1 -1.84281 1
12 81 1 -1.20859 1
12 82 1 2.62861 1
12 83 1 -0.536829 1
12 84 1 1.21709 1
12 85 1 -0.81368 1
12 86 1 -0.0577071 1
12 87 1 1.65658 1
12 88 1 -3.02538 1
12 89 1 2.44556 1
12 90 1 -1.33502 1
12 91 1 -2.40125 1
12 92 1 0.537635 1
12 93 1 -2.15352 1
12 94 1 1.1838 1
12 95 1 -1.5558 1
12 17 1 1.7828 1
12 18 1 0.337377 1
13 64 1 0.555129 1
13 65 1 -4.05994 1
13 66 1 0.471439 1
13 67 1 2.40725 1
13 68 1 2.19569 1
13 69 1 -2.48842 1
13 70 1 0.608061 1
13 71 1 1.63607 1
13 72 1 1.38529 1
13 73 1 -3.41234 1
13 74 1 -1.58246 1
13 75 1 -2.45201 1
13 76 1 -0.875445 1
13 77 1 -2.15159 1
13 78 1 -0.136386 1
13 79 1 2.33397 1
13 80 1 0.34667 1
13 81 1 0.276614 1
13 82 1 -1.10022 1
13 83 1 -0.18869 1
13 84 1 -2.23583 1
13 85 1 5.11656 1
13 86 1 5.2981 1
13 87 1 7.1572 1
13 88 1 2.15581 1
13 89 1 0.747024 1
13 90 1 -5.23818 1
13 91 1 -2.95131 1
13 92 1 -0.695425 1
13 93 1 -4.21951 1
13 94 1 -0.308044 1
13 95 1 -2.6053 1
14 64 1 -1.65235 1
14 65 1 4.51853 1
14 66 1 1.56949 1
14 67 1 -0.509396 1
14 68 1 -2.38969 1
14 69 1 3.97811 1
14 70 1 -2.62526 1
14 71 1 2.23306 1
14 72 1 1.8768 1
14 73 1 -0.924376 1
14 74 1 1.26412 1
14 75 1 2.28478 1
14 76 1 -0.493696 1
14 77 1 0.777705 1
14 78 1 -1.83213 1
14 79 1 -0.831991 1
14 80 1 -1.57383 1
14 81 1 1.03443 0
14 82 1 5.23849 1
14 83 1 -0.852906 1
14 84 1 -0.222868 1
14 85 1 -1.57261 1
14 86 1 2.0044 1
14 87 1 -1.34573 1
14 88 1 -0.451649 1
14 89 1 -1.41842 1
14 90 1 1.01135 1
14 91 1 3.75644 1
14 92 1 1.84312 1
14 93 1 1.5583 1
14 94 1 4.95079 1
14 95 1 -0.275198 1
14 104 1 -1.56837 1
14 119 1 1.39236 1
119 81 1 5.47864 1
119 99 1 -1.05248 1
15 64 1 -0.885493 1
15 65 1 0.851308 1
15 66 1 -1.99543 1
15 67 1 -1.48192 1
15 68 1 -0.0876351 1
15 69 1 -2.32005 1
15 70 1 7.36943 1
15 71 1 -1.03268 1
15 72 1 -0.968306 1
15 73 1 -0.878777 1
15 74 1 2.01908 1
15 75 1 -0.547725 1
15 76 1 -0.0251075 1
15 77 1 1.39584 1
15 78 1 -1.5147 1
15 79 1 -1.06512 1
15 80 1 1.25461 1
15 81 1 1.06345 1
15 82 1 -2.12992 1
15 83 1 -0.734544 1
15 84 1 0.973656 1
15 85 1 -0.749454 1
15 86 1 1.97575 1
15 87 1 -3.54165 1
15 88 1 1.65537 1
15 89 1 2.69301 1
15 90 1 0.942897 1
15 91 1 -3.70562 1
15 92 1 1.67582 1
15 93 1 -1.28475 1
15 94 1 1.60925 1
15 95 1 2.55525 1
16 64 1 3.42036 1
16 65 1 -0.666564 1
16 66 1 -5.14935 1
16 67 1 -3.27022 1
16 68 1 0.81613 1
16 69 1 0.253414 1
16 70 1 3.11279 1
16 71 1 3.69552 1
16 72 1 -0.191081 1
16 73 1 -1.9372 1
16 74 1 -0.12954 1
16 75 1 0.586619 1
16 76 1 -0.464494 1
16 77 1 1.69472 1
16 78 1 -1.04502 1
16 79 1 -0.601172 1
16 80 1 0.324873 1
16 81 1 2.3337 1
16 82 1 -1.75023 1
16 83 1 1.85937 1
16 84 1 -1.2695 1
16 85 1 -0.159601 1
16 86 1 -2.77616 1
16 87 1 -2.27391 1
16 88 1 0.370532 1
16 89 1 -0.889651 1
16 90 1 -0.963646 1
16 91 1 3.12231 1
16 92 1 4.85726 1
16 93 1 -1.80724 1
16 94 1 -0.0631563 1
16 95 1 -2.41056 1
17 64 1 -4.44806 1
17 65 1 -1.92429 1
17 66 1 -2.33129 1
17 67 1 3.567 1
17 68 1 -1.44547 1
17 69 1 -0.42889 1
17 70 1 1.49643 1
17 71 1 2.21405 1
17 72 1 -5.93484 0
17 73 1 -0.057634 1
17 74 1 3.0537 1
17 75 1 2.30091 1
17 76 1 -0.760097 1
17 77 1 1.29462 1
17 78 1 0.0874779 1
17 79 1 -3.83829 1
17 80 1 3.92802 1
17 81 1 2.84431 1
17 82 1 -1.30318 1
17 83 1 -2.10167 1
17 84 1 -5.16015 1
17 85 1 1.20654 1
17 86 1 2.19625 1
17 87 1 -1.81385 1
17 88 1 -5.49923 1
17 89 1 0.879489 1
17 90 1 -3.38257 1
17 91 1 6.49586 1
17 92 1 -0.125341 1
17 93 1 2.73037 1
17 94 1 2.67834 1
17 95 1 -0.916963 1
17 146 1 0.735858 1
146 72 1 -6.44903 1
18 64 1 2.05652 1
18 65 1 -0.212471 1
18 66 1 2.32254 1
18 67 1 -0.124961 1
18 68 1 -1.51785 1
18 69 1 1.6817 1
18 70 1 2.12493 1
18 71 1 0.474691 1
18 72 1 1.82404 1
18 73 1 -1.36991 1
18 74 1 1.20081 1
18 75 1 0.992879 1
18 76 1 2.42164 1
18 77 1 -0.169868 1
18 78 1 2.79346 1
18 79 1 0.190147 1
18 80 1 -4.9179 1
18 81 1 2.64074 1
18 82 1 -3.75444 1
18 83 1 2.04755 1
18 84 1 -1.96105 1
18 85 1 0.709713 1
18 86 1 4.40098 1
18 87 1 -1.52393 1
18 88 1 0.325569 1
18 89 1 -3.09655 1
18 90 1 1.36588 1
18 91 1 1.97735 1
18 92 1 -2.56431 1
18 93 1 0.570504 1
18 94 1 -0.462839 1
18 95 1 0.797152 1
18 25 1 -0.0073098 1
18 18 1 0.34251 1
18 139 1 -0.712096 1
19 64 1 3.64311 1
19 65 1 -2.02203 1
19 66 1 3.55973 1
19 67 1 0.0126358 1
19 68 1 -2.6217 1
19 69 1 1.56163 1
19 70 1 -0.941356 1
19 71 1 -2.07018 1
19 72 1 3.10178 1
19 73 1 1.0134 1
19 74 1 -0.549987 1
19 75 1 1.71648 1
19 76 1 -1.6328 1
19 77 1 -1.6267 1
19 78 1 -4.67909 1
19 79 1 3.62579 1
19 80 1 0.480899 1
19 81 1 -4.39587 1
19 82 1 0.770229 1
19 83 1 -3.24489 1
19 84 1 -0.330068 1
19 85 1 1.2433 1
19 86 1 1.31312 1
19 87 1 1.69469 1
19 88 1 0.474986 1
19 89 1 5.15577 1
19 90 1 -1.54963 1
19 91 1 0.0986125 1
19 92 1 -0.896839 1
19 93 1 -3.5983 1
19 94 1 -0.793764 1
19 95 1 -5.80553 1
20 64 1 2.24915 1
20 65 1 -0.603153 1
20 66 1 -1.62735 1
20 67 1 1.81173 1
20 68 1 0.726705 1
20 69 1 -0.759169 1
20 70 1 -3.73456 1
20 71 1 2.24384 1
20 72 1 1.40042 1
20 73 1 2.55031 1
20 74 1 1.57897 1
20 75 1 2.98737 1
20 76 1 0.779459 1
20 77 1 -0.679766 1
20 78 1 2.96195 1
20 79 1 1.77747 1
20 80 1 -0.317887 1
20 81 1 0.312056 1
20 82 1 2.8874 1
20 83 1 0.322981 1
20 84 1 0.403774 1
20 85 1 -2.38086 1
20 86 1 0.870156 1
20 87 1 -1.54323 1
20 88 1 1.04761 1
20 89 1 2.24613 1
20 90 1 2.88693 1
20 91 1 0.621896 0
20 92 1 -1.62139 1
20 93 1 -0.102753 0
20 94 1 3.71414 0
20 95 1 -0.393585 1
20 96 1 -3.06134 1
20 98 1 -0.234036 1
20 103 1 -0.347561 1
20 109 1 0.266663 1
103 91 1 1.38004 0
103 105 1 0.916783 1
103 112 1 -0.944761 0
103 123 1 0.887043 1
103 140 1 -0.390998 1
140 112 1 1.48083 1
123 91 1 1.22731 1
123 113 1 0.329767 0
123 136 1 1.49574 1
136 113 1 -1.10712 1
105 91 1 2.07288 0
105 129 1 -0.38489 1
129 91 1 -0.324928 0
129 135 1 0.674908 1
129 116 1 -1.14575 1
135 91 1 -0.667126 1
98 93 1 0.225779 1
98 99 1 3.15196 1
96 94 1 1.36115 1
96 20 1 -0.181318 1
21 64 1 1.70974 1
21 65 1 4.54289 1
21 66 1 -3.56254 1
21 67 1 -3.59114 1
21 68 1 -1.98782 1
21 69 1 2.93871 1
21 70 1 -1.65626 1
21 71 1 -3.15273 1
21 72 1 -6.93152 1
21 73 1 -0.1583 1
21 74 1 -1.4697 1
21 75 1 0.724509 1
21 76 1 0.0882836 1
21 77 1 -0.360792 1
21 78 1 -3.06252 1
21 79 1 -1.59937 1
21 80 1 0.603344 1
21 81 1 -0.947728 1
21 82 1 -0.86802 1
21 83 1 1.70846 1
21 84 1 4.00322 1
21 85 1 -2.54788 1
21 86 1 2.92607 1
21 87 1 -0.62035 1
21 88 1 1.68781 1
21 89 1 1.13772 1
21 90 1 -1.12411 1
21 91 1 0.0135096 0
21 92 1 2.70742 1
21 93 1 -0.0975862 1
21 94 1 -2.14007 1
21 95 1 -0.913914 1
21 143 1 1.22871 1
143 91 1 -0.600086 1
22 64 1 1.44548 1
22 65 1 1.82949 1
22 66 1 0.818051 1
22 67 1 5.45162 1
22 68 1 -0.505234 1
22 69 1 -1.74425 1
22 70 1 -2.0144 1
22 71 1 0.206315 1
22 72 1 -3.8941 1
22 73 1 0.895948 1
22 74 1 -2.89341 1
22 75 1 -0.739029 1
22 76 1 0.782213 1
22 77 1 1.22833 1
22 78 1 3.92969 1
22 79 1 5.58654 1
22 80 1 -1.14334 1
22 81 1 -2.0393 1
22 82 1 0.389797 1
22 83 1 -1.50874 1
22 84 1 -0.766047 1
22 85 1 0.604377 1
22 86 1 0.726803 1
22 87 1 3.42657 1
22 88 1 -2.15185 1
22 89 1 -1.96594 1
22 90 1 1.53995 1
22 91 1 0.904859 1
22 92 1 0.507408 1
22 93 1 0.841153 1
22 94 1 3.10364 1
22 95 1 2.53374 1
23 64 1 -2.22544 1
23 65 1 1.08837 1
23 66 1 -0.172279 1
23 67 1 3.52546 1
23 68 1 -3.3954 1
23 69 1 0.929209 1
23 70 1 3.36907 1
23 71 1 -3.18062 1
23 72 1 1.09772 1
23 73 1 0.561042 1
23 74 1 2.69263 1
23 75 1 -0.694608 1
23 76 1 3.04754 1
23 77 1 3.09274 1
23 78 1 0.180799 1
23 79 1 -4.38655 1
23 80 1 0.701816 1
23 81 1 0.441531 1
23 82 1 -1.16264 1
23 83 1 1.85726 1
23 84 1 4.31347 1
23 85 1 -1.72583 1
23 86 1 -8.10915 1
23 87 1 1.08085 1
23 88 1 3.0475 1
23 89 1 -0.778689 1
23 90 1 -1.64527 1
23 91 1 -0.881255 1
23 92 1 -0.131549 1
23 93 1 2.82461 1
23 94 1 -0.852606 1
23 95 1 -0.664859 1
23 107 1 0.773544 1
23 27 1 -0.163366 1
24 64 1 -2.70193 1
24 65 1 2.32321 1
24 66 1 -1.49676 1
24 67 1 5.36007 1
24 68 1 -4.8188 1
24 69 1 3.79706 1
24 70 1 -0.119844 1
24 71 1 3.09387 1
24 72 1 -0.297247 1
24 73 1 2.00665 1
24 74 1 0.325811 1
24 75 1 0.254296 1
24 76 1 -0.582797 1
24 77 1 -0.923955 1
24 78 1 -4.07664 1
24 79 1 -1.7003 1
24 80 1 3.35582 1
24 81 1 0.000944244 1
24 82 1 2.1066 1
24 83 1 -4.067 1
24 84 1 -2.83018 1
24 85 1 -1.18018 1
24 86 1 -3.20565 1
24 87 1 2.08999 1
24 88 1 -3.85552 1
24 89 1 6.3868 1
24 90 1 3.90506 1
24 91 1 -3.62681 1
24 92 1 0.390253 1
24 93 1 -0.729484 1
24 94 1 -1.16506 1
24 95 1 0.135563 1
24 5 1 1.42791 1
25 64 1 1.94349 1
25 65 1 2.53134 1
25 66 1 0.163009 1
25 67 1 -0.252707 1
25 68 1 4.73282 1
25 69 1 -3.71409 1
25 70 1 2.21912 0
25 71 1 -4.45117 1
25 72 1 1.29563 1
25 73 1 0.208731 1
25 74 1 1.91881 1
25 75 1 -0.573942 1
25 76 1 -1.50881 1
25 77 1 -0.692354 1
25 78 1 3.75666 1
25 79 1 -0.592194 1
25 80 1 -0.279095 1
25 81 1 -3.08759 1
25 82 1 -0.530813 1
25 83 1 2.83587 1
25 84 1 -3.49098 1
25 85 1 -2.55374 1
25 86 1 1.17972 1
25 87 1 1.68312 1
25 88 1 -0.238591 1
25 89 1 3.27328 1
25 90 1 -3.00957 1
25 91 1 2.04735 1
25 92 1 1.29029 1
25 93 1 0.913426 1
25 94 1 0.0343002 1
25 95 1 -3.52965 1
25 8 1 0.594788 1
25 6 1 -1.3413 1
25 121 1 -1.63655 1
121 70 1 6.10665 1
26 64 1 -2.70434 1
26 65 1 2.11314 1
26 66 1 -0.139776 1
26 67 1 0.504113 1
26 68 1 0.805076 1
26 69 1 2.6325 1
26 70 1 -2.54721 1
26 71 1 0.140561 1
26 72 1 -2.07891 1
26 73 1 -0.454443 1
26 74 1 -2.88587 1
26 75 1 3.35526 1
26 76 1 -0.00931506 1
26 77 1 -3.43545 1
26 78 1 2.73656 1
26 79 1 -0.617285 1
26 80 1 0.510799 1
26 81 1 3.61412 1
26 82 1 0.240596 1
26 83 1 1.36251 1
26 84 1 -3.10189 1
26 85 1 -0.648769 1
26 86 1 -4.28875 1
26 87 1 0.606101 1
26 88 1 -2.08862 1
26 89 1 -0.383058 1
26 90 1 -1.1326 1
26 91 1 -4.14264 1
26 92 1 -1.20059 1
26 93 1 0.198073 1
26 94 1 2.39932 1
26 95 1 -1.19489 1
26 23 1 3.85978 1
26 15 1 2.3414 1
27 64 1 -4.57161 1
27 65 1 3.47403 1
27 66 1 2.82129 1
27 67 1 -1.76847 1
27 68 1 1.15089 1
27 69 1 2.16368 1
27 70 1 3.67192 1
27 71 1 -4.59715 1
27 72 1 -0.0999832 1
27 73 1 1.1797 1
27 74 1 -0.60498 1
27 75 1 -0.573176 1
27 76 1 -1.44918 1
27 77 1 -2.14245 1
27 78 1 -0.636488 1
27 79 1 0.213289 1
27 80 1 -1.48702 1
27 81 1 -0.539533 1
27 82 1 -0.94931 1
27 83 1 0.284516 1
27 84 1 -0.111579 1
27 85 1 1.73982 1
27 86 1 -1.85057 1
27 87 1 2.14632 1
27 88 1 -4.18615 1
27 89 1 -3.4392 1
27 90 1 3.46455 1
27 91 1 -0.662796 1
27 92 1 -0.457527 1
27 93 1 -1.7421 1
27 94 1 1.92281 1
27 95 1 -2.34979 1
27 9 1 1.41663 1
27 5 1 -0.421847 1
28 64 1 1.8439 1
28 65 1 -0.256479 1
28 66 1 -2.03994 1
28 67 1 4.08125 1
28 68 1 1.09639 1
28 69 1 1.45506 1
28 70 1 -2.09016 1
28 71 1 -1.74242 1
28 72 1 -4.9794 1
28 73 1 1.25471 1
28 74 1 0.838744 1
28 75 1 -0.274924 1
28 76 1 -0.44157 1
28 77 1 -0.145298 1
28 78 1 -1.81526 1
28 79 1 -0.332003 1
28 80 1 2.4754 1
28 81 1 -1.88421 1
28 82 1 3.06772 1
28 83 1 3.73026 1
28 84 1 1.08615 1
28 85 1 -6.79228 1
28 86 1 -2.11315 1
28 87 1 -3.18827 1
28 88 1 -4.53104 1
28 89 1 -0.240684 1
28 90 1 -2.79045 1
28 91 1 -1.57064 1
28 92 1 1.29022 1
28 93 1 -3.05027 1
28 94 1 2.87288 1
28 95 1 -3.47699 1
29 64 1 -0.0071499 1
29 65 1 -2.32449 1
29 66 1 1.23532 1
29 67 1 2.14155 1
29 68 1 -6.67791 1
29 69 1 2.07395 1
29 70 1 -0.343537 1
29 71 1 -1.85096 1
29 72 1 1.40399 1
29 73 1 0.0495948 1
29 74 1 0.873156 1
29 75 1 -1.42315 1
29 76 1 -1.18075 1
29 77 1 1.8472 1
29 78 1 -5.83806 1
29 79 1 -2.48114 1
29 80 1 2.41423 1
29 81 1 0.249429 1
29 82 1 0.416655 1
29 83 1 -1.75522 1
29 84 1 1.2429 1
29 85 1 0.0630072 1
29 86 1 -2.75531 1
29 87 1 -3.93754 1
29 88 1 -0.810742 1
29 89 1 -2.6559 1
29 90 1 -0.897162 1
29 91 1 1.92137 1
29 92 1 0.300963 1
29 93 1 1.61688 1
29 94 1 -1.2917 1
29 95 1 0.394224 1
29 113 1 1.12127 1
30 64 1 -1.41505 1
30 65 1 1.0505 1
30 66 1 2.79498 1
30 67 1 1.08302 1
30 68 1 0.868521 1
30 69 1 2.34512 1
30 70 1 1.14234 1
30 71 1 -2.07941 1
30 72 1 0.151144 1
30 73 1 5.40055 1
30 74 1 -1.2824 1
30 75 1 2.28402 1
30 76 1 0.844493 1
30 77 1 -0.915344 1
30 78 1 2.3125 1
30 79 1 4.53593 1
30 80 1 -1.44903 1
30 81 1 -2.61736 1
30 82 1 2.23601 1
30 83 1 3.77368 1
30 84 1 0.661423 1
30 85 1 -1.31503 1
30 86 1 -1.84564 1
30 87 1 -3.78848 1
30 88 1 1.39768 1
30 89 1 -0.500284 1
30 90 1 2.2531 1
30 91 1 4.36737 1
30 92 1 -1.40942 1
30 93 1 2.04317 1
30 94 1 2.95224 1
30 95 1 -0.943898 1
31 64 1 1.7578 1
31 65 1 -0.276933 1
31 66 1 -1.43643 1
31 67 1 4.68207 1
31 68 1 2.87264 1
31 69 1 2.71332 1
31 70 1 -3.21048 1
31 71 1 0.689799 1
31 72 1 -3.52198 1
31 73 1 -1.39971 1
31 74 1 0.906698 1
31 75 1 0.362338 1
31 76 1 0.211475 1
31 77 1 0.63355 1
31 78 1 -2.98204 1
31 79 1 0.609474 1
31 80 1 -1.50326 1
31 81 1 -1.80718 1
31 82 1 0.487891 1
31 83 1 -0.717089 1
31 84 1 -2.03325 1
31 85 1 -1.64515 1
31 86 1 -0.923709 1
31 87 1 -1.19754 0
31 88 1 2.90346 1
31 89 1 -0.132585 1
31 90 1 1.76038 1
31 91 1 -0.663354 1
31 92 1 -1.1652 1
31 93 1 1.96334 1
31 94 1 0.940608 1
31 95 1 -1.07517 1
31 122 1 2.98328 1
122 87 1 1.12946 1
32 64 1 7.28691 1
32 65 1 1.62955 1
32 66 1 -3.17692 1
32 67 1 2.92503 1
32 68 1 0.195053 1
32 69 1 2.63134 1
32 70 1 -0.461584 1
32 71 1 1.00511 1
32 72 1 -3.53428 1
32 73 1 0.29742 1
32 74 1 -1.91386 1
32 75 1 2.8749 1
32 76 1 -2.70388 1
32 77 1 2.4118 1
32 78 1 -0.665555 1
32 79 1 1.02987 1
32 80 1 0.0946688 1
32 81 1 -2.74828 1
32 82 1 -2.03323 1
32 83 1 -2.27879 1
32 84 1 1.70389 1
32 85 1 -2.24403 1
32 86 1 0.656299 1
32 87 1 -0.487682 1
32 88 1 -1.70676 1
32 89 1 -2.79336 1
32 90 1 0.993102 1
32 91 1 -2.04976 1
32 92 1 2.56229 1
32 93 1 -0.202681 1
32 94 1 -0.330483 1
32 95 1 -2.22335 1
33 64 1 2.11268 1
33 65 1 -5.13209 1
33 66 1 -0.397835 1
33 67 1 -2.2465 1
33 68 1 -0.608472 1
33 69 1 0.0557754 1
33 70 1 3.2619 1
33 71 1 5.14864 1
33 72 1 -0.62237 1
33 73 1 3.71575 1
33 74 1 2.2448 1
33 75 1 -5.00265 1
33 76 1 -0.735183 1
33 77 1 2.92343 1
33 78 1 -1.96488 1
33 79 1 -2.11831 1
33 80 1 2.49583 1
33 81 1 -0.956155 1
33 82 1 -0.592609 1
33 83 1 2.92577 1
33 84 1 0.886444 1
33 85 1 -0.0783209 1
33 86 1 0.716812 1
33 87 1 2.58928 1
33 88 1 2.48082 1
33 89 1 4.15194 1
33 90 1 -2.59187 1
33 91 1 1.9217 1
33 92 1 3.01055 1
33 93 1 2.78365 1
33 94 1 -0.354143 1
33 95 1 -0.299511 1
33 20 1 -0.675656 1
33 107 1 0.586295 1
34 64 1 0.155571 1
34 65 1 -0.517647 1
34 66 1 1.41235 1
34 67 1 2.06478 1
34 68 1 1.27708 1
34 69 1 0.379369 1
34 70 1 -1.19119 1
34 71 1 -0.322153 1
34 72 1 -0.857456 1
34 73 1 -1.76768 1
34 74 1 2.06154 1
34 75 1 4.19677 1
34 76 1 -2.89026 1
34 77 1 0.693553 1
34 78 1 -1.27701 1
34 79 1 1.41267 1
34 80 1 1.71629 1
34 81 1 -1.41908 1
34 82 1 -0.308874 1
34 83 1 1.66471 1
34 84 1 1.21887 1
34 85 1 0.411126 1
34 86 1 -1.22208 1
34 87 1 0.158668 1
34 88 1 2.09953 1
34 89 1 -1.06531 1
34 90 1 -4.70725 1
34 91 1 1.7565 1
34 92 1 -0.961531 1
34 93 1 -2.46762 1
34 94 1 2.89969 1
34 95 1 1.59597 1
34 113 1 -0.0606813 1
35 64 1 -1.23892 1
35 65 1 -0.795206 1
35 66 1 1.1502 1
35 67 1 1.92747 1
35 68 1 -0.156952 1
35 69 1 4.58446 1
35 70 1 2.33888 1
35 71 1 -0.127837 1
35 72 1 3.43464 1
35 73 1 6.81203 1
35 74 1 3.03441 1
35 75 1 -0.428642 1
35 76 1 -3.36119 1
35 77 1 1.31341 1
35 78 1 -1.40248 1
35 79 1 -0.221871 1
35 80 1 -6.92411 1
35 81 1 -1.22888 1
35 82 1 1.64948 0
35 83 1 -0.500836 1
35 84 1 3.05097 1
35 85 1 -4.70979 1
35 86 1 -1.12075 1
35 87 1 -2.5337 1
35 88 1 -0.857246 1
35 89 1 1.60971 0
35 90 1 -1.29298 1
35 91 1 -1.86301 1
35 92 1 -3.13227 1
35 93 1 -0.738752 1
35 94 1 -2.18317 1
35 95 1 0.26824 1
35 130 1 0.437916 1
35 133 1 2.56852 1
133 82 1 1.79984 1
130 89 1 1.57845 1
36 64 1 0.367315 1
36 65 1 1.27792 1
36 66 1 1.06258 1
36 67 1 0.0289765 1
36 68 1 -3.37029 1
36 69 1 -1.92502 1
36 70 1 -0.243218 1
36 71 1 2.21406 1
36 72 1 -0.475104 1
36 73 1 0.389846 1
36 74 1 0.94966 1
36 75 1 1.26948 1
36 76 1 1.73468 1
36 77 1 -4.06122 1
36 78 1 -0.583557 1
36 79 1 4.28398 1
36 80 1 0.0853638 1
36 81 1 -2.40786 1
36 82 1 -2.30887 0
36 83 1 1.01984 1
36 84 1 1.39801 1
36 85 1 -2.47756 1
36 86 1 0.76266 1
36 87 1 0.0969614 1
36 88 1 1.04559 1
36 89 1 0.861339 1
36 90 1 -2.46721 1
36 91 1 0.43157 1
36 92 1 3.66952 1
36 93 1 2.16534 1
36 94 1 -1.3318 1
36 95 1 5.54457 1
36 109 1 1.8399 0
36 24 1 -0.506601 1
36 117 1 0.884897 1
117 109 1 0.696997 1
109 82 1 1.18302 1
109 31 1 -0.1053 1
37 64 1 -5.58944 1
37 65 1 0.294516 1
37 66 1 -2.01548 1
37 67 1 -1.54731 1
37 68 1 -4.52386 1
37 69 1 -0.00767293 1
37 70 1 -3.23915 1
37 71 1 -0.497637 1
37 72 1 2.56162 1
37 73 1 1.44278 1
37 74 1 -1.07591 1
37 75 1 0.691412 1
37 76 1 2.19006 0
37 77 1 2.06195 1
37 78 1 -1.16505 1
37 79 1 -0.0231848 1
37 80 1 2.14364 1
37 81 1 0.547608 1
37 82 1 4.32545 1
37 83 1 0.922557 1
37 84 1 -4.88012 1
37 85 1 2.3833 1
37 86 1 -1.49284 1
37 87 1 1.11512 1
37 88 1 -2.33232 1
37 89 1 -0.376707 1
37 90 1 0.405637 1
37 91 1 1.03163 1
37 92 1 3.48269 1
37 93 1 0.40135 1
37 94 1 -1.69559 1
37 95 1 -0.821304 1
37 142 1 0.556445 1
142 76 1 1.68586 1
38 64 1 0.0791331 1
38 65 1 -2.69951 1
38 66 1 -1.71347 1
38 67 1 -0.222913 1
38 68 1 -1.86752 1
38 69 1 -4.08387 1
38 70 1 -0.185046 1
38 71 1 -0.247567 1
38 72 1 -2.43889 1
38 73 1 0.315023 1
38 74 1 -2.15229 1
38 75 1 1.66225 1
38 76 1 3.04042 1
38 77 1 -0.480911 1
38 78 1 -1.30875 1
38 79 1 0.40828 1
38 80 1 -6.41073 1
38 81 1 -0.514709 1
38 82 1 2.89295 1
38 83 1 -1.48748 1
38 84 1 -3.06883 1
38 85 1 -3.17526 1
38 86 1 0.191568 1
38 87 1 -0.183165 1
38 88 1 0.908714 1
38 89 1 3.35336 1
38 90 1 -0.920546 1
38 91 1 3.28528 1
38 92 1 1.4096 1
38 93 1 -1.50439 1
38 94 1 0.347035 1
38 95 1 -3.11478 1
39 64 1 1.07542 1
39 65 1 -3.08062 1
39 66 1 2.92636 1
39 67 1 -1.23885 1
39 68 1 0.820551 1
39 69 1 -1.15342 1
39 70 1 1.626 1
39 71 1 -0.109849 1
39 72 1 -2.5896 1
39 73 1 -2.50859 1
39 74 1 1.44248 1
39 75 1 2.00986 0
39 76 1 2.40257 1
39 77 1 -0.164921 1
39 78 1 -2.05014 1
39 79 1 -2.34483 1
39 80 1 1.22677 1
39 81 1 -3.56267 1
39 82 1 -0.53777 1
39 83 1 -0.286407 1
39 84 1 -0.962424 1
39 85 1 0.688278 1
39 86 1 1.59176 1
39 87 1 0.545359 1
39 88 1 -1.45259 1
39 89 1 1.181 1
39 90 1 3.85276 1
39 91 1 -2.66996 1
39 92 1 4.01718 1
39 93 1 -1.20557 1
39 94 1 -4.59882 1
39 95 1 -0.476656 1
39 2 1 -3.58122 1
39 112 1 3.92532 1
39 13 1 -0.0873793 1
39 104 1 -0.807506 1
112 75 1 -1.18946 1
112 138 1 -0.966574 1
40 64 1 -4.66528 1
40 65 1 -0.122059 1
40 66 1 2.32802 1
40 67 1 1.17767 1
40 68 1 4.45523 1
40 69 1 0.1905 1
40 70 1 -1.32249 1
40 71 1 0.317672 1
40 72 1 4.77441 1
40 73 1 1.78438 1
40 74 1 -0.667351 1
40 75 1 0.509153 1
40 76 1 -0.552204 1
40 77 1 3.3626 1
40 78 1 2.74033 1
40 79 1 -0.507886 1
40 80 1 0.877606 1
40 81 1 -0.428386 1
40 82 1 -0.201963 1
40 83 1 -2.60518 1
40 84 1 0.761698 1
40 85 1 2.7616 1
40 86 1 0.665922 1
40 87 1 1.91212 1
40 88 1 0.736592 1
40 89 1 -0.329464 1
40 90 1 -1.49748 1
40 91 1 -0.311555 1
40 92 1 -1.14178 1
40 93 1 1.57973 1
40 94 1 0.672337 1
40 95 1 1.57537 1
40 2 1 -1.21024 1
40 134 1 0.479211 1
41 64 1 5.06587 1
41 65 1 0.225356 1
41 66 1 -0.244001 1
41 67 1 -1.22304 1
41 68 1 0.537715 1
41 69 1 -0.811565 1
41 70 1 1.51655 1
41 71 1 0.758742 1
41 72 1 5.36313 1
41 73 1 -5.61878 1
41 74 1 -0.0126253 1
41 75 1 2.46392 1
41 76 1 -1.61147 1
41 77 1 -0.068445 1
41 78 1 -4.01065 1
41 79 1 1.09973 1
41 80 1 1.80923 1
41 81 1 2.4902 1
41 82 1 -2.46103 1
41 83 1 2.12888 1
41 84 1 -1.54475 1
41 85 1 0.313137 1
41 86 1 1.58726 1
41 87 1 -0.233932 1
41 88 1 3.68602 1
41 89 1 -2.49796 1
41 90 1 -3.71683 1
41 91 1 0.165039 1
41 92 1 0.893321 1
41 93 1 -0.277808 1
41 94 1 -0.506445 1
41 95 1 1.08638 1
41 11 1 2.4326 1
41 29 1 0.0285435 1
42 64 1 1.52176 1
42 65 1 1.53878 1
42 66 1 0.365112 1
42 67 1 -0.832191 1
42 68 1 -1.41941 1
42 69 1 -1.94628 1
42 70 1 -2.28961 1
42 71 1 -1.19183 1
42 72 1 -1.1161 1
42 73 1 -3.08959 1
42 74 1 0.965609 1
42 75 1 -0.962827 1
42 76 1 -1.51497 1
42 77 1 -1.70435 1
42 78 1 -2.33999 1
42 79 1 1.02248 1
42 80 1 -1.33171 1
42 81 1 0.0924048 1
42 82 1 2.9079 1
42 83 1 1.66592 1
42 84 1 2.20744 1
42 85 1 2.70002 1
42 86 1 1.35387 1
42 87 1 -2.32172 1
42 88 1 -1.02241 1
42 89 1 0.125292 1
42 90 1 1.26044 1
42 91 1 0.291803 1
42 92 1 -1.47826 1
42 93 1 3.49738 1
42 94 1 -1.67768 1
42 95 1 1.59165 1
43 64 1 2.53919 1
43 65 1 -2.92393 1
43 66 1 1.57656 1
43 67 1 2.10428 1
43 68 1 1.01822 1
43 69 1 0.633115 1
43 70 1 0.239942 1
43 71 1 -4.01044 1
43 72 1 -1.55073 1
43 73 1 -8.05312 1
43 74 1 3.10982 1
43 75 1 -1.97771 1
43 76 1 1.72292 1
43 77 1 1.00906 1
43 78 1 0.899127 1
43 79 1 -2.02934 1
43 80 1 -0.36987 1
43 81 1 2.75744 1
43 82 1 1.379 1
43 83 1 -2.644 1
43 84 1 0.41415 1
43 85 1 2.38002 1
43 86 1 -0.654347 1
43 87 1 4.55895 1
43 88 1 -0.735545 1
43 89 1 2.82059 1
43 90 1 0.603714 1
43 91 1 -4.65328 1
43 92 1 3.0152 1
43 93 1 2.63835 1
43 94 1 -4.31708 1
43 95 1 1.03742 1
44 64 1 1.13358 1
44 65 1 -2.44422 1
44 66 1 0.56149 1
44 67 1 -1.78745 1
44 68 1 -1.98774 1
44 69 1 -0.197935 1
44 70 1 2.61358 1
44 71 1 0.639913 1
44 72 1 -2.63255 1
44 73 1 1.06903 1
44 74 1 -1.60087 1
44 75 1 -2.36498 1
44 76 1 -0.915839 1
44 77 1 1.2131 1
44 78 1 2.49572 1
44 79 1 1.47093 1
44 80 1 6.17321 1
44 81 1 -3.0603 1
44 82 1 1.00299 1
44 83 1 -2.70439 1
44 84 1 0.347788 1
44 85 1 0.674898 1
44 86 1 0.698939 1
44 87 1 0.428758 1
44 88 1 0.347308 1
44 89 1 0.392951 1
44 90 1 0.219604 1
44 91 1 0.0708364 1
44 92 1 0.422479 1
44 93 1 2.63964 1
44 94 1 -0.142025 1
44 95 1 -0.520711 1
44 8 1 0.705935 1
44 29 1 1.09287 1
45 64 1 -0.479852 1
45 65 1 3.82265 1
45 66 1 0.486237 1
45 67 1 0.288529 1
45 68 1 -1.42283 1
45 69 1 -6.86638 1
45 70 1 -4.83843 1
45 71 1 -0.531516 1
45 72 1 -4.13911 1
45 73 1 2.63951 1
45 74 1 2.2851 1
45 75 1 4.565 1
45 76 1 -0.387051 1
45 77 1 1.01673 1
45 78 1 -3.08561 1
45 79 1 2.62636 1
45 80 1 -2.21183 1
45 81 1 0.80785 1
45 82 1 0.983353 1
45 83 1 -2.20883 1
45 84 1 2.50251 1
45 85 1 -3.39111 1
45 86 1 0.828507 1
45 87 1 1.28402 1
45 88 1 0.114981 1
45 89 1 -4.09486 1
45 90 1 0.198587 1
45 91 1 3.44807 1
45 92 1 -2.32183 1
45 93 1 -5.26166 1
45 94 1 1.27876 1
45 95 1 -2.32803 1
45 9 1 3.20662 1
45 20 1 0.555873 1
46 64 1 -0.667624 1
46 65 1 0.488869 1
46 66 1 1.55041 1
46 67 1 2.55393 1
46 68 1 -5.0748 1
46 69 1 -1.09325 1
46 70 1 1.49316 1
46 71 1 -1.10251 1
46 72 1 2.63553 1
46 73 1 -2.45837 1
46 74 1 -2.30243 1
46 75 1 3.36811 1
46 76 1 -4.10338 1
46 77 1 2.97952 1
46 78 1 -1.7528 1
46 79 1 -0.865185 1
46 80 1 5.24415 1
46 81 1 0.229414 1
46 82 1 -0.971606 1
46 83 1 2.28937 1
46 84 1 -0.951722 1
46 85 1 2.86274 1
46 86 1 -1.61822 1
46 87 1 1.75424 1
46 88 1 -2.28121 1
46 89 1 -4.20962 1
46 90 1 -2.44587 1
46 91 1 1.19531 1
46 92 1 -0.127173 1
46 93 1 -2.16684 1
46 94 1 -1.983 1
46 95 1 -0.581033 1
46 24 1 2.0078 1
47 64 1 -1.30236 1
47 65 1 0.150004 1
47 66 1 -3.23781 1
47 67 1 3.94194 1
47 68 1 -0.200179 1
47 69 1 2.41574 1
47 70 1 -1.87098 1
47 71 1 0.361013 1
47 72 1 2.69828 1
47 73 1 4.50088 0
47 74 1 -1.19141 1
47 75 1 -1.1391 1
47 76 1 -2.97451 1
47 77 1 -5.98022 1
47 78 1 -0.675343 1
47 79 1 1.94621 1
47 80 1 3.87913 1
47 81 1 -5.35988 1
47 82 1 0.86206 1
47 83 1 -1.74422 1
47 84 1 -3.3524 1
47 85 1 0.289296 1
47 86 1 -2.54159 1
47 87 1 4.26187 1
47 88 1 0.26598 1
47 89 1 0.129214 1
47 90 1 6.43462 1
47 91 1 1.91885 1
47 92 1 -0.476109 1
47 93 1 0.330007 1
47 94 1 0.533262 1
47 95 1 -1.09416 1
47 4 1 0.447372 1
47 137 1 0.427882 1
137 73 1 4.75226 1
48 64 1 -0.0409012 1
48 65 1 0.517697 1
48 66 1 0.397002 1
48 67 1 -0.664848 1
48 68 1 -3.08966 1
48 69 1 -3.76458 1
48 70 1 1.30777 1
48 71 1 2.84228 1
48 72 1 -2.56941 1
48 73 1 2.0944 1
48 74 1 5.87064 1
48 75 1 -3.62062 1
48 76 1 1.17859 1
48 77 1 -3.3201 1
48 78 1 0.932012 1
48 79 1 1.52784 1
48 80 1 -0.557732 1
48 81 1 -0.943671 1
48 82 1 -0.576373 1
48 83 1 -0.0659073 1
48 84 1 0.474126 1
48 85 1 0.748679 1
48 86 1 -1.34755 1
48 87 1 -0.31745 1
48 88 1 -2.52814 1
48 89 1 -0.157834 1
48 90 1 2.0165 1
48 91 1 1.07471 1
48 92 1 -3.98922 1
48 93 1 0.767819 1
48 94 1 4.17666 1
48 95 1 2.62201 1
48 16 1 -0.840523 1
48 12 1 -0.847528 1
48 14 1 -2.09866 1
49 64 1 -0.0938528 1
49 65 1 -1.08772 1
49 66 1 -1.15905 1
49 67 1 -0.645735 1
49 68 1 -1.06979 1
49 69 1 1.63832 1
49 70 1 -0.361057 1
49 71 1 -4.21878 1
49 72 1 -1.10754 1
49 73 1 0.886432 1
49 74 1 3.00272 1
49 75 1 1.04988 1
49 76 1 -4.50507 1
49 77 1 -2.84308 1
49 78 1 -3.03105 1
49 79 1 1.89757 1
49 80 1 5.72084 1
49 81 1 -3.84235 1
49 82 1 0.564637 1
49 83 1 -1.18486 1
49 84 1 2.73356 1
49 85 1 -2.78593 1
49 86 1 0.42778 1
49 87 1 -1.08576 1
49 88 1 -1.95685 1
49 89 1 0.155747 1
49 90 1 -0.137425 1
49 91 1 1.18861 1
49 92 1 2.05915 1
49 93 1 -0.0558147 1
49 94 1 1.40744 1
49 95 1 2.51328 1
49 19 1 -1.74008 1
49 31 1 0.679947 1
50 64 1 -4.00717 1
50 65 1 -3.25268 1
50 66 1 2.33816 1
50 67 1 -2.5754 1
50 68 1 2.67788 1
50 69 1 -0.123114 1
50 70 1 0.661703 1
50 71 1 6.63225 1
50 72 1 -1.17182 1
50 73 1 5.67065 1
50 74 1 -1.41989 1
50 75 1 0.376366 1
50 76 1 -1.94852 1
50 77 1 0.379067 1
50 78 1 2.50865 1
50 79 1 -1.66222 1
50 80 1 0.820036 1
50 81 1 -0.572271 1
50 82 1 -0.710725 1
50 83 1 1.93683 1
50 84 1 -1.51819 1
50 85 1 -0.953903 1
50 86 1 -0.0295889 1
50 87 1 -1.30786 1
50 88 1 -3.17232 1
50 89 1 0.704787 1
50 90 1 -0.288811 1
50 91 1 -0.915193 1
50 92 1 0.158659 1
50 93 1 -0.598123 1
50 94 1 -2.63223 1
50 95 1 1.16002 1
50 4 1 4.76427 1
50 22 1 -2.05701 1
51 64 1 -1.23865 1
51 65 1 3.3633 1
51 66 1 0.825372 1
51 67 1 -0.497833 1
51 68 1 -1.17709 1
51 69 1 -0.285449 1
51 70 1 3.6018 1
51 71 1 3.28319 1
51 72 1 -3.1204 1
51 73 1 -2.44979 0
51 74 1 -3.1874 1
51 75 1 6.53787 1
51 76 1 -2.83743 1
51 77 1 0.211896 1
51 78 1 3.43452 1
51 79 1 -0.125346 1
51 80 1 2.39539 1
51 81 1 -2.92096 1
51 82 1 0.193002 1
51 83 1 3.80967 1
51 84 1 -2.76615 1
51 85 1 -1.98016 1
51 86 1 -1.71221 1
51 87 1 0.0540212 1
51 88 1 0.755421 1
51 89 1 1.88038 1
51 90 1 2.33121 1
51 91 1 0.262625 1
51 92 1 2.42151 1
51 93 1 3.29348 1
51 94 1 -4.98772 1
51 95 1 -1.84229 1
51 116 1 0.0525339 1
51 12 1 -1.12124 1
116 73 1 -0.345982 0
116 134 1 1.09306 1
134 73 1 2.53587 1
52 64 1 -2.90582 1
52 65 1 2.15305 1
52 66 1 1.94676 1
52 67 1 -0.353939 1
52 68 1 -0.10444 1
52 69 1 4.30515 1
52 70 1 2.63841 1
52 71 1 -2.11492 1
52 72 1 -0.247167 1
52 73 1 4.2052 1
52 74 1 2.47323 1
52 75 1 0.507411 1
52 76 1 -3.25594 1
52 77 1 -1.47025 1
52 78 1 2.03756 1
52 79 1 0.995919 1
52 80 1 -0.766226 1
52 81 1 -0.166141 1
52 82 1 -3.90704 1
52 83 1 -1.78617 1
52 84 1 0.99989 1
52 85 1 -0.674368 1
52 86 1 -3.0763 1
52 87 1 1.20305 1
52 88 1 1.94719 1
52 89 1 -0.632095 1
52 90 1 -0.695453 1
52 91 1 -0.471671 1
52 92 1 -1.17759 1
52 93 1 -1.47709 0
52 94 1 2.14508 1
52 95 1 0.671211 1
52 115 1 0.0897356 1
52 139 1 0.931134 1
139 93 1 -2.04821 1
53 64 1 -2.32025 1
53 65 1 1.1248 1
53 66 1 -0.0795808 1
53 67 1 0.796196 1
53 68 1 2.99301 1
53 69 1 1.72438 1
53 70 1 -1.27568 1
53 71 1 0.580381 1
53 72 1 -1.89558 1
53 73 1 1.49177 1
53 74 1 -1.73965 1
53 75 1 -1.74654 1
53 76 1 0.716091 1
53 77 1 1.98302 1
53 78 1 -1.45479 1
53 79 1 0.756277 1
53 80 1 0.963665 1
53 81 1 1.03939 1
53 82 1 1.44159 1
53 83 1 0.841919 1
53 84 1 1.85719 1
53 85 1 1.32849 1
53 86 1 1.06662 1
53 87 1 0.841553 1
53 88 1 -0.248511 1
53 89 1 0.41203 1
53 90 1 -1.7484 1
53 91 1 0.595405 1
53 92 1 2.65921 1
53 93 1 0.210977 1
53 94 1 0.268064 1
53 95 1 -1.37487 1
53 20 1 3.49218 1
53 23 1 1.42461 1
54 64 1 1.12337 1
54 65 1 -0.932611 1
54 66 1 -1.90246 1
54 67 1 1.47214 1
54 68 1 1.35902 1
54 69 1 -2.11031 1
54 70 1 0.18746 1
54 71 1 1.96699 1
54 72 1 1.68766 1
54 73 1 1.75022 1
54 74 1 -0.190214 1
54 75 1 0.0363752 1
54 76 1 -1.28606 1
54 77 1 2.19219 1
54 78 1 -0.530674 1
54 79 1 0.666563 1
54 80 1 1.35159 1
54 81 1 2.70965 1
54 82 1 -3.90615 1
54 83 1 6.19653 1
54 84 1 0.995502 1
54 85 1 0.484121 1
54 86 1 -3.39617 1
54 87 1 -0.992335 1
54 88 1 2.34668 1
54 89 1 3.51807 1
54 90 1 -3.54544 1
54 91 1 1.82866 1
54 92 1 -1.21138 1
54 93 1 0.900198 1
54 94 1 -2.23964 1
54 95 1 -2.80312 1
54 30 1 -1.9883 1
54 144 1 0.728905 1
55 64 1 1.06216 1
55 65 1 -2.6663 1
55 66 1 0.251554 1
55 67 1 -0.641762 1
55 68 1 -2.89287 1
55 69 1 3.39417 1
55 70 1 3.16272 1
55 71 1 -3.60941 1
55 72 1 1.98417 1
55 73 1 -0.570876 1
55 74 1 2.8753 1
55 75 1 -3.76775 1
55 76 1 -3.93117 1
55 77 1 2.39746 1
55 78 1 -1.56945 1
55 79 1 2.72683 1
55 80 1 -1.26735 1
55 81 1 0.368113 1
55 82 1 -2.6599 1
55 83 1 -1.00657 1
55 84 1 0.559849 1
55 85 1 -5.10623 1
55 86 1 1.64211 1
55 87 1 2.22599 1
55 88 1 -3.38594 1
55 89 1 -2.60807 1
55 90 1 0.304702 1
55 91 1 1.99686 1
55 92 1 4.80469 1
55 93 1 -3.14535 1
55 94 1 -2.01297 1
55 95 1 -0.417647 0
55 28 1 4.10707 1
55 114 1 2.02579 1
114 95 1 -1.89076 1
56 64 1 0.0106397 1
56 65 1 -1.91675 1
56 66 1 -0.246322 1
56 67 1 -0.944676 1
56 68 1 0.539023 0
56 69 1 0.0561173 1
56 70 1 0.321206 1
56 71 1 -0.357791 1
56 72 1 -0.389696 1
56 73 1 -2.19859 1
56 74 1 4.41433 1
56 75 1 3.98067 1
56 76 1 -3.37177 1
56 77 1 -1.04861 1
56 78 1 -4.61214 1
56 79 1 1.54471 1
56 80 1 -1.39441 1
56 81 1 3.26935 1
56 82 1 3.03915 1
56 83 1 -3.04848 1
56 84 1 -2.12721 1
56 85 1 -1.26274 1
56 86 1 1.0395 1
56 87 1 -3.56965 1
56 88 1 1.35892 1
56 89 1 -2.35925 1
56 90 1 -0.831736 1
56 91 1 0.100014 1
56 92 1 1.74882 1
56 93 1 3.38506 1
56 94 1 -1.82638 1
56 95 1 0.368561 1
56 3 1 -0.946362 1
56 126 1 2.45551 1
126 68 1 0.273326 1
126 11 1 -0.498749 1
57 64 1 -3.88775 1
57 65 1 3.06817 1
57 66 1 -3.45466 1
57 67 1 -1.16317 1
57 68 1 2.79669 1
57 69 1 -1.11225 0
57 70 1 0.860705 1
57 71 1 2.25823 1
57 72 1 -0.290379 1
57 73 1 -1.34391 1
57 74 1 2.78166 1
57 75 1 3.49924 1
57 76 1 2.55958 1
57 77 1 -4.30519 1
57 78 1 -1.20998 1
57 79 1 -1.79906 1
57 80 1 0.811154 1
57 81 1 4.87387 1
57 82 1 2.47967 1
57 83 1 -2.35427 1
57 84 1 1.16617 1
57 85 1 -3.05801 1
57 86 1 -0.665919 1
57 87 1 0.876347 1
57 88 1 -2.3722 1
57 89 1 1.11105 1
57 90 1 0.0189243 1
57 91 1 -0.814664 1
57 92 1 -1.6499 1
57 93 1 0.180733 1
57 94 1 -0.388266 1
57 95 1 2.12678 1
57 104 1 3.13583 1
57 22 1 0.531079 1
104 69 1 2.27227 1
104 1 1 0.0562662 1
58 64 1 1.71844 1
58 65 1 -1.90755 1
58 66 1 0.0230633 1
58 67 1 -1.58448 1
58 68 1 1.21399 1
58 69 1 -1.66661 1
58 70 1 -1.46228 1
58 71 1 -0.136973 1
58 72 1 -0.477708 1
58 73 1 -1.70001 1
58 74 1 3.20941 1
58 75 1 2.94047 1
58 76 1 3.58902 1
58 77 1 0.261794 1
58 78 1 -1.3219 1
58 79 1 1.19003 0
58 80 1 -4.58012 1
58 81 1 0.775768 1
58 82 1 1.43595 1
58 83 1 0.985688 1
58 84 1 -1.07948 1
58 85 1 0.59678 1
58 86 1 1.1599 1
58 87 1 -1.62571 1
58 88 1 -1.37977 1
58 89 1 -1.2487 1
58 90 1 -1.59828 1
58 91 1 0.0407216 1
58 92 1 2.7854 1
58 93 1 1.45026 1
58 94 1 -3.12219 1
58 95 1 1.18579 1
58 128 1 0.771023 1
128 79 1 1.1951 0
128 131 1 0.420987 1
131 79 1 0.0681673 1
59 64 1 -1.61085 1
59 65 1 0.52752 1
59 66 1 0.304972 1
59 67 1 -2.20178 1
59 68 1 1.08846 1
59 69 1 -0.841242 1
59 70 1 -2.21922 1
59 71 1 4.08389 1
59 72 1 -0.569695 1
59 73 1 -2.09089 1
59 74 1 -0.151707 1
59 75 1 -0.803836 1
59 76 1 1.8817 1
59 77 1 0.845298 0
59 78 1 0.187744 1
59 79 1 -2.63953 1
59 80 1 0.797284 1
59 81 1 0.174746 1
59 82 1 -4.10585 1
59 83 1 2.93745 1
59 84 1 -1.49424 1
59 85 1 -1.9564 1
59 86 1 -3.10407 1
59 87 1 2.1976 1
59 88 1 4.96997 1
59 89 1 -1.37847 1
59 90 1 0.0773815 1
59 91 1 -1.26015 1
59 92 1 -0.225259 1
59 93 1 2.30499 1
59 94 1 -3.79839 1
59 95 1 2.17176 1
59 97 1 1.65874 1
59 5 1 -2.6846 1
59 11 1 -0.949724 1
59 13 1 1.13978 1
97 77 1 -4.81201 1
97 22 1 -2.46219 1
97 2 1 -4.23482 0
97 99 1 1.67474 1
97 7 1 3.47498 0
97 102 1 2.17502 1
97 17 1 1.74476 1
102 7 1 4.28752 1
99 2 1 2.56619 0
99 108 1 4.89831 1
99 15 1 -0.260523 1
108 2 1 -0.443416 0
108 125 1 4.05712 1
125 2 1 0.0788763 1
60 64 1 1.60488 1
60 65 1 -1.66055 1
60 66 1 -1.44522 1
60 67 1 0.0975807 1
60 68 1 1.02214 1
60 69 1 0.462999 1
60 70 1 -2.29139 1
60 71 1 0.156304 1
60 72 1 1.60699 0
60 73 1 -0.769373 1
60 74 1 0.0948707 1
60 75 1 -0.68466 1
60 76 1 1.18723 1
60 77 1 3.67579 1
60 78 1 0.0901992 1
60 79 1 0.975761 1
60 80 1 -4.17749 1
60 81 1 -2.05659 1
60 82 1 -1.16505 1
60 83 1 0.477787 1
60 84 1 -3.26942 1
60 85 1 2.50851 1
60 86 1 1.17111 1
60 87 1 -0.317854 1
60 88 1 -4.85387 1
60 89 1 -1.28895 1
60 90 1 -1.99365 1
60 91 1 0.510805 1
60 92 1 1.30127 1
60 93 1 1.8214 1
60 94 1 0.955294 1
60 95 1 0.61561 1
60 24 1 -3.18964 1
60 0 1 1.42658 1
60 115 1 1.94209 1
60 3 1 0.540786 1
115 72 1 -1.64133 1
115 18 1 1.04562 1
61 64 1 0.14788 1
61 65 1 0.157461 1
61 66 1 0.57085 1
61 67 1 0.258138 1
61 68 1 -4.27342 1
61 69 1 1.97751 1
61 70 1 0.173815 1
61 71 1 0.00940275 1
61 72 1 -1.57306 1
61 73 1 0.885978 1
61 74 1 1.44893 1
61 75 1 3.50389 1
61 76 1 -0.708341 1
61 77 1 -0.405367 0
61 78 1 0.193369 1
61 79 1 0.284783 1
61 80 1 -1.76325 1
61 81 1 -0.00132204 1
61 82 1 -0.0142589 1
61 83 1 1.67561 1
61 84 1 -1.36104 1
61 85 1 1.55755 1
61 86 1 -0.623353 1
61 87 1 1.89647 1
61 88 1 0.566275 1
61 89 1 0.770191 1
61 90 1 0.623218 1
61 91 1 2.51751 1
61 92 1 -1.74256 1
61 93 1 -0.102302 1
61 94 1 0.773643 1
61 95 1 -0.9827 1
61 107 1 0.967482 1
61 113 1 -3.91386 1
107 77 1 -5.29528 0
107 113 1 1.52701 1
107 14 1 -1.49125 1
113 77 1 -2.6468 1
113 23 1 -1.15536 1
62 64 1 1.14644 1
62 65 1 -3.37237 1
62 66 1 3.27184 1
62 67 1 -1.06259 1
62 68 1 2.61682 1
62 69 1 -0.862148 1
62 70 1 2.12132 1
62 71 1 -1.49216 1
62 72 1 -0.271571 1
62 73 1 2.37022 1
62 74 1 2.98964 1
62 75 1 -1.42052 1
62 76 1 3.25294 1
62 77 1 -2.65295 1
62 78 1 -1.48601 1
62 79 1 -1.07526 1
62 80 1 -1.60416 1
62 81 1 -1.28407 1
62 82 1 -1.78179 1
62 83 1 0.837242 1
62 84 1 -0.730955 0
62 85 1 -0.165459 1
62 86 1 4.09236 1
62 87 1 -1.60395 1
62 88 1 0.261117 1
62 89 1 -1.91375 1
62 90 1 -5.83925 1
62 91 1 1.0268 1
62 92 1 -0.876275 1
62 93 1 2.61974 1
62 94 1 1.05666 1
62 95 1 -0.0702689 1
62 5 1 1.86486 1
62 138 1 2.29826 1
138 84 1 0.275304 1
63 64 1 2.26312 1
63 65 1 -1.23852 1
63 66 1 3.10898 1
63 67 1 0.130477 1
63 68 1 -1.60534 1
63 69 1 -3.13569 1
63 70 1 -1.40463 1
63 71 1 2.78137 1
63 72 1 -1.16426 1
63 73 1 1.28663 1
63 74 1 -4.58601 1
63 75 1 1.20306 1
63 76 1 -2.20536 0
63 77 1 3.03297 1
63 78 1 0.107503 1
63 79 1 0.258223 1
63 80 1 0.420098 1
63 81 1 -0.616896 1
63 82 1 -0.72525 1
63 83 1 -0.973797 1
63 84 1 -4.1412 1
63 85 1 -3.74594 1
63 86 1 5.49576 1
63 87 1 -3.55634 0
63 88 1 0.829571 1
63 89 1 -0.7222 1
63 90 1 3.45739 1
63 91 1 -0.629681 1
63 92 1 -0.573791 1
63 93 1 2.10088 1
63 94 1 -4.00293 1
63 95 1 0.240013 1
63 141 1 -0.181041 1
63 144 1 1.52034 1
144 76 1 -2.64662 0
144 147 1 1.02212 1
147 76 1 -2.2697 1
141 87 1 -5.44838 1
141 10 1 -0.504768 1
