149 64 32
1.25867 -0.0193351 -5.30041 5.79066 -3.85473 1.61188 0.621458 0.367994 0.862638 0.210542 2.05175 1.15205 -1.97778 -4.40868 -1.02615 -3.02518 -0.126196 0.759588 -0.168566 0.109654 -2.1842 -1.18784 -1.05264 1.27132 -3.14146 0.415299 3.62317 2.31741 -1.35216 -1.74591 -5.12661 3.266 -1.46952 1.27842 0.227709 1.83217 -2.23476 -1.63505 0.863368 -1.00192 -1.98353 -0.562255 -0.126169 -3.11184 -3.28536 -0.218649 -2.59117 1.91758 -0.665536 2.96053 1.15023 -3.86163 -2.06297 0.576291 -0.834442 3.42513 -3.06173 -0.665018 0.459829 -2.40797 0.475649 -1.15172 0.00451603 -2.82293 -3.27342 0.160303 2.61545 2.68206 -2.32885 1.7593 -2.20307 -1.10018 -2.38339 -1.63673 3.07892 2.23497 -1.94173 -0.792179 0.673835 -3.85907 0.278504 0.236422 -2.57675 1.96214 1.65318 0.544362 -2.78026 0.570457 4.94404 -0.255465 -2.55183 1.81538 -1.48089 1.27347 0.584904 -1.92399 0.0912885 -0.401556 -0.909762 1.11231 3.16778 -3.31631 -4.99672 -2.34787 -1.80811 1.34716 -0.372177 -2.6545 0.20082 -0.165835 -1.08158 2.10566 2.66889 -3.21216 -0.537921 -0.873257 -2.67932 -0.480467 -1.6003 -0.37708 1.46777 0.0481021 -0.182692 1.77906 -0.35203 1.32091 1.01975 -0.29681 2.25679 1.39519 -0.824223 -1.24547 -0.362488 -0.373819 0.946182 -0.903953 -0.893656 -0.604668 -1.15858 -1.1835 0.541735 -0.250886 0.191315 0.116737 -0.0697547 0.0761348 0.108878 -0.0296264 -0.173062 
0 64 1 -3.57578 1
0 65 1 1.63714 1
0 66 1 1.72258 1
0 67 1 -0.98651 1
0 68 1 -1.54535 1
0 69 1 2.1478 1
0 70 1 -0.242342 1
0 71 1 -1.31195 1
0 72 1 1.09224 1
0 73 1 -0.36496 1
0 74 1 -3.57851 1
0 75 1 0.844719 1
0 76 1 1.49928 1
0 77 1 1.99067 1
0 78 1 -3.42489 1
0 79 1 3.36546 1
0 80 1 2.08762 1
0 81 1 2.83596 1
0 82 1 2.70648 1
0 83 1 1.47093 1
0 84 1 -3.75392 1
0 85 1 2.82511 1
0 86 1 -2.75944 1
0 87 1 -2.17787 1
0 88 1 0.261842 1
0 89 1 1.44919 1
0 90 1 4.42363 1
0 91 1 5.69691 1
0 92 1 -3.14099 1
0 93 1 -1.49531 1
0 94 1 -0.00999339 1
0 95 1 0.911676 1
0 10 1 -1.79683 1
1 64 1 -1.81696 1
1 65 1 -1.90122 1
1 66 1 1.44548 1
1 67 1 -2.50052 1
1 68 1 4.31169 1
1 69 1 -1.17547 1
1 70 1 2.40354 1
1 71 1 -0.722238 1
1 72 1 -0.454638 1
1 73 1 -0.916201 1
1 74 1 -3.59352 1
1 75 1 2.71328 1
1 76 1 -0.54934 1
1 77 1 4.08245 1
1 78 1 -1.14376 1
1 79 1 0.0751366 1
1 80 1 -3.28518 1
1 81 1 1.00296 1
1 82 1 -1.31606 1
1 83 1 -5.7636 1
1 84 1 -0.981673 1
1 85 1 -0.388805 1
1 86 1 1.61906 1
1 87 1 -1.56139 1
1 88 1 -0.968655 1
1 89 1 2.44006 1
1 90 1 -0.762623 1
1 91 1 -2.14915 1
1 92 1 -0.813886 1
1 93 1 0.575795 1
1 94 1 -1.71942 1
1 95 1 -3.54561 1
1 27 1 -0.863516 1
2 64 1 0.620155 1
2 65 1 2.96868 1
2 66 1 -2.57046 1
2 67 1 -1.4962 1
2 68 1 -1.03968 1
2 69 1 2.76393 1
2 70 1 -1.36072 1
2 71 1 2.75613 1
2 72 1 -1.68841 1
2 73 1 -3.36288 1
2 74 1 -4.29551 1
2 75 1 -1.10606 1
2 76 1 -4.1219 1
2 77 1 -0.238076 1
2 78 1 -2.76527 1
2 79 1 -3.48377 1
2 80 1 -3.18512 1
2 81 1 -4.18935 1
2 82 1 0.385604 1
2 83 1 -1.79168 1
2 84 1 0.295985 1
2 85 1 2.61528 1
2 86 1 -0.59139 1
2 87 1 -1.06268 1
2 88 1 -0.0149539 1
2 89 1 -3.63573 1
2 90 1 -1.88812 1
2 91 1 -1.50101 1
2 92 1 2.89381 1
2 93 1 -3.83277 1
2 94 1 2.39674 1
2 95 1 -0.449356 1
2 100 1 -1.45099 1
2 6 1 4.76267 1
2 110 1 0.251078 1
3 64 1 -2.27021 1
3 65 1 -1.12062 1
3 66 1 -0.0274994 1
3 67 1 2.16114 1
3 68 1 3.42598 1
3 69 1 -3.85005 1
3 70 1 0.229126 1
3 71 1 1.39873 1
3 72 1 6.39219 1
3 73 1 -1.39073 1
3 74 1 0.957024 1
3 75 1 2.70086 1
3 76 1 1.35354 1
3 77 1 -0.947429 1
3 78 1 -0.756102 1
3 79 1 -0.37602 1
3 80 1 -1.99202 1
3 81 1 -1.58048 1
3 82 1 4.43409 1
3 83 1 0.751037 1
3 84 1 0.58191 1
3 85 1 -2.76221 1
3 86 1 -0.7333 1
3 87 1 1.9792 1
3 88 1 -0.488987 1
3 89 1 1.33828 1
3 90 1 1.0434 1
3 91 1 1.16905 1
3 92 1 -1.02958 1
3 93 1 -2.9624 1
3 94 1 -3.48625 1
3 95 1 1.78959 0
3 110 1 0.328499 1
110 95 1 -1.04206 0
110 111 1 0.797641 0
110 132 1 1.7721 1
132 111 1 2.37433 1
111 95 1 -3.57137 1
4 64 1 1.98825 1
4 65 1 -0.583961 1
4 66 1 -2.06015 1
4 67 1 2.96614 1
4 68 1 -1.30964 1
4 69 1 3.05635 1
4 70 1 0.0267419 1
4 71 1 -0.374063 1
4 72 1 1.56384 1
4 73 1 -0.8464 0
4 74 1 0.917471 1
4 75 1 -4.82518 0
4 76 1 1.24801 1
4 77 1 3.53219 1
4 78 1 1.54699 1
4 79 1 1.88809 1
4 80 1 -2.94323 1
4 81 1 -0.113843 1
4 82 1 0.429198 1
4 83 1 -2.85041 1
4 84 1 -0.14156 1
4 85 1 3.02347 1
4 86 1 1.84396 1
4 87 1 -0.429632 1
4 88 1 -1.64364 1
4 89 1 0.240933 1
4 90 1 2.80977 1
4 91 1 -5.15668 1
4 92 1 -0.0442042 1
4 93 1 0.206398 0
4 94 1 -2.60894 1
4 95 1 2.70123 1
4 101 1 2.85613 1
4 17 1 1.98161 1
4 118 1 1.52589 1
4 145 1 -0.138408 1
145 93 1 0.0105824 1
118 73 1 -2.60739 1
101 75 1 0.734464 1
5 64 1 -0.534793 1
5 65 1 2.46001 1
5 66 1 -2.96176 1
5 67 1 4.16711 1
5 68 1 2.64772 1
5 69 1 2.58581 1
5 70 1 -3.01549 1
5 71 1 -0.0226959 1
5 72 1 0.341078 1
5 73 1 -2.51244 1
5 74 1 -1.81361 1
5 75 1 2.24721 1
5 76 1 2.13438 1
5 77 1 1.56507 1
5 78 1 0.30975 1
5 79 1 -0.0864044 1
5 80 1 3.06271 1
5 81 1 -2.01316 1
5 82 1 -1.42058 1
5 83 1 5.33218 1
5 84 1 1.51917 1
5 85 1 3.08028 1
5 86 1 -2.95718 1
5 87 1 -0.142232 1
5 88 1 -1.68913 1
5 89 1 -2.30901 1
5 90 1 -2.87662 1
5 91 1 0.388915 1
5 92 1 -2.03013 1
5 93 1 1.35434 1
5 94 1 -1.84761 1
5 95 1 -1.02896 1
6 64 1 0.242978 1
6 65 1 0.0855256 1
6 66 1 1.90542 1
6 67 1 2.14875 1
6 68 1 -4.07934 1
6 69 1 -0.774304 1
6 70 1 -1.2052 1
6 71 1 -0.410505 1
6 72 1 1.20558 1
6 73 1 -2.83498 1
6 74 1 -3.31717 1
6 75 1 0.994139 1
6 76 1 4.14079 1
6 77 1 0.466225 1
6 78 1 -2.27339 1
6 79 1 -2.50321 1
6 80 1 2.25276 1
6 81 1 -0.290071 1
6 82 1 1.3088 1
6 83 1 1.92974 1
6 84 1 1.55932 1
6 85 1 -3.23173 1
6 86 1 -1.35113 1
6 87 1 3.96017 1
6 88 1 -2.12775 1
6 89 1 -2.39228 1
6 90 1 3.79402 1
6 91 1 -0.689653 1
6 92 1 2.61992 1
6 93 1 -2.53601 1
6 94 1 -2.13324 1
6 95 1 0.983858 1
6 26 1 0.651993 1
7 64 1 2.08152 1
7 65 1 0.708545 1
7 66 1 -0.00605251 1
7 67 1 -3.79373 1
7 68 1 -3.07609 1
7 69 1 -1.66054 1
7 70 1 4.43721 1
7 71 1 1.35634 1
7 72 1 2.92645 1
7 73 1 0.0625362 1
7 74 1 -1.40185 1
7 75 1 -1.30683 1
7 76 1 3.08582 1
7 77 1 -1.85011 1
7 78 1 2.65776 1
7 79 1 1.80181 1
7 80 1 -1.03355 1
7 81 1 1.7232 1
7 82 1 -4.64341 0
7 83 1 2.52305 0
7 84 1 -2.56649 1
7 85 1 2.87309 1
7 86 1 0.105427 1
7 87 1 3.07334 1
7 88 1 -2.59636 1
7 89 1 -2.51112 1
7 90 1 -0.876235 1
7 91 1 -2.71014 1
7 92 1 0.372211 1
7 93 1 -0.906479 1
7 94 1 0.479564 1
7 95 1 3.18033 1
7 100 1 -0.532161 1
7 127 1 0.516469 1
127 82 1 -2.82224 1
100 83 1 0.217615 1
100 24 1 -0.489456 0
100 106 1 4.28694 1
106 24 1 -5.1722 1
106 6 1 -0.381083 1
8 64 1 2.81048 1
8 65 1 -2.63196 1
8 66 1 0.151389 1
8 67 1 2.43149 1
8 68 1 -0.653222 1
8 69 1 3.1048 1
8 70 1 1.12903 1
8 71 1 2.90412 1
8 72 1 3.11423 1
8 73 1 0.012207 1
8 74 1 -0.11296 1
8 75 1 -2.0283 1
8 76 1 -1.31902 1
8 77 1 2.44223 1
8 78 1 0.0142289 1
8 79 1 -2.38171 1
8 80 1 0.986438 1
8 81 1 0.443296 1
8 82 1 -0.260011 1
8 83 1 -3.1485 1
8 84 1 4.23452 1
8 85 1 7.45578 1
8 86 1 5.15396 1
8 87 1 0.684258 1
8 88 1 0.141022 1
8 89 1 2.69428 1
8 90 1 -0.462329 1
8 91 1 -0.0601306 1
8 92 1 3.36792 1
8 93 1 5.22207 1
8 94 1 4.52212 1
8 95 1 1.00331 1
8 17 1 -1.17234 1
9 64 1 -2.51607 1
9 65 1 -2.43706 1
9 66 1 0.383652 1
9 67 1 1.46698 1
9 68 1 -1.68091 1
9 69 1 0.470906 1
9 70 1 -4.47026 1
9 71 1 0.873092 1
9 72 1 3.61686 1
9 73 1 -2.58084 1
9 74 1 0.119458 1
9 75 1 0.277753 1
9 76 1 2.33654 1
9 77 1 -0.899826 1
9 78 1 2.6299 1
9 79 1 1.71092 1
9 80 1 -1.12591 1
9 81 1 0.565512 1
9 82 1 -2.43737 1
9 83 1 0.144369 1
9 84 1 2.6485 1
9 85 1 2.454 1
9 86 1 -0.584083 1
9 87 1 0.895032 1
9 88 1 1.33175 1
9 89 1 6.42753 1
9 90 1 0.0233322 1
9 91 1 -0.336181 1
9 92 1 -2.62596 1
9 93 1 -1.24319 1
9 94 1 -3.327 1
9 95 1 -0.206657 1
9 103 1 -0.481699 1
10 64 1 0.861558 1
10 65 1 0.415338 1
10 66 1 4.90376 1
10 67 1 -5.71522 1
10 68 1 3.61543 1
10 69 1 -0.0978147 1
10 70 1 -0.595404 1
10 71 1 -1.8864 1
10 72 1 3.89763 1
10 73 1 3.14582 1
10 74 1 0.670484 0
10 75 1 0.228724 1
10 76 1 1.77167 1
10 77 1 -0.112058 1
10 78 1 -1.38166 1
10 79 1 -4.09412 1
10 80 1 -2.2588 1
10 81 1 2.92644 1
10 82 1 2.29015 1
10 83 1 0.694619 1
10 84 1 2.87424 1
10 85 1 3.02997 1
10 86 1 -2.78429 1
10 87 1 1.27554 1
10 88 1 3.94323 1
10 89 1 -1.19632 1
10 90 1 0.6565 1
10 91 1 2.39086 1
10 92 1 0.63359 1
10 93 1 -2.06819 1
10 94 1 4.21349 1
10 95 1 3.65092 1
10 124 1 1.74106 1
124 74 1 0.703171 1
11 64 1 3.75479 1
11 65 1 0.940352 1
11 66 1 3.30822 1
11 67 1 0.195488 1
11 68 1 4.45984 1
11 69 1 0.38816 1
11 70 1 2.22637 1
11 71 1 0.69141 1
11 72 1 -2.74913 1
11 73 1 0.98207 1
11 74 1 0.706929 0
11 75 1 -0.8581 1
11 76 1 -2.1204 1
11 77 1 0.0617091 1
11 78 1 -1.79781 1
11 79 1 -0.274418 1
11 80 1 -1.49768 1
11 81 1 -0.142634 1
11 82 1 3.26538 1
11 83 1 0.443127 1
11 84 1 2.7901 1
11 85 1 -1.49727 1
11 86 1 -4.57028 1
11 87 1 -1.11894 1
11 88 1 -1.80721 1
11 89 1 0.122709 1
11 90 1 -1.31849 1
11 91 1 0.963663 1
11 92 1 -3.2588 1
11 93 1 3.42351 1
11 94 1 -1.01758 1
11 95 1 -3.09915 1
11 120 1 -2.88237 1
11 109 1 0.818107 1
120 74 1 -1.787 1
12 64 1 -0.195166 1
12 65 1 0.3706 1
12 66 1 -2.74144 1
12 67 1 -2.63304 1
12 68 1 -0.127805 1
12 69 1 2.06707 1
12 70 1 -0.145097 1
12 71 1 2.32265 1
12 72 1 1.1498 1
12 73 1 -3.74215 1
12 74 1 -4.22309 1
12 75 1 -1.54885 1
12 76 1 0.214914 1
12 77 1 -0.534425 1
12 78 1 1.05205 1
12 79 1 -1.74385 1
12 80 1 -1.59856 1
12 81 1 -1.28023 1
12 82 1 2.9734 1
12 83 1 -0.590922 1
12 84 1 1.24307 1
12 85 1 -1.01065 1
12 86 1 0.0292866 1
12 87 1 1.64505 1
12 88 1 -2.59052 1
12 89 1 2.26284 1
12 90 1 -1.15419 1
12 91 1 -2.49636 1
12 92 1 0.593094 1
12 93 1 -2.59316 1
12 94 1 1.05333 1
12 95 1 -1.13003 1
12 17 1 1.65944 1
12 18 1 0.425168 1
13 64 1 0.700733 1
13 65 1 -3.85407 1
13 66 1 0.326167 1
13 67 1 2.48005 1
13 68 1 2.32464 1
13 69 1 -2.83619 1
13 70 1 0.560742 1
13 71 1 1.2635 1
13 72 1 1.60115 1
13 73 1 -3.65674 1
13 74 1 -1.47946 1
13 75 1 -2.67036 1
13 76 1 -0.885278 1
13 77 1 -2.1125 1
13 78 1 -0.0839202 1
13 79 1 2.29289 1
13 80 1 0.522652 1
13 81 1 0.469626 1
13 82 1 -1.43856 1
13 83 1 0.066569 1
13 84 1 -2.32493 1
13 85 1 5.29743 1
13 86 1 5.64927 1
13 87 1 7.25853 1
13 88 1 2.12182 1
13 89 1 0.335206 1
13 90 1 -5.44665 1
13 91 1 -3.31784 1
13 92 1 -0.769704 1
13 93 1 -3.89762 1
13 94 1 -0.373199 1
13 95 1 -2.42117 1
14 64 1 -1.19462 1
14 65 1 4.73584 1
14 66 1 1.55424 1
14 67 1 -0.733379 1
14 68 1 -2.46651 1
14 69 1 3.69564 1
14 70 1 -2.74232 1
14 71 1 1.64841 1
14 72 1 1.75621 1
14 73 1 -1.06462 1
14 74 1 1.38887 1
14 75 1 2.25619 1
14 76 1 -0.307819 1
14 77 1 0.567498 1
14 78 1 -1.41234 1
14 79 1 -0.327683 1
14 80 1 -1.64683 1
14 81 1 0.89297 0
14 82 1 5.46439 1
14 83 1 -0.889404 1
14 84 1 -0.0264683 1
14 85 1 -1.3975 1
14 86 1 2.39708 1
14 87 1 -2.07242 1
14 88 1 -0.292376 1
14 89 1 -1.26408 1
14 90 1 0.825268 1
14 91 1 3.87511 1
14 92 1 1.91303 1
14 93 1 1.20783 1
14 94 1 4.93645 1
14 95 1 -0.810921 1
14 104 1 -1.92291 1
14 119 1 1.1034 1
119 81 1 5.11879 1
119 99 1 -0.950001 1
15 64 1 -0.452298 1
15 65 1 0.871827 1
15 66 1 -1.8275 1
15 67 1 -1.30436 1
15 68 1 -0.0119036 1
15 69 1 -1.92275 1
15 70 1 7.81957 1
15 71 1 -1.20958 1
15 72 1 -1.25801 1
15 73 1 -0.864478 1
15 74 1 1.6377 1
15 75 1 -0.580636 1
15 76 1 -0.215066 1
15 77 1 1.28755 1
15 78 1 -1.47117 1
15 79 1 -0.904264 1
15 80 1 1.19146 1
15 81 1 0.568498 1
15 82 1 -2.05432 1
15 83 1 -0.694786 1
15 84 1 1.33206 1
15 85 1 -0.860411 1
15 86 1 1.94942 1
15 87 1 -3.45395 1
15 88 1 1.56967 1
15 89 1 2.61846 1
15 90 1 0.295229 1
15 91 1 -3.9972 1
15 92 1 2.11278 1
15 93 1 -1.37568 1
15 94 1 1.64099 1
15 95 1 2.57632 1
16 64 1 3.37823 1
16 65 1 -0.640447 1
16 66 1 -4.58976 1
16 67 1 -3.70365 1
16 68 1 0.688378 1
16 69 1 0.147209 1
16 70 1 2.98258 1
16 71 1 3.92586 1
16 72 1 -0.448019 1
16 73 1 -1.80758 1
16 74 1 -0.0213061 1
16 75 1 0.527019 1
16 76 1 -0.536198 1
16 77 1 1.77117 1
16 78 1 -0.988623 1
16 79 1 -0.811034 1
16 80 1 0.4161 1
16 81 1 2.66989 1
16 82 1 -2.02486 1
16 83 1 2.30816 1
16 84 1 -1.09007 1
16 85 1 -0.51453 1
16 86 1 -2.5206 1
16 87 1 -2.31135 1
16 88 1 0.436229 1
16 89 1 -0.930115 1
16 90 1 -0.803344 1
16 91 1 2.71033 1
16 92 1 4.67924 1
16 93 1 -2.1268 1
16 94 1 -0.0283017 1
16 95 1 -2.37448 1
17 64 1 -4.25093 1
17 65 1 -1.83827 1
17 66 1 -2.23358 1
17 67 1 3.98887 1
17 68 1 -1.44327 1
17 69 1 -0.932756 1
17 70 1 1.29341 1
17 71 1 2.54998 1
17 72 1 -5.66545 0
17 73 1 0.527548 1
17 74 1 3.04636 1
17 75 1 2.3077 1
17 76 1 -0.75362 1
17 77 1 1.91372 1
17 78 1 -0.0497165 1
17 79 1 -3.74196 1
17 80 1 3.86751 1
17 81 1 2.61832 1
17 82 1 -1.20576 1
17 83 1 -2.19333 1
17 84 1 -4.77551 1
17 85 1 1.3983 1
17 86 1 2.23351 1
17 87 1 -1.97816 1
17 88 1 -5.55624 1
17 89 1 1.27931 1
17 90 1 -3.46508 1
17 91 1 6.39435 1
17 92 1 -0.0308945 1
17 93 1 3.46361 1
17 94 1 2.4556 1
17 95 1 -0.929218 1
17 146 1 0.87367 1
146 72 1 -6.26904 1
18 64 1 2.34524 1
18 65 1 0.0240757 1
18 66 1 2.19374 1
18 67 1 -0.180294 1
18 68 1 -1.52434 1
18 69 1 1.84088 1
18 70 1 2.03808 1
18 71 1 0.396384 1
18 72 1 1.57696 1
18 73 1 -1.29406 1
18 74 1 1.3064 1
18 75 1 1.02356 1
18 76 1 2.73969 1
18 77 1 -0.310508 1
18 78 1 2.70672 1
18 79 1 -0.116868 1
18 80 1 -4.80326 1
18 81 1 2.57147 1
18 82 1 -3.86412 1
18 83 1 1.71333 1
18 84 1 -1.70077 1
18 85 1 0.673612 1
18 86 1 4.31511 1
18 87 1 -1.32295 1
18 88 1 0.533178 1
18 89 1 -3.0593 1
18 90 1 1.43932 1
18 91 1 2.22449 1
18 92 1 -2.19738 1
18 93 1 0.544764 1
18 94 1 -0.553426 1
18 95 1 0.940549 1
18 25 1 0.0777385 1
18 18 1 -0.0873145 1
18 139 1 -0.59666 1
19 64 1 3.50567 1
19 65 1 -2.23841 1
19 66 1 3.48959 1
19 67 1 -0.226066 1
19 68 1 -2.29905 1
19 69 1 1.38863 1
19 70 1 -0.807757 1
19 71 1 -2.19337 1
19 72 1 3.03323 1
19 73 1 1.11722 1
19 74 1 -0.491395 1
19 75 1 1.72299 1
19 76 1 -1.6363 1
19 77 1 -1.32609 1
19 78 1 -4.3245 1
19 79 1 3.53379 1
19 80 1 0.480296 1
19 81 1 -4.1092 1
19 82 1 0.661075 1
19 83 1 -3.22264 1
19 84 1 -0.67719 1
19 85 1 1.44446 1
19 86 1 1.21276 1
19 87 1 2.0365 1
19 88 1 0.508286 1
19 89 1 4.61935 1
19 90 1 -1.7336 1
19 91 1 0.301484 1
19 92 1 -0.944664 1
19 93 1 -3.73219 1
19 94 1 -0.593818 1
19 95 1 -5.87015 1
20 64 1 2.08599 1
20 65 1 -0.580901 1
20 66 1 -1.73736 1
20 67 1 1.77599 1
20 68 1 0.514678 1
20 69 1 -0.768289 1
20 70 1 -3.90033 1
20 71 1 1.80426 1
20 72 1 1.36239 1
20 73 1 2.56062 1
20 74 1 1.60848 1
20 75 1 2.87421 1
20 76 1 0.427518 1
20 77 1 -0.628875 1
20 78 1 2.96125 1
20 79 1 1.49265 1
20 80 1 -0.215143 1
20 81 1 0.330012 1
20 82 1 2.94867 1
20 83 1 0.510291 1
20 84 1 0.747489 1
20 85 1 -2.47365 1
20 86 1 0.371697 1
20 87 1 -1.6851 1
20 88 1 1.04404 1
20 89 1 2.05367 1
20 90 1 2.92103 1
20 91 1 0.213437 0
20 92 1 -1.71334 1
20 93 1 -0.288198 0
20 94 1 3.69159 0
20 95 1 -0.855483 1
20 96 1 -3.05622 1
20 98 1 0.00855459 1
20 103 1 -0.30688 1
20 109 1 0.189091 1
103 91 1 1.19617 0
103 105 1 1.0872 1
103 112 1 -1.1894 0
103 123 1 0.891982 1
103 140 1 -0.564432 1
140 112 1 1.86198 1
123 91 1 1.30731 1
123 113 1 0.347639 0
123 136 1 1.31163 1
136 113 1 -1.22907 1
105 91 1 1.84881 0
105 129 1 0.0544036 1
129 91 1 0.0181491 0
129 135 1 0.889348 1
129 116 1 -1.08747 1
135 91 1 -0.464843 1
98 93 1 0.734752 1
98 99 1 3.53484 1
96 94 1 1.73979 1
96 20 1 -0.153059 1
21 64 1 1.974 1
21 65 1 4.20109 1
21 66 1 -3.42995 1
21 67 1 -3.80037 1
21 68 1 -1.8523 1
21 69 1 3.01587 1
21 70 1 -1.835 1
21 71 1 -3.07922 1
21 72 1 -7.22951 1
21 73 1 -0.436721 1
21 74 1 -1.20965 1
21 75 1 0.882682 1
21 76 1 0.0627365 1
21 77 1 -0.664748 1
21 78 1 -3.04518 1
21 79 1 -1.57171 1
21 80 1 0.849153 1
21 81 1 -1.10375 1
21 82 1 -1.20923 1
21 83 1 1.57824 1
21 84 1 4.50169 1
21 85 1 -1.89717 1
21 86 1 2.81873 1
21 87 1 -0.604158 1
21 88 1 1.54289 1
21 89 1 0.970815 1
21 90 1 -1.07039 1
21 91 1 0.456033 0
21 92 1 2.00785 1
21 93 1 -0.146294 1
21 94 1 -1.96053 1
21 95 1 -1.05137 1
21 143 1 1.3319 1
143 91 1 -0.389148 1
22 64 1 1.05964 1
22 65 1 1.89804 1
22 66 1 0.671715 1
22 67 1 5.39563 1
22 68 1 -0.416708 1
22 69 1 -1.57326 1
22 70 1 -1.51552 1
22 71 1 0.0826308 1
22 72 1 -3.71973 1
22 73 1 1.03237 1
22 74 1 -2.63514 1
22 75 1 -0.760439 1
22 76 1 0.927203 1
22 77 1 0.900638 1
22 78 1 4.12231 1
22 79 1 5.54082 1
22 80 1 -1.43603 1
22 81 1 -2.09881 1
22 82 1 0.224606 1
22 83 1 -1.07197 1
22 84 1 -0.914621 1
22 85 1 0.573708 1
22 86 1 0.200642 1
22 87 1 3.7036 1
22 88 1 -2.30383 1
22 89 1 -1.82531 1
22 90 1 1.51546 1
22 91 1 0.390133 1
22 92 1 0.388957 1
22 93 1 0.992543 1
22 94 1 3.26441 1
22 95 1 2.93331 1
23 64 1 -2.11791 1
23 65 1 0.859866 1
23 66 1 -0.115216 1
23 67 1 3.57757 1
23 68 1 -2.90503 1
23 69 1 1.00606 1
23 70 1 3.59947 1
23 71 1 -3.52578 1
23 72 1 0.755792 1
23 73 1 0.726546 1
23 74 1 2.50569 1
23 75 1 -0.566137 1
23 76 1 2.82329 1
23 77 1 3.13362 1
23 78 1 -0.0553564 1
23 79 1 -4.23145 1
23 80 1 0.83262 1
23 81 1 0.540238 1
23 82 1 -1.15697 1
23 83 1 1.47474 1
23 84 1 4.08641 1
23 85 1 -1.69826 1
23 86 1 -8.14003 1
23 87 1 1.08804 1
23 88 1 3.22526 1
23 89 1 -1.0778 1
23 90 1 -1.72733 1
23 91 1 -0.763611 1
23 92 1 -0.259389 1
23 93 1 2.79182 1
23 94 1 -1.26686 1
23 95 1 -0.632864 1
23 107 1 1.28443 1
23 27 1 -0.402426 1
24 64 1 -2.39001 1
24 65 1 2.43865 1
24 66 1 -1.60274 1
24 67 1 5.16948 1
24 68 1 -4.89 1
24 69 1 4.04611 1
24 70 1 0.192378 1
24 71 1 3.40094 1
24 72 1 0.0748733 1
24 73 1 1.80206 1
24 74 1 0.37249 1
24 75 1 0.492105 1
24 76 1 -0.528405 1
24 77 1 -0.637642 1
24 78 1 -4.30829 1
24 79 1 -1.64861 1
24 80 1 3.31847 1
24 81 1 0.223827 1
24 82 1 2.33639 1
24 83 1 -4.03437 1
24 84 1 -2.55081 1
24 85 1 -1.39234 1
24 86 1 -3.48147 1
24 87 1 2.31432 1
24 88 1 -3.7695 1
24 89 1 6.4906 1
24 90 1 3.98781 1
24 91 1 -3.88322 1
24 92 1 0.382639 1
24 93 1 -0.321991 1
24 94 1 -1.46345 1
24 95 1 0.576768 1
24 5 1 1.85263 1
25 64 1 2.14689 1
25 65 1 2.25948 1
25 66 1 0.127678 1
25 67 1 -0.370084 1
25 68 1 4.62125 1
25 69 1 -3.5284 1
25 70 1 1.93086 0
25 71 1 -4.30246 1
25 72 1 1.23083 1
25 73 1 0.277533 1
25 74 1 2.1857 1
25 75 1 -0.757584 1
25 76 1 -1.56628 1
25 77 1 -0.513174 1
25 78 1 3.5609 1
25 79 1 -1.19581 1
25 80 1 -0.0285988 1
25 81 1 -2.86177 1
25 82 1 -0.427728 1
25 83 1 3.02793 1
25 84 1 -3.19178 1
25 85 1 -2.33648 1
25 86 1 1.44671 1
25 87 1 1.94417 1
25 88 1 -0.204222 1
25 89 1 3.07149 1
25 90 1 -3.17945 1
25 91 1 1.76797 1
25 92 1 1.4124 1
25 93 1 1.11706 1
25 94 1 0.381651 1
25 95 1 -3.5102 1
25 8 1 0.616782 1
25 6 1 -1.14511 1
25 121 1 -1.37293 1
121 70 1 6.32748 1
26 64 1 -2.76363 1
26 65 1 2.09351 1
26 66 1 -0.0954873 1
26 67 1 0.579463 1
26 68 1 0.904992 1
26 69 1 2.30104 1
26 70 1 -2.2542 1
26 71 1 0.0833726 1
26 72 1 -2.44249 1
26 73 1 0.043378 1
26 74 1 -3.1536 1
26 75 1 3.13765 1
26 76 1 0.371068 1
26 77 1 -3.57862 1
26 78 1 2.70576 1
26 79 1 -0.291328 1
26 80 1 0.117392 1
26 81 1 3.53729 1
26 82 1 0.387723 1
26 83 1 1.04386 1
26 84 1 -3.23999 1
26 85 1 -0.542808 1
26 86 1 -4.46371 1
26 87 1 0.762337 1
26 88 1 -2.28059 1
26 89 1 -0.852755 1
26 90 1 -0.99546 1
26 91 1 -3.95057 1
26 92 1 -0.860871 1
26 93 1 0.226796 1
26 94 1 2.57212 1
26 95 1 -1.05333 1
26 23 1 4.07467 1
26 15 1 2.11666 1
27 64 1 -4.57 1
27 65 1 3.62979 1
27 66 1 2.86046 1
27 67 1 -1.70654 1
27 68 1 1.3025 1
27 69 1 1.94731 1
27 70 1 3.6538 1
27 71 1 -4.63833 1
27 72 1 -0.211157 1
27 73 1 1.14326 1
27 74 1 -1.1625 1
27 75 1 -0.350446 1
27 76 1 -1.75648 1
27 77 1 -2.42587 1
27 78 1 -0.680302 1
27 79 1 0.551313 1
27 80 1 -1.23178 1
27 81 1 -0.491108 1
27 82 1 -0.585819 1
27 83 1 0.488417 1
27 84 1 0.0547594 1
27 85 1 1.77303 1
27 86 1 -1.89718 1
27 87 1 1.75839 1
27 88 1 -4.49959 1
27 89 1 -3.26694 1
27 90 1 2.93631 1
27 91 1 -0.760082 1
27 92 1 -0.496025 1
27 93 1 -1.47108 1
27 94 1 2.49736 1
27 95 1 -2.32771 1
27 9 1 1.43334 1
27 5 1 -0.513573 1
28 64 1 1.94678 1
28 65 1 -0.313037 1
28 66 1 -1.81389 1
28 67 1 4.31342 1
28 68 1 1.23425 1
28 69 1 1.40377 1
28 70 1 -2.28961 1
28 71 1 -2.0336 1
28 72 1 -5.47247 1
28 73 1 1.4508 1
28 74 1 1.36574 1
28 75 1 -0.208891 1
28 76 1 -0.371838 1
28 77 1 -0.318016 1
28 78 1 -2.22848 1
28 79 1 0.0717246 1
28 80 1 2.24421 1
28 81 1 -1.89909 1
28 82 1 3.12338 1
28 83 1 3.77619 1
28 84 1 1.06029 1
28 85 1 -6.73358 1
28 86 1 -2.54788 1
28 87 1 -2.88822 1
28 88 1 -4.6791 1
28 89 1 -0.231283 1
28 90 1 -2.7803 1
28 91 1 -1.42725 1
28 92 1 1.33339 1
28 93 1 -2.65569 1
28 94 1 3.01883 1
28 95 1 -3.17643 1
29 64 1 0.0785745 1
29 65 1 -2.17323 1
29 66 1 1.42824 1
29 67 1 2.13237 1
29 68 1 -6.69896 1
29 69 1 2.56212 1
29 70 1 -0.528608 1
29 71 1 -1.58018 1
29 72 1 1.2034 1
29 73 1 0.290303 1
29 74 1 1.12542 1
29 75 1 -1.66325 1
29 76 1 -1.28771 1
29 77 1 2.12677 1
29 78 1 -5.55218 1
29 79 1 -2.37231 1
29 80 1 2.28578 1
29 81 1 0.2257 1
29 82 1 0.795704 1
29 83 1 -1.44255 1
29 84 1 1.11573 1
29 85 1 0.389721 1
29 86 1 -2.74406 1
29 87 1 -3.9734 1
29 88 1 -0.531528 1
29 89 1 -3.09212 1
29 90 1 -0.545151 1
29 91 1 2.02269 1
29 92 1 0.108469 1
29 93 1 1.83131 1
29 94 1 -1.08189 1
29 95 1 0.280665 1
29 113 1 0.739487 1
30 64 1 -0.93966 1
30 65 1 0.981429 1
30 66 1 2.85634 1
30 67 1 1.00844 1
30 68 1 0.798018 1
30 69 1 2.64917 1
30 70 1 1.26278 1
30 71 1 -1.90718 1
30 72 1 0.0171584 1
30 73 1 5.38981 1
30 74 1 -0.509419 1
30 75 1 2.22434 1
30 76 1 0.823258 1
30 77 1 -0.75605 1
30 78 1 2.2335 1
30 79 1 5.02521 1
30 80 1 -1.77829 1
30 81 1 -2.61514 1
30 82 1 2.21629 1
30 83 1 3.68088 1
30 84 1 1.06648 1
30 85 1 -1.45295 1
30 86 1 -1.6746 1
30 87 1 -3.70257 1
30 88 1 1.25615 1
30 89 1 -0.382321 1
30 90 1 2.00352 1
30 91 1 4.45096 1
30 92 1 -1.62365 1
30 93 1 2.09217 1
30 94 1 2.88199 1
30 95 1 -0.893588 1
31 64 1 1.996 1
31 65 1 -0.282465 1
31 66 1 -1.72585 1
31 67 1 4.36902 1
31 68 1 2.28833 1
31 69 1 2.82016 1
31 70 1 -3.47361 1
31 71 1 0.689083 1
31 72 1 -3.71235 1
31 73 1 -1.23411 1
31 74 1 0.800555 1
31 75 1 0.765633 1
31 76 1 0.42464 1
31 77 1 0.640205 1
31 78 1 -2.73413 1
31 79 1 1.00879 1
31 80 1 -1.48452 1
31 81 1 -1.81614 1
31 82 1 0.248214 1
31 83 1 -1.12501 1
31 84 1 -2.34471 1
31 85 1 -1.5438 1
31 86 1 -0.971665 1
31 87 1 -0.770976 0
31 88 1 2.97279 1
31 89 1 0.0755534 1
31 90 1 1.83042 1
31 91 1 -0.858766 1
31 92 1 -0.921184 1
31 93 1 1.82736 1
31 94 1 0.989532 1
31 95 1 -0.978966 1
31 122 1 2.92801 1
122 87 1 0.921674 1
32 64 1 7.13094 1
32 65 1 1.93155 1
32 66 1 -3.02263 1
32 67 1 3.15387 1
32 68 1 0.261031 1
32 69 1 2.81228 1
32 70 1 -0.658602 1
32 71 1 0.783304 1
32 72 1 -3.74811 1
32 73 1 0.384474 1
32 74 1 -1.71325 1
32 75 1 2.52939 1
32 76 1 -2.59543 1
32 77 1 2.51741 1
32 78 1 -0.416465 1
32 79 1 1.12112 1
32 80 1 -0.270631 1
32 81 1 -2.66442 1
32 82 1 -1.948 1
32 83 1 -2.04724 1
32 84 1 2.11601 1
32 85 1 -2.49325 1
32 86 1 1.25604 1
32 87 1 -0.663866 1
32 88 1 -1.62957 1
32 89 1 -2.61429 1
32 90 1 1.2323 1
32 91 1 -2.61674 1
32 92 1 2.99968 1
32 93 1 0.354463 1
32 94 1 -0.127145 1
32 95 1 -2.24774 1
33 64 1 2.5456 1
33 65 1 -5.13437 1
33 66 1 -0.369459 1
33 67 1 -2.45188 1
33 68 1 -0.577009 1
33 69 1 0.105123 1
33 70 1 3.08363 1
33 71 1 5.01601 1
33 72 1 -0.303962 1
33 73 1 3.66621 1
33 74 1 2.01493 1
33 75 1 -5.07274 1
33 76 1 -0.440799 1
33 77 1 3.04572 1
33 78 1 -2.08584 1
33 79 1 -2.1981 1
33 80 1 2.37347 1
33 81 1 -1.38566 1
33 82 1 -0.182844 1
33 83 1 2.70731 1
33 84 1 1.16593 1
33 85 1 0.0791958 1
33 86 1 0.656566 1
33 87 1 2.46077 1
33 88 1 2.30416 1
33 89 1 4.34137 1
33 90 1 -2.47395 1
33 91 1 1.77751 1
33 92 1 2.50133 1
33 93 1 2.82594 1
33 94 1 -0.0622871 1
33 95 1 0.0666322 1
33 20 1 -0.889067 1
33 107 1 0.23425 1
34 64 1 0.345197 1
34 65 1 -0.703433 1
34 66 1 1.34579 1
34 67 1 1.97586 1
34 68 1 1.64033 1
34 69 1 0.504178 1
34 70 1 -1.32937 1
34 71 1 -0.414972 1
34 72 1 -0.767986 1
34 73 1 -1.86681 1
34 74 1 1.87336 1
34 75 1 3.96632 1
34 76 1 -2.74153 1
34 77 1 0.924425 1
34 78 1 -1.35579 1
34 79 1 1.2856 1
34 80 1 1.79122 1
34 81 1 -1.37285 1
34 82 1 -0.519368 1
34 83 1 1.52619 1
34 84 1 0.998927 1
34 85 1 0.537589 1
34 86 1 -1.26944 1
34 87 1 -0.277098 1
34 88 1 2.09241 1
34 89 1 -0.679674 1
34 90 1 -4.68713 1
34 91 1 1.86106 1
34 92 1 -1.00467 1
34 93 1 -2.81042 1
34 94 1 2.83976 1
34 95 1 1.66284 1
34 113 1 0.180727 1
35 64 1 -0.981357 1
35 65 1 -0.922047 1
35 66 1 1.22311 1
35 67 1 2.37128 1
35 68 1 -0.228436 1
35 69 1 4.31476 1
35 70 1 2.57095 1
35 71 1 0.227329 1
35 72 1 3.22082 1
35 73 1 6.76228 1
35 74 1 3.38315 1
35 75 1 -0.906409 1
35 76 1 -3.371 1
35 77 1 1.00223 1
35 78 1 -1.51217 1
35 79 1 -0.0557821 1
35 80 1 -6.74525 1
35 81 1 -1.11909 1
35 82 1 1.95611 0
35 83 1 -0.336644 1
35 84 1 2.83443 1
35 85 1 -4.91575 1
35 86 1 -0.808057 1
35 87 1 -2.33824 1
35 88 1 -1.2166 1
35 89 1 1.9082 0
35 90 1 -1.62324 1
35 91 1 -1.39371 1
35 92 1 -3.32053 1
35 93 1 -0.86363 1
35 94 1 -2.41456 1
35 95 1 0.00292818 1
35 130 1 0.721783 1
35 133 1 2.47555 1
133 82 1 2.13843 1
130 89 1 1.48091 1
36 64 1 0.275628 1
36 65 1 1.38594 1
36 66 1 1.18568 1
36 67 1 0.124675 1
36 68 1 -3.36029 1
36 69 1 -1.9595 1
36 70 1 -0.166724 1
36 71 1 2.15627 1
36 72 1 -0.255372 1
36 73 1 0.303637 1
36 74 1 1.13227 1
36 75 1 0.946137 1
36 76 1 1.60958 1
36 77 1 -4.48896 1
36 78 1 -0.89009 1
36 79 1 4.36494 1
36 80 1 0.0354767 1
36 81 1 -2.23549 1
36 82 1 -2.128 0
36 83 1 1.14222 1
36 84 1 1.19351 1
36 85 1 -2.15295 1
36 86 1 0.96451 1
36 87 1 -0.0655185 1
36 88 1 1.01022 1
36 89 1 0.624696 1
36 90 1 -2.2465 1
36 91 1 0.533047 1
36 92 1 3.95705 1
36 93 1 2.08675 1
36 94 1 -1.82748 1
36 95 1 5.84745 1
36 109 1 1.82774 0
36 24 1 -0.8005 1
36 117 1 0.823963 1
117 109 1 0.54246 1
109 82 1 1.21744 1
109 31 1 -0.459025 1
37 64 1 -5.18787 1
37 65 1 0.46343 1
37 66 1 -1.83592 1
37 67 1 -1.60738 1
37 68 1 -4.53262 1
37 69 1 0.299783 1
37 70 1 -3.11423 1
37 71 1 -0.748701 1
37 72 1 2.48624 1
37 73 1 1.59833 1
37 74 1 -1.30686 1
37 75 1 0.623746 1
37 76 1 2.4361 0
37 77 1 1.79754 1
37 78 1 -0.825871 1
37 79 1 -0.290719 1
37 80 1 2.5492 1
37 81 1 0.458794 1
37 82 1 4.08354 1
37 83 1 0.906344 1
37 84 1 -4.96508 1
37 85 1 2.2752 1
37 86 1 -1.92662 1
37 87 1 0.887745 1
37 88 1 -2.01932 1
37 89 1 -0.616601 1
37 90 1 0.172216 1
37 91 1 0.860657 1
37 92 1 3.21722 1
37 93 1 0.399222 1
37 94 1 -1.75909 1
37 95 1 -0.768038 1
37 142 1 0.332327 1
142 76 1 1.67566 1
38 64 1 0.150036 1
38 65 1 -2.64135 1
38 66 1 -1.38604 1
38 67 1 0.00949458 1
38 68 1 -2.10303 1
38 69 1 -3.84184 1
38 70 1 -0.167183 1
38 71 1 -0.367403 1
38 72 1 -2.53313 1
38 73 1 0.635922 1
38 74 1 -2.21546 1
38 75 1 1.51495 1
38 76 1 3.0382 1
38 77 1 -1.0373 1
38 78 1 -1.1417 1
38 79 1 0.0712848 1
38 80 1 -6.56277 1
38 81 1 -0.522075 1
38 82 1 2.97143 1
38 83 1 -1.40562 1
38 84 1 -3.2851 1
38 85 1 -3.50372 1
38 86 1 0.4614 1
38 87 1 0.300529 1
38 88 1 0.850638 1
38 89 1 3.59179 1
38 90 1 -0.720093 1
38 91 1 3.16335 1
38 92 1 1.55691 1
38 93 1 -1.35842 1
38 94 1 0.244489 1
38 95 1 -3.02029 1
39 64 1 0.772189 1
39 65 1 -2.84181 1
39 66 1 2.92532 1
39 67 1 -1.40504 1
39 68 1 0.849648 1
39 69 1 -1.05071 1
39 70 1 1.6758 1
39 71 1 -0.190234 1
39 72 1 -2.30611 1
39 73 1 -2.24205 1
39 74 1 1.58971 1
39 75 1 1.90669 0
39 76 1 2.47666 1
39 77 1 -0.0753376 1
39 78 1 -2.25516 1
39 79 1 -2.18331 1
39 80 1 1.29815 1
39 81 1 -3.92426 1
39 82 1 -1.00026 1
39 83 1 -0.428759 1
39 84 1 -1.31272 1
39 85 1 0.796177 1
39 86 1 1.17457 1
39 87 1 0.278958 1
39 88 1 -1.40018 1
39 89 1 1.19155 1
39 90 1 3.95253 1
39 91 1 -2.53864 1
39 92 1 4.01929 1
39 93 1 -1.22268 1
39 94 1 -4.36043 1
39 95 1 -0.936072 1
39 2 1 -3.55063 1
39 112 1 4.22847 1
39 13 1 -0.367759 1
39 104 1 -0.541522 1
112 75 1 -1.46487 1
112 138 1 -0.923296 1
40 64 1 -4.98781 1
40 65 1 -0.534008 1
40 66 1 2.18297 1
40 67 1 1.08417 1
40 68 1 3.92662 1
40 69 1 0.129207 1
40 70 1 -0.793954 1
40 71 1 0.593831 1
40 72 1 4.88632 1
40 73 1 1.74458 1
40 74 1 -0.80913 1
40 75 1 0.830483 1
40 76 1 -0.556603 1
40 77 1 3.39023 1
40 78 1 2.50578 1
40 79 1 -0.876435 1
40 80 1 0.395387 1
40 81 1 -0.606478 1
40 82 1 -0.44539 1
40 83 1 -2.73351 1
40 84 1 0.519531 1
40 85 1 3.00183 1
40 86 1 1.14907 1
40 87 1 1.87078 1
40 88 1 0.933873 1
40 89 1 -0.335782 1
40 90 1 -1.47468 1
40 91 1 -0.149405 1
40 92 1 -1.21852 1
40 93 1 1.74906 1
40 94 1 1.02207 1
40 95 1 1.44589 1
40 2 1 -1.12486 1
40 134 1 0.36144 1
41 64 1 4.99902 1
41 65 1 -0.102579 1
41 66 1 -0.420908 1
41 67 1 -1.13595 1
41 68 1 0.302999 1
41 69 1 -0.292661 1
41 70 1 1.06063 1
41 71 1 0.397247 1
41 72 1 5.57613 1
41 73 1 -5.89496 1
41 74 1 0.228029 1
41 75 1 2.66208 1
41 76 1 -1.63738 1
41 77 1 0.0605988 1
41 78 1 -3.67657 1
41 79 1 0.568652 1
41 80 1 1.68028 1
41 81 1 2.64449 1
41 82 1 -2.02373 1
41 83 1 2.28827 1
41 84 1 -1.21035 1
41 85 1 0.429743 1
41 86 1 1.83802 1
41 87 1 -0.359951 1
41 88 1 3.67028 1
41 89 1 -2.11107 1
41 90 1 -3.45408 1
41 91 1 0.226423 1
41 92 1 0.880764 1
41 93 1 -0.597392 1
41 94 1 -0.574969 1
41 95 1 1.24942 1
41 11 1 2.1675 1
41 29 1 0.0690794 1
42 64 1 1.51549 1
42 65 1 1.66531 1
42 66 1 0.373115 1
42 67 1 -0.803899 1
42 68 1 -1.28634 1
42 69 1 -1.62093 1
42 70 1 -2.54253 1
42 71 1 -1.25803 1
42 72 1 -1.19917 1
42 73 1 -2.92857 1
42 74 1 1.31331 1
42 75 1 -0.939448 1
42 76 1 -1.57851 1
42 77 1 -1.33412 1
42 78 1 -2.314 1
42 79 1 1.23433 1
42 80 1 -1.08795 1
42 81 1 0.233939 1
42 82 1 3.06215 1
42 83 1 1.98577 1
42 84 1 2.53317 1
42 85 1 2.68232 1
42 86 1 1.23571 1
42 87 1 -2.36108 1
42 88 1 -1.19576 1
42 89 1 0.120191 1
42 90 1 1.29716 1
42 91 1 0.547166 1
42 92 1 -1.68118 1
42 93 1 3.2809 1
42 94 1 -2.06295 1
42 95 1 1.66046 1
43 64 1 2.51615 1
43 65 1 -2.96399 1
43 66 1 1.45447 1
43 67 1 2.42889 1
43 68 1 0.643319 1
43 69 1 0.719533 1
43 70 1 0.137276 1
43 71 1 -3.61659 1
43 72 1 -1.21541 1
43 73 1 -7.86636 1
43 74 1 3.01579 1
43 75 1 -1.95765 1
43 76 1 1.57268 1
43 77 1 1.09813 1
43 78 1 1.04458 1
43 79 1 -2.18265 1
43 80 1 -0.376362 1
43 81 1 2.66129 1
43 82 1 1.07289 1
43 83 1 -2.28859 1
43 84 1 0.839437 1
43 85 1 2.54625 1
43 86 1 -0.550631 1
43 87 1 4.16495 1
43 88 1 -0.145696 1
43 89 1 2.89791 1
43 90 1 0.365918 1
43 91 1 -4.47121 1
43 92 1 2.98456 1
43 93 1 2.73113 1
43 94 1 -4.98165 1
43 95 1 1.31446 1
44 64 1 1.06084 1
44 65 1 -2.33789 1
44 66 1 0.400761 1
44 67 1 -1.77351 1
44 68 1 -2.14874 1
44 69 1 -0.46001 1
44 70 1 2.35508 1
44 71 1 0.598308 1
44 72 1 -2.54148 1
44 73 1 1.04173 1
44 74 1 -1.51418 1
44 75 1 -2.41809 1
44 76 1 -1.25898 1
44 77 1 1.22341 1
44 78 1 2.53376 1
44 79 1 1.58357 1
44 80 1 6.48547 1
44 81 1 -3.07737 1
44 82 1 1.46196 1
44 83 1 -2.46109 1
44 84 1 0.414851 1
44 85 1 0.52987 1
44 86 1 0.786298 1
44 87 1 0.185971 1
44 88 1 0.507884 1
44 89 1 0.277666 1
44 90 1 0.0401874 1
44 91 1 0.134636 1
44 92 1 0.256187 1
44 93 1 2.96842 1
44 94 1 -0.463049 1
44 95 1 -0.443462 1
44 8 1 0.49893 1
44 29 1 1.12226 1
45 64 1 -0.307501 1
45 65 1 3.71877 1
45 66 1 0.342026 1
45 67 1 0.0217412 1
45 68 1 -1.48776 1
45 69 1 -6.90514 1
45 70 1 -4.6958 1
45 71 1 -0.241074 1
45 72 1 -4.10363 1
45 73 1 2.34287 1
45 74 1 2.35184 1
45 75 1 4.09884 1
45 76 1 -0.224365 1
45 77 1 0.866043 1
45 78 1 -3.13633 1
45 79 1 2.56111 1
45 80 1 -2.29559 1
45 81 1 0.356388 1
45 82 1 1.16175 1
45 83 1 -2.32848 1
45 84 1 2.35014 1
45 85 1 -3.29555 1
45 86 1 0.649126 1
45 87 1 1.07147 1
45 88 1 0.0950036 1
45 89 1 -3.92106 1
45 90 1 0.336875 1
45 91 1 3.28527 1
45 92 1 -2.57855 1
45 93 1 -5.32925 1
45 94 1 1.61546 1
45 95 1 -1.99772 1
45 9 1 3.39537 1
45 20 1 0.155344 1
46 64 1 -0.832432 1
46 65 1 0.39141 1
46 66 1 1.82804 1
46 67 1 2.40579 1
46 68 1 -5.21406 1
46 69 1 -1.29033 1
46 70 1 1.66097 1
46 71 1 -1.26933 1
46 72 1 2.46933 1
46 73 1 -2.59021 1
46 74 1 -2.47648 1
46 75 1 3.74603 1
46 76 1 -4.0646 1
46 77 1 2.9199 1
46 78 1 -1.96388 1
46 79 1 -0.619444 1
46 80 1 4.99283 1
46 81 1 0.139342 1
46 82 1 -0.77012 1
46 83 1 1.87869 1
46 84 1 -1.04211 1
46 85 1 3.11186 1
46 86 1 -1.56194 1
46 87 1 2.06192 1
46 88 1 -2.4543 1
46 89 1 -3.99056 1
46 90 1 -2.26906 1
46 91 1 0.8923 1
46 92 1 0.182613 1
46 93 1 -2.07178 1
46 94 1 -1.7899 1
46 95 1 -0.502294 1
46 24 1 1.99923 1
47 64 1 -1.39505 1
47 65 1 -0.0643508 1
47 66 1 -3.25855 1
47 67 1 3.83521 1
47 68 1 -0.134157 1
47 69 1 2.08698 1
47 70 1 -1.80358 1
47 71 1 0.533347 1
47 72 1 2.77097 1
47 73 1 4.42137 0
47 74 1 -0.965738 1
47 75 1 -1.11411 1
47 76 1 -3.12226 1
47 77 1 -5.69416 1
47 78 1 -0.475666 1
47 79 1 2.02326 1
47 80 1 3.71458 1
47 81 1 -5.47251 1
47 82 1 0.794877 1
47 83 1 -1.85135 1
47 84 1 -3.81087 1
47 85 1 0.703821 1
47 86 1 -2.57773 1
47 87 1 4.3719 1
47 88 1 0.706691 1
47 89 1 0.195286 1
47 90 1 6.61582 1
47 91 1 1.86903 1
47 92 1 -0.629131 1
47 93 1 0.225659 1
47 94 1 1.19465 1
47 95 1 -0.903542 1
47 4 1 0.255888 1
47 137 1 0.100824 1
137 73 1 4.86232 1
48 64 1 -0.0290787 1
48 65 1 0.685121 1
48 66 1 0.157041 1
48 67 1 -0.795415 1
48 68 1 -3.32237 1
48 69 1 -3.92121 1
48 70 1 0.85612 1
48 71 1 2.84849 1
48 72 1 -2.4046 1
48 73 1 2.08385 1
48 74 1 6.07226 1
48 75 1 -3.63796 1
48 76 1 1.43706 1
48 77 1 -3.29164 1
48 78 1 0.895684 1
48 79 1 1.75764 1
48 80 1 -0.931695 1
48 81 1 -0.476666 1
48 82 1 -0.557311 1
48 83 1 0.197509 1
48 84 1 0.831993 1
48 85 1 0.800003 1
48 86 1 -1.72913 1
48 87 1 0.14294 1
48 88 1 -2.51366 1
48 89 1 0.162605 1
48 90 1 1.25152 1
48 91 1 1.32498 1
48 92 1 -4.07566 1
48 93 1 0.793693 1
48 94 1 4.56431 1
48 95 1 2.3556 1
48 16 1 -0.53505 1
48 12 1 -0.785328 1
48 14 1 -2.24586 1
49 64 1 -0.287471 1
49 65 1 -0.732538 1
49 66 1 -0.959505 1
49 67 1 -1.01699 1
49 68 1 -1.44923 1
49 69 1 1.24878 1
49 70 1 -0.583972 1
49 71 1 -4.01418 1
49 72 1 -0.959596 1
49 73 1 0.375001 1
49 74 1 3.39462 1
49 75 1 0.895629 1
49 76 1 -4.91786 1
49 77 1 -2.8219 1
49 78 1 -2.68228 1
49 79 1 1.72151 1
49 80 1 5.97636 1
49 81 1 -4.26185 1
49 82 1 0.889309 1
49 83 1 -1.38846 1
49 84 1 2.72509 1
49 85 1 -2.77929 1
49 86 1 0.665915 1
49 87 1 -1.50416 1
49 88 1 -1.75606 1
49 89 1 -0.0242778 1
49 90 1 -0.460753 1
49 91 1 1.32289 1
49 92 1 2.17264 1
49 93 1 -0.261357 1
49 94 1 1.09497 1
49 95 1 2.86477 1
49 19 1 -1.74644 1
49 31 1 0.723668 1
50 64 1 -4.46347 1
50 65 1 -3.06505 1
50 66 1 2.42437 1
50 67 1 -2.53245 1
50 68 1 1.92843 1
50 69 1 -0.0892637 1
50 70 1 0.64661 1
50 71 1 6.25139 1
50 72 1 -1.49838 1
50 73 1 5.89353 1
50 74 1 -1.35517 1
50 75 1 0.132134 1
50 76 1 -1.55216 1
50 77 1 0.618011 1
50 78 1 2.79967 1
50 79 1 -1.55664 1
50 80 1 1.13219 1
50 81 1 -0.600753 1
50 82 1 -0.782767 1
50 83 1 1.95782 1
50 84 1 -1.73805 1
50 85 1 -0.765149 1
50 86 1 -0.345824 1
50 87 1 -1.38248 1
50 88 1 -3.21324 1
50 89 1 0.802973 1
50 90 1 0.0555644 1
50 91 1 -1.05846 1
50 92 1 -0.0303571 1
50 93 1 -0.516189 1
50 94 1 -2.82295 1
50 95 1 1.14462 1
50 4 1 4.85647 1
50 22 1 -2.0142 1
51 64 1 -1.05213 1
51 65 1 3.1881 1
51 66 1 1.09477 1
51 67 1 -0.708359 1
51 68 1 -1.01868 1
51 69 1 -0.248025 1
51 70 1 3.69657 1
51 71 1 3.1103 1
51 72 1 -3.27485 1
51 73 1 -2.60386 0
51 74 1 -2.77183 1
51 75 1 6.5751 1
51 76 1 -2.85663 1
51 77 1 0.317041 1
51 78 1 3.37956 1
51 79 1 0.149493 1
51 80 1 2.32732 1
51 81 1 -3.00023 1
51 82 1 0.414165 1
51 83 1 3.80726 1
51 84 1 -2.48374 1
51 85 1 -1.86861 1
51 86 1 -1.36973 1
51 87 1 0.180026 1
51 88 1 0.397569 1
51 89 1 1.66561 1
51 90 1 2.18666 1
51 91 1 0.290132 1
51 92 1 2.71082 1
51 93 1 3.37631 1
51 94 1 -4.89591 1
51 95 1 -1.68281 1
51 116 1 -0.304768 1
51 12 1 -0.970341 1
116 73 1 -0.49641 0
116 134 1 1.41244 1
116 148 1 1.19425 1
148 73 1 -0.362835 1
134 73 1 2.40201 1
52 64 1 -3.08298 1
52 65 1 2.24492 1
52 66 1 1.90894 1
52 67 1 0.0299808 1
52 68 1 0.0256826 1
52 69 1 4.50239 1
52 70 1 2.85881 1
52 71 1 -2.39723 1
52 72 1 -0.374267 1
52 73 1 3.91119 1
52 74 1 1.94809 1
52 75 1 0.536777 1
52 76 1 -3.21638 1
52 77 1 -1.48162 1
52 78 1 1.84305 1
52 79 1 1.07964 1
52 80 1 -0.494874 1
52 81 1 -0.0749172 1
52 82 1 -3.66139 1
52 83 1 -2.383 1
52 84 1 1.28436 1
52 85 1 -0.290731 1
52 86 1 -2.98181 1
52 87 1 1.10337 1
52 88 1 1.59181 1
52 89 1 -0.741231 1
52 90 1 -0.239304 1
52 91 1 -0.523286 1
52 92 1 -0.909121 1
52 93 1 -1.46097 0
52 94 1 2.58796 1
52 95 1 0.470121 1
52 115 1 0.540558 1
52 139 1 1.08195 1
139 93 1 -2.25899 1
53 64 1 -2.3942 1
53 65 1 1.42052 1
53 66 1 -0.257643 1
53 67 1 0.339754 1
53 68 1 2.80254 1
53 69 1 1.44753 1
53 70 1 -1.38217 1
53 71 1 0.802698 1
53 72 1 -1.81414 1
53 73 1 1.80148 1
53 74 1 -1.85451 1
53 75 1 -1.87609 1
53 76 1 0.721733 1
53 77 1 2.24324 1
53 78 1 -1.6977 1
53 79 1 0.97882 1
53 80 1 0.579913 1
53 81 1 0.795858 1
53 82 1 1.57392 1
53 83 1 0.569012 1
53 84 1 2.0517 1
53 85 1 1.2049 1
53 86 1 1.12265 1
53 87 1 0.827142 1
53 88 1 -0.0513199 1
53 89 1 0.620403 1
53 90 1 -1.72571 1
53 91 1 0.594401 1
53 92 1 3.08693 1
53 93 1 0.13969 1
53 94 1 0.160812 1
53 95 1 -1.66222 1
53 20 1 3.36822 1
53 23 1 1.33591 1
54 64 1 0.894458 1
54 65 1 -1.03449 1
54 66 1 -2.1305 1
54 67 1 1.39257 1
54 68 1 1.66111 1
54 69 1 -2.20727 1
54 70 1 0.168675 1
54 71 1 2.20422 1
54 72 1 1.5742 1
54 73 1 2.29358 1
54 74 1 0.078649 1
54 75 1 0.379501 1
54 76 1 -0.962002 1
54 77 1 2.40097 1
54 78 1 0.0153337 1
54 79 1 0.704328 1
54 80 1 1.19823 1
54 81 1 2.74994 1
54 82 1 -3.84665 1
54 83 1 6.47421 1
54 84 1 1.22475 1
54 85 1 0.524195 1
54 86 1 -3.15995 1
54 87 1 -0.721862 1
54 88 1 2.40638 1
54 89 1 3.88267 1
54 90 1 -3.6092 1
54 91 1 1.68797 1
54 92 1 -0.974776 1
54 93 1 0.41615 1
54 94 1 -2.02164 1
54 95 1 -2.81766 1
54 30 1 -2.07468 1
54 144 1 0.726096 1
55 64 1 1.12583 1
55 65 1 -2.54974 1
55 66 1 0.115642 1
55 67 1 -0.580526 1
55 68 1 -2.91996 1
55 69 1 3.65013 1
55 70 1 3.41187 1
55 71 1 -3.77585 1
55 72 1 1.95283 1
55 73 1 -0.432851 1
55 74 1 2.65243 1
55 75 1 -4.28209 1
55 76 1 -4.35069 1
55 77 1 2.117 1
55 78 1 -1.54571 1
55 79 1 2.96122 1
55 80 1 -1.16426 1
55 81 1 0.416641 1
55 82 1 -2.77501 1
55 83 1 -1.43642 1
55 84 1 0.197471 1
55 85 1 -5.14803 1
55 86 1 1.92342 1
55 87 1 2.28329 1
55 88 1 -3.29308 1
55 89 1 -2.40429 1
55 90 1 0.374159 1
55 91 1 1.54521 1
55 92 1 4.49305 1
55 93 1 -2.61099 1
55 94 1 -2.58516 1
55 95 1 -0.610288 0
55 28 1 3.97719 1
55 114 1 1.93787 1
114 95 1 -1.41505 1
56 64 1 0.2231 1
56 65 1 -2.16275 1
56 66 1 0.0519169 1
56 67 1 -1.0217 1
56 68 1 0.796867 0
56 69 1 0.171168 1
56 70 1 0.320199 1
56 71 1 -0.356168 1
56 72 1 -0.312208 1
56 73 1 -2.10204 1
56 74 1 4.19822 1
56 75 1 3.51732 1
56 76 1 -3.24492 1
56 77 1 -1.09489 1
56 78 1 -4.50932 1
56 79 1 1.39519 1
56 80 1 -1.63982 1
56 81 1 3.37161 1
56 82 1 3.25375 1
56 83 1 -3.1747 1
56 84 1 -2.25595 1
56 85 1 -1.2427 1
56 86 1 1.28134 1
56 87 1 -4.00189 1
56 88 1 1.32384 1
56 89 1 -2.28508 1
56 90 1 -0.987673 1
56 91 1 -0.223839 1
56 92 1 1.69276 1
56 93 1 3.78822 1
56 94 1 -1.80608 1
56 95 1 0.0659314 1
56 3 1 -1.13699 1
56 126 1 2.54988 1
126 68 1 0.297383 1
126 11 1 -0.883217 1
57 64 1 -3.72164 1
57 65 1 3.09929 1
57 66 1 -3.70027 1
57 67 1 -0.935393 1
57 68 1 2.73589 1
57 69 1 -1.10604 0
57 70 1 0.951985 1
57 71 1 2.05809 1
57 72 1 -0.129274 1
57 73 1 -1.56576 1
57 74 1 2.43103 1
57 75 1 3.45503 1
57 76 1 2.83154 1
57 77 1 -4.76734 1
57 78 1 -1.31839 1
57 79 1 -1.50092 1
57 80 1 1.07697 1
57 81 1 4.81042 1
57 82 1 2.12611 1
57 83 1 -2.54193 1
57 84 1 1.06628 1
57 85 1 -3.08043 1
57 86 1 -0.664537 1
57 87 1 0.806972 1
57 88 1 -2.56611 1
57 89 1 0.849756 1
57 90 1 0.270057 1
57 91 1 -0.828892 1
57 92 1 -1.46521 1
57 93 1 0.208033 1
57 94 1 -0.838173 1
57 95 1 2.22023 1
57 104 1 3.1954 1
57 22 1 0.973571 1
104 69 1 2.41559 1
104 1 1 -0.110781 1
58 64 1 1.7582 1
58 65 1 -1.71424 1
58 66 1 -0.30578 1
58 67 1 -1.56274 1
58 68 1 0.573905 1
58 69 1 -1.22215 1
58 70 1 -1.43694 1
58 71 1 -0.0194077 1
58 72 1 -0.266982 1
58 73 1 -1.74486 1
58 74 1 3.03398 1
58 75 1 2.64573 1
58 76 1 3.33858 1
58 77 1 0.317412 1
58 78 1 -1.07081 1
58 79 1 1.0003 0
58 80 1 -4.61454 1
58 81 1 0.897159 1
58 82 1 1.52422 1
58 83 1 0.981539 1
58 84 1 -1.24899 1
58 85 1 0.830838 1
58 86 1 0.983801 1
58 87 1 -2.17984 1
58 88 1 -1.81103 1
58 89 1 -1.81944 1
58 90 1 -1.66467 1
58 91 1 0.153528 1
58 92 1 2.81583 1
58 93 1 1.28667 1
58 94 1 -3.18158 1
58 95 1 1.58252 1
58 128 1 0.835923 1
128 79 1 0.90164 0
128 131 1 0.935294 1
131 79 1 0.0472929 1
59 64 1 -1.62513 1
59 65 1 1.24139 1
59 66 1 0.435527 1
59 67 1 -2.5353 1
59 68 1 0.967629 1
59 69 1 -0.560036 1
59 70 1 -2.01117 1
59 71 1 4.32208 1
59 72 1 -0.084169 1
59 73 1 -1.89173 1
59 74 1 -0.293776 1
59 75 1 -0.754457 1
59 76 1 1.91385 1
59 77 1 0.769711 0
59 78 1 0.0685406 1
59 79 1 -2.68569 1
59 80 1 0.650113 1
59 81 1 0.387726 1
59 82 1 -4.19725 1
59 83 1 3.27538 1
59 84 1 -1.5741 1
59 85 1 -1.44718 1
59 86 1 -2.7626 1
59 87 1 1.77258 1
59 88 1 4.74749 1
59 89 1 -1.49632 1
59 90 1 -0.0571118 1
59 91 1 -1.21729 1
59 92 1 -0.108295 1
59 93 1 2.28019 1
59 94 1 -4.23292 1
59 95 1 2.19027 1
59 97 1 1.19515 1
59 5 1 -2.55344 1
59 11 1 -0.775394 1
59 13 1 0.91048 1
97 77 1 -5.07287 1
97 22 1 -2.45293 1
97 2 1 -4.75793 0
97 99 1 1.24114 1
97 7 1 3.28302 0
97 102 1 1.61468 1
97 17 1 1.82867 1
102 7 1 4.33011 1
99 2 1 2.64513 0
99 108 1 4.63373 1
99 15 1 0.21357 1
108 2 1 -0.630505 0
108 125 1 4.08808 1
125 2 1 0.12243 1
60 64 1 1.68957 1
60 65 1 -1.32063 1
60 66 1 -1.33217 1
60 67 1 -0.129859 1
60 68 1 0.950755 1
60 69 1 0.797523 1
60 70 1 -2.54521 1
60 71 1 0.220107 1
60 72 1 1.14923 0
60 73 1 -0.812451 1
60 74 1 0.266996 1
60 75 1 -0.412924 1
60 76 1 0.772474 1
60 77 1 3.57313 1
60 78 1 0.190918 1
60 79 1 0.658579 1
60 80 1 -4.13013 1
60 81 1 -2.04666 1
60 82 1 -1.40322 1
60 83 1 0.371921 1
60 84 1 -3.05171 1
60 85 1 2.73335 1
60 86 1 1.4397 1
60 87 1 0.112515 1
60 88 1 -4.72785 1
60 89 1 -1.43868 1
60 90 1 -1.75925 1
60 91 1 0.325185 1
60 92 1 1.48984 1
60 93 1 1.72115 1
60 94 1 0.665889 1
60 95 1 0.0265365 1
60 24 1 -3.14974 1
60 0 1 1.44384 1
60 115 1 1.76111 1
60 3 1 0.0513587 1
115 72 1 -1.71548 1
115 18 1 0.925267 1
61 64 1 0.260252 1
61 65 1 -0.208025 1
61 66 1 0.667127 1
61 67 1 -0.0344443 1
61 68 1 -4.02239 1
61 69 1 2.09719 1
61 70 1 0.343621 1
61 71 1 -0.469454 1
61 72 1 -1.49207 1
61 73 1 0.908533 1
61 74 1 1.56348 1
61 75 1 3.71809 1
61 76 1 -0.832277 1
61 77 1 -0.3297 0
61 78 1 0.159244 1
61 79 1 -0.637742 1
61 80 1 -1.59621 1
61 81 1 -0.275922 1
61 82 1 -0.107984 1
61 83 1 1.90693 1
61 84 1 -1.62 1
61 85 1 1.4562 1
61 86 1 -0.286286 1
61 87 1 2.00444 1
61 88 1 1.0707 1
61 89 1 0.873544 1
61 90 1 0.954895 1
61 91 1 2.37209 1
61 92 1 -1.97439 1
61 93 1 -0.260553 1
61 94 1 0.816137 1
61 95 1 -1.30068 1
61 107 1 1.12999 1
61 113 1 -3.68938 1
107 77 1 -5.2956 0
107 113 1 1.83503 1
107 14 1 -1.316 1
113 77 1 -3.02123 1
113 23 1 -1.53317 1
62 64 1 1.14793 1
62 65 1 -3.01469 1
62 66 1 3.18787 1
62 67 1 -1.14701 1
62 68 1 2.34913 1
62 69 1 -0.827283 1
62 70 1 1.89447 1
62 71 1 -1.76882 1
62 72 1 0.0248854 1
62 73 1 2.37846 1
62 74 1 2.93662 1
62 75 1 -1.44862 1
62 76 1 3.3829 1
62 77 1 -2.82901 1
62 78 1 -1.89583 1
62 79 1 -1.01692 1
62 80 1 -1.84208 1
62 81 1 -1.13628 1
62 82 1 -1.80335 1
62 83 1 0.499738 1
62 84 1 -0.799025 0
62 85 1 -0.105893 1
62 86 1 4.06732 1
62 87 1 -1.66979 1
62 88 1 0.38732 1
62 89 1 -1.86649 1
62 90 1 -5.70707 1
62 91 1 0.816539 1
62 92 1 -0.6316 1
62 93 1 2.31387 1
62 94 1 1.3569 1
62 95 1 -0.288627 1
62 5 1 1.87782 1
62 138 1 2.4413 1
138 84 1 0.643659 1
63 64 1 2.5722 1
63 65 1 -0.770961 1
63 66 1 3.10873 1
63 67 1 0.11912 1
63 68 1 -1.52745 1
63 69 1 -3.31505 1
63 70 1 -1.25589 1
63 71 1 2.91081 1
63 72 1 -1.01561 1
63 73 1 1.14658 1
63 74 1 -4.69283 1
63 75 1 1.25068 1
63 76 1 -2.03182 0
63 77 1 3.02053 1
63 78 1 -0.1586 1
63 79 1 0.317983 1
63 80 1 0.47905 1
63 81 1 -0.208487 1
63 82 1 -1.07353 1
63 83 1 -1.01911 1
63 84 1 -3.70959 1
63 85 1 -3.52792 1
63 86 1 5.50141 1
63 87 1 -3.56077 0
63 88 1 0.428522 1
63 89 1 -0.784319 1
63 90 1 3.75342 1
63 91 1 -0.720469 1
63 92 1 -0.959191 1
63 93 1 2.48007 1
63 94 1 -3.80874 1
63 95 1 0.0848636 1
63 141 1 0.491051 1
63 144 1 1.1637 1
144 76 1 -2.83263 0
144 147 1 0.897545 1
147 76 1 -2.43877 1
141 87 1 -5.67203 1
141 10 1 -0.714593 1
