149 64 32
1.26088 -0.573693 -5.99195 5.62122 -3.57245 1.93855 0.53174 0.230145 0.826755 0.118366 1.80047 2.03506 -2.17198 -4.12682 -1.83802 -2.754 -0.384532 0.303317 0.243799 -0.116195 -2.74168 -0.5523 -0.796451 1.08035 -3.57404 0.303248 3.66992 2.47753 -0.929727 -2.53771 -5.06051 3.03045 -1.24924 1.30694 1.31752 2.2602 -1.82545 -2.2539 0.979963 -0.743633 -2.15855 -0.843099 0.117232 -3.27745 -3.02318 0.301717 -2.24065 1.80636 -0.251307 2.34042 1.26535 -3.40638 -2.36249 0.589404 -0.347727 2.77573 -2.07926 -0.867727 0.637823 -2.39734 0.295828 -1.4032 -0.455621 -3.50249 -3.67961 -0.0679604 3.5215 2.50104 -2.09503 1.2336 -2.13389 -1.23612 -2.15108 -2.40797 2.94415 1.88558 -1.66072 -1.51379 0.68748 -3.36293 0.163503 0.188677 -2.59654 1.39903 1.75941 -0.257067 -2.96348 0.316827 5.726 0.0523939 -3.36724 3.00206 -0.558201 1.58271 1.00565 -1.32364 0.616127 -0.0673303 -1.29939 0.161244 3.46841 -4.02715 -4.7063 -2.73634 -1.96516 1.84052 -0.676999 -3.57108 -0.0352514 0.120689 -1.24654 2.65084 3.16797 -2.3988 -0.852375 -0.653927 -2.76941 -0.384243 -1.65868 -0.819645 1.33442 0.367682 -0.207523 2.11656 0.0854579 1.95188 2.04952 -0.00896553 1.99675 1.52241 -0.648322 -0.790887 -0.596279 -0.546392 1.19634 -0.809457 -0.822049 -0.115475 -1.34336 -1.02402 0.886467 0.043266 0.129024 0.326688 -0.327943 -0.267248 0.613677 0.588729 0.125474 
0 64 1 -3.73189 1
0 65 1 2.03926 1
0 66 1 1.88271 1
0 67 1 -1.00671 1
0 68 1 -1.8647 1
0 69 1 2.03309 1
0 70 1 0.0239075 1
0 71 1 -1.21659 1
0 72 1 1.11586 1
0 73 1 -0.879566 1
0 74 1 -4.16957 1
0 75 1 1.38385 1
0 76 1 1.56009 1
0 77 1 2.01348 1
0 78 1 -2.81694 1
0 79 1 3.23689 1
0 80 1 1.99373 1
0 81 1 2.33126 1
0 82 1 2.99326 1
0 83 1 1.52232 1
0 84 1 -3.36541 1
0 85 1 2.73396 1
0 86 1 -1.8759 1
0 87 1 -2.52977 1
0 88 1 0.183572 1
0 89 1 1.72611 1
0 90 1 4.16593 1
0 91 1 5.59223 1
0 92 1 -2.8948 1
0 93 1 -1.45735 1
0 94 1 -0.169823 1
0 95 1 0.530306 1
0 10 1 -1.61863 1
1 64 1 -2.29906 1
1 65 1 -1.81968 1
1 66 1 1.74576 1
1 67 1 -2.69964 1
1 68 1 4.30681 1
1 69 1 -0.733365 1
1 70 1 1.87454 1
1 71 1 -1.21233 1
1 72 1 -0.279063 1
1 73 1 -1.56279 1
1 74 1 -3.87355 1
1 75 1 3.00229 1
1 76 1 -0.722744 1
1 77 1 3.59981 1
1 78 1 -1.72581 1
1 79 1 -0.131183 1
1 80 1 -3.37706 1
1 81 1 1.27351 1
1 82 1 -1.651 1
1 83 1 -5.60079 1
1 84 1 -0.955996 1
1 85 1 0.107645 1
1 86 1 1.23786 1
1 87 1 -0.940894 1
1 88 1 -1.33088 1
1 89 1 3.15112 1
1 90 1 -1.17664 1
1 91 1 -2.40464 1
1 92 1 -0.905561 1
1 93 1 0.556988 1
1 94 1 -1.51018 1
1 95 1 -4.06631 1
1 27 1 -0.741794 1
2 64 1 -0.135817 1
2 65 1 3.44964 1
2 66 1 -2.54995 1
2 67 1 -2.18434 1
2 68 1 -0.845069 1
2 69 1 2.5777 1
2 70 1 -1.46725 1
2 71 1 3.394 1
2 72 1 -1.65842 1
2 73 1 -3.85187 1
2 74 1 -4.26038 1
2 75 1 -0.693538 1
2 76 1 -4.16798 1
2 77 1 -0.290075 1
2 78 1 -3.16182 1
2 79 1 -3.12261 1
2 80 1 -3.23338 1
2 81 1 -4.62813 1
2 82 1 0.229507 1
2 83 1 -2.32065 1
2 84 1 0.684134 1
2 85 1 2.07273 1
2 86 1 -0.654849 1
2 87 1 -1.14016 1
2 88 1 -0.372519 1
2 89 1 -3.88243 1
2 90 1 -2.15775 1
2 91 1 -1.61748 1
2 92 1 2.81038 1
2 93 1 -3.99122 1
2 94 1 2.28574 1
2 95 1 -1.22222 1
2 100 1 -1.68998 1
2 6 1 4.84514 1
2 110 1 0.718724 1
3 64 1 -2.38687 1
3 65 1 -1.36671 1
3 66 1 0.277045 1
3 67 1 1.8065 1
3 68 1 3.03473 1
3 69 1 -3.04216 1
3 70 1 0.182587 1
3 71 1 1.51672 1
3 72 1 6.25665 1
3 73 1 -1.38923 1
3 74 1 1.33572 1
3 75 1 2.62308 1
3 76 1 1.13384 1
3 77 1 -1.18061 1
3 78 1 -0.653833 1
3 79 1 -0.570659 1
3 80 1 -2.49478 1
3 81 1 -1.03849 1
3 82 1 4.53908 1
3 83 1 1.4475 1
3 84 1 0.86181 1
3 85 1 -2.53337 1
3 86 1 -0.118805 1
3 87 1 2.01309 1
3 88 1 -0.49893 1
3 89 1 1.13233 1
3 90 1 0.991965 1
3 91 1 0.835885 1
3 92 1 -0.438896 1
3 93 1 -3.31957 1
3 94 1 -3.42065 1
3 95 1 1.46848 0
3 110 1 0.235529 1
110 95 1 -0.859727 0
110 111 1 0.347777 0
110 132 1 2.18611 1
132 111 1 2.95633 1
111 95 1 -2.97423 1
4 64 1 1.60977 1
4 65 1 -1.0563 1
4 66 1 -1.57816 1
4 67 1 3.69156 1
4 68 1 -1.74308 1
4 69 1 2.76646 1
4 70 1 0.211678 1
4 71 1 0.597089 1
4 72 1 1.59834 1
4 73 1 0.0833061 0
4 74 1 0.519337 1
4 75 1 -4.56403 0
4 76 1 1.51322 1
4 77 1 4.18573 1
4 78 1 1.12474 1
4 79 1 2.6852 1
4 80 1 -2.74162 1
4 81 1 -0.257173 1
4 82 1 0.401552 1
4 83 1 -3.04289 1
4 84 1 -1.07212 1
4 85 1 3.28099 1
4 86 1 1.76972 1
4 87 1 0.743141 1
4 88 1 -1.81914 1
4 89 1 0.493824 1
4 90 1 3.10457 1
4 91 1 -4.45909 1
4 92 1 -0.235534 1
4 93 1 0.801782 0
4 94 1 -2.65887 1
4 95 1 2.13415 1
4 101 1 3.43029 1
4 17 1 2.13319 1
4 118 1 1.6214 1
4 145 1 -0.320019 1
145 93 1 0.314092 1
118 73 1 -2.25551 1
101 75 1 0.574265 1
5 64 1 -1.63993 1
5 65 1 2.43609 1
5 66 1 -2.33706 1
5 67 1 4.6054 1
5 68 1 2.64797 1
5 69 1 2.34334 1
5 70 1 -3.52599 1
5 71 1 0.344949 1
5 72 1 0.0249067 1
5 73 1 -1.72598 1
5 74 1 -2.48565 1
5 75 1 2.69524 1
5 76 1 2.90815 1
5 77 1 1.59961 1
5 78 1 0.22495 1
5 79 1 -0.188645 1
5 80 1 3.14317 1
5 81 1 -1.75337 1
5 82 1 -1.14344 1
5 83 1 5.84764 1
5 84 1 1.7628 1
5 85 1 2.87543 1
5 86 1 -3.21175 1
5 87 1 0.348347 1
5 88 1 -2.36012 1
5 89 1 -2.55795 1
5 90 1 -2.77331 1
5 91 1 0.335362 1
5 92 1 -1.43497 1
5 93 1 2.1283 1
5 94 1 -2.45481 1
5 95 1 -0.894546 1
6 64 1 -0.0702335 1
6 65 1 -0.334396 1
6 66 1 2.39458 1
6 67 1 2.768 1
6 68 1 -4.33586 1
6 69 1 -0.922438 1
6 70 1 -1.26603 1
6 71 1 -0.140608 1
6 72 1 1.4223 1
6 73 1 -2.93268 1
6 74 1 -3.47855 1
6 75 1 1.66354 1
6 76 1 3.75329 1
6 77 1 0.89149 1
6 78 1 -2.95146 1
6 79 1 -2.86065 1
6 80 1 2.18696 1
6 81 1 -0.374863 1
6 82 1 1.66746 1
6 83 1 1.73324 1
6 84 1 1.46652 1
6 85 1 -3.03058 1
6 86 1 -1.40454 1
6 87 1 4.14667 1
6 88 1 -2.17028 1
6 89 1 -1.83903 1
6 90 1 3.45631 1
6 91 1 -1.18874 1
6 92 1 2.46055 1
6 93 1 -3.32487 1
6 94 1 -1.98111 1
6 95 1 0.622085 1
6 26 1 0.274173 1
7 64 1 2.16946 1
7 65 1 0.740456 1
7 66 1 0.16674 1
7 67 1 -3.721 1
7 68 1 -2.51596 1
7 69 1 -2.12943 1
7 70 1 5.03127 1
7 71 1 0.91483 1
7 72 1 2.02147 1
7 73 1 -0.499481 1
7 74 1 -1.01112 1
7 75 1 -2.08227 1
7 76 1 2.81597 1
7 77 1 -1.63042 1
7 78 1 2.28475 1
7 79 1 2.03827 1
7 80 1 -0.690822 1
7 81 1 1.81581 1
7 82 1 -4.24112 0
7 83 1 2.69687 0
7 84 1 -2.37681 1
7 85 1 3.33665 1
7 86 1 0.239287 1
7 87 1 2.78873 1
7 88 1 -2.37938 1
7 89 1 -2.82846 1
7 90 1 -0.656926 1
7 91 1 -1.91109 1
7 92 1 0.704744 1
7 93 1 -1.04542 1
7 94 1 0.399976 1
7 95 1 2.8974 1
7 100 1 -0.308241 1
7 127 1 0.70554 1
127 82 1 -2.98137 1
100 83 1 0.800966 1
100 24 1 -0.612848 0
100 106 1 3.82011 1
106 24 1 -5.54483 1
106 6 1 0.267421 1
8 64 1 2.71015 1
8 65 1 -2.65903 1
8 66 1 -0.0720662 1
8 67 1 2.57264 1
8 68 1 0.0222216 1
8 69 1 2.72857 1
8 70 1 0.569285 1
8 71 1 2.90517 1
8 72 1 3.16119 1
8 73 1 0.505128 1
8 74 1 -0.3835 1
8 75 1 -2.2037 1
8 76 1 -1.17422 1
8 77 1 2.1299 1
8 78 1 -0.198071 1
8 79 1 -2.34016 1
8 80 1 1.0034 1
8 81 1 0.622848 1
8 82 1 0.589988 1
8 83 1 -3.33997 1
8 84 1 4.49185 1
8 85 1 7.51774 1
8 86 1 4.74876 1
8 87 1 0.473156 1
8 88 1 0.529485 1
8 89 1 2.22976 1
8 90 1 -0.814062 1
8 91 1 -0.715975 1
8 92 1 3.37171 1
8 93 1 5.30397 1
8 94 1 5.15413 1
8 95 1 0.840606 1
8 17 1 -0.357513 1
9 64 1 -2.05037 1
9 65 1 -2.80877 1
9 66 1 1.29191 1
9 67 1 1.35713 1
9 68 1 -1.51331 1
9 69 1 -0.15172 1
9 70 1 -4.02752 1
9 71 1 0.421273 1
9 72 1 2.80365 1
9 73 1 -2.51701 1
9 74 1 -0.0716502 1
9 75 1 0.234604 1
9 76 1 2.77497 1
9 77 1 -1.02226 1
9 78 1 2.98395 1
9 79 1 2.16866 1
9 80 1 -1.23836 1
9 81 1 0.213703 1
9 82 1 -2.66781 1
9 83 1 0.323241 1
9 84 1 2.95321 1
9 85 1 2.44705 1
9 86 1 -0.639536 1
9 87 1 0.709429 1
9 88 1 0.882651 1
9 89 1 7.03099 1
9 90 1 -0.53794 1
9 91 1 0.561079 1
9 92 1 -2.50028 1
9 93 1 -1.40066 1
9 94 1 -3.55005 1
9 95 1 0.568536 1
9 103 1 0.389322 1
10 64 1 1.25628 1
10 65 1 0.790338 1
10 66 1 4.6898 1
10 67 1 -5.40332 1
10 68 1 3.09453 1
10 69 1 -0.400262 1
10 70 1 -0.387885 1
10 71 1 -2.35088 1
10 72 1 3.83125 1
10 73 1 3.24348 1
10 74 1 0.408432 0
10 75 1 0.38019 1
10 76 1 1.91764 1
10 77 1 -0.420689 1
10 78 1 -1.16094 1
10 79 1 -3.98978 1
10 80 1 -1.82093 1
10 81 1 2.53852 1
10 82 1 2.46528 1
10 83 1 0.510049 1
10 84 1 3.71796 1
10 85 1 3.04751 1
10 86 1 -2.74557 1
10 87 1 0.414116 1
10 88 1 3.36564 1
10 89 1 -0.638192 1
10 90 1 0.257259 1
10 91 1 2.0192 1
10 92 1 0.161733 1
10 93 1 -1.42163 1
10 94 1 3.99946 1
10 95 1 4.01935 1
10 124 1 1.29898 1
124 74 1 0.677304 1
11 64 1 3.28926 1
11 65 1 1.57963 1
11 66 1 3.24608 1
11 67 1 -0.473013 1
11 68 1 4.54547 1
11 69 1 0.770004 1
11 70 1 2.35548 1
11 71 1 0.86447 1
11 72 1 -2.058 1
11 73 1 0.90391 1
11 74 1 0.313487 0
11 75 1 -0.9086 1
11 76 1 -2.17884 1
11 77 1 -1.17418 1
11 78 1 -1.89746 1
11 79 1 -0.517745 1
11 80 1 -1.17946 1
11 81 1 0.637418 1
11 82 1 3.97224 1
11 83 1 -0.150728 1
11 84 1 2.85981 1
11 85 1 -1.8929 1
11 86 1 -4.98939 1
11 87 1 -0.630896 1
11 88 1 -1.49036 1
11 89 1 0.221372 1
11 90 1 -1.48886 1
11 91 1 0.153755 1
11 92 1 -3.05349 1
11 93 1 3.26122 1
11 94 1 -1.02276 1
11 95 1 -4.03672 1
11 120 1 -3.1652 1
11 109 1 1.46136 1
120 74 1 -1.21272 1
12 64 1 0.277327 1
12 65 1 0.140763 1
12 66 1 -2.60518 1
12 67 1 -2.94504 1
12 68 1 -0.294213 1
12 69 1 2.18402 1
12 70 1 -0.239786 1
12 71 1 2.37858 1
12 72 1 1.07784 1
12 73 1 -4.37048 1
12 74 1 -3.95535 1
12 75 1 -1.50977 1
12 76 1 -0.34214 1
12 77 1 0.144522 1
12 78 1 0.0289486 1
12 79 1 -1.93263 1
12 80 1 -1.39342 1
12 81 1 -1.82246 1
12 82 1 3.14359 1
12 83 1 -0.748448 1
12 84 1 0.979773 1
12 85 1 -1.883 1
12 86 1 0.0959312 1
12 87 1 1.27925 1
12 88 1 -2.7888 1
12 89 1 3.01057 1
12 90 1 -1.28567 1
12 91 1 -2.26114 1
12 92 1 0.668437 1
12 93 1 -3.15068 1
12 94 1 1.4528 1
12 95 1 -1.98663 1
12 17 1 1.16139 1
12 18 1 0.666741 1
13 64 1 0.802191 1
13 65 1 -3.6234 1
13 66 1 -0.591148 1
13 67 1 1.84586 1
13 68 1 1.46835 1
13 69 1 -2.41682 1
13 70 1 0.825318 1
13 71 1 1.41762 1
13 72 1 1.26621 1
13 73 1 -3.45809 1
13 74 1 -1.72066 1
13 75 1 -1.6913 1
13 76 1 -0.483652 1
13 77 1 -2.09929 1
13 78 1 0.794718 1
13 79 1 2.02843 1
13 80 1 0.567921 1
13 81 1 1.00991 1
13 82 1 -0.149607 1
13 83 1 -0.241011 1
13 84 1 -2.84721 1
13 85 1 4.89503 1
13 86 1 5.98123 1
13 87 1 7.45827 1
13 88 1 2.79271 1
13 89 1 0.061411 1
13 90 1 -5.43245 1
13 91 1 -2.5903 1
13 92 1 -1.49966 1
13 93 1 -3.80138 1
13 94 1 -0.535944 1
13 95 1 -2.86711 1
14 64 1 -1.42602 1
14 65 1 4.86856 1
14 66 1 0.850715 1
14 67 1 -0.298644 1
14 68 1 -2.74889 1
14 69 1 3.96221 1
14 70 1 -2.50091 1
14 71 1 2.22675 1
14 72 1 1.84126 1
14 73 1 -1.25348 1
14 74 1 1.44941 1
14 75 1 1.8091 1
14 76 1 -0.538142 1
14 77 1 0.392608 1
14 78 1 -1.18711 1
14 79 1 -0.894331 1
14 80 1 -1.74006 1
14 81 1 0.325153 0
14 82 1 5.02204 1
14 83 1 -0.842893 1
14 84 1 0.506364 1
14 85 1 -1.8575 1
14 86 1 2.01199 1
14 87 1 -1.77013 1
14 88 1 -0.215817 1
14 89 1 -1.90906 1
14 90 1 0.65995 1
14 91 1 4.33795 1
14 92 1 2.27934 1
14 93 1 2.04889 1
14 94 1 5.1011 1
14 95 1 -0.301263 1
14 104 1 -2.40181 1
14 119 1 1.36045 1
119 81 1 4.6538 1
119 99 1 -1.79995 1
15 64 1 -0.904894 1
15 65 1 0.770141 1
15 66 1 -2.53774 1
15 67 1 -1.44132 1
15 68 1 0.31349 1
15 69 1 -2.19935 1
15 70 1 8.03819 1
15 71 1 -1.12106 1
15 72 1 -1.32316 1
15 73 1 -1.01692 1
15 74 1 1.86848 1
15 75 1 -0.454595 1
15 76 1 -0.188372 1
15 77 1 0.735813 1
15 78 1 -1.95456 1
15 79 1 -1.09084 1
15 80 1 2.18174 1
15 81 1 1.13902 1
15 82 1 -1.53743 1
15 83 1 -0.780378 1
15 84 1 2.04855 1
15 85 1 0.00878599 1
15 86 1 1.86447 1
15 87 1 -4.17912 1
15 88 1 1.07305 1
15 89 1 1.70345 1
15 90 1 0.247084 1
15 91 1 -4.5089 1
15 92 1 2.1161 1
15 93 1 -0.7233 1
15 94 1 1.34817 1
15 95 1 2.67033 1
16 64 1 3.29718 1
16 65 1 -0.903024 1
16 66 1 -5.35598 1
16 67 1 -3.87868 1
16 68 1 1.49835 1
16 69 1 0.352537 1
16 70 1 2.62896 1
16 71 1 4.23292 1
16 72 1 -0.33699 1
16 73 1 -2.0593 1
16 74 1 -0.0106748 1
16 75 1 1.10836 1
16 76 1 0.0694278 1
16 77 1 1.86459 1
16 78 1 -0.890544 1
16 79 1 -0.702312 1
16 80 1 -0.146237 1
16 81 1 3.01684 1
16 82 1 -1.71803 1
16 83 1 2.47448 1
16 84 1 -1.80134 1
16 85 1 -0.632016 1
16 86 1 -1.88802 1
16 87 1 -1.75223 1
16 88 1 0.690691 1
16 89 1 -0.321903 1
16 90 1 -0.32125 1
16 91 1 2.64021 1
16 92 1 4.22707 1
16 93 1 -2.23233 1
16 94 1 -0.136175 1
16 95 1 -1.89045 1
17 64 1 -3.51879 1
17 65 1 -2.01855 1
17 66 1 -2.9384 1
17 67 1 4.18005 1
17 68 1 -1.32855 1
17 69 1 -0.958819 1
17 70 1 0.765132 1
17 71 1 2.08135 1
17 72 1 -5.94487 0
17 73 1 0.29035 1
17 74 1 3.21648 1
17 75 1 1.95931 1
17 76 1 -0.38658 1
17 77 1 1.59927 1
17 78 1 0.734355 1
17 79 1 -4.04224 1
17 80 1 4.42514 1
17 81 1 2.39651 1
17 82 1 -1.63518 1
17 83 1 -1.62713 1
17 84 1 -4.03103 1
17 85 1 1.37316 1
17 86 1 2.2799 1
17 87 1 -1.90861 1
17 88 1 -5.60128 1
17 89 1 1.30477 1
17 90 1 -3.25671 1
17 91 1 6.31103 1
17 92 1 0.276799 1
17 93 1 4.37641 1
17 94 1 2.64854 1
17 95 1 -0.635317 1
17 146 1 0.432794 1
146 72 1 -6.45254 1
18 64 1 2.44644 1
18 65 1 -0.575504 1
18 66 1 2.04211 1
18 67 1 0.218956 1
18 68 1 -1.53248 1
18 69 1 0.889908 1
18 70 1 2.07565 1
18 71 1 0.330175 1
18 72 1 2.18883 1
18 73 1 -1.04722 1
18 74 1 1.64056 1
18 75 1 0.922323 1
18 76 1 3.05022 1
18 77 1 -0.641721 1
18 78 1 2.41566 1
18 79 1 0.241332 1
18 80 1 -4.93943 1
18 81 1 1.83818 1
18 82 1 -2.89538 1
18 83 1 2.26963 1
18 84 1 -2.00832 1
18 85 1 1.20856 1
18 86 1 3.57978 1
18 87 1 -1.23072 1
18 88 1 0.276862 1
18 89 1 -3.42704 1
18 90 1 0.954857 1
18 91 1 1.84153 1
18 92 1 -2.56664 1
18 93 1 1.27496 1
18 94 1 -0.895604 1
18 95 1 0.267194 1
18 25 1 0.330088 1
18 18 1 0.291625 1
18 139 1 -0.926535 1
19 64 1 3.64103 1
19 65 1 -1.85321 1
19 66 1 2.99166 1
19 67 1 -0.468917 1
19 68 1 -2.32825 1
19 69 1 1.41898 1
19 70 1 -1.13821 1
19 71 1 -1.83068 1
19 72 1 2.94549 1
19 73 1 1.51329 1
19 74 1 -1.13473 1
19 75 1 1.40484 1
19 76 1 -1.50718 1
19 77 1 -1.67731 1
19 78 1 -4.73631 1
19 79 1 3.24554 1
19 80 1 0.402587 1
19 81 1 -3.843 1
19 82 1 0.894708 1
19 83 1 -3.59822 1
19 84 1 -0.0483517 1
19 85 1 1.22961 1
19 86 1 0.917724 1
19 87 1 1.27721 1
19 88 1 0.0665329 1
19 89 1 4.87708 1
19 90 1 -1.36896 1
19 91 1 -0.00295465 1
19 92 1 -1.36697 1
19 93 1 -3.41581 1
19 94 1 -0.511029 1
19 95 1 -6.21714 1
20 64 1 1.73777 1
20 65 1 -0.427532 1
20 66 1 -1.51285 1
20 67 1 1.0516 1
20 68 1 0.49475 1
20 69 1 -0.618164 1
20 70 1 -3.90071 1
20 71 1 2.05813 1
20 72 1 1.22529 1
20 73 1 2.47564 1
20 74 1 2.1981 1
20 75 1 3.11904 1
20 76 1 0.684325 1
20 77 1 -1.44261 1
20 78 1 3.51962 1
20 79 1 1.15635 1
20 80 1 -0.203008 1
20 81 1 0.632677 1
20 82 1 3.14745 1
20 83 1 0.371574 1
20 84 1 0.263541 1
20 85 1 -2.06431 1
20 86 1 -0.00786338 1
20 87 1 -1.70615 1
20 88 1 0.792158 1
20 89 1 1.59746 1
20 90 1 2.43753 1
20 91 1 1.02391 0
20 92 1 -1.40482 1
20 93 1 0.0444414 0
20 94 1 3.16713 0
20 95 1 -0.554941 1
20 96 1 -3.80872 1
20 98 1 -0.211709 1
20 103 1 -0.51408 1
20 109 1 0.0303395 1
103 91 1 1.07788 0
103 105 1 1.14439 1
103 112 1 -1.25804 0
103 123 1 0.710626 1
103 140 1 -1.26649 1
140 112 1 0.909943 1
123 91 1 1.94277 1
123 113 1 0.328282 0
123 136 1 0.455243 1
136 113 1 -1.57243 1
105 91 1 2.07257 0
105 129 1 -0.490638 1
129 91 1 -0.439463 0
129 135 1 0.758758 1
129 116 1 -1.49746 1
135 91 1 -0.928865 1
98 93 1 0.710321 1
98 99 1 3.67051 1
98 15 1 0.340867 1
96 94 1 1.88243 1
96 20 1 -1.31882 1
21 64 1 1.45526 1
21 65 1 4.47314 1
21 66 1 -3.64518 1
21 67 1 -3.2916 1
21 68 1 -1.87256 1
21 69 1 2.73861 1
21 70 1 -2.04715 1
21 71 1 -3.13329 1
21 72 1 -6.95373 1
21 73 1 -0.291042 1
21 74 1 -0.877378 1
21 75 1 1.68548 1
21 76 1 -0.830026 1
21 77 1 -0.986513 1
21 78 1 -2.50368 1
21 79 1 -1.65804 1
21 80 1 1.53571 1
21 81 1 -1.36125 1
21 82 1 -1.60233 1
21 83 1 1.78888 1
21 84 1 3.62117 1
21 85 1 -2.06753 1
21 86 1 2.84717 1
21 87 1 -0.778529 1
21 88 1 2.37054 1
21 89 1 0.228867 1
21 90 1 -0.872117 1
21 91 1 -0.0881294 0
21 92 1 2.47187 1
21 93 1 0.00966013 1
21 94 1 -2.77823 1
21 95 1 -1.49078 1
21 143 1 2.19968 1
143 91 1 -0.685189 1
22 64 1 1.38978 1
22 65 1 1.41493 1
22 66 1 0.159899 1
22 67 1 5.09414 1
22 68 1 -0.600556 1
22 69 1 -1.82285 1
22 70 1 -1.24136 1
22 71 1 1.10082 1
22 72 1 -3.32158 1
22 73 1 1.07474 1
22 74 1 -2.85422 1
22 75 1 -0.528567 1
22 76 1 0.841246 1
22 77 1 0.284891 1
22 78 1 4.3581 1
22 79 1 5.72522 1
22 80 1 -1.46341 1
22 81 1 -2.27403 1
22 82 1 0.649576 1
22 83 1 -1.1273 1
22 84 1 -1.18439 1
22 85 1 0.666032 1
22 86 1 0.611897 1
22 87 1 3.61749 1
22 88 1 -1.67432 1
22 89 1 -1.89238 1
22 90 1 1.4518 1
22 91 1 0.559909 1
22 92 1 0.925618 1
22 93 1 0.965201 1
22 94 1 3.7221 1
22 95 1 3.2295 1
23 64 1 -1.916 1
23 65 1 0.860491 1
23 66 1 -0.343939 1
23 67 1 3.50992 1
23 68 1 -2.50081 1
23 69 1 1.28137 1
23 70 1 3.19344 1
23 71 1 -3.55472 1
23 72 1 0.592018 1
23 73 1 0.865272 1
23 74 1 1.93702 1
23 75 1 -0.763669 1
23 76 1 2.19986 1
23 77 1 3.73294 1
23 78 1 0.0543506 1
23 79 1 -5.30533 1
23 80 1 1.10913 1
23 81 1 0.0260215 1
23 82 1 -1.9277 1
23 83 1 1.54366 1
23 84 1 4.19949 1
23 85 1 -2.04677 1
23 86 1 -8.44949 1
23 87 1 0.408574 1
23 88 1 2.48704 1
23 89 1 -1.35478 1
23 90 1 -2.39804 1
23 91 1 -0.689862 1
23 92 1 0.455436 1
23 93 1 3.36519 1
23 94 1 -1.12015 1
23 95 1 -0.819257 1
23 107 1 1.31798 1
23 27 1 0.0841538 1
24 64 1 -1.64481 1
24 65 1 1.42052 1
24 66 1 -1.13082 1
24 67 1 5.9951 1
24 68 1 -5.04669 1
24 69 1 3.5588 1
24 70 1 0.340854 1
24 71 1 3.28979 1
24 72 1 0.54563 1
24 73 1 1.43757 1
24 74 1 0.179194 1
24 75 1 1.3794 1
24 76 1 -1.17023 1
24 77 1 -0.423796 1
24 78 1 -4.11251 1
24 79 1 -1.39336 1
24 80 1 3.17979 1
24 81 1 0.954637 1
24 82 1 2.7735 1
24 83 1 -3.88283 1
24 84 1 -2.75438 1
24 85 1 -1.53265 1
24 86 1 -3.62617 1
24 87 1 1.99118 1
24 88 1 -3.94341 1
24 89 1 6.46022 1
24 90 1 3.98033 1
24 91 1 -4.14418 1
24 92 1 0.206182 1
24 93 1 0.25765 1
24 94 1 -1.47148 1
24 95 1 -0.0721594 1
24 5 1 1.3762 1
25 64 1 1.59253 1
25 65 1 2.50224 1
25 66 1 0.177824 1
25 67 1 -0.758892 1
25 68 1 4.78775 1
25 69 1 -2.9512 1
25 70 1 1.63783 0
25 71 1 -3.64663 1
25 72 1 1.38568 1
25 73 1 -0.0807694 1
25 74 1 2.22958 1
25 75 1 -0.590777 1
25 76 1 -1.27142 1
25 77 1 -0.271678 1
25 78 1 3.03279 1
25 79 1 -0.943786 1
25 80 1 -0.229138 1
25 81 1 -3.79065 1
25 82 1 -0.563657 1
25 83 1 3.33199 1
25 84 1 -2.86959 1
25 85 1 -2.67885 1
25 86 1 1.59314 1
25 87 1 1.77597 1
25 88 1 0.353665 1
25 89 1 3.17148 1
25 90 1 -3.28074 1
25 91 1 1.93341 1
25 92 1 1.0691 1
25 93 1 0.441637 1
25 94 1 0.413717 1
25 95 1 -3.09218 1
25 8 1 1.09492 1
25 6 1 -1.38173 1
25 121 1 -1.16856 1
121 70 1 5.99896 1
26 64 1 -3.30864 1
26 65 1 2.33229 1
26 66 1 0.434735 1
26 67 1 0.737244 1
26 68 1 1.44572 1
26 69 1 2.38489 1
26 70 1 -2.85854 1
26 71 1 -0.138353 1
26 72 1 -2.18814 1
26 73 1 -0.0019784 1
26 74 1 -3.66741 1
26 75 1 3.74121 1
26 76 1 -0.255283 1
26 77 1 -3.23286 1
26 78 1 3.05627 1
26 79 1 -0.642944 1
26 80 1 0.666839 1
26 81 1 2.96334 1
26 82 1 0.370175 1
26 83 1 1.02813 1
26 84 1 -3.23623 1
26 85 1 -0.358251 1
26 86 1 -3.78949 1
26 87 1 1.3605 1
26 88 1 -3.27599 1
26 89 1 -0.307915 1
26 90 1 -1.92397 1
26 91 1 -3.83612 1
26 92 1 -0.922747 1
26 93 1 0.492066 1
26 94 1 2.76407 1
26 95 1 -0.975366 1
26 23 1 3.38234 1
26 15 1 2.19957 1
27 64 1 -4.51719 1
27 65 1 3.87246 1
27 66 1 3.04351 1
27 67 1 -1.75447 1
27 68 1 1.28803 1
27 69 1 1.59126 1
27 70 1 3.349 1
27 71 1 -4.6051 1
27 72 1 -0.717593 1
27 73 1 0.903227 1
27 74 1 -0.813502 1
27 75 1 -0.604743 1
27 76 1 -2.05674 1
27 77 1 -1.84184 1
27 78 1 -1.16087 1
27 79 1 0.696243 1
27 80 1 -1.39744 1
27 81 1 -0.40443 1
27 82 1 -0.211637 1
27 83 1 0.744442 1
27 84 1 0.301882 1
27 85 1 1.49036 1
27 86 1 -2.37172 1
27 87 1 2.34923 1
27 88 1 -4.62422 1
27 89 1 -4.04886 1
27 90 1 4.11375 1
27 91 1 -1.01629 1
27 92 1 -0.435963 1
27 93 1 -1.98531 1
27 94 1 2.44457 1
27 95 1 -2.7367 1
27 9 1 0.86317 1
27 5 1 -1.06289 1
28 64 1 2.10293 1
28 65 1 -0.46982 1
28 66 1 -2.00013 1
28 67 1 4.34795 1
28 68 1 1.38294 1
28 69 1 0.75548 1
28 70 1 -1.71869 1
28 71 1 -1.95175 1
28 72 1 -5.55683 1
28 73 1 1.49783 1
28 74 1 0.875642 1
28 75 1 0.184142 1
28 76 1 -0.651086 1
28 77 1 -0.151785 1
28 78 1 -2.30015 1
28 79 1 1.27241 1
28 80 1 2.15462 1
28 81 1 -2.29802 1
28 82 1 3.14714 1
28 83 1 4.06573 1
28 84 1 1.09767 1
28 85 1 -7.63903 1
28 86 1 -2.27141 1
28 87 1 -2.54581 1
28 88 1 -4.26748 1
28 89 1 0.501467 1
28 90 1 -2.98807 1
28 91 1 -0.896192 1
28 92 1 0.679045 1
28 93 1 -3.38945 1
28 94 1 2.29779 1
28 95 1 -4.33857 1
29 64 1 -0.517637 1
29 65 1 -1.83298 1
29 66 1 1.04155 1
29 67 1 2.13045 1
29 68 1 -6.22864 1
29 69 1 2.08261 1
29 70 1 -1.24972 1
29 71 1 -1.82502 1
29 72 1 0.668959 1
29 73 1 0.274832 1
29 74 1 0.716031 1
29 75 1 -1.38097 1
29 76 1 -0.86603 1
29 77 1 2.07585 1
29 78 1 -5.01194 1
29 79 1 -2.44378 1
29 80 1 2.10341 1
29 81 1 0.656182 1
29 82 1 0.62237 1
29 83 1 -1.67006 1
29 84 1 1.40744 1
29 85 1 0.175961 1
29 86 1 -2.72837 1
29 87 1 -4.11439 1
29 88 1 -0.106509 1
29 89 1 -2.59927 1
29 90 1 -0.7616 1
29 91 1 1.40925 1
29 92 1 0.326865 1
29 93 1 1.8602 1
29 94 1 -0.873949 1
29 95 1 0.0302155 1
29 113 1 0.684046 1
30 64 1 -1.02949 1
30 65 1 0.98021 1
30 66 1 3.38943 1
30 67 1 1.11141 1
30 68 1 1.75615 1
30 69 1 1.97816 1
30 70 1 1.15894 1
30 71 1 -1.61631 1
30 72 1 0.0644218 1
30 73 1 5.01991 1
30 74 1 -0.6133 1
30 75 1 2.40087 1
30 76 1 0.600758 1
30 77 1 -0.977418 1
30 78 1 2.41269 1
30 79 1 4.09588 1
30 80 1 -1.13693 1
30 81 1 -2.22515 1
30 82 1 2.66925 1
30 83 1 4.20806 1
30 84 1 1.20066 1
30 85 1 -1.69152 1
30 86 1 -1.45436 1
30 87 1 -3.03832 1
30 88 1 1.56271 1
30 89 1 -0.711029 1
30 90 1 1.81602 1
30 91 1 4.88827 1
30 92 1 -1.64631 1
30 93 1 2.26893 1
30 94 1 3.15813 1
30 95 1 -1.3189 1
31 64 1 2.21004 1
31 65 1 -0.00792883 1
31 66 1 -2.03784 1
31 67 1 4.49664 1
31 68 1 2.66228 1
31 69 1 2.92937 1
31 70 1 -3.78419 1
31 71 1 0.903735 1
31 72 1 -3.50315 1
31 73 1 -1.4499 1
31 74 1 0.995689 1
31 75 1 0.358544 1
31 76 1 0.178568 1
31 77 1 0.928471 1
31 78 1 -3.25494 1
31 79 1 1.18763 1
31 80 1 -1.29404 1
31 81 1 -1.60595 1
31 82 1 0.163262 1
31 83 1 -0.50936 1
31 84 1 -2.35342 1
31 85 1 -1.7774 1
31 86 1 -1.2212 1
31 87 1 -1.38044 0
31 88 1 2.69113 1
31 89 1 -0.350662 1
31 90 1 1.98196 1
31 91 1 -2.10612 1
31 92 1 -0.432305 1
31 93 1 1.88449 1
31 94 1 1.04605 1
31 95 1 -0.830206 1
31 122 1 3.44232 1
122 87 1 1.05608 1
32 64 1 7.38894 1
32 65 1 2.25248 1
32 66 1 -3.31021 1
32 67 1 3.27705 1
32 68 1 0.325987 1
32 69 1 2.18745 1
32 70 1 -0.479712 1
32 71 1 1.03034 1
32 72 1 -3.41953 1
32 73 1 -0.0654844 1
32 74 1 -1.50088 1
32 75 1 2.95577 1
32 76 1 -2.56075 1
32 77 1 1.81734 1
32 78 1 0.100636 1
32 79 1 1.19577 1
32 80 1 0.215859 1
32 81 1 -2.23519 1
32 82 1 -1.67089 1
32 83 1 -2.71359 1
32 84 1 1.91408 1
32 85 1 -2.23102 1
32 86 1 1.74161 1
32 87 1 -0.378874 1
32 88 1 -1.393 1
32 89 1 -3.1348 1
32 90 1 0.947445 1
32 91 1 -2.97798 1
32 92 1 3.20551 1
32 93 1 0.623913 1
32 94 1 -0.492771 1
32 95 1 -2.48632 1
33 64 1 2.66632 1
33 65 1 -5.36506 1
33 66 1 -1.52582 1
33 67 1 -2.96145 1
33 68 1 0.139414 1
33 69 1 0.00341614 1
33 70 1 3.05506 1
33 71 1 5.31825 1
33 72 1 0.519645 1
33 73 1 3.09645 1
33 74 1 2.28493 1
33 75 1 -5.17712 1
33 76 1 -0.547977 1
33 77 1 3.05457 1
33 78 1 -2.39769 1
33 79 1 -1.79817 1
33 80 1 2.84148 1
33 81 1 -1.9027 1
33 82 1 0.507496 1
33 83 1 2.47168 1
33 84 1 0.555022 1
33 85 1 0.559035 1
33 86 1 0.253399 1
33 87 1 2.44291 1
33 88 1 2.56842 1
33 89 1 4.58039 1
33 90 1 -2.72878 1
33 91 1 1.7129 1
33 92 1 3.06206 1
33 93 1 2.28933 1
33 94 1 -0.793327 1
33 95 1 0.0210956 1
33 20 1 -1.16408 1
33 107 1 0.536404 1
34 64 1 0.447465 1
34 65 1 -1.47279 1
34 66 1 0.720478 1
34 67 1 2.37321 1
34 68 1 1.04449 1
34 69 1 0.130338 1
34 70 1 -1.7393 1
34 71 1 -0.793605 1
34 72 1 -0.582309 1
34 73 1 -2.07302 1
34 74 1 1.73185 1
34 75 1 3.9319 1
34 76 1 -2.4707 1
34 77 1 0.0115229 1
34 78 1 -1.99958 1
34 79 1 1.82394 1
34 80 1 2.21816 1
34 81 1 -0.903462 1
34 82 1 -0.328647 1
34 83 1 0.952644 1
34 84 1 1.40137 1
34 85 1 -0.0226098 1
34 86 1 -0.843171 1
34 87 1 -0.241743 1
34 88 1 1.9978 1
34 89 1 -0.898781 1
34 90 1 -4.73037 1
34 91 1 1.67785 1
34 92 1 -1.04783 1
34 93 1 -2.6857 1
34 94 1 3.53523 1
34 95 1 1.30748 1
34 113 1 0.271007 1
35 64 1 -0.998019 1
35 65 1 -0.853911 1
35 66 1 2.06128 1
35 67 1 2.3214 1
35 68 1 0.245035 1
35 69 1 4.03446 1
35 70 1 2.33035 1
35 71 1 0.798149 1
35 72 1 2.93507 1
35 73 1 6.9023 1
35 74 1 2.80919 1
35 75 1 -1.33223 1
35 76 1 -3.20898 1
35 77 1 1.08401 1
35 78 1 -1.88492 1
35 79 1 -0.401728 1
35 80 1 -7.58526 1
35 81 1 -0.769358 1
35 82 1 2.132 0
35 83 1 -0.482259 1
35 84 1 2.94062 1
35 85 1 -4.57104 1
35 86 1 -1.96092 1
35 87 1 -2.26678 1
35 88 1 -0.508134 1
35 89 1 1.57296 0
35 90 1 -1.30778 1
35 91 1 -2.11357 1
35 92 1 -3.66406 1
35 93 1 -0.365293 1
35 94 1 -2.60593 1
35 95 1 0.295186 1
35 130 1 0.782189 1
35 133 1 3.19049 1
133 82 1 2.31253 1
130 89 1 1.62738 1
36 64 1 0.150989 1
36 65 1 1.5524 1
36 66 1 1.09189 1
36 67 1 -0.130363 1
36 68 1 -4.56862 1
36 69 1 -2.38638 1
36 70 1 -0.400855 1
36 71 1 2.3728 1
36 72 1 -0.716664 1
36 73 1 -0.00646096 1
36 74 1 0.523217 1
36 75 1 0.961767 1
36 76 1 1.75957 1
36 77 1 -4.28626 1
36 78 1 -1.02572 1
36 79 1 3.92889 1
36 80 1 0.491565 1
36 81 1 -1.90454 1
36 82 1 -1.79729 0
36 83 1 1.62202 1
36 84 1 2.2758 1
36 85 1 -2.00685 1
36 86 1 0.339881 1
36 87 1 -0.63225 1
36 88 1 0.877308 1
36 89 1 1.08421 1
36 90 1 -2.45066 1
36 91 1 0.634597 1
36 92 1 3.84009 1
36 93 1 2.14806 1
36 94 1 -2.39903 1
36 95 1 5.56694 1
36 109 1 1.52406 0
36 24 1 -0.907276 1
36 117 1 0.86078 1
117 109 1 0.48047 1
109 82 1 1.50951 1
109 31 1 0.016771 1
37 64 1 -5.30897 1
37 65 1 0.256369 1
37 66 1 -1.87882 1
37 67 1 -0.894807 1
37 68 1 -5.19388 1
37 69 1 0.128447 1
37 70 1 -2.75932 1
37 71 1 -0.398755 1
37 72 1 2.03321 1
37 73 1 2.06223 1
37 74 1 -1.30296 1
37 75 1 0.821461 1
37 76 1 1.98229 0
37 77 1 2.46658 1
37 78 1 -1.0698 1
37 79 1 -0.0868419 1
37 80 1 3.2263 1
37 81 1 0.255387 1
37 82 1 4.29034 1
37 83 1 0.854341 1
37 84 1 -5.50902 1
37 85 1 2.05191 1
37 86 1 -1.80522 1
37 87 1 2.14369 1
37 88 1 -1.90482 1
37 89 1 -0.576587 1
37 90 1 0.651229 1
37 91 1 1.15113 1
37 92 1 3.19134 1
37 93 1 -0.0830345 1
37 94 1 -1.98667 1
37 95 1 -0.920535 1
37 142 1 0.774809 1
142 76 1 1.50667 1
38 64 1 0.0846005 1
38 65 1 -2.05477 1
38 66 1 -1.65647 1
38 67 1 -0.568535 1
38 68 1 -2.10474 1
38 69 1 -4.65407 1
38 70 1 -0.551972 1
38 71 1 0.217699 1
38 72 1 -2.18726 1
38 73 1 0.495553 1
38 74 1 -2.55115 1
38 75 1 1.48522 1
38 76 1 2.98418 1
38 77 1 -1.06088 1
38 78 1 -1.42991 1
38 79 1 -0.385094 1
38 80 1 -5.69892 1
38 81 1 -0.248104 1
38 82 1 2.93069 1
38 83 1 -1.13223 1
38 84 1 -3.75355 1
38 85 1 -3.4772 1
38 86 1 -0.0354864 1
38 87 1 0.537471 1
38 88 1 0.825047 1
38 89 1 4.04136 1
38 90 1 -1.08278 1
38 91 1 3.11329 1
38 92 1 2.10583 0
38 93 1 -0.857382 1
38 94 1 0.673846 1
38 95 1 -3.05227 1
38 148 1 1.73986 1
148 92 1 1.76407 1
39 64 1 0.787013 1
39 65 1 -3.12859 1
39 66 1 2.9234 1
39 67 1 -1.66583 1
39 68 1 1.25337 1
39 69 1 -0.798331 1
39 70 1 1.78595 1
39 71 1 -0.729879 1
39 72 1 -3.40799 1
39 73 1 -2.42615 1
39 74 1 1.55982 1
39 75 1 2.19882 0
39 76 1 2.57952 1
39 77 1 -0.0918468 1
39 78 1 -1.88318 1
39 79 1 -2.14128 1
39 80 1 0.97168 1
39 81 1 -3.98217 1
39 82 1 -1.47339 1
39 83 1 0.256429 1
39 84 1 -2.17242 1
39 85 1 0.301785 1
39 86 1 1.45718 1
39 87 1 0.288553 1
39 88 1 -1.99659 1
39 89 1 0.32393 1
39 90 1 4.23838 1
39 91 1 -2.06772 1
39 92 1 4.23633 1
39 93 1 -1.34282 1
39 94 1 -4.74969 1
39 95 1 -0.610814 1
39 2 1 -4.28173 1
39 112 1 3.83336 1
39 13 1 -0.167822 1
39 104 1 -0.558355 1
112 75 1 -1.6856 1
112 138 1 -1.01281 1
40 64 1 -4.60048 1
40 65 1 -1.01922 1
40 66 1 2.2785 1
40 67 1 1.06322 1
40 68 1 4.17827 1
40 69 1 0.752821 1
40 70 1 -1.04247 1
40 71 1 0.536469 1
40 72 1 4.25947 1
40 73 1 1.65178 1
40 74 1 -0.79151 1
40 75 1 0.697769 1
40 76 1 -0.454699 1
40 77 1 3.94688 1
40 78 1 2.41509 1
40 79 1 -0.694235 1
40 80 1 0.274465 1
40 81 1 -0.906742 1
40 82 1 -0.685259 1
40 83 1 -3.37984 1
40 84 1 1.41321 1
40 85 1 2.38985 1
40 86 1 1.13679 1
40 87 1 1.46404 1
40 88 1 0.954088 1
40 89 1 -0.18788 1
40 90 1 -1.35586 1
40 91 1 -1.01723 1
40 92 1 -0.760393 1
40 93 1 2.26395 1
40 94 1 1.32525 1
40 95 1 1.64033 1
40 2 1 -0.707546 1
40 134 1 0.425101 1
41 64 1 5.36645 1
41 65 1 0.429067 1
41 66 1 -0.749218 1
41 67 1 -1.03924 1
41 68 1 0.444455 1
41 69 1 -0.54117 1
41 70 1 1.55986 1
41 71 1 0.454715 1
41 72 1 4.82777 1
41 73 1 -5.39203 1
41 74 1 0.0217021 1
41 75 1 2.37605 1
41 76 1 -2.20196 1
41 77 1 -0.280543 1
41 78 1 -3.90056 1
41 79 1 1.32565 1
41 80 1 1.95043 1
41 81 1 3.37696 1
41 82 1 -1.80151 1
41 83 1 2.16569 1
41 84 1 -1.70896 1
41 85 1 0.543868 1
41 86 1 1.44105 1
41 87 1 0.133394 1
41 88 1 2.95128 1
41 89 1 -1.86286 1
41 90 1 -3.54253 1
41 91 1 -0.106911 1
41 92 1 1.02251 1
41 93 1 -0.3469 1
41 94 1 -0.701072 1
41 95 1 1.07272 1
41 11 1 2.47239 1
41 29 1 -0.687301 1
42 64 1 1.3938 1
42 65 1 1.97471 1
42 66 1 -0.180916 1
42 67 1 -0.269702 1
42 68 1 -1.68881 1
42 69 1 -1.58403 1
42 70 1 -2.22386 1
42 71 1 -1.23481 1
42 72 1 -1.5495 1
42 73 1 -2.48077 1
42 74 1 1.90271 1
42 75 1 -0.583165 1
42 76 1 -1.96406 1
42 77 1 -1.60159 1
42 78 1 -2.66345 1
42 79 1 1.04396 1
42 80 1 -1.42865 1
42 81 1 0.087314 1
42 82 1 3.58193 1
42 83 1 1.94892 1
42 84 1 2.56742 1
42 85 1 2.09336 1
42 86 1 -0.021117 1
42 87 1 -2.73877 1
42 88 1 -1.23082 1
42 89 1 0.161727 1
42 90 1 1.1521 1
42 91 1 1.26432 1
42 92 1 -1.11982 1
42 93 1 3.71292 1
42 94 1 -2.0559 1
42 95 1 1.66952 1
43 64 1 2.13689 1
43 65 1 -2.60915 1
43 66 1 1.24118 1
43 67 1 1.65116 1
43 68 1 0.0871551 1
43 69 1 0.0937671 1
43 70 1 0.0760335 1
43 71 1 -4.17631 1
43 72 1 -1.03724 1
43 73 1 -8.10515 1
43 74 1 3.01926 1
43 75 1 -2.25849 1
43 76 1 1.5001 1
43 77 1 1.28446 1
43 78 1 0.86947 1
43 79 1 -2.70572 1
43 80 1 -0.808389 1
43 81 1 2.76405 1
43 82 1 0.541644 1
43 83 1 -2.23845 1
43 84 1 0.290541 1
43 85 1 3.10227 1
43 86 1 -1.08161 1
43 87 1 4.45668 1
43 88 1 -1.0893 1
43 89 1 3.15941 1
43 90 1 0.297915 1
43 91 1 -4.84436 1
43 92 1 2.73727 1
43 93 1 2.92129 1
43 94 1 -4.26386 1
43 95 1 1.50101 1
44 64 1 0.648101 1
44 65 1 -1.9293 1
44 66 1 -0.304672 1
44 67 1 -1.44039 1
44 68 1 -2.09549 1
44 69 1 -0.716284 1
44 70 1 2.16333 1
44 71 1 0.989144 1
44 72 1 -2.74168 1
44 73 1 1.14853 1
44 74 1 -1.6005 1
44 75 1 -2.63089 1
44 76 1 -0.520148 1
44 77 1 1.01611 1
44 78 1 1.95791 1
44 79 1 1.0443 1
44 80 1 6.26515 1
44 81 1 -3.37267 1
44 82 1 1.25331 1
44 83 1 -2.87796 1
44 84 1 0.406293 1
44 85 1 0.348095 1
44 86 1 1.55051 1
44 87 1 0.380396 1
44 88 1 0.936261 1
44 89 1 0.967163 1
44 90 1 0.668657 1
44 91 1 -0.0235833 1
44 92 1 0.596858 1
44 93 1 3.1275 1
44 94 1 -1.54743 1
44 95 1 -0.35796 1
44 8 1 0.647101 1
44 29 1 1.43985 1
45 64 1 -0.0293263 1
45 65 1 3.47756 1
45 66 1 0.0839099 1
45 67 1 0.659562 1
45 68 1 -1.66887 1
45 69 1 -7.35508 1
45 70 1 -4.74575 1
45 71 1 -0.135713 1
45 72 1 -4.03145 1
45 73 1 2.80666 1
45 74 1 3.13892 1
45 75 1 3.86147 1
45 76 1 -0.559436 1
45 77 1 0.845204 1
45 78 1 -3.03694 1
45 79 1 2.67274 1
45 80 1 -2.1797 1
45 81 1 0.744051 1
45 82 1 1.23869 1
45 83 1 -2.28082 1
45 84 1 2.23207 1
45 85 1 -4.1343 1
45 86 1 1.77562 1
45 87 1 1.6975 1
45 88 1 0.485757 1
45 89 1 -3.94212 1
45 90 1 0.577978 1
45 91 1 3.26614 1
45 92 1 -2.43764 1
45 93 1 -5.8186 1
45 94 1 1.50492 1
45 95 1 -1.56431 1
45 9 1 3.01164 1
45 20 1 1.16837 1
46 64 1 -0.741751 1
46 65 1 0.415439 1
46 66 1 2.2959 1
46 67 1 2.67465 1
46 68 1 -4.74861 1
46 69 1 -0.974101 1
46 70 1 1.12595 1
46 71 1 -0.63959 1
46 72 1 3.1706 1
46 73 1 -2.62353 1
46 74 1 -2.47066 1
46 75 1 3.37403 1
46 76 1 -4.75421 1
46 77 1 3.22825 1
46 78 1 -1.68254 1
46 79 1 -0.842119 1
46 80 1 4.58361 1
46 81 1 0.33837 1
46 82 1 -0.44491 1
46 83 1 1.88527 1
46 84 1 -1.67812 1
46 85 1 2.64018 1
46 86 1 -1.69799 1
46 87 1 1.8067 1
46 88 1 -2.21103 1
46 89 1 -3.89643 1
46 90 1 -2.17495 1
46 91 1 -0.385777 1
46 92 1 0.236693 1
46 93 1 -1.87087 1
46 94 1 -1.6307 1
46 95 1 -0.582993 1
46 24 1 1.359 1
47 64 1 -0.850457 1
47 65 1 -0.0285451 1
47 66 1 -3.42095 1
47 67 1 4.14291 1
47 68 1 -0.737861 1
47 69 1 2.13306 1
47 70 1 -1.19823 1
47 71 1 0.234622 1
47 72 1 1.8558 1
47 73 1 4.40211 0
47 74 1 -1.68952 1
47 75 1 -1.25523 1
47 76 1 -3.03269 1
47 77 1 -5.97086 1
47 78 1 -0.339995 1
47 79 1 2.01457 1
47 80 1 4.18541 1
47 81 1 -5.93 1
47 82 1 0.739691 1
47 83 1 -0.562654 1
47 84 1 -3.4948 1
47 85 1 0.185439 1
47 86 1 -2.95924 1
47 87 1 4.10222 1
47 88 1 0.311295 1
47 89 1 0.119331 1
47 90 1 6.63513 1
47 91 1 2.02922 1
47 92 1 -0.254045 1
47 93 1 0.288126 1
47 94 1 0.55363 1
47 95 1 -0.704123 1
47 4 1 0.396182 1
47 137 1 0.244007 1
137 73 1 4.66284 1
48 64 1 0.627887 1
48 65 1 0.997732 1
48 66 1 -0.0231167 1
48 67 1 -0.447049 1
48 68 1 -2.70621 1
48 69 1 -3.41548 1
48 70 1 0.947331 1
48 71 1 2.55931 1
48 72 1 -2.10754 1
48 73 1 1.84158 1
48 74 1 6.1717 1
48 75 1 -3.6751 1
48 76 1 0.934074 1
48 77 1 -2.92369 1
48 78 1 0.851581 1
48 79 1 1.74022 1
48 80 1 -1.14771 1
48 81 1 -0.462548 1
48 82 1 -0.431766 1
48 83 1 -0.101268 1
48 84 1 1.59385 1
48 85 1 0.0782441 1
48 86 1 -1.74657 1
48 87 1 -0.474432 1
48 88 1 -2.70701 1
48 89 1 0.253132 1
48 90 1 1.57202 1
48 91 1 1.21967 1
48 92 1 -4.2488 1
48 93 1 0.436269 1
48 94 1 5.08498 1
48 95 1 3.27572 1
48 16 1 -0.451981 1
48 12 1 -0.314862 1
48 14 1 -1.53298 1
49 64 1 -0.0268464 1
49 65 1 -0.543743 1
49 66 1 -0.397402 1
49 67 1 -0.806769 1
49 68 1 -1.54754 1
49 69 1 1.31099 1
49 70 1 0.356587 1
49 71 1 -4.12892 1
49 72 1 -0.77697 1
49 73 1 0.611841 1
49 74 1 3.20058 1
49 75 1 1.19304 1
49 76 1 -5.18088 1
49 77 1 -1.95209 1
49 78 1 -2.72218 1
49 79 1 2.43206 1
49 80 1 5.87905 1
49 81 1 -3.64793 1
49 82 1 0.68383 1
49 83 1 -1.26286 1
49 84 1 2.70118 1
49 85 1 -2.7089 1
49 86 1 0.0670015 1
49 87 1 -0.596146 1
49 88 1 -1.87434 1
49 89 1 0.214575 1
49 90 1 -0.885163 1
49 91 1 0.235871 1
49 92 1 1.31871 1
49 93 1 -0.285016 1
49 94 1 1.4358 1
49 95 1 2.18419 1
49 19 1 -1.75542 1
49 31 1 1.07035 1
50 64 1 -4.1912 1
50 65 1 -3.35227 1
50 66 1 2.66961 1
50 67 1 -2.28961 1
50 68 1 2.43693 1
50 69 1 0.282469 1
50 70 1 1.65648 1
50 71 1 5.50933 1
50 72 1 -1.42764 1
50 73 1 5.52594 1
50 74 1 -1.45169 1
50 75 1 0.611871 1
50 76 1 -1.6728 1
50 77 1 0.370499 1
50 78 1 2.87394 1
50 79 1 -1.67281 1
50 80 1 0.769447 1
50 81 1 -0.562271 1
50 82 1 -0.869687 1
50 83 1 1.60468 1
50 84 1 -0.809879 1
50 85 1 -1.13503 1
50 86 1 0.499795 1
50 87 1 -1.64847 1
50 88 1 -3.82996 1
50 89 1 0.641503 1
50 90 1 0.0801758 1
50 91 1 -1.10333 1
50 92 1 0.160357 1
50 93 1 -0.0646396 1
50 94 1 -3.0681 1
50 95 1 0.493557 1
50 4 1 4.37348 1
50 22 1 -1.78186 1
51 64 1 -1.21614 1
51 65 1 3.94343 1
51 66 1 0.890066 1
51 67 1 -0.303654 1
51 68 1 -0.81527 1
51 69 1 -0.699413 1
51 70 1 3.6149 1
51 71 1 3.33654 1
51 72 1 -3.15537 1
51 73 1 -1.84764 0
51 74 1 -2.49739 1
51 75 1 6.94864 1
51 76 1 -3.59537 1
51 77 1 0.469402 1
51 78 1 2.84648 1
51 79 1 0.446944 1
51 80 1 2.1246 1
51 81 1 -3.10425 1
51 82 1 0.456515 1
51 83 1 3.68498 1
51 84 1 -2.15947 1
51 85 1 -2.15774 1
51 86 1 -1.34607 1
51 87 1 0.322375 1
51 88 1 0.313912 1
51 89 1 1.21124 1
51 90 1 1.98511 1
51 91 1 0.84015 1
51 92 1 2.10519 1
51 93 1 2.91723 1
51 94 1 -5.03518 1
51 95 1 -1.36281 1
51 116 1 -0.337126 1
51 12 1 -0.737069 1
116 73 1 -1.05993 0
116 134 1 0.775953 1
134 73 1 2.71839 1
52 64 1 -3.51409 1
52 65 1 2.27191 1
52 66 1 1.59839 1
52 67 1 -0.239409 1
52 68 1 0.080449 1
52 69 1 4.72163 1
52 70 1 2.95098 1
52 71 1 -1.8845 1
52 72 1 -0.623232 1
52 73 1 4.8749 1
52 74 1 2.43682 1
52 75 1 -0.0837219 1
52 76 1 -2.90289 1
52 77 1 -1.25109 1
52 78 1 1.09577 1
52 79 1 1.33301 1
52 80 1 -0.5855 1
52 81 1 0.316009 1
52 82 1 -3.44762 1
52 83 1 -2.50365 1
52 84 1 1.57506 1
52 85 1 -0.644334 1
52 86 1 -3.22053 1
52 87 1 1.11493 1
52 88 1 2.16716 1
52 89 1 -0.475078 1
52 90 1 -0.0472727 1
52 91 1 -0.486861 1
52 92 1 -0.254665 1
52 93 1 -1.4512 0
52 94 1 2.98098 1
52 95 1 0.249092 1
52 115 1 0.754702 1
52 139 1 0.174235 1
139 93 1 -2.33289 1
53 64 1 -2.97552 1
53 65 1 1.37324 1
53 66 1 0.219062 1
53 67 1 0.520943 1
53 68 1 2.31262 1
53 69 1 1.50304 1
53 70 1 -1.88701 1
53 71 1 1.49239 1
53 72 1 -1.8389 1
53 73 1 1.42913 1
53 74 1 -1.02615 1
53 75 1 -2.10448 1
53 76 1 1.15842 1
53 77 1 2.08353 1
53 78 1 -1.39719 1
53 79 1 0.8903 1
53 80 1 0.191426 1
53 81 1 0.355038 1
53 82 1 1.29479 1
53 83 1 0.076589 1
53 84 1 1.65637 1
53 85 1 1.69634 1
53 86 1 0.994295 1
53 87 1 0.548716 1
53 88 1 -0.918495 1
53 89 1 0.501847 1
53 90 1 -1.83919 1
53 91 1 0.596254 1
53 92 1 2.49878 1
53 93 1 0.101066 1
53 94 1 -0.25729 1
53 95 1 -1.46323 1
53 20 1 3.83865 1
53 23 1 1.20364 1
54 64 1 1.38842 1
54 65 1 -0.936254 1
54 66 1 -1.9244 1
54 67 1 1.1065 1
54 68 1 1.88377 1
54 69 1 -2.0124 1
54 70 1 0.406449 1
54 71 1 2.04207 1
54 72 1 1.77571 1
54 73 1 1.61274 1
54 74 1 0.0310315 1
54 75 1 -0.175547 1
54 76 1 -0.688984 1
54 77 1 2.57141 1
54 78 1 -0.432665 1
54 79 1 0.208251 1
54 80 1 1.08851 1
54 81 1 2.26853 1
54 82 1 -3.52493 1
54 83 1 6.13558 1
54 84 1 1.54756 1
54 85 1 0.273192 1
54 86 1 -3.29215 1
54 87 1 -0.927146 1
54 88 1 1.90223 1
54 89 1 4.86613 1
54 90 1 -3.12276 1
54 91 1 1.82848 1
54 92 1 -1.24575 1
54 93 1 0.658646 1
54 94 1 -1.83846 1
54 95 1 -2.67759 1
54 30 1 -2.30741 1
54 144 1 0.274698 1
55 64 1 1.11699 1
55 65 1 -2.74908 1
55 66 1 -0.605186 1
55 67 1 -0.468208 1
55 68 1 -2.83274 1
55 69 1 3.77315 1
55 70 1 2.95029 1
55 71 1 -3.85136 1
55 72 1 2.01769 1
55 73 1 0.231836 1
55 74 1 2.33274 1
55 75 1 -3.66302 1
55 76 1 -4.14305 1
55 77 1 2.36894 1
55 78 1 -1.22632 1
55 79 1 2.80162 1
55 80 1 -1.10121 1
55 81 1 0.897115 1
55 82 1 -2.64005 1
55 83 1 -1.54613 1
55 84 1 -0.564991 1
55 85 1 -4.84766 1
55 86 1 1.80286 1
55 87 1 2.59026 1
55 88 1 -3.71834 1
55 89 1 -2.05012 1
55 90 1 0.185052 1
55 91 1 2.04121 1
55 92 1 5.0693 1
55 93 1 -3.57522 1
55 94 1 -2.79291 1
55 95 1 -0.416617 0
55 28 1 4.39807 1
55 114 1 1.35264 1
114 95 1 -0.93157 1
56 64 1 0.62193 1
56 65 1 -2.28587 1
56 66 1 0.848797 1
56 67 1 -1.06389 1
56 68 1 0.657803 0
56 69 1 -0.329231 1
56 70 1 0.0770183 1
56 71 1 0.180673 1
56 72 1 0.0390473 1
56 73 1 -1.41993 1
56 74 1 4.01744 1
56 75 1 4.26175 1
56 76 1 -3.88534 1
56 77 1 -1.49511 1
56 78 1 -4.57324 1
56 79 1 1.0131 1
56 80 1 -1.50572 1
56 81 1 2.35171 1
56 82 1 3.87 1
56 83 1 -2.83157 1
56 84 1 -1.47223 1
56 85 1 -1.78547 1
56 86 1 2.22913 1
56 87 1 -3.58039 1
56 88 1 0.946955 1
56 89 1 -2.03761 1
56 90 1 -1.29866 1
56 91 1 -0.239579 1
56 92 1 1.79592 1
56 93 1 4.07599 1
56 94 1 -1.77845 1
56 95 1 0.262463 1
56 3 1 -1.4977 1
56 126 1 2.83684 1
126 68 1 0.609829 1
126 11 1 -1.17567 1
57 64 1 -3.27899 1
57 65 1 3.57427 1
57 66 1 -4.38168 1
57 67 1 -1.21941 1
57 68 1 3.09548 1
57 69 1 -0.627335 0
57 70 1 0.388382 1
57 71 1 1.42872 1
57 72 1 0.471335 1
57 73 1 -1.53497 1
57 74 1 2.70541 1
57 75 1 3.77448 1
57 76 1 3.12103 1
57 77 1 -4.36502 1
57 78 1 -1.7025 1
57 79 1 -1.31461 1
57 80 1 1.26245 1
57 81 1 4.61329 1
57 82 1 2.39618 1
57 83 1 -2.42611 1
57 84 1 0.718205 1
57 85 1 -2.89638 1
57 86 1 -0.211936 1
57 87 1 1.6812 1
57 88 1 -1.9291 1
57 89 1 0.484763 1
57 90 1 0.739565 1
57 91 1 -1.12003 1
57 92 1 -1.89196 1
57 93 1 -0.888745 1
57 94 1 -1.4993 1
57 95 1 2.55839 1
57 104 1 2.90318 1
57 22 1 1.12584 1
104 69 1 1.80398 1
104 1 1 -0.120702 1
58 64 1 2.5936 1
58 65 1 -2.16421 1
58 66 1 -0.332116 1
58 67 1 -1.94247 1
58 68 1 -0.392477 1
58 69 1 -1.18054 1
58 70 1 -1.96189 1
58 71 1 -0.414553 1
58 72 1 -0.654588 1
58 73 1 -1.57837 1
58 74 1 3.24124 1
58 75 1 2.18201 1
58 76 1 4.0281 1
58 77 1 -0.0615019 1
58 78 1 -0.656421 1
58 79 1 1.35752 0
58 80 1 -4.88836 1
58 81 1 1.28639 1
58 82 1 1.45214 1
58 83 1 1.53521 1
58 84 1 -1.50756 1
58 85 1 0.57365 1
58 86 1 1.46553 1
58 87 1 -1.29003 1
58 88 1 -1.7504 1
58 89 1 -1.94325 1
58 90 1 -2.28848 1
58 91 1 0.337691 1
58 92 1 2.13607 1
58 93 1 1.93264 1
58 94 1 -2.49994 1
58 95 1 1.36817 1
58 128 1 0.219901 1
128 79 1 0.792624 0
128 131 1 0.597312 1
131 79 1 -0.147633 1
59 64 1 -1.98993 1
59 65 1 0.869115 1
59 66 1 0.675745 1
59 67 1 -2.92385 1
59 68 1 1.22418 1
59 69 1 -1.15061 1
59 70 1 -1.88317 1
59 71 1 4.61555 1
59 72 1 -0.241351 1
59 73 1 -1.17142 1
59 74 1 0.0440233 1
59 75 1 -1.02903 1
59 76 1 1.94305 1
59 77 1 0.491224 0
59 78 1 0.903116 1
59 79 1 -2.20703 1
59 80 1 0.735867 1
59 81 1 0.194645 1
59 82 1 -4.4671 1
59 83 1 3.22911 1
59 84 1 -1.57153 1
59 85 1 -1.70461 1
59 86 1 -2.55908 1
59 87 1 1.48262 1
59 88 1 5.08651 1
59 89 1 -1.52629 1
59 90 1 0.406494 1
59 91 1 -1.48602 1
59 92 1 0.634732 1
59 93 1 1.77388 1
59 94 1 -4.59509 1
59 95 1 1.62237 1
59 97 1 1.52251 1
59 5 1 -2.53075 1
59 11 1 -1.26589 1
59 13 1 1.43069 1
97 77 1 -5.52125 1
97 22 1 -2.47956 1
97 2 1 -4.74616 0
97 99 1 1.52591 1
97 7 1 3.13306 0
97 102 1 2.18223 1
97 17 1 2.00189 1
102 7 1 4.18964 1
99 2 1 3.09434 0
99 108 1 4.58158 1
99 15 1 -0.641497 1
108 2 1 -1.20608 0
108 125 1 4.20699 1
125 2 1 -0.233337 1
60 64 1 1.63244 1
60 65 1 -1.55558 1
60 66 1 -1.4363 1
60 67 1 -0.407582 1
60 68 1 1.01958 1
60 69 1 0.146951 1
60 70 1 -2.3604 1
60 71 1 -0.00433095 1
60 72 1 1.38719 0
60 73 1 -0.765123 1
60 74 1 0.470606 1
60 75 1 -0.513096 1
60 76 1 1.71661 1
60 77 1 3.87123 1
60 78 1 0.310742 1
60 79 1 0.796926 1
60 80 1 -3.97592 1
60 81 1 -1.87756 1
60 82 1 -1.34289 1
60 83 1 -0.143196 1
60 84 1 -3.02802 1
60 85 1 2.47429 1
60 86 1 1.13181 1
60 87 1 -0.570332 1
60 88 1 -4.71521 1
60 89 1 -0.931891 1
60 90 1 -2.23364 1
60 91 1 0.472053 1
60 92 1 0.993601 1
60 93 1 2.675 1
60 94 1 1.17217 1
60 95 1 0.862162 1
60 24 1 -2.72837 1
60 0 1 1.79361 1
60 115 1 1.76952 1
60 3 1 -0.0127473 1
115 72 1 -1.38062 1
115 18 1 0.853983 1
115 22 1 0.953999 1
61 64 1 0.626873 1
61 65 1 0.379919 1
61 66 1 0.800003 1
61 67 1 -0.223422 1
61 68 1 -4.37523 1
61 69 1 2.20351 1
61 70 1 -0.413361 1
61 71 1 -0.762849 1
61 72 1 -1.27443 1
61 73 1 0.975599 1
61 74 1 1.20697 1
61 75 1 3.03058 1
61 76 1 -0.690959 1
61 77 1 -0.442182 0
61 78 1 0.309079 1
61 79 1 -0.82116 1
61 80 1 -0.59279 1
61 81 1 -0.596244 1
61 82 1 -0.290618 1
61 83 1 0.656402 1
61 84 1 -1.61825 1
61 85 1 0.817418 1
61 86 1 -0.298657 1
61 87 1 1.95342 1
61 88 1 0.971165 1
61 89 1 1.51714 1
61 90 1 0.878223 1
61 91 1 2.17138 1
61 92 1 -1.87353 1
61 93 1 -0.279421 1
61 94 1 1.13059 1
61 95 1 -2.40383 1
61 107 1 0.79608 1
61 113 1 -3.78038 1
107 77 1 -5.23263 0
107 113 1 1.91502 1
107 14 1 -1.41131 1
113 77 1 -3.35924 1
113 23 1 -0.778753 1
62 64 1 1.42481 1
62 65 1 -3.35936 1
62 66 1 2.82726 1
62 67 1 -1.31845 1
62 68 1 2.67362 1
62 69 1 -0.9341 1
62 70 1 2.01699 1
62 71 1 -1.92328 1
62 72 1 -0.425206 1
62 73 1 1.40811 1
62 74 1 2.54007 1
62 75 1 -1.00873 1
62 76 1 3.7195 1
62 77 1 -3.89115 1
62 78 1 -1.69243 1
62 79 1 -0.785327 1
62 80 1 -1.81682 1
62 81 1 -0.79759 1
62 82 1 -1.95289 1
62 83 1 1.29988 1
62 84 1 -0.798913 0
62 85 1 -0.342186 1
62 86 1 3.94637 1
62 87 1 -1.83972 1
62 88 1 0.811921 1
62 89 1 -1.54234 1
62 90 1 -5.65731 1
62 91 1 0.679899 1
62 92 1 -0.176937 1
62 93 1 1.49368 1
62 94 1 1.36847 1
62 95 1 -0.162059 1
62 5 1 2.27365 1
62 138 1 1.62971 1
138 84 1 0.33018 1
63 64 1 2.68538 1
63 65 1 -1.32331 1
63 66 1 2.79818 1
63 67 1 0.626196 1
63 68 1 -1.03429 1
63 69 1 -3.51343 1
63 70 1 -1.22921 1
63 71 1 2.70319 1
63 72 1 -0.901309 1
63 73 1 0.544043 1
63 74 1 -5.42969 1
63 75 1 1.71065 1
63 76 1 -1.47067 0
63 77 1 1.55376 1
63 78 1 0.311854 1
63 79 1 0.576189 1
63 80 1 0.692108 1
63 81 1 0.00527162 1
63 82 1 -0.13559 1
63 83 1 -1.20522 1
63 84 1 -3.80519 1
63 85 1 -3.87637 1
63 86 1 5.48319 1
63 87 1 -3.43585 0
63 88 1 0.947312 1
63 89 1 -1.05608 1
63 90 1 2.75886 1
63 91 1 -1.25229 1
63 92 1 -1.01131 1
63 93 1 2.45933 1
63 94 1 -2.99275 1
63 95 1 0.655269 1
63 141 1 0.671061 1
63 144 1 0.647223 1
144 76 1 -2.37038 0
144 147 1 0.137446 1
147 76 1 -2.00519 1
141 87 1 -5.91053 1
141 10 1 -0.180091 1
