149 64 32
2.36289 0.167571 -6.24233 5.49769 -2.78558 1.70785 -0.0321155 0.182521 0.14857 1.89007 2.17182 2.90647 -2.54723 -3.66869 -1.21843 -2.62166 -0.658079 0.761799 -0.345648 -0.131676 -2.38388 0.304535 -0.97521 0.352096 -4.18661 0.160606 3.74771 1.93734 -1.53804 -2.88287 -5.46512 2.25703 -1.49216 0.470321 1.09812 2.36905 -1.98814 -1.50945 0.334587 -0.865284 -2.2289 -0.196688 0.185043 -4.16537 -2.55631 -0.492255 -2.65134 2.59953 -0.0143173 2.36711 0.762223 -3.03021 -2.55972 0.794304 -0.880405 4.46733 -2.04508 0.0498963 0.955966 -2.5189 1.43 -1.54971 -0.865985 -3.68705 -4.05082 0.123303 4.07973 2.28192 -3.07684 1.54045 -2.69327 -0.477947 -2.15365 -2.05323 3.05 2.50836 -2.05066 -1.27153 1.45431 -3.2005 -0.0444905 -0.649074 -2.28902 0.646168 2.1218 -0.865257 -2.23499 1.22436 4.53455 0.249105 -2.32862 3.35761 -1.00849 1.00684 1.40811 -1.41476 -0.515078 0.0849979 -0.278027 0.565571 3.59794 -3.49507 -5.00537 -2.56216 -2.32736 1.22206 -1.23932 -3.82774 -1.56788 0.455432 -1.33498 2.54973 3.16475 -2.7149 0.336518 -0.927013 -3.45131 -0.996903 -1.21612 -1.232 1.50773 0.1833 0.115454 1.83451 0.623607 2.14782 1.17195 0.456938 1.76622 2.15135 -0.372645 -0.877162 -0.79393 -0.0534186 0.11682 -0.64374 -0.352548 -1.30314 -1.41466 -0.754877 1.08004 -0.334858 -0.739991 0.486247 0.479877 -0.605019 0.670173 0.622713 1.19538 
0 64 1 -3.91651 1
0 65 1 1.84539 1
0 66 1 2.00909 1
0 67 1 -0.79911 1
0 68 1 -1.86916 1
0 69 1 1.59853 1
0 70 1 0.108084 1
0 71 1 -1.26166 1
0 72 1 0.891798 1
0 73 1 -1.00088 1
0 74 1 -3.93656 1
0 75 1 1.42992 1
0 76 1 2.47041 1
0 77 1 1.81117 1
0 78 1 -2.7826 1
0 79 1 3.66829 1
0 80 1 1.67692 1
0 81 1 2.27995 1
0 82 1 3.34279 1
0 83 1 1.74789 1
0 84 1 -2.97654 1
0 85 1 3.35517 1
0 86 1 -3.06216 1
0 87 1 -1.90065 1
0 88 1 0.51451 1
0 89 1 1.53617 1
0 90 1 4.91496 1
0 91 1 5.2165 1
0 92 1 -1.99193 1
0 93 1 -0.719191 1
0 94 1 0.240515 1
0 95 1 0.280177 1
0 10 1 -2.38237 1
1 64 1 -1.83355 1
1 65 1 -1.81099 1
1 66 1 1.51067 1
1 67 1 -3.07751 1
1 68 1 4.97438 1
1 69 1 -1.07747 1
1 70 1 1.34595 1
1 71 1 -1.63758 1
1 72 1 -1.56553 1
1 73 1 -1.6081 1
1 74 1 -3.89478 1
1 75 1 2.86968 1
1 76 1 -0.360286 1
1 77 1 4.72808 1
1 78 1 -1.88048 1
1 79 1 -0.0993884 1
1 80 1 -3.62683 1
1 81 1 1.35241 1
1 82 1 -1.51532 1
1 83 1 -5.93588 1
1 84 1 -0.414228 1
1 85 1 -0.273562 1
1 86 1 1.93033 1
1 87 1 -1.4251 1
1 88 1 -0.636524 1
1 89 1 3.08198 1
1 90 1 -1.58218 1
1 91 1 -2.36738 1
1 92 1 -0.0658002 1
1 93 1 0.078467 1
1 94 1 -1.97758 1
1 95 1 -4.32295 1
1 27 1 0.163323 1
2 64 1 0.0783484 1
2 65 1 2.23474 1
2 66 1 -3.19218 1
2 67 1 -1.80766 1
2 68 1 -1.06762 1
2 69 1 2.21294 1
2 70 1 -1.09865 1
2 71 1 2.93102 1
2 72 1 -2.2273 1
2 73 1 -3.27565 1
2 74 1 -3.8236 1
2 75 1 -1.0206 1
2 76 1 -4.06243 1
2 77 1 0.351051 1
2 78 1 -2.30311 1
2 79 1 -3.93991 1
2 80 1 -3.45855 1
2 81 1 -3.53972 1
2 82 1 0.264371 1
2 83 1 -1.64134 1
2 84 1 0.18533 1
2 85 1 2.41447 1
2 86 1 -0.794867 1
2 87 1 -0.512029 1
2 88 1 -0.192252 1
2 89 1 -3.85695 1
2 90 1 -2.44363 1
2 91 1 -1.82879 1
2 92 1 2.76403 1
2 93 1 -3.85128 1
2 94 1 2.63011 1
2 95 1 -0.935086 1
2 100 1 -1.13096 1
2 6 1 4.06118 1
2 110 1 0.142119 1
3 64 1 -2.44914 1
3 65 1 -0.550664 1
3 66 1 -1.04975 1
3 67 1 1.71296 1
3 68 1 3.69448 1
3 69 1 -3.81688 1
3 70 1 0.53699 1
3 71 1 0.398472 1
3 72 1 6.64309 1
3 73 1 -0.707675 1
3 74 1 1.37078 1
3 75 1 2.48409 1
3 76 1 1.35307 1
3 77 1 -1.82374 1
3 78 1 -0.788386 1
3 79 1 -0.462297 1
3 80 1 -1.82494 1
3 81 1 -0.530639 1
3 82 1 5.59828 1
3 83 1 1.15368 1
3 84 1 1.11266 1
3 85 1 -2.61228 1
3 86 1 -0.178345 1
3 87 1 2.07812 1
3 88 1 -0.417079 1
3 89 1 1.89266 1
3 90 1 1.15736 1
3 91 1 0.493206 1
3 92 1 0.824201 1
3 93 1 -2.80518 1
3 94 1 -3.23438 1
3 95 1 0.848157 0
3 110 1 1.52194 1
110 95 1 -1.7742 0
110 111 1 -0.483316 0
110 132 1 2.61395 1
132 111 1 2.34705 1
111 95 1 -2.76124 1
4 64 1 1.53228 1
4 65 1 -0.736162 1
4 66 1 -1.29342 1
4 67 1 2.95413 1
4 68 1 -1.45218 1
4 69 1 2.40871 1
4 70 1 -0.22798 1
4 71 1 0.103547 1
4 72 1 1.28123 1
4 73 1 -0.161204 0
4 74 1 0.0287745 1
4 75 1 -5.35059 0
4 76 1 1.65948 1
4 77 1 3.25037 1
4 78 1 1.85466 1
4 79 1 2.37132 1
4 80 1 -2.66396 1
4 81 1 -0.028749 1
4 82 1 0.906702 1
4 83 1 -3.66357 1
4 84 1 -0.34285 1
4 85 1 3.01377 1
4 86 1 1.82472 1
4 87 1 -0.177806 1
4 88 1 -2.49812 1
4 89 1 -0.0441983 1
4 90 1 3.25718 1
4 91 1 -4.76551 1
4 92 1 -0.391676 1
4 93 1 1.13717 0
4 94 1 -2.36284 1
4 95 1 2.4768 1
4 101 1 2.97201 1
4 17 1 2.20555 1
4 118 1 1.33525 1
4 145 1 -0.850612 1
145 93 1 1.09991 1
118 73 1 -2.43269 1
101 75 1 1.85155 1
5 64 1 -2.00849 1
5 65 1 1.97778 1
5 66 1 -2.7505 1
5 67 1 5.54748 1
5 68 1 2.81249 1
5 69 1 3.1249 1
5 70 1 -3.40708 1
5 71 1 -0.305315 1
5 72 1 0.369514 1
5 73 1 -2.20613 1
5 74 1 -1.65325 1
5 75 1 2.39546 1
5 76 1 2.74163 1
5 77 1 0.527255 1
5 78 1 -0.19296 1
5 79 1 -0.244959 1
5 80 1 2.37433 1
5 81 1 -1.47308 1
5 82 1 -0.0242138 1
5 83 1 5.35152 1
5 84 1 1.74256 1
5 85 1 2.72775 1
5 86 1 -3.65908 1
5 87 1 0.330153 1
5 88 1 -2.60837 1
5 89 1 -2.72598 1
5 90 1 -2.69501 1
5 91 1 -0.720588 1
5 92 1 -1.7057 1
5 93 1 1.77924 1
5 94 1 -2.37843 1
5 95 1 -0.0367087 1
6 64 1 0.627894 1
6 65 1 -0.353829 1
6 66 1 3.05113 1
6 67 1 2.37187 1
6 68 1 -4.28373 1
6 69 1 -0.817323 1
6 70 1 -1.06941 1
6 71 1 0.172178 1
6 72 1 1.88562 1
6 73 1 -3.02499 1
6 74 1 -3.95074 1
6 75 1 1.30038 1
6 76 1 3.7008 1
6 77 1 0.12373 1
6 78 1 -2.78557 1
6 79 1 -2.85016 1
6 80 1 3.12253 1
6 81 1 0.304715 1
6 82 1 1.94038 1
6 83 1 1.31736 1
6 84 1 1.47559 1
6 85 1 -2.86654 1
6 86 1 -1.03571 1
6 87 1 3.56795 1
6 88 1 -2.48557 1
6 89 1 -2.16879 1
6 90 1 3.61842 1
6 91 1 -0.575582 1
6 92 1 2.7469 1
6 93 1 -2.82088 1
6 94 1 -3.22984 1
6 95 1 1.36871 1
6 26 1 0.514992 1
7 64 1 3.03269 1
7 65 1 0.995849 1
7 66 1 -1.02891 1
7 67 1 -3.80187 1
7 68 1 -2.2594 1
7 69 1 -0.942448 1
7 70 1 4.86995 1
7 71 1 0.673263 1
7 72 1 2.36052 1
7 73 1 -0.468636 1
7 74 1 -1.7913 1
7 75 1 -2.07054 1
7 76 1 2.85953 1
7 77 1 -0.767295 1
7 78 1 2.22415 1
7 79 1 1.77896 1
7 80 1 -0.547384 1
7 81 1 1.09542 1
7 82 1 -4.75568 0
7 83 1 2.30547 0
7 84 1 -2.09129 1
7 85 1 3.13459 1
7 86 1 0.467286 1
7 87 1 3.46278 1
7 88 1 -2.26407 1
7 89 1 -2.69617 1
7 90 1 -0.768355 1
7 91 1 -2.5573 1
7 92 1 1.51489 1
7 93 1 -1.45783 1
7 94 1 0.122477 1
7 95 1 3.0288 1
7 100 1 -0.980806 1
7 127 1 0.999079 1
127 82 1 -3.59944 1
100 83 1 1.4581 1
100 24 1 -0.744963 0
100 106 1 4.09072 1
106 24 1 -4.99169 1
106 6 1 0.0832259 1
8 64 1 2.28512 1
8 65 1 -3.38105 1
8 66 1 -0.0506824 1
8 67 1 1.43324 1
8 68 1 -0.881738 1
8 69 1 3.21851 1
8 70 1 0.927075 1
8 71 1 3.57615 1
8 72 1 2.4491 1
8 73 1 0.675152 1
8 74 1 -0.878932 1
8 75 1 -2.02739 1
8 76 1 -0.943899 1
8 77 1 2.95693 1
8 78 1 -0.191103 1
8 79 1 -2.01529 1
8 80 1 0.332981 1
8 81 1 -0.136923 1
8 82 1 0.180981 1
8 83 1 -3.77783 1
8 84 1 5.24739 1
8 85 1 7.64736 1
8 86 1 5.18393 1
8 87 1 0.749673 1
8 88 1 0.814289 1
8 89 1 3.13834 1
8 90 1 -0.939936 1
8 91 1 -0.239457 1
8 92 1 3.55271 1
8 93 1 5.06658 1
8 94 1 5.26419 1
8 95 1 0.840457 1
8 17 1 -1.42773 1
9 64 1 -2.3617 1
9 65 1 -3.6104 1
9 66 1 0.567478 1
9 67 1 1.11879 1
9 68 1 -0.855064 1
9 69 1 0.411281 1
9 70 1 -5.07561 1
9 71 1 0.123545 1
9 72 1 3.13351 1
9 73 1 -2.29133 1
9 74 1 0.346432 1
9 75 1 0.233141 1
9 76 1 2.53854 1
9 77 1 -0.225767 1
9 78 1 2.93333 1
9 79 1 1.88359 1
9 80 1 -1.67599 1
9 81 1 0.658389 1
9 82 1 -2.4088 1
9 83 1 0.403414 1
9 84 1 3.23733 1
9 85 1 2.76901 1
9 86 1 -1.47807 1
9 87 1 1.26717 1
9 88 1 0.85989 1
9 89 1 6.01067 1
9 90 1 -1.17128 1
9 91 1 0.177761 1
9 92 1 -1.2894 1
9 93 1 -1.02751 1
9 94 1 -2.81427 1
9 95 1 0.70604 1
9 103 1 -1.05765 1
9 130 1 -0.214307 1
10 64 1 0.933493 1
10 65 1 0.0778866 1
10 66 1 4.94372 1
10 67 1 -5.15043 1
10 68 1 3.74273 1
10 69 1 -0.485712 1
10 70 1 -0.266002 1
10 71 1 -1.98873 1
10 72 1 3.82785 1
10 73 1 2.75421 1
10 74 1 0.584968 0
10 75 1 0.155128 1
10 76 1 1.74601 1
10 77 1 0.427224 1
10 78 1 -0.57162 1
10 79 1 -4.68313 1
10 80 1 -1.98941 1
10 81 1 2.83645 1
10 82 1 2.73823 1
10 83 1 1.38748 1
10 84 1 3.74055 1
10 85 1 3.32847 1
10 86 1 -1.78361 1
10 87 1 0.0880097 1
10 88 1 2.69585 1
10 89 1 -0.353209 1
10 90 1 -0.40989 1
10 91 1 2.65818 1
10 92 1 0.193096 1
10 93 1 -1.32222 1
10 94 1 4.0585 1
10 95 1 5.31272 1
10 124 1 1.55916 1
124 74 1 0.4843 1
11 64 1 3.2929 1
11 65 1 1.45936 1
11 66 1 2.9898 1
11 67 1 -0.601828 1
11 68 1 4.70543 1
11 69 1 0.441607 1
11 70 1 2.81738 1
11 71 1 0.968033 1
11 72 1 -1.9461 1
11 73 1 1.21868 1
11 74 1 -0.544586 0
11 75 1 -1.2065 1
11 76 1 -1.83557 1
11 77 1 -0.403211 1
11 78 1 -1.52111 1
11 79 1 -1.1703 1
11 80 1 -1.82661 1
11 81 1 0.87497 1
11 82 1 4.60763 1
11 83 1 1.04472 1
11 84 1 2.65752 1
11 85 1 -1.63516 1
11 86 1 -5.02999 1
11 87 1 -1.40206 1
11 88 1 -2.28203 1
11 89 1 0.0408602 1
11 90 1 -1.56982 1
11 91 1 0.358726 1
11 92 1 -2.86404 1
11 93 1 3.31343 1
11 94 1 -1.48453 1
11 95 1 -4.05313 1
11 120 1 -3.84686 1
11 109 1 1.59026 1
120 74 1 -0.88176 1
12 64 1 0.0221562 1
12 65 1 0.62774 1
12 66 1 -2.55645 1
12 67 1 -3.64524 1
12 68 1 -0.023752 1
12 69 1 1.15293 1
12 70 1 -0.0770304 1
12 71 1 1.92147 1
12 72 1 1.46875 1
12 73 1 -4.61137 1
12 74 1 -4.81582 1
12 75 1 -1.43608 1
12 76 1 0.211575 1
12 77 1 0.0168316 1
12 78 1 0.52392 1
12 79 1 -1.03707 1
12 80 1 -1.77043 1
12 81 1 -1.24536 1
12 82 1 3.07238 1
12 83 1 -0.792224 1
12 84 1 0.977584 1
12 85 1 -1.03652 1
12 86 1 0.615622 1
12 87 1 0.763755 1
12 88 1 -3.03526 1
12 89 1 2.81479 1
12 90 1 -1.07764 1
12 91 1 -1.69713 1
12 92 1 1.14967 1
12 93 1 -2.8508 1
12 94 1 2.08181 1
12 95 1 -2.34784 1
12 17 1 0.644063 1
12 18 1 0.254652 1
13 64 1 0.217242 1
13 65 1 -3.94148 1
13 66 1 -1.11138 1
13 67 1 1.58355 1
13 68 1 2.03865 1
13 69 1 -3.08124 1
13 70 1 1.43159 1
13 71 1 0.896089 1
13 72 1 1.54944 1
13 73 1 -3.26482 1
13 74 1 -1.89851 1
13 75 1 -0.960401 1
13 76 1 -0.525463 1
13 77 1 -2.10535 1
13 78 1 0.980994 1
13 79 1 1.24617 1
13 80 1 1.50175 1
13 81 1 0.764339 1
13 82 1 -0.358719 1
13 83 1 0.421413 1
13 84 1 -2.58893 1
13 85 1 5.92478 1
13 86 1 6.01775 1
13 87 1 6.75641 1
13 88 1 2.79842 1
13 89 1 0.567909 1
13 90 1 -4.9895 1
13 91 1 -3.75854 1
13 92 1 -1.30869 1
13 93 1 -4.46772 1
13 94 1 0.0524375 1
13 95 1 -2.88295 1
14 64 1 -1.45156 1
14 65 1 4.58365 1
14 66 1 1.39231 1
14 67 1 -0.709195 1
14 68 1 -3.06387 1
14 69 1 3.64289 1
14 70 1 -2.15721 1
14 71 1 1.42496 1
14 72 1 1.92305 1
14 73 1 -1.29309 1
14 74 1 0.650662 1
14 75 1 2.07688 1
14 76 1 -0.532007 1
14 77 1 1.03185 1
14 78 1 -1.51383 1
14 79 1 -0.964441 1
14 80 1 -1.77342 1
14 81 1 0.264779 0
14 82 1 5.69067 1
14 83 1 -0.948439 1
14 84 1 0.400967 1
14 85 1 -2.37601 1
14 86 1 2.28562 1
14 87 1 -2.34839 1
14 88 1 -0.910239 1
14 89 1 -0.753665 1
14 90 1 1.1458 1
14 91 1 4.20255 1
14 92 1 2.42927 1
14 93 1 1.31283 1
14 94 1 5.52709 1
14 95 1 0.0734956 1
14 104 1 -2.4033 1
14 119 1 1.76005 1
119 81 1 4.31847 1
119 99 1 -1.33655 1
15 64 1 0.556154 1
15 65 1 1.68131 1
15 66 1 -2.50723 1
15 67 1 -2.00146 1
15 68 1 -0.469405 1
15 69 1 -2.49425 1
15 70 1 7.32281 1
15 71 1 -0.761999 1
15 72 1 -0.412699 1
15 73 1 -1.11963 1
15 74 1 2.03605 1
15 75 1 -0.314108 1
15 76 1 -0.722128 1
15 77 1 1.09421 1
15 78 1 -1.37187 1
15 79 1 -0.831791 1
15 80 1 1.40945 1
15 81 1 0.938254 1
15 82 1 -2.50147 1
15 83 1 -0.439498 1
15 84 1 2.21484 1
15 85 1 -0.967937 1
15 86 1 1.68123 1
15 87 1 -4.43792 1
15 88 1 0.596096 1
15 89 1 1.90217 1
15 90 1 0.116189 1
15 91 1 -4.82913 1
15 92 1 1.38864 1
15 93 1 -0.722245 1
15 94 1 1.87542 1
15 95 1 2.66941 1
16 64 1 3.51345 1
16 65 1 -0.313006 1
16 66 1 -4.22687 1
16 67 1 -4.04694 1
16 68 1 1.48292 1
16 69 1 0.746154 1
16 70 1 2.72041 1
16 71 1 3.99208 1
16 72 1 -0.268643 1
16 73 1 -1.77817 1
16 74 1 0.897755 1
16 75 1 1.20464 1
16 76 1 0.0883909 1
16 77 1 1.34327 1
16 78 1 -1.45641 1
16 79 1 -1.42643 1
16 80 1 0.815234 1
16 81 1 3.36176 1
16 82 1 -1.55294 1
16 83 1 2.66876 1
16 84 1 -1.3713 1
16 85 1 -0.667976 1
16 86 1 -1.83255 1
16 87 1 -1.19592 1
16 88 1 0.860097 1
16 89 1 0.00527629 1
16 90 1 -0.506146 1
16 91 1 2.96813 1
16 92 1 4.68367 1
16 93 1 -1.82528 1
16 94 1 -0.800709 1
16 95 1 -1.19288 1
16 26 1 -1.32328 1
17 64 1 -3.63484 1
17 65 1 -1.62524 1
17 66 1 -2.62775 1
17 67 1 4.62624 1
17 68 1 -1.37587 1
17 69 1 -0.531627 1
17 70 1 1.14083 1
17 71 1 1.7295 1
17 72 1 -6.03196 0
17 73 1 0.48758 1
17 74 1 3.16386 1
17 75 1 1.12841 1
17 76 1 -1.24859 1
17 77 1 2.6087 1
17 78 1 0.845916 1
17 79 1 -3.85632 1
17 80 1 4.16835 1
17 81 1 2.13277 1
17 82 1 -0.734798 1
17 83 1 -2.05803 1
17 84 1 -3.70677 1
17 85 1 1.61511 1
17 86 1 1.66714 1
17 87 1 -1.94902 1
17 88 1 -6.10753 1
17 89 1 1.99618 1
17 90 1 -3.2736 1
17 91 1 6.37312 1
17 92 1 0.542749 1
17 93 1 3.78983 1
17 94 1 2.56934 1
17 95 1 0.0681194 1
17 146 1 0.984078 1
146 72 1 -6.46302 1
18 64 1 2.35637 1
18 65 1 -0.977046 1
18 66 1 2.33942 1
18 67 1 0.696991 1
18 68 1 -1.3588 1
18 69 1 0.438416 1
18 70 1 2.0007 1
18 71 1 -0.00552847 1
18 72 1 2.04688 1
18 73 1 -0.675577 1
18 74 1 1.61067 1
18 75 1 0.426108 1
18 76 1 3.39946 1
18 77 1 -0.562575 1
18 78 1 2.94042 1
18 79 1 0.561621 1
18 80 1 -4.82062 1
18 81 1 2.13754 1
18 82 1 -3.11257 1
18 83 1 2.39207 1
18 84 1 -1.65072 1
18 85 1 1.02472 1
18 86 1 4.17838 1
18 87 1 -1.7466 1
18 88 1 1.28578 1
18 89 1 -2.90338 1
18 90 1 0.793126 1
18 91 1 2.55818 1
18 92 1 -2.29193 1
18 93 1 1.14011 1
18 94 1 -1.83902 1
18 95 1 0.58066 1
18 25 1 -0.0465012 1
18 18 1 -0.12384 1
18 139 1 -0.392157 1
19 64 1 3.8865 1
19 65 1 -2.00025 1
19 66 1 3.42089 1
19 67 1 -0.05712 1
19 68 1 -2.64794 1
19 69 1 1.58025 1
19 70 1 -1.56258 1
19 71 1 -2.18151 1
19 72 1 4.02223 1
19 73 1 1.21802 1
19 74 1 -0.738371 1
19 75 1 1.02444 1
19 76 1 -2.05133 1
19 77 1 -1.84733 1
19 78 1 -4.36993 1
19 79 1 3.26643 1
19 80 1 0.665242 1
19 81 1 -4.18639 1
19 82 1 1.04167 1
19 83 1 -4.0621 1
19 84 1 0.371783 1
19 85 1 0.791898 1
19 86 1 0.65016 1
19 87 1 2.2103 1
19 88 1 0.832344 1
19 89 1 4.05559 1
19 90 1 -0.65918 1
19 91 1 0.638167 1
19 92 1 -0.0416837 1
19 93 1 -3.75357 1
19 94 1 -1.12692 1
19 95 1 -5.14075 1
20 64 1 1.57783 1
20 65 1 -0.918823 1
20 66 1 -1.29656 1
20 67 1 1.48793 1
20 68 1 -0.699543 1
20 69 1 -0.553836 1
20 70 1 -3.24056 1
20 71 1 2.85339 1
20 72 1 1.26839 1
20 73 1 2.46985 1
20 74 1 2.69882 1
20 75 1 2.75955 1
20 76 1 0.256247 1
20 77 1 -0.188999 1
20 78 1 3.12814 1
20 79 1 1.56923 1
20 80 1 -0.0307658 1
20 81 1 0.750629 1
20 82 1 3.08934 1
20 83 1 0.465456 1
20 84 1 0.462267 1
20 85 1 -3.5611 1
20 86 1 -0.122527 1
20 87 1 -1.87859 1
20 88 1 1.82931 1
20 89 1 1.18405 1
20 90 1 2.84827 1
20 91 1 1.00374 0
20 92 1 -1.01178 1
20 93 1 0.120383 0
20 94 1 3.03228 0
20 95 1 -0.128455 1
20 96 1 -3.72336 1
20 98 1 -0.178677 1
20 103 1 0.505834 1
20 109 1 0.44015 1
103 91 1 1.19783 0
103 105 1 1.26164 1
103 112 1 -0.655443 0
103 123 1 0.793757 1
103 140 1 -1.35711 1
140 112 1 1.19372 1
123 91 1 1.4166 1
123 113 1 0.953939 0
123 136 1 0.523301 1
123 137 1 -0.297174 1
136 113 1 -0.952682 1
105 91 1 1.71619 0
105 129 1 -0.0936739 1
129 91 1 -0.354192 0
129 135 1 1.02842 1
129 116 1 -0.130486 1
135 91 1 -0.485084 1
98 93 1 0.639736 1
98 99 1 4.98987 1
98 15 1 0.246401 1
96 94 1 1.51802 1
96 20 1 -0.685602 1
21 64 1 1.14722 1
21 65 1 5.21187 1
21 66 1 -3.77992 1
21 67 1 -3.4655 1
21 68 1 -1.64163 1
21 69 1 2.37254 1
21 70 1 -1.69424 1
21 71 1 -3.47995 1
21 72 1 -6.73461 1
21 73 1 -0.506492 1
21 74 1 -1.87061 1
21 75 1 1.9564 1
21 76 1 -0.607632 1
21 77 1 -0.310483 1
21 78 1 -1.77394 1
21 79 1 -1.156 1
21 80 1 1.49711 1
21 81 1 -1.14245 1
21 82 1 -2.32797 1
21 83 1 0.450642 1
21 84 1 4.17688 1
21 85 1 -1.31061 1
21 86 1 2.46531 1
21 87 1 -0.78358 1
21 88 1 2.19437 1
21 89 1 0.0240467 1
21 90 1 -1.31003 1
21 91 1 0.298953 0
21 92 1 1.75628 1
21 93 1 -0.26385 1
21 94 1 -3.7342 1
21 95 1 -0.783166 1
21 143 1 1.8811 1
143 91 1 -0.369125 1
22 64 1 1.85087 1
22 65 1 1.58514 1
22 66 1 0.243951 1
22 67 1 4.71737 1
22 68 1 -1.01273 1
22 69 1 -1.65872 1
22 70 1 -1.82123 1
22 71 1 1.13693 1
22 72 1 -2.92381 1
22 73 1 -0.127023 1
22 74 1 -2.67592 1
22 75 1 -0.600429 1
22 76 1 0.997971 1
22 77 1 0.112657 1
22 78 1 4.42927 1
22 79 1 5.80558 1
22 80 1 -1.38577 1
22 81 1 -2.16657 1
22 82 1 0.0913196 1
22 83 1 -1.05869 1
22 84 1 -1.66978 1
22 85 1 0.360181 1
22 86 1 0.351122 1
22 87 1 3.86782 1
22 88 1 -2.58906 1
22 89 1 -1.71338 1
22 90 1 1.29394 1
22 91 1 -0.0528767 1
22 92 1 1.15714 1
22 93 1 1.62024 1
22 94 1 3.93846 1
22 95 1 3.26673 1
23 64 1 -2.08498 1
23 65 1 1.35345 1
23 66 1 0.415051 1
23 67 1 2.97836 1
23 68 1 -2.64156 1
23 69 1 1.73175 1
23 70 1 4.18437 1
23 71 1 -3.5999 1
23 72 1 1.21877 1
23 73 1 0.39596 1
23 74 1 1.45418 1
23 75 1 -0.138386 1
23 76 1 2.98585 1
23 77 1 3.93638 1
23 78 1 0.111365 1
23 79 1 -4.32471 1
23 80 1 0.651231 1
23 81 1 0.463194 1
23 82 1 -2.0075 1
23 83 1 1.38845 1
23 84 1 4.46238 1
23 85 1 -1.86269 1
23 86 1 -8.30029 1
23 87 1 0.425559 1
23 88 1 1.99677 1
23 89 1 -1.13735 1
23 90 1 -2.41113 1
23 91 1 -1.3946 1
23 92 1 0.296179 1
23 93 1 2.03455 1
23 94 1 -1.0189 1
23 95 1 0.180316 1
23 107 1 0.571901 1
23 27 1 0.0342216 1
24 64 1 -2.40589 1
24 65 1 1.93219 1
24 66 1 -1.01843 1
24 67 1 5.68719 1
24 68 1 -5.10312 1
24 69 1 3.98737 1
24 70 1 0.0961395 1
24 71 1 3.6143 1
24 72 1 1.06734 1
24 73 1 1.68095 1
24 74 1 0.346073 1
24 75 1 0.530612 1
24 76 1 -0.827256 1
24 77 1 -0.23516 1
24 78 1 -3.99504 1
24 79 1 -0.71574 1
24 80 1 3.2292 1
24 81 1 0.910886 1
24 82 1 2.76689 1
24 83 1 -4.22358 1
24 84 1 -2.64285 1
24 85 1 -1.18811 1
24 86 1 -3.364 1
24 87 1 2.08309 1
24 88 1 -3.24038 1
24 89 1 7.21429 1
24 90 1 3.51942 1
24 91 1 -3.67171 1
24 92 1 0.197811 1
24 93 1 -0.87285 1
24 94 1 -0.867933 1
24 95 1 -0.387223 1
24 5 1 1.02899 1
25 64 1 1.5436 1
25 65 1 1.91516 1
25 66 1 0.409686 1
25 67 1 -0.906058 1
25 68 1 4.14247 1
25 69 1 -3.80098 1
25 70 1 1.32142 0
25 71 1 -4.25206 1
25 72 1 1.85916 1
25 73 1 0.129277 1
25 74 1 2.10733 1
25 75 1 -0.464616 1
25 76 1 -1.25878 1
25 77 1 0.482856 1
25 78 1 3.12065 1
25 79 1 -0.976083 1
25 80 1 -0.50508 1
25 81 1 -3.9545 1
25 82 1 -0.730732 1
25 83 1 3.61035 1
25 84 1 -2.6027 1
25 85 1 -2.05722 1
25 86 1 1.06088 1
25 87 1 0.838395 1
25 88 1 0.248638 1
25 89 1 2.30697 1
25 90 1 -3.35672 1
25 91 1 2.22263 1
25 92 1 1.60273 1
25 93 1 -0.42654 1
25 94 1 0.25506 1
25 95 1 -3.59337 1
25 8 1 1.50398 1
25 6 1 -2.07611 1
25 121 1 -1.43909 1
121 70 1 6.20472 1
26 64 1 -3.84326 1
26 65 1 2.54358 1
26 66 1 0.488586 1
26 67 1 0.952711 1
26 68 1 1.09171 1
26 69 1 2.91621 1
26 70 1 -2.19809 1
26 71 1 0.222181 1
26 72 1 -2.20714 1
26 73 1 0.242391 1
26 74 1 -3.3999 1
26 75 1 3.15988 1
26 76 1 0.316776 1
26 77 1 -3.68233 1
26 78 1 2.99285 1
26 79 1 -0.281193 1
26 80 1 -0.00275031 1
26 81 1 3.397 1
26 82 1 0.463679 1
26 83 1 1.42506 1
26 84 1 -3.25271 1
26 85 1 0.370578 1
26 86 1 -4.41711 1
26 87 1 2.22613 1
26 88 1 -2.8996 1
26 89 1 -0.0343723 1
26 90 1 -1.93553 1
26 91 1 -3.78964 1
26 92 1 -0.898836 1
26 93 1 1.48275 1
26 94 1 3.16843 1
26 95 1 -1.64956 1
26 23 1 3.37971 1
26 15 1 2.57937 1
27 64 1 -3.79106 1
27 65 1 4.27284 1
27 66 1 3.40786 1
27 67 1 -1.96764 1
27 68 1 1.06963 1
27 69 1 1.7634 1
27 70 1 3.85828 1
27 71 1 -5.1017 1
27 72 1 -0.938276 1
27 73 1 0.978214 1
27 74 1 -2.08786 1
27 75 1 0.146818 1
27 76 1 -2.59362 1
27 77 1 -1.36912 1
27 78 1 -0.572122 1
27 79 1 0.732901 1
27 80 1 -1.1971 1
27 81 1 -0.307691 1
27 82 1 0.257962 1
27 83 1 0.767237 1
27 84 1 0.563479 1
27 85 1 1.09639 1
27 86 1 -1.80171 1
27 87 1 2.19988 1
27 88 1 -4.45947 1
27 89 1 -3.86524 1
27 90 1 3.39799 1
27 91 1 -1.05986 1
27 92 1 -1.17097 1
27 93 1 -1.30025 1
27 94 1 2.6581 1
27 95 1 -3.09018 1
27 9 1 0.673955 1
27 5 1 -1.14912 1
28 64 1 2.47242 1
28 65 1 0.162827 1
28 66 1 -2.6697 1
28 67 1 4.27005 1
28 68 1 2.68858 1
28 69 1 1.34206 1
28 70 1 -0.8279 1
28 71 1 -2.62058 1
28 72 1 -5.50288 1
28 73 1 2.27782 1
28 74 1 -0.084673 1
28 75 1 0.217036 1
28 76 1 -0.747712 1
28 77 1 0.193154 1
28 78 1 -2.37242 1
28 79 1 0.835042 1
28 80 1 2.5554 1
28 81 1 -1.51905 1
28 82 1 3.08392 1
28 83 1 3.362 1
28 84 1 1.501 1
28 85 1 -8.19809 1
28 86 1 -3.06694 1
28 87 1 -2.82854 1
28 88 1 -4.8601 1
28 89 1 1.05678 1
28 90 1 -3.70681 1
28 91 1 -0.789266 1
28 92 1 0.794203 1
28 93 1 -2.80161 1
28 94 1 3.22329 1
28 95 1 -3.54541 1
29 64 1 0.184804 1
29 65 1 -2.06913 1
29 66 1 0.0514198 1
29 67 1 2.23922 1
29 68 1 -7.51049 1
29 69 1 1.17873 1
29 70 1 -0.629635 1
29 71 1 -1.80528 1
29 72 1 -0.256837 1
29 73 1 -0.748687 1
29 74 1 0.513286 1
29 75 1 -0.707547 1
29 76 1 -0.298268 1
29 77 1 2.02236 1
29 78 1 -4.56735 1
29 79 1 -2.67563 1
29 80 1 2.52714 1
29 81 1 -0.177835 1
29 82 1 0.531626 1
29 83 1 -0.609078 1
29 84 1 1.18593 1
29 85 1 0.0366332 1
29 86 1 -2.12713 1
29 87 1 -4.54459 1
29 88 1 -0.910522 1
29 89 1 -1.84204 1
29 90 1 -0.619674 1
29 91 1 1.34604 1
29 92 1 0.813286 1
29 93 1 1.66559 1
29 94 1 -1.3062 1
29 95 1 0.496204 1
29 113 1 1.07313 1
30 64 1 -0.909705 1
30 65 1 1.64052 1
30 66 1 3.20466 1
30 67 1 1.94687 1
30 68 1 1.90008 1
30 69 1 2.47577 1
30 70 1 1.35148 1
30 71 1 -2.46604 1
30 72 1 -0.551188 1
30 73 1 4.23406 1
30 74 1 -0.322581 1
30 75 1 3.54091 1
30 76 1 2.26385 1
30 77 1 -1.15545 1
30 78 1 2.15291 1
30 79 1 2.95032 1
30 80 1 -0.70278 1
30 81 1 -3.18519 1
30 82 1 2.73458 1
30 83 1 4.57678 1
30 84 1 1.44521 1
30 85 1 -1.66287 1
30 86 1 -2.05869 1
30 87 1 -3.34725 1
30 88 1 1.57851 1
30 89 1 -0.694559 1
30 90 1 2.01841 1
30 91 1 5.39327 1
30 92 1 -1.51387 1
30 93 1 2.46524 1
30 94 1 3.06345 1
30 95 1 -0.989067 1
31 64 1 2.16161 1
31 65 1 0.65292 1
31 66 1 -1.99836 1
31 67 1 4.55405 1
31 68 1 3.51011 1
31 69 1 1.87675 1
31 70 1 -4.45512 1
31 71 1 1.74165 1
31 72 1 -3.66007 1
31 73 1 -2.35048 1
31 74 1 1.05383 1
31 75 1 0.688685 1
31 76 1 0.278744 1
31 77 1 0.573288 1
31 78 1 -2.71649 1
31 79 1 0.769592 1
31 80 1 -0.518615 1
31 81 1 -1.46585 1
31 82 1 0.145828 1
31 83 1 -0.271854 1
31 84 1 -2.38293 1
31 85 1 -2.3732 1
31 86 1 -0.0674128 1
31 87 1 -1.64509 0
31 88 1 3.0468 1
31 89 1 -0.257571 1
31 90 1 1.81775 1
31 91 1 -2.21039 1
31 92 1 -0.614997 1
31 93 1 2.21483 1
31 94 1 1.273 1
31 95 1 -1.38402 1
31 122 1 2.94782 1
122 87 1 0.400559 1
32 64 1 7.29257 1
32 65 1 2.60379 1
32 66 1 -3.34101 1
32 67 1 2.63411 1
32 68 1 -0.062987 1
32 69 1 1.89582 1
32 70 1 -1.49076 1
32 71 1 1.56121 1
32 72 1 -3.60812 1
32 73 1 0.935728 1
32 74 1 -1.97218 1
32 75 1 3.23763 1
32 76 1 -2.78771 1
32 77 1 2.71904 1
32 78 1 -0.0596339 1
32 79 1 1.15093 1
32 80 1 0.430688 1
32 81 1 -2.43779 1
32 82 1 -1.9632 1
32 83 1 -3.0035 1
32 84 1 1.6476 1
32 85 1 -2.69146 1
32 86 1 0.701892 1
32 87 1 -0.711088 1
32 88 1 -1.49368 1
32 89 1 -3.17039 1
32 90 1 0.621081 1
32 91 1 -3.19978 1
32 92 1 1.83997 1
32 93 1 0.969511 1
32 94 1 -1.01917 1
32 95 1 -2.55075 1
33 64 1 2.26968 1
33 65 1 -5.31675 1
33 66 1 -1.14339 1
33 67 1 -2.94333 1
33 68 1 -0.410189 1
33 69 1 -0.754962 1
33 70 1 3.38428 1
33 71 1 5.3047 1
33 72 1 0.622222 1
33 73 1 3.51528 1
33 74 1 2.3831 1
33 75 1 -5.32887 1
33 76 1 -0.94025 1
33 77 1 2.82092 1
33 78 1 -2.69056 1
33 79 1 -2.64894 1
33 80 1 2.01532 1
33 81 1 -1.53995 1
33 82 1 -0.125311 1
33 83 1 1.94711 1
33 84 1 1.56039 1
33 85 1 0.300412 1
33 86 1 -0.0264902 1
33 87 1 2.26588 1
33 88 1 2.67394 1
33 89 1 4.55093 1
33 90 1 -2.22981 1
33 91 1 1.30104 1
33 92 1 2.73463 1
33 93 1 1.84779 1
33 94 1 -0.0134595 1
33 95 1 0.0911359 1
33 20 1 -1.56317 1
33 107 1 1.58838 1
33 13 1 -0.574895 1
34 64 1 0.248256 1
34 65 1 -1.57988 1
34 66 1 1.72421 1
34 67 1 2.13178 1
34 68 1 0.62782 1
34 69 1 -0.306734 1
34 70 1 -1.74454 1
34 71 1 -0.732754 1
34 72 1 -1.84027 1
34 73 1 -2.91387 1
34 74 1 1.09262 1
34 75 1 4.12557 1
34 76 1 -1.82953 1
34 77 1 -0.190337 1
34 78 1 -0.641278 1
34 79 1 1.48793 1
34 80 1 2.28908 1
34 81 1 -1.02169 1
34 82 1 -0.50401 1
34 83 1 0.977056 1
34 84 1 0.913606 1
34 85 1 -0.507749 1
34 86 1 -0.488769 1
34 87 1 -0.305532 1
34 88 1 1.41309 1
34 89 1 -1.32472 1
34 90 1 -4.62454 1
34 91 1 1.99401 1
34 92 1 -0.392372 1
34 93 1 -3.01372 1
34 94 1 2.45529 1
34 95 1 2.12453 1
34 113 1 -0.403937 1
35 64 1 -0.480631 1
35 65 1 -1.05561 1
35 66 1 1.17016 1
35 67 1 2.03189 1
35 68 1 0.526231 1
35 69 1 4.34157 1
35 70 1 2.82168 1
35 71 1 1.47692 1
35 72 1 3.07305 1
35 73 1 6.97876 1
35 74 1 2.45233 1
35 75 1 -0.946092 1
35 76 1 -3.65716 1
35 77 1 1.25081 1
35 78 1 -1.78333 1
35 79 1 0.212992 1
35 80 1 -7.646 1
35 81 1 -1.72047 1
35 82 1 1.80935 0
35 83 1 0.0756504 1
35 84 1 2.98949 1
35 85 1 -4.64174 1
35 86 1 -2.33234 1
35 87 1 -2.50415 1
35 88 1 -0.424819 1
35 89 1 1.19058 0
35 90 1 -1.52165 1
35 91 1 -1.78788 1
35 92 1 -3.24718 1
35 93 1 -0.8525 1
35 94 1 -2.41104 1
35 95 1 0.273986 1
35 130 1 0.79649 1
35 133 1 3.3785 1
133 82 1 2.66403 1
130 89 1 1.77076 1
36 64 1 0.319703 1
36 65 1 1.74879 1
36 66 1 0.758223 1
36 67 1 0.625976 1
36 68 1 -4.85238 1
36 69 1 -3.21494 1
36 70 1 -0.300416 1
36 71 1 2.04108 1
36 72 1 -0.700505 1
36 73 1 -0.300596 1
36 74 1 0.613757 1
36 75 1 0.929894 1
36 76 1 1.85182 1
36 77 1 -4.69962 1
36 78 1 -1.17192 1
36 79 1 3.08899 1
36 80 1 1.00505 1
36 81 1 -2.06727 1
36 82 1 -2.32822 0
36 83 1 1.0485 1
36 84 1 1.40163 1
36 85 1 -2.77828 1
36 86 1 1.25187 1
36 87 1 -0.494803 1
36 88 1 0.280133 1
36 89 1 0.744495 1
36 90 1 -2.44575 1
36 91 1 1.25988 1
36 92 1 3.95075 1
36 93 1 1.19141 1
36 94 1 -3.3422 1
36 95 1 5.51027 1
36 109 1 0.836812 0
36 24 1 -1.07257 1
36 117 1 0.685441 1
117 109 1 0.201029 1
109 82 1 2.05715 1
109 31 1 -0.638586 1
37 64 1 -5.16293 1
37 65 1 1.51056 1
37 66 1 -1.76226 1
37 67 1 -0.62214 1
37 68 1 -4.77283 1
37 69 1 0.767232 1
37 70 1 -3.34869 1
37 71 1 -0.651775 1
37 72 1 2.45173 1
37 73 1 2.18656 1
37 74 1 -0.664184 1
37 75 1 1.31126 1
37 76 1 2.44295 0
37 77 1 2.60929 1
37 78 1 -1.24703 1
37 79 1 0.0233855 1
37 80 1 2.88175 1
37 81 1 -0.14226 1
37 82 1 3.67372 1
37 83 1 1.83297 1
37 84 1 -4.92512 1
37 85 1 1.5935 1
37 86 1 -1.97818 1
37 87 1 2.26566 1
37 88 1 -2.48247 1
37 89 1 -0.0413842 1
37 90 1 -0.223166 1
37 91 1 2.13824 1
37 92 1 3.29962 1
37 93 1 0.0779097 1
37 94 1 -2.30419 1
37 95 1 -1.40697 1
37 142 1 1.40186 1
142 76 1 0.276774 1
38 64 1 0.758741 1
38 65 1 -2.20375 1
38 66 1 -1.01235 1
38 67 1 -0.403824 1
38 68 1 -2.26355 1
38 69 1 -5.09094 1
38 70 1 0.11885 1
38 71 1 -0.912806 1
38 72 1 -1.90848 1
38 73 1 -0.0168442 1
38 74 1 -1.20404 1
38 75 1 1.76064 1
38 76 1 2.7268 1
38 77 1 -1.27591 1
38 78 1 -1.55329 1
38 79 1 -0.96588 1
38 80 1 -5.64867 1
38 81 1 -1.40496 1
38 82 1 3.12665 1
38 83 1 -1.67841 1
38 84 1 -3.30121 1
38 85 1 -3.1032 1
38 86 1 0.402671 1
38 87 1 -0.552139 1
38 88 1 1.24455 1
38 89 1 4.01265 1
38 90 1 -0.710126 1
38 91 1 2.44002 1
38 92 1 1.85087 0
38 93 1 -1.83666 1
38 94 1 0.631588 1
38 95 1 -1.92556 1
38 148 1 0.727972 1
148 92 1 2.72661 1
39 64 1 0.899742 1
39 65 1 -2.10031 1
39 66 1 2.77889 1
39 67 1 -1.03868 1
39 68 1 0.917498 1
39 69 1 -0.229268 1
39 70 1 2.29981 1
39 71 1 -0.996776 1
39 72 1 -2.22383 1
39 73 1 -2.29347 1
39 74 1 1.06392 1
39 75 1 1.95521 0
39 76 1 2.66671 1
39 77 1 -0.232767 1
39 78 1 -2.35083 1
39 79 1 -2.83511 1
39 80 1 2.13601 1
39 81 1 -3.27932 1
39 82 1 -0.777856 1
39 83 1 0.463061 1
39 84 1 -2.11484 1
39 85 1 0.412743 1
39 86 1 1.76594 1
39 87 1 0.0714799 1
39 88 1 -2.13223 1
39 89 1 0.253186 1
39 90 1 4.07701 1
39 91 1 -1.37689 1
39 92 1 4.10116 1
39 93 1 -0.423686 1
39 94 1 -4.72003 1
39 95 1 -0.335772 1
39 2 1 -4.38873 1
39 112 1 3.84368 1
39 13 1 -0.0740856 1
39 104 1 -0.910172 1
112 75 1 -1.89279 1
112 138 1 -0.770012 1
40 64 1 -4.88803 1
40 65 1 -0.590106 1
40 66 1 2.23051 1
40 67 1 0.652543 1
40 68 1 3.1259 1
40 69 1 0.824445 1
40 70 1 -0.833524 1
40 71 1 0.576876 1
40 72 1 4.20795 1
40 73 1 1.47113 1
40 74 1 -1.00469 1
40 75 1 1.08512 1
40 76 1 -1.0712 1
40 77 1 3.57508 1
40 78 1 1.90266 1
40 79 1 -0.248668 1
40 80 1 0.0300513 1
40 81 1 -0.48855 1
40 82 1 0.251401 1
40 83 1 -2.48049 1
40 84 1 1.74269 1
40 85 1 2.65178 1
40 86 1 1.49476 1
40 87 1 1.34993 1
40 88 1 0.654956 1
40 89 1 -0.624346 1
40 90 1 -0.970457 1
40 91 1 -0.778653 1
40 92 1 -1.41176 1
40 93 1 2.14033 1
40 94 1 1.7569 1
40 95 1 1.73566 1
40 2 1 -0.572641 1
40 134 1 0.956406 1
41 64 1 4.73253 1
41 65 1 -0.49421 1
41 66 1 -0.777144 1
41 67 1 -0.715817 1
41 68 1 1.75907 1
41 69 1 -0.571827 1
41 70 1 1.75062 1
41 71 1 0.119108 1
41 72 1 4.78627 1
41 73 1 -5.74211 1
41 74 1 -0.251147 1
41 75 1 2.07827 1
41 76 1 -2.06726 1
41 77 1 -0.643679 1
41 78 1 -3.76316 1
41 79 1 0.587124 1
41 80 1 1.43897 1
41 81 1 2.9882 1
41 82 1 -2.356 1
41 83 1 2.01555 1
41 84 1 -2.10173 1
41 85 1 0.417781 1
41 86 1 1.20083 1
41 87 1 1.54797 1
41 88 1 3.0628 1
41 89 1 -2.40363 1
41 90 1 -3.38652 1
41 91 1 -0.0252997 1
41 92 1 -0.104447 1
41 93 1 -0.699153 1
41 94 1 -0.268938 1
41 95 1 0.234978 1
41 11 1 2.78664 1
41 29 1 -0.902109 1
42 64 1 2.00102 1
42 65 1 1.85304 1
42 66 1 0.226097 1
42 67 1 -0.29348 1
42 68 1 -1.47005 1
42 69 1 -1.10991 1
42 70 1 -1.95085 1
42 71 1 -1.05966 1
42 72 1 -0.690111 1
42 73 1 -2.84213 1
42 74 1 1.65159 1
42 75 1 -0.806419 1
42 76 1 -2.70288 1
42 77 1 -1.13775 1
42 78 1 -2.24488 1
42 79 1 1.19754 1
42 80 1 -1.07403 1
42 81 1 0.972671 1
42 82 1 2.8133 1
42 83 1 2.36317 1
42 84 1 1.72461 1
42 85 1 0.539539 1
42 86 1 0.345535 1
42 87 1 -2.85653 1
42 88 1 -1.29949 1
42 89 1 -0.00867411 1
42 90 1 1.46769 1
42 91 1 2.06733 1
42 92 1 -1.51977 1
42 93 1 3.06377 1
42 94 1 -2.11353 1
42 95 1 1.32143 1
43 64 1 2.05988 1
43 65 1 -2.7928 1
43 66 1 1.50399 1
43 67 1 2.35811 1
43 68 1 -0.0262212 1
43 69 1 -0.304161 1
43 70 1 0.0488585 1
43 71 1 -4.22325 1
43 72 1 -0.819289 1
43 73 1 -7.70145 1
43 74 1 2.91044 1
43 75 1 -2.11966 1
43 76 1 1.17318 1
43 77 1 0.678734 1
43 78 1 0.386136 1
43 79 1 -2.68233 1
43 80 1 -0.863326 1
43 81 1 2.97315 1
43 82 1 1.04977 1
43 83 1 -2.66681 1
43 84 1 0.592483 1
43 85 1 3.20089 1
43 86 1 -0.279727 1
43 87 1 4.08614 1
43 88 1 -1.23504 1
43 89 1 3.54234 1
43 90 1 0.216378 1
43 91 1 -5.22233 1
43 92 1 2.98096 1
43 93 1 1.89865 1
43 94 1 -4.8367 1
43 95 1 1.85757 1
44 64 1 1.48259 1
44 65 1 -2.29236 1
44 66 1 0.665446 1
44 67 1 -1.5736 1
44 68 1 -1.851 1
44 69 1 -0.635799 1
44 70 1 2.11302 1
44 71 1 0.698694 1
44 72 1 -2.77834 1
44 73 1 0.892112 1
44 74 1 -1.59847 1
44 75 1 -1.80997 1
44 76 1 -0.529229 1
44 77 1 1.69747 1
44 78 1 1.71253 1
44 79 1 0.670687 1
44 80 1 6.13858 1
44 81 1 -2.51625 1
44 82 1 1.47252 1
44 83 1 -2.67458 1
44 84 1 0.671002 1
44 85 1 -0.083262 1
44 86 1 1.63763 1
44 87 1 -0.0845227 1
44 88 1 0.843504 1
44 89 1 0.629723 1
44 90 1 -0.130373 1
44 91 1 -0.343025 1
44 92 1 0.272068 1
44 93 1 3.64825 1
44 94 1 -1.82256 1
44 95 1 -0.403983 1
44 8 1 0.0520382 1
44 29 1 1.40477 1
45 64 1 0.126125 1
45 65 1 3.7813 1
45 66 1 -1.15809 1
45 67 1 0.954179 1
45 68 1 -1.83261 1
45 69 1 -7.01084 1
45 70 1 -4.68701 1
45 71 1 0.119509 1
45 72 1 -4.01598 1
45 73 1 2.49601 1
45 74 1 2.73143 1
45 75 1 3.70602 1
45 76 1 -0.664414 1
45 77 1 0.907128 1
45 78 1 -3.3771 1
45 79 1 2.54244 1
45 80 1 -2.74348 1
45 81 1 0.513091 1
45 82 1 -0.119966 1
45 83 1 -2.04884 1
45 84 1 1.54892 1
45 85 1 -3.26899 1
45 86 1 1.3612 1
45 87 1 0.920319 1
45 88 1 -0.11209 1
45 89 1 -3.86495 1
45 90 1 0.449974 1
45 91 1 3.38689 1
45 92 1 -2.65735 1
45 93 1 -5.83051 1
45 94 1 1.78811 1
45 95 1 -2.42224 1
45 9 1 3.51069 1
45 20 1 -0.158924 1
46 64 1 -0.663796 1
46 65 1 0.775534 1
46 66 1 2.13935 1
46 67 1 1.65511 1
46 68 1 -5.95688 1
46 69 1 -1.33718 1
46 70 1 0.839745 1
46 71 1 -0.985263 1
46 72 1 2.44937 1
46 73 1 -2.6415 1
46 74 1 -1.73481 1
46 75 1 3.40894 1
46 76 1 -4.86605 1
46 77 1 2.09688 1
46 78 1 -0.912863 1
46 79 1 0.0586185 1
46 80 1 4.12474 1
46 81 1 -0.122206 1
46 82 1 -1.13689 1
46 83 1 2.00365 1
46 84 1 -0.851271 1
46 85 1 2.20786 1
46 86 1 -1.67439 1
46 87 1 1.83285 1
46 88 1 -2.49506 1
46 89 1 -3.74628 1
46 90 1 -2.96083 1
46 91 1 0.577811 1
46 92 1 -0.318712 1
46 93 1 -2.70962 1
46 94 1 -0.899057 1
46 95 1 -1.26057 1
46 24 1 1.38508 1
47 64 1 -0.862301 1
47 65 1 0.893879 1
47 66 1 -3.56532 1
47 67 1 4.66001 1
47 68 1 -1.04101 1
47 69 1 2.61766 1
47 70 1 -0.895876 1
47 71 1 0.205372 1
47 72 1 0.555852 1
47 73 1 4.92267 0
47 74 1 -0.735267 1
47 75 1 -1.62783 1
47 76 1 -2.8506 1
47 77 1 -6.7146 1
47 78 1 -1.12555 1
47 79 1 2.00497 1
47 80 1 3.9873 1
47 81 1 -6.17178 1
47 82 1 1.07213 1
47 83 1 -0.603167 1
47 84 1 -3.5786 1
47 85 1 0.405475 1
47 86 1 -2.93427 1
47 87 1 4.69594 1
47 88 1 1.46624 1
47 89 1 1.1529 1
47 90 1 5.965 1
47 91 1 2.05444 1
47 92 1 -2.03684 1
47 93 1 0.424515 1
47 94 1 0.590004 1
47 95 1 -0.608532 1
47 4 1 0.873499 1
47 137 1 0.544219 1
137 73 1 4.93235 1
48 64 1 0.110932 1
48 65 1 0.901892 1
48 66 1 0.431291 1
48 67 1 -0.448719 1
48 68 1 -3.74418 1
48 69 1 -4.54787 1
48 70 1 0.301341 1
48 71 1 1.55192 1
48 72 1 -2.58412 1
48 73 1 2.05438 1
48 74 1 5.48421 1
48 75 1 -5.18112 1
48 76 1 1.64901 1
48 77 1 -3.13822 1
48 78 1 0.364718 1
48 79 1 1.24025 1
48 80 1 -1.31364 1
48 81 1 -0.977343 1
48 82 1 -0.0838293 1
48 83 1 -0.125463 1
48 84 1 0.628168 1
48 85 1 1.16869 1
48 86 1 -2.56194 1
48 87 1 -1.30596 1
48 88 1 -2.8492 1
48 89 1 -0.45334 1
48 90 1 1.83908 1
48 91 1 1.26997 1
48 92 1 -4.63441 1
48 93 1 0.166134 1
48 94 1 3.43152 1
48 95 1 3.21951 1
48 16 1 -0.0716275 1
48 12 1 -1.01472 1
48 14 1 -2.30565 1
49 64 1 0.78544 1
49 65 1 -0.122444 1
49 66 1 -0.448683 1
49 67 1 -0.717028 1
49 68 1 -1.7264 1
49 69 1 1.27692 1
49 70 1 0.23334 1
49 71 1 -3.93741 1
49 72 1 -0.31505 1
49 73 1 -0.748847 1
49 74 1 2.83398 1
49 75 1 1.04177 1
49 76 1 -5.32831 1
49 77 1 -2.26104 1
49 78 1 -2.54181 1
49 79 1 2.0352 1
49 80 1 5.72597 1
49 81 1 -3.79669 1
49 82 1 0.0814205 1
49 83 1 -1.5834 1
49 84 1 2.61011 1
49 85 1 -3.45253 1
49 86 1 0.669204 1
49 87 1 -0.921895 1
49 88 1 -1.02942 1
49 89 1 0.175645 1
49 90 1 -0.765094 1
49 91 1 0.0301873 1
49 92 1 1.44531 1
49 93 1 -1.39122 1
49 94 1 1.14607 1
49 95 1 2.75172 1
49 19 1 -1.85171 1
49 31 1 0.161093 1
49 15 1 -0.769665 1
50 64 1 -4.53834 1
50 65 1 -2.68666 1
50 66 1 2.03085 1
50 67 1 -1.63451 1
50 68 1 1.64762 1
50 69 1 0.216005 1
50 70 1 1.22604 1
50 71 1 5.26513 1
50 72 1 -1.74095 1
50 73 1 4.90911 1
50 74 1 -1.63347 1
50 75 1 0.843433 1
50 76 1 -1.79897 1
50 77 1 0.341787 1
50 78 1 3.32215 1
50 79 1 -1.59619 1
50 80 1 1.40463 1
50 81 1 0.476215 1
50 82 1 -0.689313 1
50 83 1 1.55692 1
50 84 1 -1.5013 1
50 85 1 -0.380042 1
50 86 1 0.706122 1
50 87 1 -2.50336 1
50 88 1 -4.05428 1
50 89 1 0.881457 1
50 90 1 0.483458 1
50 91 1 -0.755413 1
50 92 1 0.113722 1
50 93 1 0.0591987 1
50 94 1 -3.13225 1
50 95 1 0.968244 1
50 4 1 4.80458 1
50 22 1 -2.09888 1
51 64 1 -1.00636 1
51 65 1 3.23999 1
51 66 1 1.88766 1
51 67 1 -1.13757 1
51 68 1 -0.00375247 1
51 69 1 -1.5046 1
51 70 1 3.36283 1
51 71 1 3.17617 1
51 72 1 -3.28133 1
51 73 1 -1.81652 0
51 74 1 -2.60702 1
51 75 1 6.31888 1
51 76 1 -2.79191 1
51 77 1 0.974142 1
51 78 1 2.99699 1
51 79 1 0.610521 1
51 80 1 1.29714 1
51 81 1 -3.21292 1
51 82 1 0.884808 1
51 83 1 4.10601 1
51 84 1 -1.84598 1
51 85 1 -1.92565 1
51 86 1 -0.625314 1
51 87 1 1.08914 1
51 88 1 0.785238 1
51 89 1 1.69706 1
51 90 1 2.54627 1
51 91 1 0.721818 1
51 92 1 2.56604 1
51 93 1 2.74734 1
51 94 1 -6.00764 1
51 95 1 -1.66069 1
51 116 1 -0.601442 1
51 12 1 -0.882224 1
116 73 1 -1.45396 0
116 134 1 0.796365 1
134 73 1 1.30465 1
52 64 1 -3.30428 1
52 65 1 3.40539 1
52 66 1 1.50203 1
52 67 1 -0.664273 1
52 68 1 0.354509 1
52 69 1 4.75376 1
52 70 1 3.03659 1
52 71 1 -1.21229 1
52 72 1 -0.292573 1
52 73 1 4.41956 1
52 74 1 1.98118 1
52 75 1 -0.0574621 1
52 76 1 -3.57273 1
52 77 1 -0.2195 1
52 78 1 1.46071 1
52 79 1 1.73709 1
52 80 1 -0.51558 1
52 81 1 0.515569 1
52 82 1 -3.43959 1
52 83 1 -2.52619 1
52 84 1 1.70277 1
52 85 1 -1.28791 1
52 86 1 -2.81986 1
52 87 1 0.947184 1
52 88 1 2.19863 1
52 89 1 -1.09242 1
52 90 1 0.282877 1
52 91 1 -0.462837 1
52 92 1 0.00818266 1
52 93 1 -1.14062 0
52 94 1 2.31375 1
52 95 1 -0.624666 1
52 115 1 0.840235 1
52 139 1 0.0741629 1
139 93 1 -3.10111 1
53 64 1 -2.619 1
53 65 1 0.791495 1
53 66 1 -0.306224 1
53 67 1 0.0803197 1
53 68 1 2.69213 1
53 69 1 1.83494 1
53 70 1 -1.24649 1
53 71 1 0.747717 1
53 72 1 -1.99136 1
53 73 1 1.67456 1
53 74 1 -1.84833 1
53 75 1 -2.4673 1
53 76 1 0.888487 1
53 77 1 2.22677 1
53 78 1 -1.51202 1
53 79 1 0.696476 1
53 80 1 1.02378 1
53 81 1 0.649569 1
53 82 1 0.841811 1
53 83 1 0.956787 1
53 84 1 1.41829 1
53 85 1 0.52723 1
53 86 1 1.45689 1
53 87 1 0.281369 1
53 88 1 -0.573194 1
53 89 1 -0.261139 1
53 90 1 -2.3322 1
53 91 1 -0.0398818 1
53 92 1 2.67474 1
53 93 1 0.0941967 1
53 94 1 0.596143 1
53 95 1 -1.92121 1
53 20 1 4.22199 1
53 23 1 1.08516 1
54 64 1 1.16177 1
54 65 1 -0.254264 1
54 66 1 -2.20387 1
54 67 1 1.00088 1
54 68 1 2.32077 1
54 69 1 -2.11827 1
54 70 1 0.374274 1
54 71 1 2.90003 1
54 72 1 0.995959 1
54 73 1 0.601092 1
54 74 1 0.490888 1
54 75 1 -0.953735 1
54 76 1 -0.798649 1
54 77 1 2.31364 1
54 78 1 -0.310605 1
54 79 1 0.310164 1
54 80 1 0.739661 1
54 81 1 2.82128 1
54 82 1 -3.50327 1
54 83 1 6.04826 1
54 84 1 1.32106 1
54 85 1 -0.198753 1
54 86 1 -3.10341 1
54 87 1 -0.483306 1
54 88 1 2.28404 1
54 89 1 4.15641 1
54 90 1 -2.89765 1
54 91 1 2.30337 1
54 92 1 -1.05103 1
54 93 1 1.31511 1
54 94 1 -2.84778 1
54 95 1 -3.31122 1
54 30 1 -2.18964 1
54 144 1 0.70935 1
55 64 1 0.645805 1
55 65 1 -2.67854 1
55 66 1 -1.19956 1
55 67 1 -0.84498 1
55 68 1 -2.74419 1
55 69 1 3.48674 1
55 70 1 2.88756 1
55 71 1 -4.48699 1
55 72 1 2.11306 1
55 73 1 0.303982 1
55 74 1 2.85047 1
55 75 1 -2.54596 1
55 76 1 -4.47043 1
55 77 1 2.37096 1
55 78 1 -1.96834 1
55 79 1 2.13286 1
55 80 1 -1.05743 1
55 81 1 1.33579 1
55 82 1 -2.34749 1
55 83 1 -0.898703 1
55 84 1 -0.580727 1
55 85 1 -5.05933 1
55 86 1 0.91937 1
55 87 1 2.21189 1
55 88 1 -2.82709 1
55 89 1 -2.22367 1
55 90 1 0.607428 1
55 91 1 1.43315 1
55 92 1 5.65863 1
55 93 1 -3.70834 1
55 94 1 -2.59525 1
55 95 1 -1.05747 0
55 28 1 4.98067 1
55 114 1 1.7159 1
114 95 1 -1.36434 1
56 64 1 0.579403 1
56 65 1 -2.97627 1
56 66 1 0.524144 1
56 67 1 -0.811439 1
56 68 1 -0.18577 0
56 69 1 -0.903058 1
56 70 1 0.156044 1
56 71 1 0.904381 1
56 72 1 -0.54552 1
56 73 1 -1.5641 1
56 74 1 4.06216 1
56 75 1 3.49086 1
56 76 1 -3.31559 1
56 77 1 -0.854528 1
56 78 1 -3.76693 1
56 79 1 0.220284 1
56 80 1 -1.17607 1
56 81 1 2.43761 1
56 82 1 3.70461 1
56 83 1 -1.7407 1
56 84 1 -1.73856 1
56 85 1 -1.03969 1
56 86 1 2.43325 1
56 87 1 -3.06388 1
56 88 1 0.542155 1
56 89 1 -1.81687 1
56 90 1 -1.24861 1
56 91 1 -1.20225 1
56 92 1 1.77225 1
56 93 1 3.25764 1
56 94 1 -2.11608 1
56 95 1 0.581037 1
56 3 1 -0.836109 1
56 126 1 3.1663 1
126 68 1 0.800416 1
126 11 1 -0.947924 1
57 64 1 -3.68431 1
57 65 1 3.32211 1
57 66 1 -3.53511 1
57 67 1 -1.32046 1
57 68 1 3.1438 1
57 69 1 -1.22012 0
57 70 1 0.095616 1
57 71 1 2.65389 1
57 72 1 0.803973 1
57 73 1 -1.61232 1
57 74 1 2.96147 1
57 75 1 3.39564 1
57 76 1 2.49171 1
57 77 1 -4.4564 1
57 78 1 -1.491 1
57 79 1 -2.37003 1
57 80 1 1.1036 1
57 81 1 4.28725 1
57 82 1 3.14828 1
57 83 1 -2.89807 1
57 84 1 1.30211 1
57 85 1 -2.81448 1
57 86 1 0.311695 1
57 87 1 0.931754 1
57 88 1 -1.34745 1
57 89 1 -0.276384 1
57 90 1 0.677923 1
57 91 1 -1.4703 1
57 92 1 -2.34032 1
57 93 1 -0.193338 1
57 94 1 -0.432813 1
57 95 1 2.40088 1
57 104 1 3.0717 1
57 22 1 0.470179 1
104 69 1 2.54858 1
104 1 1 -0.459388 1
58 64 1 2.8416 1
58 65 1 -2.28747 1
58 66 1 -0.508752 1
58 67 1 -1.44851 1
58 68 1 -0.376971 1
58 69 1 -1.60526 1
58 70 1 -1.74124 1
58 71 1 0.805271 1
58 72 1 -0.0251211 1
58 73 1 -1.07054 1
58 74 1 3.26333 1
58 75 1 3.069 1
58 76 1 4.6119 1
58 77 1 1.1054 1
58 78 1 -0.802335 1
58 79 1 1.00657 0
58 80 1 -4.23723 1
58 81 1 1.24432 1
58 82 1 0.921301 1
58 83 1 0.886789 1
58 84 1 -0.72377 1
58 85 1 0.955896 1
58 86 1 2.03198 1
58 87 1 -1.24019 1
58 88 1 -2.34987 1
58 89 1 -1.47839 1
58 90 1 -2.50571 1
58 91 1 -0.409374 1
58 92 1 1.93208 1
58 93 1 2.38991 1
58 94 1 -2.14792 1
58 95 1 1.25159 1
58 128 1 0.638162 1
128 79 1 0.784791 0
128 131 1 -0.261912 1
131 79 1 -0.707233 1
59 64 1 -2.02084 1
59 65 1 0.9757 1
59 66 1 0.98633 1
59 67 1 -2.58368 1
59 68 1 1.21118 1
59 69 1 -1.05729 1
59 70 1 -2.14458 1
59 71 1 2.91246 1
59 72 1 -0.271653 1
59 73 1 -1.0585 1
59 74 1 0.644216 1
59 75 1 -1.59575 1
59 76 1 1.99727 1
59 77 1 0.33644 0
59 78 1 1.21105 1
59 79 1 -2.31814 1
59 80 1 0.268637 1
59 81 1 0.00755325 1
59 82 1 -4.37732 1
59 83 1 3.51736 1
59 84 1 -1.82749 1
59 85 1 -2.07118 1
59 86 1 -3.21394 1
59 87 1 1.35053 1
59 88 1 4.8393 1
59 89 1 -1.32513 1
59 90 1 0.401921 1
59 91 1 -1.48754 1
59 92 1 1.49827 1
59 93 1 1.79752 1
59 94 1 -4.61958 1
59 95 1 1.46473 1
59 97 1 1.59694 1
59 5 1 -2.45306 1
59 11 1 -0.720374 1
59 13 1 1.30915 1
97 77 1 -6.33354 1
97 22 1 -2.02914 1
97 2 1 -4.99577 0
97 99 1 1.43716 1
97 7 1 2.82416 0
97 102 1 1.90413 1
97 17 1 1.7535 1
102 7 1 4.1231 1
99 2 1 2.90199 0
99 108 1 4.43125 1
99 15 1 -0.628687 1
108 2 1 -1.54658 0
108 125 1 4.59002 1
125 2 1 0.147462 1
60 64 1 1.95981 1
60 65 1 -0.805705 1
60 66 1 -0.792867 1
60 67 1 -0.112721 1
60 68 1 0.508945 1
60 69 1 0.982848 1
60 70 1 -2.09676 1
60 71 1 0.436002 1
60 72 1 1.79234 0
60 73 1 -0.283189 1
60 74 1 1.13269 1
60 75 1 -0.362582 1
60 76 1 1.60158 1
60 77 1 3.26776 1
60 78 1 -0.793565 1
60 79 1 0.336663 1
60 80 1 -4.49214 1
60 81 1 -1.20648 1
60 82 1 -1.29586 1
60 83 1 -0.199956 1
60 84 1 -3.51629 1
60 85 1 3.63393 1
60 86 1 1.44976 1
60 87 1 -0.509283 1
60 88 1 -5.81601 1
60 89 1 -0.688731 1
60 90 1 -2.33771 1
60 91 1 0.925826 1
60 92 1 0.399394 1
60 93 1 2.79548 1
60 94 1 0.839035 1
60 95 1 0.986835 1
60 24 1 -2.89852 1
60 0 1 1.5806 1
60 115 1 2.44114 1
60 3 1 -0.580065 1
115 72 1 -0.926071 1
115 18 1 0.969877 1
61 64 1 0.815575 1
61 65 1 -0.402566 1
61 66 1 1.32955 1
61 67 1 -0.188284 1
61 68 1 -3.83289 1
61 69 1 2.6734 1
61 70 1 -0.176377 1
61 71 1 -0.977559 1
61 72 1 -1.85352 1
61 73 1 1.2023 1
61 74 1 1.7194 1
61 75 1 3.18165 1
61 76 1 -0.294616 1
61 77 1 0.0466337 0
61 78 1 0.0900414 1
61 79 1 -0.127445 1
61 80 1 -1.22956 1
61 81 1 -0.308414 1
61 82 1 -0.261337 1
61 83 1 0.124219 1
61 84 1 -2.00707 1
61 85 1 0.0545999 1
61 86 1 0.260471 1
61 87 1 1.65596 1
61 88 1 0.601866 1
61 89 1 1.72637 1
61 90 1 0.406446 1
61 91 1 2.57876 1
61 92 1 -1.92417 1
61 93 1 -0.402713 1
61 94 1 0.539614 1
61 95 1 -1.8326 1
61 107 1 0.536137 1
61 113 1 -3.75539 1
107 77 1 -5.06599 0
107 113 1 1.20633 1
107 14 1 -1.19228 1
113 77 1 -2.38413 1
113 23 1 -1.61151 1
62 64 1 1.31651 1
62 65 1 -3.62415 1
62 66 1 3.51222 1
62 67 1 -1.39173 1
62 68 1 1.8711 1
62 69 1 -1.15334 1
62 70 1 1.67688 1
62 71 1 -1.96343 1
62 72 1 0.291368 1
62 73 1 1.68739 1
62 74 1 3.52348 1
62 75 1 -0.718445 1
62 76 1 4.03161 1
62 77 1 -4.04375 1
62 78 1 -2.35422 1
62 79 1 -1.04964 1
62 80 1 -1.40424 1
62 81 1 -0.918253 1
62 82 1 -2.2392 1
62 83 1 0.718996 1
62 84 1 -0.640867 0
62 85 1 -0.532661 1
62 86 1 4.02373 1
62 87 1 -2.07964 1
62 88 1 0.27449 1
62 89 1 -1.13505 1
62 90 1 -5.84299 1
62 91 1 0.893062 1
62 92 1 -0.771833 1
62 93 1 0.811985 1
62 94 1 1.42702 1
62 95 1 -0.38308 1
62 5 1 1.99399 1
62 138 1 2.41911 1
138 84 1 -0.20165 1
63 64 1 2.90779 1
63 65 1 -1.79865 1
63 66 1 3.4521 1
63 67 1 0.762601 1
63 68 1 -1.07942 1
63 69 1 -3.92539 1
63 70 1 -1.69277 1
63 71 1 2.83895 1
63 72 1 -0.350925 1
63 73 1 -0.235473 1
63 74 1 -6.07618 1
63 75 1 1.17234 1
63 76 1 -1.74956 0
63 77 1 2.16008 1
63 78 1 0.913773 1
63 79 1 1.12089 1
63 80 1 0.577029 1
63 81 1 -0.186538 1
63 82 1 0.177419 1
63 83 1 -2.53119 1
63 84 1 -2.60251 1
63 85 1 -4.2119 1
63 86 1 5.3166 1
63 87 1 -3.04343 0
63 88 1 0.665096 1
63 89 1 -1.10752 1
63 90 1 2.93682 1
63 91 1 -1.45735 1
63 92 1 -1.74308 1
63 93 1 2.25633 1
63 94 1 -3.94862 1
63 95 1 0.475765 1
63 141 1 1.27536 1
63 144 1 0.727078 1
144 76 1 -3.08143 0
144 147 1 0.630204 1
147 76 1 -2.77137 1
141 87 1 -5.74326 1
141 10 1 -0.495176 1
