149 64 32
2.46121 0.245935 -5.96163 5.56993 -3.03562 1.72745 -0.00490988 0.138791 0.274305 1.77102 2.17694 2.78877 -2.75816 -3.84152 -1.07387 -2.81473 -0.600565 0.714117 -0.399561 -0.324325 -2.52312 0.34852 -1.02675 0.460834 -3.95933 0.213205 3.51287 2.18792 -1.4939 -2.61002 -5.3943 2.21923 -1.5004 0.590517 0.972434 2.65819 -1.88295 -1.52603 0.597519 -0.763196 -2.01447 -0.230554 0.258469 -4.00394 -2.64141 -0.22838 -2.71243 2.27809 0.213994 2.47059 0.910442 -3.0427 -2.58683 0.963713 -0.875414 4.44631 -2.11189 -0.0329409 1.03085 -2.50319 1.28712 -1.53154 -0.970945 -3.56776 -3.9778 0.357977 3.81725 2.16062 -3.0798 1.72614 -2.66657 -0.891678 -2.03866 -2.04253 2.92763 2.59979 -1.68651 -1.1616 1.51428 -3.11828 0.170651 -0.545494 -2.41889 0.579892 1.99651 -0.85418 -2.50155 1.15432 4.60517 0.267395 -2.25107 3.25143 -0.991649 1.14278 1.27206 -1.25818 -0.464287 0.220438 -0.364147 0.327979 3.43343 -3.39765 -4.98961 -2.65134 -2.57876 1.17577 -1.35849 -3.72448 -1.40054 0.485044 -1.48974 2.72448 2.96511 -2.49007 0.431569 -1.17359 -3.32004 -1.20316 -1.4694 -1.03793 1.784 0.414417 0.147463 1.98605 0.632468 2.10985 1.10698 0.270235 2.12998 2.06701 -0.249046 -0.868775 -0.834269 0.023974 0.106207 -0.565589 -0.295807 -1.34552 -1.34736 -0.537728 1.31602 -0.248989 -0.482656 0.756128 0.498607 -0.550941 0.689932 0.70537 1.45455 
0 64 1 -3.87875 1
0 65 1 1.82219 1
0 66 1 2.15959 1
0 67 1 -0.802903 1
0 68 1 -1.74931 1
0 69 1 1.62663 1
0 70 1 -0.0468058 1
0 71 1 -1.24867 1
0 72 1 0.936693 1
0 73 1 -0.905288 1
0 74 1 -4.1547 1
0 75 1 1.4173 1
0 76 1 2.28622 1
0 77 1 1.65678 1
0 78 1 -2.74872 1
0 79 1 3.56611 1
0 80 1 1.63284 1
0 81 1 2.01866 1
0 82 1 3.17304 1
0 83 1 1.98319 1
0 84 1 -3.01482 1
0 85 1 3.35649 1
0 86 1 -3.24273 1
0 87 1 -1.86475 1
0 88 1 0.394992 1
0 89 1 1.70846 1
0 90 1 5.05533 1
0 91 1 5.28913 1
0 92 1 -1.95728 1
0 93 1 -0.557138 1
0 94 1 0.419345 1
0 95 1 0.165425 1
0 10 1 -2.25937 1
1 64 1 -1.63022 1
1 65 1 -1.65023 1
1 66 1 1.47147 1
1 67 1 -2.98434 1
1 68 1 5.14792 1
1 69 1 -1.19693 1
1 70 1 1.46745 1
1 71 1 -1.54447 1
1 72 1 -1.62374 1
1 73 1 -1.68477 1
1 74 1 -3.67173 1
1 75 1 2.83392 1
1 76 1 -0.408784 1
1 77 1 4.63004 1
1 78 1 -1.8623 1
1 79 1 0.126576 1
1 80 1 -3.60831 1
1 81 1 1.35771 1
1 82 1 -1.33506 1
1 83 1 -5.9733 1
1 84 1 -0.541317 1
1 85 1 -0.23612 1
1 86 1 1.99832 1
1 87 1 -1.09073 1
1 88 1 -0.53886 1
1 89 1 2.92931 1
1 90 1 -1.45912 1
1 91 1 -2.38087 1
1 92 1 -0.330231 1
1 93 1 0.253641 1
1 94 1 -1.89662 1
1 95 1 -4.27153 1
1 27 1 0.0837179 1
2 64 1 0.0221866 1
2 65 1 2.02873 1
2 66 1 -2.82027 1
2 67 1 -1.87958 1
2 68 1 -1.0903 1
2 69 1 2.28658 1
2 70 1 -1.04287 1
2 71 1 3.09734 1
2 72 1 -1.97902 1
2 73 1 -3.39548 1
2 74 1 -3.88436 1
2 75 1 -1.03615 1
2 76 1 -4.13042 1
2 77 1 0.533042 1
2 78 1 -2.54725 1
2 79 1 -4.03098 1
2 80 1 -3.75768 1
2 81 1 -3.64813 1
2 82 1 0.191729 1
2 83 1 -1.65982 1
2 84 1 0.332831 1
2 85 1 2.27036 1
2 86 1 -0.475199 1
2 87 1 -0.564044 1
2 88 1 -0.0326148 1
2 89 1 -3.91565 1
2 90 1 -2.34925 1
2 91 1 -1.51091 1
2 92 1 2.76707 1
2 93 1 -3.88981 1
2 94 1 2.58538 1
2 95 1 -1.05227 1
2 100 1 -1.02127 1
2 6 1 3.62049 1
2 110 1 0.166451 1
3 64 1 -2.70516 1
3 65 1 -0.296627 1
3 66 1 -1.10706 1
3 67 1 1.58465 1
3 68 1 3.85321 1
3 69 1 -3.76316 1
3 70 1 0.394039 1
3 71 1 0.269187 1
3 72 1 6.76914 1
3 73 1 -0.852788 1
3 74 1 1.52583 1
3 75 1 2.56391 1
3 76 1 1.3377 1
3 77 1 -1.82563 1
3 78 1 -0.759308 1
3 79 1 -0.352847 1
3 80 1 -1.81853 1
3 81 1 -0.513053 1
3 82 1 5.72944 1
3 83 1 1.35843 1
3 84 1 1.11352 1
3 85 1 -2.47021 1
3 86 1 -0.388029 1
3 87 1 1.98835 1
3 88 1 -0.517743 1
3 89 1 1.66862 1
3 90 1 1.04131 1
3 91 1 0.661713 1
3 92 1 0.844049 1
3 93 1 -2.84661 1
3 94 1 -3.42944 1
3 95 1 0.620153 0
3 110 1 1.06621 1
110 95 1 -1.44707 0
110 111 1 -0.609834 0
110 132 1 2.78259 1
132 111 1 2.2885 1
111 95 1 -2.50636 1
4 64 1 1.39982 1
4 65 1 -0.532524 1
4 66 1 -1.54113 1
4 67 1 2.86015 1
4 68 1 -1.69167 1
4 69 1 2.41001 1
4 70 1 0.291974 1
4 71 1 -0.13135 1
4 72 1 1.16815 1
4 73 1 -0.204489 0
4 74 1 0.146985 1
4 75 1 -4.94742 0
4 76 1 1.45847 1
4 77 1 3.29737 1
4 78 1 1.93415 1
4 79 1 2.32243 1
4 80 1 -2.48443 1
4 81 1 -0.217017 1
4 82 1 1.2366 1
4 83 1 -3.64121 1
4 84 1 -0.473927 1
4 85 1 3.03536 1
4 86 1 1.92708 1
4 87 1 -0.0912886 1
4 88 1 -2.25486 1
4 89 1 -0.0700176 1
4 90 1 3.44109 1
4 91 1 -4.58204 1
4 92 1 -0.282845 1
4 93 1 0.884791 0
4 94 1 -2.23926 1
4 95 1 2.15078 1
4 101 1 3.22033 1
4 17 1 2.02113 1
4 118 1 1.56472 1
4 145 1 -0.886104 1
145 93 1 1.04125 1
118 73 1 -2.54594 1
101 75 1 1.70569 1
5 64 1 -2.0254 1
5 65 1 1.92852 1
5 66 1 -2.80353 1
5 67 1 5.23163 1
5 68 1 2.87518 1
5 69 1 3.33402 1
5 70 1 -3.40698 1
5 71 1 -0.453964 1
5 72 1 0.366494 1
5 73 1 -2.02516 1
5 74 1 -1.68562 1
5 75 1 2.44136 1
5 76 1 2.68727 1
5 77 1 0.374907 1
5 78 1 0.0464959 1
5 79 1 -0.23993 1
5 80 1 2.28159 1
5 81 1 -1.242 1
5 82 1 -0.182805 1
5 83 1 5.22329 1
5 84 1 1.71107 1
5 85 1 2.51396 1
5 86 1 -3.30561 1
5 87 1 0.34273 1
5 88 1 -2.84636 1
5 89 1 -2.76757 1
5 90 1 -2.66749 1
5 91 1 -0.684223 1
5 92 1 -1.71528 1
5 93 1 1.66324 1
5 94 1 -2.17751 1
5 95 1 0.0432403 1
6 64 1 0.579443 1
6 65 1 -0.496172 1
6 66 1 2.84738 1
6 67 1 2.33895 1
6 68 1 -4.41954 1
6 69 1 -0.850372 1
6 70 1 -1.0471 1
6 71 1 0.24125 1
6 72 1 1.96515 1
6 73 1 -3.11185 1
6 74 1 -3.90075 1
6 75 1 1.33502 1
6 76 1 3.90087 1
6 77 1 0.0979438 1
6 78 1 -2.78738 1
6 79 1 -2.41069 1
6 80 1 3.09878 1
6 81 1 0.0161916 1
6 82 1 1.69964 1
6 83 1 1.36108 1
6 84 1 1.58354 1
6 85 1 -2.87555 1
6 86 1 -0.68587 1
6 87 1 3.34426 1
6 88 1 -2.46333 1
6 89 1 -2.42778 1
6 90 1 3.45503 1
6 91 1 -0.546517 1
6 92 1 2.66479 1
6 93 1 -2.95495 1
6 94 1 -3.26042 1
6 95 1 1.39979 1
6 26 1 0.475389 1
7 64 1 3.32894 1
7 65 1 1.07753 1
7 66 1 -0.902165 1
7 67 1 -3.86419 1
7 68 1 -2.33836 1
7 69 1 -0.991097 1
7 70 1 4.77232 1
7 71 1 0.374656 1
7 72 1 2.41959 1
7 73 1 -0.250464 1
7 74 1 -2.12757 1
7 75 1 -2.09928 1
7 76 1 2.57609 1
7 77 1 -0.687096 1
7 78 1 1.98717 1
7 79 1 2.17333 1
7 80 1 -0.773202 1
7 81 1 1.34215 1
7 82 1 -5.14662 0
7 83 1 2.47282 0
7 84 1 -1.89765 1
7 85 1 3.21187 1
7 86 1 0.426109 1
7 87 1 3.40455 1
7 88 1 -2.51065 1
7 89 1 -2.39317 1
7 90 1 -0.581826 1
7 91 1 -2.79716 1
7 92 1 1.68764 1
7 93 1 -1.295 1
7 94 1 0.31136 1
7 95 1 2.97847 1
7 100 1 -0.743152 1
7 127 1 1.16882 1
127 82 1 -3.83684 1
100 83 1 1.49417 1
100 24 1 -0.76051 0
100 106 1 3.96167 1
106 24 1 -4.95467 1
106 6 1 0.0730714 1
8 64 1 2.04326 1
8 65 1 -3.53561 1
8 66 1 -0.144032 1
8 67 1 1.6527 1
8 68 1 -0.89426 1
8 69 1 3.21013 1
8 70 1 0.996249 1
8 71 1 3.68333 1
8 72 1 2.47345 1
8 73 1 0.860415 1
8 74 1 -1.00331 1
8 75 1 -1.97909 1
8 76 1 -0.782727 1
8 77 1 2.88157 1
8 78 1 -0.235989 1
8 79 1 -2.04658 1
8 80 1 0.265731 1
8 81 1 -0.28909 1
8 82 1 0.289806 1
8 83 1 -3.69759 1
8 84 1 5.21184 1
8 85 1 7.37098 1
8 86 1 5.03535 1
8 87 1 0.747174 1
8 88 1 1.0651 1
8 89 1 3.08951 1
8 90 1 -0.846814 1
8 91 1 -0.265352 1
8 92 1 3.37873 1
8 93 1 5.14106 1
8 94 1 5.42313 1
8 95 1 0.892311 1
8 17 1 -1.30595 1
9 64 1 -2.71487 1
9 65 1 -3.84699 1
9 66 1 0.671688 1
9 67 1 1.2929 1
9 68 1 -0.855425 1
9 69 1 0.382574 1
9 70 1 -4.91777 1
9 71 1 0.143986 1
9 72 1 2.75073 1
9 73 1 -2.45958 1
9 74 1 0.222509 1
9 75 1 0.208407 1
9 76 1 2.511 1
9 77 1 -0.36568 1
9 78 1 2.7524 1
9 79 1 1.68197 1
9 80 1 -1.4798 1
9 81 1 0.686012 1
9 82 1 -2.64872 1
9 83 1 0.361936 1
9 84 1 3.2619 1
9 85 1 2.89036 1
9 86 1 -1.45597 1
9 87 1 1.11275 1
9 88 1 0.641229 1
9 89 1 6.08145 1
9 90 1 -1.15138 1
9 91 1 0.29826 1
9 92 1 -1.17844 1
9 93 1 -1.09881 1
9 94 1 -2.55586 1
9 95 1 0.722801 1
9 103 1 -0.73259 1
9 130 1 0.178824 1
10 64 1 0.95387 1
10 65 1 0.141502 1
10 66 1 5.10946 1
10 67 1 -4.95772 1
10 68 1 3.8885 1
10 69 1 -0.415763 1
10 70 1 -0.404127 1
10 71 1 -1.90897 1
10 72 1 3.70798 1
10 73 1 2.67688 1
10 74 1 0.455753 0
10 75 1 0.279054 1
10 76 1 1.80244 1
10 77 1 0.22126 1
10 78 1 -0.526386 1
10 79 1 -4.65523 1
10 80 1 -2.21281 1
10 81 1 2.63483 1
10 82 1 2.67912 1
10 83 1 1.28506 1
10 84 1 3.70618 1
10 85 1 3.33094 1
10 86 1 -2.03292 1
10 87 1 0.314263 1
10 88 1 2.51991 1
10 89 1 -0.140999 1
10 90 1 -0.288284 1
10 91 1 3.0066 1
10 92 1 0.468335 1
10 93 1 -1.49708 1
10 94 1 3.9057 1
10 95 1 5.53639 1
10 124 1 1.82705 1
124 74 1 0.608988 1
11 64 1 3.28247 1
11 65 1 1.11842 1
11 66 1 2.99176 1
11 67 1 -0.301552 1
11 68 1 4.59497 1
11 69 1 0.28687 1
11 70 1 2.82728 1
11 71 1 1.07801 1
11 72 1 -1.83214 1
11 73 1 1.11245 1
11 74 1 -0.781797 0
11 75 1 -1.0471 1
11 76 1 -2.00864 1
11 77 1 -0.414245 1
11 78 1 -1.46187 1
11 79 1 -1.20958 1
11 80 1 -1.65617 1
11 81 1 0.66737 1
11 82 1 4.5772 1
11 83 1 0.972787 1
11 84 1 2.82912 1
11 85 1 -1.43334 1
11 86 1 -4.96844 1
11 87 1 -1.51129 1
11 88 1 -2.37941 1
11 89 1 0.323924 1
11 90 1 -1.5414 1
11 91 1 0.184583 1
11 92 1 -2.97305 1
11 93 1 3.48683 1
11 94 1 -1.63034 1
11 95 1 -3.82908 1
11 120 1 -3.61833 1
11 109 1 1.56114 1
120 74 1 -1.00476 1
12 64 1 0.0528173 1
12 65 1 0.708904 1
12 66 1 -2.74648 1
12 67 1 -3.72506 1
12 68 1 -0.174078 1
12 69 1 1.12614 1
12 70 1 0.0878089 1
12 71 1 1.71721 1
12 72 1 1.42642 1
12 73 1 -4.75369 1
12 74 1 -4.54492 1
12 75 1 -1.40697 1
12 76 1 0.172771 1
12 77 1 0.0885235 1
12 78 1 0.716682 1
12 79 1 -1.2463 1
12 80 1 -1.50129 1
12 81 1 -1.31522 1
12 82 1 3.31749 1
12 83 1 -0.803459 1
12 84 1 0.884247 1
12 85 1 -0.827256 1
12 86 1 0.5234 1
12 87 1 0.824969 1
12 88 1 -3.03878 1
12 89 1 2.87913 1
12 90 1 -0.938666 1
12 91 1 -1.71062 1
12 92 1 1.4101 1
12 93 1 -2.96509 1
12 94 1 2.31164 1
12 95 1 -2.21721 1
12 17 1 0.600916 1
12 18 1 0.193054 1
13 64 1 -0.14867 1
13 65 1 -3.71579 1
13 66 1 -0.861087 1
13 67 1 1.59265 1
13 68 1 2.17302 1
13 69 1 -3.27197 1
13 70 1 1.44998 1
13 71 1 0.73667 1
13 72 1 1.35434 1
13 73 1 -3.24298 1
13 74 1 -1.66219 1
13 75 1 -0.847604 1
13 76 1 -0.418886 1
13 77 1 -2.20851 1
13 78 1 1.01423 1
13 79 1 0.938747 1
13 80 1 1.38625 1
13 81 1 0.571437 1
13 82 1 -0.188113 1
13 83 1 0.23816 1
13 84 1 -2.72317 1
13 85 1 6.00304 1
13 86 1 6.2526 1
13 87 1 6.95146 1
13 88 1 2.90985 1
13 89 1 0.461174 1
13 90 1 -4.73128 1
13 91 1 -3.74978 1
13 92 1 -1.08141 1
13 93 1 -4.72822 1
13 94 1 -0.0367878 1
13 95 1 -3.14622 1
14 64 1 -1.34707 1
14 65 1 4.69687 1
14 66 1 1.3911 1
14 67 1 -0.690498 1
14 68 1 -2.63394 1
14 69 1 3.58174 1
14 70 1 -2.39394 1
14 71 1 1.60679 1
14 72 1 2.02771 1
14 73 1 -1.25809 1
14 74 1 0.687256 1
14 75 1 1.9591 1
14 76 1 -0.869417 1
14 77 1 1.04943 1
14 78 1 -1.71289 1
14 79 1 -0.719951 1
14 80 1 -1.47931 1
14 81 1 0.363168 0
14 82 1 5.45974 1
14 83 1 -0.893037 1
14 84 1 0.616302 1
14 85 1 -2.19966 1
14 86 1 2.09765 1
14 87 1 -2.3108 1
14 88 1 -0.963131 1
14 89 1 -0.798712 1
14 90 1 1.43034 1
14 91 1 4.35353 1
14 92 1 2.19246 1
14 93 1 1.22403 1
14 94 1 5.62252 1
14 95 1 -0.0830108 1
14 104 1 -2.32536 1
14 119 1 1.68927 1
119 81 1 4.40156 1
119 99 1 -1.19825 1
15 64 1 0.58766 1
15 65 1 1.82783 1
15 66 1 -2.33565 1
15 67 1 -1.78125 1
15 68 1 -0.603237 1
15 69 1 -2.4096 1
15 70 1 7.55848 1
15 71 1 -0.763174 1
15 72 1 -0.475274 1
15 73 1 -1.25837 1
15 74 1 1.90543 1
15 75 1 -0.324955 1
15 76 1 -0.712674 1
15 77 1 1.15845 1
15 78 1 -1.3364 1
15 79 1 -0.693944 1
15 80 1 1.58268 1
15 81 1 0.992717 1
15 82 1 -2.7956 1
15 83 1 -0.349784 1
15 84 1 2.41541 1
15 85 1 -0.878865 1
15 86 1 1.46441 1
15 87 1 -4.33284 1
15 88 1 0.658053 1
15 89 1 1.8943 1
15 90 1 0.0690165 1
15 91 1 -4.85496 1
15 92 1 1.2697 1
15 93 1 -0.568541 1
15 94 1 1.87042 1
15 95 1 2.75975 1
16 64 1 3.40038 1
16 65 1 -0.429537 1
16 66 1 -4.25978 1
16 67 1 -3.8519 1
16 68 1 1.20698 1
16 69 1 0.856492 1
16 70 1 2.49969 1
16 71 1 4.00042 1
16 72 1 -0.183251 1
16 73 1 -1.81199 1
16 74 1 1.00885 1
16 75 1 1.01158 1
16 76 1 0.284378 1
16 77 1 1.52506 1
16 78 1 -1.36562 1
16 79 1 -1.14379 1
16 80 1 0.730786 1
16 81 1 3.54197 1
16 82 1 -1.51117 1
16 83 1 2.73373 1
16 84 1 -1.50088 1
16 85 1 -0.435392 1
16 86 1 -2.12129 1
16 87 1 -1.57785 1
16 88 1 0.936169 1
16 89 1 0.0195633 1
16 90 1 -0.558614 1
16 91 1 2.96832 1
16 92 1 4.28405 1
16 93 1 -2.02161 1
16 94 1 -0.687607 1
16 95 1 -1.10796 1
16 26 1 -1.33892 1
17 64 1 -3.73812 1
17 65 1 -1.63675 1
17 66 1 -2.85814 1
17 67 1 4.84792 1
17 68 1 -1.50035 1
17 69 1 -0.509997 1
17 70 1 1.22882 1
17 71 1 1.87919 1
17 72 1 -6.01719 0
17 73 1 0.652304 1
17 74 1 3.04877 1
17 75 1 1.30238 1
17 76 1 -1.29383 1
17 77 1 2.3621 1
17 78 1 0.943765 1
17 79 1 -3.96054 1
17 80 1 4.22343 1
17 81 1 2.13579 1
17 82 1 -0.95729 1
17 83 1 -1.88995 1
17 84 1 -3.68542 1
17 85 1 1.78322 1
17 86 1 1.42643 1
17 87 1 -2.15939 1
17 88 1 -5.98753 1
17 89 1 1.98288 1
17 90 1 -3.34628 1
17 91 1 6.40662 1
17 92 1 0.322667 1
17 93 1 4.01227 1
17 94 1 2.36301 1
17 95 1 0.264876 1
17 146 1 0.897349 1
146 72 1 -6.71707 1
18 64 1 2.53376 1
18 65 1 -1.2585 1
18 66 1 1.9806 1
18 67 1 0.6453 1
18 68 1 -1.33508 1
18 69 1 0.633743 1
18 70 1 2.00396 1
18 71 1 0.103818 1
18 72 1 1.98449 1
18 73 1 -0.561161 1
18 74 1 1.58505 1
18 75 1 0.639415 1
18 76 1 3.40203 1
18 77 1 -0.418577 1
18 78 1 3.32015 1
18 79 1 0.96433 1
18 80 1 -4.78819 1
18 81 1 2.07412 1
18 82 1 -3.43066 1
18 83 1 2.11805 1
18 84 1 -1.78894 1
18 85 1 0.991413 1
18 86 1 4.26268 1
18 87 1 -1.31021 1
18 88 1 1.10385 1
18 89 1 -3.03372 1
18 90 1 0.89432 1
18 91 1 2.63311 1
18 92 1 -2.13994 1
18 93 1 0.850141 1
18 94 1 -1.6546 1
18 95 1 0.518548 1
18 25 1 -0.296279 1
18 18 1 -0.421891 1
18 139 1 -0.556383 1
19 64 1 3.85941 1
19 65 1 -1.92328 1
19 66 1 3.37457 1
19 67 1 -0.123594 1
19 68 1 -2.36254 1
19 69 1 1.72377 1
19 70 1 -1.79551 1
19 71 1 -2.63038 1
19 72 1 3.78162 1
19 73 1 1.26042 1
19 74 1 -0.296546 1
19 75 1 1.03235 1
19 76 1 -2.08366 1
19 77 1 -1.98208 1
19 78 1 -4.36423 1
19 79 1 3.75189 1
19 80 1 0.741214 1
19 81 1 -4.64923 1
19 82 1 0.855901 1
19 83 1 -4.22339 1
19 84 1 0.596463 1
19 85 1 0.759367 1
19 86 1 0.713372 1
19 87 1 2.26723 1
19 88 1 0.867378 1
19 89 1 4.143 1
19 90 1 -0.91385 1
19 91 1 0.83436 1
19 92 1 -0.0823731 1
19 93 1 -4.19175 1
19 94 1 -0.872924 1
19 95 1 -4.91808 1
20 64 1 1.3908 1
20 65 1 -0.977245 1
20 66 1 -1.36583 1
20 67 1 1.56097 1
20 68 1 -0.839574 1
20 69 1 -0.571084 1
20 70 1 -3.25694 1
20 71 1 2.99363 1
20 72 1 1.54108 1
20 73 1 2.3509 1
20 74 1 2.76296 1
20 75 1 2.67408 1
20 76 1 -0.0135326 1
20 77 1 -0.0906064 1
20 78 1 3.27134 1
20 79 1 1.73901 1
20 80 1 0.137464 1
20 81 1 0.793357 1
20 82 1 3.13521 1
20 83 1 0.476573 1
20 84 1 0.455029 1
20 85 1 -3.81492 1
20 86 1 0.212452 1
20 87 1 -1.86008 1
20 88 1 1.80574 1
20 89 1 1.35363 1
20 90 1 2.74477 1
20 91 1 0.975183 0
20 92 1 -1.28049 1
20 93 1 0.153522 0
20 94 1 3.26383 0
20 95 1 -0.119676 1
20 96 1 -3.68773 1
20 98 1 -0.0372861 1
20 103 1 0.497941 1
20 109 1 0.145066 1
103 91 1 1.31758 0
103 105 1 1.43032 1
103 112 1 -0.72053 0
103 123 1 0.593486 1
103 140 1 -1.40423 1
140 112 1 1.16641 1
123 91 1 1.8042 1
123 113 1 1.08009 0
123 136 1 0.387685 1
123 137 1 -0.446504 1
136 113 1 -1.19869 1
105 91 1 1.70047 0
105 129 1 -0.161092 1
129 91 1 -0.448108 0
129 135 1 1.16216 1
129 116 1 -0.447727 1
135 91 1 -0.552956 1
98 93 1 0.738583 1
98 99 1 5.17422 1
98 15 1 0.504977 1
96 94 1 1.38928 1
96 20 1 -0.906295 1
21 64 1 1.15349 1
21 65 1 5.14015 1
21 66 1 -3.61325 1
21 67 1 -3.21766 1
21 68 1 -1.23476 1
21 69 1 2.46419 1
21 70 1 -1.73094 1
21 71 1 -3.61114 1
21 72 1 -6.92155 1
21 73 1 -0.552916 1
21 74 1 -1.73556 1
21 75 1 1.61864 1
21 76 1 -0.459837 1
21 77 1 -0.433256 1
21 78 1 -1.85203 1
21 79 1 -1.08416 1
21 80 1 1.35676 1
21 81 1 -1.29625 1
21 82 1 -2.22357 1
21 83 1 0.393258 1
21 84 1 4.42873 1
21 85 1 -1.33597 1
21 86 1 2.25185 1
21 87 1 -0.494413 1
21 88 1 2.28076 1
21 89 1 0.103183 1
21 90 1 -0.943827 1
21 91 1 0.575375 0
21 92 1 1.6022 1
21 93 1 -0.120814 1
21 94 1 -3.57756 1
21 95 1 -0.661074 1
21 143 1 1.80111 1
143 91 1 -0.10676 1
22 64 1 1.68464 1
22 65 1 1.74228 1
22 66 1 0.277018 1
22 67 1 4.52015 1
22 68 1 -1.14651 1
22 69 1 -1.72426 1
22 70 1 -1.75787 1
22 71 1 1.00874 1
22 72 1 -3.03452 1
22 73 1 0.00771974 1
22 74 1 -2.40937 1
22 75 1 -0.347331 1
22 76 1 1.15811 1
22 77 1 0.0823515 1
22 78 1 4.60336 1
22 79 1 5.7757 1
22 80 1 -1.40078 1
22 81 1 -2.31172 1
22 82 1 -0.0138513 1
22 83 1 -0.615982 1
22 84 1 -1.68852 1
22 85 1 0.0568015 1
22 86 1 0.0764914 1
22 87 1 3.84425 1
22 88 1 -2.77677 1
22 89 1 -1.53089 1
22 90 1 1.36653 1
22 91 1 -0.195719 1
22 92 1 1.02665 1
22 93 1 1.65968 1
22 94 1 4.0297 1
22 95 1 3.04316 1
23 64 1 -2.10559 1
23 65 1 1.42465 1
23 66 1 0.449894 1
23 67 1 2.93906 1
23 68 1 -2.51015 1
23 69 1 1.83895 1
23 70 1 3.99342 1
23 71 1 -3.6241 1
23 72 1 1.20206 1
23 73 1 0.367742 1
23 74 1 1.4678 1
23 75 1 0.0613573 1
23 76 1 2.92258 1
23 77 1 4.07597 1
23 78 1 -0.112648 1
23 79 1 -4.18225 1
23 80 1 0.478166 1
23 81 1 0.62195 1
23 82 1 -2.10023 1
23 83 1 1.29341 1
23 84 1 4.12597 1
23 85 1 -1.68716 1
23 86 1 -8.3428 1
23 87 1 0.0770181 1
23 88 1 1.93245 1
23 89 1 -1.32345 1
23 90 1 -2.05014 1
23 91 1 -1.51882 1
23 92 1 0.529255 1
23 93 1 1.93094 1
23 94 1 -1.19606 1
23 95 1 -0.0221521 1
23 107 1 0.729608 1
23 27 1 0.12024 1
24 64 1 -2.43331 1
24 65 1 2.0655 1
24 66 1 -1.12861 1
24 67 1 5.75937 1
24 68 1 -4.98986 1
24 69 1 4.12864 1
24 70 1 0.352467 1
24 71 1 3.35311 1
24 72 1 1.21877 1
24 73 1 2.00838 1
24 74 1 0.13004 1
24 75 1 0.457388 1
24 76 1 -0.796376 1
24 77 1 -0.420295 1
24 78 1 -4.26371 1
24 79 1 -0.601774 1
24 80 1 3.25202 1
24 81 1 0.641533 1
24 82 1 2.64676 1
24 83 1 -4.37084 1
24 84 1 -2.5379 1
24 85 1 -1.12939 1
24 86 1 -3.25162 1
24 87 1 2.21238 1
24 88 1 -3.24857 1
24 89 1 7.19588 1
24 90 1 3.67477 1
24 91 1 -3.49563 1
24 92 1 0.0546478 1
24 93 1 -0.939722 1
24 94 1 -0.7747 1
24 95 1 -0.213901 1
24 5 1 0.950559 1
25 64 1 1.60846 1
25 65 1 1.73107 1
25 66 1 0.382348 1
25 67 1 -0.792303 1
25 68 1 4.38094 1
25 69 1 -3.94274 1
25 70 1 1.1927 0
25 71 1 -4.04831 1
25 72 1 1.98741 1
25 73 1 0.173503 1
25 74 1 2.05932 1
25 75 1 -0.722732 1
25 76 1 -1.26932 1
25 77 1 0.0926768 1
25 78 1 3.32788 1
25 79 1 -0.995298 1
25 80 1 -0.497918 1
25 81 1 -3.85912 1
25 82 1 -0.924612 1
25 83 1 3.46199 1
25 84 1 -2.70754 1
25 85 1 -2.2163 1
25 86 1 1.05873 1
25 87 1 0.97222 1
25 88 1 0.544049 1
25 89 1 2.58267 1
25 90 1 -3.17431 1
25 91 1 2.23845 1
25 92 1 1.59196 1
25 93 1 -0.326462 1
25 94 1 0.110935 1
25 95 1 -3.31063 1
25 8 1 1.34357 1
25 6 1 -2.11372 1
25 121 1 -1.42357 1
121 70 1 6.05906 1
26 64 1 -4.01073 1
26 65 1 2.53317 1
26 66 1 0.43469 1
26 67 1 1.09899 1
26 68 1 1.19106 1
26 69 1 2.92813 1
26 70 1 -2.27485 1
26 71 1 0.198284 1
26 72 1 -2.19107 1
26 73 1 0.306373 1
26 74 1 -3.08186 1
26 75 1 3.17235 1
26 76 1 0.177472 1
26 77 1 -3.67969 1
26 78 1 3.03431 1
26 79 1 -0.224283 1
26 80 1 0.0491694 1
26 81 1 3.6973 1
26 82 1 0.573004 1
26 83 1 1.54644 1
26 84 1 -3.26341 1
26 85 1 0.475711 1
26 86 1 -4.32215 1
26 87 1 2.38849 1
26 88 1 -2.94111 1
26 89 1 -0.00894904 1
26 90 1 -2.02596 1
26 91 1 -3.80938 1
26 92 1 -0.907295 1
26 93 1 1.08563 1
26 94 1 3.1885 1
26 95 1 -1.54127 1
26 23 1 3.56056 1
26 15 1 2.68076 1
27 64 1 -4.08135 1
27 65 1 4.37498 1
27 66 1 3.53902 1
27 67 1 -1.94867 1
27 68 1 1.21924 1
27 69 1 1.71292 1
27 70 1 3.94603 1
27 71 1 -5.14695 1
27 72 1 -0.976443 1
27 73 1 0.73713 1
27 74 1 -1.89485 1
27 75 1 0.347982 1
27 76 1 -2.5022 1
27 77 1 -1.30862 1
27 78 1 -0.545074 1
27 79 1 0.946004 1
27 80 1 -1.04612 1
27 81 1 -0.100162 1
27 82 1 0.475469 1
27 83 1 0.686606 1
27 84 1 0.204414 1
27 85 1 1.06501 1
27 86 1 -1.82001 1
27 87 1 1.90296 1
27 88 1 -4.14531 1
27 89 1 -3.67835 1
27 90 1 3.51692 1
27 91 1 -1.01674 1
27 92 1 -1.24458 1
27 93 1 -1.01916 1
27 94 1 2.64667 1
27 95 1 -2.92657 1
27 9 1 0.468711 1
27 5 1 -1.0102 1
28 64 1 2.41993 1
28 65 1 0.147934 1
28 66 1 -2.79715 1
28 67 1 4.40168 1
28 68 1 2.59703 1
28 69 1 1.30847 1
28 70 1 -0.893134 1
28 71 1 -2.32336 1
28 72 1 -5.56744 1
28 73 1 2.36323 1
28 74 1 -0.281791 1
28 75 1 0.419666 1
28 76 1 -0.470547 1
28 77 1 0.00731299 1
28 78 1 -2.41441 1
28 79 1 0.790764 1
28 80 1 2.46482 1
28 81 1 -1.46654 1
28 82 1 2.99599 1
28 83 1 3.76573 1
28 84 1 1.18744 1
28 85 1 -7.99586 1
28 86 1 -3.2809 1
28 87 1 -2.83902 1
28 88 1 -4.73095 1
28 89 1 1.07717 1
28 90 1 -4.04656 1
28 91 1 -0.642638 1
28 92 1 0.96022 1
28 93 1 -2.7833 1
28 94 1 3.1678 1
28 95 1 -3.57955 1
29 64 1 0.139564 1
29 65 1 -2.224 1
29 66 1 -0.114747 1
29 67 1 2.3944 1
29 68 1 -7.51623 1
29 69 1 1.10625 1
29 70 1 -0.860683 1
29 71 1 -1.78391 1
29 72 1 -0.047884 1
29 73 1 -0.639323 1
29 74 1 0.644448 1
29 75 1 -0.674408 1
29 76 1 -0.615398 1
29 77 1 2.24945 1
29 78 1 -4.68084 1
29 79 1 -2.55539 1
29 80 1 2.39675 1
29 81 1 0.0735381 1
29 82 1 0.662183 1
29 83 1 -0.523773 1
29 84 1 1.18287 1
29 85 1 0.252171 1
29 86 1 -2.49117 1
29 87 1 -4.55805 1
29 88 1 -0.800758 1
29 89 1 -2.13332 1
29 90 1 -0.33545 1
29 91 1 1.39486 1
29 92 1 0.749591 1
29 93 1 1.59999 1
29 94 1 -0.942275 1
29 95 1 0.464207 1
29 113 1 1.02128 1
30 64 1 -1.10971 1
30 65 1 1.45586 1
30 66 1 3.04797 1
30 67 1 2.14813 1
30 68 1 2.04928 1
30 69 1 2.53547 1
30 70 1 1.48663 1
30 71 1 -2.22648 1
30 72 1 -0.639149 1
30 73 1 4.09778 1
30 74 1 -0.710882 1
30 75 1 3.58098 1
30 76 1 2.1229 1
30 77 1 -0.990869 1
30 78 1 2.08685 1
30 79 1 3.10191 1
30 80 1 -0.631114 1
30 81 1 -3.48906 1
30 82 1 2.67067 1
30 83 1 4.70336 1
30 84 1 1.35302 1
30 85 1 -1.56137 1
30 86 1 -2.22296 1
30 87 1 -3.35765 1
30 88 1 1.64616 1
30 89 1 -0.59096 1
30 90 1 2.08029 1
30 91 1 5.4221 1
30 92 1 -1.50573 1
30 93 1 2.51947 1
30 94 1 2.73922 1
30 95 1 -1.05558 1
31 64 1 2.33116 1
31 65 1 0.486873 1
31 66 1 -1.92337 1
31 67 1 4.68081 1
31 68 1 3.39649 1
31 69 1 1.93103 1
31 70 1 -4.40361 1
31 71 1 1.27759 1
31 72 1 -3.62897 1
31 73 1 -1.97383 1
31 74 1 0.989809 1
31 75 1 0.423495 1
31 76 1 -0.012396 1
31 77 1 0.674853 1
31 78 1 -2.78842 1
31 79 1 1.05802 1
31 80 1 -0.858815 1
31 81 1 -1.26721 1
31 82 1 0.125273 1
31 83 1 -0.537905 1
31 84 1 -2.4878 1
31 85 1 -2.33151 1
31 86 1 0.00576657 1
31 87 1 -1.38041 0
31 88 1 3.29549 1
31 89 1 -0.121134 1
31 90 1 1.82712 1
31 91 1 -2.21619 1
31 92 1 -0.361915 1
31 93 1 2.10532 1
31 94 1 1.15425 1
31 95 1 -1.179 1
31 122 1 2.86159 1
122 87 1 0.233604 1
32 64 1 7.22089 1
32 65 1 2.7125 1
32 66 1 -3.03574 1
32 67 1 3.11805 1
32 68 1 -0.283651 1
32 69 1 1.98786 1
32 70 1 -1.51768 1
32 71 1 1.68618 1
32 72 1 -3.45352 1
32 73 1 0.844333 1
32 74 1 -2.27982 1
32 75 1 3.22664 1
32 76 1 -2.75527 1
32 77 1 2.61426 1
32 78 1 -0.324208 1
32 79 1 1.30932 1
32 80 1 0.442345 1
32 81 1 -2.28819 1
32 82 1 -1.86494 1
32 83 1 -2.85196 1
32 84 1 1.49973 1
32 85 1 -2.43602 1
32 86 1 0.695355 1
32 87 1 -0.701243 1
32 88 1 -1.37747 1
32 89 1 -3.15272 1
32 90 1 0.553854 1
32 91 1 -3.38461 1
32 92 1 1.66078 1
32 93 1 0.837903 1
32 94 1 -1.0649 1
32 95 1 -2.29449 1
33 64 1 2.26315 1
33 65 1 -5.1957 1
33 66 1 -0.971066 1
33 67 1 -2.9743 1
33 68 1 -0.410332 1
33 69 1 -0.909228 1
33 70 1 3.45453 1
33 71 1 5.38707 1
33 72 1 0.887989 1
33 73 1 3.54829 1
33 74 1 2.31782 1
33 75 1 -5.23762 1
33 76 1 -0.942381 1
33 77 1 2.71326 1
33 78 1 -2.65999 1
33 79 1 -2.62594 1
33 80 1 1.95996 1
33 81 1 -1.5933 1
33 82 1 -0.294773 1
33 83 1 2.02975 1
33 84 1 1.42325 1
33 85 1 0.30981 1
33 86 1 -0.0443769 1
33 87 1 2.2974 1
33 88 1 2.63161 1
33 89 1 4.54805 1
33 90 1 -1.72673 1
33 91 1 1.26214 1
33 92 1 2.4647 1
33 93 1 1.80585 1
33 94 1 0.0488955 1
33 95 1 0.0313468 1
33 20 1 -1.54313 1
33 107 1 1.30614 1
33 13 1 -0.693598 1
34 64 1 0.231292 1
34 65 1 -1.74022 1
34 66 1 1.46024 1
34 67 1 2.314 1
34 68 1 0.594523 1
34 69 1 -0.21171 1
34 70 1 -1.75246 1
34 71 1 -0.999237 1
34 72 1 -1.8773 1
34 73 1 -2.80173 1
34 74 1 1.2146 1
34 75 1 3.82248 1
34 76 1 -1.70502 1
34 77 1 -0.351379 1
34 78 1 -0.581394 1
34 79 1 1.29244 1
34 80 1 2.57422 1
34 81 1 -1.04552 1
34 82 1 -0.679877 1
34 83 1 0.950877 1
34 84 1 1.13314 1
34 85 1 -0.448312 1
34 86 1 -0.481229 1
34 87 1 0.105777 1
34 88 1 1.39878 1
34 89 1 -1.35166 1
34 90 1 -4.41222 1
34 91 1 1.82727 1
34 92 1 -0.454326 1
34 93 1 -2.90659 1
34 94 1 2.5327 1
34 95 1 2.17369 1
34 113 1 -0.476731 1
35 64 1 -0.461157 1
35 65 1 -0.957481 1
35 66 1 1.08587 1
35 67 1 1.95491 1
35 68 1 0.286955 1
35 69 1 3.98967 1
35 70 1 2.85033 1
35 71 1 1.38667 1
35 72 1 3.17977 1
35 73 1 6.56825 1
35 74 1 2.5185 1
35 75 1 -1.2788 1
35 76 1 -3.48311 1
35 77 1 1.34663 1
35 78 1 -1.88669 1
35 79 1 -0.0647793 1
35 80 1 -7.49622 1
35 81 1 -1.66232 1
35 82 1 2.13886 0
35 83 1 -0.093017 1
35 84 1 2.87129 1
35 85 1 -4.34278 1
35 86 1 -2.41591 1
35 87 1 -2.39921 1
35 88 1 -0.637818 1
35 89 1 1.16433 0
35 90 1 -1.61142 1
35 91 1 -1.88119 1
35 92 1 -3.2536 1
35 93 1 -0.863861 1
35 94 1 -2.50341 1
35 95 1 0.391304 1
35 130 1 1.06525 1
35 133 1 3.20486 1
133 82 1 2.67416 1
130 89 1 1.72117 1
36 64 1 0.474186 1
36 65 1 1.46004 1
36 66 1 0.749633 1
36 67 1 0.310906 1
36 68 1 -4.92301 1
36 69 1 -2.85515 1
36 70 1 -0.325384 1
36 71 1 1.83926 1
36 72 1 -0.745931 1
36 73 1 -0.547281 1
36 74 1 0.711358 1
36 75 1 1.07866 1
36 76 1 2.02818 1
36 77 1 -4.61448 1
36 78 1 -1.23285 1
36 79 1 3.18304 1
36 80 1 0.737645 1
36 81 1 -2.22844 1
36 82 1 -2.24497 0
36 83 1 1.08558 1
36 84 1 1.30782 1
36 85 1 -2.86884 1
36 86 1 1.33661 1
36 87 1 -0.494037 1
36 88 1 0.180418 1
36 89 1 0.911723 1
36 90 1 -2.7504 1
36 91 1 1.15843 1
36 92 1 3.9714 1
36 93 1 1.17208 1
36 94 1 -3.44562 1
36 95 1 5.50987 1
36 109 1 0.573289 0
36 24 1 -1.23961 1
36 117 1 0.643031 1
117 109 1 0.75799 1
109 82 1 1.97641 1
109 31 1 -0.867152 1
37 64 1 -5.14843 1
37 65 1 1.60216 1
37 66 1 -1.7735 1
37 67 1 -0.821763 1
37 68 1 -4.5429 1
37 69 1 0.571875 1
37 70 1 -3.22385 1
37 71 1 -0.470269 1
37 72 1 2.24933 1
37 73 1 2.24805 1
37 74 1 -0.824472 1
37 75 1 1.20281 1
37 76 1 2.58213 0
37 77 1 2.65887 1
37 78 1 -1.16437 1
37 79 1 -0.166751 1
37 80 1 2.98202 1
37 81 1 -0.211054 1
37 82 1 3.37126 1
37 83 1 1.92071 1
37 84 1 -4.84678 1
37 85 1 1.39456 1
37 86 1 -1.95892 1
37 87 1 2.51671 1
37 88 1 -2.50125 1
37 89 1 -0.0749534 1
37 90 1 -0.224226 1
37 91 1 1.85917 1
37 92 1 3.19333 1
37 93 1 0.265438 1
37 94 1 -2.27756 1
37 95 1 -1.24262 1
37 142 1 1.39515 1
142 76 1 0.181733 1
38 64 1 0.740621 1
38 65 1 -2.08076 1
38 66 1 -1.14731 1
38 67 1 -0.711853 1
38 68 1 -2.3822 1
38 69 1 -5.40082 1
38 70 1 0.188538 1
38 71 1 -0.912057 1
38 72 1 -1.88181 1
38 73 1 -0.0406229 1
38 74 1 -1.31395 1
38 75 1 1.92131 1
38 76 1 2.74234 1
38 77 1 -1.04557 1
38 78 1 -1.54585 1
38 79 1 -1.02333 1
38 80 1 -5.68033 1
38 81 1 -1.25496 1
38 82 1 3.1083 1
38 83 1 -1.56825 1
38 84 1 -3.40101 1
38 85 1 -2.94845 1
38 86 1 0.708387 1
38 87 1 -0.333603 1
38 88 1 1.49183 1
38 89 1 3.75633 1
38 90 1 -0.637114 1
38 91 1 2.36656 1
38 92 1 1.87388 0
38 93 1 -2.28648 1
38 94 1 0.428227 1
38 95 1 -2.1735 1
38 148 1 0.944685 1
148 92 1 2.6389 1
39 64 1 0.666894 1
39 65 1 -1.99315 1
39 66 1 2.41472 1
39 67 1 -1.21163 1
39 68 1 0.901454 1
39 69 1 -0.718716 1
39 70 1 2.33747 1
39 71 1 -0.859676 1
39 72 1 -2.57866 1
39 73 1 -2.21639 1
39 74 1 0.916929 1
39 75 1 2.07695 0
39 76 1 2.52951 1
39 77 1 -0.212986 1
39 78 1 -2.49743 1
39 79 1 -2.58396 1
39 80 1 2.28615 1
39 81 1 -3.25809 1
39 82 1 -0.790316 1
39 83 1 0.456985 1
39 84 1 -2.06069 1
39 85 1 0.468441 1
39 86 1 1.74079 1
39 87 1 0.103421 1
39 88 1 -2.1701 1
39 89 1 0.290768 1
39 90 1 4.13836 1
39 91 1 -1.37488 1
39 92 1 4.35273 1
39 93 1 -0.354571 1
39 94 1 -4.65277 1
39 95 1 -0.105342 1
39 2 1 -4.56751 1
39 112 1 3.89133 1
39 13 1 -0.290346 1
39 104 1 -0.853594 1
112 75 1 -2.00995 1
112 138 1 -0.837501 1
40 64 1 -4.90222 1
40 65 1 -0.413597 1
40 66 1 1.93447 1
40 67 1 0.722098 1
40 68 1 3.39276 1
40 69 1 0.852803 1
40 70 1 -0.977426 1
40 71 1 0.794338 1
40 72 1 4.16367 1
40 73 1 1.30511 1
40 74 1 -1.07136 1
40 75 1 1.00051 1
40 76 1 -1.18296 1
40 77 1 3.62088 1
40 78 1 2.01371 1
40 79 1 -0.434184 1
40 80 1 -0.24832 1
40 81 1 -0.362504 1
40 82 1 0.34197 1
40 83 1 -2.37737 1
40 84 1 1.58652 1
40 85 1 2.61146 1
40 86 1 1.66855 1
40 87 1 1.13729 1
40 88 1 0.473428 1
40 89 1 -0.564704 1
40 90 1 -0.834712 1
40 91 1 -0.766713 1
40 92 1 -1.39626 1
40 93 1 1.9574 1
40 94 1 1.90892 1
40 95 1 1.62096 1
40 2 1 -0.754102 1
40 134 1 0.848178 1
41 64 1 4.63915 1
41 65 1 -0.621165 1
41 66 1 -0.584597 1
41 67 1 -0.878098 1
41 68 1 1.72367 1
41 69 1 -0.392282 1
41 70 1 1.57889 1
41 71 1 0.248526 1
41 72 1 4.92567 1
41 73 1 -5.81228 1
41 74 1 -0.392567 1
41 75 1 2.03496 1
41 76 1 -2.16552 1
41 77 1 -0.694495 1
41 78 1 -3.69596 1
41 79 1 0.49667 1
41 80 1 1.53955 1
41 81 1 2.93399 1
41 82 1 -2.49684 1
41 83 1 1.87478 1
41 84 1 -2.09072 1
41 85 1 0.502873 1
41 86 1 1.17102 1
41 87 1 1.56673 1
41 88 1 3.10115 1
41 89 1 -2.43959 1
41 90 1 -3.71954 1
41 91 1 0.133619 1
41 92 1 -0.288926 1
41 93 1 -0.840554 1
41 94 1 -0.351929 1
41 95 1 0.539534 1
41 11 1 2.75216 1
41 29 1 -1.16769 1
42 64 1 2.17631 1
42 65 1 1.55558 1
42 66 1 0.312402 1
42 67 1 -0.33051 1
42 68 1 -1.37177 1
42 69 1 -0.950324 1
42 70 1 -1.8929 1
42 71 1 -0.974544 1
42 72 1 -0.757861 1
42 73 1 -3.02369 1
42 74 1 1.84298 1
42 75 1 -0.583763 1
42 76 1 -2.81326 1
42 77 1 -1.39304 1
42 78 1 -2.07636 1
42 79 1 0.991702 1
42 80 1 -0.880199 1
42 81 1 0.68483 1
42 82 1 2.78978 1
42 83 1 2.46375 1
42 84 1 1.52538 1
42 85 1 0.824034 1
42 86 1 0.493894 1
42 87 1 -2.98056 1
42 88 1 -1.27632 1
42 89 1 -0.213086 1
42 90 1 1.6435 1
42 91 1 1.84555 1
42 92 1 -1.57084 1
42 93 1 3.27129 1
42 94 1 -2.22873 1
42 95 1 1.50407 1
43 64 1 2.27314 1
43 65 1 -2.65114 1
43 66 1 1.27601 1
43 67 1 2.40147 1
43 68 1 0.223823 1
43 69 1 -0.330485 1
43 70 1 0.135477 1
43 71 1 -4.22327 1
43 72 1 -0.939544 1
43 73 1 -7.94595 1
43 74 1 2.83476 1
43 75 1 -2.11799 1
43 76 1 1.34376 1
43 77 1 0.89579 1
43 78 1 0.148786 1
43 79 1 -2.77218 1
43 80 1 -0.847272 1
43 81 1 2.65156 1
43 82 1 1.00797 1
43 83 1 -2.54904 1
43 84 1 0.452149 1
43 85 1 3.44372 1
43 86 1 -0.229915 1
43 87 1 4.45813 1
43 88 1 -1.16595 1
43 89 1 3.43945 1
43 90 1 0.249259 1
43 91 1 -5.15229 1
43 92 1 3.07836 1
43 93 1 1.82089 1
43 94 1 -4.95757 1
43 95 1 1.81373 1
44 64 1 1.48374 1
44 65 1 -2.28603 1
44 66 1 0.80617 1
44 67 1 -1.68413 1
44 68 1 -1.60022 1
44 69 1 -0.516972 1
44 70 1 2.0883 1
44 71 1 0.835266 1
44 72 1 -2.75758 1
44 73 1 0.995751 1
44 74 1 -1.27004 1
44 75 1 -2.01895 1
44 76 1 -0.552888 1
44 77 1 1.71794 1
44 78 1 1.8571 1
44 79 1 0.43301 1
44 80 1 5.93163 1
44 81 1 -2.4161 1
44 82 1 1.31348 1
44 83 1 -2.71372 1
44 84 1 0.592013 1
44 85 1 -0.124325 1
44 86 1 1.82563 1
44 87 1 -0.119586 1
44 88 1 0.654407 1
44 89 1 0.750762 1
44 90 1 -0.28248 1
44 91 1 -0.350179 1
44 92 1 0.105752 1
44 93 1 3.78007 1
44 94 1 -1.75457 1
44 95 1 -0.413417 1
44 8 1 0.170905 1
44 29 1 1.21315 1
45 64 1 0.173889 1
45 65 1 3.60111 1
45 66 1 -1.11522 1
45 67 1 0.950482 1
45 68 1 -1.89369 1
45 69 1 -7.13633 1
45 70 1 -4.67089 1
45 71 1 0.373057 1
45 72 1 -3.94273 1
45 73 1 2.35506 1
45 74 1 2.8813 1
45 75 1 3.49894 1
45 76 1 -0.726472 1
45 77 1 0.905611 1
45 78 1 -3.39144 1
45 79 1 2.45292 1
45 80 1 -2.76111 1
45 81 1 0.0807756 1
45 82 1 -0.173187 1
45 83 1 -1.81857 1
45 84 1 1.48239 1
45 85 1 -3.33745 1
45 86 1 1.09655 1
45 87 1 1.0482 1
45 88 1 -0.0760849 1
45 89 1 -3.89459 1
45 90 1 0.302072 1
45 91 1 3.41369 1
45 92 1 -2.6876 1
45 93 1 -5.72529 1
45 94 1 1.56129 1
45 95 1 -2.3185 1
45 9 1 3.55404 1
45 20 1 -0.075889 1
46 64 1 -0.538874 1
46 65 1 0.852052 1
46 66 1 2.11857 1
46 67 1 1.82175 1
46 68 1 -5.92288 1
46 69 1 -0.955551 1
46 70 1 0.741257 1
46 71 1 -1.21281 1
46 72 1 2.48131 1
46 73 1 -2.539 1
46 74 1 -1.563 1
46 75 1 3.2675 1
46 76 1 -4.90484 1
46 77 1 1.75922 1
46 78 1 -0.765434 1
46 79 1 0.0797292 1
46 80 1 3.89995 1
46 81 1 0.0749292 1
46 82 1 -1.15944 1
46 83 1 2.17335 1
46 84 1 -0.724356 1
46 85 1 1.96986 1
46 86 1 -1.90791 1
46 87 1 1.91288 1
46 88 1 -2.15996 1
46 89 1 -3.55005 1
46 90 1 -2.96257 1
46 91 1 0.717936 1
46 92 1 -0.0920249 1
46 93 1 -2.58337 1
46 94 1 -0.797323 1
46 95 1 -1.21269 1
46 24 1 1.52973 1
47 64 1 -1.15696 1
47 65 1 0.502884 1
47 66 1 -3.47514 1
47 67 1 4.44708 1
47 68 1 -0.664204 1
47 69 1 2.56957 1
47 70 1 -0.991126 1
47 71 1 0.264677 1
47 72 1 0.543651 1
47 73 1 4.65673 0
47 74 1 -0.996823 1
47 75 1 -1.76033 1
47 76 1 -3.04357 1
47 77 1 -6.32966 1
47 78 1 -1.09267 1
47 79 1 2.01846 1
47 80 1 4.08481 1
47 81 1 -6.09346 1
47 82 1 1.08278 1
47 83 1 -0.626687 1
47 84 1 -3.51961 1
47 85 1 0.579104 1
47 86 1 -2.67277 1
47 87 1 4.97115 1
47 88 1 1.34103 1
47 89 1 0.857302 1
47 90 1 5.96363 1
47 91 1 2.14268 1
47 92 1 -1.74191 1
47 93 1 0.438572 1
47 94 1 0.322527 1
47 95 1 -0.468619 1
47 4 1 0.997435 1
47 137 1 0.431828 1
137 73 1 5.02115 1
48 64 1 0.0646267 1
48 65 1 0.5748 1
48 66 1 0.229058 1
48 67 1 -0.398377 1
48 68 1 -3.42297 1
48 69 1 -4.65792 1
48 70 1 0.575495 1
48 71 1 1.52101 1
48 72 1 -2.55676 1
48 73 1 2.19963 1
48 74 1 5.74929 1
48 75 1 -5.24731 1
48 76 1 1.60933 1
48 77 1 -3.39035 1
48 78 1 0.233816 1
48 79 1 1.09327 1
48 80 1 -1.62855 1
48 81 1 -1.0941 1
48 82 1 -0.11771 1
48 83 1 -0.105969 1
48 84 1 0.688733 1
48 85 1 1.04335 1
48 86 1 -2.55763 1
48 87 1 -1.25501 1
48 88 1 -2.85512 1
48 89 1 -0.444979 1
48 90 1 1.6327 1
48 91 1 1.43305 1
48 92 1 -4.64236 1
48 93 1 0.231415 1
48 94 1 3.27095 1
48 95 1 3.34566 1
48 16 1 -0.288475 1
48 12 1 -0.574667 1
48 14 1 -2.27579 1
49 64 1 0.776703 1
49 65 1 -0.43186 1
49 66 1 -0.212843 1
49 67 1 -0.518205 1
49 68 1 -1.71369 1
49 69 1 1.43012 1
49 70 1 0.343841 1
49 71 1 -3.83153 1
49 72 1 -0.110157 1
49 73 1 -0.811352 1
49 74 1 2.42242 1
49 75 1 1.39285 1
49 76 1 -5.33628 1
49 77 1 -2.2877 1
49 78 1 -2.67745 1
49 79 1 2.34387 1
49 80 1 5.84849 1
49 81 1 -3.73725 1
49 82 1 0.284056 1
49 83 1 -1.52526 1
49 84 1 2.33877 1
49 85 1 -3.29242 1
49 86 1 0.564494 1
49 87 1 -1.22957 1
49 88 1 -0.789451 1
49 89 1 -0.120425 1
49 90 1 -0.91126 1
49 91 1 0.411518 1
49 92 1 1.47901 1
49 93 1 -1.46942 1
49 94 1 1.43342 1
49 95 1 2.79029 1
49 19 1 -1.95643 1
49 31 1 0.0742184 1
49 15 1 -0.754665 1
50 64 1 -4.41178 1
50 65 1 -2.87055 1
50 66 1 1.98324 1
50 67 1 -1.94928 1
50 68 1 1.61319 1
50 69 1 0.241354 1
50 70 1 1.03827 1
50 71 1 5.26085 1
50 72 1 -1.55221 1
50 73 1 4.79144 1
50 74 1 -1.80922 1
50 75 1 0.768021 1
50 76 1 -1.58442 1
50 77 1 0.566708 1
50 78 1 3.46703 1
50 79 1 -1.79408 1
50 80 1 1.27121 1
50 81 1 0.513679 1
50 82 1 -0.769658 1
50 83 1 1.38828 1
50 84 1 -1.32166 1
50 85 1 -0.331593 1
50 86 1 0.69762 1
50 87 1 -2.43049 1
50 88 1 -3.8475 1
50 89 1 0.790283 1
50 90 1 0.569863 1
50 91 1 -0.705483 1
50 92 1 -0.0185251 1
50 93 1 -0.120005 1
50 94 1 -2.95467 1
50 95 1 1.18935 1
50 4 1 4.85623 1
50 22 1 -1.89413 1
51 64 1 -0.905151 1
51 65 1 3.42372 1
51 66 1 1.44556 1
51 67 1 -0.857008 1
51 68 1 0.131718 1
51 69 1 -1.17523 1
51 70 1 3.56927 1
51 71 1 3.07388 1
51 72 1 -3.24214 1
51 73 1 -1.80786 0
51 74 1 -2.4697 1
51 75 1 6.4121 1
51 76 1 -2.99015 1
51 77 1 0.96485 1
51 78 1 2.84777 1
51 79 1 0.586725 1
51 80 1 1.23116 1
51 81 1 -3.29112 1
51 82 1 1.01488 1
51 83 1 3.95664 1
51 84 1 -1.7845 1
51 85 1 -1.93333 1
51 86 1 -0.755103 1
51 87 1 0.967095 1
51 88 1 0.560584 1
51 89 1 1.48484 1
51 90 1 2.63575 1
51 91 1 0.627182 1
51 92 1 2.60501 1
51 93 1 2.8917 1
51 94 1 -6.04298 1
51 95 1 -1.97659 1
51 116 1 -0.523647 1
51 12 1 -0.701079 1
116 73 1 -1.67481 0
116 134 1 0.763571 1
116 27 1 -0.579494 1
134 73 1 1.17981 1
52 64 1 -3.58341 1
52 65 1 3.57442 1
52 66 1 1.65826 1
52 67 1 -0.711986 1
52 68 1 0.380037 1
52 69 1 5.02142 1
52 70 1 2.88956 1
52 71 1 -1.28033 1
52 72 1 -0.574321 1
52 73 1 4.94453 1
52 74 1 2.03394 1
52 75 1 0.235677 1
52 76 1 -3.60383 1
52 77 1 -0.209123 1
52 78 1 1.35543 1
52 79 1 2.09403 1
52 80 1 -0.446262 1
52 81 1 0.478587 1
52 82 1 -3.20257 1
52 83 1 -2.64697 1
52 84 1 1.64759 1
52 85 1 -1.24815 1
52 86 1 -2.60042 1
52 87 1 0.893809 1
52 88 1 2.38224 1
52 89 1 -1.00478 1
52 90 1 0.310727 1
52 91 1 -0.395086 1
52 92 1 0.154751 1
52 93 1 -1.10858 0
52 94 1 2.45934 1
52 95 1 -0.518411 1
52 115 1 0.799935 1
52 139 1 0.172871 1
139 93 1 -3.17542 1
53 64 1 -2.50135 1
53 65 1 0.843116 1
53 66 1 0.0049186 1
53 67 1 0.207988 1
53 68 1 2.46726 1
53 69 1 1.81121 1
53 70 1 -1.23755 1
53 71 1 0.755105 1
53 72 1 -1.97116 1
53 73 1 1.43562 1
53 74 1 -1.95389 1
53 75 1 -2.56453 1
53 76 1 1.02862 1
53 77 1 2.3231 1
53 78 1 -1.49621 1
53 79 1 0.553668 1
53 80 1 0.833214 1
53 81 1 0.665934 1
53 82 1 0.886688 1
53 83 1 1.1439 1
53 84 1 1.26679 1
53 85 1 0.488246 1
53 86 1 1.20162 1
53 87 1 0.522619 1
53 88 1 -0.492657 1
53 89 1 -0.0846544 1
53 90 1 -2.26609 1
53 91 1 0.132596 1
53 92 1 2.72091 1
53 93 1 0.129723 1
53 94 1 0.381533 1
53 95 1 -1.8795 1
53 20 1 4.14316 1
53 23 1 1.19185 1
54 64 1 1.36503 1
54 65 1 -0.145657 1
54 66 1 -2.07415 1
54 67 1 0.882333 1
54 68 1 2.49413 1
54 69 1 -2.15885 1
54 70 1 0.583333 1
54 71 1 3.12052 1
54 72 1 1.09784 1
54 73 1 0.267198 1
54 74 1 0.408787 1
54 75 1 -1.05904 1
54 76 1 -0.720416 1
54 77 1 2.39223 1
54 78 1 -0.188725 1
54 79 1 0.111998 1
54 80 1 0.870234 1
54 81 1 2.80152 1
54 82 1 -3.31898 1
54 83 1 6.03118 1
54 84 1 1.33899 1
54 85 1 -0.448025 1
54 86 1 -3.24422 1
54 87 1 -0.231307 1
54 88 1 2.44074 1
54 89 1 3.8743 1
54 90 1 -2.83551 1
54 91 1 2.45266 1
54 92 1 -1.06772 1
54 93 1 1.38744 1
54 94 1 -2.75824 1
54 95 1 -3.20403 1
54 30 1 -2.19856 1
54 144 1 0.702041 1
55 64 1 0.769634 1
55 65 1 -2.66751 1
55 66 1 -1.24934 1
55 67 1 -0.82883 1
55 68 1 -2.9694 1
55 69 1 3.4455 1
55 70 1 3.05836 1
55 71 1 -4.54121 1
55 72 1 2.11336 1
55 73 1 0.508839 1
55 74 1 2.91967 1
55 75 1 -2.40229 1
55 76 1 -4.56616 1
55 77 1 2.28812 1
55 78 1 -2.01619 1
55 79 1 2.54578 1
55 80 1 -0.806096 1
55 81 1 1.13936 1
55 82 1 -2.21641 1
55 83 1 -1.26569 1
55 84 1 -0.425408 1
55 85 1 -4.97371 1
55 86 1 0.985975 1
55 87 1 2.23708 1
55 88 1 -2.72821 1
55 89 1 -2.00401 1
55 90 1 0.503939 1
55 91 1 1.60442 1
55 92 1 5.82947 1
55 93 1 -3.66385 1
55 94 1 -2.5957 1
55 95 1 -1.06696 0
55 28 1 4.95423 1
55 114 1 1.95044 1
114 95 1 -1.59337 1
56 64 1 0.919807 1
56 65 1 -2.88739 1
56 66 1 0.617646 1
56 67 1 -1.12708 1
56 68 1 -0.194155 0
56 69 1 -0.949268 1
56 70 1 0.215185 1
56 71 1 0.882945 1
56 72 1 -0.28165 1
56 73 1 -1.70738 1
56 74 1 3.9736 1
56 75 1 3.34271 1
56 76 1 -3.25897 1
56 77 1 -0.876268 1
56 78 1 -3.77877 1
56 79 1 0.442986 1
56 80 1 -1.09934 1
56 81 1 2.62162 1
56 82 1 3.59736 1
56 83 1 -2.08342 1
56 84 1 -1.76245 1
56 85 1 -0.994404 1
56 86 1 2.12969 1
56 87 1 -3.09555 1
56 88 1 0.688077 1
56 89 1 -1.8597 1
56 90 1 -1.2894 1
56 91 1 -1.23115 1
56 92 1 1.8495 1
56 93 1 3.45226 1
56 94 1 -2.06683 1
56 95 1 0.285489 1
56 3 1 -0.669147 1
56 126 1 2.96351 1
126 68 1 0.640161 1
126 11 1 -0.933896 1
57 64 1 -4.01754 1
57 65 1 3.11457 1
57 66 1 -3.19707 1
57 67 1 -1.52197 1
57 68 1 3.25795 1
57 69 1 -1.08319 0
57 70 1 0.190158 1
57 71 1 2.8733 1
57 72 1 1.07983 1
57 73 1 -1.61268 1
57 74 1 2.84268 1
57 75 1 3.32194 1
57 76 1 2.70708 1
57 77 1 -4.85443 1
57 78 1 -1.49577 1
57 79 1 -2.43758 1
57 80 1 1.14159 1
57 81 1 4.26702 1
57 82 1 3.00869 1
57 83 1 -3.1223 1
57 84 1 1.47685 1
57 85 1 -2.97904 1
57 86 1 0.403284 1
57 87 1 0.72384 1
57 88 1 -1.18011 1
57 89 1 -0.138586 1
57 90 1 0.659442 1
57 91 1 -1.51786 1
57 92 1 -2.21965 1
57 93 1 -0.1563 1
57 94 1 -0.470908 1
57 95 1 2.18882 1
57 104 1 3.09145 1
57 22 1 0.711143 1
104 69 1 2.60287 1
104 1 1 -0.816822 1
58 64 1 2.88909 1
58 65 1 -2.37719 1
58 66 1 -0.564526 1
58 67 1 -1.42147 1
58 68 1 -0.31149 1
58 69 1 -1.33491 1
58 70 1 -2.13821 1
58 71 1 0.634949 1
58 72 1 -0.202377 1
58 73 1 -1.34068 1
58 74 1 3.05459 1
58 75 1 3.10096 1
58 76 1 4.5713 1
58 77 1 1.01054 1
58 78 1 -0.815799 1
58 79 1 1.02412 0
58 80 1 -4.30859 1
58 81 1 1.27705 1
58 82 1 1.14785 1
58 83 1 1.15777 1
58 84 1 -0.851247 1
58 85 1 0.966407 1
58 86 1 1.71245 1
58 87 1 -1.15667 1
58 88 1 -2.67931 1
58 89 1 -1.1372 1
58 90 1 -2.16398 1
58 91 1 -0.305227 1
58 92 1 1.98212 1
58 93 1 2.63313 1
58 94 1 -1.9852 1
58 95 1 1.16159 1
58 128 1 0.252924 1
128 79 1 1.08044 0
128 131 1 0.0555011 1
131 79 1 -0.511637 1
59 64 1 -2.20156 1
59 65 1 1.55378 1
59 66 1 0.819902 1
59 67 1 -2.53823 1
59 68 1 1.25404 1
59 69 1 -1.49642 1
59 70 1 -1.97314 1
59 71 1 3.06003 1
59 72 1 -0.377542 1
59 73 1 -1.18021 1
59 74 1 0.469428 1
59 75 1 -1.25633 1
59 76 1 2.08806 1
59 77 1 0.0429895 0
59 78 1 0.946947 1
59 79 1 -2.35043 1
59 80 1 0.0154178 1
59 81 1 0.146359 1
59 82 1 -4.42779 1
59 83 1 3.5265 1
59 84 1 -1.87529 1
59 85 1 -2.2922 1
59 86 1 -3.40527 1
59 87 1 1.05261 1
59 88 1 5.03422 1
59 89 1 -1.15678 1
59 90 1 0.113284 1
59 91 1 -1.67663 1
59 92 1 1.54458 1
59 93 1 1.94703 1
59 94 1 -4.53098 1
59 95 1 1.69515 1
59 97 1 1.74002 1
59 5 1 -2.6006 1
59 11 1 -0.948501 1
59 13 1 1.0946 1
97 77 1 -6.18032 1
97 22 1 -2.21499 1
97 2 1 -5.18286 0
97 99 1 1.51394 1
97 7 1 3.00009 0
97 102 1 2.08129 1
97 17 1 1.86271 1
102 7 1 3.84969 1
99 2 1 2.79861 0
99 108 1 4.24487 1
99 15 1 -0.458661 1
108 2 1 -1.88107 0
108 125 1 4.21903 1
125 2 1 -0.0345652 1
60 64 1 2.24375 1
60 65 1 -0.69839 1
60 66 1 -0.894305 1
60 67 1 -0.415667 1
60 68 1 0.615964 1
60 69 1 0.979434 1
60 70 1 -2.23969 1
60 71 1 0.232524 1
60 72 1 1.72764 0
60 73 1 -0.455413 1
60 74 1 1.18046 1
60 75 1 -0.627267 1
60 76 1 1.43405 1
60 77 1 3.43245 1
60 78 1 -0.904702 1
60 79 1 0.287496 1
60 80 1 -4.52235 1
60 81 1 -1.37359 1
60 82 1 -1.33398 1
60 83 1 0.0346691 1
60 84 1 -3.71002 1
60 85 1 3.67557 1
60 86 1 1.54586 1
60 87 1 -0.223372 1
60 88 1 -5.75152 1
60 89 1 -0.682743 1
60 90 1 -2.25505 1
60 91 1 0.779053 1
60 92 1 0.580493 1
60 93 1 2.85203 1
60 94 1 0.602676 1
60 95 1 0.968459 1
60 24 1 -2.90048 1
60 0 1 1.56725 1
60 115 1 2.28741 1
60 3 1 -0.687343 1
115 72 1 -0.92988 1
115 18 1 0.864668 1
61 64 1 0.659047 1
61 65 1 -0.304573 1
61 66 1 1.08314 1
61 67 1 -0.243118 1
61 68 1 -3.69429 1
61 69 1 2.64018 1
61 70 1 0.00890205 1
61 71 1 -1.18632 1
61 72 1 -1.76358 1
61 73 1 1.42999 1
61 74 1 1.88757 1
61 75 1 3.18313 1
61 76 1 -0.240772 1
61 77 1 -0.171983 0
61 78 1 -0.199646 1
61 79 1 -0.229994 1
61 80 1 -1.13644 1
61 81 1 -0.548 1
61 82 1 -0.137929 1
61 83 1 0.228392 1
61 84 1 -2.089 1
61 85 1 0.272168 1
61 86 1 0.261629 1
61 87 1 1.77177 1
61 88 1 0.698896 1
61 89 1 1.5967 1
61 90 1 0.638769 1
61 91 1 2.76844 1
61 92 1 -1.71217 1
61 93 1 -0.49725 1
61 94 1 0.45641 1
61 95 1 -2.0318 1
61 107 1 0.496152 1
61 113 1 -3.72377 1
107 77 1 -5.08832 0
107 113 1 1.28547 1
107 14 1 -1.05762 1
113 77 1 -2.43273 1
113 23 1 -1.44891 1
62 64 1 1.2307 1
62 65 1 -3.34877 1
62 66 1 3.61145 1
62 67 1 -1.59209 1
62 68 1 2.05066 1
62 69 1 -1.1301 1
62 70 1 1.62279 1
62 71 1 -1.94562 1
62 72 1 0.332367 1
62 73 1 1.69708 1
62 74 1 3.63364 1
62 75 1 -0.494902 1
62 76 1 4.26801 1
62 77 1 -4.07607 1
62 78 1 -2.15593 1
62 79 1 -1.24232 1
62 80 1 -1.27923 1
62 81 1 -1.13326 1
62 82 1 -2.315 1
62 83 1 0.663852 1
62 84 1 -0.608106 0
62 85 1 -0.349846 1
62 86 1 3.98434 1
62 87 1 -2.18456 1
62 88 1 0.0933821 1
62 89 1 -1.24705 1
62 90 1 -5.9267 1
62 91 1 0.955989 1
62 92 1 -1.06662 1
62 93 1 0.802311 1
62 94 1 1.38776 1
62 95 1 -0.207329 1
62 5 1 2.09519 1
62 138 1 2.35567 1
138 84 1 -0.274364 1
63 64 1 2.78843 1
63 65 1 -1.93208 1
63 66 1 3.24503 1
63 67 1 0.763919 1
63 68 1 -1.11892 1
63 69 1 -3.78721 1
63 70 1 -1.71023 1
63 71 1 2.63641 1
63 72 1 -0.396062 1
63 73 1 -0.246294 1
63 74 1 -6.10832 1
63 75 1 1.25184 1
63 76 1 -1.46349 0
63 77 1 1.9697 1
63 78 1 0.883722 1
63 79 1 1.20607 1
63 80 1 0.683916 1
63 81 1 -0.109696 1
63 82 1 -0.124997 1
63 83 1 -2.44776 1
63 84 1 -2.75563 1
63 85 1 -4.28017 1
63 86 1 5.32296 1
63 87 1 -3.0372 0
63 88 1 0.888196 1
63 89 1 -1.18147 1
63 90 1 3.18927 1
63 91 1 -1.44977 1
63 92 1 -1.64157 1
63 93 1 1.88942 1
63 94 1 -4.05142 1
63 95 1 0.302479 1
63 141 1 0.886368 1
63 144 1 0.552023 1
144 76 1 -2.92696 0
144 147 1 0.722318 1
147 76 1 -2.68877 1
141 87 1 -5.71057 1
141 10 1 -0.470616 1
