150 64 32
2.11622 0.262374 -6.48227 5.41826 -3.10131 1.63942 0.205186 -0.0639341 0.391818 1.8541 2.55918 2.97333 -2.55096 -3.55248 -1.18328 -2.79387 -0.211741 0.614678 -0.877075 -0.700624 -2.39403 0.418119 -0.946306 0.273217 -4.03719 -0.0645845 3.97204 2.12954 -1.58771 -2.55858 -5.17327 2.42008 -1.44084 0.667016 1.12033 2.10429 -2.10985 -1.38373 0.355661 -0.750727 -1.94619 -0.659023 0.312103 -3.95274 -2.12874 -0.646691 -2.54605 2.68808 -0.227082 2.18597 1.03017 -2.6874 -2.59391 0.533808 -0.869998 4.69008 -1.82235 0.502574 0.938665 -1.90944 1.43471 -1.36929 -0.976182 -4.21311 -4.13069 -0.0494255 4.31818 2.41116 -3.2703 1.80503 -2.83546 -0.703974 -2.3254 -2.33358 3.10823 2.86545 -2.17868 -1.53935 1.21417 -3.16188 -0.00790884 -0.795298 -2.50556 0.590569 1.57798 -0.597451 -2.48734 1.31706 4.08243 0.492606 -2.08355 3.06416 -0.942388 1.25404 1.60027 -1.67334 -0.453424 0.319888 -0.577242 0.531001 3.58208 -3.52552 -5.04041 -2.43963 -2.16252 1.41407 -1.37963 -3.82484 -1.43135 0.529985 -1.46534 2.52086 2.7819 -2.75664 0.351264 -0.94577 -3.25209 -0.7621 -0.96309 -1.07268 1.5352 0.301676 0.355356 1.83556 0.663313 2.53852 1.10035 0.452114 1.69734 2.19032 -0.105613 -1.25997 -1.16174 -0.252239 0.061275 -0.439598 -0.344006 -1.59543 -1.5237 -0.753012 1.22183 -0.166325 -0.545766 0.642393 0.875977 -0.396582 0.488184 0.455308 1.28815 0.0440577 
0 64 1 -4.37082 1
0 65 1 2.02048 1
0 66 1 2.1809 1
0 67 1 -0.831697 1
0 68 1 -1.94274 1
0 69 1 1.01746 1
0 70 1 0.148408 1
0 71 1 -1.21636 1
0 72 1 0.904597 1
0 73 1 -0.906369 1
0 74 1 -3.8575 1
0 75 1 1.11327 1
0 76 1 2.80616 1
0 77 1 1.37682 1
0 78 1 -3.03084 1
0 79 1 3.38992 1
0 80 1 1.49338 1
0 81 1 2.3836 1
0 82 1 3.14466 1
0 83 1 1.71214 1
0 84 1 -2.80389 1
0 85 1 3.41602 1
0 86 1 -2.84241 1
0 87 1 -1.88098 1
0 88 1 0.547317 1
0 89 1 1.84028 1
0 90 1 4.78937 1
0 91 1 5.44596 1
0 92 1 -1.80581 1
0 93 1 -0.849077 1
0 94 1 -0.291296 1
0 95 1 0.107758 1
0 10 1 -2.55092 1
1 64 1 -1.74625 1
1 65 1 -1.9568 1
1 66 1 1.70981 1
1 67 1 -3.35752 1
1 68 1 4.74782 1
1 69 1 -0.770874 1
1 70 1 1.43196 1
1 71 1 -1.40643 1
1 72 1 -1.73171 1
1 73 1 -1.556 1
1 74 1 -3.69174 1
1 75 1 2.7817 1
1 76 1 -0.825247 1
1 77 1 4.75501 1
1 78 1 -2.01226 1
1 79 1 -0.162045 1
1 80 1 -3.59036 1
1 81 1 1.21771 1
1 82 1 -1.34762 1
1 83 1 -6.12086 1
1 84 1 -0.093566 1
1 85 1 -0.44302 1
1 86 1 2.08227 1
1 87 1 -1.39873 1
1 88 1 -0.175845 1
1 89 1 3.15207 1
1 90 1 -1.47552 1
1 91 1 -2.15536 1
1 92 1 0.183879 1
1 93 1 -0.080427 1
1 94 1 -1.85702 1
1 95 1 -4.23521 1
1 27 1 0.0516343 1
2 64 1 -0.222796 1
2 65 1 2.22983 1
2 66 1 -3.34281 1
2 67 1 -1.71348 1
2 68 1 -1.17423 1
2 69 1 2.37189 1
2 70 1 -0.935639 1
2 71 1 3.23457 1
2 72 1 -2.57349 1
2 73 1 -3.2945 1
2 74 1 -3.91051 1
2 75 1 -0.758409 1
2 76 1 -4.23402 1
2 77 1 0.491663 1
2 78 1 -2.32417 1
2 79 1 -4.25158 1
2 80 1 -3.70288 1
2 81 1 -3.45486 1
2 82 1 -0.0015361 1
2 83 1 -1.78059 1
2 84 1 0.245045 1
2 85 1 2.72665 1
2 86 1 -0.977819 1
2 87 1 -0.377627 1
2 88 1 -0.00252564 1
2 89 1 -3.78413 1
2 90 1 -2.46467 1
2 91 1 -1.96371 1
2 92 1 3.26041 1
2 93 1 -3.63766 1
2 94 1 2.62181 1
2 95 1 -0.659249 1
2 100 1 -1.32078 1
2 6 1 3.6594 1
2 110 1 -0.154867 1
3 64 1 -2.61041 1
3 65 1 -0.307636 1
3 66 1 -0.685613 1
3 67 1 1.86776 1
3 68 1 3.77933 1
3 69 1 -3.43028 1
3 70 1 0.641453 1
3 71 1 0.673247 1
3 72 1 6.34035 1
3 73 1 -0.556802 1
3 74 1 1.49277 1
3 75 1 2.18999 1
3 76 1 1.29318 1
3 77 1 -1.48137 1
3 78 1 -1.04591 1
3 79 1 -0.392036 1
3 80 1 -1.89839 1
3 81 1 -0.949871 1
3 82 1 5.66906 1
3 83 1 0.953841 1
3 84 1 1.32449 1
3 85 1 -2.71836 1
3 86 1 -0.141671 1
3 87 1 1.947 1
3 88 1 -0.456146 1
3 89 1 1.93462 1
3 90 1 1.30366 1
3 91 1 0.640246 1
3 92 1 1.05336 1
3 93 1 -2.59752 1
3 94 1 -3.50505 1
3 95 1 1.09326 0
3 110 1 1.62763 1
110 95 1 -1.9062 0
110 111 1 -0.465921 0
110 132 1 2.50337 1
132 111 1 2.03755 1
111 95 1 -2.71423 1
4 64 1 1.38738 1
4 65 1 -0.515402 1
4 66 1 -1.28428 1
4 67 1 2.77271 1
4 68 1 -1.73019 1
4 69 1 1.86674 1
4 70 1 -0.359437 1
4 71 1 0.4325 1
4 72 1 1.52075 1
4 73 1 0.0208894 0
4 74 1 0.483974 1
4 75 1 -5.41824 0
4 76 1 1.67357 1
4 77 1 3.24865 1
4 78 1 1.83628 1
4 79 1 2.56365 1
4 80 1 -2.60138 1
4 81 1 0.191493 1
4 82 1 1.05449 1
4 83 1 -3.47105 1
4 84 1 -0.027308 1
4 85 1 2.77975 1
4 86 1 1.99917 1
4 87 1 -0.347798 1
4 88 1 -2.80412 1
4 89 1 -0.0797196 1
4 90 1 2.8913 1
4 91 1 -4.92946 1
4 92 1 -0.688632 1
4 93 1 1.13652 0
4 94 1 -1.95738 1
4 95 1 2.22991 1
4 101 1 2.4423 1
4 17 1 2.07572 1
4 118 1 1.65412 1
4 145 1 -0.729662 1
145 93 1 1.04493 1
118 73 1 -2.60034 1
101 75 1 1.43003 1
5 64 1 -2.40697 1
5 65 1 2.31808 1
5 66 1 -2.67091 1
5 67 1 5.6465 1
5 68 1 2.98437 1
5 69 1 2.97064 1
5 70 1 -3.77206 1
5 71 1 -0.0929734 1
5 72 1 0.127316 1
5 73 1 -2.12054 1
5 74 1 -1.54849 1
5 75 1 2.50517 1
5 76 1 2.73106 1
5 77 1 0.386062 1
5 78 1 -0.0687194 1
5 79 1 0.191186 1
5 80 1 2.14321 1
5 81 1 -1.21071 1
5 82 1 -0.0881692 1
5 83 1 4.82662 1
5 84 1 1.66062 1
5 85 1 2.5842 1
5 86 1 -3.61836 1
5 87 1 0.255368 1
5 88 1 -2.61985 1
5 89 1 -2.74379 1
5 90 1 -2.68457 1
5 91 1 -0.78387 1
5 92 1 -1.43364 1
5 93 1 1.58089 1
5 94 1 -1.97139 1
5 95 1 0.00869917 1
6 64 1 0.297668 1
6 65 1 -0.361096 1
6 66 1 2.77506 1
6 67 1 2.31904 1
6 68 1 -4.08362 1
6 69 1 -0.345062 1
6 70 1 -1.20455 1
6 71 1 0.175699 1
6 72 1 2.28352 1
6 73 1 -3.10776 1
6 74 1 -4.10548 1
6 75 1 1.24231 1
6 76 1 3.16763 1
6 77 1 0.0824123 1
6 78 1 -2.73068 1
6 79 1 -2.71736 1
6 80 1 2.79465 1
6 81 1 -0.00977336 1
6 82 1 1.85987 1
6 83 1 1.30834 1
6 84 1 1.63045 1
6 85 1 -2.62856 1
6 86 1 -1.18224 1
6 87 1 3.50312 1
6 88 1 -2.73411 1
6 89 1 -2.13407 1
6 90 1 3.60313 1
6 91 1 -0.435725 1
6 92 1 2.43735 1
6 93 1 -3.06461 1
6 94 1 -3.35937 1
6 95 1 1.41926 1
6 26 1 0.400933 1
7 64 1 3.00472 1
7 65 1 1.17592 1
7 66 1 -1.52478 1
7 67 1 -3.97908 1
7 68 1 -2.26512 1
7 69 1 -0.936008 1
7 70 1 5.04546 1
7 71 1 0.668228 1
7 72 1 2.56908 1
7 73 1 -0.477007 1
7 74 1 -2.11433 1
7 75 1 -1.59102 1
7 76 1 2.92297 1
7 77 1 -1.07403 1
7 78 1 2.55752 1
7 79 1 1.69115 1
7 80 1 -0.917081 1
7 81 1 0.927535 1
7 82 1 -4.40996 0
7 83 1 2.16439 0
7 84 1 -1.98967 1
7 85 1 3.17971 1
7 86 1 0.466348 1
7 87 1 3.67539 1
7 88 1 -2.35404 1
7 89 1 -2.75971 1
7 90 1 -0.418885 1
7 91 1 -2.76347 1
7 92 1 1.65853 1
7 93 1 -1.41452 1
7 94 1 -0.173304 1
7 95 1 3.4686 1
7 100 1 -0.703916 1
7 127 1 1.09966 1
127 82 1 -3.44892 1
100 83 1 1.52182 1
100 24 1 -1.07928 0
100 106 1 3.98365 1
106 24 1 -4.65732 1
106 6 1 -0.108633 1
8 64 1 2.14399 1
8 65 1 -3.18112 1
8 66 1 0.0190047 1
8 67 1 1.1238 1
8 68 1 -0.545433 1
8 69 1 2.92221 1
8 70 1 1.22355 1
8 71 1 3.45718 1
8 72 1 2.46367 1
8 73 1 0.503317 1
8 74 1 -0.470628 1
8 75 1 -2.34229 1
8 76 1 -1.06442 1
8 77 1 3.1543 1
8 78 1 -0.0872799 1
8 79 1 -2.12982 1
8 80 1 0.194373 1
8 81 1 -0.27207 1
8 82 1 0.39101 1
8 83 1 -3.97004 1
8 84 1 5.17994 1
8 85 1 7.85241 1
8 86 1 4.93317 1
8 87 1 0.376251 1
8 88 1 0.45562 1
8 89 1 2.87778 1
8 90 1 -0.963855 1
8 91 1 0.0297006 1
8 92 1 3.69062 1
8 93 1 4.86336 1
8 94 1 5.21032 1
8 95 1 0.753969 1
8 17 1 -1.46923 1
9 64 1 -2.76182 1
9 65 1 -3.41253 1
9 66 1 0.933897 1
9 67 1 1.20171 1
9 68 1 -0.762659 1
9 69 1 0.109969 1
9 70 1 -4.95868 1
9 71 1 0.239516 1
9 72 1 3.09314 1
9 73 1 -2.09931 1
9 74 1 0.409754 1
9 75 1 0.116916 1
9 76 1 2.39374 1
9 77 1 -0.525616 1
9 78 1 2.63466 1
9 79 1 1.8269 1
9 80 1 -1.38554 1
9 81 1 0.613536 1
9 82 1 -2.42237 1
9 83 1 0.556835 1
9 84 1 3.33167 1
9 85 1 2.56828 1
9 86 1 -1.4981 1
9 87 1 1.64528 1
9 88 1 0.48265 1
9 89 1 6.12257 1
9 90 1 -0.840312 1
9 91 1 0.0256654 1
9 92 1 -1.32239 1
9 93 1 -0.848997 1
9 94 1 -2.82129 1
9 95 1 0.601158 1
9 103 1 -1.25657 1
9 130 1 -0.453829 1
10 64 1 0.722212 1
10 65 1 0.0665547 1
10 66 1 5.22627 1
10 67 1 -5.3071 1
10 68 1 3.28386 1
10 69 1 -0.659143 1
10 70 1 -0.56392 1
10 71 1 -1.82096 1
10 72 1 4.0015 1
10 73 1 2.9381 1
10 74 1 0.777251 0
10 75 1 0.257404 1
10 76 1 1.86285 1
10 77 1 0.52348 1
10 78 1 -0.554839 1
10 79 1 -4.25021 1
10 80 1 -2.33171 1
10 81 1 2.98011 1
10 82 1 2.63773 1
10 83 1 1.51846 1
10 84 1 3.59546 1
10 85 1 3.18832 1
10 86 1 -1.82977 1
10 87 1 0.0910398 1
10 88 1 2.93789 1
10 89 1 -0.353885 1
10 90 1 -0.326352 1
10 91 1 3.0363 1
10 92 1 0.143851 1
10 93 1 -1.02059 1
10 94 1 3.73277 1
10 95 1 5.443 1
10 124 1 1.56441 1
124 74 1 0.339894 1
11 64 1 3.19181 1
11 65 1 1.01178 1
11 66 1 2.89814 1
11 67 1 -0.485271 1
11 68 1 4.83091 1
11 69 1 0.401846 1
11 70 1 2.98453 1
11 71 1 1.0629 1
11 72 1 -1.78756 1
11 73 1 1.04891 1
11 74 1 -0.801359 0
11 75 1 -1.13463 1
11 76 1 -1.56399 1
11 77 1 0.0257302 1
11 78 1 -1.69642 1
11 79 1 -0.892947 1
11 80 1 -1.79068 1
11 81 1 0.760553 1
11 82 1 4.31394 1
11 83 1 1.19525 1
11 84 1 2.37118 1
11 85 1 -1.96447 1
11 86 1 -4.78054 1
11 87 1 -1.53882 1
11 88 1 -2.44884 1
11 89 1 -0.196896 1
11 90 1 -1.22312 1
11 91 1 0.545132 1
11 92 1 -2.82414 1
11 93 1 3.38143 1
11 94 1 -1.38864 1
11 95 1 -4.49608 1
11 120 1 -3.63824 1
11 109 1 1.43902 1
120 74 1 -1.07462 1
12 64 1 -0.637302 1
12 65 1 0.505473 1
12 66 1 -2.259 1
12 67 1 -3.55719 1
12 68 1 0.378647 1
12 69 1 1.26011 1
12 70 1 -0.417786 1
12 71 1 1.92394 1
12 72 1 1.37435 1
12 73 1 -4.91196 1
12 74 1 -4.90793 1
12 75 1 -1.53106 1
12 76 1 0.101988 1
12 77 1 -0.0821514 1
12 78 1 0.0369539 1
12 79 1 -0.66414 1
12 80 1 -1.53767 1
12 81 1 -1.34031 1
12 82 1 3.2328 1
12 83 1 -1.0427 1
12 84 1 1.29598 1
12 85 1 -1.11328 1
12 86 1 0.734608 1
12 87 1 0.756533 1
12 88 1 -2.80009 1
12 89 1 3.00664 1
12 90 1 -0.863346 1
12 91 1 -1.47456 1
12 92 1 1.12963 1
12 93 1 -2.80373 1
12 94 1 2.06816 1
12 95 1 -2.1524 1
12 17 1 0.511293 1
12 18 1 0.126323 1
13 64 1 0.513508 1
13 65 1 -3.65345 1
13 66 1 -0.52163 1
13 67 1 1.28557 1
13 68 1 1.99693 1
13 69 1 -3.57848 1
13 70 1 1.11301 1
13 71 1 0.850933 1
13 72 1 1.27547 1
13 73 1 -3.53469 1
13 74 1 -1.83409 1
13 75 1 -0.80052 1
13 76 1 -0.503789 1
13 77 1 -2.13288 1
13 78 1 1.47821 1
13 79 1 1.38268 1
13 80 1 1.61156 1
13 81 1 0.781933 1
13 82 1 -0.257692 1
13 83 1 0.225407 1
13 84 1 -2.66334 1
13 85 1 5.96019 1
13 86 1 6.36428 1
13 87 1 6.92344 1
13 88 1 2.71736 1
13 89 1 0.337514 1
13 90 1 -5.07975 1
13 91 1 -3.64988 1
13 92 1 -1.39118 1
13 93 1 -4.18655 1
13 94 1 0.232717 1
13 95 1 -3.18059 1
14 64 1 -1.22191 1
14 65 1 4.83003 1
14 66 1 0.976347 1
14 67 1 -0.600891 1
14 68 1 -2.63283 1
14 69 1 3.6544 1
14 70 1 -1.78489 1
14 71 1 1.52677 1
14 72 1 1.62573 1
14 73 1 -1.18411 1
14 74 1 0.47285 1
14 75 1 1.6595 1
14 76 1 -0.600106 1
14 77 1 1.36016 1
14 78 1 -2.1399 1
14 79 1 -1.31601 1
14 80 1 -1.67092 1
14 81 1 0.49289 0
14 82 1 5.78483 1
14 83 1 -1.00936 1
14 84 1 0.418418 1
14 85 1 -1.9913 1
14 86 1 1.93507 1
14 87 1 -2.3669 1
14 88 1 -0.806062 1
14 89 1 -0.430982 1
14 90 1 1.12647 1
14 91 1 3.93508 1
14 92 1 2.29854 1
14 93 1 0.948689 1
14 94 1 5.57953 1
14 95 1 0.109637 1
14 104 1 -2.41263 1
14 119 1 1.7409 1
119 81 1 4.41884 1
119 99 1 -1.41657 1
15 64 1 0.629307 1
15 65 1 1.88809 1
15 66 1 -2.44256 1
15 67 1 -1.5949 1
15 68 1 -0.201922 1
15 69 1 -2.33854 1
15 70 1 7.07424 1
15 71 1 -0.993577 1
15 72 1 -0.365693 1
15 73 1 -0.648115 1
15 74 1 1.60648 1
15 75 1 -0.6425 1
15 76 1 -0.925579 1
15 77 1 1.27039 1
15 78 1 -1.37217 1
15 79 1 -0.653629 1
15 80 1 1.30097 1
15 81 1 0.865693 1
15 82 1 -2.59593 1
15 83 1 -0.10573 1
15 84 1 2.45957 1
15 85 1 -0.754199 1
15 86 1 1.44617 1
15 87 1 -4.44451 1
15 88 1 0.682508 1
15 89 1 2.09516 1
15 90 1 0.510062 1
15 91 1 -4.72896 1
15 92 1 1.33466 1
15 93 1 -0.823534 1
15 94 1 1.68245 1
15 95 1 2.72345 1
16 64 1 3.32368 1
16 65 1 -0.104926 1
16 66 1 -4.4306 1
16 67 1 -4.29211 1
16 68 1 1.44272 1
16 69 1 0.31789 1
16 70 1 2.64344 1
16 71 1 3.80455 1
16 72 1 -0.361653 1
16 73 1 -1.86902 1
16 74 1 0.81018 1
16 75 1 0.989475 1
16 76 1 -0.0356617 1
16 77 1 1.31088 1
16 78 1 -1.57894 1
16 79 1 -1.14307 1
16 80 1 0.721843 1
16 81 1 3.33252 1
16 82 1 -1.57702 1
16 83 1 2.78845 1
16 84 1 -1.44422 1
16 85 1 -0.571778 1
16 86 1 -1.77547 1
16 87 1 -0.995782 1
16 88 1 0.683988 1
16 89 1 0.372005 1
16 90 1 -0.322238 1
16 91 1 3.3578 1
16 92 1 4.5666 1
16 93 1 -1.8809 1
16 94 1 -0.840635 1
16 95 1 -1.66662 1
16 26 1 -1.02727 1
17 64 1 -3.17308 1
17 65 1 -1.3387 1
17 66 1 -2.74241 1
17 67 1 4.42943 1
17 68 1 -1.71213 1
17 69 1 -0.358157 1
17 70 1 1.3118 1
17 71 1 1.646 1
17 72 1 -6.16293 0
17 73 1 0.567663 1
17 74 1 3.16814 1
17 75 1 1.09711 1
17 76 1 -1.1024 1
17 77 1 2.57747 1
17 78 1 0.621965 1
17 79 1 -3.85274 1
17 80 1 4.45563 1
17 81 1 1.77436 1
17 82 1 -0.528804 1
17 83 1 -2.13453 1
17 84 1 -3.55961 1
17 85 1 2.05493 1
17 86 1 1.82385 1
17 87 1 -1.77411 1
17 88 1 -6.26572 1
17 89 1 2.23433 1
17 90 1 -3.48131 1
17 91 1 6.14679 1
17 92 1 0.718523 1
17 93 1 3.57961 1
17 94 1 2.65079 1
17 95 1 0.102867 1
17 146 1 0.871648 1
146 72 1 -6.26578 1
18 64 1 2.34884 1
18 65 1 -0.776436 1
18 66 1 2.6665 1
18 67 1 0.555478 1
18 68 1 -1.20632 1
18 69 1 0.859818 1
18 70 1 1.65866 1
18 71 1 0.0271152 1
18 72 1 2.21082 1
18 73 1 -1.13429 1
18 74 1 1.61238 1
18 75 1 0.0800098 1
18 76 1 3.3734 1
18 77 1 -0.529345 1
18 78 1 2.83964 1
18 79 1 0.943703 1
18 80 1 -4.86041 1
18 81 1 2.32063 1
18 82 1 -3.16625 1
18 83 1 2.63279 1
18 84 1 -1.70527 1
18 85 1 0.513685 1
18 86 1 4.13508 1
18 87 1 -1.8632 1
18 88 1 1.26725 1
18 89 1 -3.12514 1
18 90 1 0.669774 1
18 91 1 2.33475 1
18 92 1 -2.3799 1
18 93 1 1.30795 1
18 94 1 -2.01556 1
18 95 1 0.460709 1
18 25 1 0.218368 1
18 18 1 -0.38232 1
18 139 1 -0.132108 1
19 64 1 3.6706 1
19 65 1 -2.10126 1
19 66 1 3.56724 1
19 67 1 -0.343278 1
19 68 1 -2.64957 1
19 69 1 1.24803 1
19 70 1 -1.57084 1
19 71 1 -2.28717 1
19 72 1 3.60315 1
19 73 1 1.4357 1
19 74 1 -0.639096 1
19 75 1 1.69289 1
19 76 1 -2.37258 1
19 77 1 -1.84415 1
19 78 1 -4.27996 1
19 79 1 3.11025 1
19 80 1 0.517727 1
19 81 1 -4.11693 1
19 82 1 0.92797 1
19 83 1 -4.03341 1
19 84 1 0.350667 1
19 85 1 0.734132 1
19 86 1 0.839279 1
19 87 1 1.99975 1
19 88 1 0.583415 1
19 89 1 3.81403 1
19 90 1 -0.519513 1
19 91 1 0.518262 1
19 92 1 -0.325954 1
19 93 1 -3.41077 1
19 94 1 -1.25665 1
19 95 1 -5.07594 1
20 64 1 1.50821 1
20 65 1 -0.93018 1
20 66 1 -1.02886 1
20 67 1 1.61386 1
20 68 1 -0.870842 1
20 69 1 -0.87142 1
20 70 1 -3.45738 1
20 71 1 2.984 1
20 72 1 1.2752 1
20 73 1 2.53791 1
20 74 1 2.79829 1
20 75 1 3.0769 1
20 76 1 0.206297 1
20 77 1 -0.272263 1
20 78 1 2.75948 1
20 79 1 1.44344 1
20 80 1 0.0201679 1
20 81 1 0.398198 1
20 82 1 2.71225 1
20 83 1 0.541843 1
20 84 1 0.36544 1
20 85 1 -3.75528 1
20 86 1 0.195894 1
20 87 1 -1.42535 1
20 88 1 1.72439 1
20 89 1 1.43796 1
20 90 1 3.00968 1
20 91 1 0.794747 0
20 92 1 -0.982765 1
20 93 1 0.13163 0
20 94 1 3.27681 0
20 95 1 -0.0577053 1
20 96 1 -3.59731 1
20 98 1 -0.43539 1
20 103 1 0.425612 1
20 109 1 0.529977 1
103 91 1 0.972288 0
103 105 1 1.26639 1
103 112 1 -0.224073 0
103 123 1 0.729557 1
103 140 1 -1.40973 1
140 112 1 1.33533 1
123 91 1 1.27165 1
123 113 1 0.742636 0
123 136 1 0.524932 1
123 137 1 -0.360488 1
136 113 1 -1.47134 1
105 91 1 1.61535 0
105 129 1 -0.167967 1
129 91 1 -0.116482 0
129 135 1 1.23537 1
129 116 1 -0.565722 1
135 91 1 -0.313395 1
98 93 1 0.500735 1
98 99 1 4.83891 1
98 15 1 0.359273 1
96 94 1 1.56819 1
96 20 1 -0.73176 1
21 64 1 1.22604 1
21 65 1 5.5252 1
21 66 1 -3.63912 1
21 67 1 -3.28799 1
21 68 1 -1.62187 1
21 69 1 2.13768 1
21 70 1 -1.36787 1
21 71 1 -3.64844 1
21 72 1 -7.31083 1
21 73 1 -0.277437 1
21 74 1 -1.97746 1
21 75 1 2.10372 1
21 76 1 -0.639685 1
21 77 1 -0.316706 1
21 78 1 -1.79837 1
21 79 1 -0.989367 1
21 80 1 1.92833 1
21 81 1 -0.942553 1
21 82 1 -2.53287 1
21 83 1 0.456084 1
21 84 1 3.97699 1
21 85 1 -1.36479 1
21 86 1 2.23785 1
21 87 1 -0.607597 1
21 88 1 2.39715 1
21 89 1 0.246651 1
21 90 1 -1.38831 1
21 91 1 0.404295 0
21 92 1 1.92979 1
21 93 1 -0.172312 1
21 94 1 -4.1082 1
21 95 1 -0.335866 1
21 143 1 1.82995 1
143 91 1 -0.235551 1
22 64 1 1.95262 1
22 65 1 1.71369 1
22 66 1 -0.0443447 1
22 67 1 4.7583 1
22 68 1 -0.711894 1
22 69 1 -1.58343 1
22 70 1 -1.8325 1
22 71 1 1.2091 1
22 72 1 -3.21028 1
22 73 1 0.0295323 1
22 74 1 -2.71318 1
22 75 1 -0.746515 1
22 76 1 0.703506 1
22 77 1 0.123115 1
22 78 1 4.40016 1
22 79 1 5.92909 1
22 80 1 -1.79015 1
22 81 1 -2.15564 1
22 82 1 -0.0133045 1
22 83 1 -1.42182 1
22 84 1 -1.79913 1
22 85 1 0.262509 1
22 86 1 0.734391 1
22 87 1 4.08789 1
22 88 1 -2.67468 1
22 89 1 -1.62569 1
22 90 1 1.44542 1
22 91 1 -0.0675301 1
22 92 1 1.16008 1
22 93 1 1.31675 1
22 94 1 4.17698 1
22 95 1 2.99685 1
23 64 1 -2.23921 1
23 65 1 1.61832 1
23 66 1 0.122489 1
23 67 1 2.70107 1
23 68 1 -2.75344 1
23 69 1 1.95343 1
23 70 1 4.54863 1
23 71 1 -3.45503 1
23 72 1 1.12226 1
23 73 1 0.120032 1
23 74 1 1.25381 1
23 75 1 0.089202 1
23 76 1 2.87502 1
23 77 1 3.70308 1
23 78 1 0.343372 1
23 79 1 -4.33618 1
23 80 1 0.757686 1
23 81 1 0.816866 1
23 82 1 -2.03292 1
23 83 1 1.32561 1
23 84 1 4.48596 1
23 85 1 -1.71004 1
23 86 1 -8.34694 1
23 87 1 0.492183 1
23 88 1 2.17837 1
23 89 1 -0.717981 1
23 90 1 -1.83335 1
23 91 1 -1.1627 1
23 92 1 0.535863 1
23 93 1 1.74453 1
23 94 1 -1.35564 1
23 95 1 0.00123561 1
23 107 1 1.1024 1
23 27 1 -0.123255 1
24 64 1 -2.19363 1
24 65 1 2.11624 1
24 66 1 -1.26165 1
24 67 1 5.70603 1
24 68 1 -5.11644 1
24 69 1 3.69675 1
24 70 1 0.0279759 1
24 71 1 3.60234 1
24 72 1 0.981512 1
24 73 1 1.77486 1
24 74 1 0.427563 1
24 75 1 0.543376 1
24 76 1 -0.98225 1
24 77 1 0.0394651 1
24 78 1 -4.0738 1
24 79 1 -0.917347 1
24 80 1 2.97538 1
24 81 1 0.91212 1
24 82 1 2.48184 1
24 83 1 -4.07635 1
24 84 1 -2.54585 1
24 85 1 -1.49945 1
24 86 1 -3.19776 1
24 87 1 1.76324 1
24 88 1 -2.66808 1
24 89 1 7.21195 1
24 90 1 3.48027 1
24 91 1 -3.27628 1
24 92 1 0.0934353 1
24 93 1 -0.815998 1
24 94 1 -0.692974 1
24 95 1 -0.434275 1
24 5 1 0.91809 1
25 64 1 1.49879 1
25 65 1 2.16302 1
25 66 1 0.285132 1
25 67 1 -1.34916 1
25 68 1 4.22541 1
25 69 1 -4.37643 1
25 70 1 1.41832 0
25 71 1 -3.8238 1
25 72 1 2.23723 1
25 73 1 0.26512 1
25 74 1 2.14567 1
25 75 1 -0.587598 1
25 76 1 -1.27232 1
25 77 1 0.560664 1
25 78 1 3.04233 1
25 79 1 -0.595823 1
25 80 1 -0.402066 1
25 81 1 -3.75017 1
25 82 1 -0.877863 1
25 83 1 3.65976 1
25 84 1 -2.63921 1
25 85 1 -1.79807 1
25 86 1 1.04721 1
25 87 1 0.845487 1
25 88 1 0.09797 1
25 89 1 2.1007 1
25 90 1 -3.09011 1
25 91 1 2.22655 1
25 92 1 1.8172 1
25 93 1 -0.648532 1
25 94 1 0.319935 1
25 95 1 -3.70384 1
25 8 1 1.37834 1
25 6 1 -1.77395 1
25 121 1 -1.79729 1
121 70 1 6.15213 1
26 64 1 -3.78723 1
26 65 1 2.68479 1
26 66 1 0.771345 1
26 67 1 0.369912 1
26 68 1 0.957357 1
26 69 1 2.97926 1
26 70 1 -2.04944 1
26 71 1 0.420933 1
26 72 1 -2.18494 1
26 73 1 0.590112 1
26 74 1 -3.67401 1
26 75 1 3.23744 1
26 76 1 -0.0127543 1
26 77 1 -3.70931 1
26 78 1 3.43825 1
26 79 1 -0.458841 1
26 80 1 0.102091 1
26 81 1 3.14877 1
26 82 1 0.471133 1
26 83 1 1.36306 1
26 84 1 -3.49107 1
26 85 1 0.810039 1
26 86 1 -4.51961 1
26 87 1 2.24708 1
26 88 1 -3.11657 1
26 89 1 0.0581036 1
26 90 1 -1.6065 1
26 91 1 -3.85852 1
26 92 1 -1.09928 1
26 93 1 1.70233 1
26 94 1 3.08438 1
26 95 1 -1.71433 1
26 23 1 3.49231 1
26 15 1 2.76574 1
27 64 1 -3.68318 1
27 65 1 4.03477 1
27 66 1 3.23176 1
27 67 1 -2.26018 1
27 68 1 0.830578 1
27 69 1 1.85261 1
27 70 1 3.97927 1
27 71 1 -5.08893 1
27 72 1 -0.867733 1
27 73 1 1.01071 1
27 74 1 -2.1342 1
27 75 1 0.70068 1
27 76 1 -2.49153 1
27 77 1 -1.63053 1
27 78 1 -0.731521 1
27 79 1 0.801832 1
27 80 1 -1.21985 1
27 81 1 -0.702641 1
27 82 1 0.481995 1
27 83 1 1.14192 1
27 84 1 0.542017 1
27 85 1 0.958436 1
27 86 1 -1.64201 1
27 87 1 1.89958 1
27 88 1 -3.80802 1
27 89 1 -4.09467 1
27 90 1 3.51646 1
27 91 1 -1.07144 1
27 92 1 -1.14248 1
27 93 1 -1.31139 1
27 94 1 2.50544 1
27 95 1 -2.9769 1
27 9 1 0.650937 1
27 5 1 -1.11311 1
28 64 1 2.52955 1
28 65 1 0.449655 1
28 66 1 -2.69752 1
28 67 1 4.18819 1
28 68 1 2.65791 1
28 69 1 1.671 1
28 70 1 -1.03668 1
28 71 1 -2.38336 1
28 72 1 -5.79111 1
28 73 1 2.20149 1
28 74 1 -0.175221 1
28 75 1 0.648756 1
28 76 1 -0.644538 1
28 77 1 0.439427 1
28 78 1 -2.11671 1
28 79 1 0.845246 1
28 80 1 2.45537 1
28 81 1 -1.56497 1
28 82 1 3.05969 1
28 83 1 3.42869 1
28 84 1 1.80728 1
28 85 1 -8.10255 1
28 86 1 -3.16996 1
28 87 1 -2.70629 1
28 88 1 -4.93349 1
28 89 1 0.807847 1
28 90 1 -3.63162 1
28 91 1 -1.09909 1
28 92 1 0.78408 1
28 93 1 -2.94085 1
28 94 1 3.56957 1
28 95 1 -3.4278 1
29 64 1 -0.0735076 1
29 65 1 -2.46209 1
29 66 1 -0.171925 1
29 67 1 2.3671 1
29 68 1 -7.52729 1
29 69 1 1.45603 1
29 70 1 -0.681047 1
29 71 1 -1.78559 1
29 72 1 0.347851 1
29 73 1 -0.854112 1
29 74 1 0.458779 1
29 75 1 -0.218427 1
29 76 1 0.0382821 1
29 77 1 2.15408 1
29 78 1 -4.7161 1
29 79 1 -2.83649 1
29 80 1 2.27537 1
29 81 1 0.259159 1
29 82 1 0.874821 1
29 83 1 -0.516277 1
29 84 1 1.24036 1
29 85 1 0.0881908 1
29 86 1 -2.24625 1
29 87 1 -4.46364 1
29 88 1 -0.985354 1
29 89 1 -2.04535 1
29 90 1 -0.560276 1
29 91 1 1.23389 1
29 92 1 0.760867 1
29 93 1 1.56639 1
29 94 1 -1.39768 1
29 95 1 0.563486 1
29 113 1 1.19074 1
30 64 1 -0.988517 1
30 65 1 1.63313 1
30 66 1 2.97313 1
30 67 1 2.01172 1
30 68 1 1.93705 1
30 69 1 2.57734 1
30 70 1 1.36014 1
30 71 1 -2.51148 1
30 72 1 -0.789072 1
30 73 1 4.22913 1
30 74 1 -0.579604 1
30 75 1 3.44158 1
30 76 1 2.65325 1
30 77 1 -0.83403 1
30 78 1 1.83469 1
30 79 1 2.8678 1
30 80 1 -0.388543 1
30 81 1 -2.81899 1
30 82 1 2.58667 1
30 83 1 4.66872 1
30 84 1 1.70285 1
30 85 1 -1.986 1
30 86 1 -1.82679 1
30 87 1 -3.256 1
30 88 1 1.51548 1
30 89 1 -0.690686 1
30 90 1 2.07981 1
30 91 1 5.6044 1
30 92 1 -1.60738 1
30 93 1 2.73732 1
30 94 1 2.96512 1
30 95 1 -1.31177 1
31 64 1 2.19949 1
31 65 1 0.367344 1
31 66 1 -2.12263 1
31 67 1 4.26249 1
31 68 1 3.54482 1
31 69 1 2.41267 1
31 70 1 -4.2981 1
31 71 1 1.76627 1
31 72 1 -3.22531 1
31 73 1 -2.34529 1
31 74 1 1.16572 1
31 75 1 0.820577 1
31 76 1 0.304518 1
31 77 1 0.124019 1
31 78 1 -2.62826 1
31 79 1 0.775119 1
31 80 1 -0.556063 1
31 81 1 -1.88494 1
31 82 1 0.0308548 1
31 83 1 -0.449248 1
31 84 1 -2.25146 1
31 85 1 -2.20772 1
31 86 1 0.226612 1
31 87 1 -2.45435 0
31 88 1 3.19227 1
31 89 1 -0.685254 1
31 90 1 1.9627 1
31 91 1 -1.77535 1
31 92 1 -0.446547 1
31 93 1 2.48636 1
31 94 1 0.978181 1
31 95 1 -1.46397 1
31 122 1 2.31656 1
122 87 1 0.472699 1
32 64 1 7.16342 1
32 65 1 2.40561 1
32 66 1 -2.5773 1
32 67 1 2.25937 1
32 68 1 -0.0791593 1
32 69 1 1.81327 1
32 70 1 -1.2032 1
32 71 1 1.24725 1
32 72 1 -3.74373 1
32 73 1 0.893424 1
32 74 1 -1.71701 1
32 75 1 3.24946 1
32 76 1 -2.77298 1
32 77 1 2.50474 1
32 78 1 0.245979 1
32 79 1 1.01435 1
32 80 1 0.258309 1
32 81 1 -2.2155 1
32 82 1 -1.86896 1
32 83 1 -2.71171 1
32 84 1 1.64164 1
32 85 1 -2.64361 1
32 86 1 0.341422 1
32 87 1 -0.870192 1
32 88 1 -1.56847 1
32 89 1 -2.91851 1
32 90 1 0.714475 1
32 91 1 -2.80956 1
32 92 1 1.50455 1
32 93 1 1.03212 1
32 94 1 -1.01113 1
32 95 1 -2.71164 1
33 64 1 2.71145 1
33 65 1 -5.60692 1
33 66 1 -1.12881 1
33 67 1 -2.84225 1
33 68 1 -0.124952 1
33 69 1 -1.26224 1
33 70 1 3.34427 1
33 71 1 5.54094 1
33 72 1 0.727593 1
33 73 1 3.71679 1
33 74 1 2.90169 1
33 75 1 -5.50701 1
33 76 1 -0.70539 1
33 77 1 2.52343 1
33 78 1 -2.79447 1
33 79 1 -2.56682 1
33 80 1 2.16432 1
33 81 1 -1.64953 1
33 82 1 0.361722 1
33 83 1 2.16083 1
33 84 1 1.39732 1
33 85 1 0.377865 1
33 86 1 0.121182 1
33 87 1 2.00119 1
33 88 1 2.20374 1
33 89 1 4.94284 1
33 90 1 -2.20112 1
33 91 1 1.23318 1
33 92 1 2.41677 1
33 93 1 1.50234 1
33 94 1 0.576356 1
33 95 1 -0.134657 1
33 20 1 -1.70282 1
33 107 1 1.63984 1
33 13 1 -0.388319 1
34 64 1 0.0173449 1
34 65 1 -1.67252 1
34 66 1 1.98918 1
34 67 1 1.95727 1
34 68 1 0.866311 1
34 69 1 -0.210614 1
34 70 1 -1.74507 1
34 71 1 -0.622079 1
34 72 1 -1.67101 1
34 73 1 -2.99312 1
34 74 1 1.10714 1
34 75 1 4.31332 1
34 76 1 -1.82068 1
34 77 1 -0.0507153 1
34 78 1 -0.569367 1
34 79 1 1.57254 1
34 80 1 2.38307 1
34 81 1 -0.619234 1
34 82 1 -0.692094 1
34 83 1 1.23131 1
34 84 1 0.6858 1
34 85 1 -0.209833 1
34 86 1 -0.46734 1
34 87 1 -0.193968 1
34 88 1 1.30243 1
34 89 1 -1.34145 1
34 90 1 -4.72902 1
34 91 1 1.65415 1
34 92 1 0.286267 1
34 93 1 -2.91471 1
34 94 1 2.4051 1
34 95 1 2.58571 1
34 113 1 -0.641656 1
35 64 1 -0.3358 1
35 65 1 -1.07401 1
35 66 1 0.96917 1
35 67 1 2.28369 1
35 68 1 0.724051 1
35 69 1 4.67411 1
35 70 1 2.69854 1
35 71 1 1.37492 1
35 72 1 3.63189 1
35 73 1 6.89494 1
35 74 1 2.26454 1
35 75 1 -0.752661 1
35 76 1 -3.52975 1
35 77 1 1.34253 1
35 78 1 -1.41384 1
35 79 1 0.607438 1
35 80 1 -7.81397 1
35 81 1 -2.15054 1
35 82 1 1.99967 0
35 83 1 0.243508 1
35 84 1 3.21428 1
35 85 1 -4.75114 1
35 86 1 -2.23365 1
35 87 1 -2.69769 1
35 88 1 -0.788957 1
35 89 1 1.20098 0
35 90 1 -1.17128 1
35 91 1 -1.81052 1
35 92 1 -3.19153 1
35 93 1 -1.17799 1
35 94 1 -2.35136 1
35 95 1 0.345486 1
35 130 1 0.577812 1
35 133 1 3.61541 1
133 82 1 2.26803 1
130 89 1 1.8345 1
36 64 1 0.437675 1
36 65 1 1.82135 1
36 66 1 0.870073 1
36 67 1 0.603325 1
36 68 1 -4.97579 1
36 69 1 -2.87319 1
36 70 1 0.0610789 1
36 71 1 2.05333 1
36 72 1 -0.103317 1
36 73 1 -0.403716 1
36 74 1 0.580296 1
36 75 1 1.11943 1
36 76 1 1.30915 1
36 77 1 -4.84632 1
36 78 1 -0.724131 1
36 79 1 3.03802 1
36 80 1 1.16146 1
36 81 1 -1.93113 1
36 82 1 -2.43496 0
36 83 1 1.13396 1
36 84 1 1.58086 1
36 85 1 -3.08115 1
36 86 1 1.47392 1
36 87 1 -0.654094 1
36 88 1 0.534556 1
36 89 1 0.817029 1
36 90 1 -2.42989 1
36 91 1 1.14079 1
36 92 1 4.32744 1
36 93 1 0.932791 1
36 94 1 -3.47436 1
36 95 1 5.23038 1
36 109 1 1.00683 0
36 24 1 -0.957441 1
36 117 1 0.988812 1
117 109 1 0.429727 1
109 82 1 1.87248 1
109 31 1 -0.825331 1
37 64 1 -4.9857 1
37 65 1 1.68368 1
37 66 1 -1.88872 1
37 67 1 -0.407091 1
37 68 1 -4.97416 1
37 69 1 0.709544 1
37 70 1 -3.34673 1
37 71 1 -0.552316 1
37 72 1 2.247 1
37 73 1 2.37341 1
37 74 1 -0.261761 1
37 75 1 1.26704 1
37 76 1 2.78188 0
37 77 1 2.64464 1
37 78 1 -0.946726 1
37 79 1 -0.311321 1
37 80 1 3.01439 1
37 81 1 0.00520345 1
37 82 1 3.99826 1
37 83 1 1.6277 1
37 84 1 -4.96503 1
37 85 1 1.81373 1
37 86 1 -2.19048 1
37 87 1 2.07151 1
37 88 1 -2.50906 1
37 89 1 0.365974 1
37 90 1 -0.368108 1
37 91 1 2.32901 1
37 92 1 3.5336 1
37 93 1 -0.114505 1
37 94 1 -2.55026 1
37 95 1 -1.20181 1
37 142 1 1.2546 1
142 76 1 0.00671089 1
38 64 1 0.549596 1
38 65 1 -2.33601 1
38 66 1 -0.998444 1
38 67 1 -0.436167 1
38 68 1 -2.29831 1
38 69 1 -5.12235 1
38 70 1 0.310458 1
38 71 1 -0.685905 1
38 72 1 -2.03112 1
38 73 1 -0.346946 1
38 74 1 -1.11323 1
38 75 1 1.98331 1
38 76 1 2.96155 1
38 77 1 -1.36691 1
38 78 1 -1.39212 1
38 79 1 -1.3504 1
38 80 1 -5.47647 1
38 81 1 -1.47286 1
38 82 1 3.45739 1
38 83 1 -1.61257 1
38 84 1 -3.22063 1
38 85 1 -3.42413 1
38 86 1 0.328743 1
38 87 1 -0.442189 1
38 88 1 0.925416 1
38 89 1 4.00947 1
38 90 1 -0.947174 1
38 91 1 2.354 1
38 92 1 1.6208 0
38 93 1 -1.57415 1
38 94 1 0.466381 1
38 95 1 -2.92945 1
38 148 1 0.887013 1
148 92 1 2.81035 1
39 64 1 0.795686 1
39 65 1 -2.3025 1
39 66 1 2.67664 1
39 67 1 -0.833552 1
39 68 1 1.20415 1
39 69 1 -0.291246 1
39 70 1 2.07052 1
39 71 1 -1.22833 1
39 72 1 -2.315 1
39 73 1 -2.33626 1
39 74 1 1.38493 1
39 75 1 2.1003 0
39 76 1 2.90539 1
39 77 1 -0.375476 1
39 78 1 -2.62705 1
39 79 1 -3.03533 1
39 80 1 2.05822 1
39 81 1 -3.23514 1
39 82 1 -0.273262 1
39 83 1 0.439579 1
39 84 1 -1.98678 1
39 85 1 0.76954 1
39 86 1 2.22523 1
39 87 1 0.256894 1
39 88 1 -2.21924 1
39 89 1 0.544184 1
39 90 1 4.05092 1
39 91 1 -1.57254 1
39 92 1 4.36877 1
39 93 1 -0.161414 1
39 94 1 -4.39059 1
39 95 1 -0.287506 1
39 2 1 -4.29808 1
39 112 1 3.54702 1
39 13 1 0.0589574 1
39 104 1 -0.58349 1
112 75 1 -1.4375 1
112 138 1 -0.911074 1
40 64 1 -5.18438 1
40 65 1 -0.255595 1
40 66 1 1.93286 1
40 67 1 0.703836 1
40 68 1 2.92602 1
40 69 1 0.988113 1
40 70 1 -0.954076 1
40 71 1 0.520454 1
40 72 1 4.08085 1
40 73 1 1.57264 1
40 74 1 -0.851251 1
40 75 1 0.794978 1
40 76 1 -1.14644 1
40 77 1 3.49607 1
40 78 1 1.78936 1
40 79 1 -0.44797 1
40 80 1 -0.230271 1
40 81 1 -0.473551 1
40 82 1 0.498599 1
40 83 1 -2.48596 1
40 84 1 1.64396 1
40 85 1 2.88024 1
40 86 1 1.58021 1
40 87 1 1.59253 1
40 88 1 0.45516 1
40 89 1 -0.832652 1
40 90 1 -1.1056 1
40 91 1 -0.512176 1
40 92 1 -1.34814 1
40 93 1 2.61606 1
40 94 1 2.15251 1
40 95 1 2.06399 1
40 2 1 -0.667641 1
40 134 1 1.36911 1
41 64 1 4.51183 1
41 65 1 -0.245913 1
41 66 1 -0.703422 1
41 67 1 -0.457714 1
41 68 1 1.91891 1
41 69 1 -0.33529 1
41 70 1 1.77311 1
41 71 1 0.0568099 1
41 72 1 4.39758 1
41 73 1 -6.10215 1
41 74 1 -0.384132 1
41 75 1 1.89805 1
41 76 1 -2.23812 1
41 77 1 -0.350866 1
41 78 1 -3.8134 1
41 79 1 0.769931 1
41 80 1 1.78213 1
41 81 1 3.32572 1
41 82 1 -2.25295 1
41 83 1 1.5888 1
41 84 1 -2.38416 1
41 85 1 0.336125 1
41 86 1 1.11073 1
41 87 1 1.19751 1
41 88 1 3.05394 1
41 89 1 -2.56061 1
41 90 1 -2.91736 1
41 91 1 -0.227216 1
41 92 1 0.0721183 1
41 93 1 -0.589305 1
41 94 1 -0.178981 1
41 95 1 0.262048 1
41 11 1 2.59039 1
41 29 1 -1.14172 1
42 64 1 1.93628 1
42 65 1 1.77056 1
42 66 1 0.306607 1
42 67 1 -0.470498 1
42 68 1 -1.40501 1
42 69 1 -1.1438 1
42 70 1 -2.03242 1
42 71 1 -0.693171 1
42 72 1 -0.645546 1
42 73 1 -2.71072 1
42 74 1 1.22629 1
42 75 1 -1.0648 1
42 76 1 -2.64913 1
42 77 1 -1.3671 1
42 78 1 -2.60675 1
42 79 1 1.35257 1
42 80 1 -1.14716 1
42 81 1 1.54923 1
42 82 1 2.6384 1
42 83 1 2.41746 1
42 84 1 1.65349 1
42 85 1 0.678046 1
42 86 1 0.423077 1
42 87 1 -2.65745 1
42 88 1 -1.3947 1
42 89 1 -0.253119 1
42 90 1 1.1313 1
42 91 1 2.22967 1
42 92 1 -1.72792 1
42 93 1 2.59001 1
42 94 1 -2.01439 1
42 95 1 1.75634 1
43 64 1 2.11842 1
43 65 1 -3.08804 1
43 66 1 1.60187 1
43 67 1 2.27284 1
43 68 1 0.0013645 1
43 69 1 -0.762409 1
43 70 1 -0.00512162 1
43 71 1 -4.22712 1
43 72 1 -1.0518 1
43 73 1 -7.8765 1
43 74 1 2.81392 1
43 75 1 -1.8936 1
43 76 1 1.07094 1
43 77 1 0.557387 1
43 78 1 -0.0384029 1
43 79 1 -2.17638 1
43 80 1 -0.694394 1
43 81 1 2.93234 1
43 82 1 1.33176 1
43 83 1 -2.4122 1
43 84 1 0.765758 1
43 85 1 3.28081 1
43 86 1 -0.170824 1
43 87 1 4.14625 1
43 88 1 -0.839975 1
43 89 1 3.79603 1
43 90 1 0.388252 1
43 91 1 -5.01401 1
43 92 1 3.66793 1
43 93 1 1.85606 1
43 94 1 -4.8352 1
43 95 1 2.48251 1
44 64 1 1.49447 1
44 65 1 -2.57798 1
44 66 1 0.0972619 1
44 67 1 -1.50757 1
44 68 1 -1.99962 1
44 69 1 -0.201924 1
44 70 1 1.95027 1
44 71 1 0.806399 1
44 72 1 -2.52393 1
44 73 1 0.512479 1
44 74 1 -1.69972 1
44 75 1 -2.48121 1
44 76 1 -0.206095 1
44 77 1 1.93422 1
44 78 1 1.74322 1
44 79 1 0.723017 1
44 80 1 6.01132 1
44 81 1 -2.11108 1
44 82 1 1.53546 1
44 83 1 -2.36561 1
44 84 1 0.391553 1
44 85 1 -0.0629516 1
44 86 1 1.39105 1
44 87 1 0.0495973 1
44 88 1 1.0809 1
44 89 1 0.687181 1
44 90 1 -0.0573516 1
44 91 1 -0.0751982 1
44 92 1 0.494664 1
44 93 1 3.34651 1
44 94 1 -1.93964 1
44 95 1 -0.19589 1
44 8 1 -0.032356 1
44 29 1 1.22695 1
45 64 1 0.138893 1
45 65 1 3.64058 1
45 66 1 -0.825734 1
45 67 1 1.12943 1
45 68 1 -2.01405 1
45 69 1 -6.54536 1
45 70 1 -4.93956 1
45 71 1 0.151085 1
45 72 1 -4.24749 1
45 73 1 2.45031 1
45 74 1 2.68775 1
45 75 1 3.3587 1
45 76 1 -0.428818 1
45 77 1 1.033 1
45 78 1 -3.43063 1
45 79 1 2.60729 1
45 80 1 -2.20979 1
45 81 1 0.335482 1
45 82 1 -0.337407 1
45 83 1 -1.85788 1
45 84 1 2.20582 1
45 85 1 -3.544 1
45 86 1 1.43676 1
45 87 1 0.933258 1
45 88 1 0.27721 1
45 89 1 -3.87766 1
45 90 1 -0.00979408 1
45 91 1 3.57241 1
45 92 1 -2.67851 1
45 93 1 -5.94184 1
45 94 1 1.70416 1
45 95 1 -2.13856 1
45 9 1 3.3165 1
45 20 1 -0.0200768 1
46 64 1 -0.972405 1
46 65 1 0.302532 1
46 66 1 2.51909 1
46 67 1 1.76991 1
46 68 1 -6.09378 1
46 69 1 -0.881827 1
46 70 1 0.260191 1
46 71 1 -0.993419 1
46 72 1 2.50459 1
46 73 1 -2.51357 1
46 74 1 -1.99011 1
46 75 1 3.30853 1
46 76 1 -4.64943 1
46 77 1 1.83712 1
46 78 1 -0.995958 1
46 79 1 -0.185523 1
46 80 1 4.07298 1
46 81 1 -0.140801 1
46 82 1 -1.07167 1
46 83 1 1.67813 1
46 84 1 -1.06167 1
46 85 1 2.07571 1
46 86 1 -1.79813 1
46 87 1 2.00712 1
46 88 1 -2.65515 1
46 89 1 -3.64907 1
46 90 1 -3.09023 1
46 91 1 0.570402 1
46 92 1 -0.0746545 1
46 93 1 -2.97549 1
46 94 1 -0.478034 1
46 95 1 -1.32832 1
46 24 1 1.32403 1
47 64 1 -0.634757 1
47 65 1 0.384045 1
47 66 1 -3.47084 1
47 67 1 4.38969 1
47 68 1 -1.275 1
47 69 1 2.70039 1
47 70 1 -0.900173 1
47 71 1 0.102531 1
47 72 1 0.894336 1
47 73 1 4.86602 0
47 74 1 -0.408824 1
47 75 1 -1.70289 1
47 76 1 -2.80294 1
47 77 1 -7.05791 1
47 78 1 -1.36525 1
47 79 1 1.94942 1
47 80 1 4.33105 1
47 81 1 -6.05538 1
47 82 1 1.32856 1
47 83 1 -0.397499 1
47 84 1 -3.5101 1
47 85 1 0.051706 1
47 86 1 -2.87302 1
47 87 1 4.82274 1
47 88 1 1.39834 1
47 89 1 1.06922 1
47 90 1 6.20403 1
47 91 1 1.93511 1
47 92 1 -1.75003 1
47 93 1 0.227629 1
47 94 1 0.637635 1
47 95 1 -0.351469 1
47 4 1 0.866441 1
47 137 1 0.819209 1
137 73 1 4.78072 1
48 64 1 0.173227 1
48 65 1 0.981106 1
48 66 1 0.281824 1
48 67 1 -0.242449 1
48 68 1 -4.11301 1
48 69 1 -4.56768 1
48 70 1 0.366736 1
48 71 1 1.34387 1
48 72 1 -2.71776 1
48 73 1 1.83525 1
48 74 1 5.31607 1
48 75 1 -4.85131 1
48 76 1 1.53062 1
48 77 1 -3.26001 1
48 78 1 0.0430169 1
48 79 1 1.05283 1
48 80 1 -1.03963 1
48 81 1 -1.31411 1
48 82 1 0.00780252 1
48 83 1 -0.320595 1
48 84 1 0.502517 1
48 85 1 1.30928 1
48 86 1 -2.64685 1
48 87 1 -1.11324 1
48 88 1 -2.63633 1
48 89 1 -0.747531 1
48 90 1 2.01446 1
48 91 1 1.1639 1
48 92 1 -4.93242 1
48 93 1 0.336319 1
48 94 1 3.55227 1
48 95 1 3.43381 1
48 16 1 0.0196149 1
48 12 1 -0.891868 1
48 14 1 -2.46297 1
49 64 1 0.965714 1
49 65 1 -0.917778 1
49 66 1 -0.789752 1
49 67 1 -0.839313 1
49 68 1 -1.8636 1
49 69 1 1.1292 1
49 70 1 0.647961 1
49 71 1 -3.32442 1
49 72 1 -0.327841 1
49 73 1 -0.752032 1
49 74 1 2.89885 1
49 75 1 1.30318 1
49 76 1 -5.33468 1
49 77 1 -2.28055 1
49 78 1 -2.31961 1
49 79 1 1.63924 1
49 80 1 5.81877 1
49 81 1 -4.10927 1
49 82 1 0.379679 1
49 83 1 -1.75355 1
49 84 1 2.62557 1
49 85 1 -3.31055 1
49 86 1 0.317302 1
49 87 1 -0.924116 1
49 88 1 -1.28835 1
49 89 1 0.0636672 1
49 90 1 -0.93323 1
49 91 1 -0.0441059 1
49 92 1 1.50253 1
49 93 1 -1.25056 1
49 94 1 1.31706 1
49 95 1 2.8059 1
49 19 1 -1.81093 1
49 31 1 -0.34365 1
49 15 1 -0.805853 1
50 64 1 -4.50164 1
50 65 1 -2.65093 1
50 66 1 1.87249 1
50 67 1 -1.79512 1
50 68 1 1.87992 1
50 69 1 -0.0821713 1
50 70 1 1.03709 1
50 71 1 5.69347 1
50 72 1 -1.80935 1
50 73 1 4.80881 1
50 74 1 -1.44 1
50 75 1 1.10155 1
50 76 1 -1.93572 1
50 77 1 0.515007 1
50 78 1 3.80456 1
50 79 1 -1.75052 1
50 80 1 1.36732 1
50 81 1 0.780784 1
50 82 1 -0.839476 1
50 83 1 1.83337 1
50 84 1 -1.47726 1
50 85 1 -0.483069 1
50 86 1 0.687428 1
50 87 1 -2.3223 1
50 88 1 -3.94518 1
50 89 1 1.00591 1
50 90 1 0.641078 1
50 91 1 -0.458773 1
50 92 1 -0.252629 1
50 93 1 0.252382 1
50 94 1 -3.45636 1
50 95 1 1.04169 1
50 4 1 4.99389 1
50 22 1 -2.03833 1
51 64 1 -1.12511 1
51 65 1 3.67905 1
51 66 1 2.11854 1
51 67 1 -0.979123 1
51 68 1 0.176967 1
51 69 1 -1.51846 1
51 70 1 3.33663 1
51 71 1 3.3097 1
51 72 1 -3.4133 1
51 73 1 -1.99993 0
51 74 1 -2.33824 1
51 75 1 6.17938 1
51 76 1 -2.49133 1
51 77 1 1.33956 1
51 78 1 3.36079 1
51 79 1 0.82034 1
51 80 1 0.975414 1
51 81 1 -3.33656 1
51 82 1 0.893366 1
51 83 1 4.54799 1
51 84 1 -1.95517 1
51 85 1 -1.86434 1
51 86 1 -0.81359 1
51 87 1 1.31975 1
51 88 1 1.0961 1
51 89 1 1.41638 1
51 90 1 2.74705 1
51 91 1 0.880977 1
51 92 1 2.41436 1
51 93 1 2.90969 1
51 94 1 -5.72899 1
51 95 1 -1.54041 1
51 116 1 -0.44424 1
51 12 1 -0.790928 1
116 73 1 -1.59239 0
116 134 1 0.533807 1
134 73 1 1.29714 1
52 64 1 -3.07954 1
52 65 1 3.59472 1
52 66 1 1.5792 1
52 67 1 -0.290267 1
52 68 1 0.176039 1
52 69 1 4.89307 1
52 70 1 2.60875 1
52 71 1 -1.08116 1
52 72 1 -0.402195 1
52 73 1 4.47968 1
52 74 1 1.93457 1
52 75 1 0.00102136 1
52 76 1 -3.41666 1
52 77 1 -0.254419 1
52 78 1 1.53726 1
52 79 1 1.99462 1
52 80 1 -0.679595 1
52 81 1 0.611842 1
52 82 1 -3.1002 1
52 83 1 -2.30125 1
52 84 1 1.82101 1
52 85 1 -1.32519 1
52 86 1 -2.92823 1
52 87 1 1.33157 1
52 88 1 2.09404 1
52 89 1 -0.986189 1
52 90 1 0.0077104 1
52 91 1 -0.303045 1
52 92 1 0.337426 1
52 93 1 -1.35715 0
52 94 1 2.23474 1
52 95 1 -0.461994 1
52 115 1 1.10649 1
52 139 1 -0.196738 1
139 93 1 -2.89051 1
53 64 1 -2.8944 1
53 65 1 0.303455 1
53 66 1 -0.436787 1
53 67 1 -0.0449009 1
53 68 1 3.02583 1
53 69 1 1.9234 1
53 70 1 -1.30961 0
53 71 1 0.548855 1
53 72 1 -1.99111 1
53 73 1 1.41349 1
53 74 1 -1.89469 1
53 75 1 -2.33428 1
53 76 1 0.53468 1
53 77 1 1.83444 1
53 78 1 -1.21525 1
53 79 1 0.596887 1
53 80 1 0.909783 1
53 81 1 0.950566 1
53 82 1 1.02377 1
53 83 1 0.986625 1
53 84 1 1.85426 1
53 85 1 0.7096 1
53 86 1 1.0158 1
53 87 1 0.344406 1
53 88 1 -0.673008 1
53 89 1 -0.263813 1
53 90 1 -2.39867 1
53 91 1 -0.0426455 1
53 92 1 2.64773 1
53 93 1 -0.277284 1
53 94 1 0.842149 1
53 95 1 -1.99133 1
53 20 1 4.18805 1
53 23 1 1.31997 1
53 149 1 1.2437 1
149 70 1 -1.40322 1
54 64 1 1.78764 1
54 65 1 -0.254726 1
54 66 1 -2.16121 1
54 67 1 0.643909 1
54 68 1 2.3635 1
54 69 1 -2.50529 1
54 70 1 0.569686 1
54 71 1 3.09348 1
54 72 1 0.9608 1
54 73 1 0.703613 1
54 74 1 0.743402 1
54 75 1 -1.33196 1
54 76 1 -0.824107 1
54 77 1 2.83852 1
54 78 1 -0.0627967 1
54 79 1 -0.0748567 1
54 80 1 0.719731 1
54 81 1 3.18332 1
54 82 1 -3.09139 1
54 83 1 6.49673 1
54 84 1 1.36532 1
54 85 1 -0.0218132 1
54 86 1 -2.93679 1
54 87 1 -0.316692 1
54 88 1 2.22985 1
54 89 1 4.28088 1
54 90 1 -3.09814 1
54 91 1 2.15093 1
54 92 1 -0.955368 1
54 93 1 1.28379 1
54 94 1 -3.15248 1
54 95 1 -3.17733 1
54 30 1 -2.2778 1
54 144 1 0.774081 1
55 64 1 0.96971 1
55 65 1 -2.68633 1
55 66 1 -1.4671 1
55 67 1 -0.766483 1
55 68 1 -2.31561 1
55 69 1 3.25459 1
55 70 1 2.84995 1
55 71 1 -4.67976 1
55 72 1 2.2466 1
55 73 1 0.360331 1
55 74 1 2.5022 1
55 75 1 -2.52533 1
55 76 1 -4.51096 1
55 77 1 2.55677 1
55 78 1 -2.10779 1
55 79 1 2.21147 1
55 80 1 -1.19273 1
55 81 1 1.63846 1
55 82 1 -2.16941 1
55 83 1 -0.57895 1
55 84 1 -0.701664 1
55 85 1 -5.17416 1
55 86 1 1.00346 1
55 87 1 2.31949 1
55 88 1 -3.06306 1
55 89 1 -1.78346 1
55 90 1 0.68835 1
55 91 1 1.26571 1
55 92 1 6.0829 1
55 93 1 -3.56388 1
55 94 1 -2.72458 1
55 95 1 -1.03529 0
55 28 1 4.9607 1
55 114 1 1.9084 1
114 95 1 -1.58845 1
56 64 1 0.873268 1
56 65 1 -2.93102 1
56 66 1 0.360441 1
56 67 1 -0.902439 1
56 68 1 -0.774246 0
56 69 1 -1.13119 1
56 70 1 0.551566 1
56 71 1 0.941387 1
56 72 1 -0.436973 1
56 73 1 -1.62774 1
56 74 1 3.87437 1
56 75 1 3.62845 1
56 76 1 -3.65952 1
56 77 1 -0.828939 1
56 78 1 -3.56167 1
56 79 1 0.561002 1
56 80 1 -1.47791 1
56 81 1 2.57612 1
56 82 1 3.83257 1
56 83 1 -1.74775 1
56 84 1 -1.74577 1
56 85 1 -1.3048 1
56 86 1 2.48527 1
56 87 1 -3.0467 1
56 88 1 0.601137 1
56 89 1 -2.13352 1
56 90 1 -0.995266 1
56 91 1 -1.07238 1
56 92 1 1.85444 1
56 93 1 3.55753 1
56 94 1 -1.79157 1
56 95 1 0.976004 1
56 3 1 -0.925417 1
56 126 1 3.13221 1
126 68 1 0.504215 1
126 11 1 -1.1319 1
57 64 1 -3.16666 1
57 65 1 3.29153 1
57 66 1 -3.32468 1
57 67 1 -1.44247 1
57 68 1 3.30101 1
57 69 1 -0.989872 0
57 70 1 0.464664 1
57 71 1 3.24724 1
57 72 1 0.753114 1
57 73 1 -1.50146 1
57 74 1 3.10026 1
57 75 1 3.33099 1
57 76 1 2.48819 1
57 77 1 -4.61227 1
57 78 1 -1.42903 1
57 79 1 -2.43976 1
57 80 1 1.0809 1
57 81 1 4.95405 1
57 82 1 3.25169 1
57 83 1 -2.95408 1
57 84 1 1.26596 1
57 85 1 -2.94848 1
57 86 1 0.194417 1
57 87 1 0.858526 1
57 88 1 -1.18295 1
57 89 1 -0.572439 1
57 90 1 0.496753 1
57 91 1 -1.53017 1
57 92 1 -2.23563 1
57 93 1 -0.102047 1
57 94 1 -0.696904 1
57 95 1 2.30499 1
57 104 1 3.02808 1
57 22 1 0.414634 1
104 69 1 2.20699 1
104 1 1 -0.625562 1
58 64 1 2.66732 1
58 65 1 -2.57742 1
58 66 1 0.0275754 1
58 67 1 -2.00908 1
58 68 1 -0.676637 1
58 69 1 -1.21174 1
58 70 1 -1.87361 1
58 71 1 0.562596 1
58 72 1 -0.487056 1
58 73 1 -0.969047 1
58 74 1 2.94015 1
58 75 1 3.09258 1
58 76 1 4.36493 1
58 77 1 1.03048 1
58 78 1 -0.86464 1
58 79 1 0.605435 0
58 80 1 -4.36664 1
58 81 1 1.16415 1
58 82 1 1.19444 1
58 83 1 0.826498 1
58 84 1 -0.945926 1
58 85 1 1.19764 1
58 86 1 2.10233 1
58 87 1 -0.852016 1
58 88 1 -2.3815 1
58 89 1 -1.40735 1
58 90 1 -2.63521 1
58 91 1 -0.39914 1
58 92 1 2.03985 1
58 93 1 2.62497 1
58 94 1 -2.08599 1
58 95 1 1.33346 1
58 128 1 0.547645 1
128 79 1 0.526509 0
128 131 1 -0.119735 1
131 79 1 -0.38739 1
59 64 1 -2.10999 1
59 65 1 1.19687 1
59 66 1 0.584366 1
59 67 1 -2.69515 1
59 68 1 1.25713 1
59 69 1 -1.59127 1
59 70 1 -2.03516 1
59 71 1 2.87123 1
59 72 1 -0.206518 1
59 73 1 -0.971358 1
59 74 1 0.44461 1
59 75 1 -1.31966 1
59 76 1 2.01069 1
59 77 1 0.324144 0
59 78 1 1.17124 1
59 79 1 -2.52591 1
59 80 1 0.537351 1
59 81 1 0.0385458 1
59 82 1 -4.09962 1
59 83 1 3.46534 1
59 84 1 -1.48939 1
59 85 1 -2.14008 1
59 86 1 -3.16847 1
59 87 1 1.59964 1
59 88 1 4.85856 1
59 89 1 -1.07146 1
59 90 1 0.603267 1
59 91 1 -1.31671 1
59 92 1 1.95317 1
59 93 1 1.89697 1
59 94 1 -4.95209 1
59 95 1 1.84638 1
59 97 1 1.77192 1
59 5 1 -2.40376 1
59 11 1 -0.415351 1
59 13 1 1.28344 1
97 77 1 -6.83537 1
97 22 1 -2.43227 1
97 2 1 -5.31355 0
97 99 1 1.31958 1
97 7 1 2.78197 0
97 102 1 2.09969 1
97 17 1 1.68245 1
102 7 1 3.82992 1
99 2 1 3.00299 0
99 108 1 4.29939 1
99 15 1 -0.655872 1
108 2 1 -1.5802 0
108 125 1 4.33915 1
125 2 1 0.099619 1
60 64 1 1.98987 1
60 65 1 -0.689126 1
60 66 1 -0.725487 1
60 67 1 -0.386547 1
60 68 1 0.243692 1
60 69 1 0.966975 1
60 70 1 -2.42187 1
60 71 1 0.249077 1
60 72 1 1.56164 0
60 73 1 -0.305623 1
60 74 1 1.08959 1
60 75 1 -0.225119 1
60 76 1 1.36957 1
60 77 1 3.55698 1
60 78 1 -1.19908 1
60 79 1 0.611823 1
60 80 1 -4.69889 1
60 81 1 -0.974547 1
60 82 1 -1.57709 1
60 83 1 -0.626518 1
60 84 1 -3.7002 1
60 85 1 3.85986 1
60 86 1 1.12628 1
60 87 1 -0.145321 1
60 88 1 -5.33412 1
60 89 1 -0.150834 1
60 90 1 -1.94798 1
60 91 1 0.744392 1
60 92 1 0.881458 1
60 93 1 2.58527 1
60 94 1 0.72533 1
60 95 1 1.24698 1
60 24 1 -3.17986 1
60 0 1 1.94558 1
60 115 1 2.88076 1
60 3 1 -0.73419 1
115 72 1 -0.95733 1
115 18 1 0.898684 1
61 64 1 0.790732 1
61 65 1 -0.719068 1
61 66 1 1.47286 1
61 67 1 0.0503577 1
61 68 1 -3.78438 1
61 69 1 2.81755 1
61 70 1 -0.141996 1
61 71 1 -0.908077 1
61 72 1 -1.93212 1
61 73 1 1.13515 1
61 74 1 1.74879 1
61 75 1 3.43982 1
61 76 1 -0.1967 1
61 77 1 0.286695 0
61 78 1 0.244552 1
61 79 1 -0.44045 1
61 80 1 -1.24264 1
61 81 1 -0.472951 1
61 82 1 -0.222855 1
61 83 1 -0.226794 1
61 84 1 -2.10593 1
61 85 1 -0.123126 1
61 86 1 0.582389 1
61 87 1 1.69914 1
61 88 1 0.853895 1
61 89 1 1.61909 1
61 90 1 0.0956546 1
61 91 1 2.76951 1
61 92 1 -1.80141 1
61 93 1 0.0417828 1
61 94 1 0.662284 1
61 95 1 -2.11243 1
61 107 1 0.410581 1
61 113 1 -2.92125 1
61 14 1 -1.05269 1
107 77 1 -4.83543 0
107 113 1 1.12782 1
107 14 1 -0.957676 1
113 77 1 -2.65324 1
113 23 1 -1.57094 1
62 64 1 1.29489 1
62 65 1 -3.56781 1
62 66 1 3.65428 1
62 67 1 -1.30774 1
62 68 1 1.96543 1
62 69 1 -1.08644 1
62 70 1 1.99204 1
62 71 1 -1.98269 1
62 72 1 0.535305 1
62 73 1 1.72372 1
62 74 1 3.99163 1
62 75 1 -0.742715 1
62 76 1 3.90201 1
62 77 1 -4.12086 1
62 78 1 -2.30111 1
62 79 1 -1.18162 1
62 80 1 -1.92802 1
62 81 1 -1.00942 1
62 82 1 -2.46875 1
62 83 1 1.08227 1
62 84 1 -0.64119 0
62 85 1 -0.301286 1
62 86 1 3.95498 1
62 87 1 -2.37635 1
62 88 1 0.154253 1
62 89 1 -1.30403 1
62 90 1 -5.47497 1
62 91 1 1.02889 1
62 92 1 -0.968898 1
62 93 1 0.663488 1
62 94 1 1.50526 1
62 95 1 -0.64744 1
62 5 1 1.90085 1
62 138 1 2.36155 1
138 84 1 0.0656759 1
63 64 1 2.64757 1
63 65 1 -1.55299 1
63 66 1 3.41245 1
63 67 1 0.835783 1
63 68 1 -1.11859 1
63 69 1 -4.15755 1
63 70 1 -1.93708 1
63 71 1 2.99725 1
63 72 1 -0.140364 1
63 73 1 -0.216118 1
63 74 1 -5.82614 1
63 75 1 0.996813 1
63 76 1 -1.62635 0
63 77 1 1.88685 1
63 78 1 1.1594 1
63 79 1 0.975981 1
63 80 1 0.513068 1
63 81 1 -0.0530646 1
63 82 1 0.444875 1
63 83 1 -2.60177 1
63 84 1 -2.84442 1
63 85 1 -4.12461 1
63 86 1 5.13992 1
63 87 1 -3.32497 0
63 88 1 0.410762 1
63 89 1 -0.864814 1
63 90 1 2.87977 1
63 91 1 -1.38015 1
63 92 1 -1.91675 1
63 93 1 2.33108 1
63 94 1 -3.98114 1
63 95 1 0.0147585 1
63 141 1 1.59923 1
63 144 1 0.856266 1
144 76 1 -2.54071 0
144 147 1 0.594349 1
147 76 1 -3.20126 1
141 87 1 -5.87684 1
141 10 1 -0.399927 1
