150 64 32
2.49557 0.0503392 -6.33113 5.03786 -3.11727 1.41058 0.278896 -0.240731 0.330585 2.16731 3.03915 3.27325 -2.64629 -3.46203 -1.17907 -2.91053 0.550716 1.2018 -1.23538 -0.534399 -2.35739 0.282218 -1.02275 0.311613 -3.83935 -0.173758 3.9786 2.16263 -2.48713 -2.79196 -4.15874 2.39157 -1.15706 0.753966 1.43231 1.6951 -2.51378 -1.13959 0.37934 -1.36778 -1.81937 0.101238 -0.0564269 -4.26434 -1.69951 -0.245763 -2.90718 2.98842 -0.214353 2.37806 0.871256 -2.95297 -2.76425 0.422411 -1.14972 4.27017 -1.6758 0.372828 0.59375 -1.77358 1.10181 -0.78083 -0.839009 -3.55692 -3.95312 0.443402 3.94146 2.32734 -3.40733 1.64223 -3.19102 -0.899504 -2.24118 -3.06935 3.3052 3.08782 -1.90829 -1.12678 0.95289 -2.89397 0.145051 -0.646176 -2.71479 0.697808 1.66957 -0.172355 -2.29079 1.26918 4.81793 -0.0547225 -2.2645 3.16693 -1.09621 1.08025 1.14057 -1.83874 -1.07815 0.846917 -0.620716 0.0627942 3.12635 -3.39635 -5.01805 -2.75732 -2.47458 0.879496 -2.08069 -3.57005 -1.785 0.902618 -1.8522 1.92771 2.89053 -2.81838 -0.416631 -1.06936 -3.16195 -0.535806 -1.10397 -1.49023 1.3146 0.415752 -0.0724466 2.21014 0.997478 3.21515 0.952829 0.786176 1.70806 2.03987 -0.0210564 -1.50898 -0.617296 -0.222081 -0.43686 -0.587281 -0.398479 -1.1346 -1.80407 -0.923808 0.651797 -0.170232 -1.21386 0.867601 -0.0864082 -0.296078 0.642023 0.623885 1.47495 -0.350519 
0 64 1 -4.18113 1
0 65 1 2.09084 1
0 66 1 2.55271 1
0 67 1 -0.355722 1
0 68 1 -1.77593 1
0 69 1 0.611657 1
0 70 1 -0.23855 1
0 71 1 -0.862319 1
0 72 1 0.863199 1
0 73 1 -1.32696 1
0 74 1 -3.5443 1
0 75 1 1.2074 1
0 76 1 2.59773 1
0 77 1 0.96376 1
0 78 1 -3.17253 1
0 79 1 2.84384 1
0 80 1 1.44349 1
0 81 1 2.44746 1
0 82 1 3.26884 1
0 83 1 1.72579 1
0 84 1 -3.22279 1
0 85 1 3.40438 1
0 86 1 -3.00527 1
0 87 1 -1.9983 1
0 88 1 0.430332 1
0 89 1 2.53821 1
0 90 1 4.32385 1
0 91 1 5.29306 1
0 92 1 -1.783 1
0 93 1 -0.788947 1
0 94 1 -0.0654641 1
0 95 1 0.514166 1
0 10 1 -1.81715 1
1 64 1 -1.90391 1
1 65 1 -1.45256 1
1 66 1 2.01822 1
1 67 1 -2.87426 1
1 68 1 4.76742 1
1 69 1 -0.274686 1
1 70 1 1.15427 1
1 71 1 -1.48618 1
1 72 1 -2.18003 1
1 73 1 -1.70358 1
1 74 1 -3.58807 1
1 75 1 3.32678 1
1 76 1 -0.994821 1
1 77 1 5.01816 1
1 78 1 -2.07808 1
1 79 1 -0.52123 1
1 80 1 -3.4998 1
1 81 1 1.1923 1
1 82 1 -1.09773 1
1 83 1 -5.6293 1
1 84 1 -0.535176 1
1 85 1 -0.355395 1
1 86 1 2.64036 1
1 87 1 -1.09124 1
1 88 1 -0.235205 1
1 89 1 3.2992 1
1 90 1 -1.88914 1
1 91 1 -2.23655 1
1 92 1 -0.308728 1
1 93 1 0.0701469 1
1 94 1 -0.971819 1
1 95 1 -4.06101 1
1 27 1 0.228943 1
2 64 1 -0.495803 1
2 65 1 2.27603 1
2 66 1 -3.11767 1
2 67 1 -1.71555 1
2 68 1 -1.55103 1
2 69 1 2.00265 1
2 70 1 -1.11582 1
2 71 1 3.16388 1
2 72 1 -2.21751 1
2 73 1 -2.72634 1
2 74 1 -4.06872 1
2 75 1 -1.07343 1
2 76 1 -4.40846 1
2 77 1 0.735895 1
2 78 1 -2.25062 1
2 79 1 -4.68281 1
2 80 1 -4.34094 1
2 81 1 -4.16209 1
2 82 1 -0.137161 1
2 83 1 -2.01858 1
2 84 1 0.548792 1
2 85 1 2.53437 1
2 86 1 -0.820843 1
2 87 1 -0.309958 1
2 88 1 -0.238302 1
2 89 1 -3.39763 1
2 90 1 -3.03182 1
2 91 1 -2.13138 1
2 92 1 3.16193 1
2 93 1 -3.31239 1
2 94 1 2.21118 1
2 95 1 -0.896396 1
2 100 1 -1.43412 1
2 6 1 3.79333 1
2 110 1 -0.0203215 1
3 64 1 -2.35902 1
3 65 1 -0.880913 1
3 66 1 -0.133265 1
3 67 1 1.88786 1
3 68 1 3.98933 1
3 69 1 -3.23206 1
3 70 1 0.694085 1
3 71 1 0.313084 1
3 72 1 6.32932 1
3 73 1 -0.849775 1
3 74 1 1.26338 1
3 75 1 2.6149 1
3 76 1 0.879388 1
3 77 1 -1.20137 1
3 78 1 -1.46964 1
3 79 1 -0.343707 1
3 80 1 -2.72448 1
3 81 1 -1.64326 1
3 82 1 6.0698 1
3 83 1 1.09596 1
3 84 1 1.33181 1
3 85 1 -3.1494 1
3 86 1 0.218531 1
3 87 1 1.81764 1
3 88 1 -0.268951 1
3 89 1 2.12861 1
3 90 1 0.987572 1
3 91 1 0.889965 1
3 92 1 1.07655 1
3 93 1 -2.59459 1
3 94 1 -3.27553 1
3 95 1 1.59362 0
3 110 1 1.82919 1
110 95 1 -1.36887 0
110 111 1 -0.548147 0
110 132 1 2.67721 1
132 111 1 2.30272 1
111 95 1 -2.48239 1
4 64 1 1.20399 1
4 65 1 -0.37645 1
4 66 1 -1.13086 1
4 67 1 3.36138 1
4 68 1 -1.61112 1
4 69 1 1.55736 1
4 70 1 -0.522176 1
4 71 1 0.662475 1
4 72 1 1.0792 1
4 73 1 -0.114923 0
4 74 1 0.345404 1
4 75 1 -4.86089 0
4 76 1 1.31534 1
4 77 1 3.03667 1
4 78 1 2.08275 1
4 79 1 2.63685 1
4 80 1 -2.71008 1
4 81 1 -0.0889907 1
4 82 1 0.434267 1
4 83 1 -3.06515 1
4 84 1 0.373585 1
4 85 1 2.84068 1
4 86 1 2.14688 1
4 87 1 -0.166319 1
4 88 1 -2.76983 1
4 89 1 -0.3082 1
4 90 1 2.8833 1
4 91 1 -5.621 1
4 92 1 -0.263939 1
4 93 1 0.862458 0
4 94 1 -1.1641 1
4 95 1 1.89345 1
4 101 1 2.69158 1
4 17 1 2.26842 1
4 118 1 1.34662 1
4 145 1 0.159451 1
145 93 1 0.984432 1
118 73 1 -2.89581 1
101 75 1 1.42973 1
5 64 1 -2.35922 1
5 65 1 1.87376 1
5 66 1 -2.52425 1
5 67 1 6.04797 1
5 68 1 3.22109 1
5 69 1 2.69127 1
5 70 1 -3.1186 1
5 71 1 0.00585641 1
5 72 1 0.801972 1
5 73 1 -2.38537 1
5 74 1 -0.938892 1
5 75 1 2.43356 1
5 76 1 3.04377 1
5 77 1 0.566919 1
5 78 1 -0.545537 1
5 79 1 -0.461519 1
5 80 1 1.96974 1
5 81 1 -1.49016 1
5 82 1 0.275259 1
5 83 1 5.02815 1
5 84 1 1.79756 1
5 85 1 2.63094 1
5 86 1 -3.44405 1
5 87 1 0.223945 1
5 88 1 -2.06335 1
5 89 1 -2.71674 1
5 90 1 -2.18072 1
5 91 1 -0.837489 1
5 92 1 -1.38142 1
5 93 1 1.41152 1
5 94 1 -2.06099 1
5 95 1 0.176819 1
5 28 1 0.420473 1
6 64 1 0.644527 1
6 65 1 -0.767319 1
6 66 1 3.07286 1
6 67 1 2.16948 1
6 68 1 -4.05899 1
6 69 1 -0.770994 1
6 70 1 -1.32993 1
6 71 1 -0.21829 1
6 72 1 1.73825 1
6 73 1 -2.98439 1
6 74 1 -3.95679 1
6 75 1 1.46032 1
6 76 1 3.00699 1
6 77 1 0.172778 1
6 78 1 -2.21702 1
6 79 1 -2.56766 1
6 80 1 3.03129 1
6 81 1 -0.0653477 1
6 82 1 1.66531 1
6 83 1 1.28245 1
6 84 1 1.64815 1
6 85 1 -1.78919 1
6 86 1 -1.07855 1
6 87 1 3.5934 1
6 88 1 -3.25182 1
6 89 1 -2.37824 1
6 90 1 3.52576 1
6 91 1 -0.332012 1
6 92 1 2.74676 1
6 93 1 -3.07323 1
6 94 1 -3.5855 1
6 95 1 0.991033 1
6 26 1 0.367999 1
7 64 1 3.03948 1
7 65 1 0.762928 1
7 66 1 -1.77851 1
7 67 1 -4.1319 1
7 68 1 -1.96027 1
7 69 1 -0.44587 1
7 70 1 4.76147 1
7 71 1 0.839184 1
7 72 1 2.80735 1
7 73 1 -0.423046 1
7 74 1 -2.23495 1
7 75 1 -1.87986 1
7 76 1 2.81276 1
7 77 1 -0.899827 1
7 78 1 3.01048 1
7 79 1 1.33445 1
7 80 1 -0.799488 1
7 81 1 0.749959 1
7 82 1 -4.05282 0
7 83 1 1.92902 0
7 84 1 -1.80186 1
7 85 1 3.38346 1
7 86 1 0.9811 1
7 87 1 3.71186 1
7 88 1 -2.68232 1
7 89 1 -2.73496 1
7 90 1 -0.576532 1
7 91 1 -2.6125 1
7 92 1 1.71242 1
7 93 1 -1.37664 1
7 94 1 -0.0876081 1
7 95 1 2.67104 1
7 100 1 -0.727831 1
7 127 1 0.782814 1
127 82 1 -3.4577 1
100 83 1 1.37372 1
100 24 1 -0.861319 0
100 106 1 3.76152 1
106 24 1 -4.82964 1
106 6 1 -0.750949 1
8 64 1 2.29926 1
8 65 1 -3.52711 1
8 66 1 -0.505631 1
8 67 1 1.57619 1
8 68 1 -0.867345 1
8 69 1 3.04423 1
8 70 1 1.08585 1
8 71 1 3.94369 1
8 72 1 2.38123 1
8 73 1 0.391281 1
8 74 1 -0.355386 1
8 75 1 -2.31902 1
8 76 1 -0.950041 1
8 77 1 3.06049 1
8 78 1 -0.2642 1
8 79 1 -2.53193 1
8 80 1 -0.00645106 1
8 81 1 -0.330663 1
8 82 1 0.951256 1
8 83 1 -3.45472 1
8 84 1 4.46877 1
8 85 1 7.91707 1
8 86 1 4.87759 1
8 87 1 0.272406 1
8 88 1 0.629365 1
8 89 1 2.82481 1
8 90 1 -1.33556 1
8 91 1 -0.0960332 1
8 92 1 3.17346 1
8 93 1 4.61812 1
8 94 1 4.72887 1
8 95 1 0.886087 1
8 17 1 -1.46866 1
9 64 1 -3.2005 1
9 65 1 -3.28071 1
9 66 1 1.54549 1
9 67 1 1.2554 1
9 68 1 -0.950501 1
9 69 1 -0.0815773 1
9 70 1 -5.08522 1
9 71 1 -0.272968 1
9 72 1 3.2684 1
9 73 1 -1.56352 1
9 74 1 0.43077 1
9 75 1 -0.0361715 1
9 76 1 2.38616 1
9 77 1 -0.792834 1
9 78 1 3.15305 1
9 79 1 1.87695 1
9 80 1 -1.4173 1
9 81 1 0.227327 1
9 82 1 -2.60339 1
9 83 1 0.0996442 1
9 84 1 3.90979 1
9 85 1 2.70266 1
9 86 1 -1.30545 1
9 87 1 1.58338 1
9 88 1 0.273371 1
9 89 1 5.85055 1
9 90 1 -0.815778 1
9 91 1 0.631875 1
9 92 1 -1.035 1
9 93 1 -0.813168 1
9 94 1 -2.69521 1
9 95 1 1.1574 1
9 103 1 -1.16632 1
9 130 1 -0.189421 1
10 64 1 0.25691 1
10 65 1 -0.31746 1
10 66 1 5.24936 1
10 67 1 -5.48619 1
10 68 1 2.81087 1
10 69 1 -0.739978 1
10 70 1 -0.862476 1
10 71 1 -1.51572 1
10 72 1 4.01826 1
10 73 1 3.19585 1
10 74 1 1.25988 0
10 75 1 0.303628 1
10 76 1 1.90608 1
10 77 1 0.497791 1
10 78 1 -0.58057 1
10 79 1 -4.45452 1
10 80 1 -2.37516 1
10 81 1 2.96271 1
10 82 1 2.94186 1
10 83 1 1.93344 1
10 84 1 3.93043 1
10 85 1 3.09168 1
10 86 1 -1.65728 1
10 87 1 0.124682 1
10 88 1 3.08571 1
10 89 1 0.0662479 1
10 90 1 -0.477206 1
10 91 1 2.70372 1
10 92 1 0.00937056 1
10 93 1 -1.58761 1
10 94 1 3.99941 1
10 95 1 5.7386 1
10 124 1 1.63473 1
124 74 1 0.433963 1
11 64 1 2.89063 1
11 65 1 0.871925 1
11 66 1 2.60162 1
11 67 1 -0.821167 1
11 68 1 4.84673 1
11 69 1 0.663846 1
11 70 1 2.82442 1
11 71 1 1.45914 1
11 72 1 -2.00852 1
11 73 1 0.710156 1
11 74 1 -1.08005 0
11 75 1 -1.25918 1
11 76 1 -1.68796 1
11 77 1 -0.119472 1
11 78 1 -1.56554 1
11 79 1 -0.471719 1
11 80 1 -2.01448 1
11 81 1 1.08726 1
11 82 1 4.66398 1
11 83 1 0.730294 1
11 84 1 2.15841 1
11 85 1 -1.79353 1
11 86 1 -4.861 1
11 87 1 -1.13273 1
11 88 1 -2.62796 1
11 89 1 -0.243316 1
11 90 1 -1.35127 1
11 91 1 -0.0919371 1
11 92 1 -2.22544 1
11 93 1 3.04767 1
11 94 1 -1.29306 1
11 95 1 -4.82313 1
11 120 1 -4.00926 1
11 109 1 1.41294 1
120 74 1 -1.18648 1
12 64 1 -0.787406 1
12 65 1 0.137573 1
12 66 1 -2.84693 1
12 67 1 -3.22432 1
12 68 1 0.781937 1
12 69 1 1.28252 1
12 70 1 -0.779893 1
12 71 1 2.02816 1
12 72 1 1.36235 1
12 73 1 -4.69635 1
12 74 1 -4.51438 1
12 75 1 -2.16793 1
12 76 1 -0.0946242 1
12 77 1 -0.0918253 1
12 78 1 0.184812 1
12 79 1 -0.558108 1
12 80 1 -0.559572 1
12 81 1 -1.28383 1
12 82 1 2.8664 1
12 83 1 -0.868858 1
12 84 1 0.635802 1
12 85 1 -1.1794 1
12 86 1 0.27129 1
12 87 1 0.750105 1
12 88 1 -2.56638 1
12 89 1 2.92384 1
12 90 1 -0.425234 1
12 91 1 -1.82088 1
12 92 1 0.929126 1
12 93 1 -2.67294 1
12 94 1 2.07058 1
12 95 1 -2.36534 1
12 17 1 0.0290331 1
12 18 1 0.558256 1
13 64 1 0.856579 1
13 65 1 -3.96771 1
13 66 1 -0.59775 1
13 67 1 1.61933 1
13 68 1 1.84108 1
13 69 1 -2.70295 1
13 70 1 0.970724 1
13 71 1 0.794426 1
13 72 1 1.11818 1
13 73 1 -3.42387 1
13 74 1 -1.91792 1
13 75 1 -1.28666 1
13 76 1 0.145517 1
13 77 1 -2.15815 1
13 78 1 1.51498 1
13 79 1 1.4278 1
13 80 1 1.52947 1
13 81 1 0.741026 1
13 82 1 -0.333133 1
13 83 1 0.981472 1
13 84 1 -2.50093 1
13 85 1 6.30457 1
13 86 1 5.90204 1
13 87 1 6.39652 1
13 88 1 2.3953 1
13 89 1 -0.0570629 1
13 90 1 -4.91029 1
13 91 1 -3.44842 1
13 92 1 -1.46101 1
13 93 1 -3.97531 1
13 94 1 0.295135 1
13 95 1 -2.96704 1
14 64 1 -1.60738 1
14 65 1 5.23437 1
14 66 1 0.614759 1
14 67 1 -0.687768 1
14 68 1 -2.32381 1
14 69 1 4.10106 1
14 70 1 -1.5826 1
14 71 1 1.05603 1
14 72 1 1.73634 1
14 73 1 -0.96893 1
14 74 1 0.630261 1
14 75 1 1.74653 1
14 76 1 -0.745155 1
14 77 1 1.47188 1
14 78 1 -2.4736 1
14 79 1 -1.09873 1
14 80 1 -1.51911 1
14 81 1 0.228975 0
14 82 1 6.66399 1
14 83 1 -0.857778 1
14 84 1 0.151586 1
14 85 1 -2.27624 1
14 86 1 1.44625 1
14 87 1 -2.21579 1
14 88 1 -1.07218 1
14 89 1 -0.552047 1
14 90 1 0.763291 1
14 91 1 3.98446 1
14 92 1 2.26568 1
14 93 1 1.37263 1
14 94 1 5.38642 1
14 95 1 -0.249312 1
14 104 1 -2.85359 1
14 119 1 1.96526 1
119 81 1 5.21242 1
119 99 1 -1.33689 1
15 64 1 1.02266 1
15 65 1 1.59584 1
15 66 1 -2.6011 1
15 67 1 -1.19358 1
15 68 1 -0.16479 1
15 69 1 -2.03818 1
15 70 1 6.73566 1
15 71 1 -0.803924 1
15 72 1 -0.679929 1
15 73 1 -0.840135 1
15 74 1 1.73025 1
15 75 1 -1.25792 1
15 76 1 -0.723308 1
15 77 1 0.959064 1
15 78 1 -1.24948 1
15 79 1 -0.190576 1
15 80 1 1.03299 1
15 81 1 0.766608 1
15 82 1 -3.23811 1
15 83 1 -0.310493 1
15 84 1 2.43717 1
15 85 1 -0.817631 1
15 86 1 1.3325 1
15 87 1 -4.70497 1
15 88 1 -0.0197663 1
15 89 1 2.04558 1
15 90 1 0.36813 1
15 91 1 -4.23447 1
15 92 1 1.35524 1
15 93 1 -1.35285 1
15 94 1 1.30953 1
15 95 1 2.34074 1
15 20 1 0.991386 1
16 64 1 3.20357 1
16 65 1 -0.156752 1
16 66 1 -3.96946 1
16 67 1 -3.88097 1
16 68 1 1.33339 1
16 69 1 0.536885 1
16 70 1 2.49288 1
16 71 1 3.85087 1
16 72 1 -0.465122 1
16 73 1 -2.55638 1
16 74 1 1.2378 1
16 75 1 1.2187 1
16 76 1 -0.191333 1
16 77 1 1.65886 1
16 78 1 -1.2242 1
16 79 1 -1.01822 1
16 80 1 1.21244 1
16 81 1 3.4534 1
16 82 1 -1.78791 1
16 83 1 2.47212 1
16 84 1 -1.23558 1
16 85 1 -0.864764 1
16 86 1 -1.64029 1
16 87 1 -1.01821 1
16 88 1 0.745141 1
16 89 1 1.04871 1
16 90 1 -0.524853 1
16 91 1 2.8772 1
16 92 1 3.76031 1
16 93 1 -1.60641 1
16 94 1 -0.797932 1
16 95 1 -1.90843 1
16 26 1 -0.80485 1
17 64 1 -3.34557 1
17 65 1 -1.2223 1
17 66 1 -2.59671 1
17 67 1 4.53629 1
17 68 1 -1.34983 1
17 69 1 0.110878 1
17 70 1 0.645421 1
17 71 1 1.17975 1
17 72 1 -5.83316 0
17 73 1 0.281276 1
17 74 1 3.37081 1
17 75 1 1.14426 1
17 76 1 -0.826197 1
17 77 1 2.55562 1
17 78 1 0.151321 1
17 79 1 -3.57793 1
17 80 1 4.12783 1
17 81 1 1.80179 1
17 82 1 -0.716017 1
17 83 1 -1.93251 1
17 84 1 -3.57799 1
17 85 1 2.07638 1
17 86 1 1.17159 1
17 87 1 -1.87877 1
17 88 1 -6.17764 1
17 89 1 3.04062 1
17 90 1 -3.91122 1
17 91 1 5.93555 1
17 92 1 0.506175 1
17 93 1 3.86678 1
17 94 1 2.47878 1
17 95 1 0.00758908 1
17 146 1 1.18716 1
146 72 1 -6.73353 1
18 64 1 2.19211 1
18 65 1 -0.496116 1
18 66 1 1.87967 1
18 67 1 0.996867 1
18 68 1 -0.768868 1
18 69 1 0.572866 1
18 70 1 1.6741 1
18 71 1 0.126941 1
18 72 1 1.98745 1
18 73 1 -1.2298 1
18 74 1 1.75303 1
18 75 1 -0.0557732 1
18 76 1 3.75901 1
18 77 1 -0.518203 1
18 78 1 2.94114 1
18 79 1 0.574723 1
18 80 1 -4.88818 1
18 81 1 2.45261 1
18 82 1 -3.26837 1
18 83 1 2.63255 1
18 84 1 -1.54414 1
18 85 1 0.73361 1
18 86 1 4.61624 1
18 87 1 -1.33577 1
18 88 1 0.931884 1
18 89 1 -2.70915 1
18 90 1 1.21462 1
18 91 1 2.38524 1
18 92 1 -2.91627 1
18 93 1 0.831631 1
18 94 1 -1.29466 1
18 95 1 -0.204248 1
18 25 1 -0.0623537 1
18 18 1 -0.261394 1
18 139 1 -0.0490194 1
19 64 1 4.0258 1
19 65 1 -2.10282 1
19 66 1 3.24762 1
19 67 1 -0.459261 1
19 68 1 -3.15864 1
19 69 1 1.62024 1
19 70 1 -1.0033 1
19 71 1 -2.52188 1
19 72 1 3.50029 1
19 73 1 1.57098 1
19 74 1 -0.70659 1
19 75 1 1.76971 1
19 76 1 -2.20241 1
19 77 1 -2.35472 1
19 78 1 -4.13697 1
19 79 1 2.84368 1
19 80 1 0.614341 1
19 81 1 -3.69554 1
19 82 1 0.285591 1
19 83 1 -3.88302 1
19 84 1 0.467796 1
19 85 1 0.605273 1
19 86 1 1.19578 1
19 87 1 2.23466 1
19 88 1 0.482037 1
19 89 1 4.13757 1
19 90 1 -0.35546 1
19 91 1 -0.110115 1
19 92 1 -0.0337042 1
19 93 1 -3.23215 1
19 94 1 -1.55806 1
19 95 1 -5.66601 1
20 64 1 1.20948 1
20 65 1 -0.844426 1
20 66 1 -1.00892 1
20 67 1 1.11001 1
20 68 1 -0.829879 1
20 69 1 -1.01933 1
20 70 1 -3.23226 1
20 71 1 2.63746 1
20 72 1 1.81377 1
20 73 1 2.49676 1
20 74 1 3.20042 1
20 75 1 3.69622 1
20 76 1 -0.00788013 1
20 77 1 0.238467 1
20 78 1 2.86171 1
20 79 1 1.67102 1
20 80 1 0.209917 1
20 81 1 0.358541 1
20 82 1 2.86936 1
20 83 1 0.788435 1
20 84 1 0.802943 1
20 85 1 -3.6238 1
20 86 1 -0.00931552 1
20 87 1 -0.934723 1
20 88 1 1.3886 1
20 89 1 1.45074 1
20 90 1 2.90937 1
20 91 1 0.729251 0
20 92 1 -0.556623 1
20 93 1 0.423166 0
20 94 1 3.08412 0
20 95 1 -1.01258 1
20 96 1 -3.61252 1
20 98 1 -0.650324 1
20 103 1 0.612546 1
20 109 1 0.62434 1
103 91 1 0.517162 0
103 105 1 1.57844 1
103 112 1 -0.660786 0
103 123 1 0.522151 1
103 140 1 -1.6263 1
140 112 1 1.62431 1
123 91 1 0.542624 1
123 113 1 0.581166 0
123 136 1 0.467467 1
123 137 1 -0.882668 1
136 113 1 -1.72562 1
105 91 1 1.82491 0
105 129 1 -0.782138 1
129 91 1 -0.34615 0
129 135 1 1.89478 1
129 116 1 -0.245349 1
135 91 1 -0.0759775 1
98 93 1 0.50609 1
98 99 1 4.60835 1
98 15 1 0.75233 1
96 94 1 2.35266 1
96 20 1 -0.918979 1
21 64 1 1.63981 1
21 65 1 5.60027 1
21 66 1 -3.825 1
21 67 1 -3.41877 1
21 68 1 -1.96615 1
21 69 1 2.03351 1
21 70 1 -1.26472 1
21 71 1 -3.4458 1
21 72 1 -7.19945 1
21 73 1 -0.423698 1
21 74 1 -1.59445 1
21 75 1 2.00574 1
21 76 1 -0.719135 1
21 77 1 0.180589 1
21 78 1 -1.22968 1
21 79 1 -0.94054 1
21 80 1 2.20697 1
21 81 1 -0.764042 1
21 82 1 -2.08337 1
21 83 1 0.334381 1
21 84 1 4.40982 1
21 85 1 -1.15376 1
21 86 1 2.36896 1
21 87 1 -0.809944 1
21 88 1 3.12586 1
21 89 1 0.348398 1
21 90 1 -1.13428 1
21 91 1 0.519721 0
21 92 1 1.32101 1
21 93 1 -0.066027 1
21 94 1 -4.76333 1
21 95 1 -0.52362 1
21 143 1 1.73478 1
143 91 1 -0.277658 1
22 64 1 1.99132 1
22 65 1 1.54777 1
22 66 1 -0.383944 1
22 67 1 4.47695 1
22 68 1 -0.614336 1
22 69 1 -1.82032 1
22 70 1 -1.55278 1
22 71 1 1.61281 1
22 72 1 -3.36127 1
22 73 1 -0.217687 1
22 74 1 -2.77276 1
22 75 1 -1.46702 1
22 76 1 0.831959 1
22 77 1 -0.0593983 1
22 78 1 3.83145 1
22 79 1 6.40692 1
22 80 1 -1.24425 1
22 81 1 -2.08471 1
22 82 1 0.00974828 1
22 83 1 -1.98689 1
22 84 1 -1.31977 1
22 85 1 0.493649 1
22 86 1 0.534942 1
22 87 1 4.49614 1
22 88 1 -2.48817 1
22 89 1 -1.01079 1
22 90 1 1.46304 1
22 91 1 0.408863 1
22 92 1 1.22255 1
22 93 1 1.43992 1
22 94 1 4.58129 1
22 95 1 3.23195 1
23 64 1 -2.09657 1
23 65 1 1.71384 1
23 66 1 0.299386 1
23 67 1 2.41691 1
23 68 1 -2.9689 1
23 69 1 2.62893 1
23 70 1 4.4829 1
23 71 1 -3.77016 1
23 72 1 0.868682 1
23 73 1 0.251671 1
23 74 1 2.19369 1
23 75 1 0.29966 1
23 76 1 3.40419 1
23 77 1 2.94378 1
23 78 1 0.353763 1
23 79 1 -4.30756 1
23 80 1 0.643079 1
23 81 1 0.573247 1
23 82 1 -1.89898 1
23 83 1 0.885213 1
23 84 1 4.72613 1
23 85 1 -2.2013 1
23 86 1 -8.5566 1
23 87 1 0.45158 1
23 88 1 2.30699 1
23 89 1 -0.320657 1
23 90 1 -2.46082 1
23 91 1 -1.21935 1
23 92 1 0.861262 1
23 93 1 1.71707 1
23 94 1 -1.47122 1
23 95 1 -0.4892 1
23 107 1 0.789342 1
23 27 1 0.615521 1
24 64 1 -1.40028 1
24 65 1 2.98704 1
24 66 1 -0.722151 1
24 67 1 5.85729 1
24 68 1 -5.09147 1
24 69 1 3.04281 1
24 70 1 -0.279802 1
24 71 1 3.67048 1
24 72 1 1.10127 1
24 73 1 1.50679 1
24 74 1 0.273306 1
24 75 1 0.301389 1
24 76 1 -0.34336 1
24 77 1 0.0349557 1
24 78 1 -4.02619 1
24 79 1 -1.00078 1
24 80 1 3.93351 1
24 81 1 1.08669 1
24 82 1 1.88361 1
24 83 1 -4.23159 1
24 84 1 -3.08839 1
24 85 1 -0.793759 1
24 86 1 -3.6073 1
24 87 1 2.40109 1
24 88 1 -2.48492 1
24 89 1 7.57333 1
24 90 1 3.6456 1
24 91 1 -2.88825 1
24 92 1 0.317984 1
24 93 1 -0.935244 1
24 94 1 0.0906155 1
24 95 1 -0.653285 1
24 5 1 1.24593 1
25 64 1 1.24059 1
25 65 1 1.97709 1
25 66 1 0.481159 1
25 67 1 -0.561759 1
25 68 1 3.63346 1
25 69 1 -4.59229 1
25 70 1 0.745944 0
25 71 1 -2.95624 1
25 72 1 2.56385 1
25 73 1 0.16801 1
25 74 1 1.90385 1
25 75 1 -0.916768 1
25 76 1 -0.743297 1
25 77 1 0.679607 1
25 78 1 2.44812 1
25 79 1 -0.0759604 1
25 80 1 -0.908374 1
25 81 1 -3.86303 1
25 82 1 -0.694536 1
25 83 1 4.17166 1
25 84 1 -2.36708 1
25 85 1 -1.40041 1
25 86 1 1.38405 1
25 87 1 0.931606 1
25 88 1 0.227803 1
25 89 1 2.07992 1
25 90 1 -2.88288 1
25 91 1 2.03012 1
25 92 1 2.19054 1
25 93 1 -1.03272 1
25 94 1 0.356694 1
25 95 1 -3.31248 1
25 8 1 0.799285 1
25 6 1 -2.15806 1
25 121 1 -2.02949 1
121 70 1 6.04055 1
26 64 1 -3.59634 1
26 65 1 2.52669 1
26 66 1 0.586912 1
26 67 1 1.2218 1
26 68 1 0.908087 1
26 69 1 2.77279 1
26 70 1 -2.25602 1
26 71 1 0.428612 1
26 72 1 -2.63265 1
26 73 1 0.995491 1
26 74 1 -4.64005 1
26 75 1 2.63694 1
26 76 1 -0.456212 1
26 77 1 -4.06149 1
26 78 1 3.48406 1
26 79 1 -1.08983 1
26 80 1 -0.419825 1
26 81 1 2.9402 1
26 82 1 0.555041 1
26 83 1 1.28903 1
26 84 1 -4.13765 1
26 85 1 1.33913 1
26 86 1 -4.39148 1
26 87 1 2.04213 1
26 88 1 -3.81601 1
26 89 1 0.226617 1
26 90 1 -1.57692 1
26 91 1 -3.9179 1
26 92 1 -0.884773 1
26 93 1 1.79413 1
26 94 1 2.08776 1
26 95 1 -1.47048 1
26 23 1 3.26482 1
26 15 1 3.01784 1
27 64 1 -3.86739 1
27 65 1 3.35592 1
27 66 1 2.99881 1
27 67 1 -1.91192 1
27 68 1 0.889195 1
27 69 1 1.59257 1
27 70 1 3.86734 1
27 71 1 -5.80564 1
27 72 1 -0.766781 1
27 73 1 1.30659 1
27 74 1 -2.14084 1
27 75 1 1.32209 1
27 76 1 -2.24125 1
27 77 1 -1.10544 1
27 78 1 -0.878403 1
27 79 1 0.902324 1
27 80 1 -1.37835 1
27 81 1 -1.17767 1
27 82 1 0.722329 1
27 83 1 1.58424 1
27 84 1 0.514554 1
27 85 1 1.43834 1
27 86 1 -1.71453 1
27 87 1 1.69232 1
27 88 1 -3.99704 1
27 89 1 -4.41883 1
27 90 1 3.79365 1
27 91 1 -1.00396 1
27 92 1 -1.10955 1
27 93 1 -1.24788 1
27 94 1 2.85531 1
27 95 1 -2.5721 1
27 9 1 0.764083 1
27 5 1 -1.71803 1
28 64 1 3.05215 1
28 65 1 0.551026 1
28 66 1 -2.61917 1
28 67 1 4.33429 1
28 68 1 2.74496 1
28 69 1 1.56065 1
28 70 1 -1.1753 1
28 71 1 -1.88545 1
28 72 1 -6.28818 1
28 73 1 2.05084 1
28 74 1 -0.173431 1
28 75 1 0.410333 1
28 76 1 0.132177 1
28 77 1 0.97754 1
28 78 1 -2.50473 1
28 79 1 0.704297 1
28 80 1 2.88252 1
28 81 1 -0.973624 1
28 82 1 2.83211 1
28 83 1 3.56697 1
28 84 1 2.24201 1
28 85 1 -7.69503 1
28 86 1 -2.96637 1
28 87 1 -2.8869 1
28 88 1 -4.45921 1
28 89 1 0.679449 1
28 90 1 -3.62814 1
28 91 1 -0.802914 1
28 92 1 1.3257 1
28 93 1 -3.06118 1
28 94 1 3.65974 1
28 95 1 -3.21921 1
29 64 1 0.170726 1
29 65 1 -2.73886 1
29 66 1 -0.469049 1
29 67 1 2.25001 1
29 68 1 -8.34452 1
29 69 1 1.46271 1
29 70 1 -0.336438 1
29 71 1 -1.46259 1
29 72 1 0.5741 1
29 73 1 -1.21939 1
29 74 1 0.0109686 1
29 75 1 -0.28642 1
29 76 1 0.0515596 1
29 77 1 2.04681 1
29 78 1 -4.56302 1
29 79 1 -2.70277 1
29 80 1 2.3234 1
29 81 1 0.0162649 1
29 82 1 0.855171 1
29 83 1 -1.0114 1
29 84 1 1.2831 1
29 85 1 -0.112255 1
29 86 1 -1.88681 1
29 87 1 -4.41352 1
29 88 1 -0.905032 1
29 89 1 -2.30406 1
29 90 1 -0.350938 1
29 91 1 1.60438 1
29 92 1 0.668079 1
29 93 1 1.40694 1
29 94 1 -1.52384 1
29 95 1 0.230002 1
29 113 1 0.506811 1
30 64 1 -0.227505 1
30 65 1 1.49943 1
30 66 1 3.59259 1
30 67 1 2.10407 1
30 68 1 1.54011 1
30 69 1 2.72769 1
30 70 1 1.75841 1
30 71 1 -2.52156 1
30 72 1 -0.388753 1
30 73 1 3.7392 1
30 74 1 -0.63556 1
30 75 1 3.59602 1
30 76 1 2.81191 1
30 77 1 -0.610126 1
30 78 1 1.7601 1
30 79 1 2.921 1
30 80 1 -0.330547 1
30 81 1 -2.78455 1
30 82 1 3.26481 1
30 83 1 4.39336 1
30 84 1 1.74468 1
30 85 1 -2.33422 1
30 86 1 -1.90196 1
30 87 1 -3.34988 1
30 88 1 1.6082 1
30 89 1 -0.699907 1
30 90 1 2.06364 1
30 91 1 5.66212 1
30 92 1 -1.95649 1
30 93 1 2.16973 1
30 94 1 2.55682 1
30 95 1 -0.84917 1
31 64 1 2.2819 1
31 65 1 -0.106208 1
31 66 1 -2.40411 1
31 67 1 4.31235 1
31 68 1 3.23244 1
31 69 1 2.00357 1
31 70 1 -4.5737 1
31 71 1 1.62171 1
31 72 1 -2.85225 1
31 73 1 -2.59425 1
31 74 1 0.915712 1
31 75 1 1.21915 1
31 76 1 0.439599 1
31 77 1 0.396746 1
31 78 1 -3.1874 1
31 79 1 0.860929 1
31 80 1 -0.333404 1
31 81 1 -1.83256 1
31 82 1 -0.351418 1
31 83 1 -1.35995 1
31 84 1 -2.14029 1
31 85 1 -2.93249 1
31 86 1 0.199917 1
31 87 1 -2.4128 0
31 88 1 3.14438 1
31 89 1 -0.912823 1
31 90 1 1.84054 1
31 91 1 -1.76311 1
31 92 1 -0.0650546 1
31 93 1 1.95117 1
31 94 1 0.858807 1
31 95 1 -1.32512 1
31 122 1 2.06004 1
122 87 1 0.708889 1
32 64 1 7.61609 1
32 65 1 1.85499 1
32 66 1 -3.21566 1
32 67 1 2.02058 1
32 68 1 0.177984 1
32 69 1 1.31425 1
32 70 1 -1.13463 1
32 71 1 1.50858 1
32 72 1 -3.60325 1
32 73 1 1.01832 1
32 74 1 -1.82527 1
32 75 1 3.53264 1
32 76 1 -2.20569 1
32 77 1 2.34246 1
32 78 1 -0.101876 1
32 79 1 1.72409 1
32 80 1 0.113501 1
32 81 1 -1.92581 1
32 82 1 -2.08558 1
32 83 1 -3.42196 1
32 84 1 1.5574 1
32 85 1 -2.81527 1
32 86 1 0.62287 1
32 87 1 -0.849446 1
32 88 1 -0.958757 1
32 89 1 -2.74701 1
32 90 1 1.0661 1
32 91 1 -3.04137 1
32 92 1 1.30368 1
32 93 1 0.533852 1
32 94 1 -0.57543 1
32 95 1 -2.53399 1
33 64 1 2.37656 1
33 65 1 -5.44541 1
33 66 1 -0.833907 1
33 67 1 -2.99811 1
33 68 1 -0.159517 1
33 69 1 -1.64478 1
33 70 1 3.27541 1
33 71 1 5.45916 1
33 72 1 0.51752 1
33 73 1 4.05685 1
33 74 1 3.05426 1
33 75 1 -5.65873 1
33 76 1 -0.881465 1
33 77 1 2.8016 1
33 78 1 -2.8879 1
33 79 1 -2.54073 1
33 80 1 2.17259 1
33 81 1 -1.95843 1
33 82 1 0.555842 1
33 83 1 1.94009 1
33 84 1 1.58033 1
33 85 1 -0.205147 1
33 86 1 0.0714938 1
33 87 1 1.50372 1
33 88 1 2.05873 1
33 89 1 4.36713 1
33 90 1 -2.50575 1
33 91 1 1.15322 1
33 92 1 2.40656 1
33 93 1 1.95265 1
33 94 1 0.863869 1
33 95 1 -0.243024 1
33 20 1 -2.04112 1
33 107 1 1.23192 1
33 13 1 -0.463208 1
34 64 1 0.197301 1
34 65 1 -1.39892 1
34 66 1 1.33732 1
34 67 1 1.40449 1
34 68 1 1.21322 1
34 69 1 -0.325863 1
34 70 1 -1.68497 1
34 71 1 -0.564351 1
34 72 1 -1.67739 1
34 73 1 -3.4664 1
34 74 1 1.45455 1
34 75 1 4.66282 1
34 76 1 -1.76581 1
34 77 1 -0.228869 1
34 78 1 -0.219473 1
34 79 1 1.82834 1
34 80 1 2.85321 1
34 81 1 -0.578301 1
34 82 1 -0.782141 1
34 83 1 0.805211 1
34 84 1 0.00096644 1
34 85 1 -0.415626 1
34 86 1 -0.538288 1
34 87 1 -0.514901 1
34 88 1 1.2954 1
34 89 1 -1.66763 1
34 90 1 -5.09137 1
34 91 1 2.23206 1
34 92 1 0.172442 1
34 93 1 -2.73991 1
34 94 1 2.60724 1
34 95 1 1.94791 1
34 113 1 -0.639894 1
35 64 1 -0.366416 1
35 65 1 -1.26181 1
35 66 1 0.911709 1
35 67 1 2.43237 1
35 68 1 0.263692 1
35 69 1 4.64059 1
35 70 1 2.59267 1
35 71 1 2.03757 1
35 72 1 3.25472 1
35 73 1 6.6278 1
35 74 1 2.63124 1
35 75 1 -0.770034 1
35 76 1 -3.44042 1
35 77 1 1.09488 1
35 78 1 -1.53647 1
35 79 1 1.29356 1
35 80 1 -8.34316 1
35 81 1 -1.90929 1
35 82 1 2.00834 0
35 83 1 0.136591 1
35 84 1 3.10828 1
35 85 1 -4.83228 1
35 86 1 -2.18957 1
35 87 1 -2.55273 1
35 88 1 -0.345042 1
35 89 1 0.925686 0
35 90 1 -1.68929 1
35 91 1 -1.48173 1
35 92 1 -3.17065 1
35 93 1 -0.880128 1
35 94 1 -2.1361 1
35 95 1 0.354415 1
35 130 1 0.036611 1
35 133 1 3.65312 1
133 82 1 2.23186 1
130 89 1 2.06297 1
36 64 1 0.334053 1
36 65 1 1.624 1
36 66 1 0.412121 1
36 67 1 0.271404 1
36 68 1 -5.04665 1
36 69 1 -2.96158 1
36 70 1 -0.0593531 1
36 71 1 1.82921 1
36 72 1 -0.576184 1
36 73 1 -0.743256 1
36 74 1 -0.576118 1
36 75 1 1.23309 1
36 76 1 1.83257 1
36 77 1 -4.81496 1
36 78 1 -0.667566 1
36 79 1 2.47654 1
36 80 1 1.21542 1
36 81 1 -1.54921 1
36 82 1 -2.63681 0
36 83 1 1.21419 1
36 84 1 1.59515 1
36 85 1 -3.36209 1
36 86 1 1.47734 1
36 87 1 -0.734179 1
36 88 1 0.755562 1
36 89 1 1.16368 1
36 90 1 -2.48025 1
36 91 1 0.963031 1
36 92 1 4.26326 1
36 93 1 1.11461 1
36 94 1 -3.64581 1
36 95 1 5.83482 1
36 109 1 0.843923 0
36 24 1 -0.841537 1
36 117 1 1.45245 1
117 109 1 0.110218 1
109 82 1 2.19589 1
109 31 1 -0.427075 1
37 64 1 -4.21952 1
37 65 1 1.98333 1
37 66 1 -1.98641 1
37 67 1 -0.32934 1
37 68 1 -4.84551 1
37 69 1 0.885667 1
37 70 1 -3.29241 1
37 71 1 -0.377425 1
37 72 1 2.05691 1
37 73 1 2.39832 1
37 74 1 -0.506999 1
37 75 1 1.26816 1
37 76 1 3.43436 0
37 77 1 3.08284 1
37 78 1 -0.928466 1
37 79 1 -0.195557 1
37 80 1 2.95772 1
37 81 1 -0.326932 1
37 82 1 4.58982 1
37 83 1 2.13532 1
37 84 1 -4.43474 1
37 85 1 1.50666 1
37 86 1 -1.53822 1
37 87 1 2.45547 1
37 88 1 -2.49668 1
37 89 1 -0.462154 1
37 90 1 -0.157071 1
37 91 1 1.68861 1
37 92 1 3.21794 1
37 93 1 0.151665 1
37 94 1 -2.62886 1
37 95 1 -0.871009 1
37 142 1 1.31003 1
142 76 1 -0.763427 1
142 147 1 -0.946918 1
38 64 1 0.273853 1
38 65 1 -2.08063 1
38 66 1 -0.888404 1
38 67 1 -0.370395 1
38 68 1 -2.54947 1
38 69 1 -5.1335 1
38 70 1 -0.281165 1
38 71 1 -0.951452 1
38 72 1 -1.76592 1
38 73 1 -0.274453 1
38 74 1 -1.31255 1
38 75 1 2.32569 1
38 76 1 2.59775 1
38 77 1 -1.24737 1
38 78 1 -1.58696 1
38 79 1 -1.73673 1
38 80 1 -5.37049 1
38 81 1 -1.92154 1
38 82 1 3.77123 1
38 83 1 -1.1941 1
38 84 1 -3.11537 1
38 85 1 -3.52217 1
38 86 1 0.170596 1
38 87 1 -0.21656 1
38 88 1 1.05316 1
38 89 1 4.31382 1
38 90 1 -0.201451 1
38 91 1 1.83113 1
38 92 1 1.25119 0
38 93 1 -1.82296 1
38 94 1 1.12092 1
38 95 1 -3.03359 1
38 148 1 1.05474 1
148 92 1 2.44793 1
39 64 1 0.901243 1
39 65 1 -2.50522 1
39 66 1 2.64153 1
39 67 1 -0.50987 1
39 68 1 0.976948 1
39 69 1 -0.593414 1
39 70 1 2.38488 1
39 71 1 -1.03394 1
39 72 1 -2.23867 1
39 73 1 -2.24566 1
39 74 1 1.85214 1
39 75 1 2.30265 0
39 76 1 3.33968 1
39 77 1 -0.331716 1
39 78 1 -2.43625 1
39 79 1 -3.10772 1
39 80 1 2.05953 1
39 81 1 -3.4425 1
39 82 1 0.0784296 1
39 83 1 0.46562 1
39 84 1 -2.12001 1
39 85 1 0.419758 1
39 86 1 1.90197 1
39 87 1 1.04076 1
39 88 1 -3.06072 1
39 89 1 0.167938 1
39 90 1 3.80029 1
39 91 1 -1.3132 1
39 92 1 4.51706 1
39 93 1 0.332258 1
39 94 1 -3.87567 1
39 95 1 -0.482573 1
39 2 1 -4.04205 1
39 112 1 3.18226 1
39 13 1 0.0494411 1
39 104 1 -0.355838 1
112 75 1 -1.92694 1
112 138 1 -1.07611 1
40 64 1 -5.79457 1
40 65 1 -0.632657 1
40 66 1 2.21372 1
40 67 1 1.07149 1
40 68 1 2.49152 1
40 69 1 0.939713 1
40 70 1 -0.589035 1
40 71 1 0.502508 1
40 72 1 4.30577 1
40 73 1 1.40906 1
40 74 1 -0.966135 1
40 75 1 0.28108 1
40 76 1 -0.735065 1
40 77 1 3.69652 1
40 78 1 1.74023 1
40 79 1 -1.07365 1
40 80 1 -0.455923 1
40 81 1 0.348639 1
40 82 1 0.294072 1
40 83 1 -2.30893 1
40 84 1 0.76859 1
40 85 1 2.87826 1
40 86 1 1.48353 1
40 87 1 1.73617 1
40 88 1 1.24656 1
40 89 1 -0.499784 1
40 90 1 -1.08344 1
40 91 1 -0.81012 1
40 92 1 -1.75495 1
40 93 1 2.89273 1
40 94 1 1.78207 1
40 95 1 2.25538 1
40 2 1 -0.97279 1
40 134 1 1.34614 1
41 64 1 4.5912 1
41 65 1 -0.390623 1
41 66 1 -0.211785 1
41 67 1 -0.361735 1
41 68 1 2.28634 1
41 69 1 -0.446219 1
41 70 1 1.37861 1
41 71 1 -0.110069 1
41 72 1 4.41267 1
41 73 1 -5.52897 1
41 74 1 -0.840276 1
41 75 1 2.11053 1
41 76 1 -2.7507 1
41 77 1 -0.226603 1
41 78 1 -3.64642 1
41 79 1 0.856621 1
41 80 1 0.60762 1
41 81 1 3.82981 1
41 82 1 -2.11495 1
41 83 1 1.27128 1
41 84 1 -2.49629 1
41 85 1 0.248677 1
41 86 1 0.455383 1
41 87 1 1.52452 1
41 88 1 3.2708 1
41 89 1 -2.44016 1
41 90 1 -3.20968 1
41 91 1 -0.274556 1
41 92 1 0.0746702 1
41 93 1 -0.79199 1
41 94 1 0.333079 1
41 95 1 0.416593 1
41 11 1 2.8799 1
41 29 1 -1.10679 1
42 64 1 1.79635 1
42 65 1 1.24057 1
42 66 1 0.769937 1
42 67 1 -0.843611 1
42 68 1 -1.84007 1
42 69 1 -1.09238 1
42 70 1 -2.16437 1
42 71 1 -0.571286 1
42 72 1 -0.287552 1
42 73 1 -2.96724 1
42 74 1 1.35328 1
42 75 1 -0.122444 1
42 76 1 -3.04233 1
42 77 1 -0.812481 1
42 78 1 -1.87887 1
42 79 1 0.872411 1
42 80 1 -0.779042 1
42 81 1 1.98446 1
42 82 1 2.06038 1
42 83 1 2.95781 1
42 84 1 1.77851 1
42 85 1 -0.103 1
42 86 1 0.249281 1
42 87 1 -2.50718 1
42 88 1 -1.42305 1
42 89 1 -0.752687 1
42 90 1 1.15568 1
42 91 1 2.2314 1
42 92 1 -1.32332 1
42 93 1 2.76445 1
42 94 1 -1.67417 1
42 95 1 1.39997 1
43 64 1 2.51527 1
43 65 1 -3.42521 1
43 66 1 1.3684 1
43 67 1 1.93213 1
43 68 1 0.298477 1
43 69 1 -0.39302 1
43 70 1 0.401228 1
43 71 1 -3.54212 1
43 72 1 -0.690624 1
43 73 1 -8.20054 1
43 74 1 3.00141 1
43 75 1 -1.79592 1
43 76 1 1.11698 1
43 77 1 0.647103 1
43 78 1 -0.382382 1
43 79 1 -2.25176 1
43 80 1 -1.49567 1
43 81 1 2.63581 1
43 82 1 1.1903 1
43 83 1 -1.98242 1
43 84 1 0.868457 1
43 85 1 3.76189 1
43 86 1 0.354815 1
43 87 1 4.29976 1
43 88 1 -0.764519 1
43 89 1 3.81868 1
43 90 1 0.42202 1
43 91 1 -5.24934 1
43 92 1 3.37405 1
43 93 1 2.06826 1
43 94 1 -5.46115 1
43 95 1 2.39694 1
44 64 1 1.42568 1
44 65 1 -2.65786 1
44 66 1 0.618887 1
44 67 1 -2.00302 1
44 68 1 -2.05055 1
44 69 1 -0.613875 1
44 70 1 1.96133 1
44 71 1 1.09612 1
44 72 1 -2.76519 1
44 73 1 0.59182 1
44 74 1 -1.67165 1
44 75 1 -2.92143 1
44 76 1 -0.105072 1
44 77 1 1.72736 1
44 78 1 1.35792 1
44 79 1 0.869457 1
44 80 1 5.86115 1
44 81 1 -1.48685 1
44 82 1 1.65961 1
44 83 1 -2.41731 1
44 84 1 -0.00757392 1
44 85 1 -0.386476 1
44 86 1 1.39709 1
44 87 1 0.226666 1
44 88 1 0.902365 1
44 89 1 1.23672 1
44 90 1 -0.18475 1
44 91 1 -0.417361 1
44 92 1 0.278422 1
44 93 1 3.63883 1
44 94 1 -1.42845 1
44 95 1 -0.29549 1
44 8 1 -0.104364 1
44 29 1 0.957624 1
45 64 1 -0.320633 1
45 65 1 3.20618 1
45 66 1 -1.34242 1
45 67 1 0.776825 1
45 68 1 -2.10508 1
45 69 1 -6.60207 1
45 70 1 -4.93983 1
45 71 1 -0.206272 1
45 72 1 -4.52777 1
45 73 1 2.51628 1
45 74 1 2.35487 1
45 75 1 3.93846 1
45 76 1 -0.204907 1
45 77 1 0.385928 1
45 78 1 -3.59948 1
45 79 1 2.24796 1
45 80 1 -2.5139 1
45 81 1 0.500098 1
45 82 1 -0.530344 1
45 83 1 -2.54585 1
45 84 1 2.61377 1
45 85 1 -3.02742 1
45 86 1 1.87325 1
45 87 1 0.635105 1
45 88 1 0.452555 1
45 89 1 -3.58501 1
45 90 1 0.598415 1
45 91 1 3.27765 1
45 92 1 -3.02048 1
45 93 1 -5.68769 1
45 94 1 2.07728 1
45 95 1 -2.73961 1
45 9 1 3.29961 1
45 20 1 0.00536839 1
46 64 1 -0.589835 1
46 65 1 0.0124896 1
46 66 1 2.7404 1
46 67 1 1.40535 1
46 68 1 -6.07578 1
46 69 1 -1.41959 1
46 70 1 0.450496 1
46 71 1 -1.01932 1
46 72 1 2.63882 1
46 73 1 -2.64998 1
46 74 1 -2.20157 1
46 75 1 3.26075 1
46 76 1 -4.37289 1
46 77 1 2.08705 1
46 78 1 -1.34839 1
46 79 1 -0.549634 1
46 80 1 3.99642 1
46 81 1 0.0199933 1
46 82 1 -1.3089 1
46 83 1 1.73321 1
46 84 1 -0.492234 1
46 85 1 2.04781 1
46 86 1 -1.34321 1
46 87 1 2.39369 1
46 88 1 -2.17486 1
46 89 1 -4.14443 1
46 90 1 -3.55463 1
46 91 1 0.604871 1
46 92 1 0.0783389 1
46 93 1 -2.44953 1
46 94 1 -0.0937124 1
46 95 1 -0.852503 1
46 24 1 1.44948 1
47 64 1 -0.133373 1
47 65 1 0.255479 1
47 66 1 -2.98811 1
47 67 1 4.77116 1
47 68 1 -1.1337 1
47 69 1 2.57805 1
47 70 1 -1.45733 1
47 71 1 0.456795 1
47 72 1 1.47315 1
47 73 1 4.77304 0
47 74 1 -0.645468 1
47 75 1 -1.61012 1
47 76 1 -2.11439 1
47 77 1 -7.09439 1
47 78 1 -1.82893 1
47 79 1 2.34667 1
47 80 1 4.14574 1
47 81 1 -6.39455 1
47 82 1 1.09383 1
47 83 1 -0.199189 1
47 84 1 -3.37568 1
47 85 1 0.522953 1
47 86 1 -3.11187 1
47 87 1 4.46947 1
47 88 1 1.29451 1
47 89 1 0.886191 1
47 90 1 6.35465 1
47 91 1 1.47584 1
47 92 1 -1.61576 1
47 93 1 0.5337 1
47 94 1 0.732689 1
47 95 1 -1.27963 1
47 4 1 0.835931 1
47 137 1 1.05975 1
137 73 1 4.7304 1
48 64 1 0.370299 1
48 65 1 0.257955 1
48 66 1 0.58572 1
48 67 1 -0.788984 1
48 68 1 -4.56707 1
48 69 1 -4.60873 1
48 70 1 0.478424 1
48 71 1 1.73614 1
48 72 1 -2.60301 1
48 73 1 1.60965 1
48 74 1 5.27859 1
48 75 1 -5.70454 1
48 76 1 1.71749 1
48 77 1 -3.24569 1
48 78 1 0.0377472 1
48 79 1 1.65105 1
48 80 1 -0.746732 1
48 81 1 -2.14697 1
48 82 1 0.285508 1
48 83 1 -0.145585 1
48 84 1 0.729519 1
48 85 1 1.29905 1
48 86 1 -2.5005 1
48 87 1 -1.16976 1
48 88 1 -2.279 1
48 89 1 -0.682664 1
48 90 1 2.14004 1
48 91 1 1.26191 1
48 92 1 -5.24213 1
48 93 1 0.811272 1
48 94 1 3.64871 1
48 95 1 3.53352 1
48 16 1 0.735513 1
48 12 1 -0.777634 1
48 14 1 -2.11727 1
49 64 1 1.22389 1
49 65 1 -0.828025 1
49 66 1 -0.507314 1
49 67 1 -1.25286 1
49 68 1 -2.10265 1
49 69 1 1.19836 1
49 70 1 0.483923 1
49 71 1 -3.82179 1
49 72 1 -0.133302 1
49 73 1 -0.382716 1
49 74 1 3.04604 1
49 75 1 1.63505 1
49 76 1 -5.39945 1
49 77 1 -2.55464 1
49 78 1 -1.98701 1
49 79 1 1.22666 1
49 80 1 5.38277 1
49 81 1 -3.99676 1
49 82 1 1.09217 1
49 83 1 -1.46812 1
49 84 1 2.95765 1
49 85 1 -2.93609 1
49 86 1 0.415193 1
49 87 1 -0.641317 1
49 88 1 -1.00871 1
49 89 1 0.29027 1
49 90 1 -1.11043 1
49 91 1 0.331834 1
49 92 1 1.86642 1
49 93 1 -0.868993 1
49 94 1 1.21827 1
49 95 1 2.83335 1
49 19 1 -2.04915 1
49 31 1 -0.666223 1
49 15 1 -0.73378 1
50 64 1 -4.35787 1
50 65 1 -2.49982 1
50 66 1 1.29096 1
50 67 1 -1.18284 1
50 68 1 1.40466 1
50 69 1 -1.16562 1
50 70 1 0.155566 1
50 71 1 5.57149 1
50 72 1 -2.0772 1
50 73 1 4.68406 1
50 74 1 -1.00448 1
50 75 1 0.932718 1
50 76 1 -1.61777 1
50 77 1 0.454941 1
50 78 1 3.42709 1
50 79 1 -2.18388 1
50 80 1 1.23721 1
50 81 1 0.570924 1
50 82 1 -0.614843 1
50 83 1 2.46806 1
50 84 1 -1.54967 1
50 85 1 -0.604786 1
50 86 1 1.16471 1
50 87 1 -2.37257 1
50 88 1 -3.63574 1
50 89 1 0.825969 1
50 90 1 0.275271 1
50 91 1 -0.146349 1
50 92 1 -0.0460135 1
50 93 1 -0.0756601 1
50 94 1 -3.39852 1
50 95 1 1.17261 1
50 4 1 5.65776 1
50 22 1 -1.86053 1
51 64 1 -0.947648 1
51 65 1 3.46991 1
51 66 1 1.87728 1
51 67 1 -1.2969 1
51 68 1 0.0426719 1
51 69 1 -1.34963 1
51 70 1 3.3087 1
51 71 1 3.0705 1
51 72 1 -3.24976 1
51 73 1 -2.28381 0
51 74 1 -2.59577 1
51 75 1 6.39355 1
51 76 1 -2.65859 1
51 77 1 1.70921 1
51 78 1 3.93395 1
51 79 1 0.879383 1
51 80 1 0.327496 1
51 81 1 -3.25928 1
51 82 1 1.05055 1
51 83 1 4.54699 1
51 84 1 -1.9425 1
51 85 1 -1.87444 1
51 86 1 -0.560712 1
51 87 1 0.979643 1
51 88 1 1.2061 1
51 89 1 1.15434 1
51 90 1 3.09532 1
51 91 1 0.988512 1
51 92 1 1.79503 1
51 93 1 3.46776 1
51 94 1 -5.70511 1
51 95 1 -1.66427 1
51 116 1 -0.332819 1
51 12 1 -0.606704 1
116 73 1 -1.77415 0
116 134 1 0.12476 1
134 73 1 1.06259 1
52 64 1 -3.36472 1
52 65 1 3.29033 1
52 66 1 1.32105 1
52 67 1 -0.530813 1
52 68 1 0.0128857 1
52 69 1 5.17203 1
52 70 1 3.02204 1
52 71 1 -0.624505 1
52 72 1 -0.136623 1
52 73 1 4.38504 1
52 74 1 1.98193 1
52 75 1 -0.797176 1
52 76 1 -3.33849 1
52 77 1 -0.470338 1
52 78 1 1.72764 1
52 79 1 1.63789 1
52 80 1 -1.13287 1
52 81 1 0.928141 1
52 82 1 -2.95796 1
52 83 1 -2.46565 1
52 84 1 1.64782 1
52 85 1 -1.27451 1
52 86 1 -3.13787 1
52 87 1 0.629155 1
52 88 1 2.1784 1
52 89 1 -1.20054 1
52 90 1 0.416645 1
52 91 1 -0.623937 1
52 92 1 0.443344 1
52 93 1 -1.56525 0
52 94 1 1.94817 1
52 95 1 -0.295742 1
52 115 1 0.420929 1
52 139 1 0.204911 1
139 93 1 -2.71236 1
53 64 1 -2.9906 1
53 65 1 0.242425 1
53 66 1 0.114419 1
53 67 1 0.179471 1
53 68 1 2.54756 1
53 69 1 1.82424 1
53 70 1 -1.18736 0
53 71 1 0.560467 1
53 72 1 -1.53078 1
53 73 1 0.679645 1
53 74 1 -1.55226 1
53 75 1 -2.7526 1
53 76 1 0.528793 1
53 77 1 1.82317 1
53 78 1 -1.33619 1
53 79 1 0.339996 1
53 80 1 1.17182 1
53 81 1 1.06566 1
53 82 1 1.47234 1
53 83 1 0.781332 1
53 84 1 2.24269 1
53 85 1 0.591001 1
53 86 1 1.33401 1
53 87 1 0.45922 1
53 88 1 -0.3105 1
53 89 1 0.131437 1
53 90 1 -2.90934 1
53 91 1 -0.00428524 1
53 92 1 2.45622 1
53 93 1 0.13388 1
53 94 1 0.960095 1
53 95 1 -2.22406 1
53 20 1 4.21477 1
53 23 1 1.00235 1
53 149 1 0.842348 1
149 70 1 -1.2825 1
54 64 1 2.24026 1
54 65 1 -0.0452645 1
54 66 1 -2.18838 1
54 67 1 0.356594 1
54 68 1 2.37761 1
54 69 1 -2.66649 1
54 70 1 0.464637 1
54 71 1 3.21978 1
54 72 1 1.01907 1
54 73 1 0.829916 1
54 74 1 0.238724 1
54 75 1 -1.02884 1
54 76 1 -0.849638 1
54 77 1 2.753 1
54 78 1 -0.0972511 1
54 79 1 -0.450692 1
54 80 1 0.439446 1
54 81 1 3.046 1
54 82 1 -2.78109 1
54 83 1 7.06815 1
54 84 1 1.65903 1
54 85 1 0.0792224 1
54 86 1 -2.97587 1
54 87 1 -0.397532 1
54 88 1 1.89624 1
54 89 1 3.8086 1
54 90 1 -3.12848 1
54 91 1 2.93867 1
54 92 1 -0.946863 1
54 93 1 1.39632 1
54 94 1 -3.01176 1
54 95 1 -2.66239 1
54 30 1 -1.47898 1
54 144 1 0.832324 1
55 64 1 1.21433 1
55 65 1 -2.73332 1
55 66 1 -1.6535 1
55 67 1 -0.79331 1
55 68 1 -2.59557 1
55 69 1 3.055 1
55 70 1 2.75756 1
55 71 1 -5.20323 1
55 72 1 2.20978 1
55 73 1 1.18806 1
55 74 1 2.55128 1
55 75 1 -2.74073 1
55 76 1 -4.56354 1
55 77 1 2.34996 1
55 78 1 -1.3275 1
55 79 1 1.75557 1
55 80 1 -1.16096 1
55 81 1 1.21274 1
55 82 1 -2.03984 1
55 83 1 -0.471335 1
55 84 1 -0.757243 1
55 85 1 -5.61673 1
55 86 1 0.563363 1
55 87 1 1.55857 1
55 88 1 -3.57839 1
55 89 1 -1.17891 1
55 90 1 0.808406 1
55 91 1 1.33078 1
55 92 1 6.01253 1
55 93 1 -3.1525 1
55 94 1 -2.52906 1
55 95 1 -1.07299 0
55 28 1 5.153 1
55 114 1 1.51395 1
114 95 1 -1.55985 1
56 64 1 0.758414 1
56 65 1 -3.52141 1
56 66 1 0.797314 1
56 67 1 -0.886148 1
56 68 1 -1.05019 0
56 69 1 -1.13119 1
56 70 1 0.943551 1
56 71 1 1.37776 1
56 72 1 -0.0596991 1
56 73 1 -1.79507 1
56 74 1 3.90949 1
56 75 1 3.12291 1
56 76 1 -3.8463 1
56 77 1 -1.15883 1
56 78 1 -3.47175 1
56 79 1 0.27973 1
56 80 1 -1.17872 1
56 81 1 2.41896 1
56 82 1 3.49122 1
56 83 1 -1.97948 1
56 84 1 -1.31908 1
56 85 1 -1.5997 1
56 86 1 2.32334 1
56 87 1 -3.07885 1
56 88 1 0.563299 1
56 89 1 -1.95027 1
56 90 1 -1.08857 1
56 91 1 -0.789177 1
56 92 1 1.71535 1
56 93 1 3.54163 1
56 94 1 -1.77061 1
56 95 1 0.912732 1
56 3 1 -1.48715 1
56 126 1 3.35285 1
126 68 1 0.327439 1
126 11 1 -1.60002 1
57 64 1 -3.66244 1
57 65 1 3.30388 1
57 66 1 -3.4512 1
57 67 1 -1.27264 1
57 68 1 3.42009 1
57 69 1 -1.25097 0
57 70 1 0.566484 1
57 71 1 3.0877 1
57 72 1 0.479347 1
57 73 1 -1.38662 1
57 74 1 3.22637 1
57 75 1 3.2436 1
57 76 1 2.71906 1
57 77 1 -4.52352 1
57 78 1 -1.73944 1
57 79 1 -2.96299 1
57 80 1 1.1715 1
57 81 1 4.32121 1
57 82 1 3.57747 1
57 83 1 -2.69609 1
57 84 1 1.29473 1
57 85 1 -2.70399 1
57 86 1 -0.265921 1
57 87 1 0.903886 1
57 88 1 -0.782751 1
57 89 1 -1.21425 1
57 90 1 0.615756 1
57 91 1 -1.6125 1
57 92 1 -2.34258 1
57 93 1 0.240144 1
57 94 1 -0.925961 1
57 95 1 2.60545 1
57 104 1 2.80669 1
57 22 1 0.460484 1
104 69 1 2.26717 1
104 1 1 -1.2614 1
58 64 1 2.69466 1
58 65 1 -1.6492 1
58 66 1 -0.0724234 1
58 67 1 -1.69441 1
58 68 1 -0.650637 1
58 69 1 -0.872897 1
58 70 1 -2.12871 1
58 71 1 0.422027 1
58 72 1 -0.18339 1
58 73 1 -0.840884 1
58 74 1 3.04295 1
58 75 1 3.40695 1
58 76 1 4.30937 1
58 77 1 1.84423 1
58 78 1 -1.05156 1
58 79 1 0.407316 0
58 80 1 -4.29342 1
58 81 1 1.56589 1
58 82 1 1.01106 1
58 83 1 0.951502 1
58 84 1 -0.695758 1
58 85 1 1.20012 1
58 86 1 2.06263 1
58 87 1 -0.523886 1
58 88 1 -2.78766 1
58 89 1 -0.945745 1
58 90 1 -2.59761 1
58 91 1 -1.22356 1
58 92 1 1.66992 1
58 93 1 2.20166 1
58 94 1 -2.09086 1
58 95 1 1.71408 1
58 128 1 0.283558 1
128 79 1 0.782436 0
128 131 1 -0.448831 1
131 79 1 0.119608 1
59 64 1 -2.08149 1
59 65 1 1.52849 1
59 66 1 1.47617 1
59 67 1 -2.86585 1
59 68 1 0.973887 1
59 69 1 -2.15506 1
59 70 1 -1.96846 1
59 71 1 2.88034 1
59 72 1 -0.219326 1
59 73 1 -1.00581 1
59 74 1 0.132561 1
59 75 1 -1.06804 1
59 76 1 2.12332 1
59 77 1 0.786839 0
59 78 1 1.7325 1
59 79 1 -2.51601 1
59 80 1 0.335913 1
59 81 1 0.759624 1
59 82 1 -4.45726 1
59 83 1 4.05462 1
59 84 1 -1.33341 1
59 85 1 -2.12252 1
59 86 1 -4.02263 1
59 87 1 1.86952 1
59 88 1 4.8154 1
59 89 1 -0.778417 1
59 90 1 1.02125 1
59 91 1 -1.4495 1
59 92 1 1.92804 1
59 93 1 1.95592 1
59 94 1 -5.39258 1
59 95 1 1.37518 1
59 97 1 1.61449 1
59 5 1 -2.15216 1
59 11 1 -0.323162 1
59 13 1 0.896125 1
97 77 1 -6.09126 1
97 22 1 -2.78593 1
97 2 1 -5.46707 0
97 99 1 1.76892 1
97 7 1 3.31585 0
97 102 1 2.0267 1
97 17 1 1.67376 1
102 7 1 3.96079 1
99 2 1 2.36482 0
99 108 1 4.39264 1
99 15 1 -0.552746 1
108 2 1 -1.26632 0
108 125 1 4.67747 1
125 2 1 -0.020317 1
60 64 1 2.56205 1
60 65 1 0.371043 1
60 66 1 -0.557951 1
60 67 1 -0.613709 1
60 68 1 0.29663 1
60 69 1 0.759161 1
60 70 1 -2.81469 1
60 71 1 0.25083 1
60 72 1 1.27802 0
60 73 1 0.490246 1
60 74 1 1.07393 1
60 75 1 -0.937651 1
60 76 1 0.907324 1
60 77 1 3.30544 1
60 78 1 -2.47856 1
60 79 1 -0.128553 1
60 80 1 -5.15381 1
60 81 1 -0.998655 1
60 82 1 -1.70447 1
60 83 1 -0.299802 1
60 84 1 -3.469 1
60 85 1 3.55159 1
60 86 1 1.02641 1
60 87 1 0.129215 1
60 88 1 -5.10246 1
60 89 1 -0.140738 1
60 90 1 -1.71668 1
60 91 1 0.407405 1
60 92 1 0.941132 1
60 93 1 2.66392 1
60 94 1 0.791281 1
60 95 1 0.376043 1
60 24 1 -3.12949 1
60 0 1 1.91882 1
60 115 1 3.18051 1
60 3 1 -0.358968 1
115 72 1 -1.40959 1
115 18 1 0.593591 1
61 64 1 0.294458 1
61 65 1 -0.770088 1
61 66 1 1.284 1
61 67 1 0.528913 1
61 68 1 -3.78476 1
61 69 1 3.18206 1
61 70 1 0.0235061 1
61 71 1 -0.944065 1
61 72 1 -2.10633 1
61 73 1 1.38329 1
61 74 1 2.13375 1
61 75 1 3.13927 1
61 76 1 0.121012 1
61 77 1 0.031712 0
61 78 1 0.24007 1
61 79 1 -0.977333 1
61 80 1 -0.321879 1
61 81 1 -0.0798964 1
61 82 1 -0.109753 1
61 83 1 0.280049 1
61 84 1 -2.41358 1
61 85 1 -0.333096 1
61 86 1 0.249099 1
61 87 1 2.07519 1
61 88 1 0.39914 1
61 89 1 2.11082 1
61 90 1 -0.0718687 1
61 91 1 2.25221 1
61 92 1 -2.25745 1
61 93 1 -0.0412262 1
61 94 1 0.645602 1
61 95 1 -2.13478 1
61 107 1 0.975637 1
61 113 1 -3.10685 1
61 14 1 -1.13782 1
107 77 1 -4.80847 0
107 113 1 1.06249 1
107 14 1 -1.08619 1
113 77 1 -2.37207 1
113 23 1 -1.23615 1
62 64 1 0.979315 1
62 65 1 -3.07703 1
62 66 1 3.46558 1
62 67 1 -2.28234 1
62 68 1 2.02003 1
62 69 1 -1.44156 1
62 70 1 1.96178 1
62 71 1 -2.31825 1
62 72 1 0.381358 1
62 73 1 1.68106 1
62 74 1 4.33967 1
62 75 1 -0.119996 1
62 76 1 3.88332 1
62 77 1 -3.96616 1
62 78 1 -1.79106 1
62 79 1 -1.15205 1
62 80 1 -1.33216 1
62 81 1 -0.698947 1
62 82 1 -2.6701 1
62 83 1 1.3227 1
62 84 1 -1.15728 0
62 85 1 -0.699571 1
62 86 1 3.68368 1
62 87 1 -2.29711 1
62 88 1 0.760118 1
62 89 1 -1.87167 1
62 90 1 -5.83662 1
62 91 1 0.7779 1
62 92 1 -0.919857 1
62 93 1 0.226413 1
62 94 1 1.45514 1
62 95 1 -1.01918 1
62 5 1 2.23638 1
62 138 1 2.24939 1
138 84 1 -0.0102738 1
63 64 1 2.49226 1
63 65 1 -1.71262 1
63 66 1 3.30308 1
63 67 1 0.251843 1
63 68 1 -1.24337 1
63 69 1 -3.97596 1
63 70 1 -1.24322 1
63 71 1 2.73694 1
63 72 1 -0.209465 1
63 73 1 -0.250019 1
63 74 1 -6.20741 1
63 75 1 1.26673 1
63 76 1 -2.15873 0
63 77 1 1.88289 1
63 78 1 0.997139 1
63 79 1 1.10629 1
63 80 1 1.1348 1
63 81 1 0.147787 1
63 82 1 1.13162 1
63 83 1 -2.68529 1
63 84 1 -2.3337 1
63 85 1 -4.05192 1
63 86 1 4.98298 1
63 87 1 -2.61521 0
63 88 1 0.106136 1
63 89 1 -1.18282 1
63 90 1 2.90344 1
63 91 1 -0.869201 1
63 92 1 -0.983082 1
63 93 1 2.42869 1
63 94 1 -4.41804 1
63 95 1 0.19886 1
63 141 1 1.47201 1
63 144 1 0.571693 1
144 76 1 -2.03846 0
144 147 1 0.709977 1
147 76 1 -2.8671 1
141 87 1 -6.0344 1
141 10 1 -0.641377 1
