150 64 32
2.36103 0.294323 -5.93369 5.26071 -3.16124 1.82806 0.843107 -0.472295 0.122189 2.05565 2.89423 2.90354 -2.8303 -3.44066 -1.16532 -2.69106 0.377571 1.12257 -0.952218 -0.446981 -2.18131 0.395489 -1.23797 0.303121 -4.01522 -0.230144 3.73148 2.21135 -2.68372 -2.73004 -4.23497 2.01307 -1.30536 0.713756 1.30148 1.3474 -2.89354 -0.846791 0.630097 -1.71606 -1.37479 0.137959 -0.179172 -4.362 -1.5502 -0.358543 -2.92635 2.52816 -0.068394 2.3676 0.817831 -2.79937 -2.80345 0.509683 -1.25025 4.31401 -1.47027 0.381908 0.427136 -2.0592 1.17912 -0.917246 -1.00371 -3.63496 -4.3598 0.467509 3.89511 2.12623 -3.5413 1.88572 -3.3986 -1.12966 -2.03411 -3.13897 3.21672 3.38968 -2.02023 -1.11727 1.3072 -3.06526 0.233349 -0.510027 -2.97555 0.264744 1.46027 0.117136 -2.44858 0.991824 4.6604 0.0274615 -2.62265 3.10585 -1.18433 1.06201 1.38297 -1.78194 -0.885155 0.887611 -0.526005 0.0283434 2.83725 -3.40341 -5.00107 -2.93714 -2.49416 0.97236 -2.33098 -3.35456 -1.82099 1.04729 -1.52702 1.9314 2.58544 -2.64234 -0.589303 -1.03412 -3.07974 -0.330422 -1.24886 -1.40259 1.6174 0.388156 0.320062 2.16296 0.925783 3.21362 0.629724 0.712667 1.6971 2.24504 -0.10199 -1.51011 -0.499455 -0.0939953 -0.445559 -0.902534 -0.224579 -1.32359 -1.82642 -1.08302 0.453615 -0.340587 -0.700711 0.924535 0.306582 -0.350381 0.895876 1.07817 1.12985 -0.446954 
0 64 1 -4.17418 1
0 65 1 1.7987 1
0 66 1 2.65061 1
0 67 1 -0.608481 1
0 68 1 -1.72646 1
0 69 1 0.763534 1
0 70 1 -0.248715 1
0 71 1 -0.792562 1
0 72 1 0.932766 1
0 73 1 -1.54288 1
0 74 1 -3.5758 1
0 75 1 1.06974 1
0 76 1 2.79473 1
0 77 1 0.95108 1
0 78 1 -2.84492 1
0 79 1 3.10319 1
0 80 1 1.3406 1
0 81 1 2.06977 1
0 82 1 3.16902 1
0 83 1 1.94077 1
0 84 1 -3.18123 1
0 85 1 3.57663 1
0 86 1 -2.82881 1
0 87 1 -2.12335 1
0 88 1 0.265126 1
0 89 1 2.36614 1
0 90 1 4.3521 1
0 91 1 5.25779 1
0 92 1 -2.52309 1
0 93 1 -0.971971 1
0 94 1 0.00287789 1
0 95 1 0.762674 1
0 10 1 -1.88116 1
1 64 1 -1.46655 1
1 65 1 -1.73907 1
1 66 1 2.17848 1
1 67 1 -3.18966 1
1 68 1 4.69595 1
1 69 1 -0.194241 1
1 70 1 1.51418 1
1 71 1 -1.84971 1
1 72 1 -2.29215 1
1 73 1 -2.10118 1
1 74 1 -3.20643 1
1 75 1 3.1667 1
1 76 1 -1.36844 1
1 77 1 5.10774 1
1 78 1 -2.09183 1
1 79 1 -0.355301 1
1 80 1 -3.61606 1
1 81 1 0.975248 1
1 82 1 -1.40996 1
1 83 1 -5.3449 1
1 84 1 -0.576573 1
1 85 1 -0.772984 1
1 86 1 2.57979 1
1 87 1 -1.24393 1
1 88 1 -0.170372 1
1 89 1 3.36217 1
1 90 1 -1.70819 1
1 91 1 -2.14764 1
1 92 1 -0.732922 1
1 93 1 -0.120222 1
1 94 1 -1.21775 1
1 95 1 -4.29387 1
1 27 1 -0.0581578 1
2 64 1 -0.434491 1
2 65 1 1.91705 1
2 66 1 -3.14701 1
2 67 1 -1.76131 1
2 68 1 -1.60748 1
2 69 1 1.91457 1
2 70 1 -1.21814 1
2 71 1 3.48009 1
2 72 1 -2.04946 1
2 73 1 -2.72751 1
2 74 1 -4.01607 1
2 75 1 -1.09755 1
2 76 1 -4.38841 1
2 77 1 0.50592 1
2 78 1 -1.96407 1
2 79 1 -4.69652 1
2 80 1 -4.72231 1
2 81 1 -3.99655 1
2 82 1 -0.247771 1
2 83 1 -2.38077 1
2 84 1 0.349815 1
2 85 1 2.67649 1
2 86 1 -0.480358 1
2 87 1 -0.39587 1
2 88 1 -0.390457 1
2 89 1 -3.77531 1
2 90 1 -3.05076 1
2 91 1 -2.16457 1
2 92 1 2.96681 1
2 93 1 -3.26478 1
2 94 1 2.26578 1
2 95 1 -1.1362 1
2 100 1 -1.14505 1
2 6 1 4.36337 1
2 110 1 -0.366365 1
3 64 1 -2.43717 1
3 65 1 -0.746769 1
3 66 1 0.149667 1
3 67 1 1.85491 1
3 68 1 3.76669 1
3 69 1 -3.05192 1
3 70 1 0.636353 1
3 71 1 0.662505 1
3 72 1 6.25277 1
3 73 1 -0.863059 1
3 74 1 1.20102 1
3 75 1 2.90098 1
3 76 1 1.25592 1
3 77 1 -1.09182 1
3 78 1 -1.37354 1
3 79 1 -0.116189 1
3 80 1 -2.64696 1
3 81 1 -1.81537 1
3 82 1 6.0197 1
3 83 1 1.20073 1
3 84 1 1.03445 1
3 85 1 -3.17249 1
3 86 1 0.153873 1
3 87 1 1.82375 1
3 88 1 -0.531677 1
3 89 1 2.21254 1
3 90 1 1.33197 1
3 91 1 1.00417 1
3 92 1 0.795586 1
3 93 1 -2.2268 1
3 94 1 -3.32423 1
3 95 1 1.6203 0
3 110 1 1.59133 1
110 95 1 -1.38066 0
110 111 1 -0.408063 0
110 132 1 3.24081 1
132 111 1 2.06908 1
111 95 1 -2.31666 1
4 64 1 1.00049 1
4 65 1 0.034013 1
4 66 1 -1.63275 1
4 67 1 3.07887 1
4 68 1 -1.90288 1
4 69 1 1.89371 1
4 70 1 -0.235451 1
4 71 1 0.22024 1
4 72 1 1.36566 1
4 73 1 -0.255995 0
4 74 1 0.285347 1
4 75 1 -4.89445 0
4 76 1 1.02058 1
4 77 1 2.67222 1
4 78 1 2.06815 1
4 79 1 2.62878 1
4 80 1 -2.9931 1
4 81 1 -0.369761 1
4 82 1 0.736095 1
4 83 1 -2.96222 1
4 84 1 0.333249 1
4 85 1 3.15416 1
4 86 1 2.33876 1
4 87 1 0.261372 1
4 88 1 -2.84485 1
4 89 1 -0.480628 1
4 90 1 3.00613 1
4 91 1 -5.35804 1
4 92 1 -0.649632 1
4 93 1 0.902937 0
4 94 1 -1.37169 1
4 95 1 1.69629 1
4 101 1 2.76507 1
4 17 1 2.25104 1
4 118 1 1.76818 1
4 145 1 0.369181 1
145 93 1 0.839389 1
118 73 1 -2.75224 1
101 75 1 1.46395 1
5 64 1 -2.78765 1
5 65 1 2.11031 1
5 66 1 -2.39747 1
5 67 1 5.7937 1
5 68 1 3.32838 1
5 69 1 3.10209 1
5 70 1 -3.27572 1
5 71 1 -0.469013 1
5 72 1 0.980671 1
5 73 1 -2.98793 1
5 74 1 -0.583839 1
5 75 1 2.05988 1
5 76 1 3.0214 1
5 77 1 0.871598 1
5 78 1 -0.697177 1
5 79 1 -0.16852 1
5 80 1 1.91909 1
5 81 1 -1.7852 1
5 82 1 -0.015353 1
5 83 1 5.08592 1
5 84 1 1.7859 1
5 85 1 2.29533 1
5 86 1 -3.42537 1
5 87 1 0.208845 1
5 88 1 -2.29513 1
5 89 1 -2.76753 1
5 90 1 -2.11827 1
5 91 1 -0.902203 1
5 92 1 -1.64795 1
5 93 1 1.17255 1
5 94 1 -1.80374 1
5 95 1 0.331159 1
5 28 1 0.661203 1
6 64 1 0.513512 1
6 65 1 -1.28106 1
6 66 1 2.84626 1
6 67 1 2.31164 1
6 68 1 -3.94701 1
6 69 1 -0.894724 1
6 70 1 -1.2028 1
6 71 1 -0.388044 1
6 72 1 1.79659 1
6 73 1 -2.90332 1
6 74 1 -3.84111 1
6 75 1 1.02606 1
6 76 1 2.98912 1
6 77 1 0.173637 1
6 78 1 -2.08307 1
6 79 1 -2.23812 1
6 80 1 2.45289 1
6 81 1 -0.253067 1
6 82 1 2.02352 1
6 83 1 1.29453 1
6 84 1 0.999478 1
6 85 1 -2.02938 1
6 86 1 -0.984564 1
6 87 1 3.27295 1
6 88 1 -3.14207 1
6 89 1 -2.1973 1
6 90 1 3.77649 1
6 91 1 -0.382816 1
6 92 1 2.95738 1
6 93 1 -2.93881 1
6 94 1 -3.11991 1
6 95 1 0.936478 1
6 26 1 0.127829 1
7 64 1 3.19747 1
7 65 1 0.764972 1
7 66 1 -1.71463 1
7 67 1 -4.2102 1
7 68 1 -1.89391 1
7 69 1 -0.504274 1
7 70 1 4.96438 1
7 71 1 0.767627 1
7 72 1 3.12935 1
7 73 1 -0.515783 1
7 74 1 -2.19317 1
7 75 1 -1.80127 1
7 76 1 2.57169 1
7 77 1 -0.756501 1
7 78 1 2.80454 1
7 79 1 1.52005 1
7 80 1 -0.728805 1
7 81 1 1.05743 1
7 82 1 -3.93101 0
7 83 1 1.55505 0
7 84 1 -2.14228 1
7 85 1 3.41821 1
7 86 1 1.20055 1
7 87 1 3.31153 1
7 88 1 -2.79042 1
7 89 1 -2.2227 1
7 90 1 -0.770157 1
7 91 1 -3.2709 1
7 92 1 1.89345 1
7 93 1 -1.43285 1
7 94 1 -0.43405 1
7 95 1 2.6032 1
7 100 1 -0.314691 1
7 127 1 0.68049 1
127 82 1 -3.34944 1
100 83 1 1.34078 1
100 24 1 -0.583347 0
100 106 1 3.88919 1
106 24 1 -4.87778 1
106 6 1 -1.00937 1
8 64 1 1.97278 1
8 65 1 -3.66525 1
8 66 1 -0.175099 1
8 67 1 1.7127 1
8 68 1 -1.08597 1
8 69 1 3.1115 1
8 70 1 1.42161 1
8 71 1 3.91443 1
8 72 1 2.39529 1
8 73 1 0.0413305 1
8 74 1 -0.289999 1
8 75 1 -2.20341 1
8 76 1 -0.679636 1
8 77 1 3.8118 1
8 78 1 -0.224541 1
8 79 1 -2.46274 1
8 80 1 0.362565 1
8 81 1 -0.336935 1
8 82 1 1.21402 1
8 83 1 -3.23752 1
8 84 1 4.14025 1
8 85 1 8.41225 1
8 86 1 4.64959 1
8 87 1 0.724953 1
8 88 1 0.231918 1
8 89 1 2.99308 1
8 90 1 -1.33364 1
8 91 1 -0.248307 1
8 92 1 3.2093 1
8 93 1 4.84846 1
8 94 1 5.07348 1
8 95 1 0.695411 1
8 17 1 -1.36292 1
9 64 1 -3.09622 1
9 65 1 -3.59248 1
9 66 1 1.76389 1
9 67 1 1.29003 1
9 68 1 -1.02821 1
9 69 1 0.224927 1
9 70 1 -5.20556 1
9 71 1 0.0366937 1
9 72 1 3.13337 1
9 73 1 -1.60858 1
9 74 1 0.225084 1
9 75 1 0.0546155 1
9 76 1 2.11903 1
9 77 1 -0.75761 1
9 78 1 2.90842 1
9 79 1 1.79041 1
9 80 1 -1.19349 1
9 81 1 0.225578 1
9 82 1 -2.78867 1
9 83 1 -0.612541 1
9 84 1 3.90124 1
9 85 1 2.85714 1
9 86 1 -1.12567 1
9 87 1 1.48714 1
9 88 1 -0.049034 1
9 89 1 5.74823 1
9 90 1 -1.04872 1
9 91 1 0.884764 1
9 92 1 -1.18454 1
9 93 1 -0.64831 1
9 94 1 -2.87899 1
9 95 1 1.25664 1
9 103 1 -1.16795 1
9 130 1 -0.669544 1
10 64 1 0.315501 1
10 65 1 -0.495975 1
10 66 1 5.16686 1
10 67 1 -5.52045 1
10 68 1 2.63442 1
10 69 1 -0.349062 1
10 70 1 -0.853574 1
10 71 1 -1.55482 1
10 72 1 4.07204 1
10 73 1 3.04343 1
10 74 1 1.04762 0
10 75 1 0.409312 1
10 76 1 2.16652 1
10 77 1 0.79337 1
10 78 1 -0.349568 1
10 79 1 -4.03605 1
10 80 1 -2.51279 1
10 81 1 2.88713 1
10 82 1 3.19662 1
10 83 1 1.86594 1
10 84 1 3.72796 1
10 85 1 3.05326 1
10 86 1 -2.05893 1
10 87 1 0.344658 1
10 88 1 2.88455 1
10 89 1 0.0211905 1
10 90 1 -0.556599 1
10 91 1 2.55148 1
10 92 1 0.000702705 1
10 93 1 -1.80651 1
10 94 1 4.12378 1
10 95 1 5.64008 1
10 124 1 1.82658 1
124 74 1 0.333557 1
11 64 1 3.42931 1
11 65 1 1.18015 1
11 66 1 2.55884 1
11 67 1 -1.01252 1
11 68 1 4.71981 1
11 69 1 0.562866 1
11 70 1 2.85264 1
11 71 1 1.16798 1
11 72 1 -2.45584 1
11 73 1 0.843963 1
11 74 1 -1.15894 0
11 75 1 -1.20326 1
11 76 1 -1.53181 1
11 77 1 -0.18072 1
11 78 1 -1.2861 1
11 79 1 -0.600782 1
11 80 1 -2.33885 1
11 81 1 0.791511 1
11 82 1 5.00879 1
11 83 1 0.986681 1
11 84 1 1.95894 1
11 85 1 -1.84069 1
11 86 1 -4.66723 1
11 87 1 -1.50169 1
11 88 1 -2.94217 1
11 89 1 -0.161084 1
11 90 1 -1.28449 1
11 91 1 -0.0455137 1
11 92 1 -2.34782 1
11 93 1 3.167 1
11 94 1 -1.54762 1
11 95 1 -4.81869 1
11 120 1 -4.27284 1
11 109 1 1.39122 1
120 74 1 -1.43505 1
12 64 1 -0.505455 1
12 65 1 0.117335 1
12 66 1 -2.8035 1
12 67 1 -3.16395 1
12 68 1 0.943965 1
12 69 1 1.5008 1
12 70 1 -0.976118 1
12 71 1 1.93218 1
12 72 1 1.1709 1
12 73 1 -4.84861 1
12 74 1 -3.9726 1
12 75 1 -2.50335 1
12 76 1 0.243317 1
12 77 1 0.18149 1
12 78 1 -0.0332818 1
12 79 1 -0.457893 1
12 80 1 -0.630999 1
12 81 1 -1.42707 1
12 82 1 2.84475 1
12 83 1 -0.405842 1
12 84 1 0.720342 1
12 85 1 -1.24782 1
12 86 1 0.593789 1
12 87 1 0.885443 1
12 88 1 -2.50922 1
12 89 1 2.906 1
12 90 1 -0.433541 1
12 91 1 -2.00153 1
12 92 1 1.20872 1
12 93 1 -2.79904 1
12 94 1 1.96853 1
12 95 1 -2.28734 1
12 17 1 0.0575992 1
12 18 1 0.281576 1
13 64 1 0.985879 1
13 65 1 -4.07936 1
13 66 1 -0.399361 1
13 67 1 1.73318 1
13 68 1 1.8327 1
13 69 1 -2.80344 1
13 70 1 1.06502 1
13 71 1 1.08474 1
13 72 1 1.05865 1
13 73 1 -3.0449 1
13 74 1 -1.5034 1
13 75 1 -1.58493 1
13 76 1 0.295219 1
13 77 1 -2.20499 1
13 78 1 1.697 1
13 79 1 0.921389 1
13 80 1 1.51069 1
13 81 1 0.515858 1
13 82 1 -0.419411 1
13 83 1 0.879038 1
13 84 1 -2.50254 1
13 85 1 6.3355 1
13 86 1 6.13662 1
13 87 1 6.09179 1
13 88 1 2.45921 1
13 89 1 -0.56363 1
13 90 1 -4.68793 1
13 91 1 -3.45753 1
13 92 1 -1.06177 1
13 93 1 -3.82523 1
13 94 1 0.2547 1
13 95 1 -3.44785 1
14 64 1 -1.95444 1
14 65 1 5.32921 1
14 66 1 1.18682 1
14 67 1 -0.943742 1
14 68 1 -2.18188 1
14 69 1 4.2996 1
14 70 1 -1.51633 1
14 71 1 1.1704 1
14 72 1 1.70284 1
14 73 1 -0.780511 1
14 74 1 0.719948 1
14 75 1 1.90439 1
14 76 1 -0.936826 1
14 77 1 1.51223 1
14 78 1 -2.63212 1
14 79 1 -1.20991 1
14 80 1 -1.42317 1
14 81 1 0.349818 0
14 82 1 6.37892 1
14 83 1 -0.782539 1
14 84 1 0.392748 1
14 85 1 -2.32078 1
14 86 1 1.33969 1
14 87 1 -1.84394 1
14 88 1 -0.757291 1
14 89 1 -0.46819 1
14 90 1 0.793121 1
14 91 1 4.36897 1
14 92 1 2.09552 1
14 93 1 1.04711 1
14 94 1 5.03558 1
14 95 1 -0.229258 1
14 104 1 -2.81104 1
14 119 1 1.94423 1
119 81 1 5.21378 1
119 99 1 -1.70596 1
15 64 1 0.859899 1
15 65 1 1.69468 1
15 66 1 -2.92061 1
15 67 1 -1.49622 1
15 68 1 0.0906068 1
15 69 1 -2.11699 1
15 70 1 6.87854 1
15 71 1 -0.679314 1
15 72 1 -0.444949 1
15 73 1 -0.807113 1
15 74 1 1.7382 1
15 75 1 -1.53047 1
15 76 1 -0.846777 1
15 77 1 1.05962 1
15 78 1 -1.25876 1
15 79 1 -0.359958 1
15 80 1 1.24616 1
15 81 1 0.769869 1
15 82 1 -3.44499 1
15 83 1 -0.310001 1
15 84 1 2.70787 1
15 85 1 -0.69008 1
15 86 1 1.58282 1
15 87 1 -5.21935 1
15 88 1 0.602792 1
15 89 1 2.47001 1
15 90 1 0.386709 1
15 91 1 -4.01155 1
15 92 1 1.65659 1
15 93 1 -1.41411 1
15 94 1 1.18872 1
15 95 1 2.67052 1
15 20 1 1.05726 1
16 64 1 3.04144 1
16 65 1 -0.0252401 1
16 66 1 -3.64223 1
16 67 1 -3.76175 1
16 68 1 1.30047 1
16 69 1 0.714974 1
16 70 1 2.19576 1
16 71 1 3.88118 1
16 72 1 -0.43039 1
16 73 1 -2.30016 1
16 74 1 1.08161 1
16 75 1 1.22759 1
16 76 1 -0.209563 1
16 77 1 1.50068 1
16 78 1 -1.29941 1
16 79 1 -1.00767 1
16 80 1 1.05393 1
16 81 1 3.40555 1
16 82 1 -1.74748 1
16 83 1 2.3261 1
16 84 1 -1.22228 1
16 85 1 -0.70022 1
16 86 1 -1.32698 1
16 87 1 -0.767022 1
16 88 1 0.668799 1
16 89 1 1.06419 1
16 90 1 -0.34306 1
16 91 1 2.84284 1
16 92 1 3.45771 1
16 93 1 -1.52375 1
16 94 1 -0.993194 1
16 95 1 -1.98153 1
16 26 1 -0.671141 1
17 64 1 -3.15679 1
17 65 1 -0.968911 1
17 66 1 -2.62085 1
17 67 1 4.7761 1
17 68 1 -1.50478 1
17 69 1 0.093736 1
17 70 1 0.621812 1
17 71 1 0.943419 1
17 72 1 -6.46343 0
17 73 1 0.225161 1
17 74 1 3.4934 1
17 75 1 1.40175 1
17 76 1 -0.768431 1
17 77 1 2.58079 1
17 78 1 0.155452 1
17 79 1 -3.57655 1
17 80 1 4.44465 1
17 81 1 1.82487 1
17 82 1 -0.819309 1
17 83 1 -1.34673 1
17 84 1 -3.47843 1
17 85 1 1.93393 1
17 86 1 1.12639 1
17 87 1 -1.89575 1
17 88 1 -6.18754 1
17 89 1 2.64439 1
17 90 1 -4.17264 1
17 91 1 5.76941 1
17 92 1 -0.171501 1
17 93 1 4.00803 1
17 94 1 2.52436 1
17 95 1 0.0651336 1
17 146 1 1.56526 1
146 72 1 -6.67152 1
18 64 1 1.91314 1
18 65 1 -0.705973 1
18 66 1 2.05667 1
18 67 1 1.03869 1
18 68 1 -0.40754 1
18 69 1 0.928884 1
18 70 1 1.78112 1
18 71 1 0.252002 1
18 72 1 1.91175 1
18 73 1 -1.0311 1
18 74 1 1.91583 1
18 75 1 0.0891377 1
18 76 1 3.80306 1
18 77 1 -0.193798 1
18 78 1 2.85308 1
18 79 1 0.166095 1
18 80 1 -4.74787 1
18 81 1 2.17382 1
18 82 1 -3.07605 1
18 83 1 3.06176 1
18 84 1 -1.58792 1
18 85 1 0.582788 1
18 86 1 4.88193 1
18 87 1 -1.24122 1
18 88 1 0.770219 1
18 89 1 -3.08484 1
18 90 1 0.964777 1
18 91 1 2.4273 1
18 92 1 -2.94196 1
18 93 1 0.692388 1
18 94 1 -1.48572 1
18 95 1 -0.0621409 1
18 25 1 -0.030437 1
18 18 1 0.0780952 1
18 139 1 -0.310249 1
19 64 1 4.22371 1
19 65 1 -2.34219 1
19 66 1 2.93007 1
19 67 1 -0.386064 1
19 68 1 -3.32987 1
19 69 1 1.73074 1
19 70 1 -0.786874 1
19 71 1 -2.73499 1
19 72 1 3.59168 1
19 73 1 1.40783 1
19 74 1 -0.70087 1
19 75 1 1.48023 1
19 76 1 -2.48647 1
19 77 1 -2.66607 1
19 78 1 -4.17445 1
19 79 1 2.55702 1
19 80 1 0.519792 1
19 81 1 -3.81913 1
19 82 1 0.519214 1
19 83 1 -4.02814 1
19 84 1 0.493841 1
19 85 1 0.794355 1
19 86 1 0.976918 1
19 87 1 2.33256 1
19 88 1 0.723424 1
19 89 1 4.31254 1
19 90 1 -0.244335 1
19 91 1 -0.351157 1
19 92 1 -0.245995 1
19 93 1 -3.2362 1
19 94 1 -1.12528 1
19 95 1 -5.66927 1
20 64 1 1.51068 1
20 65 1 -1.05278 1
20 66 1 -1.41478 1
20 67 1 0.779342 1
20 68 1 -0.541055 1
20 69 1 -1.05895 1
20 70 1 -3.38098 1
20 71 1 2.99306 1
20 72 1 1.68211 1
20 73 1 2.58302 1
20 74 1 3.26791 1
20 75 1 4.12878 1
20 76 1 0.32717 1
20 77 1 0.192324 1
20 78 1 2.77983 1
20 79 1 2.04671 1
20 80 1 0.49896 1
20 81 1 0.356577 1
20 82 1 2.71674 1
20 83 1 0.833106 1
20 84 1 0.686937 1
20 85 1 -3.8251 1
20 86 1 0.272978 1
20 87 1 -0.929771 1
20 88 1 1.38444 1
20 89 1 1.70475 1
20 90 1 3.09313 1
20 91 1 0.847504 0
20 92 1 -0.460092 1
20 93 1 -0.0558739 0
20 94 1 3.0625 0
20 95 1 -0.915575 1
20 96 1 -3.34888 1
20 98 1 -0.47322 1
20 103 1 0.451482 1
20 109 1 0.765522 1
103 91 1 0.431018 0
103 105 1 1.52752 1
103 112 1 -1.03144 0
103 123 1 0.445984 1
103 140 1 -1.64366 1
140 112 1 1.44485 1
123 91 1 0.600135 1
123 113 1 0.509488 0
123 136 1 1.23854 1
123 137 1 -1.06877 1
136 113 1 -1.99666 1
105 91 1 2.13136 0
105 129 1 -0.781904 1
129 91 1 -0.33535 0
129 135 1 1.78771 1
129 116 1 -0.284767 1
135 91 1 0.12936 1
98 93 1 0.232254 1
98 99 1 4.30937 1
98 15 1 0.510234 1
96 94 1 2.21239 1
96 20 1 -1.18751 1
21 64 1 1.68962 1
21 65 1 5.4506 1
21 66 1 -3.84504 1
21 67 1 -3.7039 1
21 68 1 -1.60979 1
21 69 1 2.07225 1
21 70 1 -1.18591 1
21 71 1 -3.23957 1
21 72 1 -7.42853 1
21 73 1 -0.415841 1
21 74 1 -1.3615 1
21 75 1 2.33156 1
21 76 1 -0.769368 1
21 77 1 -0.238511 1
21 78 1 -1.22516 1
21 79 1 -0.900755 1
21 80 1 2.3604 1
21 81 1 -1.26375 1
21 82 1 -1.92712 1
21 83 1 0.207741 1
21 84 1 3.91571 1
21 85 1 -1.22174 1
21 86 1 2.64579 1
21 87 1 -1.1031 1
21 88 1 2.79391 1
21 89 1 0.649527 1
21 90 1 -1.48715 1
21 91 1 0.528971 0
21 92 1 1.34246 1
21 93 1 -0.176238 1
21 94 1 -4.97673 1
21 95 1 -0.511639 1
21 143 1 1.98361 1
143 91 1 -0.483963 1
22 64 1 1.77939 1
22 65 1 1.70203 1
22 66 1 -0.215356 1
22 67 1 4.42109 1
22 68 1 -0.34535 1
22 69 1 -1.88788 1
22 70 1 -1.69574 1
22 71 1 1.36116 1
22 72 1 -3.13441 1
22 73 1 -0.270159 1
22 74 1 -2.94645 1
22 75 1 -1.42247 1
22 76 1 0.827956 1
22 77 1 -0.245795 1
22 78 1 3.8562 1
22 79 1 6.18235 1
22 80 1 -1.05977 1
22 81 1 -1.86325 1
22 82 1 -0.299723 1
22 83 1 -1.89085 1
22 84 1 -1.599 1
22 85 1 0.868824 1
22 86 1 0.248601 1
22 87 1 4.63501 1
22 88 1 -2.28152 1
22 89 1 -1.25471 1
22 90 1 1.44248 1
22 91 1 0.473777 1
22 92 1 1.08577 1
22 93 1 1.81484 1
22 94 1 4.19338 1
22 95 1 3.12683 1
23 64 1 -2.18159 1
23 65 1 1.8091 1
23 66 1 0.0944763 1
23 67 1 2.40773 1
23 68 1 -2.94983 1
23 69 1 2.73599 1
23 70 1 4.39764 1
23 71 1 -3.61354 1
23 72 1 0.835133 1
23 73 1 0.564491 1
23 74 1 2.28472 1
23 75 1 0.373081 1
23 76 1 3.52197 1
23 77 1 2.99904 1
23 78 1 0.0765779 1
23 79 1 -4.58443 1
23 80 1 0.700828 1
23 81 1 0.713315 1
23 82 1 -1.94699 1
23 83 1 1.18974 1
23 84 1 4.71395 1
23 85 1 -2.26339 1
23 86 1 -8.71247 1
23 87 1 0.525926 1
23 88 1 2.06676 1
23 89 1 -0.287635 1
23 90 1 -2.23186 1
23 91 1 -1.58443 1
23 92 1 0.675589 1
23 93 1 1.69625 1
23 94 1 -1.78036 1
23 95 1 -0.483347 1
23 107 1 0.937369 1
23 27 1 0.4278 1
24 64 1 -1.40675 1
24 65 1 2.99665 1
24 66 1 -0.561245 1
24 67 1 5.89699 1
24 68 1 -4.58378 1
24 69 1 3.14539 1
24 70 1 -0.468893 1
24 71 1 3.74177 1
24 72 1 0.844015 1
24 73 1 1.399 1
24 74 1 0.507162 1
24 75 1 0.673209 1
24 76 1 -0.52193 1
24 77 1 0.35084 1
24 78 1 -3.9178 1
24 79 1 -1.06545 1
24 80 1 3.845 1
24 81 1 0.588694 1
24 82 1 1.65572 1
24 83 1 -4.48882 1
24 84 1 -3.04462 1
24 85 1 -0.557803 1
24 86 1 -3.62505 1
24 87 1 2.22158 1
24 88 1 -2.41527 1
24 89 1 6.95062 1
24 90 1 3.79437 1
24 91 1 -2.95016 1
24 92 1 0.314467 1
24 93 1 -0.5498 1
24 94 1 -0.178342 1
24 95 1 -0.259036 1
24 5 1 0.982403 1
25 64 1 1.42838 1
25 65 1 1.79051 1
25 66 1 0.564399 1
25 67 1 -0.816126 1
25 68 1 3.3582 1
25 69 1 -4.49981 1
25 70 1 0.870907 0
25 71 1 -3.18803 1
25 72 1 2.57885 1
25 73 1 0.316352 1
25 74 1 2.34521 1
25 75 1 -0.864954 1
25 76 1 -0.866486 1
25 77 1 0.492236 1
25 78 1 2.5007 1
25 79 1 -0.0151664 1
25 80 1 -0.890435 1
25 81 1 -3.75541 1
25 82 1 -0.785967 1
25 83 1 4.27105 1
25 84 1 -2.4332 1
25 85 1 -1.45486 1
25 86 1 1.17469 1
25 87 1 1.33438 1
25 88 1 0.400593 1
25 89 1 2.343 1
25 90 1 -2.72558 1
25 91 1 1.63427 1
25 92 1 2.30373 1
25 93 1 -0.954917 1
25 94 1 0.165467 1
25 95 1 -3.6674 1
25 8 1 0.689752 1
25 6 1 -2.26988 1
25 121 1 -1.57053 1
121 70 1 6.06884 1
26 64 1 -3.25761 1
26 65 1 2.21813 1
26 66 1 0.370547 1
26 67 1 1.50056 1
26 68 1 1.15199 1
26 69 1 2.71778 1
26 70 1 -2.26105 1
26 71 1 0.490092 1
26 72 1 -2.60499 1
26 73 1 1.04424 1
26 74 1 -4.04665 1
26 75 1 2.42092 1
26 76 1 -0.344061 1
26 77 1 -3.60947 1
26 78 1 3.34753 1
26 79 1 -1.19275 1
26 80 1 -0.0410462 1
26 81 1 3.08245 1
26 82 1 0.628013 1
26 83 1 1.40821 1
26 84 1 -4.12777 1
26 85 1 1.28309 1
26 86 1 -4.25241 1
26 87 1 1.87816 1
26 88 1 -3.63972 1
26 89 1 0.0299999 1
26 90 1 -1.77939 1
26 91 1 -3.85275 1
26 92 1 -1.2154 1
26 93 1 1.76939 1
26 94 1 1.86749 1
26 95 1 -1.60309 1
26 23 1 3.40616 1
26 15 1 3.18887 1
27 64 1 -3.68424 1
27 65 1 3.24187 1
27 66 1 2.93917 1
27 67 1 -2.13157 1
27 68 1 0.693356 1
27 69 1 1.38429 1
27 70 1 4.29981 1
27 71 1 -5.80666 1
27 72 1 -0.637479 1
27 73 1 1.25071 1
27 74 1 -2.16812 1
27 75 1 1.70371 1
27 76 1 -2.30742 1
27 77 1 -1.08326 1
27 78 1 -0.57244 1
27 79 1 0.650627 1
27 80 1 -1.599 1
27 81 1 -1.35769 1
27 82 1 0.846011 1
27 83 1 1.59021 1
27 84 1 0.974984 1
27 85 1 1.25374 1
27 86 1 -1.62222 1
27 87 1 1.51748 1
27 88 1 -4.00696 1
27 89 1 -4.94537 1
27 90 1 3.89142 1
27 91 1 -1.27426 1
27 92 1 -0.979926 1
27 93 1 -1.05976 1
27 94 1 3.07488 1
27 95 1 -2.29447 1
27 9 1 0.722359 1
27 5 1 -1.85849 1
28 64 1 3.32075 1
28 65 1 0.571215 1
28 66 1 -2.90533 1
28 67 1 4.47928 1
28 68 1 2.96784 1
28 69 1 1.54158 1
28 70 1 -0.924886 1
28 71 1 -1.90204 1
28 72 1 -6.41265 1
28 73 1 1.87146 1
28 74 1 -0.134838 1
28 75 1 0.606462 1
28 76 1 0.052448 1
28 77 1 0.964724 1
28 78 1 -2.27239 1
28 79 1 0.657475 1
28 80 1 2.7581 1
28 81 1 -0.916448 1
28 82 1 3.09319 1
28 83 1 3.62208 1
28 84 1 2.47675 1
28 85 1 -7.8781 1
28 86 1 -2.97802 1
28 87 1 -3.06276 1
28 88 1 -4.50328 1
28 89 1 0.469208 1
28 90 1 -3.42104 1
28 91 1 -0.988411 1
28 92 1 1.67468 1
28 93 1 -3.03832 1
28 94 1 3.95741 1
28 95 1 -3.38486 1
29 64 1 0.252946 1
29 65 1 -3.01898 1
29 66 1 -0.825873 1
29 67 1 2.28578 1
29 68 1 -8.24772 1
29 69 1 1.58316 1
29 70 1 -0.507491 1
29 71 1 -1.75276 1
29 72 1 0.304297 1
29 73 1 -1.35324 1
29 74 1 0.0877905 1
29 75 1 0.0505102 1
29 76 1 0.173255 1
29 77 1 2.05506 1
29 78 1 -4.71177 1
29 79 1 -2.52379 1
29 80 1 2.51179 1
29 81 1 0.0584335 1
29 82 1 1.19693 1
29 83 1 -1.0025 1
29 84 1 1.30052 1
29 85 1 0.0706915 1
29 86 1 -1.99004 1
29 87 1 -4.57535 1
29 88 1 -0.774695 1
29 89 1 -2.13896 1
29 90 1 -0.360726 1
29 91 1 1.26989 1
29 92 1 0.446873 1
29 93 1 1.3257 1
29 94 1 -1.38371 1
29 95 1 -0.0534004 1
29 113 1 0.342277 1
30 64 1 -0.227177 1
30 65 1 1.85299 1
30 66 1 3.32264 1
30 67 1 1.36051 1
30 68 1 1.47248 1
30 69 1 3.09464 1
30 70 1 1.93825 1
30 71 1 -2.92973 1
30 72 1 -0.205013 1
30 73 1 3.76762 1
30 74 1 -0.499467 1
30 75 1 3.53703 1
30 76 1 2.53206 1
30 77 1 -0.51034 1
30 78 1 2.21588 1
30 79 1 3.02803 1
30 80 1 -0.197721 1
30 81 1 -2.91921 1
30 82 1 3.32541 1
30 83 1 4.49698 1
30 84 1 1.58401 1
30 85 1 -2.45 1
30 86 1 -1.90448 1
30 87 1 -3.00912 1
30 88 1 1.65909 1
30 89 1 -0.487961 1
30 90 1 2.01006 1
30 91 1 5.83403 1
30 92 1 -2.06954 1
30 93 1 2.12898 1
30 94 1 3.0841 1
30 95 1 -0.956598 1
31 64 1 2.48749 1
31 65 1 -0.229308 1
31 66 1 -2.36993 1
31 67 1 4.51958 1
31 68 1 3.46119 1
31 69 1 2.04007 1
31 70 1 -4.37889 1
31 71 1 1.75791 1
31 72 1 -3.00541 1
31 73 1 -2.41285 1
31 74 1 1.16353 1
31 75 1 0.977572 1
31 76 1 0.853041 1
31 77 1 0.575449 1
31 78 1 -3.27642 1
31 79 1 1.07675 1
31 80 1 -0.265631 1
31 81 1 -1.86978 1
31 82 1 -0.106983 1
31 83 1 -1.16377 1
31 84 1 -1.96238 1
31 85 1 -2.60699 1
31 86 1 0.297136 1
31 87 1 -2.37893 0
31 88 1 2.97654 1
31 89 1 -1.12992 1
31 90 1 2.00045 1
31 91 1 -1.89936 1
31 92 1 -0.244112 1
31 93 1 1.75247 1
31 94 1 1.20416 1
31 95 1 -1.21006 1
31 122 1 2.33449 1
122 87 1 0.809001 1
32 64 1 7.43545 1
32 65 1 2.0328 1
32 66 1 -3.09011 1
32 67 1 2.08732 1
32 68 1 0.366522 1
32 69 1 1.38166 1
32 70 1 -0.546022 1
32 71 1 1.40139 1
32 72 1 -3.5669 1
32 73 1 0.927071 1
32 74 1 -1.74878 1
32 75 1 3.78254 1
32 76 1 -2.07682 1
32 77 1 2.6208 1
32 78 1 -0.137992 1
32 79 1 1.50559 1
32 80 1 0.013165 1
32 81 1 -1.88458 1
32 82 1 -2.07904 1
32 83 1 -3.15764 1
32 84 1 1.43073 1
32 85 1 -2.98254 1
32 86 1 0.259036 1
32 87 1 -0.92385 1
32 88 1 -0.889718 1
32 89 1 -3.02027 1
32 90 1 1.23558 1
32 91 1 -2.716 1
32 92 1 0.95162 1
32 93 1 0.60208 1
32 94 1 -0.272738 1
32 95 1 -2.41752 1
33 64 1 2.79629 1
33 65 1 -5.75256 1
33 66 1 -0.583453 1
33 67 1 -2.65457 1
33 68 1 -0.335446 1
33 69 1 -1.59702 1
33 70 1 3.26319 1
33 71 1 5.3211 1
33 72 1 0.647961 1
33 73 1 4.061 1
33 74 1 2.95052 1
33 75 1 -4.98727 1
33 76 1 -1.08993 1
33 77 1 2.62831 1
33 78 1 -2.64014 1
33 79 1 -2.87466 1
33 80 1 2.0265 1
33 81 1 -1.79496 1
33 82 1 0.840426 1
33 83 1 1.6293 1
33 84 1 1.75615 1
33 85 1 -0.258559 1
33 86 1 0.440059 1
33 87 1 1.64613 1
33 88 1 1.92216 1
33 89 1 4.11483 1
33 90 1 -2.64785 1
33 91 1 1.4815 1
33 92 1 2.35592 1
33 93 1 1.78741 1
33 94 1 0.732672 1
33 95 1 0.272358 1
33 20 1 -1.92272 1
33 107 1 1.11034 1
33 13 1 -0.332466 1
34 64 1 -0.157538 1
34 65 1 -1.39799 1
34 66 1 1.49116 1
34 67 1 1.44149 1
34 68 1 0.845145 1
34 69 1 -0.0380636 1
34 70 1 -1.43515 1
34 71 1 -0.708922 1
34 72 1 -1.56444 1
34 73 1 -3.26583 1
34 74 1 1.2912 1
34 75 1 4.96738 1
34 76 1 -1.22736 1
34 77 1 -0.473021 1
34 78 1 -0.514644 1
34 79 1 1.8154 1
34 80 1 2.97104 1
34 81 1 -0.396008 1
34 82 1 -0.967851 1
34 83 1 0.68418 1
34 84 1 0.0643199 1
34 85 1 -0.327217 1
34 86 1 -0.450592 1
34 87 1 -0.737383 1
34 88 1 1.01339 1
34 89 1 -1.54523 1
34 90 1 -4.92172 1
34 91 1 2.43067 1
34 92 1 0.442105 1
34 93 1 -2.92296 1
34 94 1 2.36725 1
34 95 1 1.83008 1
34 113 1 -0.380083 1
35 64 1 -0.387232 1
35 65 1 -1.04954 1
35 66 1 0.351694 1
35 67 1 1.91294 1
35 68 1 0.319114 1
35 69 1 4.4492 1
35 70 1 2.4134 1
35 71 1 2.07933 1
35 72 1 3.09697 1
35 73 1 7.03814 1
35 74 1 2.37182 1
35 75 1 -0.77857 1
35 76 1 -3.55516 1
35 77 1 1.13529 1
35 78 1 -1.41005 1
35 79 1 1.44851 1
35 80 1 -7.89634 1
35 81 1 -1.78593 1
35 82 1 1.91049 0
35 83 1 0.148588 1
35 84 1 3.55887 1
35 85 1 -4.62024 1
35 86 1 -1.95986 1
35 87 1 -2.80408 1
35 88 1 -0.300567 1
35 89 1 0.483024 0
35 90 1 -1.257 1
35 91 1 -1.23325 1
35 92 1 -3.32019 1
35 93 1 -1.27629 1
35 94 1 -2.56503 1
35 95 1 0.537929 1
35 130 1 0.018671 1
35 133 1 3.7794 1
133 82 1 2.09911 1
130 89 1 2.05611 1
36 64 1 0.12408 1
36 65 1 1.68381 1
36 66 1 0.511069 1
36 67 1 0.378286 1
36 68 1 -5.18857 1
36 69 1 -2.63407 1
36 70 1 -0.240088 1
36 71 1 1.78918 1
36 72 1 -0.18914 1
36 73 1 -1.0229 1
36 74 1 -0.672179 1
36 75 1 1.11996 1
36 76 1 2.02511 1
36 77 1 -5.0988 1
36 78 1 -0.626632 1
36 79 1 2.41092 1
36 80 1 1.30835 1
36 81 1 -1.55451 1
36 82 1 -2.12215 0
36 83 1 1.03951 1
36 84 1 1.46014 1
36 85 1 -3.16488 1
36 86 1 1.65354 1
36 87 1 -0.994074 1
36 88 1 0.526637 1
36 89 1 1.08287 1
36 90 1 -2.72476 1
36 91 1 0.962108 1
36 92 1 3.82783 1
36 93 1 1.09797 1
36 94 1 -3.52223 1
36 95 1 5.91835 1
36 109 1 0.933707 0
36 24 1 -0.893947 1
36 117 1 1.69189 1
117 109 1 0.165348 1
109 82 1 2.02998 1
109 31 1 -0.668656 1
37 64 1 -3.97142 1
37 65 1 1.81577 1
37 66 1 -2.00063 1
37 67 1 -0.402979 1
37 68 1 -4.68071 1
37 69 1 1.06055 1
37 70 1 -3.39693 1
37 71 1 -0.53532 1
37 72 1 2.25561 1
37 73 1 2.17767 1
37 74 1 -0.2959 1
37 75 1 1.13736 1
37 76 1 3.33856 0
37 77 1 3.0357 1
37 78 1 -0.590555 1
37 79 1 0.0809659 1
37 80 1 3.11004 1
37 81 1 -0.424444 1
37 82 1 4.70051 1
37 83 1 1.96726 1
37 84 1 -4.24398 1
37 85 1 1.72227 1
37 86 1 -1.23895 1
37 87 1 2.19097 1
37 88 1 -2.24849 1
37 89 1 -0.679344 1
37 90 1 -0.174868 1
37 91 1 1.55427 1
37 92 1 3.34778 1
37 93 1 0.165859 1
37 94 1 -2.58819 1
37 95 1 -0.662494 1
37 142 1 1.17544 1
142 76 1 -0.666138 1
142 147 1 -1.20697 1
38 64 1 -0.0695166 1
38 65 1 -1.87921 1
38 66 1 -1.15121 1
38 67 1 -0.143246 1
38 68 1 -2.56863 1
38 69 1 -5.00227 1
38 70 1 -0.327058 1
38 71 1 -1.04629 1
38 72 1 -1.37144 1
38 73 1 -0.458912 1
38 74 1 -1.33219 1
38 75 1 2.3371 1
38 76 1 2.73862 1
38 77 1 -1.33966 1
38 78 1 -1.60318 1
38 79 1 -1.80534 1
38 80 1 -5.32156 1
38 81 1 -1.91769 1
38 82 1 3.88926 1
38 83 1 -0.99862 1
38 84 1 -3.43163 1
38 85 1 -3.55372 1
38 86 1 -0.13156 1
38 87 1 -0.473595 1
38 88 1 1.23138 1
38 89 1 3.71781 1
38 90 1 0.0518255 1
38 91 1 1.91397 1
38 92 1 1.19632 0
38 93 1 -1.95417 1
38 94 1 0.829979 1
38 95 1 -3.24701 1
38 148 1 0.894595 1
148 92 1 2.67736 1
39 64 1 0.673363 1
39 65 1 -2.16068 1
39 66 1 2.81523 1
39 67 1 -0.177454 1
39 68 1 1.17206 1
39 69 1 -0.0613592 1
39 70 1 2.33417 1
39 71 1 -0.875243 1
39 72 1 -2.06038 1
39 73 1 -2.71862 1
39 74 1 1.55341 1
39 75 1 2.25036 0
39 76 1 3.41986 1
39 77 1 0.00512916 1
39 78 1 -2.54325 1
39 79 1 -2.29592 1
39 80 1 1.79947 1
39 81 1 -3.43776 1
39 82 1 -0.0711199 1
39 83 1 0.268196 1
39 84 1 -2.05469 1
39 85 1 0.125612 1
39 86 1 1.58976 1
39 87 1 1.00858 1
39 88 1 -3.00913 1
39 89 1 0.0316328 1
39 90 1 3.86293 1
39 91 1 -1.43028 1
39 92 1 4.70127 1
39 93 1 0.619981 1
39 94 1 -4.05241 1
39 95 1 -0.429581 1
39 2 1 -4.32619 1
39 112 1 3.41665 1
39 13 1 0.165319 1
39 104 1 -0.829756 1
112 75 1 -1.91544 1
112 138 1 -1.50098 1
40 64 1 -5.96706 1
40 65 1 -1.35497 1
40 66 1 2.16345 1
40 67 1 1.02552 1
40 68 1 2.35545 1
40 69 1 1.18723 1
40 70 1 -0.635469 1
40 71 1 0.683492 1
40 72 1 4.31994 1
40 73 1 1.66607 1
40 74 1 -1.29989 1
40 75 1 0.660806 1
40 76 1 -0.980755 1
40 77 1 3.55839 1
40 78 1 1.70447 1
40 79 1 -1.20627 1
40 80 1 -0.388153 1
40 81 1 0.618143 1
40 82 1 0.701184 1
40 83 1 -2.41698 1
40 84 1 0.247755 1
40 85 1 2.94403 1
40 86 1 1.54209 1
40 87 1 1.62957 1
40 88 1 1.13722 1
40 89 1 -0.213281 1
40 90 1 -1.38774 1
40 91 1 -0.782667 1
40 92 1 -1.54621 1
40 93 1 3.09124 1
40 94 1 1.33189 1
40 95 1 2.49887 1
40 2 1 -0.903147 1
40 134 1 1.021 1
41 64 1 4.79046 1
41 65 1 -0.590556 1
41 66 1 -0.0618317 1
41 67 1 -0.505255 1
41 68 1 2.4823 1
41 69 1 -0.702876 1
41 70 1 1.39176 1
41 71 1 0.1685 1
41 72 1 4.37327 1
41 73 1 -5.3445 1
41 74 1 -0.7535 1
41 75 1 1.86053 1
41 76 1 -3.03734 1
41 77 1 -0.202412 1
41 78 1 -3.61327 1
41 79 1 1.30177 1
41 80 1 0.354335 1
41 81 1 3.86716 1
41 82 1 -2.24918 1
41 83 1 1.45204 1
41 84 1 -2.46538 1
41 85 1 -0.261996 1
41 86 1 0.476507 1
41 87 1 1.32299 1
41 88 1 3.49977 1
41 89 1 -2.42493 1
41 90 1 -2.98078 1
41 91 1 -0.863375 1
41 92 1 0.101507 1
41 93 1 -0.729966 1
41 94 1 0.380625 1
41 95 1 0.403055 1
41 11 1 2.93873 1
41 29 1 -1.17992 1
42 64 1 1.7305 1
42 65 1 0.648373 1
42 66 1 0.713804 1
42 67 1 -0.442683 1
42 68 1 -1.59164 1
42 69 1 -1.34355 1
42 70 1 -1.96965 1
42 71 1 -0.544889 1
42 72 1 -0.317791 1
42 73 1 -2.90607 1
42 74 1 1.4554 1
42 75 1 -0.413285 1
42 76 1 -2.6984 1
42 77 1 -0.678235 1
42 78 1 -1.93248 1
42 79 1 0.890761 1
42 80 1 -0.816511 1
42 81 1 2.03956 1
42 82 1 1.8583 1
42 83 1 2.96721 1
42 84 1 1.84206 1
42 85 1 0.128588 1
42 86 1 0.565593 1
42 87 1 -2.60626 1
42 88 1 -1.35968 1
42 89 1 -0.837287 1
42 90 1 0.977085 1
42 91 1 2.19143 1
42 92 1 -1.76738 1
42 93 1 2.6404 1
42 94 1 -1.62135 1
42 95 1 1.33937 1
43 64 1 2.90004 1
43 65 1 -3.20683 1
43 66 1 1.4189 1
43 67 1 1.89217 1
43 68 1 0.135783 1
43 69 1 -0.494926 1
43 70 1 0.348795 1
43 71 1 -3.67427 1
43 72 1 -0.544383 1
43 73 1 -7.79665 1
43 74 1 2.9854 1
43 75 1 -1.7936 1
43 76 1 1.2353 1
43 77 1 1.07265 1
43 78 1 0.00779538 1
43 79 1 -2.48871 1
43 80 1 -1.20364 1
43 81 1 2.60056 1
43 82 1 1.36366 1
43 83 1 -2.22474 1
43 84 1 1.18788 1
43 85 1 3.75183 1
43 86 1 1.01733 1
43 87 1 3.9616 1
43 88 1 -0.467951 1
43 89 1 3.69426 1
43 90 1 0.29864 1
43 91 1 -5.3723 1
43 92 1 3.62216 1
43 93 1 2.58962 1
43 94 1 -5.35128 1
43 95 1 2.39746 1
44 64 1 1.3185 1
44 65 1 -2.68211 1
44 66 1 0.655342 1
44 67 1 -2.14081 1
44 68 1 -1.88914 1
44 69 1 -0.835766 1
44 70 1 1.8465 1
44 71 1 1.42305 1
44 72 1 -2.85176 1
44 73 1 0.569521 1
44 74 1 -1.41817 1
44 75 1 -2.85956 1
44 76 1 0.258957 1
44 77 1 1.49178 1
44 78 1 1.31412 1
44 79 1 0.733049 1
44 80 1 5.88562 1
44 81 1 -1.62721 1
44 82 1 1.84133 1
44 83 1 -2.36995 1
44 84 1 0.153562 1
44 85 1 -0.273964 1
44 86 1 0.884465 1
44 87 1 0.24652 1
44 88 1 0.904338 1
44 89 1 1.26747 1
44 90 1 -0.37682 1
44 91 1 -0.701435 1
44 92 1 -0.0497445 1
44 93 1 3.62046 1
44 94 1 -1.79276 1
44 95 1 -0.560641 1
44 8 1 -0.155992 1
44 29 1 1.10936 1
45 64 1 -0.640323 1
45 65 1 3.21828 1
45 66 1 -1.41701 1
45 67 1 0.861242 1
45 68 1 -2.12599 1
45 69 1 -6.57477 1
45 70 1 -4.8112 1
45 71 1 -0.255067 1
45 72 1 -4.69318 1
45 73 1 2.86338 1
45 74 1 2.08865 1
45 75 1 4.08705 1
45 76 1 -0.241663 1
45 77 1 0.654936 1
45 78 1 -3.56154 1
45 79 1 2.54393 1
45 80 1 -2.05401 1
45 81 1 0.632211 1
45 82 1 -1.1692 1
45 83 1 -2.48128 1
45 84 1 2.62144 1
45 85 1 -3.00326 1
45 86 1 1.89732 1
45 87 1 0.340733 1
45 88 1 0.286015 1
45 89 1 -3.20318 1
45 90 1 0.75702 1
45 91 1 3.40664 1
45 92 1 -2.95134 1
45 93 1 -5.71254 1
45 94 1 2.28698 1
45 95 1 -2.76597 1
45 9 1 3.33644 1
45 20 1 0.257645 1
46 64 1 -0.328365 1
46 65 1 -0.0845729 1
46 66 1 2.82041 1
46 67 1 1.52463 1
46 68 1 -6.06333 1
46 69 1 -1.29509 1
46 70 1 0.569255 1
46 71 1 -1.0944 1
46 72 1 3.03071 1
46 73 1 -2.99362 1
46 74 1 -1.96615 1
46 75 1 2.95631 1
46 76 1 -4.64028 1
46 77 1 2.23249 1
46 78 1 -1.26275 1
46 79 1 -0.617614 1
46 80 1 3.82356 1
46 81 1 0.289864 1
46 82 1 -1.4604 1
46 83 1 1.69518 1
46 84 1 -0.707354 1
46 85 1 2.16718 1
46 86 1 -1.20164 1
46 87 1 2.38333 1
46 88 1 -2.37112 1
46 89 1 -3.96565 1
46 90 1 -3.13974 1
46 91 1 0.941338 1
46 92 1 0.163451 1
46 93 1 -2.64069 1
46 94 1 0.0188504 1
46 95 1 -0.493749 1
46 24 1 1.60035 1
47 64 1 0.0225309 1
47 65 1 0.21693 1
47 66 1 -3.30133 1
47 67 1 5.10876 1
47 68 1 -1.29097 1
47 69 1 2.26054 1
47 70 1 -1.81898 1
47 71 1 0.726483 1
47 72 1 1.01766 1
47 73 1 4.38941 0
47 74 1 -0.390627 1
47 75 1 -1.69867 1
47 76 1 -2.12114 1
47 77 1 -7.09357 1
47 78 1 -1.84168 1
47 79 1 2.1267 1
47 80 1 3.45011 1
47 81 1 -6.37067 1
47 82 1 1.12136 1
47 83 1 -0.120725 1
47 84 1 -3.33019 1
47 85 1 0.613025 1
47 86 1 -2.88541 1
47 87 1 4.37225 1
47 88 1 1.05854 1
47 89 1 0.546886 1
47 90 1 6.32901 1
47 91 1 1.35642 1
47 92 1 -1.19483 1
47 93 1 0.20883 1
47 94 1 0.527086 1
47 95 1 -1.05333 1
47 4 1 0.936293 1
47 137 1 0.86165 1
137 73 1 4.58189 1
48 64 1 0.320461 1
48 65 1 0.35597 1
48 66 1 0.688213 1
48 67 1 -0.906776 1
48 68 1 -4.6194 1
48 69 1 -4.4619 1
48 70 1 0.420432 1
48 71 1 1.19727 1
48 72 1 -2.94181 1
48 73 1 2.21896 1
48 74 1 5.30181 1
48 75 1 -5.43084 1
48 76 1 1.67637 1
48 77 1 -2.94083 1
48 78 1 -0.166946 1
48 79 1 1.50533 1
48 80 1 -0.631637 1
48 81 1 -1.7111 1
48 82 1 0.150138 1
48 83 1 0.0126266 1
48 84 1 1.19852 1
48 85 1 1.70887 1
48 86 1 -2.82083 1
48 87 1 -1.30411 1
48 88 1 -2.43299 1
48 89 1 -0.368568 1
48 90 1 2.12908 1
48 91 1 1.28241 1
48 92 1 -5.60971 1
48 93 1 0.840938 1
48 94 1 3.46044 1
48 95 1 3.22776 1
48 16 1 1.29616 1
48 12 1 -0.580433 1
48 14 1 -2.40343 1
49 64 1 1.07521 1
49 65 1 -0.975663 1
49 66 1 -0.373138 1
49 67 1 -0.92469 1
49 68 1 -2.03961 1
49 69 1 0.83225 1
49 70 1 0.631725 1
49 71 1 -3.89347 1
49 72 1 0.0459116 1
49 73 1 -0.0318187 1
49 74 1 3.04123 1
49 75 1 1.65572 1
49 76 1 -5.47063 1
49 77 1 -3.00553 1
49 78 1 -1.85394 1
49 79 1 1.39394 1
49 80 1 4.96941 1
49 81 1 -4.21753 1
49 82 1 1.48192 1
49 83 1 -1.59409 1
49 84 1 3.05423 1
49 85 1 -2.91175 1
49 86 1 0.353798 1
49 87 1 -0.640506 1
49 88 1 -1.13124 1
49 89 1 0.347749 1
49 90 1 -1.05328 1
49 91 1 0.515722 1
49 92 1 1.95606 1
49 93 1 -0.714098 1
49 94 1 1.29528 1
49 95 1 2.965 1
49 19 1 -2.05891 1
49 31 1 -0.614682 1
49 15 1 -0.573951 1
50 64 1 -4.44622 1
50 65 1 -2.53415 1
50 66 1 1.82515 1
50 67 1 -1.24421 1
50 68 1 1.2866 1
50 69 1 -1.22601 1
50 70 1 0.123746 1
50 71 1 6.00699 1
50 72 1 -2.04872 1
50 73 1 4.68276 1
50 74 1 -0.859727 1
50 75 1 0.703299 1
50 76 1 -1.51483 1
50 77 1 0.642544 1
50 78 1 3.62533 1
50 79 1 -2.11744 1
50 80 1 1.28527 1
50 81 1 0.566434 1
50 82 1 -0.390098 1
50 83 1 2.64216 1
50 84 1 -1.35448 1
50 85 1 -0.434771 1
50 86 1 1.0709 1
50 87 1 -2.43617 1
50 88 1 -4.02256 1
50 89 1 1.01228 1
50 90 1 0.208347 1
50 91 1 -0.367918 1
50 92 1 -0.0879935 1
50 93 1 0.101126 1
50 94 1 -3.149 1
50 95 1 0.936751 1
50 4 1 5.79227 1
50 22 1 -1.61469 1
51 64 1 -1.05987 1
51 65 1 3.14855 1
51 66 1 1.96681 1
51 67 1 -1.142 1
51 68 1 0.187322 1
51 69 1 -1.74414 1
51 70 1 3.29148 1
51 71 1 3.13077 1
51 72 1 -3.61103 1
51 73 1 -2.21131 0
51 74 1 -2.58014 1
51 75 1 6.50552 1
51 76 1 -2.62879 1
51 77 1 1.68731 1
51 78 1 3.68419 1
51 79 1 1.20515 1
51 80 1 0.544424 1
51 81 1 -3.2773 1
51 82 1 1.46164 1
51 83 1 4.55185 1
51 84 1 -1.96255 1
51 85 1 -2.26677 1
51 86 1 -1.00694 1
51 87 1 0.91228 1
51 88 1 1.27228 1
51 89 1 1.09796 1
51 90 1 2.73551 1
51 91 1 1.24097 1
51 92 1 2.06447 1
51 93 1 3.23454 1
51 94 1 -5.6693 1
51 95 1 -1.82222 1
51 116 1 -0.557914 1
51 12 1 -0.580102 1
116 73 1 -1.66632 0
116 134 1 0.358034 1
134 73 1 1.07043 1
52 64 1 -3.43967 1
52 65 1 3.50456 1
52 66 1 1.33116 1
52 67 1 -0.355354 1
52 68 1 0.32952 1
52 69 1 5.11456 1
52 70 1 3.01889 1
52 71 1 -0.814084 1
52 72 1 -0.374215 1
52 73 1 3.99849 1
52 74 1 1.9807 1
52 75 1 -0.894716 1
52 76 1 -3.49167 1
52 77 1 -0.296471 1
52 78 1 1.85591 1
52 79 1 1.45453 1
52 80 1 -1.01327 1
52 81 1 0.931398 1
52 82 1 -2.42973 1
52 83 1 -2.13811 1
52 84 1 1.7405 1
52 85 1 -1.19038 1
52 86 1 -3.18116 1
52 87 1 0.497676 1
52 88 1 1.9761 1
52 89 1 -1.6203 1
52 90 1 0.184048 1
52 91 1 -0.959608 1
52 92 1 0.403928 1
52 93 1 -1.69315 0
52 94 1 1.86472 1
52 95 1 -0.218201 1
52 115 1 0.0784518 1
52 139 1 0.209469 1
139 93 1 -2.97031 1
53 64 1 -3.24535 1
53 65 1 0.109728 1
53 66 1 0.0596995 1
53 67 1 -0.0266839 1
53 68 1 2.74209 1
53 69 1 1.79638 1
53 70 1 -1.33089 0
53 71 1 0.575981 1
53 72 1 -1.64258 1
53 73 1 0.672046 1
53 74 1 -1.55091 1
53 75 1 -2.54052 1
53 76 1 0.556139 1
53 77 1 1.71804 1
53 78 1 -1.20325 1
53 79 1 0.521518 1
53 80 1 1.34998 1
53 81 1 0.88325 1
53 82 1 1.60955 1
53 83 1 0.53569 1
53 84 1 2.33068 1
53 85 1 0.973525 1
53 86 1 1.4056 1
53 87 1 0.309724 1
53 88 1 -0.28895 1
53 89 1 -0.109816 1
53 90 1 -3.12963 1
53 91 1 -0.3549 1
53 92 1 2.7195 1
53 93 1 0.374496 1
53 94 1 0.788867 1
53 95 1 -1.58818 1
53 20 1 3.57285 1
53 23 1 1.20675 1
53 149 1 0.55863 1
149 70 1 -1.22136 1
54 64 1 1.85777 1
54 65 1 -0.45774 1
54 66 1 -2.01961 1
54 67 1 0.282724 1
54 68 1 2.42824 1
54 69 1 -2.93141 1
54 70 1 0.357918 1
54 71 1 3.46509 1
54 72 1 1.27544 1
54 73 1 1.03334 1
54 74 1 -0.0591269 1
54 75 1 -1.39112 1
54 76 1 -1.28457 1
54 77 1 2.65296 1
54 78 1 0.0200378 1
54 79 1 0.0368523 1
54 80 1 0.541103 1
54 81 1 3.05838 1
54 82 1 -2.66732 1
54 83 1 6.51859 1
54 84 1 1.85417 1
54 85 1 -0.13377 1
54 86 1 -3.08341 1
54 87 1 -0.334482 1
54 88 1 1.48796 1
54 89 1 3.54694 1
54 90 1 -2.908 1
54 91 1 2.68522 1
54 92 1 -0.938597 1
54 93 1 1.67278 1
54 94 1 -2.83771 1
54 95 1 -2.88766 1
54 30 1 -1.25403 1
54 144 1 0.909774 1
55 64 1 0.993692 1
55 65 1 -2.71361 1
55 66 1 -1.62133 1
55 67 1 -0.795982 1
55 68 1 -2.54857 1
55 69 1 2.97771 1
55 70 1 2.16797 1
55 71 1 -5.23678 1
55 72 1 2.25256 1
55 73 1 1.1973 1
55 74 1 1.82294 1
55 75 1 -2.7299 1
55 76 1 -4.52966 1
55 77 1 2.28155 1
55 78 1 -1.30505 1
55 79 1 1.37944 1
55 80 1 -1.29216 1
55 81 1 1.39962 1
55 82 1 -1.60362 1
55 83 1 -0.743119 1
55 84 1 -0.432826 1
55 85 1 -5.62309 1
55 86 1 0.749172 1
55 87 1 1.28858 1
55 88 1 -3.23819 1
55 89 1 -1.35248 1
55 90 1 0.378209 1
55 91 1 1.74893 1
55 92 1 6.06584 1
55 93 1 -3.64702 1
55 94 1 -3.03368 1
55 95 1 -1.15467 0
55 28 1 4.95009 1
55 114 1 1.0705 1
114 95 1 -1.60293 1
56 64 1 1.24561 1
56 65 1 -3.60887 1
56 66 1 0.503306 1
56 67 1 -0.76979 1
56 68 1 -0.718305 0
56 69 1 -0.716832 1
56 70 1 0.590126 1
56 71 1 1.48187 1
56 72 1 -0.279572 1
56 73 1 -1.78299 1
56 74 1 3.96747 1
56 75 1 3.36484 1
56 76 1 -3.94053 1
56 77 1 -1.14472 1
56 78 1 -3.44922 1
56 79 1 0.360791 1
56 80 1 -1.24617 1
56 81 1 2.6875 1
56 82 1 3.0004 1
56 83 1 -2.13308 1
56 84 1 -1.16837 1
56 85 1 -1.60664 1
56 86 1 2.3267 1
56 87 1 -3.12009 1
56 88 1 0.101666 1
56 89 1 -1.95704 1
56 90 1 -0.967353 1
56 91 1 -0.661072 1
56 92 1 1.67797 1
56 93 1 3.69738 1
56 94 1 -1.5157 1
56 95 1 0.74688 1
56 3 1 -1.70627 1
56 126 1 3.57586 1
126 68 1 0.375443 1
126 11 1 -1.69237 1
57 64 1 -3.74913 1
57 65 1 3.37657 1
57 66 1 -3.31637 1
57 67 1 -1.21642 1
57 68 1 3.60461 1
57 69 1 -1.04213 0
57 70 1 0.256913 1
57 71 1 3.44857 1
57 72 1 0.217326 1
57 73 1 -1.69204 1
57 74 1 2.97205 1
57 75 1 3.24731 1
57 76 1 2.91005 1
57 77 1 -4.46214 1
57 78 1 -1.29133 1
57 79 1 -2.85339 1
57 80 1 1.02387 1
57 81 1 4.21359 1
57 82 1 3.43532 1
57 83 1 -2.88943 1
57 84 1 1.15325 1
57 85 1 -2.53176 1
57 86 1 -0.443897 1
57 87 1 1.08311 1
57 88 1 -0.986437 1
57 89 1 -1.53875 1
57 90 1 0.905842 1
57 91 1 -1.76536 1
57 92 1 -2.00293 1
57 93 1 0.445633 1
57 94 1 -1.05288 1
57 95 1 2.9404 1
57 104 1 2.65215 1
57 22 1 0.480298 1
104 69 1 2.21468 1
104 1 1 -1.27553 1
58 64 1 2.46625 1
58 65 1 -1.66549 1
58 66 1 -0.104807 1
58 67 1 -1.97 1
58 68 1 -0.673751 1
58 69 1 -0.487052 1
58 70 1 -2.32875 1
58 71 1 0.509804 1
58 72 1 -0.0292631 1
58 73 1 -1.0523 1
58 74 1 3.17143 1
58 75 1 3.15318 1
58 76 1 4.30705 1
58 77 1 1.96961 1
58 78 1 -0.816105 1
58 79 1 0.116543 0
58 80 1 -4.25224 1
58 81 1 1.73929 1
58 82 1 1.04862 1
58 83 1 0.742529 1
58 84 1 -0.863808 1
58 85 1 1.47376 1
58 86 1 2.00205 1
58 87 1 -0.819666 1
58 88 1 -2.37978 1
58 89 1 -1.13734 1
58 90 1 -2.51784 1
58 91 1 -1.28181 1
58 92 1 1.24344 1
58 93 1 2.19894 1
58 94 1 -2.41532 1
58 95 1 2.01285 1
58 128 1 0.497816 1
128 79 1 0.530967 0
128 131 1 -0.224106 1
131 79 1 0.093567 1
59 64 1 -1.81816 1
59 65 1 1.06996 1
59 66 1 1.37012 1
59 67 1 -2.7415 1
59 68 1 1.15573 1
59 69 1 -2.11148 1
59 70 1 -2.05538 1
59 71 1 2.65034 1
59 72 1 -0.140854 1
59 73 1 -0.83768 1
59 74 1 0.00844985 1
59 75 1 -1.18072 1
59 76 1 2.16386 1
59 77 1 0.928276 0
59 78 1 1.50987 1
59 79 1 -2.1455 1
59 80 1 0.453254 1
59 81 1 1.15401 1
59 82 1 -4.37737 1
59 83 1 3.41936 1
59 84 1 -1.26591 1
59 85 1 -2.66887 1
59 86 1 -4.09723 1
59 87 1 1.73523 1
59 88 1 5.02832 1
59 89 1 -0.665808 1
59 90 1 1.20823 1
59 91 1 -0.835596 1
59 92 1 2.07575 1
59 93 1 1.86966 1
59 94 1 -5.28089 1
59 95 1 1.61042 1
59 97 1 1.7963 1
59 5 1 -2.39718 1
59 11 1 -0.891394 1
59 13 1 0.915882 1
97 77 1 -5.99039 1
97 22 1 -3.31042 1
97 2 1 -5.45641 0
97 99 1 2.07203 1
97 7 1 3.41333 0
97 102 1 1.95347 1
97 17 1 2.08744 1
102 7 1 3.79705 1
99 2 1 2.11483 0
99 108 1 4.57011 1
99 15 1 -0.613962 1
108 2 1 -0.969872 0
108 125 1 4.63886 1
125 2 1 0.00701044 1
60 64 1 2.67334 1
60 65 1 0.146375 1
60 66 1 -0.457443 1
60 67 1 -0.689766 1
60 68 1 0.510092 1
60 69 1 0.811768 1
60 70 1 -2.75694 1
60 71 1 0.548838 1
60 72 1 1.20515 0
60 73 1 0.700993 1
60 74 1 1.05473 1
60 75 1 -1.17097 1
60 76 1 0.618342 1
60 77 1 3.43219 1
60 78 1 -2.45823 1
60 79 1 -0.222143 1
60 80 1 -5.01814 1
60 81 1 -0.945364 1
60 82 1 -1.58295 1
60 83 1 -0.421477 1
60 84 1 -3.6115 1
60 85 1 3.7987 1
60 86 1 1.29646 1
60 87 1 0.0109741 1
60 88 1 -5.21146 1
60 89 1 0.0429575 1
60 90 1 -1.67775 1
60 91 1 0.401859 1
60 92 1 1.26656 1
60 93 1 2.92312 1
60 94 1 0.445029 1
60 95 1 0.599674 1
60 24 1 -2.9457 1
60 0 1 1.99751 1
60 115 1 3.08454 1
60 3 1 -0.511627 1
115 72 1 -1.3546 1
115 18 1 0.444554 1
61 64 1 0.530859 1
61 65 1 -0.814126 1
61 66 1 1.56554 1
61 67 1 0.705875 1
61 68 1 -3.71534 1
61 69 1 3.15704 1
61 70 1 0.0166474 1
61 71 1 -0.921504 1
61 72 1 -2.21663 1
61 73 1 1.37779 1
61 74 1 2.36368 1
61 75 1 2.98607 1
61 76 1 -0.242142 1
61 77 1 0.0809886 0
61 78 1 0.38989 1
61 79 1 -1.45305 1
61 80 1 0.0184584 1
61 81 1 -0.440528 1
61 82 1 -0.187209 1
61 83 1 0.00280416 1
61 84 1 -2.46877 1
61 85 1 -0.506164 1
61 86 1 -0.106186 1
61 87 1 2.15282 1
61 88 1 0.288328 1
61 89 1 2.25266 1
61 90 1 -0.0755878 1
61 91 1 2.4202 1
61 92 1 -1.87208 1
61 93 1 -0.145756 1
61 94 1 0.702174 1
61 95 1 -2.08185 1
61 107 1 1.38095 1
61 113 1 -2.62539 1
61 14 1 -1.25257 1
107 77 1 -5.25426 0
107 113 1 1.06726 1
107 14 1 -1.13004 1
113 77 1 -2.11662 1
113 23 1 -1.19094 1
62 64 1 0.744315 1
62 65 1 -2.96428 1
62 66 1 4.00718 1
62 67 1 -2.63881 1
62 68 1 1.84088 1
62 69 1 -1.71173 1
62 70 1 2.22401 1
62 71 1 -1.97149 1
62 72 1 0.270754 1
62 73 1 2.36225 1
62 74 1 4.41651 1
62 75 1 -0.219329 1
62 76 1 4.04735 1
62 77 1 -3.98444 1
62 78 1 -1.60764 1
62 79 1 -1.189 1
62 80 1 -1.24418 1
62 81 1 -0.484622 1
62 82 1 -2.38478 1
62 83 1 1.52497 1
62 84 1 -1.09687 0
62 85 1 -0.34256 1
62 86 1 3.88795 1
62 87 1 -2.54676 1
62 88 1 1.02073 1
62 89 1 -1.73463 1
62 90 1 -6.1129 1
62 91 1 0.753935 1
62 92 1 -1.17942 1
62 93 1 0.281677 1
62 94 1 1.70167 1
62 95 1 -0.797959 1
62 5 1 2.37371 1
62 138 1 2.51826 1
138 84 1 -0.138448 1
63 64 1 2.54613 1
63 65 1 -1.57247 1
63 66 1 3.23971 1
63 67 1 0.00335823 1
63 68 1 -0.890837 1
63 69 1 -3.97246 1
63 70 1 -0.980253 1
63 71 1 2.69323 1
63 72 1 -0.165202 1
63 73 1 -0.0937531 1
63 74 1 -6.04231 1
63 75 1 1.42101 1
63 76 1 -2.36751 0
63 77 1 1.73821 1
63 78 1 1.01471 1
63 79 1 1.50872 1
63 80 1 1.29485 1
63 81 1 -0.0688855 1
63 82 1 1.13344 1
63 83 1 -2.87363 1
63 84 1 -2.19129 1
63 85 1 -3.84332 1
63 86 1 4.93125 1
63 87 1 -2.79334 0
63 88 1 0.0863212 1
63 89 1 -0.786745 1
63 90 1 3.17917 1
63 91 1 -0.814421 1
63 92 1 -1.31565 1
63 93 1 2.34652 1
63 94 1 -4.656 1
63 95 1 0.291023 1
63 141 1 1.33391 1
63 144 1 0.536109 1
144 76 1 -2.11738 0
144 147 1 0.759444 1
147 76 1 -2.72547 1
141 87 1 -6.31948 1
141 10 1 -0.699789 1
