150 64 32
2.28132 0.309408 -6.1514 5.24068 -3.11071 1.75052 1.01121 -0.251256 0.219139 2.56549 3.20587 3.0704 -2.94603 -3.32511 -1.27893 -3.08516 0.277337 0.967673 -0.936765 -0.282279 -2.15879 0.386712 -1.17559 0.157213 -3.89476 -0.18819 3.90043 2.17991 -2.43448 -2.86927 -4.11372 2.17708 -1.50208 0.666537 1.28905 1.27522 -2.83944 -0.566723 0.776446 -1.73189 -1.26705 0.164841 -0.364072 -4.53561 -1.52353 -0.391893 -3.26113 2.4274 0.0750919 2.47935 0.755807 -2.8914 -2.7471 0.572575 -1.14463 4.02543 -1.57901 0.386287 0.33372 -1.96208 1.11785 -0.648605 -1.18868 -3.83968 -4.47983 0.425304 3.85364 2.08349 -3.63018 1.29955 -3.36625 -1.1391 -1.87628 -2.88093 3.17068 3.42557 -1.93877 -1.10352 1.41928 -2.88423 0.102235 -0.52847 -3.07449 0.329668 1.50936 0.0636201 -2.34363 0.989556 4.60818 0.0375543 -2.54937 3.05786 -1.33938 1.13031 1.69057 -1.6341 -0.837396 1.05342 -0.632404 -0.171197 2.90593 -3.47332 -4.9366 -2.81099 -2.40677 0.686181 -2.20063 -3.37633 -1.63615 1.3135 -1.54003 1.85387 2.64175 -2.72588 -0.364998 -1.0137 -3.16887 -0.37794 -1.5005 -1.3817 1.68567 0.38114 0.348832 2.33607 0.912993 3.08141 0.697942 0.559973 1.63313 2.15895 -0.0459323 -1.59935 -0.480601 -0.238463 -0.684285 -0.832978 -0.544875 -1.17252 -1.75886 -0.910774 0.379439 -0.143721 -0.77476 0.866474 0.223089 -0.172583 0.720681 1.20189 1.19842 -0.49383 
0 64 1 -4.4478 1
0 65 1 1.73216 1
0 66 1 2.61806 1
0 67 1 -0.170219 1
0 68 1 -1.75571 1
0 69 1 0.864338 1
0 70 1 -0.390159 1
0 71 1 -0.737825 1
0 72 1 0.88252 1
0 73 1 -1.41715 1
0 74 1 -3.69188 1
0 75 1 0.968667 1
0 76 1 2.69372 1
0 77 1 0.618221 1
0 78 1 -2.92848 1
0 79 1 3.01666 1
0 80 1 1.34904 1
0 81 1 1.98477 1
0 82 1 3.22125 1
0 83 1 2.21911 1
0 84 1 -3.16926 1
0 85 1 3.56838 1
0 86 1 -3.12988 1
0 87 1 -2.05657 1
0 88 1 0.0559254 1
0 89 1 2.59667 1
0 90 1 4.54783 1
0 91 1 5.03017 1
0 92 1 -2.41377 1
0 93 1 -0.95167 1
0 94 1 -0.0576179 1
0 95 1 0.911408 1
0 10 1 -1.77825 1
1 64 1 -1.51211 1
1 65 1 -1.5617 1
1 66 1 2.2005 1
1 67 1 -2.87395 1
1 68 1 4.61521 1
1 69 1 -0.212561 1
1 70 1 1.58846 1
1 71 1 -2.01541 1
1 72 1 -2.08652 1
1 73 1 -2.05898 1
1 74 1 -3.23557 1
1 75 1 3.51976 1
1 76 1 -1.07769 1
1 77 1 5.17857 1
1 78 1 -1.95023 1
1 79 1 -0.283488 1
1 80 1 -3.47782 1
1 81 1 1.09344 1
1 82 1 -1.12312 1
1 83 1 -5.23611 1
1 84 1 -0.532269 1
1 85 1 -0.750132 1
1 86 1 2.52501 1
1 87 1 -1.23014 1
1 88 1 -0.0454365 1
1 89 1 3.22264 1
1 90 1 -1.64309 1
1 91 1 -2.17869 1
1 92 1 -0.663177 1
1 93 1 0.0700028 1
1 94 1 -1.24165 1
1 95 1 -4.29967 1
1 27 1 -0.077594 1
2 64 1 -0.235396 1
2 65 1 2.03956 1
2 66 1 -3.2531 1
2 67 1 -1.4921 1
2 68 1 -1.42698 1
2 69 1 1.88749 1
2 70 1 -1.36238 1
2 71 1 3.25357 1
2 72 1 -1.94812 1
2 73 1 -2.66994 1
2 74 1 -3.99871 1
2 75 1 -1.13685 1
2 76 1 -4.62672 1
2 77 1 0.259939 1
2 78 1 -2.1942 1
2 79 1 -4.8347 1
2 80 1 -4.43739 1
2 81 1 -3.8066 1
2 82 1 -0.317664 1
2 83 1 -2.53263 1
2 84 1 0.273428 1
2 85 1 2.62133 1
2 86 1 -0.570835 1
2 87 1 -0.40951 1
2 88 1 -0.41874 1
2 89 1 -3.76745 1
2 90 1 -3.00248 1
2 91 1 -1.90209 1
2 92 1 2.9057 1
2 93 1 -3.34759 1
2 94 1 2.25218 1
2 95 1 -1.21768 1
2 100 1 -1.27191 1
2 6 1 4.30246 1
2 110 1 -0.519873 1
3 64 1 -2.77806 1
3 65 1 -0.818962 1
3 66 1 -0.086422 1
3 67 1 1.67227 1
3 68 1 4.0589 1
3 69 1 -3.18853 1
3 70 1 0.859334 1
3 71 1 0.747341 1
3 72 1 6.25686 1
3 73 1 -0.78683 1
3 74 1 1.14688 1
3 75 1 2.81757 1
3 76 1 1.21911 1
3 77 1 -1.38443 1
3 78 1 -1.32698 1
3 79 1 -0.0203018 1
3 80 1 -2.47425 1
3 81 1 -1.53814 1
3 82 1 5.92548 1
3 83 1 0.986604 1
3 84 1 1.06128 1
3 85 1 -3.00419 1
3 86 1 0.132199 1
3 87 1 1.88043 1
3 88 1 -0.717012 1
3 89 1 2.03108 1
3 90 1 1.50533 1
3 91 1 0.99579 1
3 92 1 0.909196 1
3 93 1 -2.36521 1
3 94 1 -3.42605 1
3 95 1 1.82907 0
3 110 1 1.69531 1
110 95 1 -1.59163 0
110 111 1 -0.3166 0
110 132 1 3.06777 1
132 111 1 2.06141 1
111 95 1 -2.51742 1
4 64 1 0.98491 1
4 65 1 -0.245007 1
4 66 1 -1.2008 1
4 67 1 3.15194 1
4 68 1 -1.73497 1
4 69 1 1.88451 1
4 70 1 -0.172267 1
4 71 1 0.23595 1
4 72 1 1.31546 1
4 73 1 -0.368388 0
4 74 1 0.195826 1
4 75 1 -4.86932 0
4 76 1 0.94123 1
4 77 1 2.79207 1
4 78 1 2.26794 1
4 79 1 2.91908 1
4 80 1 -3.17853 1
4 81 1 -0.32482 1
4 82 1 0.757601 1
4 83 1 -2.85678 1
4 84 1 0.256832 1
4 85 1 2.86322 1
4 86 1 2.07356 1
4 87 1 0.219974 1
4 88 1 -3.16442 1
4 89 1 -0.49568 1
4 90 1 3.08827 1
4 91 1 -5.47224 1
4 92 1 -0.432251 1
4 93 1 1.10684 0
4 94 1 -1.22693 1
4 95 1 1.76292 1
4 101 1 2.79467 1
4 17 1 2.34627 1
4 118 1 1.6268 1
4 145 1 0.539794 1
145 93 1 0.9016 1
118 73 1 -2.54432 1
101 75 1 1.27925 1
5 64 1 -2.91874 1
5 65 1 2.07272 1
5 66 1 -2.66187 1
5 67 1 5.88737 1
5 68 1 3.19066 1
5 69 1 3.01308 1
5 70 1 -3.40935 1
5 71 1 -0.326961 1
5 72 1 1.03275 1
5 73 1 -2.64076 1
5 74 1 -0.738398 1
5 75 1 2.33265 1
5 76 1 3.03861 1
5 77 1 0.898467 1
5 78 1 -0.764364 1
5 79 1 -0.221781 1
5 80 1 1.74232 1
5 81 1 -1.98393 1
5 82 1 -0.0288793 1
5 83 1 4.80543 1
5 84 1 1.74501 1
5 85 1 2.31742 1
5 86 1 -3.34659 1
5 87 1 0.165139 1
5 88 1 -2.3152 1
5 89 1 -2.59049 1
5 90 1 -2.26448 1
5 91 1 -0.783404 1
5 92 1 -1.68061 1
5 93 1 1.19026 1
5 94 1 -1.71506 1
5 95 1 0.39479 1
5 28 1 0.619565 1
6 64 1 0.380704 1
6 65 1 -1.35031 1
6 66 1 2.94914 1
6 67 1 2.33121 1
6 68 1 -4.22399 1
6 69 1 -1.09243 1
6 70 1 -1.34119 1
6 71 1 -0.309402 1
6 72 1 1.76102 1
6 73 1 -2.82027 1
6 74 1 -3.5614 1
6 75 1 0.964766 1
6 76 1 3.27264 1
6 77 1 -0.048151 1
6 78 1 -2.28169 1
6 79 1 -2.18447 1
6 80 1 2.29896 1
6 81 1 -0.215891 1
6 82 1 2.04142 1
6 83 1 1.28304 1
6 84 1 1.23188 1
6 85 1 -2.0193 1
6 86 1 -1.02311 1
6 87 1 3.42872 1
6 88 1 -3.12191 1
6 89 1 -1.96574 1
6 90 1 3.64384 1
6 91 1 -0.379704 1
6 92 1 2.80359 1
6 93 1 -2.69805 1
6 94 1 -3.26856 1
6 95 1 0.792035 1
6 26 1 0.0316056 1
7 64 1 3.24991 1
7 65 1 0.600815 1
7 66 1 -1.77997 1
7 67 1 -4.47681 1
7 68 1 -1.92908 1
7 69 1 -0.364824 1
7 70 1 4.72446 1
7 71 1 0.932898 1
7 72 1 3.29468 1
7 73 1 -0.635654 1
7 74 1 -2.24856 1
7 75 1 -1.75099 1
7 76 1 2.65891 1
7 77 1 -0.758782 1
7 78 1 2.6644 1
7 79 1 1.75626 1
7 80 1 -0.470825 1
7 81 1 0.93427 1
7 82 1 -3.99539 0
7 83 1 1.46621 0
7 84 1 -2.28443 1
7 85 1 3.7253 1
7 86 1 1.18123 1
7 87 1 3.43313 1
7 88 1 -2.81066 1
7 89 1 -2.28396 1
7 90 1 -0.80043 1
7 91 1 -3.41883 1
7 92 1 1.5582 1
7 93 1 -1.63759 1
7 94 1 -0.58248 1
7 95 1 2.45936 1
7 100 1 -0.45399 1
7 127 1 0.586163 1
127 82 1 -3.30713 1
100 83 1 1.50051 1
100 24 1 -0.558756 0
100 106 1 3.79677 1
106 24 1 -4.77118 1
106 6 1 -1.2271 1
8 64 1 2.03935 1
8 65 1 -3.31256 1
8 66 1 -0.380028 1
8 67 1 1.597 1
8 68 1 -1.09864 1
8 69 1 3.49154 1
8 70 1 1.48242 1
8 71 1 4.11445 1
8 72 1 2.44864 1
8 73 1 0.229176 1
8 74 1 -0.260549 1
8 75 1 -2.3216 1
8 76 1 -0.734086 1
8 77 1 3.32364 1
8 78 1 -0.246248 1
8 79 1 -2.5062 1
8 80 1 0.319373 1
8 81 1 -0.456601 1
8 82 1 1.24201 1
8 83 1 -3.39726 1
8 84 1 4.13146 1
8 85 1 8.10716 1
8 86 1 4.85915 1
8 87 1 0.650407 1
8 88 1 0.398356 1
8 89 1 3.03122 1
8 90 1 -1.31285 1
8 91 1 -0.32369 1
8 92 1 3.36037 1
8 93 1 4.84335 1
8 94 1 4.90716 1
8 95 1 0.862079 1
8 17 1 -1.51069 1
9 64 1 -3.3334 1
9 65 1 -3.22635 1
9 66 1 1.56731 1
9 67 1 1.116 1
9 68 1 -0.926022 1
9 69 1 0.412791 1
9 70 1 -4.94492 1
9 71 1 0.0141094 1
9 72 1 3.12329 1
9 73 1 -1.58657 1
9 74 1 0.40802 1
9 75 1 0.141986 1
9 76 1 2.35073 1
9 77 1 -0.548648 1
9 78 1 2.99402 1
9 79 1 1.75672 1
9 80 1 -1.181 1
9 81 1 0.303224 1
9 82 1 -2.94785 1
9 83 1 -0.587986 1
9 84 1 3.79373 1
9 85 1 2.57572 1
9 86 1 -1.12953 1
9 87 1 1.48963 1
9 88 1 -0.175144 1
9 89 1 5.76287 1
9 90 1 -0.78405 1
9 91 1 0.728102 1
9 92 1 -1.02986 1
9 93 1 -0.289113 1
9 94 1 -2.86384 1
9 95 1 1.02325 1
9 103 1 -1.08165 1
9 130 1 -0.39707 1
10 64 1 0.378743 1
10 65 1 -0.411878 1
10 66 1 5.26698 1
10 67 1 -5.5156 1
10 68 1 2.64882 1
10 69 1 -0.471243 1
10 70 1 -0.65933 1
10 71 1 -1.50001 1
10 72 1 3.76411 1
10 73 1 2.8534 1
10 74 1 1.27316 0
10 75 1 0.534426 1
10 76 1 2.08436 1
10 77 1 0.661857 1
10 78 1 -0.586704 1
10 79 1 -4.25688 1
10 80 1 -2.35742 1
10 81 1 3.06844 1
10 82 1 3.33932 1
10 83 1 1.77138 1
10 84 1 3.67002 1
10 85 1 2.84011 1
10 86 1 -2.14295 1
10 87 1 0.0175082 1
10 88 1 3.01459 1
10 89 1 0.213796 1
10 90 1 -0.676291 1
10 91 1 2.88825 1
10 92 1 -0.0748964 1
10 93 1 -1.90259 1
10 94 1 4.03764 1
10 95 1 5.63816 1
10 124 1 1.63082 1
124 74 1 0.277487 1
11 64 1 3.39864 1
11 65 1 1.07329 1
11 66 1 2.69013 1
11 67 1 -1.18538 1
11 68 1 4.75769 1
11 69 1 0.713054 1
11 70 1 2.91184 1
11 71 1 1.15986 1
11 72 1 -2.33257 1
11 73 1 0.840843 1
11 74 1 -1.08149 0
11 75 1 -1.29942 1
11 76 1 -1.50627 1
11 77 1 -0.0597956 1
11 78 1 -1.27958 1
11 79 1 -0.435899 1
11 80 1 -2.40151 1
11 81 1 0.831951 1
11 82 1 4.85538 1
11 83 1 1.1862 1
11 84 1 2.28984 1
11 85 1 -2.10482 1
11 86 1 -4.75121 1
11 87 1 -1.45578 1
11 88 1 -2.86854 1
11 89 1 0.0340148 1
11 90 1 -1.14279 1
11 91 1 -0.127991 1
11 92 1 -2.46606 1
11 93 1 3.29015 1
11 94 1 -1.25821 1
11 95 1 -4.54069 1
11 120 1 -4.24652 1
11 109 1 1.3559 1
120 74 1 -1.17206 1
12 64 1 -0.242727 1
12 65 1 0.224501 1
12 66 1 -2.54108 1
12 67 1 -2.91768 1
12 68 1 0.808617 1
12 69 1 1.45932 1
12 70 1 -1.17716 1
12 71 1 2.0923 1
12 72 1 1.20555 1
12 73 1 -4.73526 1
12 74 1 -4.03488 1
12 75 1 -2.34252 1
12 76 1 0.0874134 1
12 77 1 0.097622 1
12 78 1 -0.00396409 1
12 79 1 -0.432101 1
12 80 1 -0.581156 1
12 81 1 -1.21148 1
12 82 1 2.94915 1
12 83 1 -0.358176 1
12 84 1 0.818254 1
12 85 1 -1.34193 1
12 86 1 0.523562 1
12 87 1 1.05263 1
12 88 1 -2.72025 1
12 89 1 2.70967 1
12 90 1 -0.232603 1
12 91 1 -1.76759 1
12 92 1 1.32591 1
12 93 1 -2.75677 1
12 94 1 1.93346 1
12 95 1 -2.62619 1
12 17 1 -0.11814 1
12 18 1 0.0915318 1
13 64 1 1.01478 1
13 65 1 -4.08345 1
13 66 1 -0.450532 1
13 67 1 1.88993 1
13 68 1 1.80249 1
13 69 1 -2.76111 1
13 70 1 1.09313 1
13 71 1 1.05017 1
13 72 1 0.826191 1
13 73 1 -3.11387 1
13 74 1 -1.48802 1
13 75 1 -1.45936 1
13 76 1 0.532017 1
13 77 1 -2.44318 1
13 78 1 1.42769 1
13 79 1 0.894755 1
13 80 1 1.40757 1
13 81 1 0.570882 1
13 82 1 -0.215543 1
13 83 1 1.21879 1
13 84 1 -2.41731 1
13 85 1 6.46205 1
13 86 1 5.95058 1
13 87 1 6.19068 1
13 88 1 2.52771 1
13 89 1 -0.290889 1
13 90 1 -4.44748 1
13 91 1 -3.4025 1
13 92 1 -1.2462 1
13 93 1 -3.8663 1
13 94 1 0.524153 1
13 95 1 -3.58254 1
14 64 1 -2.01438 1
14 65 1 5.08415 1
14 66 1 0.709479 1
14 67 1 -0.864449 1
14 68 1 -2.08748 1
14 69 1 4.24469 1
14 70 1 -1.97688 1
14 71 1 0.749296 1
14 72 1 1.86088 1
14 73 1 -0.690576 1
14 74 1 0.617162 1
14 75 1 1.61311 1
14 76 1 -0.82946 1
14 77 1 1.77438 1
14 78 1 -2.65521 1
14 79 1 -1.32221 1
14 80 1 -1.49543 1
14 81 1 0.562208 0
14 82 1 6.15537 1
14 83 1 -0.83069 1
14 84 1 0.548616 1
14 85 1 -2.11443 1
14 86 1 1.52277 1
14 87 1 -1.91412 1
14 88 1 -0.641361 1
14 89 1 -0.150795 1
14 90 1 0.829647 1
14 91 1 4.33358 1
14 92 1 2.23775 1
14 93 1 1.13427 1
14 94 1 5.02649 1
14 95 1 0.003599 1
14 104 1 -3.13928 1
14 119 1 1.86914 1
119 81 1 4.93511 1
119 99 1 -1.53018 1
15 64 1 0.487945 1
15 65 1 1.64946 1
15 66 1 -2.78032 1
15 67 1 -1.44348 1
15 68 1 -0.0140242 1
15 69 1 -2.36221 1
15 70 1 6.67676 1
15 71 1 -0.838952 1
15 72 1 -0.676148 1
15 73 1 -0.841352 1
15 74 1 1.84047 1
15 75 1 -1.47777 1
15 76 1 -1.0347 1
15 77 1 1.05567 1
15 78 1 -1.40038 1
15 79 1 -0.213132 1
15 80 1 1.2106 1
15 81 1 0.955186 1
15 82 1 -3.44089 1
15 83 1 -0.427778 1
15 84 1 2.45438 1
15 85 1 -0.767678 1
15 86 1 1.42767 1
15 87 1 -5.04007 1
15 88 1 0.658817 1
15 89 1 2.25029 1
15 90 1 0.259587 1
15 91 1 -4.33964 1
15 92 1 1.59068 1
15 93 1 -1.51539 1
15 94 1 1.2255 1
15 95 1 2.43794 1
15 20 1 1.08891 1
16 64 1 3.00884 1
16 65 1 0.0275624 1
16 66 1 -3.56667 1
16 67 1 -3.80035 1
16 68 1 1.62841 1
16 69 1 0.391093 1
16 70 1 2.28476 1
16 71 1 3.6695 1
16 72 1 -0.618701 1
16 73 1 -2.33903 1
16 74 1 1.20602 1
16 75 1 1.26485 1
16 76 1 -0.0699396 1
16 77 1 1.59834 1
16 78 1 -1.3702 1
16 79 1 -1.07553 1
16 80 1 0.859792 1
16 81 1 3.41307 1
16 82 1 -1.7328 1
16 83 1 2.42808 1
16 84 1 -0.980443 1
16 85 1 -0.621592 1
16 86 1 -1.31324 1
16 87 1 -0.94257 1
16 88 1 0.805293 1
16 89 1 0.894628 1
16 90 1 -0.419705 1
16 91 1 2.92166 1
16 92 1 3.49831 1
16 93 1 -1.58073 1
16 94 1 -1.12078 1
16 95 1 -2.11074 1
16 26 1 -0.865495 1
17 64 1 -3.33412 1
17 65 1 -1.00106 1
17 66 1 -2.51673 1
17 67 1 4.68371 1
17 68 1 -1.5726 1
17 69 1 0.0783169 1
17 70 1 0.493806 1
17 71 1 1.04823 1
17 72 1 -6.36425 0
17 73 1 0.151046 1
17 74 1 3.49949 1
17 75 1 1.32171 1
17 76 1 -0.782694 1
17 77 1 2.75808 1
17 78 1 -0.0294968 1
17 79 1 -3.45797 1
17 80 1 4.63808 1
17 81 1 1.74272 1
17 82 1 -0.73777 1
17 83 1 -1.27824 1
17 84 1 -3.35421 1
17 85 1 2.06054 1
17 86 1 1.34233 1
17 87 1 -2.12219 1
17 88 1 -6.26131 1
17 89 1 2.73417 1
17 90 1 -4.07823 1
17 91 1 5.90108 1
17 92 1 0.208536 1
17 93 1 4.07553 1
17 94 1 2.21162 1
17 95 1 -0.0475738 1
17 146 1 1.61619 1
146 72 1 -6.69864 1
18 64 1 1.89214 1
18 65 1 -0.762635 1
18 66 1 2.07125 1
18 67 1 1.17117 1
18 68 1 -0.370614 1
18 69 1 0.987458 1
18 70 1 1.87502 1
18 71 1 0.713867 1
18 72 1 1.8322 1
18 73 1 -0.810893 1
18 74 1 1.89357 1
18 75 1 0.145933 1
18 76 1 3.59674 1
18 77 1 -0.322736 1
18 78 1 2.95507 1
18 79 1 0.245415 1
18 80 1 -4.74073 1
18 81 1 2.19119 1
18 82 1 -3.30236 1
18 83 1 3.05657 1
18 84 1 -1.66917 1
18 85 1 0.538207 1
18 86 1 5.03464 1
18 87 1 -1.32348 1
18 88 1 0.705927 1
18 89 1 -3.00944 1
18 90 1 1.11447 1
18 91 1 2.40473 1
18 92 1 -2.86313 1
18 93 1 0.834199 1
18 94 1 -1.11272 1
18 95 1 0.0877558 1
18 25 1 -0.0804915 1
18 18 1 0.20464 1
18 139 1 -0.279052 1
19 64 1 4.12689 1
19 65 1 -2.41488 1
19 66 1 3.05291 1
19 67 1 -0.69193 1
19 68 1 -3.35279 1
19 69 1 1.57024 1
19 70 1 -0.948752 1
19 71 1 -2.57206 1
19 72 1 3.54176 1
19 73 1 1.39882 1
19 74 1 -0.382426 1
19 75 1 1.6256 1
19 76 1 -2.81307 1
19 77 1 -2.54084 1
19 78 1 -4.0299 1
19 79 1 2.39249 1
19 80 1 0.576303 1
19 81 1 -3.70875 1
19 82 1 0.434025 1
19 83 1 -4.28279 1
19 84 1 0.55246 1
19 85 1 0.785453 1
19 86 1 1.05976 1
19 87 1 2.42137 1
19 88 1 0.705726 1
19 89 1 4.49998 1
19 90 1 -0.150736 1
19 91 1 -0.411385 1
19 92 1 -0.318515 1
19 93 1 -3.3016 1
19 94 1 -1.1839 1
19 95 1 -6.02419 1
20 64 1 1.32493 1
20 65 1 -1.11673 1
20 66 1 -1.49295 1
20 67 1 0.827877 1
20 68 1 -0.605832 1
20 69 1 -1.12925 1
20 70 1 -3.1992 1
20 71 1 2.75925 1
20 72 1 1.79391 1
20 73 1 2.4699 1
20 74 1 3.40328 1
20 75 1 4.12855 1
20 76 1 0.573725 1
20 77 1 -0.0423578 1
20 78 1 2.83741 1
20 79 1 1.96157 1
20 80 1 0.527695 1
20 81 1 0.545811 1
20 82 1 2.84275 1
20 83 1 0.804067 1
20 84 1 0.689797 1
20 85 1 -3.87709 1
20 86 1 0.327662 1
20 87 1 -0.813679 1
20 88 1 1.7703 1
20 89 1 1.41494 1
20 90 1 2.97441 1
20 91 1 0.842259 0
20 92 1 -0.389838 1
20 93 1 0.199372 0
20 94 1 3.29432 0
20 95 1 -0.818034 1
20 96 1 -3.25493 1
20 98 1 -0.440516 1
20 103 1 0.61486 1
20 109 1 0.506538 1
103 91 1 0.293677 0
103 105 1 1.51757 1
103 112 1 -0.899981 0
103 123 1 0.293922 1
103 140 1 -1.71984 1
140 112 1 1.54908 1
123 91 1 0.6023 1
123 113 1 0.395739 0
123 136 1 1.18504 1
123 137 1 -1.02606 1
136 113 1 -1.6928 1
105 91 1 2.19369 0
105 129 1 -0.860642 1
129 91 1 -0.34371 0
129 135 1 1.73784 1
129 116 1 -0.228689 1
135 91 1 0.0119721 1
98 93 1 0.111678 1
98 99 1 4.53175 1
98 15 1 0.393928 1
96 94 1 2.50018 1
96 20 1 -1.29663 1
21 64 1 1.66337 1
21 65 1 5.42906 1
21 66 1 -3.97692 1
21 67 1 -3.9708 1
21 68 1 -1.75612 1
21 69 1 2.05386 1
21 70 1 -1.18499 1
21 71 1 -3.14679 1
21 72 1 -7.0956 1
21 73 1 -0.301774 1
21 74 1 -1.26875 1
21 75 1 2.24389 1
21 76 1 -0.845077 1
21 77 1 0.0525726 1
21 78 1 -1.24846 1
21 79 1 -1.2396 1
21 80 1 2.28034 1
21 81 1 -1.03358 1
21 82 1 -1.9513 1
21 83 1 0.406551 1
21 84 1 3.80017 1
21 85 1 -1.33164 1
21 86 1 2.51558 1
21 87 1 -1.00791 1
21 88 1 3.0169 1
21 89 1 0.466792 1
21 90 1 -1.54176 1
21 91 1 0.481205 0
21 92 1 1.09406 1
21 93 1 -0.311204 1
21 94 1 -4.91688 1
21 95 1 -0.610175 1
21 143 1 2.01517 1
143 91 1 -0.521644 1
22 64 1 1.87004 1
22 65 1 1.74203 1
22 66 1 -0.108158 1
22 67 1 4.40885 1
22 68 1 -0.289918 1
22 69 1 -1.79239 1
22 70 1 -1.64009 1
22 71 1 1.46819 1
22 72 1 -3.15382 1
22 73 1 -0.588436 1
22 74 1 -2.77372 1
22 75 1 -1.35141 1
22 76 1 1.11841 1
22 77 1 0.00663873 1
22 78 1 4.08524 1
22 79 1 6.27665 1
22 80 1 -1.09559 1
22 81 1 -1.83967 1
22 82 1 -0.302569 1
22 83 1 -2.22527 1
22 84 1 -1.45871 1
22 85 1 0.761837 1
22 86 1 0.326859 1
22 87 1 4.54006 1
22 88 1 -2.05828 1
22 89 1 -1.03153 1
22 90 1 1.37568 1
22 91 1 0.417896 1
22 92 1 1.12466 1
22 93 1 1.81981 1
22 94 1 4.20952 1
22 95 1 3.21215 1
23 64 1 -2.14941 1
23 65 1 1.96076 1
23 66 1 0.101723 1
23 67 1 2.34638 1
23 68 1 -2.88427 1
23 69 1 2.64891 1
23 70 1 4.53497 1
23 71 1 -3.56329 1
23 72 1 0.963511 1
23 73 1 0.505913 1
23 74 1 1.99976 1
23 75 1 0.48953 1
23 76 1 3.67105 1
23 77 1 2.81434 1
23 78 1 -0.161402 1
23 79 1 -4.47626 1
23 80 1 0.588614 1
23 81 1 0.589319 1
23 82 1 -1.99307 1
23 83 1 1.16898 1
23 84 1 4.9288 1
23 85 1 -2.09976 1
23 86 1 -8.41454 1
23 87 1 0.339005 1
23 88 1 2.19442 1
23 89 1 -0.344479 1
23 90 1 -2.07754 1
23 91 1 -1.72921 1
23 92 1 0.659872 1
23 93 1 1.84845 1
23 94 1 -1.93266 1
23 95 1 -0.692466 1
23 107 1 0.72769 1
23 27 1 0.541975 1
24 64 1 -1.34984 1
24 65 1 2.91994 1
24 66 1 -0.585183 1
24 67 1 5.62142 1
24 68 1 -4.6125 1
24 69 1 3.38824 1
24 70 1 -0.309952 1
24 71 1 3.69793 1
24 72 1 1.20744 1
24 73 1 1.23012 1
24 74 1 0.442537 1
24 75 1 0.524811 1
24 76 1 -0.125762 1
24 77 1 0.338302 1
24 78 1 -4.13825 1
24 79 1 -1.02633 1
24 80 1 4.00499 1
24 81 1 0.89105 1
24 82 1 1.4048 1
24 83 1 -4.39287 1
24 84 1 -3.17673 1
24 85 1 -0.516495 1
24 86 1 -3.3931 1
24 87 1 2.10318 1
24 88 1 -2.42018 1
24 89 1 6.75484 1
24 90 1 3.63386 1
24 91 1 -3.08365 1
24 92 1 0.243351 1
24 93 1 -0.657981 1
24 94 1 -0.00901283 1
24 95 1 -0.32062 1
24 5 1 1.25216 1
25 64 1 1.13919 1
25 65 1 1.9203 1
25 66 1 0.26268 1
25 67 1 -1.07389 1
25 68 1 3.23241 1
25 69 1 -4.33187 1
25 70 1 0.764538 0
25 71 1 -3.46767 1
25 72 1 2.39067 1
25 73 1 0.219408 1
25 74 1 2.27657 1
25 75 1 -0.889806 1
25 76 1 -0.871125 1
25 77 1 0.204305 1
25 78 1 2.22421 1
25 79 1 -0.00211933 1
25 80 1 -0.912821 1
25 81 1 -3.75973 1
25 82 1 -0.768066 1
25 83 1 4.01517 1
25 84 1 -2.33972 1
25 85 1 -1.28935 1
25 86 1 1.28199 1
25 87 1 1.36239 1
25 88 1 0.561404 1
25 89 1 2.24076 1
25 90 1 -2.63929 1
25 91 1 1.45449 1
25 92 1 2.17396 1
25 93 1 -1.04248 1
25 94 1 0.294222 1
25 95 1 -3.3795 1
25 8 1 0.607846 1
25 6 1 -2.04834 1
25 121 1 -1.76747 1
121 70 1 6.02787 1
26 64 1 -3.13423 1
26 65 1 2.33307 1
26 66 1 0.625504 1
26 67 1 1.52583 1
26 68 1 1.17475 1
26 69 1 2.54171 1
26 70 1 -2.04843 1
26 71 1 0.59151 1
26 72 1 -2.75194 1
26 73 1 0.817854 1
26 74 1 -4.32423 1
26 75 1 2.1419 1
26 76 1 -0.12286 1
26 77 1 -3.61216 1
26 78 1 3.67263 1
26 79 1 -1.31451 1
26 80 1 0.0507821 1
26 81 1 3.24203 1
26 82 1 0.68917 1
26 83 1 1.56185 1
26 84 1 -4.40204 1
26 85 1 1.20444 1
26 86 1 -4.21401 1
26 87 1 1.78259 1
26 88 1 -3.82332 1
26 89 1 0.192751 1
26 90 1 -1.66257 1
26 91 1 -3.69694 1
26 92 1 -1.24274 1
26 93 1 1.53135 1
26 94 1 1.89395 1
26 95 1 -1.27697 1
26 23 1 3.62123 1
26 15 1 3.32418 1
27 64 1 -3.75007 1
27 65 1 3.09595 1
27 66 1 2.85953 1
27 67 1 -2.33207 1
27 68 1 0.520215 1
27 69 1 1.44621 1
27 70 1 4.29799 1
27 71 1 -5.87322 1
27 72 1 -0.707235 1
27 73 1 1.18388 1
27 74 1 -2.07683 1
27 75 1 1.55899 1
27 76 1 -2.08403 1
27 77 1 -1.26783 1
27 78 1 -0.641756 1
27 79 1 0.687332 1
27 80 1 -1.91491 1
27 81 1 -1.24155 1
27 82 1 0.999637 1
27 83 1 1.65665 1
27 84 1 1.19767 1
27 85 1 1.34702 1
27 86 1 -1.73906 1
27 87 1 1.51171 1
27 88 1 -3.85445 1
27 89 1 -4.66567 1
27 90 1 4.02002 1
27 91 1 -1.37285 1
27 92 1 -0.906687 1
27 93 1 -1.12791 1
27 94 1 3.02828 1
27 95 1 -2.57108 1
27 9 1 0.655603 1
27 5 1 -1.74357 1
28 64 1 3.28241 1
28 65 1 0.494111 1
28 66 1 -2.77431 1
28 67 1 4.2824 1
28 68 1 2.58736 1
28 69 1 1.44936 1
28 70 1 -1.06354 1
28 71 1 -1.8517 1
28 72 1 -6.57491 1
28 73 1 2.02438 1
28 74 1 -0.396739 1
28 75 1 0.457946 1
28 76 1 0.263359 1
28 77 1 1.21986 1
28 78 1 -2.31831 1
28 79 1 0.703342 1
28 80 1 2.85622 1
28 81 1 -1.08877 1
28 82 1 3.07169 1
28 83 1 3.68938 1
28 84 1 2.50591 1
28 85 1 -7.90834 1
28 86 1 -2.96587 1
28 87 1 -3.03704 1
28 88 1 -4.47209 1
28 89 1 0.561529 1
28 90 1 -3.64525 1
28 91 1 -0.992971 1
28 92 1 1.72699 1
28 93 1 -3.14052 1
28 94 1 3.87027 1
28 95 1 -3.41573 1
29 64 1 -0.040192 1
29 65 1 -3.13326 1
29 66 1 -0.503655 1
29 67 1 2.04454 1
29 68 1 -8.0624 1
29 69 1 1.56987 1
29 70 1 -0.558882 1
29 71 1 -1.65978 1
29 72 1 0.361556 1
29 73 1 -1.50197 1
29 74 1 0.0704587 1
29 75 1 0.0739386 1
29 76 1 0.16651 1
29 77 1 2.23858 1
29 78 1 -4.9289 1
29 79 1 -2.55338 1
29 80 1 2.29936 1
29 81 1 -0.0746347 1
29 82 1 1.02646 1
29 83 1 -1.28962 1
29 84 1 1.24611 1
29 85 1 -0.0278459 1
29 86 1 -2.10522 1
29 87 1 -4.55301 1
29 88 1 -0.820178 1
29 89 1 -2.19009 1
29 90 1 -0.390197 1
29 91 1 1.08244 1
29 92 1 0.335154 1
29 93 1 1.22853 1
29 94 1 -1.40453 1
29 95 1 -0.122342 1
29 113 1 0.671244 1
30 64 1 -0.185626 1
30 65 1 1.6626 1
30 66 1 3.43523 1
30 67 1 1.78763 1
30 68 1 1.50763 1
30 69 1 3.15355 1
30 70 1 1.71583 1
30 71 1 -2.81529 1
30 72 1 -0.283055 1
30 73 1 3.7062 1
30 74 1 -0.634164 1
30 75 1 3.59006 1
30 76 1 2.69437 1
30 77 1 -0.559131 1
30 78 1 1.9767 1
30 79 1 3.13145 1
30 80 1 -0.302034 1
30 81 1 -2.81367 1
30 82 1 3.50829 1
30 83 1 4.31955 1
30 84 1 1.55547 1
30 85 1 -2.17161 1
30 86 1 -2.0151 1
30 87 1 -3.2521 1
30 88 1 1.72071 1
30 89 1 -0.567143 1
30 90 1 1.71236 1
30 91 1 5.55727 1
30 92 1 -2.04778 1
30 93 1 2.12416 1
30 94 1 3.03999 1
30 95 1 -0.800083 1
31 64 1 2.63977 1
31 65 1 -0.246381 1
31 66 1 -2.35847 1
31 67 1 4.52319 1
31 68 1 3.30325 1
31 69 1 2.15563 1
31 70 1 -4.52441 1
31 71 1 1.67637 1
31 72 1 -2.97344 1
31 73 1 -2.2866 1
31 74 1 1.07592 1
31 75 1 1.01546 1
31 76 1 0.832375 1
31 77 1 0.420191 1
31 78 1 -3.29496 1
31 79 1 0.96232 1
31 80 1 -0.127451 1
31 81 1 -1.84522 1
31 82 1 -0.377221 1
31 83 1 -1.51882 1
31 84 1 -1.90361 1
31 85 1 -2.73357 1
31 86 1 0.427276 1
31 87 1 -2.42541 0
31 88 1 3.23347 1
31 89 1 -0.991061 1
31 90 1 1.9201 1
31 91 1 -1.7775 1
31 92 1 -0.461859 1
31 93 1 1.88403 1
31 94 1 0.951217 1
31 95 1 -1.33592 1
31 122 1 2.25041 1
122 87 1 0.814601 1
32 64 1 7.37585 1
32 65 1 2.0049 1
32 66 1 -3.06633 1
32 67 1 2.16777 1
32 68 1 0.365515 1
32 69 1 1.48087 1
32 70 1 -0.767268 1
32 71 1 1.5739 1
32 72 1 -3.3908 1
32 73 1 0.956472 1
32 74 1 -1.73813 1
32 75 1 3.7088 1
32 76 1 -1.6513 1
32 77 1 2.4334 1
32 78 1 -0.180615 1
32 79 1 1.64979 1
32 80 1 0.0034564 1
32 81 1 -1.91762 1
32 82 1 -1.90438 1
32 83 1 -3.16138 1
32 84 1 1.57203 1
32 85 1 -3.10594 1
32 86 1 0.391766 1
32 87 1 -0.752027 1
32 88 1 -0.840161 1
32 89 1 -2.88937 1
32 90 1 1.43345 1
32 91 1 -2.61164 1
32 92 1 0.667935 1
32 93 1 0.579155 1
32 94 1 -0.315562 1
32 95 1 -2.44043 1
33 64 1 2.64586 1
33 65 1 -5.5176 1
33 66 1 -0.654995 1
33 67 1 -2.92366 1
33 68 1 -0.192262 1
33 69 1 -1.71072 1
33 70 1 3.45576 1
33 71 1 5.34495 1
33 72 1 0.786206 1
33 73 1 3.8758 1
33 74 1 2.76359 1
33 75 1 -5.14005 1
33 76 1 -1.08781 1
33 77 1 2.62034 1
33 78 1 -2.47581 1
33 79 1 -2.62744 1
33 80 1 1.81422 1
33 81 1 -2.01984 1
33 82 1 0.621736 1
33 83 1 1.66894 1
33 84 1 1.57084 1
33 85 1 0.0120709 1
33 86 1 0.46411 1
33 87 1 1.74965 1
33 88 1 2.07317 1
33 89 1 4.02982 1
33 90 1 -2.6554 1
33 91 1 1.22387 1
33 92 1 2.41992 1
33 93 1 1.89047 1
33 94 1 0.664885 1
33 95 1 0.254222 1
33 20 1 -1.92832 1
33 107 1 1.16612 1
33 13 1 -0.247532 1
34 64 1 0.0218369 1
34 65 1 -1.26628 1
34 66 1 1.20908 1
34 67 1 1.62988 1
34 68 1 0.695226 1
34 69 1 -0.0423282 1
34 70 1 -1.46651 1
34 71 1 -0.716572 1
34 72 1 -1.712 1
34 73 1 -3.137 1
34 74 1 1.14244 1
34 75 1 4.92521 1
34 76 1 -1.11438 1
34 77 1 -0.435706 1
34 78 1 -0.388249 1
34 79 1 1.6685 1
34 80 1 2.84515 1
34 81 1 -0.465339 1
34 82 1 -1.11007 1
34 83 1 0.943262 1
34 84 1 0.220259 1
34 85 1 -0.239122 1
34 86 1 -0.594593 1
34 87 1 -0.848105 1
34 88 1 1.06342 1
34 89 1 -1.41967 1
34 90 1 -4.68385 1
34 91 1 2.21784 1
34 92 1 0.407992 1
34 93 1 -2.64615 1
34 94 1 2.11277 1
34 95 1 1.91134 1
34 113 1 -0.72201 1
35 64 1 -0.405657 1
35 65 1 -1.20539 1
35 66 1 0.30256 1
35 67 1 1.90563 1
35 68 1 0.330012 1
35 69 1 4.6218 1
35 70 1 2.48349 1
35 71 1 2.33856 1
35 72 1 3.16021 1
35 73 1 7.03157 1
35 74 1 2.26883 1
35 75 1 -0.783078 1
35 76 1 -3.20584 1
35 77 1 1.19269 1
35 78 1 -1.38463 1
35 79 1 1.36157 1
35 80 1 -8.18146 1
35 81 1 -1.97784 1
35 82 1 1.91213 0
35 83 1 0.0582412 1
35 84 1 3.40522 1
35 85 1 -4.59477 1
35 86 1 -2.07383 1
35 87 1 -2.4773 1
35 88 1 -0.357877 1
35 89 1 0.298226 0
35 90 1 -1.09491 1
35 91 1 -1.16473 1
35 92 1 -3.26813 1
35 93 1 -1.15487 1
35 94 1 -2.46933 1
35 95 1 0.344848 1
35 130 1 -0.00119824 1
35 133 1 3.86985 1
133 82 1 2.1581 1
130 89 1 2.06617 1
36 64 1 0.08638 1
36 65 1 1.49653 1
36 66 1 0.655012 1
36 67 1 0.359223 1
36 68 1 -5.00589 1
36 69 1 -2.8099 1
36 70 1 -0.131885 1
36 71 1 1.84383 1
36 72 1 -0.438222 1
36 73 1 -1.14191 1
36 74 1 -0.713809 1
36 75 1 1.0445 1
36 76 1 1.81997 1
36 77 1 -4.99087 1
36 78 1 -0.508303 1
36 79 1 2.19479 1
36 80 1 1.35754 1
36 81 1 -1.50776 1
36 82 1 -2.30116 0
36 83 1 0.997653 1
36 84 1 1.50466 1
36 85 1 -3.33339 1
36 86 1 1.38133 1
36 87 1 -0.682794 1
36 88 1 0.518759 1
36 89 1 1.00803 1
36 90 1 -2.65538 1
36 91 1 1.05896 1
36 92 1 3.95959 1
36 93 1 1.05881 1
36 94 1 -3.37982 1
36 95 1 5.76662 1
36 109 1 0.975523 0
36 24 1 -0.737986 1
36 117 1 1.43358 1
117 109 1 0.327129 1
109 82 1 2.17803 1
109 31 1 -0.992737 1
37 64 1 -4.02174 1
37 65 1 1.89378 1
37 66 1 -2.03739 1
37 67 1 -0.178801 1
37 68 1 -4.54933 1
37 69 1 1.07544 1
37 70 1 -3.40565 1
37 71 1 -0.534476 1
37 72 1 2.09739 1
37 73 1 2.32556 1
37 74 1 -0.236571 1
37 75 1 1.03835 1
37 76 1 3.46716 0
37 77 1 3.01971 1
37 78 1 -0.542501 1
37 79 1 0.295402 1
37 80 1 3.13632 1
37 81 1 -0.732954 1
37 82 1 4.58652 1
37 83 1 2.07441 1
37 84 1 -4.4297 1
37 85 1 1.84392 1
37 86 1 -1.22385 1
37 87 1 2.35254 1
37 88 1 -2.61634 1
37 89 1 -0.728212 1
37 90 1 0.100518 1
37 91 1 1.71049 1
37 92 1 3.23805 1
37 93 1 0.207258 1
37 94 1 -2.64991 1
37 95 1 -0.827791 1
37 142 1 1.47918 1
142 76 1 -0.888488 1
142 147 1 -1.22295 1
38 64 1 0.0335733 1
38 65 1 -1.85203 1
38 66 1 -1.27488 1
38 67 1 0.0242611 1
38 68 1 -2.70958 1
38 69 1 -5.03217 1
38 70 1 -0.380156 1
38 71 1 -0.826121 1
38 72 1 -1.2499 1
38 73 1 -0.353612 1
38 74 1 -1.35174 1
38 75 1 2.35993 1
38 76 1 2.88895 1
38 77 1 -1.16784 1
38 78 1 -1.7137 1
38 79 1 -1.62124 1
38 80 1 -5.16893 1
38 81 1 -1.8473 1
38 82 1 3.6874 1
38 83 1 -1.01782 1
38 84 1 -3.08145 1
38 85 1 -3.39503 1
38 86 1 -0.245457 1
38 87 1 -0.446375 1
38 88 1 1.0524 1
38 89 1 3.91279 1
38 90 1 -0.0217341 1
38 91 1 1.98272 1
38 92 1 1.43231 0
38 93 1 -1.9553 1
38 94 1 1.19742 1
38 95 1 -2.99661 1
38 148 1 0.845016 1
148 92 1 2.43179 1
39 64 1 0.632386 1
39 65 1 -2.3249 1
39 66 1 2.86921 1
39 67 1 -0.347259 1
39 68 1 1.45926 1
39 69 1 0.0173122 1
39 70 1 2.29499 1
39 71 1 -1.0719 1
39 72 1 -2.36819 1
39 73 1 -2.59351 1
39 74 1 1.52374 1
39 75 1 2.17695 0
39 76 1 3.3572 1
39 77 1 -0.165255 1
39 78 1 -2.43654 1
39 79 1 -2.69249 1
39 80 1 1.98901 1
39 81 1 -3.16962 1
39 82 1 0.11587 1
39 83 1 0.445045 1
39 84 1 -1.98174 1
39 85 1 0.224344 1
39 86 1 1.66094 1
39 87 1 1.13546 1
39 88 1 -2.7058 1
39 89 1 -0.0370818 1
39 90 1 3.80467 1
39 91 1 -1.44557 1
39 92 1 4.59552 1
39 93 1 0.430239 1
39 94 1 -3.74546 1
39 95 1 -0.565234 1
39 2 1 -4.23827 1
39 112 1 3.29054 1
39 13 1 0.161346 1
39 104 1 -0.751052 1
112 75 1 -1.89092 1
112 138 1 -1.37258 1
40 64 1 -5.81393 1
40 65 1 -1.29481 1
40 66 1 2.02164 1
40 67 1 0.999749 1
40 68 1 2.26719 1
40 69 1 1.22481 1
40 70 1 -0.581965 1
40 71 1 0.455619 1
40 72 1 4.06812 1
40 73 1 1.70903 1
40 74 1 -0.985424 1
40 75 1 0.52932 1
40 76 1 -0.898947 1
40 77 1 3.52077 1
40 78 1 1.66471 1
40 79 1 -1.52686 1
40 80 1 -0.412539 1
40 81 1 0.640549 1
40 82 1 0.510171 1
40 83 1 -2.25982 1
40 84 1 0.309296 1
40 85 1 3.03863 1
40 86 1 1.57582 1
40 87 1 1.56322 1
40 88 1 1.22516 1
40 89 1 -0.289096 1
40 90 1 -1.37223 1
40 91 1 -0.934906 1
40 92 1 -1.46706 1
40 93 1 2.88575 1
40 94 1 1.42148 1
40 95 1 2.30121 1
40 2 1 -1.05839 1
40 134 1 0.976743 1
41 64 1 4.69486 1
41 65 1 -0.319646 1
41 66 1 0.102242 1
41 67 1 -0.543689 1
41 68 1 2.52108 1
41 69 1 -0.529571 1
41 70 1 1.49566 1
41 71 1 0.207949 1
41 72 1 4.29571 1
41 73 1 -5.16674 1
41 74 1 -0.601778 1
41 75 1 1.85364 1
41 76 1 -2.75144 1
41 77 1 -0.0911225 1
41 78 1 -3.26913 1
41 79 1 0.956029 1
41 80 1 0.241616 1
41 81 1 3.73793 1
41 82 1 -2.45057 1
41 83 1 0.991676 1
41 84 1 -2.65445 1
41 85 1 0.0656858 1
41 86 1 0.476139 1
41 87 1 1.37711 1
41 88 1 3.11213 1
41 89 1 -2.45075 1
41 90 1 -2.92441 1
41 91 1 -0.738646 1
41 92 1 0.0449464 1
41 93 1 -0.474359 1
41 94 1 0.235509 1
41 95 1 0.408832 1
41 11 1 2.91139 1
41 29 1 -0.977326 1
42 64 1 1.79425 1
42 65 1 0.754967 1
42 66 1 0.501094 1
42 67 1 -0.455326 1
42 68 1 -1.3888 1
42 69 1 -1.6636 1
42 70 1 -2.16386 1
42 71 1 -0.710462 1
42 72 1 -0.219172 1
42 73 1 -2.93402 1
42 74 1 1.72732 1
42 75 1 -0.431599 1
42 76 1 -2.49951 1
42 77 1 -0.543376 1
42 78 1 -1.80868 1
42 79 1 0.81154 1
42 80 1 -0.801693 1
42 81 1 1.79747 1
42 82 1 1.79467 1
42 83 1 3.02322 1
42 84 1 1.93683 1
42 85 1 0.209489 1
42 86 1 0.991581 1
42 87 1 -2.65101 1
42 88 1 -1.37381 1
42 89 1 -0.704894 1
42 90 1 0.886851 1
42 91 1 2.31598 1
42 92 1 -1.63294 1
42 93 1 2.60035 1
42 94 1 -1.55226 1
42 95 1 1.28827 1
43 64 1 2.98731 1
43 65 1 -3.15085 1
43 66 1 1.47303 1
43 67 1 2.0243 1
43 68 1 0.364509 1
43 69 1 -0.583339 1
43 70 1 0.343633 1
43 71 1 -3.58034 1
43 72 1 -0.624753 1
43 73 1 -7.65822 1
43 74 1 3.06456 1
43 75 1 -1.66568 1
43 76 1 1.07615 1
43 77 1 0.958941 1
43 78 1 -0.200379 1
43 79 1 -2.43576 1
43 80 1 -1.2577 1
43 81 1 2.75575 1
43 82 1 1.30641 1
43 83 1 -2.13779 1
43 84 1 0.934632 1
43 85 1 3.59282 1
43 86 1 1.01687 1
43 87 1 3.91521 1
43 88 1 -0.659272 1
43 89 1 3.89318 1
43 90 1 0.323781 1
43 91 1 -5.46696 1
43 92 1 3.48549 1
43 93 1 2.73853 1
43 94 1 -5.65882 1
43 95 1 2.3215 1
44 64 1 1.30747 1
44 65 1 -2.64148 1
44 66 1 0.643005 1
44 67 1 -1.88654 1
44 68 1 -1.66528 1
44 69 1 -1.04355 1
44 70 1 1.73404 1
44 71 1 1.23305 1
44 72 1 -3.04519 1
44 73 1 0.612977 1
44 74 1 -1.48338 1
44 75 1 -3.05692 1
44 76 1 0.335627 1
44 77 1 1.56262 1
44 78 1 1.49519 1
44 79 1 1.2217 1
44 80 1 6.01683 1
44 81 1 -1.44799 1
44 82 1 2.01362 1
44 83 1 -2.54239 1
44 84 1 0.371839 1
44 85 1 -0.512039 1
44 86 1 1.12334 1
44 87 1 -0.0175412 1
44 88 1 0.746184 1
44 89 1 0.963361 1
44 90 1 -0.620134 1
44 91 1 -0.749445 1
44 92 1 -0.151144 1
44 93 1 3.49337 1
44 94 1 -1.63496 1
44 95 1 -0.755492 1
44 8 1 -0.0811242 1
44 29 1 1.12042 1
45 64 1 -0.783784 1
45 65 1 3.39398 1
45 66 1 -1.33881 1
45 67 1 0.83246 1
45 68 1 -1.98369 1
45 69 1 -6.73797 1
45 70 1 -4.81279 1
45 71 1 -0.035155 1
45 72 1 -4.59218 1
45 73 1 2.99996 1
45 74 1 2.00421 1
45 75 1 4.00494 1
45 76 1 -0.325075 1
45 77 1 0.685409 1
45 78 1 -3.28305 1
45 79 1 2.38549 1
45 80 1 -2.33394 1
45 81 1 0.371046 1
45 82 1 -1.08919 1
45 83 1 -2.53294 1
45 84 1 2.57858 1
45 85 1 -3.17611 1
45 86 1 1.84864 1
45 87 1 0.349331 1
45 88 1 0.226018 1
45 89 1 -3.42049 1
45 90 1 0.722998 1
45 91 1 3.46949 1
45 92 1 -3.22086 1
45 93 1 -5.61273 1
45 94 1 2.31359 1
45 95 1 -2.81659 1
45 9 1 3.20167 1
45 20 1 0.181033 1
46 64 1 -0.392949 1
46 65 1 -0.062225 1
46 66 1 2.62248 1
46 67 1 1.55565 1
46 68 1 -6.10353 1
46 69 1 -1.39526 1
46 70 1 0.517905 1
46 71 1 -1.0776 1
46 72 1 2.95862 1
46 73 1 -2.74396 1
46 74 1 -2.02179 1
46 75 1 3.02399 1
46 76 1 -4.80717 1
46 77 1 2.33482 1
46 78 1 -1.13712 1
46 79 1 -0.557362 1
46 80 1 3.90229 1
46 81 1 0.300674 1
46 82 1 -1.07689 1
46 83 1 1.72046 1
46 84 1 -0.689129 1
46 85 1 2.03029 1
46 86 1 -1.28195 1
46 87 1 2.47474 1
46 88 1 -2.48497 1
46 89 1 -3.97815 1
46 90 1 -3.18668 1
46 91 1 0.792704 1
46 92 1 0.137885 1
46 93 1 -2.51765 1
46 94 1 0.0335314 1
46 95 1 -0.666916 1
46 24 1 1.64436 1
47 64 1 -0.261916 1
47 65 1 0.568739 1
47 66 1 -3.48472 1
47 67 1 5.17117 1
47 68 1 -1.3991 1
47 69 1 2.52612 1
47 70 1 -1.61805 1
47 71 1 0.970884 1
47 72 1 0.966331 1
47 73 1 4.60683 0
47 74 1 -0.492597 1
47 75 1 -1.49431 1
47 76 1 -2.04309 1
47 77 1 -6.89096 1
47 78 1 -1.7926 1
47 79 1 1.88714 1
47 80 1 3.25082 1
47 81 1 -6.28204 1
47 82 1 0.745939 1
47 83 1 -0.0856603 1
47 84 1 -3.31692 1
47 85 1 0.648791 1
47 86 1 -2.9566 1
47 87 1 4.61927 1
47 88 1 0.942858 1
47 89 1 0.608209 1
47 90 1 6.19625 1
47 91 1 1.24859 1
47 92 1 -1.17692 1
47 93 1 0.463264 1
47 94 1 0.613828 1
47 95 1 -1.38806 1
47 4 1 0.836777 1
47 137 1 0.797563 1
137 73 1 4.69804 1
48 64 1 0.121564 1
48 65 1 0.496878 1
48 66 1 0.454556 1
48 67 1 -1.0179 1
48 68 1 -4.44367 1
48 69 1 -4.59045 1
48 70 1 0.517493 1
48 71 1 0.949713 1
48 72 1 -2.9793 1
48 73 1 2.13937 1
48 74 1 5.25911 1
48 75 1 -5.36875 1
48 76 1 1.80732 1
48 77 1 -2.93177 1
48 78 1 -0.34274 1
48 79 1 1.73593 1
48 80 1 -0.596302 1
48 81 1 -1.7273 1
48 82 1 0.377159 1
48 83 1 0.113713 1
48 84 1 1.35875 1
48 85 1 1.54044 1
48 86 1 -2.38778 1
48 87 1 -1.29392 1
48 88 1 -2.0345 1
48 89 1 -0.426381 1
48 90 1 2.23337 1
48 91 1 1.49228 1
48 92 1 -5.79637 1
48 93 1 0.721635 1
48 94 1 3.52325 1
48 95 1 3.53844 1
48 16 1 1.08629 1
48 12 1 -0.876507 1
48 14 1 -2.46871 1
49 64 1 1.19293 1
49 65 1 -0.885278 1
49 66 1 -0.663995 1
49 67 1 -0.980001 1
49 68 1 -1.84553 1
49 69 1 0.657711 1
49 70 1 0.506471 1
49 71 1 -3.83692 1
49 72 1 0.0180353 1
49 73 1 0.139259 1
49 74 1 3.01853 1
49 75 1 1.74444 1
49 76 1 -5.79696 1
49 77 1 -2.72505 1
49 78 1 -2.00173 1
49 79 1 1.49524 1
49 80 1 5.16273 1
49 81 1 -3.95263 1
49 82 1 1.62114 1
49 83 1 -1.53905 1
49 84 1 2.98357 1
49 85 1 -3.05682 1
49 86 1 0.390068 1
49 87 1 -0.765367 1
49 88 1 -1.21946 1
49 89 1 0.169793 1
49 90 1 -1.46672 1
49 91 1 0.432253 1
49 92 1 1.97152 1
49 93 1 -0.757798 1
49 94 1 1.36343 1
49 95 1 2.98561 1
49 19 1 -2.06674 1
49 31 1 -0.631795 1
49 15 1 -0.47267 1
50 64 1 -4.17451 1
50 65 1 -2.63033 1
50 66 1 1.66962 1
50 67 1 -1.16526 1
50 68 1 1.48166 1
50 69 1 -1.3498 1
50 70 1 0.116855 1
50 71 1 5.78418 1
50 72 1 -2.0115 1
50 73 1 4.76231 1
50 74 1 -1.0455 1
50 75 1 0.685641 1
50 76 1 -1.4912 1
50 77 1 0.598484 1
50 78 1 3.60385 1
50 79 1 -2.05343 1
50 80 1 1.05428 1
50 81 1 0.638462 1
50 82 1 -0.338765 1
50 83 1 2.69305 1
50 84 1 -1.25809 1
50 85 1 -0.324315 1
50 86 1 1.23111 1
50 87 1 -2.59142 1
50 88 1 -4.13745 1
50 89 1 0.977762 1
50 90 1 0.247802 1
50 91 1 -0.484077 1
50 92 1 0.0486151 1
50 93 1 -0.0532129 1
50 94 1 -3.15155 1
50 95 1 1.0371 1
50 4 1 5.65772 1
50 22 1 -2.0455 1
51 64 1 -0.938686 1
51 65 1 3.10025 1
51 66 1 1.96068 1
51 67 1 -1.08169 1
51 68 1 -0.0356637 1
51 69 1 -1.62416 1
51 70 1 3.18137 1
51 71 1 3.15461 1
51 72 1 -3.50654 1
51 73 1 -2.19242 0
51 74 1 -2.49149 1
51 75 1 6.49079 1
51 76 1 -2.44428 1
51 77 1 1.74567 1
51 78 1 3.6875 1
51 79 1 1.28025 1
51 80 1 0.752181 1
51 81 1 -3.36744 1
51 82 1 1.39449 1
51 83 1 4.70405 1
51 84 1 -2.2201 1
51 85 1 -2.37948 1
51 86 1 -0.780323 1
51 87 1 0.896953 1
51 88 1 1.05324 1
51 89 1 0.886763 1
51 90 1 2.64181 1
51 91 1 1.31711 1
51 92 1 1.83042 1
51 93 1 3.29968 1
51 94 1 -5.63655 1
51 95 1 -1.84834 1
51 116 1 -0.457159 1
51 12 1 -0.611472 1
116 73 1 -1.98908 0
116 134 1 0.466636 1
134 73 1 1.21746 1
52 64 1 -3.50115 1
52 65 1 3.16797 1
52 66 1 1.34833 1
52 67 1 -0.412335 1
52 68 1 0.290509 1
52 69 1 4.88567 1
52 70 1 2.62823 1
52 71 1 -0.559443 1
52 72 1 -0.407821 1
52 73 1 4.10679 1
52 74 1 1.97846 1
52 75 1 -0.726485 1
52 76 1 -3.48242 1
52 77 1 -0.48303 1
52 78 1 1.71471 1
52 79 1 1.60948 1
52 80 1 -1.0028 1
52 81 1 1.04184 1
52 82 1 -2.38673 1
52 83 1 -2.38264 1
52 84 1 1.51099 1
52 85 1 -1.4577 1
52 86 1 -3.25064 1
52 87 1 0.443102 1
52 88 1 2.02132 1
52 89 1 -1.42255 1
52 90 1 0.306477 1
52 91 1 -1.01542 1
52 92 1 0.210662 1
52 93 1 -1.43877 0
52 94 1 1.67596 1
52 95 1 -0.0994388 1
52 115 1 0.0548851 1
52 139 1 0.133383 1
139 93 1 -2.71646 1
53 64 1 -3.18259 1
53 65 1 0.317888 1
53 66 1 -0.0592156 1
53 67 1 0.211137 1
53 68 1 2.76395 1
53 69 1 1.731 1
53 70 1 -1.28923 0
53 71 1 0.632447 1
53 72 1 -1.78278 1
53 73 1 0.637378 1
53 74 1 -1.82773 1
53 75 1 -2.55068 1
53 76 1 0.370977 1
53 77 1 2.02974 1
53 78 1 -1.31755 1
53 79 1 0.646642 1
53 80 1 1.3223 1
53 81 1 0.908143 1
53 82 1 1.60987 1
53 83 1 0.827267 1
53 84 1 2.57171 1
53 85 1 1.22252 1
53 86 1 1.49093 1
53 87 1 0.205574 1
53 88 1 -0.198472 1
53 89 1 0.169061 1
53 90 1 -3.45271 1
53 91 1 -0.249163 1
53 92 1 2.64968 1
53 93 1 0.230797 1
53 94 1 0.905911 1
53 95 1 -1.72764 1
53 20 1 3.68202 1
53 23 1 1.08706 1
53 149 1 0.667957 1
149 70 1 -1.02633 1
54 64 1 1.87204 1
54 65 1 -0.329826 1
54 66 1 -2.03469 1
54 67 1 0.142513 1
54 68 1 2.47015 1
54 69 1 -2.84894 1
54 70 1 0.331164 1
54 71 1 3.51509 1
54 72 1 1.06998 1
54 73 1 0.960662 1
54 74 1 0.0676571 1
54 75 1 -1.36798 1
54 76 1 -1.33413 1
54 77 1 2.64515 1
54 78 1 -0.209359 1
54 79 1 0.245991 1
54 80 1 0.569878 1
54 81 1 3.24328 1
54 82 1 -2.83085 1
54 83 1 7.03467 1
54 84 1 2.00335 1
54 85 1 0.00989012 1
54 86 1 -3.41333 1
54 87 1 -0.452288 1
54 88 1 1.74104 1
54 89 1 3.64851 1
54 90 1 -2.98922 1
54 91 1 2.41178 1
54 92 1 -0.774409 1
54 93 1 1.50983 1
54 94 1 -2.74146 1
54 95 1 -2.96904 1
54 30 1 -1.20154 1
54 144 1 1.06132 1
55 64 1 0.926189 1
55 65 1 -2.62729 1
55 66 1 -1.6059 1
55 67 1 -0.768944 1
55 68 1 -2.26806 1
55 69 1 3.37661 1
55 70 1 2.54051 1
55 71 1 -5.5462 1
55 72 1 2.35583 1
55 73 1 1.36549 1
55 74 1 1.86025 1
55 75 1 -2.89699 1
55 76 1 -4.48283 1
55 77 1 2.29641 1
55 78 1 -1.30307 1
55 79 1 1.40737 1
55 80 1 -1.10237 1
55 81 1 1.40045 1
55 82 1 -1.41534 1
55 83 1 -0.731441 1
55 84 1 -0.454177 1
55 85 1 -5.71923 1
55 86 1 0.763199 1
55 87 1 0.998409 1
55 88 1 -3.24306 1
55 89 1 -1.33516 1
55 90 1 0.495436 1
55 91 1 1.9412 1
55 92 1 5.95711 1
55 93 1 -3.39734 1
55 94 1 -3.06828 1
55 95 1 -1.1443 0
55 28 1 5.06565 1
55 114 1 1.12079 1
114 95 1 -1.63958 1
56 64 1 1.28423 1
56 65 1 -3.61602 1
56 66 1 0.427065 1
56 67 1 -0.709137 1
56 68 1 -0.923923 0
56 69 1 -1.15868 1
56 70 1 0.642765 1
56 71 1 1.39521 1
56 72 1 -0.673529 1
56 73 1 -1.93583 1
56 74 1 4.21797 1
56 75 1 3.3045 1
56 76 1 -3.76832 1
56 77 1 -1.14552 1
56 78 1 -3.38309 1
56 79 1 0.509717 1
56 80 1 -1.34161 1
56 81 1 2.97593 1
56 82 1 2.88747 1
56 83 1 -2.35799 1
56 84 1 -1.2585 1
56 85 1 -1.49462 1
56 86 1 2.30958 1
56 87 1 -3.13487 1
56 88 1 -0.0710105 1
56 89 1 -1.77231 1
56 90 1 -0.669478 1
56 91 1 -0.71628 1
56 92 1 1.95918 1
56 93 1 3.81062 1
56 94 1 -1.32275 1
56 95 1 0.596003 1
56 3 1 -1.78725 1
56 126 1 3.73308 1
126 68 1 0.375052 1
126 11 1 -1.69202 1
57 64 1 -3.97979 1
57 65 1 3.32758 1
57 66 1 -3.37949 1
57 67 1 -1.21755 1
57 68 1 3.57989 1
57 69 1 -0.950631 0
57 70 1 0.435554 1
57 71 1 3.52696 1
57 72 1 0.367874 1
57 73 1 -1.43245 1
57 74 1 3.0471 1
57 75 1 3.26199 1
57 76 1 2.83984 1
57 77 1 -4.24054 1
57 78 1 -1.44082 1
57 79 1 -3.00795 1
57 80 1 1.0124 1
57 81 1 4.13736 1
57 82 1 3.45044 1
57 83 1 -2.87635 1
57 84 1 1.39976 1
57 85 1 -2.49026 1
57 86 1 -0.395886 1
57 87 1 0.848015 1
57 88 1 -0.86651 1
57 89 1 -1.57498 1
57 90 1 0.954459 1
57 91 1 -1.62584 1
57 92 1 -1.92159 1
57 93 1 0.484299 1
57 94 1 -1.1973 1
57 95 1 3.19207 1
57 104 1 2.74856 1
57 22 1 0.479003 1
104 69 1 2.12187 1
104 1 1 -1.44912 1
58 64 1 2.61615 1
58 65 1 -1.25241 1
58 66 1 -0.400492 1
58 67 1 -1.86609 1
58 68 1 -0.769675 1
58 69 1 -0.442881 1
58 70 1 -2.3466 1
58 71 1 0.495523 1
58 72 1 -0.0162584 1
58 73 1 -1.08945 1
58 74 1 3.28492 1
58 75 1 3.23986 1
58 76 1 4.4067 1
58 77 1 1.89371 1
58 78 1 -1.07055 1
58 79 1 0.387533 0
58 80 1 -4.24805 1
58 81 1 1.98053 1
58 82 1 0.708271 1
58 83 1 0.557462 1
58 84 1 -1.00992 1
58 85 1 1.31633 1
58 86 1 2.03547 1
58 87 1 -1.04353 1
58 88 1 -2.47342 1
58 89 1 -0.938152 1
58 90 1 -2.78366 1
58 91 1 -1.58304 1
58 92 1 1.20182 1
58 93 1 2.53097 1
58 94 1 -2.7317 1
58 95 1 2.0203 1
58 128 1 0.135761 1
128 79 1 0.414385 0
128 131 1 -0.416922 1
131 79 1 0.363946 1
59 64 1 -1.90188 1
59 65 1 1.1205 1
59 66 1 1.47288 1
59 67 1 -2.55409 1
59 68 1 1.08916 1
59 69 1 -2.04139 1
59 70 1 -2.23886 1
59 71 1 2.49965 1
59 72 1 -0.273541 1
59 73 1 -0.788378 1
59 74 1 -0.0694369 1
59 75 1 -1.29845 1
59 76 1 2.00244 1
59 77 1 0.902692 0
59 78 1 1.72459 1
59 79 1 -2.24489 1
59 80 1 0.274366 1
59 81 1 1.0465 1
59 82 1 -4.38832 1
59 83 1 3.77465 1
59 84 1 -1.09405 1
59 85 1 -2.48734 1
59 86 1 -3.99488 1
59 87 1 1.73267 1
59 88 1 4.79847 1
59 89 1 -0.9421 1
59 90 1 1.06887 1
59 91 1 -1.14772 1
59 92 1 2.24422 1
59 93 1 1.63345 1
59 94 1 -5.25056 1
59 95 1 1.47121 1
59 97 1 1.97169 1
59 5 1 -2.31114 1
59 11 1 -0.881762 1
59 13 1 0.822239 1
97 77 1 -5.75956 1
97 22 1 -3.08659 1
97 2 1 -5.74017 0
97 99 1 1.96965 1
97 7 1 3.41601 0
97 102 1 1.90153 1
97 17 1 2.09931 1
102 7 1 3.94941 1
99 2 1 1.96723 0
99 108 1 4.70897 1
99 15 1 -0.599509 1
108 2 1 -1.21532 0
108 125 1 4.69738 1
125 2 1 -0.0672443 1
60 64 1 2.37555 1
60 65 1 -0.0251606 1
60 66 1 -0.386628 1
60 67 1 -0.693541 1
60 68 1 0.433868 1
60 69 1 0.808327 1
60 70 1 -2.79767 1
60 71 1 0.605747 1
60 72 1 1.20424 0
60 73 1 0.479037 1
60 74 1 1.13828 1
60 75 1 -1.05861 1
60 76 1 0.591908 1
60 77 1 3.39443 1
60 78 1 -2.40558 1
60 79 1 -0.252656 1
60 80 1 -5.12142 1
60 81 1 -1.23524 1
60 82 1 -1.45002 1
60 83 1 -0.287653 1
60 84 1 -3.74682 1
60 85 1 3.80345 1
60 86 1 1.03739 1
60 87 1 0.152446 1
60 88 1 -5.32325 1
60 89 1 -0.0839423 1
60 90 1 -1.70868 1
60 91 1 0.334478 1
60 92 1 1.23882 1
60 93 1 3.18375 1
60 94 1 0.257896 1
60 95 1 0.689131 1
60 24 1 -2.76566 1
60 0 1 1.72031 1
60 115 1 2.73715 1
60 3 1 -0.280412 1
115 72 1 -1.3889 1
115 18 1 0.456956 1
61 64 1 0.28392 1
61 65 1 -0.752391 1
61 66 1 1.73761 1
61 67 1 0.91506 1
61 68 1 -3.66806 1
61 69 1 3.13923 1
61 70 1 -0.0342776 1
61 71 1 -0.798898 1
61 72 1 -2.38092 1
61 73 1 1.53738 1
61 74 1 2.37886 1
61 75 1 3.17489 1
61 76 1 0.00290512 1
61 77 1 -0.0017413 0
61 78 1 0.230756 1
61 79 1 -1.36198 1
61 80 1 0.00559709 1
61 81 1 -0.6329 1
61 82 1 -0.0387478 1
61 83 1 -0.098492 1
61 84 1 -2.65158 1
61 85 1 -0.457181 1
61 86 1 -0.124324 1
61 87 1 2.10097 1
61 88 1 0.630703 1
61 89 1 2.18342 1
61 90 1 -0.298797 1
61 91 1 2.31867 1
61 92 1 -1.93176 1
61 93 1 -0.220358 1
61 94 1 0.775534 1
61 95 1 -1.96795 1
61 107 1 1.43952 1
61 113 1 -2.82955 1
61 14 1 -1.50144 1
107 77 1 -5.24211 0
107 113 1 1.02158 1
107 14 1 -1.29165 1
113 77 1 -2.13998 1
113 23 1 -1.24119 1
62 64 1 0.74142 1
62 65 1 -2.93143 1
62 66 1 3.89264 1
62 67 1 -2.66156 1
62 68 1 1.78884 1
62 69 1 -1.54875 1
62 70 1 2.05029 1
62 71 1 -1.97158 1
62 72 1 0.434727 1
62 73 1 2.43316 1
62 74 1 4.67044 1
62 75 1 0.0593622 1
62 76 1 4.31379 1
62 77 1 -3.98922 1
62 78 1 -1.71391 1
62 79 1 -1.0703 1
62 80 1 -1.00919 1
62 81 1 -0.573214 1
62 82 1 -2.403 1
62 83 1 1.50368 1
62 84 1 -1.04642 0
62 85 1 -0.424956 1
62 86 1 3.91538 1
62 87 1 -2.33566 1
62 88 1 0.659659 1
62 89 1 -1.7993 1
62 90 1 -6.25052 1
62 91 1 0.895651 1
62 92 1 -0.835801 1
62 93 1 -0.125212 1
62 94 1 1.81287 1
62 95 1 -0.778334 1
62 5 1 2.18939 1
62 138 1 2.30123 1
138 84 1 -0.357091 1
63 64 1 2.67097 1
63 65 1 -1.56009 1
63 66 1 3.35282 1
63 67 1 0.13912 1
63 68 1 -0.770142 1
63 69 1 -3.87549 1
63 70 1 -0.89314 1
63 71 1 2.57848 1
63 72 1 -0.0995803 1
63 73 1 -0.200418 1
63 74 1 -6.32868 1
63 75 1 1.35462 1
63 76 1 -2.4982 0
63 77 1 1.85635 1
63 78 1 1.162 1
63 79 1 1.1502 1
63 80 1 1.45951 1
63 81 1 -0.181131 1
63 82 1 1.06271 1
63 83 1 -2.7695 1
63 84 1 -1.98487 1
63 85 1 -4.09216 1
63 86 1 5.10897 1
63 87 1 -2.83913 0
63 88 1 0.0853645 1
63 89 1 -0.781898 1
63 90 1 2.82119 1
63 91 1 -0.682176 1
63 92 1 -1.37745 1
63 93 1 2.48775 1
63 94 1 -4.5612 1
63 95 1 -0.0455387 1
63 141 1 1.27634 1
63 144 1 0.56551 1
144 76 1 -2.28128 0
144 147 1 0.914754 1
147 76 1 -2.56539 1
141 87 1 -6.21314 1
141 10 1 -0.548389 1
