150 64 32
2.63771 0.376311 -6.23508 5.23237 -3.37059 1.57148 1.01423 -0.0904157 0.210677 2.28595 2.67893 3.28085 -3.17292 -3.08388 -1.06952 -2.8447 0.389646 1.38179 -1.2924 -0.30865 -1.7902 0.390926 -1.30773 0.30811 -3.83133 -0.0756353 3.88711 2.11739 -2.72486 -2.86719 -4.10019 2.0912 -1.29553 0.817668 1.46898 1.39423 -3.00085 -0.597699 0.715759 -1.83694 -1.19702 0.11109 -0.308082 -4.33295 -1.87762 -0.203148 -2.88078 2.49959 -0.0662689 2.43647 0.844156 -3.26193 -2.70446 0.00742782 -1.3684 4.09733 -1.68282 0.177029 0.420872 -1.78394 0.978196 -0.548339 -0.86637 -3.84181 -4.40036 -0.047074 4.01937 1.92381 -3.77816 1.45599 -3.36031 -1.20421 -2.29812 -3.23795 2.91823 3.16504 -1.83451 -0.774985 1.38428 -3.13702 0.0660099 -0.768302 -2.66426 0.300677 1.44227 -0.193493 -2.24492 1.06265 4.51161 -0.0937642 -2.77962 3.09647 -1.11084 0.907116 1.36666 -1.65653 -1.35659 0.466465 -0.658928 -0.432172 2.9016 -3.68169 -5.208 -2.82564 -2.58497 0.688401 -2.1046 -3.30162 -1.51675 1.22754 -1.32524 1.74309 2.32079 -3.08833 -0.118488 -0.918671 -3.09048 0.00858115 -1.41472 -1.24315 1.48646 0.502875 0.442257 2.43835 0.801567 3.1187 0.447268 0.902188 1.69134 2.06614 -0.232141 -1.72758 -0.304831 -0.159665 -0.903598 -1.03567 -0.38278 -1.20218 -1.63566 -1.16181 0.245939 -0.123273 -1.16981 0.931904 0.517654 -0.277272 0.558274 1.22059 1.10342 -0.417244 
0 64 1 -4.38639 1
0 65 1 1.53427 1
0 66 1 2.20448 1
0 67 1 -0.553058 1
0 68 1 -1.52438 1
0 69 1 1.01003 1
0 70 1 -0.444349 1
0 71 1 -0.861307 1
0 72 1 0.801432 1
0 73 1 -1.68523 1
0 74 1 -3.39114 1
0 75 1 1.04996 1
0 76 1 2.45839 1
0 77 1 0.704996 1
0 78 1 -2.92277 1
0 79 1 2.84496 1
0 80 1 1.42182 1
0 81 1 2.17426 1
0 82 1 3.21018 1
0 83 1 2.27061 1
0 84 1 -2.91179 1
0 85 1 3.76262 1
0 86 1 -3.02548 1
0 87 1 -1.78997 1
0 88 1 0.171727 1
0 89 1 2.21992 1
0 90 1 4.58 1
0 91 1 4.85377 1
0 92 1 -2.60051 1
0 93 1 -1.06165 1
0 94 1 0.345892 1
0 95 1 1.24022 1
0 10 1 -1.85997 1
1 64 1 -1.58687 1
1 65 1 -1.76781 1
1 66 1 2.37477 1
1 67 1 -3.14431 1
1 68 1 4.51615 1
1 69 1 -0.411129 1
1 70 1 1.41156 1
1 71 1 -1.97514 1
1 72 1 -2.01882 1
1 73 1 -2.07239 1
1 74 1 -3.06758 1
1 75 1 3.33525 1
1 76 1 -1.1553 1
1 77 1 5.1778 1
1 78 1 -1.99734 1
1 79 1 -0.260596 1
1 80 1 -3.38554 1
1 81 1 1.05405 1
1 82 1 -1.0694 1
1 83 1 -5.51292 1
1 84 1 -0.774794 1
1 85 1 -1.19267 1
1 86 1 2.36243 1
1 87 1 -1.54511 1
1 88 1 0.196861 1
1 89 1 3.32793 1
1 90 1 -1.8292 1
1 91 1 -2.07327 1
1 92 1 -0.860353 1
1 93 1 -0.0245975 1
1 94 1 -1.41329 1
1 95 1 -4.72996 1
1 27 1 0.272119 1
2 64 1 -0.0172785 1
2 65 1 1.87841 1
2 66 1 -3.18733 1
2 67 1 -1.55858 1
2 68 1 -1.78029 1
2 69 1 1.73173 1
2 70 1 -1.66399 1
2 71 1 3.36469 1
2 72 1 -1.72867 1
2 73 1 -2.71419 1
2 74 1 -3.74458 1
2 75 1 -1.26795 1
2 76 1 -4.42391 1
2 77 1 0.568406 1
2 78 1 -1.68715 1
2 79 1 -4.58757 1
2 80 1 -4.47773 1
2 81 1 -3.90412 1
2 82 1 -0.401629 1
2 83 1 -2.83987 1
2 84 1 0.11333 1
2 85 1 2.76082 1
2 86 1 -0.838406 1
2 87 1 -0.520248 1
2 88 1 -0.246086 1
2 89 1 -3.21768 1
2 90 1 -3.20927 1
2 91 1 -1.72261 1
2 92 1 2.75488 1
2 93 1 -3.396 1
2 94 1 1.90704 1
2 95 1 -1.02678 1
2 100 1 -0.78974 1
2 6 1 4.0559 1
2 110 1 -0.0796221 1
3 64 1 -2.71473 1
3 65 1 -0.927896 1
3 66 1 -0.17378 1
3 67 1 1.74263 1
3 68 1 4.01256 1
3 69 1 -2.98288 1
3 70 1 0.91469 1
3 71 1 0.594666 1
3 72 1 6.49349 1
3 73 1 -0.822927 1
3 74 1 0.834769 1
3 75 1 2.99536 1
3 76 1 1.29032 1
3 77 1 -0.879825 1
3 78 1 -1.23304 1
3 79 1 -0.242628 1
3 80 1 -2.45429 1
3 81 1 -1.53412 1
3 82 1 6.23849 1
3 83 1 0.882448 1
3 84 1 1.00459 1
3 85 1 -3.31368 1
3 86 1 0.0461582 1
3 87 1 2.07343 1
3 88 1 -0.725281 1
3 89 1 2.18352 1
3 90 1 1.24801 1
3 91 1 1.19777 1
3 92 1 0.229473 1
3 93 1 -2.34597 1
3 94 1 -3.00427 1
3 95 1 1.65062 0
3 110 1 1.91843 1
110 95 1 -1.86941 0
110 111 1 -0.634638 0
110 132 1 3.10188 1
132 111 1 2.28826 1
111 95 1 -2.2824 1
4 64 1 1.06416 1
4 65 1 -0.317455 1
4 66 1 -1.64021 1
4 67 1 3.16627 1
4 68 1 -2.04557 1
4 69 1 1.62049 1
4 70 1 -0.306478 1
4 71 1 0.0119265 1
4 72 1 1.48764 1
4 73 1 -0.291514 0
4 74 1 -0.0963793 1
4 75 1 -4.79896 0
4 76 1 0.8593 1
4 77 1 3.08235 1
4 78 1 2.51298 1
4 79 1 2.68936 1
4 80 1 -2.96623 1
4 81 1 -0.170883 1
4 82 1 0.801447 1
4 83 1 -3.03746 1
4 84 1 0.0105875 1
4 85 1 2.91544 1
4 86 1 2.37217 1
4 87 1 0.165986 1
4 88 1 -3.12006 1
4 89 1 -0.282541 1
4 90 1 3.30953 1
4 91 1 -5.60115 1
4 92 1 -0.557336 1
4 93 1 1.1457 0
4 94 1 -1.32007 1
4 95 1 1.64714 1
4 101 1 2.88881 1
4 17 1 2.43632 1
4 118 1 1.53551 1
4 145 1 0.716038 1
145 93 1 0.696833 1
118 73 1 -2.91021 1
101 75 1 1.47157 1
5 64 1 -3.07347 1
5 65 1 2.106 1
5 66 1 -2.62046 1
5 67 1 5.85521 1
5 68 1 3.13395 1
5 69 1 3.21797 1
5 70 1 -3.15204 1
5 71 1 -0.593794 1
5 72 1 1.13275 1
5 73 1 -2.25097 1
5 74 1 -1.04101 1
5 75 1 2.18558 1
5 76 1 2.87574 1
5 77 1 0.999834 1
5 78 1 -0.391183 1
5 79 1 -0.291634 1
5 80 1 1.79549 1
5 81 1 -1.95906 1
5 82 1 -0.00258949 1
5 83 1 4.72895 1
5 84 1 1.42351 1
5 85 1 2.40323 1
5 86 1 -3.50876 1
5 87 1 0.199774 1
5 88 1 -2.23728 1
5 89 1 -2.87468 1
5 90 1 -2.30057 1
5 91 1 -0.920195 1
5 92 1 -1.75144 1
5 93 1 1.18167 1
5 94 1 -1.54113 1
5 95 1 0.623259 1
5 28 1 0.273369 1
6 64 1 0.263193 1
6 65 1 -1.09557 1
6 66 1 2.743 1
6 67 1 2.51967 1
6 68 1 -4.03935 1
6 69 1 -1.29417 1
6 70 1 -1.19927 1
6 71 1 -0.233305 1
6 72 1 1.96234 1
6 73 1 -2.7 1
6 74 1 -3.90643 1
6 75 1 1.21467 1
6 76 1 3.3579 1
6 77 1 -0.0376984 1
6 78 1 -2.27639 1
6 79 1 -2.20086 1
6 80 1 2.55461 1
6 81 1 -0.388567 1
6 82 1 1.70857 1
6 83 1 1.59909 1
6 84 1 1.21791 1
6 85 1 -1.74434 1
6 86 1 -0.707053 1
6 87 1 3.51352 1
6 88 1 -3.4691 1
6 89 1 -2.23799 1
6 90 1 3.74985 1
6 91 1 -0.898839 1
6 92 1 3.11591 1
6 93 1 -2.91593 1
6 94 1 -3.25637 1
6 95 1 1.15161 1
6 26 1 0.155377 1
7 64 1 3.47622 1
7 65 1 0.902421 1
7 66 1 -1.75728 1
7 67 1 -4.31354 1
7 68 1 -1.86159 1
7 69 1 -0.290887 1
7 70 1 4.81399 1
7 71 1 0.902593 1
7 72 1 3.12323 1
7 73 1 -0.955366 1
7 74 1 -1.96985 1
7 75 1 -1.85941 1
7 76 1 2.88745 1
7 77 1 -1.03697 1
7 78 1 2.53327 1
7 79 1 1.46197 1
7 80 1 -0.7653 1
7 81 1 1.25142 1
7 82 1 -4.2475 0
7 83 1 1.83392 0
7 84 1 -2.08993 1
7 85 1 3.71866 1
7 86 1 0.848944 1
7 87 1 2.79806 1
7 88 1 -2.84638 1
7 89 1 -2.32505 1
7 90 1 -0.918344 1
7 91 1 -3.23578 1
7 92 1 1.79475 1
7 93 1 -1.67777 1
7 94 1 -0.47038 1
7 95 1 2.79225 1
7 100 1 -0.357307 1
7 127 1 0.707228 1
127 82 1 -3.36072 1
100 83 1 1.68615 1
100 24 1 -0.661092 0
100 106 1 3.94117 1
106 24 1 -4.93494 1
106 6 1 -1.23032 1
8 64 1 2.04373 1
8 65 1 -3.44045 1
8 66 1 -0.368181 1
8 67 1 1.28365 1
8 68 1 -1.34662 1
8 69 1 3.2429 1
8 70 1 1.27104 1
8 71 1 3.62302 1
8 72 1 2.78385 1
8 73 1 0.12288 1
8 74 1 -0.283259 1
8 75 1 -2.70692 1
8 76 1 -0.500892 1
8 77 1 3.52662 1
8 78 1 -0.213508 1
8 79 1 -2.10692 1
8 80 1 0.236565 1
8 81 1 -0.252391 1
8 82 1 0.78986 1
8 83 1 -3.27202 1
8 84 1 4.20779 1
8 85 1 8.13807 1
8 86 1 4.7199 1
8 87 1 0.785926 1
8 88 1 0.435365 1
8 89 1 2.76324 1
8 90 1 -1.43585 1
8 91 1 -0.322405 1
8 92 1 3.18061 1
8 93 1 5.14867 1
8 94 1 4.43731 1
8 95 1 0.492293 1
8 17 1 -1.22657 1
9 64 1 -3.54471 1
9 65 1 -3.56961 1
9 66 1 1.20585 1
9 67 1 1.31178 1
9 68 1 -0.976599 1
9 69 1 0.377654 1
9 70 1 -5.11903 1
9 71 1 -0.117264 1
9 72 1 3.04376 1
9 73 1 -1.51436 1
9 74 1 0.429037 1
9 75 1 0.388113 1
9 76 1 2.19125 1
9 77 1 -0.716578 1
9 78 1 2.94717 1
9 79 1 1.72005 1
9 80 1 -1.32304 1
9 81 1 0.0249491 1
9 82 1 -2.85806 1
9 83 1 -0.390476 1
9 84 1 3.54007 1
9 85 1 2.58565 1
9 86 1 -1.08624 1
9 87 1 1.56953 1
9 88 1 -0.270015 1
9 89 1 5.87288 1
9 90 1 -0.590796 1
9 91 1 0.79577 1
9 92 1 -1.18748 1
9 93 1 -0.708761 1
9 94 1 -2.69027 1
9 95 1 1.27755 1
9 103 1 -0.94387 1
9 130 1 -0.218039 1
10 64 1 0.343932 1
10 65 1 -0.59466 1
10 66 1 5.43999 1
10 67 1 -5.44041 1
10 68 1 3.00959 1
10 69 1 -0.38986 1
10 70 1 -0.748333 1
10 71 1 -1.48476 1
10 72 1 3.84281 1
10 73 1 2.6956 1
10 74 1 1.28376 0
10 75 1 0.147798 1
10 76 1 2.26921 1
10 77 1 0.900191 1
10 78 1 -0.500387 1
10 79 1 -4.42244 1
10 80 1 -2.42972 1
10 81 1 3.25514 1
10 82 1 3.15799 1
10 83 1 1.8666 1
10 84 1 3.63302 1
10 85 1 2.96329 1
10 86 1 -1.63282 1
10 87 1 0.0999351 1
10 88 1 2.60252 1
10 89 1 -0.046398 1
10 90 1 -0.643254 1
10 91 1 2.83117 1
10 92 1 -0.0987586 1
10 93 1 -1.32375 1
10 94 1 3.68438 1
10 95 1 5.77295 1
10 124 1 1.96919 1
124 74 1 0.141002 1
11 64 1 3.38857 1
11 65 1 1.0251 1
11 66 1 2.6356 1
11 67 1 -1.13609 1
11 68 1 4.86194 1
11 69 1 0.546325 1
11 70 1 3.07563 1
11 71 1 1.60166 1
11 72 1 -2.74426 1
11 73 1 0.826419 1
11 74 1 -0.866608 0
11 75 1 -1.29515 1
11 76 1 -1.42649 1
11 77 1 -0.0539389 1
11 78 1 -1.53502 1
11 79 1 -0.431043 1
11 80 1 -2.43789 1
11 81 1 0.602505 1
11 82 1 4.79089 1
11 83 1 1.22877 1
11 84 1 1.931 1
11 85 1 -2.02124 1
11 86 1 -4.45531 1
11 87 1 -1.35097 1
11 88 1 -2.94628 1
11 89 1 -0.338903 1
11 90 1 -1.74738 1
11 91 1 0.0399596 1
11 92 1 -2.58926 1
11 93 1 3.22634 1
11 94 1 -1.51906 1
11 95 1 -4.9718 1
11 120 1 -3.9763 1
11 109 1 1.41802 1
120 74 1 -1.61582 1
12 64 1 -0.0255367 1
12 65 1 0.309529 1
12 66 1 -2.25352 1
12 67 1 -3.09 1
12 68 1 0.907138 1
12 69 1 1.52726 1
12 70 1 -1.02656 1
12 71 1 1.9513 1
12 72 1 1.2578 1
12 73 1 -4.89281 1
12 74 1 -3.95451 1
12 75 1 -2.18319 1
12 76 1 -0.0419088 1
12 77 1 0.360729 1
12 78 1 0.0795923 1
12 79 1 -0.661482 1
12 80 1 -0.88994 1
12 81 1 -1.56538 1
12 82 1 2.67011 1
12 83 1 0.070568 1
12 84 1 1.23278 1
12 85 1 -1.14287 1
12 86 1 0.318136 1
12 87 1 0.896756 1
12 88 1 -2.71325 1
12 89 1 3.03161 1
12 90 1 -0.53071 1
12 91 1 -1.95645 1
12 92 1 0.989765 1
12 93 1 -3.0871 1
12 94 1 2.31427 1
12 95 1 -2.29627 1
12 17 1 0.146244 1
12 18 1 0.110579 1
13 64 1 0.755284 1
13 65 1 -4.24401 1
13 66 1 -0.324676 1
13 67 1 1.3367 1
13 68 1 1.67246 1
13 69 1 -2.81909 1
13 70 1 0.785016 1
13 71 1 0.865461 1
13 72 1 1.23832 1
13 73 1 -3.374 1
13 74 1 -1.95752 1
13 75 1 -1.5518 1
13 76 1 0.272819 1
13 77 1 -2.50429 1
13 78 1 1.63348 1
13 79 1 0.937236 1
13 80 1 1.41559 1
13 81 1 0.5151 1
13 82 1 -0.35465 1
13 83 1 1.52435 1
13 84 1 -2.54454 1
13 85 1 6.18075 1
13 86 1 6.04126 1
13 87 1 5.95305 1
13 88 1 2.39892 1
13 89 1 -0.221832 1
13 90 1 -4.17177 1
13 91 1 -3.38294 1
13 92 1 -1.039 1
13 93 1 -3.56055 1
13 94 1 0.432492 1
13 95 1 -3.50806 1
14 64 1 -2.07803 1
14 65 1 5.25957 1
14 66 1 0.786669 1
14 67 1 -1.00489 1
14 68 1 -1.77709 1
14 69 1 4.09269 1
14 70 1 -1.60427 1
14 71 1 0.91847 1
14 72 1 1.72992 1
14 73 1 -0.701717 1
14 74 1 0.486004 1
14 75 1 1.53936 1
14 76 1 -0.835491 1
14 77 1 1.85813 1
14 78 1 -2.52205 1
14 79 1 -1.17263 1
14 80 1 -1.29903 1
14 81 1 0.489408 0
14 82 1 6.1768 1
14 83 1 -0.719869 1
14 84 1 0.322783 1
14 85 1 -2.321 1
14 86 1 1.5351 1
14 87 1 -2.10095 1
14 88 1 -0.883815 1
14 89 1 0.0453664 1
14 90 1 0.669461 1
14 91 1 4.35976 1
14 92 1 1.85454 1
14 93 1 1.0186 1
14 94 1 5.29706 1
14 95 1 -0.0153647 1
14 104 1 -3.00418 1
14 119 1 1.64155 1
119 81 1 4.98008 1
119 99 1 -1.36386 1
15 64 1 0.508409 1
15 65 1 2.04225 1
15 66 1 -3.05875 1
15 67 1 -1.70816 1
15 68 1 0.269945 1
15 69 1 -2.27918 1
15 70 1 7.22184 1
15 71 1 -1.18351 1
15 72 1 -0.562454 1
15 73 1 -0.592374 1
15 74 1 1.82126 1
15 75 1 -1.6646 1
15 76 1 -0.882635 1
15 77 1 0.849329 1
15 78 1 -1.48178 1
15 79 1 -0.193532 1
15 80 1 1.30736 1
15 81 1 0.839157 1
15 82 1 -3.41173 1
15 83 1 -0.470281 1
15 84 1 2.67582 1
15 85 1 -0.741664 1
15 86 1 1.3952 1
15 87 1 -5.19929 1
15 88 1 0.752165 1
15 89 1 2.5435 1
15 90 1 0.331629 1
15 91 1 -4.30099 1
15 92 1 1.63645 1
15 93 1 -1.59897 1
15 94 1 1.19354 1
15 95 1 2.55159 1
15 20 1 0.617771 1
16 64 1 3.39903 1
16 65 1 0.133978 1
16 66 1 -3.82901 1
16 67 1 -3.59012 1
16 68 1 1.39924 1
16 69 1 0.152567 1
16 70 1 2.49416 1
16 71 1 4.02272 1
16 72 1 -0.315436 1
16 73 1 -2.49845 1
16 74 1 1.4719 1
16 75 1 0.976998 1
16 76 1 -0.537504 1
16 77 1 1.2278 1
16 78 1 -1.03714 1
16 79 1 -1.01987 1
16 80 1 0.777985 1
16 81 1 3.54733 1
16 82 1 -1.37505 1
16 83 1 2.62095 1
16 84 1 -1.3564 1
16 85 1 -0.68426 1
16 86 1 -1.30071 1
16 87 1 -0.910898 1
16 88 1 0.608861 1
16 89 1 0.903834 1
16 90 1 -0.529956 1
16 91 1 2.79413 1
16 92 1 3.54483 1
16 93 1 -1.62719 1
16 94 1 -1.1987 1
16 95 1 -2.13701 1
16 26 1 -0.903114 1
17 64 1 -3.24686 1
17 65 1 -0.93844 1
17 66 1 -2.65493 1
17 67 1 5.04124 1
17 68 1 -1.44185 1
17 69 1 0.244308 1
17 70 1 0.623637 1
17 71 1 0.950067 1
17 72 1 -6.255 0
17 73 1 0.519127 1
17 74 1 3.81766 1
17 75 1 1.46634 1
17 76 1 -0.48396 1
17 77 1 2.73088 1
17 78 1 0.0286941 1
17 79 1 -3.25986 1
17 80 1 4.61795 1
17 81 1 1.79868 1
17 82 1 -0.635044 1
17 83 1 -1.47962 1
17 84 1 -3.62554 1
17 85 1 1.99463 1
17 86 1 1.05374 1
17 87 1 -1.95238 1
17 88 1 -6.18379 1
17 89 1 2.50978 1
17 90 1 -4.07672 1
17 91 1 5.92362 1
17 92 1 0.201002 1
17 93 1 4.26122 1
17 94 1 2.25714 1
17 95 1 0.459985 1
17 146 1 1.54292 1
146 72 1 -6.83573 1
18 64 1 1.93955 1
18 65 1 -1.19543 1
18 66 1 2.14758 1
18 67 1 1.09875 1
18 68 1 -0.479359 1
18 69 1 0.596264 1
18 70 1 2.12916 1
18 71 1 0.317803 1
18 72 1 2.26723 1
18 73 1 -0.569754 1
18 74 1 1.90103 1
18 75 1 0.384898 1
18 76 1 3.58652 1
18 77 1 -0.552649 1
18 78 1 3.04904 1
18 79 1 0.335013 1
18 80 1 -4.95788 1
18 81 1 2.45338 1
18 82 1 -3.16898 1
18 83 1 2.76612 1
18 84 1 -1.65073 1
18 85 1 0.719841 1
18 86 1 5.14726 1
18 87 1 -1.06905 1
18 88 1 0.832945 1
18 89 1 -3.09436 1
18 90 1 0.742774 1
18 91 1 2.56628 1
18 92 1 -3.06893 1
18 93 1 0.799028 1
18 94 1 -1.21301 1
18 95 1 0.0236365 1
18 25 1 0.0169963 1
18 18 1 0.250711 1
18 139 1 -0.0841822 1
19 64 1 4.66934 1
19 65 1 -2.39446 1
19 66 1 3.18809 1
19 67 1 -0.703346 1
19 68 1 -3.44903 1
19 69 1 1.62181 1
19 70 1 -0.932185 1
19 71 1 -2.3997 1
19 72 1 3.28701 1
19 73 1 1.38948 1
19 74 1 -0.347662 1
19 75 1 1.39557 1
19 76 1 -2.9074 1
19 77 1 -2.41163 1
19 78 1 -3.71574 1
19 79 1 2.11547 1
19 80 1 0.550494 1
19 81 1 -3.81787 1
19 82 1 0.24265 1
19 83 1 -3.9834 1
19 84 1 0.431582 1
19 85 1 0.80274 1
19 86 1 1.14738 1
19 87 1 2.29461 1
19 88 1 0.888183 1
19 89 1 4.74347 1
19 90 1 -0.407475 1
19 91 1 -0.528018 1
19 92 1 -0.198288 1
19 93 1 -3.45858 1
19 94 1 -1.00548 1
19 95 1 -5.84666 1
20 64 1 1.31238 1
20 65 1 -1.06305 1
20 66 1 -1.41677 1
20 67 1 0.722149 1
20 68 1 -0.92072 1
20 69 1 -1.06242 1
20 70 1 -3.22644 1
20 71 1 2.64896 1
20 72 1 2.10116 1
20 73 1 2.18543 1
20 74 1 3.14757 1
20 75 1 4.02888 1
20 76 1 0.379358 1
20 77 1 0.197588 1
20 78 1 2.48517 1
20 79 1 1.8648 1
20 80 1 0.401228 1
20 81 1 0.624803 1
20 82 1 2.46512 1
20 83 1 1.02522 1
20 84 1 0.954463 1
20 85 1 -3.88837 1
20 86 1 0.74468 1
20 87 1 -0.540414 1
20 88 1 1.58413 1
20 89 1 1.38593 1
20 90 1 3.34024 1
20 91 1 0.875212 0
20 92 1 -0.316771 1
20 93 1 0.372969 0
20 94 1 3.59398 0
20 95 1 -0.790021 1
20 96 1 -3.50369 1
20 98 1 -0.51716 1
20 103 1 0.512751 1
20 109 1 0.538934 1
103 91 1 0.590805 0
103 105 1 1.29006 1
103 112 1 -0.952892 0
103 123 1 0.00275488 1
103 140 1 -1.82848 1
140 112 1 1.59004 1
123 91 1 0.516923 1
123 113 1 0.322694 0
123 136 1 1.28134 1
123 137 1 -1.01602 1
136 113 1 -1.51815 1
105 91 1 2.27243 0
105 129 1 -0.618309 1
129 91 1 -0.396745 0
129 135 1 1.66933 1
129 116 1 0.096166 1
135 91 1 -0.082352 1
98 93 1 -0.0737201 1
98 99 1 4.31451 1
98 15 1 0.463143 1
96 94 1 2.31304 1
96 20 1 -1.24548 1
21 64 1 1.55216 1
21 65 1 5.67884 1
21 66 1 -3.9054 1
21 67 1 -4.04051 1
21 68 1 -1.53153 1
21 69 1 1.68524 1
21 70 1 -1.06488 1
21 71 1 -2.99979 1
21 72 1 -7.36204 1
21 73 1 -0.411435 1
21 74 1 -1.20669 1
21 75 1 2.39779 1
21 76 1 -0.888198 1
21 77 1 -0.493328 1
21 78 1 -1.29651 1
21 79 1 -1.06102 1
21 80 1 2.67348 1
21 81 1 -1.03717 1
21 82 1 -2.05072 1
21 83 1 0.466696 1
21 84 1 4.25139 1
21 85 1 -1.39641 1
21 86 1 2.55579 1
21 87 1 -0.983416 1
21 88 1 3.16099 1
21 89 1 0.691641 1
21 90 1 -1.17111 1
21 91 1 0.53196 0
21 92 1 1.43532 1
21 93 1 -0.179089 1
21 94 1 -4.67957 1
21 95 1 -0.676557 1
21 143 1 2.12148 1
143 91 1 -0.724154 1
22 64 1 1.64422 1
22 65 1 1.79843 1
22 66 1 -0.170086 1
22 67 1 4.40517 1
22 68 1 -0.456009 1
22 69 1 -1.84554 1
22 70 1 -1.63621 1
22 71 1 1.13897 1
22 72 1 -3.58252 1
22 73 1 -0.28061 1
22 74 1 -3.07835 1
22 75 1 -1.49631 1
22 76 1 1.25266 1
22 77 1 -0.472183 1
22 78 1 3.905 1
22 79 1 6.361 1
22 80 1 -1.17078 1
22 81 1 -1.94778 1
22 82 1 -0.250766 1
22 83 1 -2.30237 1
22 84 1 -1.4685 1
22 85 1 0.747657 1
22 86 1 0.229224 1
22 87 1 4.4288 1
22 88 1 -2.45041 1
22 89 1 -1.09598 1
22 90 1 1.35232 1
22 91 1 0.462147 1
22 92 1 1.23265 1
22 93 1 1.74969 1
22 94 1 4.11179 1
22 95 1 2.75118 1
23 64 1 -2.12745 1
23 65 1 2.40565 1
23 66 1 0.391124 1
23 67 1 2.39115 1
23 68 1 -2.98827 1
23 69 1 2.43866 1
23 70 1 4.92635 1
23 71 1 -3.30083 1
23 72 1 0.791725 1
23 73 1 0.216443 1
23 74 1 1.90076 1
23 75 1 0.502408 1
23 76 1 3.57682 1
23 77 1 3.0519 1
23 78 1 -0.108911 1
23 79 1 -4.55087 1
23 80 1 0.832088 1
23 81 1 1.16247 1
23 82 1 -2.12206 1
23 83 1 1.03846 1
23 84 1 4.95564 1
23 85 1 -1.73814 1
23 86 1 -8.28139 1
23 87 1 0.546484 1
23 88 1 2.47901 1
23 89 1 -0.384965 1
23 90 1 -2.22597 1
23 91 1 -1.42308 1
23 92 1 0.457712 1
23 93 1 1.87563 1
23 94 1 -1.74186 1
23 95 1 -0.55465 1
23 107 1 1.01004 1
23 27 1 0.528126 1
24 64 1 -1.51231 1
24 65 1 3.03771 1
24 66 1 -0.867383 1
24 67 1 5.5913 1
24 68 1 -4.89399 1
24 69 1 3.16014 1
24 70 1 -0.504563 1
24 71 1 3.92448 1
24 72 1 1.2293 1
24 73 1 1.57863 1
24 74 1 0.496637 1
24 75 1 0.729576 1
24 76 1 -0.540139 1
24 77 1 0.239208 1
24 78 1 -4.54415 1
24 79 1 -1.45458 1
24 80 1 4.0115 1
24 81 1 1.16439 1
24 82 1 1.52034 1
24 83 1 -4.8005 1
24 84 1 -3.28267 1
24 85 1 -0.907526 1
24 86 1 -3.66398 1
24 87 1 2.39293 1
24 88 1 -2.34752 1
24 89 1 7.074 1
24 90 1 3.77564 1
24 91 1 -3.08613 1
24 92 1 0.509735 1
24 93 1 -0.546711 1
24 94 1 -0.355052 1
24 95 1 -0.321412 1
24 5 1 0.944768 1
25 64 1 1.4695 1
25 65 1 2.08209 1
25 66 1 0.501975 1
25 67 1 -1.10837 1
25 68 1 2.76585 1
25 69 1 -4.67383 1
25 70 1 0.716559 0
25 71 1 -3.39912 1
25 72 1 2.28617 1
25 73 1 -0.0770121 1
25 74 1 2.3272 1
25 75 1 -1.22755 1
25 76 1 -0.312544 1
25 77 1 0.448187 1
25 78 1 2.57749 1
25 79 1 0.0849547 1
25 80 1 -0.956597 1
25 81 1 -3.64917 1
25 82 1 -1.11932 1
25 83 1 4.35314 1
25 84 1 -2.26663 1
25 85 1 -1.88814 1
25 86 1 0.882327 1
25 87 1 0.913736 1
25 88 1 0.280591 1
25 89 1 2.38581 1
25 90 1 -2.82277 1
25 91 1 1.49066 1
25 92 1 1.79675 1
25 93 1 -1.43745 1
25 94 1 -0.20877 1
25 95 1 -3.28811 1
25 8 1 0.482188 1
25 6 1 -2.18735 1
25 121 1 -1.80118 1
121 70 1 5.97106 1
26 64 1 -2.83535 1
26 65 1 2.12887 1
26 66 1 0.582131 1
26 67 1 1.54741 1
26 68 1 1.04174 1
26 69 1 2.55528 1
26 70 1 -2.26559 1
26 71 1 0.722272 1
26 72 1 -2.50351 1
26 73 1 0.982741 1
26 74 1 -4.24287 1
26 75 1 1.97404 1
26 76 1 -0.378644 1
26 77 1 -3.7354 1
26 78 1 3.75622 1
26 79 1 -1.1251 1
26 80 1 -0.133924 1
26 81 1 3.28903 1
26 82 1 0.584644 1
26 83 1 1.45539 1
26 84 1 -4.36171 1
26 85 1 1.42669 1
26 86 1 -4.24551 1
26 87 1 1.45753 1
26 88 1 -3.32118 1
26 89 1 -0.0159563 1
26 90 1 -1.99075 1
26 91 1 -3.59301 1
26 92 1 -1.39689 1
26 93 1 1.60981 1
26 94 1 2.0804 1
26 95 1 -1.19738 1
26 23 1 3.70207 1
26 15 1 3.63456 1
27 64 1 -3.76583 1
27 65 1 3.37609 1
27 66 1 2.90402 1
27 67 1 -2.27286 1
27 68 1 0.603054 1
27 69 1 1.26199 1
27 70 1 3.82547 1
27 71 1 -5.75816 1
27 72 1 -1.03575 1
27 73 1 1.52063 1
27 74 1 -2.41803 1
27 75 1 1.50891 1
27 76 1 -2.37936 1
27 77 1 -1.29243 1
27 78 1 -0.530326 1
27 79 1 0.692791 1
27 80 1 -1.897 1
27 81 1 -1.47138 1
27 82 1 1.17927 1
27 83 1 1.5602 1
27 84 1 0.681417 1
27 85 1 1.27486 1
27 86 1 -1.23664 1
27 87 1 1.38431 1
27 88 1 -3.90971 1
27 89 1 -4.70994 1
27 90 1 3.73914 1
27 91 1 -1.38174 1
27 92 1 -1.207 1
27 93 1 -1.16824 1
27 94 1 3.17974 1
27 95 1 -2.28625 1
27 9 1 0.752429 1
27 5 1 -2.04103 1
28 64 1 2.91195 1
28 65 1 0.421295 1
28 66 1 -2.83641 1
28 67 1 4.55955 1
28 68 1 2.75218 1
28 69 1 1.26221 1
28 70 1 -1.04266 1
28 71 1 -1.68696 1
28 72 1 -6.20918 1
28 73 1 1.74772 1
28 74 1 -0.456257 1
28 75 1 0.35143 1
28 76 1 0.309215 1
28 77 1 1.0777 1
28 78 1 -2.36823 1
28 79 1 0.635654 1
28 80 1 2.76069 1
28 81 1 -0.89859 1
28 82 1 3.23205 1
28 83 1 3.36005 1
28 84 1 2.11856 1
28 85 1 -7.80189 1
28 86 1 -3.23658 1
28 87 1 -2.89439 1
28 88 1 -4.2757 1
28 89 1 0.561634 1
28 90 1 -3.33996 1
28 91 1 -0.954865 1
28 92 1 1.9249 1
28 93 1 -2.74987 1
28 94 1 3.89821 1
28 95 1 -3.50095 1
29 64 1 0.0114783 1
29 65 1 -3.3177 1
29 66 1 -0.566847 1
29 67 1 2.38833 1
29 68 1 -8.15504 1
29 69 1 1.38489 1
29 70 1 -0.4383 1
29 71 1 -1.75727 1
29 72 1 0.673369 1
29 73 1 -1.23242 1
29 74 1 0.0785211 1
29 75 1 0.0747572 1
29 76 1 0.141191 1
29 77 1 1.66377 1
29 78 1 -4.58461 1
29 79 1 -2.63891 1
29 80 1 2.48062 1
29 81 1 0.269349 1
29 82 1 1.48533 1
29 83 1 -1.21936 1
29 84 1 1.6278 1
29 85 1 -0.219511 1
29 86 1 -2.09112 1
29 87 1 -4.75305 1
29 88 1 -1.28362 1
29 89 1 -2.0473 1
29 90 1 -0.622914 1
29 91 1 0.676093 1
29 92 1 0.269103 1
29 93 1 1.14886 1
29 94 1 -1.00476 1
29 95 1 -0.333315 1
29 113 1 0.78783 1
30 64 1 -0.391367 1
30 65 1 1.6186 1
30 66 1 3.54454 1
30 67 1 1.5761 1
30 68 1 1.13655 1
30 69 1 2.8282 1
30 70 1 1.66549 1
30 71 1 -2.80366 1
30 72 1 -0.174934 1
30 73 1 3.43016 1
30 74 1 -0.0650035 1
30 75 1 3.3698 1
30 76 1 2.38527 1
30 77 1 -0.624756 1
30 78 1 2.18047 1
30 79 1 3.09963 1
30 80 1 -0.284589 1
30 81 1 -2.92222 1
30 82 1 3.49361 1
30 83 1 4.35214 1
30 84 1 1.61517 1
30 85 1 -2.54388 1
30 86 1 -1.86858 1
30 87 1 -3.34598 1
30 88 1 1.70816 1
30 89 1 -0.684314 1
30 90 1 1.59223 1
30 91 1 5.77604 1
30 92 1 -1.9711 1
30 93 1 2.33721 1
30 94 1 3.36513 1
30 95 1 -0.71157 1
31 64 1 2.1597 1
31 65 1 -0.455094 1
31 66 1 -2.30346 1
31 67 1 4.63084 1
31 68 1 3.12426 1
31 69 1 1.78429 1
31 70 1 -4.40819 1
31 71 1 1.63772 1
31 72 1 -3.4396 1
31 73 1 -2.10412 1
31 74 1 1.31285 1
31 75 1 0.970978 1
31 76 1 1.02888 1
31 77 1 0.207673 1
31 78 1 -2.77154 1
31 79 1 0.910802 1
31 80 1 -0.384228 1
31 81 1 -1.80465 1
31 82 1 -0.271684 1
31 83 1 -0.948605 1
31 84 1 -2.00874 1
31 85 1 -2.70742 1
31 86 1 0.596528 1
31 87 1 -2.48981 0
31 88 1 3.23511 1
31 89 1 -0.815536 1
31 90 1 1.9253 1
31 91 1 -1.83612 1
31 92 1 -0.00928766 1
31 93 1 1.88744 1
31 94 1 1.25799 1
31 95 1 -1.1501 1
31 122 1 2.36347 1
122 87 1 0.856442 1
32 64 1 7.46533 1
32 65 1 2.01842 1
32 66 1 -3.37048 1
32 67 1 2.05152 1
32 68 1 0.105842 1
32 69 1 1.65895 1
32 70 1 -0.363953 1
32 71 1 1.5724 1
32 72 1 -3.31413 1
32 73 1 1.41219 1
32 74 1 -1.68267 1
32 75 1 3.81204 1
32 76 1 -1.955 1
32 77 1 3.04872 1
32 78 1 -0.0833016 1
32 79 1 1.61099 1
32 80 1 0.30156 1
32 81 1 -1.75574 1
32 82 1 -2.07314 1
32 83 1 -3.02985 1
32 84 1 1.34208 1
32 85 1 -3.37295 1
32 86 1 0.36052 1
32 87 1 -1.16544 1
32 88 1 -1.09374 1
32 89 1 -3.0675 1
32 90 1 1.37146 1
32 91 1 -2.6784 1
32 92 1 1.186 1
32 93 1 0.692604 1
32 94 1 -0.406636 1
32 95 1 -2.2582 1
33 64 1 2.64047 1
33 65 1 -5.55982 1
33 66 1 -0.404927 1
33 67 1 -2.96034 1
33 68 1 -0.26915 1
33 69 1 -1.77274 1
33 70 1 3.65485 1
33 71 1 5.02075 1
33 72 1 0.596373 1
33 73 1 3.76845 1
33 74 1 2.72353 1
33 75 1 -4.93111 1
33 76 1 -1.07994 1
33 77 1 2.38121 1
33 78 1 -2.51406 1
33 79 1 -2.5877 1
33 80 1 2.17602 1
33 81 1 -1.68273 1
33 82 1 0.982119 1
33 83 1 1.74856 1
33 84 1 1.6299 1
33 85 1 -0.0936111 1
33 86 1 0.619787 1
33 87 1 1.14925 1
33 88 1 2.2423 1
33 89 1 3.62045 1
33 90 1 -2.40103 1
33 91 1 1.55901 1
33 92 1 2.20409 1
33 93 1 2.14355 1
33 94 1 0.698474 1
33 95 1 -0.257323 1
33 20 1 -1.72936 1
33 107 1 1.25898 1
33 13 1 -0.337529 1
34 64 1 -0.0137213 1
34 65 1 -1.25313 1
34 66 1 1.6974 1
34 67 1 1.63955 1
34 68 1 0.789784 1
34 69 1 0.104313 1
34 70 1 -1.58043 1
34 71 1 -0.80988 1
34 72 1 -1.52237 1
34 73 1 -3.48136 1
34 74 1 0.968734 1
34 75 1 4.90645 1
34 76 1 -0.959393 1
34 77 1 -0.611113 1
34 78 1 -0.69685 1
34 79 1 2.08841 1
34 80 1 2.57108 1
34 81 1 -0.321123 1
34 82 1 -1.33966 1
34 83 1 0.666167 1
34 84 1 0.345034 1
34 85 1 -0.180686 1
34 86 1 -0.626881 1
34 87 1 -0.970915 1
34 88 1 0.800449 1
34 89 1 -1.50691 1
34 90 1 -4.89769 1
34 91 1 2.72755 1
34 92 1 0.482707 1
34 93 1 -2.75805 1
34 94 1 2.3953 1
34 95 1 1.7123 1
34 113 1 -0.49473 1
35 64 1 -0.404523 1
35 65 1 -1.21277 1
35 66 1 -0.0363935 1
35 67 1 2.02432 1
35 68 1 0.304751 1
35 69 1 4.33115 1
35 70 1 2.58311 1
35 71 1 2.65683 1
35 72 1 2.94053 1
35 73 1 7.27801 1
35 74 1 2.13967 1
35 75 1 -0.775667 1
35 76 1 -3.00331 1
35 77 1 1.31214 1
35 78 1 -1.22859 1
35 79 1 1.39051 1
35 80 1 -8.26335 1
35 81 1 -1.86411 1
35 82 1 1.75061 0
35 83 1 -0.195685 1
35 84 1 3.33509 1
35 85 1 -4.25699 1
35 86 1 -2.33281 1
35 87 1 -2.51611 1
35 88 1 -0.0999181 1
35 89 1 0.427935 0
35 90 1 -0.815779 1
35 91 1 -1.23185 1
35 92 1 -3.23791 1
35 93 1 -1.28305 1
35 94 1 -1.92707 1
35 95 1 0.149675 1
35 130 1 0.323708 1
35 133 1 4.03323 1
133 82 1 1.94628 1
130 89 1 2.0851 1
36 64 1 -0.103385 1
36 65 1 1.64532 1
36 66 1 0.160512 1
36 67 1 0.459215 1
36 68 1 -5.0772 1
36 69 1 -2.47915 1
36 70 1 -0.477943 1
36 71 1 1.67997 1
36 72 1 -0.560692 1
36 73 1 -1.28034 1
36 74 1 -0.741296 1
36 75 1 1.24086 1
36 76 1 2.01649 1
36 77 1 -4.95462 1
36 78 1 -0.412102 1
36 79 1 2.39049 1
36 80 1 1.39669 1
36 81 1 -1.58995 1
36 82 1 -2.09078 0
36 83 1 0.991378 1
36 84 1 1.46772 1
36 85 1 -3.09671 1
36 86 1 1.19208 1
36 87 1 -0.667534 1
36 88 1 0.63922 1
36 89 1 1.12612 1
36 90 1 -2.43166 1
36 91 1 1.25022 1
36 92 1 4.05103 1
36 93 1 0.769361 1
36 94 1 -3.33439 1
36 95 1 5.98043 1
36 109 1 1.25345 0
36 24 1 -0.546821 1
36 117 1 1.41287 1
117 109 1 0.687468 1
109 82 1 1.99441 1
109 31 1 -0.789907 1
37 64 1 -3.90594 1
37 65 1 1.59738 1
37 66 1 -2.04532 1
37 67 1 -0.293577 1
37 68 1 -4.99592 1
37 69 1 1.14615 1
37 70 1 -3.63018 1
37 71 1 -0.632167 1
37 72 1 1.88817 1
37 73 1 2.34777 1
37 74 1 -0.742098 1
37 75 1 1.10041 1
37 76 1 2.99578 0
37 77 1 2.97065 1
37 78 1 -0.344809 1
37 79 1 0.503136 1
37 80 1 3.37526 1
37 81 1 -0.706539 1
37 82 1 4.71658 1
37 83 1 2.08709 1
37 84 1 -4.34761 1
37 85 1 1.70716 1
37 86 1 -0.936121 1
37 87 1 2.30433 1
37 88 1 -2.60201 1
37 89 1 -0.840099 1
37 90 1 -0.357472 1
37 91 1 1.79977 1
37 92 1 3.10881 1
37 93 1 0.227566 1
37 94 1 -2.58546 1
37 95 1 -0.897762 1
37 142 1 1.42957 1
142 76 1 -0.814293 1
142 147 1 -1.42829 1
38 64 1 0.00849124 1
38 65 1 -1.93643 1
38 66 1 -1.09899 1
38 67 1 -0.0925207 1
38 68 1 -2.6462 1
38 69 1 -5.08275 1
38 70 1 -0.446338 1
38 71 1 -0.861413 1
38 72 1 -1.14931 1
38 73 1 -0.124438 1
38 74 1 -1.49128 1
38 75 1 2.35824 1
38 76 1 2.44897 1
38 77 1 -1.30735 1
38 78 1 -1.39986 1
38 79 1 -1.695 1
38 80 1 -5.21433 1
38 81 1 -1.48284 1
38 82 1 3.50519 1
38 83 1 -1.23689 1
38 84 1 -3.21711 1
38 85 1 -3.53125 1
38 86 1 0.0438049 1
38 87 1 -0.268284 1
38 88 1 1.15784 1
38 89 1 3.77476 1
38 90 1 0.124115 1
38 91 1 1.99321 1
38 92 1 1.16321 0
38 93 1 -1.63976 1
38 94 1 0.873638 1
38 95 1 -2.99186 1
38 148 1 1.38259 1
148 92 1 2.51105 1
39 64 1 1.00184 1
39 65 1 -2.18535 1
39 66 1 2.9507 1
39 67 1 -0.224327 1
39 68 1 1.2379 1
39 69 1 -0.279041 1
39 70 1 2.21097 1
39 71 1 -1.3419 1
39 72 1 -2.24491 1
39 73 1 -3.07261 1
39 74 1 1.62896 1
39 75 1 2.37347 0
39 76 1 3.35797 1
39 77 1 -0.112204 1
39 78 1 -2.22492 1
39 79 1 -2.59692 1
39 80 1 1.71928 1
39 81 1 -3.41965 1
39 82 1 0.121817 1
39 83 1 0.0467359 1
39 84 1 -1.71137 1
39 85 1 -0.188864 1
39 86 1 1.6933 1
39 87 1 0.964581 1
39 88 1 -2.75113 1
39 89 1 0.152466 1
39 90 1 4.05219 1
39 91 1 -1.22937 1
39 92 1 4.49306 1
39 93 1 0.64186 1
39 94 1 -3.71939 1
39 95 1 -0.36322 1
39 2 1 -4.36583 1
39 112 1 3.10736 1
39 13 1 0.319919 1
39 104 1 -0.819626 1
112 75 1 -1.86162 1
112 138 1 -1.66162 1
40 64 1 -5.62059 1
40 65 1 -1.2143 1
40 66 1 2.2692 1
40 67 1 1.12221 1
40 68 1 2.29135 1
40 69 1 1.18451 1
40 70 1 -0.769057 1
40 71 1 0.335541 1
40 72 1 4.14853 1
40 73 1 1.67143 1
40 74 1 -0.858384 1
40 75 1 0.522446 1
40 76 1 -0.797571 1
40 77 1 3.42499 1
40 78 1 1.86206 1
40 79 1 -1.41935 1
40 80 1 -0.405295 1
40 81 1 0.480002 1
40 82 1 0.747922 1
40 83 1 -2.58749 1
40 84 1 0.210026 1
40 85 1 2.88225 1
40 86 1 1.52409 1
40 87 1 1.79028 1
40 88 1 1.0733 1
40 89 1 -0.275436 1
40 90 1 -1.25127 1
40 91 1 -1.02121 1
40 92 1 -1.73204 1
40 93 1 2.9756 1
40 94 1 1.20168 1
40 95 1 2.59806 1
40 2 1 -1.07265 1
40 134 1 0.91262 1
41 64 1 4.85391 1
41 65 1 -0.495023 1
41 66 1 0.372227 1
41 67 1 -0.430751 1
41 68 1 2.74358 1
41 69 1 -0.308062 1
41 70 1 1.74785 1
41 71 1 -0.0162973 1
41 72 1 4.0871 1
41 73 1 -5.09646 1
41 74 1 -0.585694 1
41 75 1 2.11325 1
41 76 1 -2.6741 1
41 77 1 -0.100343 1
41 78 1 -3.13142 1
41 79 1 0.950957 1
41 80 1 0.282231 1
41 81 1 3.94232 1
41 82 1 -2.44363 1
41 83 1 1.53896 1
41 84 1 -2.38908 1
41 85 1 -0.120846 1
41 86 1 0.552595 1
41 87 1 1.30292 1
41 88 1 3.52496 1
41 89 1 -2.44311 1
41 90 1 -2.97238 1
41 91 1 -0.657328 1
41 92 1 0.583938 1
41 93 1 -0.725009 1
41 94 1 0.256056 1
41 95 1 0.750866 1
41 11 1 2.92094 1
41 29 1 -1.11386 1
42 64 1 1.80686 1
42 65 1 0.889657 1
42 66 1 0.318333 1
42 67 1 -0.228683 1
42 68 1 -1.33491 1
42 69 1 -1.66953 1
42 70 1 -1.83436 1
42 71 1 -1.01285 1
42 72 1 -0.556257 1
42 73 1 -2.90157 1
42 74 1 1.46938 1
42 75 1 -0.253272 1
42 76 1 -2.62777 1
42 77 1 -0.575794 1
42 78 1 -1.55831 1
42 79 1 0.867383 1
42 80 1 -0.865319 1
42 81 1 1.87789 1
42 82 1 1.92455 1
42 83 1 2.95172 1
42 84 1 1.98652 1
42 85 1 0.411384 1
42 86 1 0.743663 1
42 87 1 -2.90326 1
42 88 1 -1.3195 1
42 89 1 -0.767448 1
42 90 1 0.804814 1
42 91 1 2.6333 1
42 92 1 -1.27163 1
42 93 1 2.57218 1
42 94 1 -1.72132 1
42 95 1 1.31912 1
43 64 1 3.26156 1
43 65 1 -2.52872 1
43 66 1 1.78845 1
43 67 1 1.73809 1
43 68 1 0.199833 1
43 69 1 -0.199776 1
43 70 1 0.163018 1
43 71 1 -3.48803 1
43 72 1 -0.804576 1
43 73 1 -7.6216 1
43 74 1 3.00832 1
43 75 1 -2.04244 1
43 76 1 0.638084 1
43 77 1 0.968481 1
43 78 1 0.150335 1
43 79 1 -2.52463 1
43 80 1 -1.22928 1
43 81 1 2.2043 1
43 82 1 1.33348 1
43 83 1 -2.16326 1
43 84 1 1.14203 1
43 85 1 3.86104 1
43 86 1 1.13337 1
43 87 1 3.71323 1
43 88 1 -0.390146 1
43 89 1 3.80885 1
43 90 1 0.310809 1
43 91 1 -5.36495 1
43 92 1 3.66144 1
43 93 1 2.68805 1
43 94 1 -5.22288 1
43 95 1 2.15482 1
44 64 1 1.42793 1
44 65 1 -2.46618 1
44 66 1 0.494706 1
44 67 1 -1.70124 1
44 68 1 -1.61187 1
44 69 1 -0.966916 1
44 70 1 2.10207 1
44 71 1 1.12375 1
44 72 1 -2.85793 1
44 73 1 0.899238 1
44 74 1 -1.34918 1
44 75 1 -2.78607 1
44 76 1 0.026857 1
44 77 1 1.70491 1
44 78 1 1.55698 1
44 79 1 1.28651 1
44 80 1 5.45433 1
44 81 1 -1.62439 1
44 82 1 1.97351 1
44 83 1 -2.41556 1
44 84 1 0.281754 1
44 85 1 -0.390343 1
44 86 1 0.889033 1
44 87 1 0.386068 1
44 88 1 0.665281 1
44 89 1 1.23329 1
44 90 1 -0.52809 1
44 91 1 -0.677211 1
44 92 1 -0.427494 1
44 93 1 3.50456 1
44 94 1 -1.95287 1
44 95 1 -0.659842 1
44 8 1 0.169648 1
44 29 1 1.06959 1
45 64 1 -0.899177 1
45 65 1 3.02546 1
45 66 1 -1.37092 1
45 67 1 0.681285 1
45 68 1 -1.91752 1
45 69 1 -6.77949 1
45 70 1 -4.66312 1
45 71 1 0.043792 1
45 72 1 -4.5679 1
45 73 1 3.38168 1
45 74 1 2.14418 1
45 75 1 3.82732 1
45 76 1 -0.551531 1
45 77 1 0.705829 1
45 78 1 -3.48537 1
45 79 1 2.47849 1
45 80 1 -2.27897 1
45 81 1 0.464424 1
45 82 1 -1.14907 1
45 83 1 -2.56046 1
45 84 1 2.74538 1
45 85 1 -3.65515 1
45 86 1 2.00671 1
45 87 1 0.248216 1
45 88 1 -0.166094 1
45 89 1 -3.19805 1
45 90 1 0.538205 1
45 91 1 3.39526 1
45 92 1 -3.29265 1
45 93 1 -5.77673 1
45 94 1 2.46145 1
45 95 1 -2.87468 1
45 9 1 3.01257 1
45 20 1 0.112656 1
46 64 1 -0.377207 1
46 65 1 -0.0813623 1
46 66 1 3.23301 1
46 67 1 1.64497 1
46 68 1 -5.74149 1
46 69 1 -1.1372 1
46 70 1 0.275192 1
46 71 1 -0.716538 1
46 72 1 2.95686 1
46 73 1 -2.89375 1
46 74 1 -1.9127 1
46 75 1 2.88334 1
46 76 1 -4.37223 1
46 77 1 1.91031 1
46 78 1 -1.48055 1
46 79 1 -0.580077 1
46 80 1 3.93897 1
46 81 1 0.267993 1
46 82 1 -0.980666 1
46 83 1 1.54636 1
46 84 1 -0.4565 1
46 85 1 2.01236 1
46 86 1 -1.16114 1
46 87 1 2.67066 1
46 88 1 -2.23869 1
46 89 1 -3.76434 1
46 90 1 -3.11235 1
46 91 1 1.3155 1
46 92 1 0.280069 1
46 93 1 -2.14069 1
46 94 1 0.385144 1
46 95 1 -0.442104 1
46 24 1 1.1754 1
47 64 1 -0.189777 1
47 65 1 0.47823 1
47 66 1 -3.22154 1
47 67 1 5.20774 1
47 68 1 -1.3176 1
47 69 1 2.30357 1
47 70 1 -1.66188 1
47 71 1 0.982335 1
47 72 1 0.935517 1
47 73 1 4.59725 0
47 74 1 -0.498911 1
47 75 1 -1.5059 1
47 76 1 -2.26899 1
47 77 1 -7.07641 1
47 78 1 -2.00676 1
47 79 1 2.20681 1
47 80 1 3.25071 1
47 81 1 -6.45017 1
47 82 1 1.00522 1
47 83 1 -0.396082 1
47 84 1 -3.2725 1
47 85 1 0.826753 1
47 86 1 -3.07965 1
47 87 1 4.21513 1
47 88 1 0.963763 1
47 89 1 0.564626 1
47 90 1 6.51999 1
47 91 1 1.31851 1
47 92 1 -1.2867 1
47 93 1 0.504569 1
47 94 1 0.640333 1
47 95 1 -1.13975 1
47 4 1 0.607389 1
47 137 1 1.00233 1
137 73 1 4.63516 1
48 64 1 -0.143077 1
48 65 1 0.462422 1
48 66 1 0.486764 1
48 67 1 -1.06535 1
48 68 1 -4.83572 1
48 69 1 -4.57837 1
48 70 1 0.361992 1
48 71 1 0.782587 1
48 72 1 -3.14463 1
48 73 1 2.26212 1
48 74 1 5.13957 1
48 75 1 -5.4034 1
48 76 1 2.07511 1
48 77 1 -3.11839 1
48 78 1 -0.20749 1
48 79 1 1.73732 1
48 80 1 -0.831965 1
48 81 1 -1.68863 1
48 82 1 0.214991 1
48 83 1 0.0428817 1
48 84 1 1.32341 1
48 85 1 1.47272 1
48 86 1 -2.16744 1
48 87 1 -1.53423 1
48 88 1 -1.89981 1
48 89 1 -0.497735 1
48 90 1 2.25994 1
48 91 1 1.4749 1
48 92 1 -5.30462 1
48 93 1 0.7403 1
48 94 1 3.65769 1
48 95 1 3.37891 1
48 16 1 1.17921 1
48 12 1 -1.14049 1
48 14 1 -2.68538 1
49 64 1 1.22676 1
49 65 1 -1.32381 1
49 66 1 -0.517946 1
49 67 1 -0.722774 1
49 68 1 -1.93486 1
49 69 1 0.836323 1
49 70 1 0.631898 1
49 71 1 -3.98268 1
49 72 1 0.403144 1
49 73 1 -0.321912 1
49 74 1 3.13836 1
49 75 1 1.89675 1
49 76 1 -5.75782 1
49 77 1 -2.94737 1
49 78 1 -2.00859 1
49 79 1 0.966381 1
49 80 1 4.80578 1
49 81 1 -4.12961 1
49 82 1 1.69745 1
49 83 1 -1.14026 1
49 84 1 3.01262 1
49 85 1 -3.13518 1
49 86 1 0.424645 1
49 87 1 -0.5575 1
49 88 1 -1.502 1
49 89 1 0.493371 1
49 90 1 -1.62958 1
49 91 1 0.462053 1
49 92 1 2.4007 1
49 93 1 -0.525987 1
49 94 1 1.16966 1
49 95 1 3.07736 1
49 19 1 -1.88637 1
49 31 1 -0.533413 1
49 15 1 -0.356699 1
50 64 1 -4.47561 1
50 65 1 -2.24048 1
50 66 1 1.77142 1
50 67 1 -0.865868 1
50 68 1 1.65491 1
50 69 1 -0.916841 1
50 70 1 0.246817 1
50 71 1 6.04108 1
50 72 1 -1.98812 1
50 73 1 4.83328 1
50 74 1 -1.04246 1
50 75 1 0.657994 1
50 76 1 -1.28042 1
50 77 1 0.342146 1
50 78 1 3.49556 1
50 79 1 -1.98144 1
50 80 1 0.792329 1
50 81 1 0.661279 1
50 82 1 -0.356513 1
50 83 1 2.54392 1
50 84 1 -1.60174 1
50 85 1 -0.0310306 1
50 86 1 1.28926 1
50 87 1 -2.43032 1
50 88 1 -4.01582 1
50 89 1 0.612333 1
50 90 1 0.474704 1
50 91 1 0.00409425 1
50 92 1 -0.177409 1
50 93 1 -0.197518 1
50 94 1 -3.63192 1
50 95 1 1.20683 1
50 4 1 5.80704 1
50 22 1 -1.79484 1
51 64 1 -1.17402 1
51 65 1 3.49301 1
51 66 1 2.08117 1
51 67 1 -1.04556 1
51 68 1 -0.0940412 1
51 69 1 -1.51947 1
51 70 1 3.33234 1
51 71 1 3.0327 1
51 72 1 -3.37022 1
51 73 1 -2.20707 0
51 74 1 -2.22943 1
51 75 1 5.91546 1
51 76 1 -2.3924 1
51 77 1 1.88619 1
51 78 1 3.52279 1
51 79 1 0.933913 1
51 80 1 0.48141 1
51 81 1 -3.39411 1
51 82 1 1.47565 1
51 83 1 4.34016 1
51 84 1 -2.11027 1
51 85 1 -2.22342 1
51 86 1 -0.778862 1
51 87 1 0.975791 1
51 88 1 1.07617 1
51 89 1 1.29236 1
51 90 1 2.94397 1
51 91 1 1.31205 1
51 92 1 1.76638 1
51 93 1 3.08157 1
51 94 1 -5.86847 1
51 95 1 -2.31418 1
51 116 1 -0.293376 1
51 12 1 -0.857189 1
116 73 1 -1.70634 0
116 134 1 0.206555 1
134 73 1 1.26286 1
52 64 1 -3.28006 1
52 65 1 3.46724 1
52 66 1 1.82292 1
52 67 1 -0.2064 1
52 68 1 0.465037 1
52 69 1 4.95668 1
52 70 1 2.86626 1
52 71 1 -0.416376 1
52 72 1 -0.511947 1
52 73 1 4.05845 1
52 74 1 1.89535 1
52 75 1 -0.560334 1
52 76 1 -3.28269 1
52 77 1 -0.591369 1
52 78 1 2.00239 1
52 79 1 1.73636 1
52 80 1 -1.12409 1
52 81 1 0.916031 1
52 82 1 -2.17353 1
52 83 1 -2.13327 1
52 84 1 1.58164 1
52 85 1 -1.09795 1
52 86 1 -3.05092 1
52 87 1 0.530139 1
52 88 1 2.13527 1
52 89 1 -1.69589 1
52 90 1 0.112874 1
52 91 1 -1.03453 1
52 92 1 0.658609 1
52 93 1 -1.75513 0
52 94 1 1.94722 1
52 95 1 -0.0478549 1
52 115 1 0.131873 1
52 139 1 0.27249 1
139 93 1 -2.69181 1
53 64 1 -3.22235 1
53 65 1 0.0295416 1
53 66 1 -0.356682 1
53 67 1 0.139636 1
53 68 1 2.89685 1
53 69 1 1.47967 1
53 70 1 -1.57885 0
53 71 1 0.536301 1
53 72 1 -1.29145 1
53 73 1 0.880322 1
53 74 1 -1.69972 1
53 75 1 -2.71841 1
53 76 1 0.378422 1
53 77 1 2.13055 1
53 78 1 -1.01644 1
53 79 1 0.436253 1
53 80 1 1.1746 1
53 81 1 1.3306 1
53 82 1 1.45273 1
53 83 1 0.653179 1
53 84 1 2.46686 1
53 85 1 1.03883 1
53 86 1 1.50836 1
53 87 1 0.139781 1
53 88 1 -0.279011 1
53 89 1 -0.323702 1
53 90 1 -2.96396 1
53 91 1 -0.290776 1
53 92 1 2.68117 1
53 93 1 0.664573 1
53 94 1 0.817069 1
53 95 1 -1.80153 1
53 20 1 3.4022 1
53 23 1 1.01471 1
53 149 1 0.732262 1
149 70 1 -1.45257 1
54 64 1 1.83078 1
54 65 1 -0.580405 1
54 66 1 -2.08532 1
54 67 1 -0.0106422 1
54 68 1 2.91463 1
54 69 1 -2.82363 1
54 70 1 0.747992 1
54 71 1 3.35508 1
54 72 1 0.986649 1
54 73 1 0.932071 1
54 74 1 0.0557405 1
54 75 1 -1.4299 1
54 76 1 -1.33398 1
54 77 1 2.66764 1
54 78 1 -0.0248248 1
54 79 1 0.311339 1
54 80 1 0.249184 1
54 81 1 3.02468 1
54 82 1 -2.84996 1
54 83 1 6.72866 1
54 84 1 1.95842 1
54 85 1 -0.331409 1
54 86 1 -3.6199 1
54 87 1 -0.696819 1
54 88 1 1.60609 1
54 89 1 3.4986 1
54 90 1 -2.91546 1
54 91 1 2.53829 1
54 92 1 -0.926145 1
54 93 1 1.47314 1
54 94 1 -2.6246 1
54 95 1 -2.89091 1
54 30 1 -1.36954 1
54 144 1 1.13111 1
55 64 1 0.81502 1
55 65 1 -2.39773 1
55 66 1 -1.86936 1
55 67 1 -0.927962 1
55 68 1 -2.3807 1
55 69 1 3.12264 1
55 70 1 2.61219 1
55 71 1 -5.33582 1
55 72 1 2.65185 1
55 73 1 1.31579 1
55 74 1 1.76415 1
55 75 1 -3.13382 1
55 76 1 -4.37434 1
55 77 1 1.85374 1
55 78 1 -0.847327 1
55 79 1 1.33477 1
55 80 1 -1.49319 1
55 81 1 0.929164 1
55 82 1 -1.33664 1
55 83 1 -0.635704 1
55 84 1 -0.409254 1
55 85 1 -5.42886 1
55 86 1 0.679022 1
55 87 1 1.1554 1
55 88 1 -2.87887 1
55 89 1 -0.828971 1
55 90 1 0.40876 1
55 91 1 2.19231 1
55 92 1 5.95224 1
55 93 1 -3.75609 1
55 94 1 -3.15174 1
55 95 1 -1.2997 0
55 28 1 5.2547 1
55 114 1 1.05362 1
114 95 1 -1.40201 1
56 64 1 1.07061 1
56 65 1 -3.65202 1
56 66 1 0.275381 1
56 67 1 -0.883025 1
56 68 1 -0.551778 0
56 69 1 -1.14465 1
56 70 1 0.297758 1
56 71 1 1.5562 1
56 72 1 -0.608889 1
56 73 1 -1.46304 1
56 74 1 3.87029 1
56 75 1 3.34279 1
56 76 1 -4.10563 1
56 77 1 -1.13718 1
56 78 1 -3.67696 1
56 79 1 0.210053 1
56 80 1 -1.03881 1
56 81 1 2.88876 1
56 82 1 3.12832 1
56 83 1 -2.53165 1
56 84 1 -1.04066 1
56 85 1 -1.96705 1
56 86 1 2.54219 1
56 87 1 -3.37546 1
56 88 1 0.236657 1
56 89 1 -1.83582 1
56 90 1 -1.16437 1
56 91 1 -0.989487 1
56 92 1 1.42594 1
56 93 1 3.98201 1
56 94 1 -1.46617 1
56 95 1 0.734449 1
56 3 1 -1.7244 1
56 126 1 3.60129 1
126 68 1 0.77246 1
126 11 1 -2.07339 1
57 64 1 -3.95404 1
57 65 1 3.10309 1
57 66 1 -3.13912 1
57 67 1 -1.75699 1
57 68 1 3.70381 1
57 69 1 -1.05276 0
57 70 1 0.735936 1
57 71 1 3.67182 1
57 72 1 0.536406 1
57 73 1 -1.64425 1
57 74 1 2.76797 1
57 75 1 3.44624 1
57 76 1 2.56663 1
57 77 1 -4.32416 1
57 78 1 -1.47072 1
57 79 1 -2.80452 1
57 80 1 1.0299 1
57 81 1 4.19111 1
57 82 1 3.66552 1
57 83 1 -2.92831 1
57 84 1 1.39421 1
57 85 1 -2.90553 1
57 86 1 -0.238511 1
57 87 1 1.2297 1
57 88 1 -1.11989 1
57 89 1 -1.44685 1
57 90 1 0.673234 1
57 91 1 -1.91127 1
57 92 1 -1.8514 1
57 93 1 0.0999008 1
57 94 1 -1.2587 1
57 95 1 3.18503 1
57 104 1 2.61133 1
57 22 1 0.428612 1
104 69 1 2.05844 1
104 1 1 -1.14236 1
58 64 1 2.61801 1
58 65 1 -1.33577 1
58 66 1 -0.501641 1
58 67 1 -1.88232 1
58 68 1 -0.616463 1
58 69 1 -0.652943 1
58 70 1 -2.2798 1
58 71 1 0.72773 1
58 72 1 -0.208241 1
58 73 1 -1.10236 1
58 74 1 3.24196 1
58 75 1 3.30425 1
58 76 1 4.18784 1
58 77 1 2.27588 1
58 78 1 -1.02789 1
58 79 1 0.332299 0
58 80 1 -4.29066 1
58 81 1 1.80314 1
58 82 1 0.687005 1
58 83 1 0.932303 1
58 84 1 -0.81125 1
58 85 1 1.61676 1
58 86 1 1.98891 1
58 87 1 -0.998602 1
58 88 1 -2.75696 1
58 89 1 -0.676736 1
58 90 1 -2.39718 1
58 91 1 -1.57248 1
58 92 1 1.54325 1
58 93 1 2.44632 1
58 94 1 -2.60623 1
58 95 1 1.86407 1
58 128 1 0.0511863 1
128 79 1 0.292031 0
128 131 1 -0.279229 1
131 79 1 0.441206 1
59 64 1 -2.3282 1
59 65 1 1.14468 1
59 66 1 1.32646 1
59 67 1 -2.87037 1
59 68 1 1.13452 1
59 69 1 -2.17632 1
59 70 1 -2.04617 1
59 71 1 2.36629 1
59 72 1 -0.0775524 1
59 73 1 -0.571964 1
59 74 1 -0.0370372 1
59 75 1 -1.40259 1
59 76 1 2.00731 1
59 77 1 0.861605 0
59 78 1 1.24242 1
59 79 1 -2.47635 1
59 80 1 0.0811596 1
59 81 1 1.04556 1
59 82 1 -4.67944 1
59 83 1 3.46573 1
59 84 1 -0.935908 1
59 85 1 -2.25273 1
59 86 1 -3.71738 1
59 87 1 1.58658 1
59 88 1 4.87449 1
59 89 1 -0.93992 1
59 90 1 1.31147 1
59 91 1 -1.18787 1
59 92 1 2.14268 1
59 93 1 1.75382 1
59 94 1 -5.05214 1
59 95 1 1.41331 1
59 97 1 2.06538 1
59 5 1 -2.23253 1
59 11 1 -0.71682 1
59 13 1 1.11672 1
97 77 1 -5.85336 1
97 22 1 -2.82681 1
97 2 1 -5.24721 0
97 99 1 2.11533 1
97 7 1 3.60198 0
97 102 1 2.17163 1
97 17 1 2.14806 1
102 7 1 4.05109 1
99 2 1 2.04545 0
99 108 1 4.52145 1
99 15 1 -0.337398 1
108 2 1 -1.16861 0
108 125 1 4.70808 1
125 2 1 0.0661015 1
60 64 1 2.23157 1
60 65 1 -0.198104 1
60 66 1 -0.114428 1
60 67 1 -0.312452 1
60 68 1 0.458894 1
60 69 1 0.843384 1
60 70 1 -2.86934 1
60 71 1 0.593807 1
60 72 1 1.09383 0
60 73 1 0.715686 1
60 74 1 1.3407 1
60 75 1 -1.09117 1
60 76 1 0.808004 1
60 77 1 3.43231 1
60 78 1 -2.09052 1
60 79 1 -0.439888 1
60 80 1 -4.58107 1
60 81 1 -1.294 1
60 82 1 -1.68189 1
60 83 1 -0.224789 1
60 84 1 -3.50956 1
60 85 1 3.649 1
60 86 1 1.47886 1
60 87 1 0.288431 1
60 88 1 -5.04606 1
60 89 1 -0.0148068 1
60 90 1 -2.04159 1
60 91 1 0.159701 1
60 92 1 0.979457 1
60 93 1 3.39754 1
60 94 1 0.163521 1
60 95 1 0.7179 1
60 24 1 -2.90555 1
60 0 1 1.74496 1
60 115 1 2.69019 1
60 3 1 -0.375991 1
115 72 1 -1.21785 1
115 18 1 0.570705 1
61 64 1 0.26945 1
61 65 1 -0.77324 1
61 66 1 1.90453 1
61 67 1 0.641917 1
61 68 1 -3.41711 1
61 69 1 3.30326 1
61 70 1 -0.30147 1
61 71 1 -0.796685 1
61 72 1 -2.22119 1
61 73 1 1.35916 1
61 74 1 2.59211 1
61 75 1 2.50746 1
61 76 1 0.366107 1
61 77 1 0.16098 0
61 78 1 0.448577 1
61 79 1 -1.51171 1
61 80 1 -0.046861 1
61 81 1 -0.38825 1
61 82 1 -0.0124284 1
61 83 1 -0.180591 1
61 84 1 -2.58907 1
61 85 1 -0.582424 1
61 86 1 0.0155445 1
61 87 1 2.17916 1
61 88 1 0.499074 1
61 89 1 2.12144 1
61 90 1 0.0922789 1
61 91 1 2.35499 1
61 92 1 -2.22494 1
61 93 1 -0.389458 1
61 94 1 0.934345 1
61 95 1 -1.99463 1
61 107 1 1.13282 1
61 113 1 -2.67172 1
61 14 1 -1.65266 1
107 77 1 -5.36386 0
107 113 1 0.749057 1
107 14 1 -1.32788 1
113 77 1 -2.18566 1
113 23 1 -1.53963 1
62 64 1 0.925441 1
62 65 1 -2.8201 1
62 66 1 4.03636 1
62 67 1 -2.6174 1
62 68 1 1.59899 1
62 69 1 -1.69367 1
62 70 1 2.24783 1
62 71 1 -2.12824 1
62 72 1 0.682019 1
62 73 1 2.29987 1
62 74 1 4.75451 1
62 75 1 0.309923 1
62 76 1 4.37294 1
62 77 1 -4.12593 1
62 78 1 -1.81395 1
62 79 1 -1.18144 1
62 80 1 -1.16437 1
62 81 1 -0.57143 1
62 82 1 -2.46341 1
62 83 1 1.69749 1
62 84 1 -1.01012 0
62 85 1 0.135095 1
62 86 1 4.01563 1
62 87 1 -2.67225 1
62 88 1 0.776718 1
62 89 1 -1.77653 1
62 90 1 -6.47233 1
62 91 1 1.03101 1
62 92 1 -0.900355 1
62 93 1 -0.169937 1
62 94 1 1.49406 1
62 95 1 -0.904551 1
62 5 1 2.09603 1
62 138 1 1.79855 1
138 84 1 -0.140831 1
63 64 1 2.52363 1
63 65 1 -1.76985 1
63 66 1 3.51224 1
63 67 1 0.00113965 1
63 68 1 -0.820856 1
63 69 1 -4.2668 1
63 70 1 -1.21574 1
63 71 1 2.53754 1
63 72 1 -0.0651086 1
63 73 1 -0.43477 1
63 74 1 -6.16545 1
63 75 1 1.30656 1
63 76 1 -2.63101 0
63 77 1 1.77573 1
63 78 1 0.645822 1
63 79 1 1.20376 1
63 80 1 1.35221 1
63 81 1 0.156833 1
63 82 1 1.08174 1
63 83 1 -2.6617 1
63 84 1 -2.18983 1
63 85 1 -4.10374 1
63 86 1 5.34209 1
63 87 1 -2.49238 0
63 88 1 -0.11308 1
63 89 1 -0.813227 1
63 90 1 2.81327 1
63 91 1 -1.01597 1
63 92 1 -1.15738 1
63 93 1 2.32741 1
63 94 1 -4.55744 1
63 95 1 0.0175326 1
63 141 1 1.58704 1
63 144 1 0.342901 1
144 76 1 -1.85589 0
144 147 1 1.06786 1
147 76 1 -2.77889 1
141 87 1 -6.51737 1
141 10 1 -0.788393 1
