150 64 32
2.4561 0.595342 -6.4656 5.23409 -3.38687 1.69692 0.8275 -0.0166687 0.0888308 2.41294 2.98943 3.13262 -3.41285 -3.44165 -1.15068 -2.92589 0.524445 1.23959 -1.33345 -0.652993 -1.80099 0.142367 -1.17871 0.309899 -3.72664 -0.148137 3.7729 2.17155 -2.59024 -3.11101 -4.12641 2.0128 -1.29923 0.936888 1.68662 1.83955 -3.34343 -0.89131 1.07372 -1.69296 -1.26962 0.284413 -0.419152 -4.32329 -2.07713 -0.311112 -2.46818 2.80195 -0.188468 2.29838 0.793513 -3.42824 -3.08344 0.069162 -1.22321 4.26624 -1.74814 0.284326 0.607556 -1.67812 0.910984 -0.26893 -0.777729 -3.60264 -4.36165 -0.223056 4.18643 1.69059 -3.61816 1.40169 -3.63624 -1.2643 -2.11239 -3.03194 2.78611 3.21504 -1.60865 -0.802638 1.21862 -3.24865 0.250434 -1.01563 -2.88265 0.527094 1.36683 -0.305015 -2.32802 1.13149 4.69466 -0.243038 -2.89428 3.40592 -1.31429 1.08084 1.59577 -1.50196 -1.48749 0.289057 -0.463393 -0.616492 2.80445 -3.45474 -5.20283 -2.87016 -2.81711 1.04389 -1.72486 -3.2893 -1.59915 1.25067 -1.14296 1.47744 2.46438 -3.60505 -0.34413 -0.868299 -3.16254 -0.0604311 -1.40345 -0.891657 1.59996 0.593788 0.464818 2.35347 1.34333 3.03445 0.705912 0.936501 1.7033 2.21477 -0.141505 -1.64928 -0.550954 -0.170056 -0.856738 -0.916463 -0.381892 -1.38585 -1.48055 -1.09853 0.251209 -0.278275 -1.18375 0.493768 0.449846 0.0494766 0.589272 0.936555 0.837516 -0.460669 
0 64 1 -4.55455 1
0 65 1 1.38441 1
0 66 1 2.50195 1
0 67 1 -0.711716 1
0 68 1 -1.64892 1
0 69 1 1.13359 1
0 70 1 -0.241011 1
0 71 1 -0.788603 1
0 72 1 0.843511 1
0 73 1 -2.18556 1
0 74 1 -3.10162 1
0 75 1 0.925331 1
0 76 1 2.45528 1
0 77 1 0.830767 1
0 78 1 -2.83984 1
0 79 1 2.94344 1
0 80 1 1.60478 1
0 81 1 2.37329 1
0 82 1 3.31583 1
0 83 1 2.42688 1
0 84 1 -2.98856 1
0 85 1 3.81368 1
0 86 1 -3.32421 1
0 87 1 -1.85883 1
0 88 1 0.00626448 1
0 89 1 2.32273 1
0 90 1 4.62826 1
0 91 1 4.82539 1
0 92 1 -2.69415 1
0 93 1 -1.19541 1
0 94 1 0.44958 1
0 95 1 1.43788 1
0 10 1 -2.02686 1
1 64 1 -1.58658 1
1 65 1 -1.7715 1
1 66 1 2.22544 1
1 67 1 -3.15001 1
1 68 1 4.64509 1
1 69 1 -0.725933 1
1 70 1 1.53669 1
1 71 1 -2.00262 1
1 72 1 -2.0944 1
1 73 1 -1.86352 1
1 74 1 -3.08533 1
1 75 1 3.22977 1
1 76 1 -1.30183 1
1 77 1 5.54819 1
1 78 1 -2.07409 1
1 79 1 -0.228557 1
1 80 1 -3.4355 1
1 81 1 1.08325 1
1 82 1 -1.31634 1
1 83 1 -5.30307 1
1 84 1 -0.740214 1
1 85 1 -1.22822 1
1 86 1 2.19486 1
1 87 1 -1.43796 1
1 88 1 0.120098 1
1 89 1 3.64431 1
1 90 1 -2.12134 1
1 91 1 -2.05159 1
1 92 1 -1.07459 1
1 93 1 0.247828 1
1 94 1 -1.51635 1
1 95 1 -4.93943 1
1 27 1 0.195022 1
2 64 1 0.162425 1
2 65 1 1.9792 1
2 66 1 -3.22267 1
2 67 1 -1.38268 1
2 68 1 -2.06973 1
2 69 1 1.81713 1
2 70 1 -1.48762 1
2 71 1 3.52909 1
2 72 1 -1.59236 1
2 73 1 -3.03856 1
2 74 1 -3.80646 1
2 75 1 -1.24446 1
2 76 1 -4.75369 1
2 77 1 0.803638 1
2 78 1 -1.16181 1
2 79 1 -4.70735 1
2 80 1 -4.95712 1
2 81 1 -3.77351 1
2 82 1 -0.445179 1
2 83 1 -2.96095 1
2 84 1 0.107014 1
2 85 1 2.77946 1
2 86 1 -0.754115 1
2 87 1 -0.478437 1
2 88 1 -0.123466 1
2 89 1 -2.99588 1
2 90 1 -3.5906 1
2 91 1 -1.80201 1
2 92 1 2.76663 1
2 93 1 -3.3478 1
2 94 1 1.93913 1
2 95 1 -0.744563 1
2 100 1 -0.871026 1
2 6 1 4.01644 1
2 110 1 -0.0121666 1
3 64 1 -2.94681 1
3 65 1 -0.898896 1
3 66 1 -0.0346018 1
3 67 1 1.56184 1
3 68 1 4.24607 1
3 69 1 -3.1909 1
3 70 1 0.900233 1
3 71 1 0.875228 1
3 72 1 6.672 1
3 73 1 -0.750189 1
3 74 1 0.979887 1
3 75 1 3.06192 1
3 76 1 1.30508 1
3 77 1 -0.838453 1
3 78 1 -1.56569 1
3 79 1 -0.184715 1
3 80 1 -2.54038 1
3 81 1 -1.65916 1
3 82 1 6.36794 1
3 83 1 1.00072 1
3 84 1 0.888204 1
3 85 1 -3.60233 1
3 86 1 0.117555 1
3 87 1 1.9734 1
3 88 1 -0.88067 1
3 89 1 1.88454 1
3 90 1 1.25821 1
3 91 1 1.46775 1
3 92 1 0.0735669 1
3 93 1 -2.22932 1
3 94 1 -2.94002 1
3 95 1 2.00494 0
3 110 1 2.005 1
110 95 1 -1.84704 0
110 111 1 -0.632557 0
110 132 1 2.81883 1
132 111 1 2.29141 1
111 95 1 -2.23586 1
4 64 1 1.16517 1
4 65 1 -0.319925 1
4 66 1 -1.63676 1
4 67 1 2.99439 1
4 68 1 -1.91996 1
4 69 1 1.57722 1
4 70 1 -0.0459472 1
4 71 1 -0.41571 1
4 72 1 1.19234 1
4 73 1 -0.384405 0
4 74 1 -0.149494 1
4 75 1 -4.94014 0
4 76 1 0.891588 1
4 77 1 3.1286 1
4 78 1 2.5911 1
4 79 1 2.75081 1
4 80 1 -2.99088 1
4 81 1 0.020575 1
4 82 1 0.870174 1
4 83 1 -2.74712 1
4 84 1 0.00125895 1
4 85 1 2.6976 1
4 86 1 2.57054 1
4 87 1 0.32791 1
4 88 1 -3.1012 1
4 89 1 -0.530263 1
4 90 1 3.11816 1
4 91 1 -5.5887 1
4 92 1 -0.882223 1
4 93 1 0.928797 0
4 94 1 -1.40584 1
4 95 1 1.72547 1
4 101 1 3.04532 1
4 17 1 2.14128 1
4 118 1 1.38844 1
4 145 1 0.603866 1
145 93 1 0.740736 1
118 73 1 -3.17776 1
101 75 1 1.40009 1
5 64 1 -3.03923 1
5 65 1 1.76148 1
5 66 1 -2.27987 1
5 67 1 5.59485 1
5 68 1 3.60819 1
5 69 1 3.46343 1
5 70 1 -3.53695 1
5 71 1 -0.649311 1
5 72 1 1.13594 1
5 73 1 -2.07783 1
5 74 1 -1.2661 1
5 75 1 2.05532 1
5 76 1 3.02421 1
5 77 1 0.891554 1
5 78 1 -0.431493 1
5 79 1 -0.0833738 1
5 80 1 1.80228 1
5 81 1 -1.92666 1
5 82 1 -0.0868233 1
5 83 1 4.57043 1
5 84 1 1.05987 1
5 85 1 2.25212 1
5 86 1 -3.58709 1
5 87 1 0.289649 1
5 88 1 -2.23107 1
5 89 1 -2.73284 1
5 90 1 -2.17257 1
5 91 1 -0.611567 1
5 92 1 -1.74284 1
5 93 1 1.25134 1
5 94 1 -1.39281 1
5 95 1 0.199989 1
5 28 1 0.556242 1
6 64 1 0.0448272 1
6 65 1 -0.876703 1
6 66 1 2.36078 1
6 67 1 2.57994 1
6 68 1 -4.13113 1
6 69 1 -0.967647 1
6 70 1 -1.37182 1
6 71 1 -0.0197409 1
6 72 1 1.88717 1
6 73 1 -2.61534 1
6 74 1 -4.16592 1
6 75 1 1.1875 1
6 76 1 3.27393 1
6 77 1 -0.0952796 1
6 78 1 -2.05578 1
6 79 1 -2.3659 1
6 80 1 2.45013 1
6 81 1 -0.678122 1
6 82 1 1.66737 1
6 83 1 1.47028 1
6 84 1 1.42331 1
6 85 1 -1.8963 1
6 86 1 -0.529918 1
6 87 1 3.29864 1
6 88 1 -3.26143 1
6 89 1 -2.14481 1
6 90 1 4.24373 1
6 91 1 -0.988628 1
6 92 1 3.27322 1
6 93 1 -2.75524 1
6 94 1 -2.89648 1
6 95 1 1.33323 1
6 26 1 0.356972 1
7 64 1 3.72763 1
7 65 1 0.919169 1
7 66 1 -1.72806 1
7 67 1 -4.4671 1
7 68 1 -1.77169 1
7 69 1 -0.312788 1
7 70 1 4.88582 1
7 71 1 0.775356 1
7 72 1 3.28936 1
7 73 1 -1.03811 1
7 74 1 -1.86339 1
7 75 1 -1.62615 1
7 76 1 2.5857 1
7 77 1 -0.808756 1
7 78 1 2.16912 1
7 79 1 1.49338 1
7 80 1 -0.389375 1
7 81 1 1.1688 1
7 82 1 -4.02689 0
7 83 1 1.36672 0
7 84 1 -2.22945 1
7 85 1 3.53289 1
7 86 1 0.849279 1
7 87 1 3.00135 1
7 88 1 -2.58591 1
7 89 1 -2.22372 1
7 90 1 -0.914908 1
7 91 1 -3.18615 1
7 92 1 1.7063 1
7 93 1 -1.99884 1
7 94 1 -0.486896 1
7 95 1 2.72537 1
7 100 1 -0.21254 1
7 127 1 0.944533 1
127 82 1 -3.44002 1
100 83 1 1.93458 1
100 24 1 -0.8767 0
100 106 1 4.02657 1
106 24 1 -4.99094 1
106 6 1 -1.18642 1
8 64 1 1.99437 1
8 65 1 -3.45683 1
8 66 1 -0.417527 1
8 67 1 1.30545 1
8 68 1 -1.4516 1
8 69 1 3.09362 1
8 70 1 1.18223 1
8 71 1 3.69884 1
8 72 1 2.83308 1
8 73 1 -0.195034 1
8 74 1 -0.479428 1
8 75 1 -2.75274 1
8 76 1 -0.543211 1
8 77 1 3.83461 1
8 78 1 -0.238994 1
8 79 1 -1.83497 1
8 80 1 0.0976711 1
8 81 1 -0.285114 1
8 82 1 0.922446 1
8 83 1 -3.00398 1
8 84 1 4.15392 1
8 85 1 8.06051 1
8 86 1 5.10168 1
8 87 1 0.90667 1
8 88 1 0.252986 1
8 89 1 2.81853 1
8 90 1 -1.45691 1
8 91 1 -0.276108 1
8 92 1 3.03661 1
8 93 1 4.99912 1
8 94 1 5.08186 1
8 95 1 0.31462 1
8 17 1 -1.23112 1
9 64 1 -3.61197 1
9 65 1 -3.5931 1
9 66 1 0.998188 1
9 67 1 1.83764 1
9 68 1 -0.966044 1
9 69 1 0.232787 1
9 70 1 -5.11243 1
9 71 1 -0.286138 1
9 72 1 2.80254 1
9 73 1 -1.49793 1
9 74 1 0.177576 1
9 75 1 0.419141 1
9 76 1 2.11367 1
9 77 1 -0.509286 1
9 78 1 2.66451 1
9 79 1 1.8524 1
9 80 1 -1.18752 1
9 81 1 -0.242894 1
9 82 1 -2.76185 1
9 83 1 -0.782144 1
9 84 1 3.77677 1
9 85 1 2.76775 1
9 86 1 -1.18171 1
9 87 1 1.2741 1
9 88 1 -0.114845 1
9 89 1 5.65349 1
9 90 1 -0.470046 1
9 91 1 0.883112 1
9 92 1 -1.23482 1
9 93 1 -0.626643 1
9 94 1 -2.38564 1
9 95 1 1.54841 1
9 103 1 -0.781117 1
9 130 1 -0.27596 1
10 64 1 0.512305 1
10 65 1 -0.55864 1
10 66 1 5.52696 1
10 67 1 -5.30651 1
10 68 1 3.25318 1
10 69 1 -0.579276 1
10 70 1 -0.563483 1
10 71 1 -1.54921 1
10 72 1 4.28232 1
10 73 1 2.93816 1
10 74 1 1.45819 0
10 75 1 -0.153875 1
10 76 1 2.44197 1
10 77 1 0.963704 1
10 78 1 -0.689558 1
10 79 1 -4.71451 1
10 80 1 -2.19404 1
10 81 1 3.08694 1
10 82 1 2.53373 1
10 83 1 2.06284 1
10 84 1 3.66829 1
10 85 1 2.49015 1
10 86 1 -1.60027 1
10 87 1 0.109512 1
10 88 1 2.79349 1
10 89 1 -0.0571796 1
10 90 1 -0.825133 1
10 91 1 3.19226 1
10 92 1 -0.0623064 1
10 93 1 -1.20885 1
10 94 1 3.60517 1
10 95 1 5.62505 1
10 124 1 2.05765 1
124 74 1 0.286945 1
11 64 1 3.15342 1
11 65 1 1.13611 1
11 66 1 2.55485 1
11 67 1 -1.39342 1
11 68 1 5.01541 1
11 69 1 0.534129 1
11 70 1 3.09679 1
11 71 1 1.61852 1
11 72 1 -2.65937 1
11 73 1 0.717053 1
11 74 1 -0.707061 0
11 75 1 -1.47762 1
11 76 1 -1.45169 1
11 77 1 -0.151355 1
11 78 1 -1.33985 1
11 79 1 -0.577934 1
11 80 1 -2.75619 1
11 81 1 0.508153 1
11 82 1 5.04036 1
11 83 1 1.19842 1
11 84 1 2.23085 1
11 85 1 -1.94247 1
11 86 1 -4.38588 1
11 87 1 -1.3777 1
11 88 1 -3.16135 1
11 89 1 -0.229609 1
11 90 1 -1.71217 1
11 91 1 0.132375 1
11 92 1 -2.32899 1
11 93 1 3.26545 1
11 94 1 -1.12648 1
11 95 1 -5.46412 1
11 120 1 -4.29684 1
11 109 1 1.09255 1
120 74 1 -1.53851 1
120 13 1 0.735623 1
12 64 1 -0.317007 1
12 65 1 0.46778 1
12 66 1 -1.95069 1
12 67 1 -2.8078 1
12 68 1 0.781071 1
12 69 1 1.2794 1
12 70 1 -0.857771 1
12 71 1 1.92584 1
12 72 1 1.10097 1
12 73 1 -4.66995 1
12 74 1 -4.14637 1
12 75 1 -2.1085 1
12 76 1 -0.422616 1
12 77 1 0.248152 1
12 78 1 -0.0564927 1
12 79 1 -0.616497 1
12 80 1 -1.17825 1
12 81 1 -1.50126 1
12 82 1 2.69141 1
12 83 1 0.454871 1
12 84 1 1.05173 1
12 85 1 -1.35447 1
12 86 1 0.28796 1
12 87 1 1.06926 1
12 88 1 -2.786 1
12 89 1 3.20509 1
12 90 1 -0.382789 1
12 91 1 -2.34847 1
12 92 1 1.04391 1
12 93 1 -2.94682 1
12 94 1 2.57622 1
12 95 1 -2.27585 1
12 17 1 0.470676 1
12 18 1 0.00804494 1
13 64 1 0.735309 1
13 65 1 -4.14921 1
13 66 1 -0.278823 1
13 67 1 1.53807 1
13 68 1 1.40425 1
13 69 1 -2.57663 1
13 70 1 0.817238 1
13 71 1 0.96685 1
13 72 1 0.763803 1
13 73 1 -3.38587 1
13 74 1 -1.70279 1
13 75 1 -1.75564 1
13 76 1 0.109239 1
13 77 1 -2.59987 1
13 78 1 1.86612 1
13 79 1 0.937139 1
13 80 1 1.26266 1
13 81 1 0.511703 1
13 82 1 -0.29602 1
13 83 1 1.48454 1
13 84 1 -2.45209 1
13 85 1 6.09502 1
13 86 1 5.95869 1
13 87 1 6.18461 1
13 88 1 2.27411 1
13 89 1 -0.20838 1
13 90 1 -3.84798 1
13 91 1 -3.68908 1
13 92 1 -1.21495 1
13 93 1 -3.62717 1
13 94 1 0.809913 1
13 95 1 -3.64919 1
14 64 1 -2.08979 1
14 65 1 4.93523 1
14 66 1 0.868947 1
14 67 1 -0.868726 1
14 68 1 -1.80806 1
14 69 1 4.11501 1
14 70 1 -1.48704 1
14 71 1 1.01242 1
14 72 1 1.5758 1
14 73 1 -0.66039 1
14 74 1 0.375088 1
14 75 1 1.4839 1
14 76 1 -0.807747 1
14 77 1 2.07123 1
14 78 1 -2.56739 1
14 79 1 -1.61727 1
14 80 1 -1.17986 1
14 81 1 0.526616 0
14 82 1 5.86899 1
14 83 1 -0.640871 1
14 84 1 0.531749 1
14 85 1 -2.30128 1
14 86 1 1.46539 1
14 87 1 -2.1262 1
14 88 1 -0.775425 1
14 89 1 0.31391 1
14 90 1 0.748446 1
14 91 1 4.04465 1
14 92 1 1.79097 1
14 93 1 1.01958 1
14 94 1 5.70382 1
14 95 1 -0.144615 1
14 104 1 -2.83458 1
14 119 1 1.62633 1
119 81 1 5.10891 1
119 99 1 -1.3652 1
15 64 1 0.108511 1
15 65 1 1.8388 1
15 66 1 -3.35614 1
15 67 1 -1.38595 1
15 68 1 0.199523 1
15 69 1 -2.08495 1
15 70 1 7.27793 1
15 71 1 -1.29896 1
15 72 1 -0.659746 1
15 73 1 -0.611424 1
15 74 1 1.79937 1
15 75 1 -1.54846 1
15 76 1 -0.738103 1
15 77 1 0.783658 1
15 78 1 -1.5809 1
15 79 1 -0.243357 1
15 80 1 1.4581 1
15 81 1 0.682535 1
15 82 1 -3.18006 1
15 83 1 -0.751396 1
15 84 1 2.82361 1
15 85 1 -0.721492 1
15 86 1 1.54561 1
15 87 1 -5.02095 1
15 88 1 0.88888 1
15 89 1 2.51037 1
15 90 1 0.13851 1
15 91 1 -4.48325 1
15 92 1 1.63485 1
15 93 1 -1.40445 1
15 94 1 1.26441 1
15 95 1 2.35361 1
15 20 1 0.62124 1
16 64 1 3.82063 1
16 65 1 0.0453984 1
16 66 1 -3.38571 1
16 67 1 -3.86107 1
16 68 1 1.32794 1
16 69 1 0.126844 1
16 70 1 2.26759 1
16 71 1 4.16931 1
16 72 1 -0.183416 1
16 73 1 -2.62397 1
16 74 1 1.39551 1
16 75 1 0.571483 1
16 76 1 -0.134512 1
16 77 1 1.2333 1
16 78 1 -1.19212 1
16 79 1 -0.698162 1
16 80 1 0.932884 1
16 81 1 3.34966 1
16 82 1 -1.46123 1
16 83 1 2.59738 1
16 84 1 -1.59668 1
16 85 1 -0.825808 1
16 86 1 -1.41942 1
16 87 1 -1.17639 1
16 88 1 0.861408 1
16 89 1 0.571516 1
16 90 1 -0.540944 1
16 91 1 2.87103 1
16 92 1 3.45881 1
16 93 1 -1.80989 1
16 94 1 -1.0663 1
16 95 1 -2.52325 1
16 26 1 -0.651833 1
17 64 1 -2.86906 1
17 65 1 -0.952018 1
17 66 1 -2.2764 1
17 67 1 4.96696 1
17 68 1 -1.35078 1
17 69 1 0.162136 1
17 70 1 0.817263 1
17 71 1 0.789915 1
17 72 1 -6.15283 0
17 73 1 -0.0204329 1
17 74 1 3.73557 1
17 75 1 1.3002 1
17 76 1 -0.454711 1
17 77 1 2.582 1
17 78 1 -0.124622 1
17 79 1 -3.13399 1
17 80 1 4.24734 1
17 81 1 1.78723 1
17 82 1 -0.586327 1
17 83 1 -1.56414 1
17 84 1 -4.06958 1
17 85 1 2.26811 1
17 86 1 1.09241 1
17 87 1 -1.8375 1
17 88 1 -6.28389 1
17 89 1 2.46148 1
17 90 1 -4.17855 1
17 91 1 5.88449 1
17 92 1 0.139935 1
17 93 1 4.07113 1
17 94 1 2.55417 1
17 95 1 0.69834 1
17 146 1 1.53875 1
146 72 1 -6.70858 1
18 64 1 1.84232 1
18 65 1 -0.982246 1
18 66 1 2.06129 1
18 67 1 1.18798 1
18 68 1 -0.560422 1
18 69 1 0.247329 1
18 70 1 2.21375 1
18 71 1 -0.0596493 1
18 72 1 2.65701 1
18 73 1 -0.425284 1
18 74 1 2.25942 1
18 75 1 0.262991 1
18 76 1 3.45856 1
18 77 1 -0.768746 1
18 78 1 2.99052 1
18 79 1 0.419304 1
18 80 1 -5.00245 1
18 81 1 2.32078 1
18 82 1 -3.3929 1
18 83 1 2.81745 1
18 84 1 -1.79763 1
18 85 1 0.90985 1
18 86 1 5.21571 1
18 87 1 -1.08817 1
18 88 1 0.725012 1
18 89 1 -2.88216 1
18 90 1 0.764978 1
18 91 1 3.07695 1
18 92 1 -3.57168 1
18 93 1 0.601152 1
18 94 1 -1.20592 1
18 95 1 0.0813856 1
18 25 1 0.221065 1
18 18 1 0.390224 1
18 139 1 0.0232844 1
19 64 1 4.56958 1
19 65 1 -2.28472 1
19 66 1 3.40513 1
19 67 1 -0.654791 1
19 68 1 -3.38307 1
19 69 1 1.60419 1
19 70 1 -0.768573 1
19 71 1 -2.27699 1
19 72 1 3.21369 1
19 73 1 1.34092 1
19 74 1 -0.28236 1
19 75 1 1.49788 1
19 76 1 -2.78866 1
19 77 1 -2.23483 1
19 78 1 -3.52441 1
19 79 1 2.24936 1
19 80 1 0.776553 1
19 81 1 -3.81127 1
19 82 1 0.0139295 1
19 83 1 -3.84799 1
19 84 1 0.424964 1
19 85 1 0.847951 1
19 86 1 1.2118 1
19 87 1 2.39678 1
19 88 1 0.849525 1
19 89 1 4.42112 1
19 90 1 -0.489966 1
19 91 1 -0.202879 1
19 92 1 -0.028647 1
19 93 1 -3.38873 1
19 94 1 -1.15956 1
19 95 1 -5.66748 1
20 64 1 1.07069 1
20 65 1 -1.15462 1
20 66 1 -1.72556 1
20 67 1 0.877713 1
20 68 1 -0.721815 1
20 69 1 -1.17147 1
20 70 1 -3.44664 1
20 71 1 2.35566 1
20 72 1 2.15328 1
20 73 1 2.06094 1
20 74 1 3.09102 1
20 75 1 4.12887 1
20 76 1 0.468137 1
20 77 1 -0.0296943 1
20 78 1 2.81533 1
20 79 1 1.884 1
20 80 1 0.73845 1
20 81 1 0.206825 1
20 82 1 2.33262 1
20 83 1 1.11809 1
20 84 1 1.2306 1
20 85 1 -4.0318 1
20 86 1 0.588907 1
20 87 1 -0.258167 1
20 88 1 1.5286 1
20 89 1 1.59016 1
20 90 1 3.12004 1
20 91 1 0.834629 0
20 92 1 0.289043 1
20 93 1 0.231485 0
20 94 1 3.44385 0
20 95 1 -0.704402 1
20 96 1 -3.63828 1
20 98 1 -0.119185 1
20 103 1 0.637153 1
20 109 1 0.69876 1
103 91 1 0.739489 0
103 105 1 1.21678 1
103 112 1 -1.09653 0
103 123 1 -0.372641 1
103 140 1 -1.85015 1
140 112 1 1.41146 1
123 91 1 0.0121896 1
123 113 1 0.411664 0
123 136 1 1.41315 1
123 137 1 -0.90783 1
136 113 1 -1.44981 1
105 91 1 2.41036 0
105 129 1 -0.713282 1
129 91 1 -0.212413 0
129 135 1 1.92686 1
129 116 1 0.388159 1
135 91 1 0.18657 1
98 93 1 -0.242587 1
98 99 1 4.58536 1
98 15 1 0.491628 1
96 94 1 1.95283 1
96 20 1 -1.01243 1
21 64 1 1.77916 1
21 65 1 5.47218 1
21 66 1 -3.58315 1
21 67 1 -4.05451 1
21 68 1 -1.79027 1
21 69 1 1.5027 1
21 70 1 -1.07703 1
21 71 1 -3.13695 1
21 72 1 -7.45345 1
21 73 1 -0.337043 1
21 74 1 -1.34646 1
21 75 1 2.40058 1
21 76 1 -1.14782 1
21 77 1 -0.980541 1
21 78 1 -1.51639 1
21 79 1 -0.635945 1
21 80 1 2.58981 1
21 81 1 -1.30908 1
21 82 1 -2.29741 1
21 83 1 0.362282 1
21 84 1 4.13926 1
21 85 1 -1.19866 1
21 86 1 2.2003 1
21 87 1 -0.950282 1
21 88 1 3.28499 1
21 89 1 0.66526 1
21 90 1 -1.09935 1
21 91 1 0.612625 0
21 92 1 1.40588 1
21 93 1 -0.28713 1
21 94 1 -4.46207 1
21 95 1 -0.553027 1
21 143 1 1.9088 1
143 91 1 -0.647676 1
22 64 1 1.68563 1
22 65 1 1.72033 1
22 66 1 -0.401062 1
22 67 1 4.53676 1
22 68 1 -0.754251 1
22 69 1 -2.04476 1
22 70 1 -1.73492 1
22 71 1 1.54128 1
22 72 1 -3.60874 1
22 73 1 -0.541147 1
22 74 1 -2.97388 1
22 75 1 -1.48989 1
22 76 1 1.18471 1
22 77 1 -0.128759 1
22 78 1 3.65907 1
22 79 1 6.25301 1
22 80 1 -1.30629 1
22 81 1 -2.18452 1
22 82 1 0.0469549 1
22 83 1 -2.14704 1
22 84 1 -1.409 1
22 85 1 0.611214 1
22 86 1 0.266142 1
22 87 1 4.76605 1
22 88 1 -2.52012 1
22 89 1 -1.25816 1
22 90 1 1.30492 1
22 91 1 0.350394 1
22 92 1 1.24037 1
22 93 1 1.68073 1
22 94 1 4.25751 1
22 95 1 2.99021 1
23 64 1 -2.16505 1
23 65 1 2.44884 1
23 66 1 0.0692269 1
23 67 1 2.52805 1
23 68 1 -2.89564 1
23 69 1 2.22378 1
23 70 1 5.01256 1
23 71 1 -3.37682 1
23 72 1 0.711875 1
23 73 1 -0.241279 1
23 74 1 1.90419 1
23 75 1 0.738972 1
23 76 1 3.66439 1
23 77 1 2.8476 1
23 78 1 -0.410677 1
23 79 1 -4.49601 1
23 80 1 0.728075 1
23 81 1 1.01602 1
23 82 1 -2.06613 1
23 83 1 1.08259 1
23 84 1 5.00897 1
23 85 1 -1.67176 1
23 86 1 -7.99473 1
23 87 1 0.830078 1
23 88 1 2.30781 1
23 89 1 -0.397072 1
23 90 1 -2.00254 1
23 91 1 -1.39646 1
23 92 1 0.254875 1
23 93 1 1.56351 1
23 94 1 -1.70842 1
23 95 1 -0.714 1
23 107 1 1.09261 1
23 27 1 0.474223 1
24 64 1 -1.72903 1
24 65 1 2.77447 1
24 66 1 -0.914786 1
24 67 1 5.61247 1
24 68 1 -5.14456 1
24 69 1 3.26729 1
24 70 1 -0.463951 1
24 71 1 3.90567 1
24 72 1 1.4491 1
24 73 1 1.37537 1
24 74 1 0.650711 1
24 75 1 0.54888 1
24 76 1 -0.786493 1
24 77 1 0.307926 1
24 78 1 -4.49506 1
24 79 1 -1.442 1
24 80 1 4.21945 1
24 81 1 1.20929 1
24 82 1 1.40642 1
24 83 1 -4.65225 1
24 84 1 -2.99573 1
24 85 1 -0.949459 1
24 86 1 -3.80122 1
24 87 1 2.4803 1
24 88 1 -2.31218 1
24 89 1 7.31899 1
24 90 1 3.7035 1
24 91 1 -2.94178 1
24 92 1 0.335602 1
24 93 1 -0.628949 1
24 94 1 -0.45949 1
24 95 1 -0.283467 1
24 5 1 0.996362 1
25 64 1 1.3511 1
25 65 1 2.18054 1
25 66 1 0.229831 1
25 67 1 -0.950055 1
25 68 1 2.534 1
25 69 1 -4.75416 1
25 70 1 0.895896 0
25 71 1 -3.58085 1
25 72 1 2.04811 1
25 73 1 -0.0926061 1
25 74 1 2.13835 1
25 75 1 -1.45125 1
25 76 1 -0.505156 1
25 77 1 0.460603 1
25 78 1 2.44095 1
25 79 1 0.0181775 1
25 80 1 -0.734041 1
25 81 1 -3.69181 1
25 82 1 -1.05455 1
25 83 1 4.22748 1
25 84 1 -2.14062 1
25 85 1 -1.60351 1
25 86 1 1.18709 1
25 87 1 1.00318 1
25 88 1 0.159008 1
25 89 1 2.46975 1
25 90 1 -2.52955 1
25 91 1 1.51052 1
25 92 1 1.70431 1
25 93 1 -1.36284 1
25 94 1 -0.129775 1
25 95 1 -3.12288 1
25 8 1 0.508599 1
25 6 1 -2.07576 1
25 121 1 -1.84258 1
121 70 1 6.03945 1
26 64 1 -2.52414 1
26 65 1 2.20182 1
26 66 1 0.73767 1
26 67 1 1.52085 1
26 68 1 0.930778 1
26 69 1 2.85484 1
26 70 1 -2.24375 1
26 71 1 0.886566 1
26 72 1 -2.4719 1
26 73 1 0.928575 1
26 74 1 -4.20655 1
26 75 1 2.06619 1
26 76 1 -0.549052 1
26 77 1 -3.94311 1
26 78 1 3.69089 1
26 79 1 -1.25188 1
26 80 1 -0.391297 1
26 81 1 3.23999 1
26 82 1 0.507416 1
26 83 1 1.82079 1
26 84 1 -4.28928 1
26 85 1 1.57533 1
26 86 1 -4.24399 1
26 87 1 1.44197 1
26 88 1 -3.28541 1
26 89 1 0.597575 1
26 90 1 -2.17507 1
26 91 1 -3.46847 1
26 92 1 -1.35075 1
26 93 1 2.12846 1
26 94 1 1.74571 1
26 95 1 -1.10057 1
26 23 1 3.61401 1
26 15 1 3.75516 1
27 64 1 -3.66483 1
27 65 1 3.34292 1
27 66 1 3.23127 1
27 67 1 -2.43093 1
27 68 1 1.13836 1
27 69 1 1.28999 1
27 70 1 3.73226 1
27 71 1 -5.79607 1
27 72 1 -0.93543 1
27 73 1 1.6955 1
27 74 1 -2.55068 1
27 75 1 1.63563 1
27 76 1 -2.08702 1
27 77 1 -1.53216 1
27 78 1 -0.797873 1
27 79 1 0.885541 1
27 80 1 -1.9221 1
27 81 1 -1.41711 1
27 82 1 1.24071 1
27 83 1 1.8364 1
27 84 1 0.511416 1
27 85 1 1.51142 1
27 86 1 -1.14194 1
27 87 1 1.4656 1
27 88 1 -3.69152 1
27 89 1 -4.88444 1
27 90 1 3.86111 1
27 91 1 -1.64774 1
27 92 1 -1.38156 1
27 93 1 -0.731279 1
27 94 1 2.78334 1
27 95 1 -2.1311 1
27 9 1 0.681164 1
27 5 1 -1.89713 1
28 64 1 3.04699 1
28 65 1 0.146013 1
28 66 1 -2.60451 1
28 67 1 4.65858 1
28 68 1 2.93721 1
28 69 1 1.23413 1
28 70 1 -0.832891 1
28 71 1 -1.99131 1
28 72 1 -6.37905 1
28 73 1 1.72807 1
28 74 1 -0.67948 1
28 75 1 0.262123 1
28 76 1 0.429431 1
28 77 1 1.14693 1
28 78 1 -2.53145 1
28 79 1 0.767852 1
28 80 1 2.46622 1
28 81 1 -1.17755 1
28 82 1 3.04726 1
28 83 1 3.38562 1
28 84 1 2.38785 1
28 85 1 -8.25142 1
28 86 1 -3.09532 1
28 87 1 -2.81974 1
28 88 1 -3.84469 1
28 89 1 0.345978 1
28 90 1 -3.47148 1
28 91 1 -1.30083 1
28 92 1 2.21842 1
28 93 1 -2.38094 1
28 94 1 3.76506 1
28 95 1 -3.81808 1
29 64 1 -0.348776 1
29 65 1 -3.04121 1
29 66 1 -0.708733 1
29 67 1 2.50926 1
29 68 1 -8.10712 1
29 69 1 1.0367 1
29 70 1 -0.367001 1
29 71 1 -1.49499 1
29 72 1 0.597836 1
29 73 1 -1.24573 1
29 74 1 0.171556 1
29 75 1 0.200494 1
29 76 1 0.106331 1
29 77 1 1.53117 1
29 78 1 -4.60685 1
29 79 1 -2.77264 1
29 80 1 2.90791 1
29 81 1 0.476081 1
29 82 1 1.48153 1
29 83 1 -0.851654 1
29 84 1 1.45233 1
29 85 1 -0.188799 1
29 86 1 -2.25253 1
29 87 1 -4.45414 1
29 88 1 -1.173 1
29 89 1 -2.12526 1
29 90 1 -0.806157 1
29 91 1 0.903843 1
29 92 1 0.304966 1
29 93 1 1.3436 1
29 94 1 -1.38097 1
29 95 1 -0.323753 1
29 113 1 0.854958 1
30 64 1 -0.179553 1
30 65 1 1.89911 1
30 66 1 3.35231 1
30 67 1 1.5143 1
30 68 1 1.13015 1
30 69 1 2.70425 1
30 70 1 1.51492 1
30 71 1 -2.57375 1
30 72 1 -0.200515 1
30 73 1 3.38146 1
30 74 1 0.0870749 1
30 75 1 3.5419 1
30 76 1 2.44834 1
30 77 1 -0.472181 1
30 78 1 1.82501 1
30 79 1 3.0714 1
30 80 1 -0.762879 1
30 81 1 -2.73266 1
30 82 1 3.60444 1
30 83 1 4.22999 1
30 84 1 1.59713 1
30 85 1 -2.5351 1
30 86 1 -2.02398 1
30 87 1 -3.27423 1
30 88 1 1.79717 1
30 89 1 -0.841708 1
30 90 1 1.57693 1
30 91 1 5.90423 1
30 92 1 -2.19466 1
30 93 1 2.3554 1
30 94 1 3.12493 1
30 95 1 -0.668239 1
31 64 1 2.05531 1
31 65 1 -0.408118 1
31 66 1 -2.51619 1
31 67 1 4.72293 1
31 68 1 3.17247 1
31 69 1 1.61783 1
31 70 1 -4.0679 1
31 71 1 1.52567 1
31 72 1 -3.61127 1
31 73 1 -2.27878 1
31 74 1 1.52081 1
31 75 1 0.972736 1
31 76 1 1.13315 1
31 77 1 0.0523081 1
31 78 1 -2.44697 1
31 79 1 1.05836 1
31 80 1 -0.484796 1
31 81 1 -2.2069 1
31 82 1 -0.297069 1
31 83 1 -0.799173 1
31 84 1 -2.20033 1
31 85 1 -2.67769 1
31 86 1 0.0827885 1
31 87 1 -2.44587 0
31 88 1 3.18044 1
31 89 1 -0.838206 1
31 90 1 2.33409 1
31 91 1 -1.94656 1
31 92 1 -0.135505 1
31 93 1 1.82897 1
31 94 1 1.39996 1
31 95 1 -1.3596 1
31 122 1 2.06919 1
122 87 1 0.973008 1
32 64 1 7.21509 1
32 65 1 1.96774 1
32 66 1 -3.48814 1
32 67 1 2.00179 1
32 68 1 0.101877 1
32 69 1 1.84005 1
32 70 1 -0.383997 1
32 71 1 1.61562 1
32 72 1 -3.32872 1
32 73 1 1.1499 1
32 74 1 -1.54901 1
32 75 1 3.86116 1
32 76 1 -1.66083 1
32 77 1 3.21894 1
32 78 1 0.103698 1
32 79 1 1.44365 1
32 80 1 0.539962 1
32 81 1 -1.9668 1
32 82 1 -2.1767 1
32 83 1 -3.09495 1
32 84 1 1.42159 1
32 85 1 -3.39991 1
32 86 1 0.287195 1
32 87 1 -1.16118 1
32 88 1 -1.10487 1
32 89 1 -2.90425 1
32 90 1 1.04208 1
32 91 1 -2.80794 1
32 92 1 1.25952 1
32 93 1 0.836224 1
32 94 1 -0.451431 1
32 95 1 -2.22666 1
33 64 1 2.48018 1
33 65 1 -5.33992 1
33 66 1 -0.509071 1
33 67 1 -3.00167 1
33 68 1 -0.446614 1
33 69 1 -1.83146 1
33 70 1 3.99183 1
33 71 1 5.18632 1
33 72 1 0.866979 1
33 73 1 3.79097 1
33 74 1 2.80135 1
33 75 1 -4.77092 1
33 76 1 -1.34133 1
33 77 1 2.63726 1
33 78 1 -2.86292 1
33 79 1 -2.50475 1
33 80 1 1.86886 1
33 81 1 -1.75579 1
33 82 1 0.975389 1
33 83 1 1.81518 1
33 84 1 1.76871 1
33 85 1 0.237796 1
33 86 1 0.393372 1
33 87 1 1.40561 1
33 88 1 2.05315 1
33 89 1 3.64883 1
33 90 1 -2.01575 1
33 91 1 1.48442 1
33 92 1 2.02615 1
33 93 1 1.87852 1
33 94 1 0.765288 1
33 95 1 -0.527191 1
33 20 1 -1.99834 1
33 107 1 0.896484 1
33 13 1 -0.413855 1
34 64 1 0.398227 1
34 65 1 -1.17534 1
34 66 1 1.27462 1
34 67 1 1.71972 1
34 68 1 0.90846 1
34 69 1 0.0410452 1
34 70 1 -1.28095 1
34 71 1 -0.611911 1
34 72 1 -1.55063 1
34 73 1 -3.34333 1
34 74 1 0.640469 1
34 75 1 4.84963 1
34 76 1 -1.16276 1
34 77 1 -0.648695 1
34 78 1 -0.778428 1
34 79 1 2.18692 1
34 80 1 2.48763 1
34 81 1 -0.224651 1
34 82 1 -1.20599 1
34 83 1 0.905803 1
34 84 1 0.559039 1
34 85 1 -0.103653 1
34 86 1 -0.640237 1
34 87 1 -0.923125 1
34 88 1 0.977359 1
34 89 1 -1.48624 1
34 90 1 -4.78146 1
34 91 1 2.64718 1
34 92 1 0.282279 1
34 93 1 -2.99627 1
34 94 1 2.49355 1
34 95 1 1.7264 1
34 113 1 -0.256677 1
35 64 1 -0.416618 1
35 65 1 -1.10607 1
35 66 1 -0.0721917 1
35 67 1 2.29411 1
35 68 1 0.587195 1
35 69 1 3.80454 1
35 70 1 2.60325 1
35 71 1 2.49171 1
35 72 1 2.96191 1
35 73 1 7.45079 1
35 74 1 2.66245 1
35 75 1 -0.578509 1
35 76 1 -2.77467 1
35 77 1 1.38105 1
35 78 1 -1.1968 1
35 79 1 1.20502 1
35 80 1 -7.96519 1
35 81 1 -1.70331 1
35 82 1 2.14607 0
35 83 1 -0.273571 1
35 84 1 3.23346 1
35 85 1 -4.46632 1
35 86 1 -2.51197 1
35 87 1 -2.69173 1
35 88 1 -0.0623803 1
35 89 1 0.396336 0
35 90 1 -0.770819 1
35 91 1 -1.4566 1
35 92 1 -3.01676 1
35 93 1 -1.52985 1
35 94 1 -1.84456 1
35 95 1 0.175615 1
35 130 1 0.762627 1
35 133 1 3.94185 1
133 82 1 1.84114 1
130 89 1 2.42242 1
36 64 1 0.0456818 1
36 65 1 1.63766 1
36 66 1 0.0413694 1
36 67 1 0.273981 1
36 68 1 -5.09114 1
36 69 1 -2.87623 1
36 70 1 -0.43866 1
36 71 1 1.34063 1
36 72 1 -0.666215 1
36 73 1 -1.24071 1
36 74 1 -0.86838 1
36 75 1 0.904149 1
36 76 1 2.0071 1
36 77 1 -4.85146 1
36 78 1 -0.318557 1
36 79 1 2.41937 1
36 80 1 1.48861 1
36 81 1 -1.39967 1
36 82 1 -1.6441 0
36 83 1 1.18672 1
36 84 1 1.23913 1
36 85 1 -3.19911 1
36 86 1 1.5748 1
36 87 1 -0.551901 1
36 88 1 0.263499 1
36 89 1 1.23341 1
36 90 1 -2.24107 1
36 91 1 1.5823 1
36 92 1 4.38436 1
36 93 1 0.914742 1
36 94 1 -3.33624 1
36 95 1 6.03229 1
36 109 1 1.2449 0
36 24 1 -0.660732 1
36 117 1 1.48113 1
117 109 1 0.657601 1
109 82 1 2.08031 1
109 31 1 -0.361014 1
37 64 1 -4.00717 1
37 65 1 1.3259 1
37 66 1 -1.8972 1
37 67 1 -0.0932199 1
37 68 1 -4.67273 1
37 69 1 0.737331 1
37 70 1 -3.5632 1
37 71 1 -1.19345 1
37 72 1 1.72588 1
37 73 1 2.40717 1
37 74 1 -0.829628 1
37 75 1 0.941917 1
37 76 1 3.07161 0
37 77 1 2.71942 1
37 78 1 -0.259277 1
37 79 1 0.749753 1
37 80 1 3.27927 1
37 81 1 -0.698577 1
37 82 1 4.92854 1
37 83 1 1.91668 1
37 84 1 -4.36807 1
37 85 1 1.89237 1
37 86 1 -0.587356 1
37 87 1 2.47485 1
37 88 1 -2.48252 1
37 89 1 -1.02208 1
37 90 1 -0.117658 1
37 91 1 1.92952 1
37 92 1 3.05406 1
37 93 1 0.108349 1
37 94 1 -2.50054 1
37 95 1 -1.20406 1
37 142 1 1.681 1
142 76 1 -0.927995 1
142 147 1 -1.67982 1
38 64 1 0.166387 1
38 65 1 -1.83019 1
38 66 1 -1.31808 1
38 67 1 -0.239043 1
38 68 1 -2.49918 1
38 69 1 -5.4981 1
38 70 1 -0.324707 1
38 71 1 -0.760696 1
38 72 1 -1.06904 1
38 73 1 -0.265755 1
38 74 1 -1.47902 1
38 75 1 2.30139 1
38 76 1 2.25618 1
38 77 1 -1.44899 1
38 78 1 -1.61324 1
38 79 1 -1.37923 1
38 80 1 -5.5802 1
38 81 1 -1.46505 1
38 82 1 3.49584 1
38 83 1 -1.24481 1
38 84 1 -3.16946 1
38 85 1 -3.56316 1
38 86 1 0.259465 1
38 87 1 -0.250069 1
38 88 1 1.29111 1
38 89 1 3.75403 1
38 90 1 0.0462204 1
38 91 1 2.04193 1
38 92 1 1.21306 0
38 93 1 -1.84552 1
38 94 1 0.595762 1
38 95 1 -2.66306 1
38 148 1 1.48212 1
148 92 1 2.2886 1
39 64 1 0.975627 1
39 65 1 -1.91737 1
39 66 1 3.10672 1
39 67 1 -0.361668 1
39 68 1 1.52454 1
39 69 1 -0.376397 1
39 70 1 2.14398 1
39 71 1 -1.28239 1
39 72 1 -2.35623 1
39 73 1 -3.17542 1
39 74 1 1.53358 1
39 75 1 2.20722 0
39 76 1 3.02646 1
39 77 1 -0.4596 1
39 78 1 -2.14463 1
39 79 1 -2.57678 1
39 80 1 1.62133 1
39 81 1 -3.60375 1
39 82 1 -0.241893 1
39 83 1 0.0205119 1
39 84 1 -1.82344 1
39 85 1 -0.236101 1
39 86 1 2.07183 1
39 87 1 0.995477 1
39 88 1 -2.69894 1
39 89 1 0.110769 1
39 90 1 4.25079 1
39 91 1 -1.29327 1
39 92 1 4.47445 1
39 93 1 0.537568 1
39 94 1 -3.55981 1
39 95 1 -0.374052 1
39 2 1 -4.45958 1
39 112 1 2.91168 1
39 13 1 0.00148645 1
39 104 1 -1.05437 1
112 75 1 -1.67239 1
112 138 1 -1.50785 1
40 64 1 -5.76585 1
40 65 1 -1.03379 1
40 66 1 2.17134 1
40 67 1 0.789118 1
40 68 1 2.10634 1
40 69 1 1.45419 1
40 70 1 -1.1584 1
40 71 1 0.376752 1
40 72 1 4.15841 1
40 73 1 1.8327 1
40 74 1 -0.753605 1
40 75 1 0.693613 1
40 76 1 -0.534282 1
40 77 1 3.59597 1
40 78 1 1.78478 1
40 79 1 -1.13054 1
40 80 1 -0.369238 1
40 81 1 0.704815 1
40 82 1 0.740627 1
40 83 1 -2.62446 1
40 84 1 0.485928 1
40 85 1 2.71209 1
40 86 1 1.60734 1
40 87 1 1.58518 1
40 88 1 0.917591 1
40 89 1 -0.253938 1
40 90 1 -1.2304 1
40 91 1 -1.02558 1
40 92 1 -1.62868 1
40 93 1 3.0921 1
40 94 1 1.05611 1
40 95 1 2.19421 1
40 2 1 -1.11795 1
40 134 1 0.73879 1
41 64 1 4.90825 1
41 65 1 -0.253784 1
41 66 1 0.198411 1
41 67 1 -0.340169 1
41 68 1 2.48662 1
41 69 1 0.196361 1
41 70 1 1.42577 1
41 71 1 0.2161 1
41 72 1 4.22721 1
41 73 1 -4.9672 1
41 74 1 -0.460556 1
41 75 1 2.38746 1
41 76 1 -3.03739 1
41 77 1 -0.332743 1
41 78 1 -3.01983 1
41 79 1 1.12433 1
41 80 1 0.567598 1
41 81 1 4.01135 1
41 82 1 -2.48371 1
41 83 1 1.67589 1
41 84 1 -2.23378 1
41 85 1 -0.378029 1
41 86 1 0.669412 1
41 87 1 1.38155 1
41 88 1 3.35687 1
41 89 1 -2.60244 1
41 90 1 -2.95058 1
41 91 1 -0.619263 1
41 92 1 0.334039 1
41 93 1 -0.749912 1
41 94 1 0.0840014 1
41 95 1 0.745045 1
41 11 1 3.06573 1
41 29 1 -0.720838 1
42 64 1 2.03297 1
42 65 1 0.628712 1
42 66 1 -0.0347781 1
42 67 1 -0.171327 1
42 68 1 -1.10892 1
42 69 1 -1.40259 1
42 70 1 -1.74713 1
42 71 1 -1.13546 1
42 72 1 -0.607655 1
42 73 1 -2.59564 1
42 74 1 1.19426 1
42 75 1 -0.326414 1
42 76 1 -2.74304 1
42 77 1 -0.330159 1
42 78 1 -1.69386 1
42 79 1 0.868794 1
42 80 1 -0.776069 1
42 81 1 1.80326 1
42 82 1 1.76513 1
42 83 1 2.86873 1
42 84 1 1.40514 1
42 85 1 0.344596 1
42 86 1 0.565076 1
42 87 1 -3.00257 1
42 88 1 -1.29704 1
42 89 1 -0.74238 1
42 90 1 0.88455 1
42 91 1 2.73708 1
42 92 1 -1.3596 1
42 93 1 2.37693 1
42 94 1 -1.98945 1
42 95 1 1.46 1
43 64 1 3.51566 1
43 65 1 -2.6637 1
43 66 1 1.71201 1
43 67 1 1.66931 1
43 68 1 0.182382 1
43 69 1 -0.401204 1
43 70 1 0.00873268 1
43 71 1 -3.60059 1
43 72 1 -0.746703 1
43 73 1 -7.65162 1
43 74 1 3.20912 1
43 75 1 -1.8897 1
43 76 1 0.391309 1
43 77 1 0.940996 1
43 78 1 0.246839 1
43 79 1 -2.61407 1
43 80 1 -1.35881 1
43 81 1 2.22765 1
43 82 1 1.28925 1
43 83 1 -2.48641 1
43 84 1 1.31902 1
43 85 1 3.98732 1
43 86 1 1.40302 1
43 87 1 3.79738 1
43 88 1 -0.384869 1
43 89 1 3.70571 1
43 90 1 0.299055 1
43 91 1 -5.09044 1
43 92 1 3.88281 1
43 93 1 2.5755 1
43 94 1 -5.27235 1
43 95 1 2.16586 1
44 64 1 1.64165 1
44 65 1 -2.44546 1
44 66 1 0.794456 1
44 67 1 -1.5311 1
44 68 1 -1.67457 1
44 69 1 -1.38772 1
44 70 1 2.28145 1
44 71 1 1.2824 1
44 72 1 -2.77244 1
44 73 1 0.708074 1
44 74 1 -1.48587 1
44 75 1 -2.66188 1
44 76 1 0.0212145 1
44 77 1 1.74808 1
44 78 1 1.97258 1
44 79 1 1.64663 1
44 80 1 5.3694 1
44 81 1 -1.61935 1
44 82 1 2.12431 1
44 83 1 -2.19691 1
44 84 1 0.489764 1
44 85 1 -0.0242571 1
44 86 1 1.07585 1
44 87 1 0.679046 1
44 88 1 0.679566 1
44 89 1 1.18554 1
44 90 1 -0.246913 1
44 91 1 -1.10238 1
44 92 1 -0.397724 1
44 93 1 3.01769 1
44 94 1 -2.31927 1
44 95 1 -0.619376 1
44 8 1 0.269354 1
44 29 1 1.1478 1
45 64 1 -0.834758 1
45 65 1 3.11659 1
45 66 1 -1.35171 1
45 67 1 0.356981 1
45 68 1 -2.09711 1
45 69 1 -6.79334 1
45 70 1 -4.48247 1
45 71 1 0.118858 1
45 72 1 -4.63597 1
45 73 1 3.24443 1
45 74 1 2.18616 1
45 75 1 3.70829 1
45 76 1 -0.422445 1
45 77 1 0.568137 1
45 78 1 -3.52985 1
45 79 1 2.54217 1
45 80 1 -2.28671 1
45 81 1 0.434517 1
45 82 1 -1.12002 1
45 83 1 -2.49512 1
45 84 1 2.61204 1
45 85 1 -3.52693 1
45 86 1 1.9697 1
45 87 1 0.152972 1
45 88 1 -0.216318 1
45 89 1 -3.13149 1
45 90 1 0.747007 1
45 91 1 3.61336 1
45 92 1 -3.25225 1
45 93 1 -5.54703 1
45 94 1 2.46582 1
45 95 1 -2.77066 1
45 9 1 2.72396 1
45 20 1 0.00506049 1
46 64 1 -0.910047 1
46 65 1 -0.0979325 1
46 66 1 3.02111 1
46 67 1 1.77005 1
46 68 1 -5.16607 1
46 69 1 -1.30547 1
46 70 1 0.545309 1
46 71 1 -0.629996 1
46 72 1 2.85353 1
46 73 1 -2.92602 1
46 74 1 -1.93635 1
46 75 1 3.05874 1
46 76 1 -4.57662 1
46 77 1 1.27925 1
46 78 1 -1.25884 1
46 79 1 -0.5662 1
46 80 1 3.79486 1
46 81 1 0.0881591 1
46 82 1 -1.2187 1
46 83 1 1.38956 1
46 84 1 -0.094151 1
46 85 1 1.97741 1
46 86 1 -1.032 1
46 87 1 2.95219 1
46 88 1 -2.36329 1
46 89 1 -3.73457 1
46 90 1 -3.22469 1
46 91 1 1.62389 1
46 92 1 0.307198 1
46 93 1 -1.98921 1
46 94 1 0.141331 1
46 95 1 -0.780651 1
46 24 1 1.2716 1
47 64 1 -0.151174 1
47 65 1 0.175168 1
47 66 1 -3.22996 1
47 67 1 5.08027 1
47 68 1 -1.27747 1
47 69 1 2.34507 1
47 70 1 -1.70502 1
47 71 1 0.890082 1
47 72 1 0.954708 1
47 73 1 4.69378 0
47 74 1 -0.207029 1
47 75 1 -1.57437 1
47 76 1 -2.05996 1
47 77 1 -7.05286 1
47 78 1 -1.98727 1
47 79 1 1.98516 1
47 80 1 3.21428 1
47 81 1 -6.10723 1
47 82 1 1.28552 1
47 83 1 -0.139156 1
47 84 1 -3.18921 1
47 85 1 0.449308 1
47 86 1 -3.03648 1
47 87 1 4.44028 1
47 88 1 0.84095 1
47 89 1 0.825197 1
47 90 1 6.37693 1
47 91 1 1.22604 1
47 92 1 -1.3821 1
47 93 1 0.644881 1
47 94 1 0.719464 1
47 95 1 -1.2056 1
47 4 1 0.530734 1
47 137 1 1.18292 1
137 73 1 4.50543 1
48 64 1 -0.022763 1
48 65 1 0.359122 1
48 66 1 0.278005 1
48 67 1 -0.897901 1
48 68 1 -4.77038 1
48 69 1 -4.22351 1
48 70 1 0.358408 1
48 71 1 0.782951 1
48 72 1 -2.89137 1
48 73 1 2.49831 1
48 74 1 5.06724 1
48 75 1 -5.15639 1
48 76 1 1.90525 1
48 77 1 -3.18369 1
48 78 1 -0.27849 1
48 79 1 2.1363 1
48 80 1 -0.828945 1
48 81 1 -2.08166 1
48 82 1 -0.104087 1
48 83 1 -0.249448 1
48 84 1 0.941921 1
48 85 1 1.4523 1
48 86 1 -2.46217 1
48 87 1 -1.57009 1
48 88 1 -1.65318 1
48 89 1 -0.354015 1
48 90 1 2.15795 1
48 91 1 1.68109 1
48 92 1 -5.09444 1
48 93 1 0.809251 1
48 94 1 3.41265 1
48 95 1 3.5855 1
48 16 1 1.37383 1
48 12 1 -1.14251 1
48 14 1 -2.75119 1
49 64 1 1.47777 1
49 65 1 -1.14982 1
49 66 1 -0.42716 1
49 67 1 -0.721447 1
49 68 1 -1.55741 1
49 69 1 0.8623 1
49 70 1 0.571475 1
49 71 1 -4.23004 1
49 72 1 0.486563 1
49 73 1 -0.471986 1
49 74 1 3.01874 1
49 75 1 1.97224 1
49 76 1 -6.07092 1
49 77 1 -2.92211 1
49 78 1 -1.72325 1
49 79 1 0.800444 1
49 80 1 4.66654 1
49 81 1 -4.22508 1
49 82 1 1.73298 1
49 83 1 -1.72756 1
49 84 1 3.2962 1
49 85 1 -3.36266 1
49 86 1 0.412499 1
49 87 1 -0.391148 1
49 88 1 -1.35664 1
49 89 1 0.326891 1
49 90 1 -1.71899 1
49 91 1 0.598285 1
49 92 1 2.60038 1
49 93 1 -0.836455 1
49 94 1 1.35593 1
49 95 1 3.20478 1
49 19 1 -1.85221 1
49 31 1 -0.762341 1
49 15 1 -0.455115 1
50 64 1 -4.49369 1
50 65 1 -2.20636 1
50 66 1 2.10023 1
50 67 1 -0.894123 1
50 68 1 1.69357 1
50 69 1 -0.915001 1
50 70 1 0.575032 1
50 71 1 6.28429 1
50 72 1 -1.75825 1
50 73 1 4.90468 1
50 74 1 -1.02487 1
50 75 1 0.609535 1
50 76 1 -1.39352 1
50 77 1 0.367228 1
50 78 1 3.23359 1
50 79 1 -1.86668 1
50 80 1 0.680653 1
50 81 1 0.492949 1
50 82 1 -0.188093 1
50 83 1 2.49116 1
50 84 1 -1.61291 1
50 85 1 0.268864 1
50 86 1 1.2729 1
50 87 1 -2.62638 1
50 88 1 -3.93145 1
50 89 1 0.725387 1
50 90 1 0.672216 1
50 91 1 -0.383155 1
50 92 1 -0.200723 1
50 93 1 -0.0411341 1
50 94 1 -3.50393 1
50 95 1 1.38575 1
50 4 1 6.04063 1
50 22 1 -1.96885 1
51 64 1 -1.09686 1
51 65 1 3.66475 1
51 66 1 2.22294 1
51 67 1 -0.955203 1
51 68 1 -0.256325 1
51 69 1 -1.78454 1
51 70 1 3.08615 1
51 71 1 2.83594 1
51 72 1 -3.24156 1
51 73 1 -2.51668 0
51 74 1 -2.08345 1
51 75 1 5.96944 1
51 76 1 -2.22807 1
51 77 1 2.33074 1
51 78 1 3.42627 1
51 79 1 1.05212 1
51 80 1 0.534891 1
51 81 1 -3.2131 1
51 82 1 1.11074 1
51 83 1 4.68933 1
51 84 1 -2.02087 1
51 85 1 -2.03427 1
51 86 1 -0.654505 1
51 87 1 1.0058 1
51 88 1 1.23015 1
51 89 1 1.4601 1
51 90 1 3.14037 1
51 91 1 1.21409 1
51 92 1 1.4568 1
51 93 1 3.12103 1
51 94 1 -5.71137 1
51 95 1 -1.80646 1
51 116 1 -0.367049 1
51 12 1 -0.994904 1
116 73 1 -1.56471 0
116 134 1 0.34243 1
134 73 1 1.25831 1
52 64 1 -3.36919 1
52 65 1 3.84095 1
52 66 1 1.77165 1
52 67 1 0.105151 1
52 68 1 0.361707 1
52 69 1 4.98447 1
52 70 1 2.93073 1
52 71 1 -0.361893 1
52 72 1 -0.555597 1
52 73 1 3.82199 1
52 74 1 1.94458 1
52 75 1 -0.367055 1
52 76 1 -3.48595 1
52 77 1 -0.640743 1
52 78 1 1.89487 1
52 79 1 1.62942 1
52 80 1 -1.06824 1
52 81 1 0.926226 1
52 82 1 -2.29283 1
52 83 1 -2.05457 1
52 84 1 1.49706 1
52 85 1 -0.774331 1
52 86 1 -2.89192 1
52 87 1 0.687843 1
52 88 1 2.20317 1
52 89 1 -1.74218 1
52 90 1 0.033031 1
52 91 1 -1.13412 1
52 92 1 0.879668 1
52 93 1 -1.81243 0
52 94 1 1.7992 1
52 95 1 -0.253854 1
52 115 1 0.194408 1
52 139 1 0.524036 1
139 93 1 -2.29515 1
53 64 1 -3.13734 1
53 65 1 0.107693 1
53 66 1 -0.301721 1
53 67 1 0.0700805 1
53 68 1 2.93075 1
53 69 1 1.51541 1
53 70 1 -1.30111 0
53 71 1 0.396346 1
53 72 1 -1.17154 1
53 73 1 0.751137 1
53 74 1 -1.87082 1
53 75 1 -3.02446 1
53 76 1 0.510964 1
53 77 1 2.15205 1
53 78 1 -1.11169 1
53 79 1 0.281292 1
53 80 1 1.16684 1
53 81 1 1.46689 1
53 82 1 1.45945 1
53 83 1 0.614949 1
53 84 1 2.25468 1
53 85 1 1.3226 1
53 86 1 1.32845 1
53 87 1 0.254655 1
53 88 1 -0.1497 1
53 89 1 -0.575489 1
53 90 1 -3.01127 1
53 91 1 -0.0758618 1
53 92 1 2.7894 1
53 93 1 0.460734 1
53 94 1 0.657352 1
53 95 1 -1.85128 1
53 20 1 3.72978 1
53 23 1 1.03861 1
53 149 1 0.823956 1
149 70 1 -1.63782 1
54 64 1 1.88434 1
54 65 1 -0.684662 1
54 66 1 -2.03549 1
54 67 1 -0.192817 1
54 68 1 3.06948 1
54 69 1 -2.88598 1
54 70 1 0.614749 1
54 71 1 3.47691 1
54 72 1 0.734743 1
54 73 1 0.993927 1
54 74 1 -0.125319 1
54 75 1 -1.31925 1
54 76 1 -1.37798 1
54 77 1 2.74159 1
54 78 1 0.206993 1
54 79 1 0.0140608 1
54 80 1 0.397979 1
54 81 1 3.053 1
54 82 1 -2.79845 1
54 83 1 6.74797 1
54 84 1 2.0282 1
54 85 1 -0.589761 1
54 86 1 -4.01052 1
54 87 1 -0.739218 1
54 88 1 1.52756 1
54 89 1 3.60333 1
54 90 1 -2.7336 1
54 91 1 2.25571 1
54 92 1 -0.942153 1
54 93 1 1.33178 1
54 94 1 -2.3528 1
54 95 1 -2.79201 1
54 30 1 -1.04295 1
54 144 1 1.47216 1
55 64 1 1.08828 1
55 65 1 -2.30123 1
55 66 1 -1.88118 1
55 67 1 -0.8195 1
55 68 1 -2.40975 1
55 69 1 2.87942 1
55 70 1 2.68751 1
55 71 1 -5.08621 1
55 72 1 2.32914 1
55 73 1 1.59556 1
55 74 1 1.61375 1
55 75 1 -2.97716 1
55 76 1 -4.68878 1
55 77 1 1.94665 1
55 78 1 -0.670057 1
55 79 1 1.53651 1
55 80 1 -1.93944 1
55 81 1 0.653549 1
55 82 1 -1.57826 1
55 83 1 -0.670572 1
55 84 1 -0.155779 1
55 85 1 -5.34898 1
55 86 1 0.646227 1
55 87 1 0.933534 1
55 88 1 -2.92329 1
55 89 1 -0.997315 1
55 90 1 0.561389 1
55 91 1 2.30747 1
55 92 1 5.67299 1
55 93 1 -3.68948 1
55 94 1 -3.63639 1
55 95 1 -1.46708 0
55 28 1 5.2995 1
55 114 1 1.16189 1
114 95 1 -1.41973 1
56 64 1 1.18008 1
56 65 1 -3.82792 1
56 66 1 0.125148 1
56 67 1 -1.07482 1
56 68 1 -0.773484 0
56 69 1 -1.22768 1
56 70 1 0.255252 1
56 71 1 1.93669 1
56 72 1 -0.529744 1
56 73 1 -1.26445 1
56 74 1 3.92011 1
56 75 1 3.45924 1
56 76 1 -4.10466 1
56 77 1 -0.604189 1
56 78 1 -3.44958 1
56 79 1 0.318025 1
56 80 1 -1.22233 1
56 81 1 3.12616 1
56 82 1 3.29383 1
56 83 1 -2.37522 1
56 84 1 -1.23661 1
56 85 1 -1.72285 1
56 86 1 2.62895 1
56 87 1 -3.08725 1
56 88 1 0.398458 1
56 89 1 -1.81579 1
56 90 1 -1.1893 1
56 91 1 -1.1879 1
56 92 1 1.485 1
56 93 1 3.88497 1
56 94 1 -1.47827 1
56 95 1 0.653544 1
56 3 1 -1.65108 1
56 126 1 3.21539 1
126 68 1 1.19919 1
126 11 1 -2.11867 1
57 64 1 -3.91046 1
57 65 1 2.79609 1
57 66 1 -2.83654 1
57 67 1 -1.74342 1
57 68 1 3.74554 1
57 69 1 -0.731088 0
57 70 1 0.913826 1
57 71 1 3.53123 1
57 72 1 0.655902 1
57 73 1 -1.41104 1
57 74 1 3.10782 1
57 75 1 3.87623 1
57 76 1 2.70225 1
57 77 1 -4.40299 1
57 78 1 -1.35914 1
57 79 1 -2.82736 1
57 80 1 1.38546 1
57 81 1 4.14714 1
57 82 1 3.80763 1
57 83 1 -3.09068 1
57 84 1 1.00853 1
57 85 1 -3.29214 1
57 86 1 -0.570673 1
57 87 1 1.07435 1
57 88 1 -1.004 1
57 89 1 -1.49919 1
57 90 1 0.968877 1
57 91 1 -1.96267 1
57 92 1 -1.91677 1
57 93 1 0.102303 1
57 94 1 -1.03963 1
57 95 1 3.07999 1
57 104 1 2.69521 1
57 22 1 0.166289 1
57 25 1 -0.633001 1
104 69 1 2.27811 1
104 1 1 -1.20245 1
58 64 1 2.28654 1
58 65 1 -1.45525 1
58 66 1 -0.896369 1
58 67 1 -1.8956 1
58 68 1 -0.555084 1
58 69 1 -0.337942 1
58 70 1 -2.19935 1
58 71 1 0.569899 1
58 72 1 -0.205263 1
58 73 1 -1.25991 1
58 74 1 3.57959 1
58 75 1 3.14783 1
58 76 1 4.25597 1
58 77 1 2.20231 1
58 78 1 -1.1805 1
58 79 1 0.182259 0
58 80 1 -4.23963 1
58 81 1 1.85734 1
58 82 1 0.402628 1
58 83 1 0.687506 1
58 84 1 -0.890315 1
58 85 1 1.3797 1
58 86 1 1.8242 1
58 87 1 -1.17446 1
58 88 1 -2.63707 1
58 89 1 -0.585035 1
58 90 1 -2.60541 1
58 91 1 -1.46081 1
58 92 1 1.52935 1
58 93 1 2.31513 1
58 94 1 -2.23248 1
58 95 1 2.00025 1
58 128 1 -0.0654795 1
128 79 1 0.403754 0
128 131 1 -0.124902 1
131 79 1 0.402269 1
59 64 1 -2.35745 1
59 65 1 1.04192 1
59 66 1 1.28855 1
59 67 1 -2.80946 1
59 68 1 1.51567 1
59 69 1 -2.15232 1
59 70 1 -1.84654 1
59 71 1 2.33197 1
59 72 1 0.123327 1
59 73 1 -0.556216 1
59 74 1 -0.229721 1
59 75 1 -1.88254 1
59 76 1 1.98972 1
59 77 1 1.026 0
59 78 1 1.46297 1
59 79 1 -2.44077 1
59 80 1 -0.170212 1
59 81 1 1.18847 1
59 82 1 -4.64277 1
59 83 1 3.58818 1
59 84 1 -1.12843 1
59 85 1 -2.09301 1
59 86 1 -3.31417 1
59 87 1 1.34644 1
59 88 1 4.91823 1
59 89 1 -0.862165 1
59 90 1 1.03639 1
59 91 1 -1.52655 1
59 92 1 1.74257 1
59 93 1 1.90805 1
59 94 1 -5.12428 1
59 95 1 1.53036 1
59 97 1 1.89103 1
59 5 1 -2.33348 1
59 11 1 -0.489659 1
59 13 1 1.17974 1
97 77 1 -6.00787 1
97 22 1 -2.7438 1
97 2 1 -4.97618 0
97 99 1 2.04654 1
97 7 1 3.65859 0
97 102 1 2.08257 1
97 17 1 2.18446 1
102 7 1 4.02744 1
99 2 1 2.12149 0
99 108 1 4.17379 1
99 15 1 -0.495193 1
108 2 1 -1.02278 0
108 125 1 4.61611 1
125 2 1 0.0281047 1
60 64 1 2.51861 1
60 65 1 -0.0779324 1
60 66 1 -0.0104596 1
60 67 1 -0.132122 1
60 68 1 0.724027 1
60 69 1 0.819215 1
60 70 1 -3.03004 1
60 71 1 0.992411 1
60 72 1 0.855814 0
60 73 1 0.586832 1
60 74 1 1.37454 1
60 75 1 -0.722456 1
60 76 1 0.729676 1
60 77 1 3.3892 1
60 78 1 -2.10128 1
60 79 1 -0.548401 1
60 80 1 -4.72926 1
60 81 1 -1.34743 1
60 82 1 -1.65507 1
60 83 1 -0.265269 1
60 84 1 -3.54303 1
60 85 1 3.53447 1
60 86 1 1.49952 1
60 87 1 0.120917 1
60 88 1 -4.91682 1
60 89 1 0.00687728 1
60 90 1 -2.1673 1
60 91 1 0.26956 1
60 92 1 1.36702 1
60 93 1 3.52339 1
60 94 1 0.0154914 1
60 95 1 0.554823 1
60 24 1 -2.96435 1
60 0 1 1.73373 1
60 115 1 2.45195 1
60 3 1 -0.78993 1
115 72 1 -1.21065 1
115 18 1 0.233677 1
61 64 1 0.722396 1
61 65 1 -0.404229 1
61 66 1 1.82528 1
61 67 1 0.977214 1
61 68 1 -3.63509 1
61 69 1 3.08995 1
61 70 1 -0.254781 1
61 71 1 -0.6188 1
61 72 1 -2.12954 1
61 73 1 1.45376 1
61 74 1 2.7484 1
61 75 1 2.67177 1
61 76 1 0.33332 1
61 77 1 0.164607 0
61 78 1 0.423636 1
61 79 1 -1.55929 1
61 80 1 -0.224425 1
61 81 1 -0.29527 1
61 82 1 0.111124 1
61 83 1 -0.111846 1
61 84 1 -2.57154 1
61 85 1 -0.61162 1
61 86 1 0.140415 1
61 87 1 2.18553 1
61 88 1 0.600744 1
61 89 1 2.23472 1
61 90 1 -0.177829 1
61 91 1 2.10676 1
61 92 1 -2.29904 1
61 93 1 -0.49573 1
61 94 1 0.931797 1
61 95 1 -2.15465 1
61 107 1 1.12042 1
61 113 1 -2.7499 1
61 14 1 -1.90966 1
107 77 1 -5.0931 0
107 113 1 0.714014 1
107 14 1 -1.23465 1
113 77 1 -2.14495 1
113 23 1 -1.43264 1
62 64 1 0.883915 1
62 65 1 -2.78292 1
62 66 1 3.93419 1
62 67 1 -2.20507 1
62 68 1 1.63362 1
62 69 1 -1.59074 1
62 70 1 2.40623 1
62 71 1 -2.12983 1
62 72 1 0.751821 1
62 73 1 2.51216 1
62 74 1 4.59115 1
62 75 1 0.0509134 1
62 76 1 4.74642 1
62 77 1 -4.52252 1
62 78 1 -1.70869 1
62 79 1 -1.1684 1
62 80 1 -0.817243 1
62 81 1 -0.0268807 1
62 82 1 -2.42436 1
62 83 1 1.4443 1
62 84 1 -0.851632 0
62 85 1 -0.0156432 1
62 86 1 3.95746 1
62 87 1 -2.53835 1
62 88 1 0.745281 1
62 89 1 -1.62384 1
62 90 1 -6.03804 1
62 91 1 1.30555 1
62 92 1 -0.612172 1
62 93 1 -0.130373 1
62 94 1 1.55141 1
62 95 1 -0.691994 1
62 5 1 2.05035 1
62 138 1 1.98982 1
138 84 1 -0.265193 1
63 64 1 2.9141 1
63 65 1 -1.88956 1
63 66 1 3.52472 1
63 67 1 -0.144897 1
63 68 1 -0.76249 1
63 69 1 -4.16508 1
63 70 1 -1.3244 1
63 71 1 2.41176 1
63 72 1 -0.176816 1
63 73 1 -0.456133 1
63 74 1 -6.27039 1
63 75 1 1.05099 1
63 76 1 -2.80896 0
63 77 1 1.74205 1
63 78 1 0.714159 1
63 79 1 1.20273 1
63 80 1 1.59384 1
63 81 1 0.440723 1
63 82 1 0.951196 1
63 83 1 -3.03871 1
63 84 1 -2.03871 1
63 85 1 -3.92772 1
63 86 1 5.30018 1
63 87 1 -2.35633 0
63 88 1 -0.117471 1
63 89 1 -0.858998 1
63 90 1 2.982 1
63 91 1 -1.26077 1
63 92 1 -0.700684 1
63 93 1 2.49643 1
63 94 1 -4.41481 1
63 95 1 -0.0811005 1
63 141 1 1.71227 1
63 144 1 0.729975 1
144 76 1 -1.82777 0
144 147 1 1.39885 1
147 76 1 -2.70941 1
141 87 1 -6.56904 1
141 10 1 -0.567291 1
