150 64 32
2.50257 0.702336 -6.49751 5.46744 -3.25209 1.84371 0.819087 -0.208137 -0.0751121 2.32644 2.83503 3.04062 -3.73666 -3.211 -0.909469 -3.02363 1.02056 0.777734 -1.38489 -0.759821 -2.11649 0.152896 -0.880386 0.115466 -3.75003 -0.357278 3.34066 2.35324 -2.60626 -3.01531 -3.68271 2.13955 -1.18886 0.972928 1.57891 1.83205 -3.33249 -0.840985 1.43295 -1.70186 -1.20148 0.571298 -0.432572 -4.80683 -1.96584 -0.129577 -2.21296 2.58478 -0.264991 2.34466 0.761648 -3.79221 -3.36815 0.143293 -1.35334 4.36276 -1.50392 0.27336 0.474147 -1.72192 1.06427 -0.686455 -0.626106 -3.77834 -4.08585 -0.0700058 4.02178 1.7561 -4.09712 1.49858 -3.41622 -1.22115 -2.34349 -3.08086 2.66133 2.96708 -1.93005 -0.667388 1.5424 -3.03504 0.580074 -1.03034 -2.5895 0.694782 1.68645 -0.477864 -2.61979 0.989113 4.41988 -0.160662 -2.91685 3.52277 -1.23171 1.17207 1.33238 -1.63646 -1.64422 0.0839145 -0.684687 -1.01211 2.7808 -3.49832 -5.19363 -3.10945 -2.95637 1.05221 -1.79444 -3.26959 -1.80544 1.15397 -1.42272 1.23805 2.43296 -3.66734 -0.528267 -1.00287 -2.83068 0.00107631 -1.38773 -1.09691 1.62432 0.774926 0.469562 2.45735 0.994472 2.88983 0.442622 0.69884 1.39426 2.00389 0.194747 -1.63458 -0.119312 -0.0148986 -1.12432 -0.997923 -0.780656 -1.08274 -1.95597 -0.755213 -0.000769055 -0.178173 -1.0191 0.0326885 -0.0585095 -0.400993 0.405723 1.04808 1.15415 -0.275926 
0 64 1 -4.33 1
0 65 1 1.5193 1
0 66 1 2.47564 1
0 67 1 -0.455034 1
0 68 1 -1.79602 1
0 69 1 1.08179 1
0 70 1 -0.519004 1
0 71 1 -0.49556 1
0 72 1 0.771716 1
0 73 1 -2.10582 1
0 74 1 -2.87165 1
0 75 1 0.963465 1
0 76 1 2.31656 1
0 77 1 0.959287 1
0 78 1 -3.3515 1
0 79 1 2.75689 1
0 80 1 1.84842 1
0 81 1 2.2895 1
0 82 1 3.52502 1
0 83 1 2.42322 1
0 84 1 -2.3765 1
0 85 1 3.84884 1
0 86 1 -3.22047 1
0 87 1 -1.49853 1
0 88 1 0.0245022 1
0 89 1 2.27556 1
0 90 1 4.69438 1
0 91 1 4.8662 1
0 92 1 -2.99923 1
0 93 1 -1.10382 1
0 94 1 0.798378 1
0 95 1 1.16876 1
0 10 1 -2.02152 1
1 64 1 -1.6027 1
1 65 1 -2.15003 1
1 66 1 2.36217 1
1 67 1 -3.18512 1
1 68 1 4.22847 1
1 69 1 -0.74509 1
1 70 1 1.3387 1
1 71 1 -2.19528 1
1 72 1 -1.59891 1
1 73 1 -1.49461 1
1 74 1 -3.00374 1
1 75 1 3.39007 1
1 76 1 -1.26187 1
1 77 1 5.49785 1
1 78 1 -1.79435 1
1 79 1 -0.484706 1
1 80 1 -3.68596 1
1 81 1 0.947568 1
1 82 1 -1.41396 1
1 83 1 -5.32472 1
1 84 1 -0.641474 1
1 85 1 -1.85949 1
1 86 1 2.2392 1
1 87 1 -1.52184 1
1 88 1 0.181887 1
1 89 1 3.87107 1
1 90 1 -1.96864 1
1 91 1 -2.31118 1
1 92 1 -0.745527 1
1 93 1 0.3148 1
1 94 1 -1.79542 1
1 95 1 -5.05096 1
1 27 1 0.184583 1
2 64 1 -0.119368 1
2 65 1 2.03498 1
2 66 1 -3.28934 1
2 67 1 -1.42747 1
2 68 1 -2.0423 1
2 69 1 1.9807 1
2 70 1 -1.69757 1
2 71 1 3.75639 1
2 72 1 -1.52936 1
2 73 1 -2.85755 1
2 74 1 -3.57228 1
2 75 1 -0.982735 1
2 76 1 -4.38141 1
2 77 1 0.828121 1
2 78 1 -0.869127 1
2 79 1 -4.27186 1
2 80 1 -4.73788 1
2 81 1 -3.49946 1
2 82 1 -0.440151 1
2 83 1 -3.35023 1
2 84 1 0.24086 1
2 85 1 2.55445 1
2 86 1 -1.00848 1
2 87 1 -0.228806 1
2 88 1 -0.313802 1
2 89 1 -3.05068 1
2 90 1 -3.23951 1
2 91 1 -1.9756 1
2 92 1 3.02188 1
2 93 1 -3.16109 1
2 94 1 2.25471 1
2 95 1 -0.738844 1
2 100 1 -0.943772 1
2 6 1 3.72645 1
2 110 1 0.0275721 1
3 64 1 -2.99221 1
3 65 1 -0.611577 1
3 66 1 -0.0492936 1
3 67 1 1.48721 1
3 68 1 4.39267 1
3 69 1 -2.95744 1
3 70 1 0.640424 1
3 71 1 0.49368 1
3 72 1 6.45594 1
3 73 1 -0.931761 1
3 74 1 1.22604 1
3 75 1 3.15147 1
3 76 1 1.56036 1
3 77 1 -0.852714 1
3 78 1 -1.35298 1
3 79 1 0.0546347 1
3 80 1 -2.18174 1
3 81 1 -1.55951 1
3 82 1 5.93218 1
3 83 1 0.587355 1
3 84 1 0.978926 1
3 85 1 -3.29747 1
3 86 1 0.359511 1
3 87 1 2.29127 1
3 88 1 -0.569296 1
3 89 1 2.00298 1
3 90 1 1.19849 1
3 91 1 1.31044 1
3 92 1 -0.125731 1
3 93 1 -2.06339 1
3 94 1 -3.04562 1
3 95 1 2.05989 0
3 110 1 2.10454 1
110 95 1 -1.7921 0
110 111 1 -0.344483 0
110 132 1 2.85882 1
132 111 1 2.25264 1
111 95 1 -2.25493 1
4 64 1 1.10855 1
4 65 1 -0.694743 1
4 66 1 -2.03654 1
4 67 1 2.75201 1
4 68 1 -1.74614 1
4 69 1 1.92296 1
4 70 1 0.143003 1
4 71 1 -0.376185 1
4 72 1 1.54225 1
4 73 1 -0.622502 0
4 74 1 -0.184616 1
4 75 1 -5.11011 0
4 76 1 0.776152 1
4 77 1 3.16593 1
4 78 1 2.06965 1
4 79 1 2.69194 1
4 80 1 -2.68653 1
4 81 1 0.334501 1
4 82 1 1.20836 1
4 83 1 -3.03928 1
4 84 1 0.51842 1
4 85 1 2.77944 1
4 86 1 2.69205 1
4 87 1 -0.0305177 1
4 88 1 -2.889 1
4 89 1 -0.558041 1
4 90 1 3.08287 1
4 91 1 -5.75741 1
4 92 1 -1.14407 1
4 93 1 0.885182 0
4 94 1 -1.54532 1
4 95 1 1.31739 1
4 101 1 3.05631 1
4 17 1 2.27887 1
4 118 1 1.41865 1
4 145 1 0.903431 1
145 93 1 0.391083 1
118 73 1 -3.1549 1
101 75 1 1.55436 1
5 64 1 -2.81278 1
5 65 1 1.89405 1
5 66 1 -2.45478 1
5 67 1 5.88454 1
5 68 1 3.50755 1
5 69 1 3.61217 1
5 70 1 -3.36382 1
5 71 1 -0.713838 1
5 72 1 1.07918 1
5 73 1 -2.32825 1
5 74 1 -1.08543 1
5 75 1 2.60825 1
5 76 1 3.02237 1
5 77 1 0.832129 1
5 78 1 -0.518715 1
5 79 1 -0.43949 1
5 80 1 1.9892 1
5 81 1 -2.06961 1
5 82 1 -0.114292 1
5 83 1 4.42825 1
5 84 1 1.32879 1
5 85 1 2.36896 1
5 86 1 -3.25833 1
5 87 1 0.241571 1
5 88 1 -1.98891 1
5 89 1 -3.23047 1
5 90 1 -2.35663 1
5 91 1 -0.76433 1
5 92 1 -1.78795 1
5 93 1 1.40576 1
5 94 1 -1.18035 1
5 95 1 0.257075 1
5 28 1 0.51321 1
6 64 1 0.245091 1
6 65 1 -0.936521 1
6 66 1 2.39699 1
6 67 1 2.58236 1
6 68 1 -4.39101 1
6 69 1 -0.910101 1
6 70 1 -1.26456 1
6 71 1 -0.344213 1
6 72 1 1.83008 1
6 73 1 -2.79252 1
6 74 1 -4.17575 1
6 75 1 0.676091 1
6 76 1 3.1321 1
6 77 1 0.12587 1
6 78 1 -1.91671 1
6 79 1 -1.96851 1
6 80 1 2.22721 1
6 81 1 -0.879368 1
6 82 1 1.73865 1
6 83 1 1.48119 1
6 84 1 1.59585 1
6 85 1 -2.12138 1
6 86 1 -0.602989 1
6 87 1 3.40048 1
6 88 1 -3.523 1
6 89 1 -1.93716 1
6 90 1 3.96328 1
6 91 1 -1.20647 1
6 92 1 3.05726 1
6 93 1 -2.74585 1
6 94 1 -2.73729 1
6 95 1 1.48936 1
6 26 1 0.304685 1
7 64 1 3.51898 1
7 65 1 1.01005 1
7 66 1 -1.57996 1
7 67 1 -4.41887 1
7 68 1 -1.77239 1
7 69 1 -0.379947 1
7 70 1 4.87483 1
7 71 1 0.341162 1
7 72 1 3.39449 1
7 73 1 -1.00733 1
7 74 1 -1.72447 1
7 75 1 -1.79329 1
7 76 1 2.75864 1
7 77 1 -1.13236 1
7 78 1 2.59526 1
7 79 1 1.43581 1
7 80 1 -0.693948 1
7 81 1 1.16126 1
7 82 1 -3.82792 0
7 83 1 1.73618 0
7 84 1 -2.06231 1
7 85 1 4.03293 1
7 86 1 0.69703 1
7 87 1 2.9272 1
7 88 1 -2.57228 1
7 89 1 -2.09051 1
7 90 1 -0.734482 1
7 91 1 -3.13745 1
7 92 1 1.69856 1
7 93 1 -2.16258 1
7 94 1 -0.458478 1
7 95 1 2.42319 1
7 100 1 -0.339619 1
7 127 1 0.85164 1
127 82 1 -3.63796 1
100 83 1 2.03681 1
100 24 1 -0.684027 0
100 106 1 3.79244 1
106 24 1 -5.16107 1
106 6 1 -0.957742 1
8 64 1 2.21829 1
8 65 1 -3.43321 1
8 66 1 -0.5385 1
8 67 1 1.68649 1
8 68 1 -1.43893 1
8 69 1 3.05683 1
8 70 1 1.49406 1
8 71 1 4.07415 1
8 72 1 2.77444 1
8 73 1 -0.485569 1
8 74 1 -0.574286 1
8 75 1 -2.54488 1
8 76 1 -0.834732 1
8 77 1 3.5427 1
8 78 1 -0.160146 1
8 79 1 -2.04017 1
8 80 1 -0.247677 1
8 81 1 -0.269223 1
8 82 1 0.757366 1
8 83 1 -3.14905 1
8 84 1 3.95151 1
8 85 1 8.42826 1
8 86 1 4.5448 1
8 87 1 1.04655 1
8 88 1 0.492311 1
8 89 1 3.36764 1
8 90 1 -1.16758 1
8 91 1 -0.173708 1
8 92 1 3.02435 1
8 93 1 4.95915 1
8 94 1 5.17742 1
8 95 1 0.248648 1
8 17 1 -1.3917 1
9 64 1 -3.24074 1
9 65 1 -3.34596 1
9 66 1 0.958421 1
9 67 1 1.47543 1
9 68 1 -0.474245 1
9 69 1 0.110351 1
9 70 1 -5.29251 1
9 71 1 -0.435332 1
9 72 1 3.00406 1
9 73 1 -1.20668 1
9 74 1 -0.0939237 1
9 75 1 0.280796 1
9 76 1 2.14606 1
9 77 1 -0.255225 1
9 78 1 2.65131 1
9 79 1 1.88795 1
9 80 1 -1.65298 1
9 81 1 -0.0634028 1
9 82 1 -2.31434 1
9 83 1 -0.431381 1
9 84 1 3.54241 1
9 85 1 2.43989 1
9 86 1 -1.21677 1
9 87 1 1.54564 1
9 88 1 0.0574394 1
9 89 1 5.59425 1
9 90 1 -0.901837 1
9 91 1 0.956094 1
9 92 1 -1.50395 1
9 93 1 -0.88936 1
9 94 1 -2.49025 1
9 95 1 1.60469 1
9 103 1 -0.962762 1
9 130 1 -0.65441 1
10 64 1 0.381908 1
10 65 1 -0.577716 1
10 66 1 5.56443 1
10 67 1 -5.80885 1
10 68 1 2.63981 1
10 69 1 -0.327734 1
10 70 1 -0.553321 1
10 71 1 -1.41318 1
10 72 1 4.32779 1
10 73 1 3.1985 1
10 74 1 1.4994 0
10 75 1 -0.036625 1
10 76 1 2.39291 1
10 77 1 0.714043 1
10 78 1 -0.369888 1
10 79 1 -4.48226 1
10 80 1 -2.29029 1
10 81 1 3.47959 1
10 82 1 2.6102 1
10 83 1 1.83412 1
10 84 1 3.63578 1
10 85 1 2.50693 1
10 86 1 -1.9121 1
10 87 1 0.0806261 1
10 88 1 2.82873 1
10 89 1 -0.0167742 1
10 90 1 -0.982956 1
10 91 1 2.97595 1
10 92 1 0.368096 1
10 93 1 -1.01485 1
10 94 1 3.5955 1
10 95 1 5.45532 1
10 124 1 2.02047 1
124 74 1 0.142573 1
11 64 1 3.31173 1
11 65 1 1.26843 1
11 66 1 2.73004 1
11 67 1 -1.40862 1
11 68 1 5.04361 1
11 69 1 0.358323 1
11 70 1 2.8428 1
11 71 1 1.52606 1
11 72 1 -2.66348 1
11 73 1 1.00729 1
11 74 1 -1.32877 0
11 75 1 -1.36651 1
11 76 1 -1.23744 1
11 77 1 0.10364 1
11 78 1 -1.31047 1
11 79 1 -0.783789 1
11 80 1 -2.78517 1
11 81 1 0.0117588 1
11 82 1 4.95243 1
11 83 1 1.02353 1
11 84 1 2.25239 1
11 85 1 -1.86826 1
11 86 1 -4.46496 1
11 87 1 -1.62171 1
11 88 1 -3.17563 1
11 89 1 -0.245788 1
11 90 1 -2.18131 1
11 91 1 0.00498622 1
11 92 1 -2.34578 1
11 93 1 3.25968 1
11 94 1 -0.999443 1
11 95 1 -5.15523 1
11 120 1 -4.09465 1
11 109 1 0.874611 1
120 74 1 -1.84612 1
120 13 1 0.332518 1
12 64 1 -0.43064 1
12 65 1 0.98218 1
12 66 1 -1.9932 1
12 67 1 -2.84183 1
12 68 1 1.02102 1
12 69 1 1.44384 1
12 70 1 -0.922207 1
12 71 1 2.09222 1
12 72 1 0.89712 1
12 73 1 -4.6606 1
12 74 1 -4.0486 1
12 75 1 -2.25096 1
12 76 1 -0.279885 1
12 77 1 0.102385 1
12 78 1 0.199482 1
12 79 1 -0.815671 1
12 80 1 -1.52595 1
12 81 1 -1.63136 1
12 82 1 2.82671 1
12 83 1 0.221569 1
12 84 1 1.31059 1
12 85 1 -1.15628 1
12 86 1 0.0379549 1
12 87 1 1.37735 1
12 88 1 -2.70755 1
12 89 1 3.39324 1
12 90 1 -0.8826 1
12 91 1 -2.30739 1
12 92 1 1.19008 1
12 93 1 -2.91295 1
12 94 1 2.44345 1
12 95 1 -2.39438 1
12 17 1 -0.280845 1
12 18 1 -0.186917 1
13 64 1 0.336708 1
13 65 1 -4.44473 1
13 66 1 -0.616426 1
13 67 1 1.43085 1
13 68 1 1.48637 1
13 69 1 -2.66317 1
13 70 1 0.527986 1
13 71 1 1.01141 1
13 72 1 1.3095 1
13 73 1 -3.12874 1
13 74 1 -2.11104 1
13 75 1 -1.58609 1
13 76 1 0.279559 1
13 77 1 -2.41851 1
13 78 1 1.95884 1
13 79 1 1.08114 1
13 80 1 1.48409 1
13 81 1 0.534346 1
13 82 1 -0.591667 1
13 83 1 1.61301 1
13 84 1 -2.44431 1
13 85 1 6.30183 1
13 86 1 5.72164 1
13 87 1 6.56987 1
13 88 1 2.39718 1
13 89 1 -0.124277 1
13 90 1 -3.83363 1
13 91 1 -3.14385 1
13 92 1 -0.867834 1
13 93 1 -3.58935 1
13 94 1 1.08534 1
13 95 1 -3.32732 1
14 64 1 -2.26723 1
14 65 1 4.95169 1
14 66 1 1.07421 1
14 67 1 -1.10495 1
14 68 1 -1.5913 1
14 69 1 3.773 1
14 70 1 -1.55168 1
14 71 1 0.932959 1
14 72 1 1.53645 1
14 73 1 -0.497173 1
14 74 1 0.759195 1
14 75 1 1.80267 1
14 76 1 -0.667544 1
14 77 1 1.82448 1
14 78 1 -2.48552 1
14 79 1 -1.36484 1
14 80 1 -1.06609 1
14 81 1 0.544549 0
14 82 1 5.74274 1
14 83 1 -0.631067 1
14 84 1 0.70534 1
14 85 1 -2.2548 1
14 86 1 1.65861 1
14 87 1 -2.11484 1
14 88 1 -0.880003 1
14 89 1 0.62999 1
14 90 1 0.932954 1
14 91 1 4.29688 1
14 92 1 1.81267 1
14 93 1 0.845411 1
14 94 1 5.44423 1
14 95 1 0.141857 1
14 104 1 -3.09167 1
14 119 1 1.67763 1
119 81 1 4.7189 1
119 99 1 -1.14268 1
15 64 1 0.235862 1
15 65 1 1.55206 1
15 66 1 -3.44512 1
15 67 1 -1.26414 1
15 68 1 0.205405 1
15 69 1 -2.01837 1
15 70 1 7.2606 1
15 71 1 -1.31203 1
15 72 1 -0.856717 1
15 73 1 -0.440374 1
15 74 1 1.74526 1
15 75 1 -2.08852 1
15 76 1 -0.593936 1
15 77 1 1.11084 1
15 78 1 -1.64499 1
15 79 1 -0.279593 1
15 80 1 1.3762 1
15 81 1 0.766312 1
15 82 1 -3.53927 1
15 83 1 -0.891782 1
15 84 1 2.99538 1
15 85 1 -0.980723 1
15 86 1 1.08174 1
15 87 1 -5.00998 1
15 88 1 0.445827 1
15 89 1 2.74792 1
15 90 1 -0.321778 1
15 91 1 -4.22382 1
15 92 1 1.53035 1
15 93 1 -1.40873 1
15 94 1 1.16768 1
15 95 1 2.48648 1
15 20 1 0.32276 1
16 64 1 3.52173 1
16 65 1 0.0919428 1
16 66 1 -3.26142 1
16 67 1 -3.21028 1
16 68 1 1.78725 1
16 69 1 0.351036 1
16 70 1 2.39566 1
16 71 1 4.28611 1
16 72 1 -0.300232 1
16 73 1 -2.55529 1
16 74 1 1.24589 1
16 75 1 1.05442 1
16 76 1 0.00484311 1
16 77 1 1.15445 1
16 78 1 -1.1011 1
16 79 1 -0.808407 1
16 80 1 0.744359 1
16 81 1 2.96162 1
16 82 1 -1.45682 1
16 83 1 2.52687 1
16 84 1 -1.56497 1
16 85 1 -0.684743 1
16 86 1 -1.50915 1
16 87 1 -1.11658 1
16 88 1 0.614964 1
16 89 1 0.9468 1
16 90 1 -0.686488 1
16 91 1 2.61062 1
16 92 1 3.36742 1
16 93 1 -1.42299 1
16 94 1 -1.27533 1
16 95 1 -2.61162 1
16 26 1 -0.548588 1
17 64 1 -3.09739 1
17 65 1 -1.10532 1
17 66 1 -2.39168 1
17 67 1 5.16329 1
17 68 1 -1.54205 1
17 69 1 0.534289 1
17 70 1 0.764096 1
17 71 1 0.834673 1
17 72 1 -6.41465 0
17 73 1 0.278485 1
17 74 1 3.96507 1
17 75 1 1.37719 1
17 76 1 -0.464963 1
17 77 1 2.8196 1
17 78 1 -0.487118 1
17 79 1 -3.15971 1
17 80 1 4.55287 1
17 81 1 2.12459 1
17 82 1 -0.463268 1
17 83 1 -1.42915 1
17 84 1 -3.76342 1
17 85 1 2.11978 1
17 86 1 1.16351 1
17 87 1 -1.78315 1
17 88 1 -6.16449 1
17 89 1 2.78698 1
17 90 1 -4.03941 1
17 91 1 6.16882 1
17 92 1 -0.285871 1
17 93 1 3.673 1
17 94 1 2.54736 1
17 95 1 0.907926 1
17 146 1 1.9223 1
146 72 1 -6.68439 1
18 64 1 1.93561 1
18 65 1 -0.568387 1
18 66 1 1.76093 1
18 67 1 1.27636 1
18 68 1 -0.611713 1
18 69 1 0.127073 1
18 70 1 2.12962 1
18 71 1 -0.110046 1
18 72 1 2.35682 1
18 73 1 -0.135043 1
18 74 1 2.06937 1
18 75 1 0.257722 1
18 76 1 3.37999 1
18 77 1 -0.842276 1
18 78 1 3.02259 1
18 79 1 0.309595 1
18 80 1 -4.83731 1
18 81 1 2.24377 1
18 82 1 -3.26821 1
18 83 1 3.06523 1
18 84 1 -1.66206 1
18 85 1 1.11039 1
18 86 1 4.54523 1
18 87 1 -0.899176 1
18 88 1 0.680732 1
18 89 1 -3.58901 1
18 90 1 0.628828 1
18 91 1 3.04287 1
18 92 1 -4.10242 1
18 93 1 0.696599 1
18 94 1 -1.42613 1
18 95 1 0.0639382 1
18 25 1 0.143115 1
18 18 1 0.0680127 1
18 139 1 -0.248006 1
19 64 1 4.91567 1
19 65 1 -2.28503 1
19 66 1 3.27968 1
19 67 1 -0.924771 1
19 68 1 -3.44528 1
19 69 1 1.56016 1
19 70 1 -1.22482 1
19 71 1 -2.14322 1
19 72 1 3.05914 1
19 73 1 1.18941 1
19 74 1 -0.403806 1
19 75 1 1.22169 1
19 76 1 -2.99746 1
19 77 1 -2.18133 1
19 78 1 -3.12544 1
19 79 1 1.94363 1
19 80 1 0.556035 1
19 81 1 -4.02042 1
19 82 1 0.0320653 1
19 83 1 -4.01528 1
19 84 1 0.939148 1
19 85 1 0.472593 1
19 86 1 0.779277 1
19 87 1 2.4461 1
19 88 1 0.801883 1
19 89 1 4.21646 1
19 90 1 -0.972971 1
19 91 1 -0.605263 1
19 92 1 -0.229378 1
19 93 1 -3.37621 1
19 94 1 -1.23802 1
19 95 1 -5.74191 1
20 64 1 1.08698 1
20 65 1 -0.995339 1
20 66 1 -1.79368 1
20 67 1 0.648471 1
20 68 1 -0.600776 1
20 69 1 -1.49779 1
20 70 1 -3.54308 1
20 71 1 2.6537 1
20 72 1 2.32676 1
20 73 1 1.80899 1
20 74 1 3.27714 1
20 75 1 3.99888 1
20 76 1 0.444495 1
20 77 1 -0.174228 1
20 78 1 2.75956 1
20 79 1 1.61991 1
20 80 1 0.785684 1
20 81 1 0.556332 1
20 82 1 2.42997 1
20 83 1 1.14315 1
20 84 1 1.09383 1
20 85 1 -4.45633 1
20 86 1 0.568457 1
20 87 1 -0.696316 1
20 88 1 1.51052 1
20 89 1 1.75235 1
20 90 1 3.47245 1
20 91 1 1.19381 0
20 92 1 0.294243 1
20 93 1 0.122468 0
20 94 1 3.4271 0
20 95 1 -0.55245 1
20 96 1 -3.59158 1
20 98 1 -0.374528 1
20 103 1 0.802607 1
20 109 1 0.639133 1
103 91 1 0.940925 0
103 105 1 1.10412 1
103 112 1 -0.757225 0
103 123 1 -0.472902 1
103 140 1 -1.76113 1
140 112 1 1.64591 1
123 91 1 0.298113 1
123 113 1 0.645732 0
123 136 1 1.39047 1
123 137 1 -1.34822 1
136 113 1 -1.75657 1
105 91 1 2.60388 0
105 129 1 -1.17512 1
129 91 1 -0.0541322 0
129 135 1 1.83177 1
129 116 1 0.478358 1
135 91 1 0.121138 1
98 93 1 -0.0818028 1
98 99 1 4.16649 1
98 15 1 0.891649 1
96 94 1 1.97929 1
96 20 1 -0.670816 1
21 64 1 1.84118 1
21 65 1 5.76014 1
21 66 1 -3.67153 1
21 67 1 -4.34714 1
21 68 1 -1.57836 1
21 69 1 1.41446 1
21 70 1 -1.26106 1
21 71 1 -3.00906 1
21 72 1 -7.56936 1
21 73 1 -0.147212 1
21 74 1 -1.33957 1
21 75 1 2.40826 1
21 76 1 -1.08484 1
21 77 1 -0.605885 1
21 78 1 -1.84337 1
21 79 1 -0.725807 1
21 80 1 2.68823 1
21 81 1 -1.15678 1
21 82 1 -1.86019 1
21 83 1 0.142187 1
21 84 1 4.3172 1
21 85 1 -1.38306 1
21 86 1 2.28474 1
21 87 1 -1.2526 1
21 88 1 2.95339 1
21 89 1 0.615666 1
21 90 1 -0.958138 1
21 91 1 0.437144 0
21 92 1 1.65795 1
21 93 1 0.0414091 1
21 94 1 -4.09338 1
21 95 1 -0.732041 1
21 143 1 2.0657 1
143 91 1 -0.799769 1
22 64 1 1.33682 1
22 65 1 1.62241 1
22 66 1 -0.203684 1
22 67 1 4.2142 1
22 68 1 -0.688294 1
22 69 1 -1.69678 1
22 70 1 -1.80228 1
22 71 1 1.27297 1
22 72 1 -3.79173 1
22 73 1 -0.86503 1
22 74 1 -3.20177 1
22 75 1 -1.73914 1
22 76 1 1.19597 1
22 77 1 -0.184512 1
22 78 1 3.38953 1
22 79 1 6.39853 1
22 80 1 -1.14365 1
22 81 1 -2.24751 1
22 82 1 -0.100541 1
22 83 1 -2.49033 1
22 84 1 -1.50295 1
22 85 1 1.14736 1
22 86 1 0.312188 1
22 87 1 5.21567 1
22 88 1 -2.75798 1
22 89 1 -1.01467 1
22 90 1 1.6644 1
22 91 1 0.59165 1
22 92 1 1.28958 1
22 93 1 1.77477 1
22 94 1 4.15058 1
22 95 1 2.76417 1
23 64 1 -2.28177 1
23 65 1 2.14052 1
23 66 1 0.573813 1
23 67 1 2.79594 1
23 68 1 -3.21442 1
23 69 1 2.60104 1
23 70 1 4.96295 1
23 71 1 -3.02803 1
23 72 1 0.531788 1
23 73 1 -0.195684 1
23 74 1 2.36374 1
23 75 1 0.743815 1
23 76 1 3.70301 1
23 77 1 2.99008 1
23 78 1 -0.0234552 1
23 79 1 -4.96401 1
23 80 1 1.14648 1
23 81 1 1.07135 1
23 82 1 -1.94574 1
23 83 1 1.01246 1
23 84 1 5.0051 1
23 85 1 -2.01199 1
23 86 1 -8.05543 1
23 87 1 0.817761 1
23 88 1 2.25232 1
23 89 1 -0.456601 1
23 90 1 -2.02416 1
23 91 1 -1.70515 1
23 92 1 0.59597 1
23 93 1 1.91644 1
23 94 1 -2.14204 1
23 95 1 -0.470773 1
23 107 1 0.7491 1
23 27 1 0.0188366 1
24 64 1 -1.46833 1
24 65 1 2.93433 1
24 66 1 -0.725656 1
24 67 1 5.93243 1
24 68 1 -4.78754 1
24 69 1 2.87156 1
24 70 1 -0.587337 1
24 71 1 3.82985 1
24 72 1 1.48866 1
24 73 1 1.68791 1
24 74 1 0.833592 1
24 75 1 1.20787 1
24 76 1 -0.449963 1
24 77 1 0.747 1
24 78 1 -4.54984 1
24 79 1 -1.54434 1
24 80 1 4.31159 1
24 81 1 1.05833 1
24 82 1 1.87442 1
24 83 1 -4.57689 1
24 84 1 -3.06385 1
24 85 1 -1.37425 1
24 86 1 -3.83997 1
24 87 1 2.21188 1
24 88 1 -2.32708 1
24 89 1 7.25053 1
24 90 1 3.90309 1
24 91 1 -3.08294 1
24 92 1 0.294992 1
24 93 1 -0.368124 1
24 94 1 -0.940246 1
24 95 1 -0.702948 1
24 5 1 1.04595 1
25 64 1 1.32881 1
25 65 1 2.10003 1
25 66 1 0.196114 1
25 67 1 -0.79873 1
25 68 1 2.75759 1
25 69 1 -4.62321 1
25 70 1 0.78844 0
25 71 1 -3.51368 1
25 72 1 2.54592 1
25 73 1 0.168036 1
25 74 1 1.94933 1
25 75 1 -1.22249 1
25 76 1 -0.221281 1
25 77 1 0.625745 1
25 78 1 2.48517 1
25 79 1 0.168187 1
25 80 1 -1.12874 1
25 81 1 -3.47631 1
25 82 1 -1.14624 1
25 83 1 4.15842 1
25 84 1 -2.08476 1
25 85 1 -1.9611 1
25 86 1 1.28426 1
25 87 1 1.0944 1
25 88 1 0.254416 1
25 89 1 2.46661 1
25 90 1 -2.60875 1
25 91 1 1.71441 1
25 92 1 2.22968 1
25 93 1 -1.58087 1
25 94 1 -0.0892293 1
25 95 1 -3.18277 1
25 8 1 0.0874051 1
25 6 1 -1.61819 1
25 121 1 -1.43329 1
121 70 1 5.96385 1
26 64 1 -2.64851 1
26 65 1 2.49712 1
26 66 1 1.42372 1
26 67 1 1.82126 1
26 68 1 0.860305 1
26 69 1 2.76611 1
26 70 1 -2.3826 1
26 71 1 0.683958 1
26 72 1 -2.94107 1
26 73 1 0.967597 1
26 74 1 -4.08192 1
26 75 1 2.3794 1
26 76 1 0.0709458 1
26 77 1 -3.77904 1
26 78 1 4.00964 1
26 79 1 -0.941144 1
26 80 1 -0.286329 1
26 81 1 3.50889 1
26 82 1 0.935311 1
26 83 1 2.07488 1
26 84 1 -4.37456 1
26 85 1 1.54506 1
26 86 1 -4.12111 1
26 87 1 1.45627 1
26 88 1 -3.5643 1
26 89 1 0.659249 1
26 90 1 -2.19773 1
26 91 1 -3.34261 1
26 92 1 -1.26884 1
26 93 1 1.87112 1
26 94 1 1.85973 1
26 95 1 -1.25458 1
26 23 1 3.62744 1
26 15 1 3.64943 1
27 64 1 -3.46759 1
27 65 1 3.82426 1
27 66 1 3.46279 1
27 67 1 -2.35138 1
27 68 1 0.929238 1
27 69 1 1.23476 1
27 70 1 3.70819 1
27 71 1 -5.88517 1
27 72 1 -0.528272 1
27 73 1 1.63379 1
27 74 1 -2.43362 1
27 75 1 1.51974 1
27 76 1 -2.69808 1
27 77 1 -1.97474 1
27 78 1 -0.545909 1
27 79 1 1.26659 1
27 80 1 -1.84888 1
27 81 1 -1.99435 1
27 82 1 1.22682 1
27 83 1 1.7359 1
27 84 1 0.796388 1
27 85 1 1.29072 1
27 86 1 -0.935431 1
27 87 1 1.13232 1
27 88 1 -3.76644 1
27 89 1 -5.03442 1
27 90 1 3.78353 1
27 91 1 -1.56978 1
27 92 1 -1.3552 1
27 93 1 -0.73344 1
27 94 1 2.67815 1
27 95 1 -2.02905 1
27 9 1 0.870642 1
27 5 1 -2.12332 1
28 64 1 2.89422 1
28 65 1 0.0344759 1
28 66 1 -2.86076 1
28 67 1 4.44681 1
28 68 1 2.51245 1
28 69 1 1.50329 1
28 70 1 -0.686002 1
28 71 1 -1.57623 1
28 72 1 -6.5159 1
28 73 1 1.6062 1
28 74 1 -0.306424 1
28 75 1 0.365408 1
28 76 1 0.0415448 1
28 77 1 1.77178 1
28 78 1 -2.85007 1
28 79 1 1.30662 1
28 80 1 2.46263 1
28 81 1 -1.381 1
28 82 1 3.39416 1
28 83 1 3.60271 1
28 84 1 2.27546 1
28 85 1 -8.08444 1
28 86 1 -3.32654 1
28 87 1 -3.00539 1
28 88 1 -3.81618 1
28 89 1 0.0804343 1
28 90 1 -3.67531 1
28 91 1 -1.60945 1
28 92 1 1.9827 1
28 93 1 -2.66084 1
28 94 1 3.62798 1
28 95 1 -3.51497 1
29 64 1 0.204961 1
29 65 1 -2.38406 1
29 66 1 -0.74139 1
29 67 1 2.44209 1
29 68 1 -8.20873 1
29 69 1 1.07104 1
29 70 1 -0.796211 1
29 71 1 -1.8544 1
29 72 1 0.3274 1
29 73 1 -0.82267 1
29 74 1 0.675813 1
29 75 1 0.517321 1
29 76 1 -0.391534 1
29 77 1 2.16302 1
29 78 1 -4.90021 1
29 79 1 -2.75323 1
29 80 1 3.01437 1
29 81 1 -0.121399 1
29 82 1 0.960589 1
29 83 1 -0.868467 1
29 84 1 1.66653 1
29 85 1 -0.235089 1
29 86 1 -2.32299 1
29 87 1 -4.37128 1
29 88 1 -1.44413 1
29 89 1 -2.06577 1
29 90 1 -0.714601 1
29 91 1 1.0767 1
29 92 1 0.381207 1
29 93 1 1.07899 1
29 94 1 -1.54239 1
29 95 1 -0.0337296 1
29 113 1 0.839361 1
30 64 1 -0.0889232 1
30 65 1 1.80078 1
30 66 1 3.41354 1
30 67 1 1.2334 1
30 68 1 1.02122 1
30 69 1 2.45398 1
30 70 1 1.48464 1
30 71 1 -2.64478 1
30 72 1 0.183102 1
30 73 1 3.12594 1
30 74 1 -0.224672 1
30 75 1 3.47797 1
30 76 1 2.21728 1
30 77 1 -0.683228 1
30 78 1 1.98786 1
30 79 1 3.36261 1
30 80 1 -0.729261 1
30 81 1 -2.37446 1
30 82 1 3.62926 1
30 83 1 4.46143 1
30 84 1 1.27729 1
30 85 1 -2.70688 1
30 86 1 -1.73279 1
30 87 1 -3.42167 1
30 88 1 2.03026 1
30 89 1 -1.05228 1
30 90 1 1.69763 1
30 91 1 5.87257 1
30 92 1 -2.06018 1
30 93 1 2.03974 1
30 94 1 3.03174 1
30 95 1 -0.491909 1
31 64 1 1.67832 1
31 65 1 -0.462573 1
31 66 1 -1.94821 1
31 67 1 4.97803 1
31 68 1 3.36843 1
31 69 1 1.63092 1
31 70 1 -4.45604 1
31 71 1 1.38883 1
31 72 1 -3.43544 1
31 73 1 -2.09989 1
31 74 1 1.9396 1
31 75 1 1.11607 1
31 76 1 1.19623 1
31 77 1 0.375975 1
31 78 1 -2.48696 1
31 79 1 1.09579 1
31 80 1 -0.33446 1
31 81 1 -2.31981 1
31 82 1 -0.0839222 1
31 83 1 -0.393502 1
31 84 1 -1.91246 1
31 85 1 -2.69836 1
31 86 1 0.342823 1
31 87 1 -2.7042 0
31 88 1 2.97012 1
31 89 1 -1.07787 1
31 90 1 2.08033 1
31 91 1 -1.86696 1
31 92 1 -0.180616 1
31 93 1 2.24647 1
31 94 1 1.53798 1
31 95 1 -1.56211 1
31 122 1 2.11735 1
122 87 1 0.29226 1
32 64 1 6.97408 1
32 65 1 2.14384 1
32 66 1 -3.33179 1
32 67 1 2.07271 1
32 68 1 0.0538435 1
32 69 1 1.88649 1
32 70 1 -0.0767444 1
32 71 1 1.38678 1
32 72 1 -3.22746 1
32 73 1 1.30061 1
32 74 1 -1.54805 1
32 75 1 3.92222 1
32 76 1 -1.72539 1
32 77 1 2.72531 1
32 78 1 0.00114802 1
32 79 1 1.35805 1
32 80 1 0.239704 1
32 81 1 -1.87028 1
32 82 1 -2.14073 1
32 83 1 -3.72993 1
32 84 1 1.52862 1
32 85 1 -3.3712 1
32 86 1 0.300914 1
32 87 1 -0.966049 1
32 88 1 -1.26364 1
32 89 1 -2.76719 1
32 90 1 0.995759 1
32 91 1 -2.99431 1
32 92 1 0.976863 1
32 93 1 0.735354 1
32 94 1 -0.384727 1
32 95 1 -2.37639 1
33 64 1 2.45776 1
33 65 1 -5.62808 1
33 66 1 -0.580326 1
33 67 1 -3.24687 1
33 68 1 -0.607317 1
33 69 1 -1.98845 1
33 70 1 3.65359 1
33 71 1 5.19421 1
33 72 1 0.723195 1
33 73 1 3.41691 1
33 74 1 3.00732 1
33 75 1 -5.16594 1
33 76 1 -1.10844 1
33 77 1 2.64399 1
33 78 1 -3.07977 1
33 79 1 -2.72465 1
33 80 1 1.7852 1
33 81 1 -1.58725 1
33 82 1 1.07177 1
33 83 1 1.59548 1
33 84 1 1.33835 1
33 85 1 0.482443 1
33 86 1 0.425694 1
33 87 1 1.24128 1
33 88 1 2.1624 1
33 89 1 3.94623 1
33 90 1 -1.82521 1
33 91 1 1.21257 1
33 92 1 2.25881 1
33 93 1 1.58974 1
33 94 1 0.630741 1
33 95 1 0.0715437 1
33 20 1 -1.84338 1
33 107 1 0.886479 1
33 13 1 -0.273702 1
34 64 1 0.326565 1
34 65 1 -0.732936 1
34 66 1 1.57585 1
34 67 1 1.72763 1
34 68 1 0.573295 1
34 69 1 0.226477 1
34 70 1 -1.21036 1
34 71 1 -0.323897 1
34 72 1 -1.09474 1
34 73 1 -3.35775 1
34 74 1 0.74061 1
34 75 1 5.1492 1
34 76 1 -1.10925 1
34 77 1 -0.888069 1
34 78 1 -0.921146 1
34 79 1 2.02022 1
34 80 1 2.36837 1
34 81 1 0.0249178 1
34 82 1 -1.19992 1
34 83 1 1.03917 1
34 84 1 0.562689 1
34 85 1 -0.395361 1
34 86 1 -0.610774 1
34 87 1 -1.04661 1
34 88 1 0.711734 1
34 89 1 -1.23688 1
34 90 1 -4.89829 1
34 91 1 3.02833 1
34 92 1 0.32922 1
34 93 1 -2.64571 1
34 94 1 2.35877 1
34 95 1 1.59736 1
34 113 1 -0.519193 1
35 64 1 -0.319169 1
35 65 1 -1.1665 1
35 66 1 -0.0100419 1
35 67 1 2.02655 1
35 68 1 0.771085 1
35 69 1 4.02213 1
35 70 1 2.71056 1
35 71 1 2.77382 1
35 72 1 2.92029 1
35 73 1 7.12851 1
35 74 1 2.59041 1
35 75 1 -0.647489 1
35 76 1 -3.17549 1
35 77 1 1.30409 1
35 78 1 -1.36813 1
35 79 1 1.13063 1
35 80 1 -8.36519 1
35 81 1 -1.8432 1
35 82 1 2.49851 0
35 83 1 -0.451021 1
35 84 1 3.77855 1
35 85 1 -4.50441 1
35 86 1 -2.64487 1
35 87 1 -2.44033 1
35 88 1 -0.307062 1
35 89 1 0.601725 0
35 90 1 -0.27904 1
35 91 1 -1.43458 1
35 92 1 -2.93929 1
35 93 1 -1.6135 1
35 94 1 -1.80402 1
35 95 1 -0.0461525 1
35 130 1 0.393411 1
35 133 1 4.02258 1
133 82 1 2.02436 1
130 89 1 2.57885 1
36 64 1 0.00290448 1
36 65 1 1.29489 1
36 66 1 -0.082506 1
36 67 1 0.614053 1
36 68 1 -4.9442 1
36 69 1 -3.11811 1
36 70 1 -0.435878 1
36 71 1 1.767 1
36 72 1 -0.682887 1
36 73 1 -0.962972 1
36 74 1 -0.576457 1
36 75 1 0.846094 1
36 76 1 2.0044 1
36 77 1 -4.88097 1
36 78 1 -0.123245 1
36 79 1 2.17524 1
36 80 1 1.46272 1
36 81 1 -1.15301 1
36 82 1 -1.57376 0
36 83 1 1.1436 1
36 84 1 1.57502 1
36 85 1 -3.21311 1
36 86 1 1.34029 1
36 87 1 -0.367437 1
36 88 1 -0.00864263 1
36 89 1 1.35665 1
36 90 1 -2.24069 1
36 91 1 1.74834 1
36 92 1 4.38965 1
36 93 1 0.997127 1
36 94 1 -3.24337 1
36 95 1 6.2758 1
36 109 1 1.03867 0
36 24 1 -0.574078 1
36 117 1 1.36882 1
117 109 1 0.864718 1
109 82 1 1.8042 1
109 31 1 -0.494332 1
37 64 1 -4.34662 1
37 65 1 1.4312 1
37 66 1 -1.93026 1
37 67 1 -0.45134 1
37 68 1 -4.38253 1
37 69 1 1.18849 1
37 70 1 -3.45904 1
37 71 1 -0.869931 1
37 72 1 2.0607 1
37 73 1 2.43707 1
37 74 1 -1.08564 1
37 75 1 0.945727 1
37 76 1 2.72385 0
37 77 1 2.88087 1
37 78 1 -0.298862 1
37 79 1 0.474857 1
37 80 1 3.3312 1
37 81 1 -0.562117 1
37 82 1 4.98224 1
37 83 1 1.74593 1
37 84 1 -4.24074 1
37 85 1 1.61447 1
37 86 1 -0.744535 1
37 87 1 2.35076 1
37 88 1 -2.54075 1
37 89 1 -0.902061 1
37 90 1 -0.210736 1
37 91 1 1.96137 1
37 92 1 2.91242 1
37 93 1 -0.111968 1
37 94 1 -2.43475 1
37 95 1 -1.21456 1
37 142 1 1.52261 1
142 76 1 -0.752418 1
142 147 1 -1.7348 1
38 64 1 -0.00456575 1
38 65 1 -1.78548 1
38 66 1 -0.553678 1
38 67 1 -0.206182 1
38 68 1 -2.11838 1
38 69 1 -5.35022 1
38 70 1 -0.711897 1
38 71 1 -0.674252 1
38 72 1 -0.763243 1
38 73 1 -0.230905 1
38 74 1 -1.00685 1
38 75 1 2.09107 1
38 76 1 2.19834 1
38 77 1 -1.25511 1
38 78 1 -1.82657 1
38 79 1 -1.23348 1
38 80 1 -5.22971 1
38 81 1 -1.6926 1
38 82 1 3.37092 1
38 83 1 -1.0098 1
38 84 1 -3.02046 1
38 85 1 -3.61669 1
38 86 1 0.123001 1
38 87 1 -0.0133472 1
38 88 1 1.00641 1
38 89 1 3.5829 1
38 90 1 -0.249998 1
38 91 1 2.17958 1
38 92 1 1.10816 0
38 93 1 -1.73799 1
38 94 1 0.645237 1
38 95 1 -2.5881 1
38 148 1 1.33897 1
148 92 1 2.31455 1
39 64 1 0.515045 1
39 65 1 -2.06107 1
39 66 1 2.64872 1
39 67 1 -0.0830881 1
39 68 1 1.65893 1
39 69 1 -0.37146 1
39 70 1 2.19025 1
39 71 1 -1.27364 1
39 72 1 -1.9683 1
39 73 1 -3.11761 1
39 74 1 1.54895 1
39 75 1 1.6748 0
39 76 1 3.48035 1
39 77 1 -0.352745 1
39 78 1 -2.75219 1
39 79 1 -2.60759 1
39 80 1 1.32206 1
39 81 1 -3.75718 1
39 82 1 -0.214936 1
39 83 1 0.590833 1
39 84 1 -2.1242 1
39 85 1 0.0167727 1
39 86 1 2.10547 1
39 87 1 0.670605 1
39 88 1 -3.02485 1
39 89 1 0.268663 1
39 90 1 4.23679 1
39 91 1 -1.21578 1
39 92 1 4.46188 1
39 93 1 0.539253 1
39 94 1 -3.73032 1
39 95 1 -0.622748 1
39 2 1 -4.38182 1
39 112 1 3.21318 1
39 13 1 0.253399 1
39 104 1 -0.896177 1
112 75 1 -1.75181 1
112 138 1 -1.35627 1
40 64 1 -5.90295 1
40 65 1 -0.751471 1
40 66 1 1.94705 1
40 67 1 0.960189 1
40 68 1 2.31766 1
40 69 1 1.22173 1
40 70 1 -1.25327 1
40 71 1 0.345153 1
40 72 1 3.88031 1
40 73 1 1.64869 1
40 74 1 -0.954416 1
40 75 1 0.706862 1
40 76 1 -0.914838 1
40 77 1 3.71358 1
40 78 1 1.8584 1
40 79 1 -1.7786 1
40 80 1 -0.791183 1
40 81 1 0.918982 1
40 82 1 0.578876 1
40 83 1 -2.71995 1
40 84 1 0.47444 1
40 85 1 2.87752 1
40 86 1 1.55853 1
40 87 1 1.70062 1
40 88 1 1.38499 1
40 89 1 -0.370206 1
40 90 1 -1.85154 1
40 91 1 -1.18846 1
40 92 1 -1.38802 1
40 93 1 2.84136 1
40 94 1 0.938638 1
40 95 1 2.07355 1
40 2 1 -1.06407 1
40 134 1 0.875901 1
41 64 1 5.18263 1
41 65 1 -0.422162 1
41 66 1 0.394288 1
41 67 1 -0.586794 1
41 68 1 2.51179 1
41 69 1 -0.161361 1
41 70 1 1.60148 1
41 71 1 -0.0424028 1
41 72 1 3.83238 1
41 73 1 -4.81266 1
41 74 1 -0.573108 1
41 75 1 2.49946 1
41 76 1 -2.49662 1
41 77 1 -0.392389 1
41 78 1 -3.49179 1
41 79 1 1.25574 1
41 80 1 0.596746 1
41 81 1 3.99814 1
41 82 1 -2.26413 1
41 83 1 1.6522 1
41 84 1 -2.32628 1
41 85 1 -0.0923735 1
41 86 1 0.938282 1
41 87 1 1.3806 1
41 88 1 3.36586 1
41 89 1 -2.34399 1
41 90 1 -2.99341 1
41 91 1 -0.454563 1
41 92 1 0.618763 1
41 93 1 -0.869417 1
41 94 1 -0.323527 1
41 95 1 0.772466 1
41 11 1 2.68947 1
41 29 1 -0.707054 1
42 64 1 1.77155 1
42 65 1 0.795914 1
42 66 1 0.0733494 1
42 67 1 -0.469932 1
42 68 1 -1.50033 1
42 69 1 -1.1825 1
42 70 1 -1.82126 1
42 71 1 -1.28528 1
42 72 1 -0.602041 1
42 73 1 -2.80953 1
42 74 1 1.63275 1
42 75 1 -0.528617 1
42 76 1 -2.55034 1
42 77 1 -0.413496 1
42 78 1 -1.6344 1
42 79 1 0.913814 1
42 80 1 -0.351221 1
42 81 1 1.70789 1
42 82 1 1.87097 1
42 83 1 2.77819 1
42 84 1 1.39941 1
42 85 1 0.673676 1
42 86 1 0.61123 1
42 87 1 -3.08087 1
42 88 1 -1.72205 1
42 89 1 -0.751662 1
42 90 1 1.01894 1
42 91 1 2.52906 1
42 92 1 -1.05731 1
42 93 1 2.3755 1
42 94 1 -1.9709 1
42 95 1 1.32913 1
43 64 1 3.43667 1
43 65 1 -2.47786 1
43 66 1 1.60465 1
43 67 1 1.53858 1
43 68 1 0.324058 1
43 69 1 -0.0196579 1
43 70 1 0.389189 1
43 71 1 -3.54824 1
43 72 1 -0.829089 1
43 73 1 -7.57418 1
43 74 1 2.82432 1
43 75 1 -2.12145 1
43 76 1 0.192137 1
43 77 1 0.864326 1
43 78 1 0.0817377 1
43 79 1 -2.28514 1
43 80 1 -1.33705 1
43 81 1 2.38526 1
43 82 1 1.59423 1
43 83 1 -2.68993 1
43 84 1 1.17368 1
43 85 1 3.9353 1
43 86 1 0.89829 1
43 87 1 3.76101 1
43 88 1 -0.188476 1
43 89 1 3.70233 1
43 90 1 0.402303 1
43 91 1 -5.37769 1
43 92 1 3.79389 1
43 93 1 2.62061 1
43 94 1 -5.36364 1
43 95 1 2.49465 1
44 64 1 1.39603 1
44 65 1 -2.94151 1
44 66 1 0.62648 1
44 67 1 -1.65877 1
44 68 1 -1.70626 1
44 69 1 -1.31877 1
44 70 1 2.42568 1
44 71 1 1.33801 1
44 72 1 -2.78512 1
44 73 1 0.720212 1
44 74 1 -1.5438 1
44 75 1 -2.7308 1
44 76 1 -0.335375 1
44 77 1 1.68819 1
44 78 1 1.85629 1
44 79 1 1.52086 1
44 80 1 5.09928 1
44 81 1 -1.82066 1
44 82 1 1.82342 1
44 83 1 -2.4476 1
44 84 1 0.0610941 1
44 85 1 0.00969943 1
44 86 1 0.847634 1
44 87 1 0.93707 1
44 88 1 0.797715 1
44 89 1 0.903388 1
44 90 1 -0.443157 1
44 91 1 -0.986602 1
44 92 1 -0.200131 1
44 93 1 3.34442 1
44 94 1 -2.2222 1
44 95 1 -0.803065 1
44 8 1 -0.068114 1
44 29 1 1.02894 1
45 64 1 -0.721147 1
45 65 1 2.85782 1
45 66 1 -1.31081 1
45 67 1 0.432466 1
45 68 1 -2.12135 1
45 69 1 -6.8737 1
45 70 1 -4.75262 1
45 71 1 0.377993 1
45 72 1 -4.51247 1
45 73 1 3.18153 1
45 74 1 2.47494 1
45 75 1 3.89229 1
45 76 1 -0.705166 1
45 77 1 0.818909 1
45 78 1 -3.63303 1
45 79 1 2.8249 1
45 80 1 -2.23031 1
45 81 1 0.322529 1
45 82 1 -0.762091 1
45 83 1 -2.86515 1
45 84 1 2.44199 1
45 85 1 -3.55345 1
45 86 1 1.32612 1
45 87 1 0.130521 1
45 88 1 -0.10838 1
45 89 1 -3.29623 1
45 90 1 0.528991 1
45 91 1 3.79435 1
45 92 1 -3.47094 1
45 93 1 -5.68351 1
45 94 1 2.49681 1
45 95 1 -2.41137 1
45 9 1 3.00364 1
45 20 1 0.223229 1
46 64 1 -0.957793 1
46 65 1 -0.274577 1
46 66 1 2.7252 1
46 67 1 1.90219 1
46 68 1 -5.381 1
46 69 1 -1.22275 1
46 70 1 0.116878 1
46 71 1 -0.497828 1
46 72 1 2.71978 1
46 73 1 -3.1626 1
46 74 1 -1.97401 1
46 75 1 2.93866 1
46 76 1 -4.60528 1
46 77 1 1.24463 1
46 78 1 -1.06625 1
46 79 1 -0.42498 1
46 80 1 3.79413 1
46 81 1 0.0964048 1
46 82 1 -0.962002 1
46 83 1 1.39414 1
46 84 1 0.0521762 1
46 85 1 1.91064 1
46 86 1 -0.994075 1
46 87 1 3.08159 1
46 88 1 -2.36608 1
46 89 1 -3.74567 1
46 90 1 -3.34281 1
46 91 1 1.67105 1
46 92 1 0.28854 1
46 93 1 -1.80277 1
46 94 1 -0.294861 1
46 95 1 -1.01272 1
46 24 1 1.35642 1
47 64 1 -0.0987449 1
47 65 1 0.276134 1
47 66 1 -3.25182 1
47 67 1 5.08655 1
47 68 1 -1.3297 1
47 69 1 2.46607 1
47 70 1 -1.90318 1
47 71 1 0.989712 1
47 72 1 0.758927 1
47 73 1 4.59761 0
47 74 1 -0.236185 1
47 75 1 -1.93097 1
47 76 1 -2.27674 1
47 77 1 -7.30284 1
47 78 1 -2.13818 1
47 79 1 1.88959 1
47 80 1 3.22144 1
47 81 1 -5.74787 1
47 82 1 1.30156 1
47 83 1 0.0326596 1
47 84 1 -3.44092 1
47 85 1 0.42267 1
47 86 1 -2.83763 1
47 87 1 4.28351 1
47 88 1 1.02074 1
47 89 1 0.916834 1
47 90 1 6.66077 1
47 91 1 1.06681 1
47 92 1 -1.33889 1
47 93 1 0.628269 1
47 94 1 0.602089 1
47 95 1 -1.17064 1
47 4 1 0.573432 1
47 137 1 1.34366 1
137 73 1 4.40463 1
48 64 1 -0.0256859 1
48 65 1 0.324588 1
48 66 1 0.517215 1
48 67 1 -1.29066 1
48 68 1 -4.70728 1
48 69 1 -4.33492 1
48 70 1 0.446817 1
48 71 1 1.09938 1
48 72 1 -2.85331 1
48 73 1 2.24341 1
48 74 1 5.24695 1
48 75 1 -5.37046 1
48 76 1 2.10384 1
48 77 1 -3.09481 1
48 78 1 -0.117927 1
48 79 1 2.31858 1
48 80 1 -1.02282 1
48 81 1 -1.99289 1
48 82 1 0.486387 1
48 83 1 -0.468742 1
48 84 1 0.848025 1
48 85 1 1.185 1
48 86 1 -2.74209 1
48 87 1 -1.21576 1
48 88 1 -1.69373 1
48 89 1 -0.367377 1
48 90 1 2.28015 1
48 91 1 1.33366 1
48 92 1 -5.31008 1
48 93 1 1.02802 1
48 94 1 3.42357 1
48 95 1 3.48923 1
48 16 1 1.57461 1
48 12 1 -0.793367 1
48 14 1 -3.17785 1
49 64 1 0.757988 1
49 65 1 -0.699422 1
49 66 1 -0.438688 1
49 67 1 -0.568192 1
49 68 1 -1.53321 1
49 69 1 0.77321 1
49 70 1 0.552586 1
49 71 1 -4.7729 1
49 72 1 -0.0112572 1
49 73 1 -0.726618 1
49 74 1 3.15162 1
49 75 1 1.85303 1
49 76 1 -5.50715 1
49 77 1 -3.22629 1
49 78 1 -1.55159 1
49 79 1 1.14205 1
49 80 1 4.69223 1
49 81 1 -4.24937 1
49 82 1 1.53465 1
49 83 1 -1.75031 1
49 84 1 3.03988 1
49 85 1 -3.07767 1
49 86 1 0.229303 1
49 87 1 -0.0907112 1
49 88 1 -1.57324 1
49 89 1 0.194149 1
49 90 1 -1.90589 1
49 91 1 0.758267 1
49 92 1 2.84592 1
49 93 1 -0.541324 1
49 94 1 1.26767 1
49 95 1 3.08505 1
49 19 1 -1.58473 1
49 31 1 -0.677594 1
49 15 1 -0.791599 1
50 64 1 -5.26182 1
50 65 1 -2.06905 1
50 66 1 1.70254 1
50 67 1 -0.850621 1
50 68 1 1.83836 1
50 69 1 -0.561673 1
50 70 1 0.49908 1
50 71 1 6.22498 1
50 72 1 -1.63231 1
50 73 1 4.59561 1
50 74 1 -0.960724 1
50 75 1 0.389872 1
50 76 1 -0.925847 1
50 77 1 0.670293 1
50 78 1 3.56292 1
50 79 1 -1.85926 1
50 80 1 0.515259 1
50 81 1 0.807732 1
50 82 1 -0.0463489 1
50 83 1 2.506 1
50 84 1 -1.41472 1
50 85 1 0.218734 1
50 86 1 1.42212 1
50 87 1 -2.21086 1
50 88 1 -3.71594 1
50 89 1 0.830032 1
50 90 1 0.438771 1
50 91 1 -0.181035 1
50 92 1 -0.0612921 1
50 93 1 0.0158418 1
50 94 1 -3.4682 1
50 95 1 1.46849 1
50 4 1 5.65523 1
50 22 1 -1.77744 1
51 64 1 -1.05954 1
51 65 1 3.68291 1
51 66 1 2.35652 1
51 67 1 -0.567317 1
51 68 1 -0.229879 1
51 69 1 -2.06955 1
51 70 1 3.15952 1
51 71 1 3.13819 1
51 72 1 -3.54582 1
51 73 1 -2.46158 0
51 74 1 -2.26005 1
51 75 1 5.653 1
51 76 1 -2.25872 1
51 77 1 1.99002 1
51 78 1 3.19951 1
51 79 1 0.979338 1
51 80 1 0.909381 1
51 81 1 -3.14057 1
51 82 1 1.26117 1
51 83 1 4.13025 1
51 84 1 -2.20134 1
51 85 1 -2.14796 1
51 86 1 -0.850577 1
51 87 1 1.33731 1
51 88 1 1.51311 1
51 89 1 1.51313 1
51 90 1 2.61555 1
51 91 1 0.925927 1
51 92 1 2.12457 1
51 93 1 3.24487 1
51 94 1 -5.63842 1
51 95 1 -1.8991 1
51 116 1 -0.380636 1
51 12 1 -0.576606 1
116 73 1 -1.69468 0
116 134 1 0.296656 1
134 73 1 1.05455 1
52 64 1 -3.78877 1
52 65 1 4.09552 1
52 66 1 1.54431 1
52 67 1 -0.159647 1
52 68 1 0.641157 1
52 69 1 4.66673 1
52 70 1 2.70636 1
52 71 1 -0.360637 1
52 72 1 -0.427534 1
52 73 1 3.7367 1
52 74 1 1.98881 1
52 75 1 -0.183405 1
52 76 1 -3.53962 1
52 77 1 -0.653053 1
52 78 1 2.20913 1
52 79 1 1.9268 1
52 80 1 -1.20218 1
52 81 1 1.16718 1
52 82 1 -1.91541 1
52 83 1 -2.15927 1
52 84 1 1.11031 1
52 85 1 -0.868275 1
52 86 1 -2.71263 1
52 87 1 0.474963 1
52 88 1 2.37899 1
52 89 1 -1.86764 1
52 90 1 -0.059772 1
52 91 1 -1.37048 1
52 92 1 0.637537 1
52 93 1 -1.89444 0
52 94 1 1.72623 1
52 95 1 -0.28602 1
52 115 1 -0.163864 1
52 139 1 0.57831 1
139 93 1 -2.67539 1
53 64 1 -3.04899 1
53 65 1 -0.101638 1
53 66 1 -0.383166 1
53 67 1 0.198404 1
53 68 1 2.86062 1
53 69 1 1.43674 1
53 70 1 -1.27259 0
53 71 1 -0.0108463 1
53 72 1 -1.06308 1
53 73 1 0.784098 1
53 74 1 -1.73054 1
53 75 1 -3.2022 1
53 76 1 -0.0650008 1
53 77 1 1.89133 1
53 78 1 -1.38426 1
53 79 1 0.268417 1
53 80 1 1.27793 1
53 81 1 1.34302 1
53 82 1 1.56238 1
53 83 1 0.554814 1
53 84 1 2.09073 1
53 85 1 1.30888 1
53 86 1 1.1708 1
53 87 1 0.309985 1
53 88 1 -0.375008 1
53 89 1 -0.955319 1
53 90 1 -2.806 1
53 91 1 0.130015 1
53 92 1 3.00406 1
53 93 1 0.401297 1
53 94 1 0.770005 1
53 95 1 -2.02887 1
53 20 1 3.54448 1
53 23 1 1.00118 1
53 149 1 0.510266 1
149 70 1 -1.68307 1
54 64 1 1.95436 1
54 65 1 -0.599769 1
54 66 1 -2.50299 1
54 67 1 0.0161978 1
54 68 1 3.20248 1
54 69 1 -2.77167 1
54 70 1 0.819642 1
54 71 1 3.18151 1
54 72 1 0.970848 1
54 73 1 0.843337 1
54 74 1 -0.38457 1
54 75 1 -1.27939 1
54 76 1 -1.26042 1
54 77 1 2.51766 1
54 78 1 0.0346397 1
54 79 1 0.0700168 1
54 80 1 0.272871 1
54 81 1 3.31589 1
54 82 1 -2.47203 1
54 83 1 6.77822 1
54 84 1 1.59549 1
54 85 1 -0.523815 1
54 86 1 -4.08166 1
54 87 1 -0.799315 1
54 88 1 1.70676 1
54 89 1 3.58072 1
54 90 1 -2.93189 1
54 91 1 2.08561 1
54 92 1 -0.683822 1
54 93 1 1.163 1
54 94 1 -2.7252 1
54 95 1 -2.89429 1
54 30 1 -1.42952 1
54 144 1 1.70037 1
55 64 1 1.15341 1
55 65 1 -2.6331 1
55 66 1 -2.05825 1
55 67 1 -0.875495 1
55 68 1 -2.47117 1
55 69 1 2.89002 1
55 70 1 2.45759 1
55 71 1 -4.78502 1
55 72 1 2.93775 1
55 73 1 1.26998 1
55 74 1 1.71849 1
55 75 1 -3.14807 1
55 76 1 -4.83733 1
55 77 1 1.38113 1
55 78 1 -0.442523 1
55 79 1 1.58342 1
55 80 1 -2.02809 1
55 81 1 0.663759 1
55 82 1 -1.70514 1
55 83 1 -0.401547 1
55 84 1 -0.221978 1
55 85 1 -5.37496 1
55 86 1 0.641091 1
55 87 1 0.846814 1
55 88 1 -2.83003 1
55 89 1 -1.07071 1
55 90 1 0.703272 1
55 91 1 2.06087 1
55 92 1 5.60848 1
55 93 1 -3.83518 1
55 94 1 -3.97349 1
55 95 1 -1.31328 0
55 28 1 5.13589 1
55 114 1 0.851182 1
114 95 1 -1.53777 1
56 64 1 1.04195 1
56 65 1 -3.85387 1
56 66 1 0.146275 1
56 67 1 -0.978648 1
56 68 1 -0.724304 0
56 69 1 -1.30435 1
56 70 1 0.146544 1
56 71 1 1.89518 1
56 72 1 -0.291013 1
56 73 1 -1.01823 1
56 74 1 3.98245 1
56 75 1 3.90996 1
56 76 1 -3.7762 1
56 77 1 -0.85147 1
56 78 1 -3.30033 1
56 79 1 0.155925 1
56 80 1 -0.765838 1
56 81 1 2.70451 1
56 82 1 3.2437 1
56 83 1 -2.56613 1
56 84 1 -1.26526 1
56 85 1 -1.66688 1
56 86 1 2.72192 1
56 87 1 -2.71942 1
56 88 1 0.138018 1
56 89 1 -1.54659 1
56 90 1 -1.20292 1
56 91 1 -1.06034 1
56 92 1 1.57925 1
56 93 1 3.44038 1
56 94 1 -1.6858 1
56 95 1 0.621298 1
56 3 1 -2.06917 1
56 126 1 3.06545 1
126 68 1 1.19651 1
126 11 1 -2.15957 1
57 64 1 -4.29317 1
57 65 1 2.87936 1
57 66 1 -2.61891 1
57 67 1 -1.92579 1
57 68 1 4.13645 1
57 69 1 -0.654107 0
57 70 1 0.803737 1
57 71 1 3.55052 1
57 72 1 0.507925 1
57 73 1 -1.51691 1
57 74 1 2.84996 1
57 75 1 3.69954 1
57 76 1 2.51386 1
57 77 1 -3.94022 1
57 78 1 -1.40148 1
57 79 1 -2.92413 1
57 80 1 1.28817 1
57 81 1 4.12145 1
57 82 1 3.85144 1
57 83 1 -3.27086 1
57 84 1 0.830168 1
57 85 1 -2.46603 1
57 86 1 -0.206291 1
57 87 1 1.08652 1
57 88 1 -0.998678 1
57 89 1 -1.75776 1
57 90 1 0.595263 1
57 91 1 -2.12674 1
57 92 1 -1.70428 1
57 93 1 0.0117233 1
57 94 1 -1.243 1
57 95 1 3.12865 1
57 104 1 2.5396 1
57 22 1 0.182719 1
104 69 1 1.58816 1
104 1 1 -1.1788 1
58 64 1 2.40284 1
58 65 1 -1.38295 1
58 66 1 -0.877972 1
58 67 1 -1.81543 1
58 68 1 -0.41233 1
58 69 1 -0.999632 1
58 70 1 -2.30614 1
58 71 1 0.368129 1
58 72 1 -0.133086 1
58 73 1 -1.35674 1
58 74 1 3.67344 1
58 75 1 3.32234 1
58 76 1 4.48223 1
58 77 1 2.42622 1
58 78 1 -1.12366 1
58 79 1 0.187613 0
58 80 1 -4.32056 1
58 81 1 1.92061 1
58 82 1 0.704381 1
58 83 1 1.05731 1
58 84 1 -0.777583 1
58 85 1 1.60737 1
58 86 1 1.88891 1
58 87 1 -1.18387 1
58 88 1 -2.28955 1
58 89 1 -0.377936 1
58 90 1 -2.40759 1
58 91 1 -1.41936 1
58 92 1 1.36157 1
58 93 1 2.63627 1
58 94 1 -2.22433 1
58 95 1 1.71521 1
58 128 1 0.347051 1
128 79 1 0.510107 0
128 131 1 -0.419164 1
131 79 1 0.169949 1
59 64 1 -2.15497 1
59 65 1 1.21147 1
59 66 1 1.33362 1
59 67 1 -2.86654 1
59 68 1 1.29965 1
59 69 1 -2.29918 1
59 70 1 -2.03297 1
59 71 1 2.02801 1
59 72 1 0.249061 1
59 73 1 -0.741798 1
59 74 1 -0.239748 1
59 75 1 -1.4901 1
59 76 1 1.90887 1
59 77 1 0.722982 0
59 78 1 1.51776 1
59 79 1 -2.53238 1
59 80 1 -0.00470131 1
59 81 1 1.03595 1
59 82 1 -4.25436 1
59 83 1 3.33157 1
59 84 1 -1.05809 1
59 85 1 -2.11046 1
59 86 1 -3.41587 1
59 87 1 1.56673 1
59 88 1 4.85197 1
59 89 1 -0.909333 1
59 90 1 1.29003 1
59 91 1 -1.34608 1
59 92 1 1.89096 1
59 93 1 2.14905 1
59 94 1 -5.32875 1
59 95 1 1.58936 1
59 97 1 2.23466 1
59 5 1 -2.06778 1
59 11 1 -0.210068 1
59 13 1 1.44732 1
97 77 1 -5.93467 1
97 22 1 -2.58614 1
97 2 1 -4.93231 0
97 99 1 2.39863 1
97 7 1 3.16837 0
97 102 1 2.05066 1
97 17 1 1.92258 1
102 7 1 4.1165 1
99 2 1 2.08576 0
99 108 1 4.35291 1
99 15 1 -0.480254 1
108 2 1 -1.26594 0
108 125 1 4.57286 1
125 2 1 -0.0187547 1
60 64 1 2.73585 1
60 65 1 -0.114676 1
60 66 1 0.337064 1
60 67 1 -0.206772 1
60 68 1 0.582677 1
60 69 1 0.930157 1
60 70 1 -3.02673 1
60 71 1 0.760616 1
60 72 1 0.707563 0
60 73 1 0.629517 1
60 74 1 1.27092 1
60 75 1 -0.988359 1
60 76 1 0.46111 1
60 77 1 3.22121 1
60 78 1 -2.04469 1
60 79 1 -0.678391 1
60 80 1 -4.61702 1
60 81 1 -1.0405 1
60 82 1 -1.46722 1
60 83 1 -0.233482 1
60 84 1 -3.57588 1
60 85 1 3.56761 1
60 86 1 1.74637 1
60 87 1 0.530096 1
60 88 1 -4.87786 1
60 89 1 0.430615 1
60 90 1 -1.99136 1
60 91 1 -0.298784 1
60 92 1 1.0196 1
60 93 1 2.98955 1
60 94 1 -0.187705 1
60 95 1 0.751664 1
60 24 1 -2.99962 1
60 0 1 2.06628 1
60 115 1 2.30236 1
60 3 1 -0.761321 1
115 72 1 -0.993653 1
115 18 1 0.565825 1
61 64 1 0.51637 1
61 65 1 -0.493698 1
61 66 1 1.93401 1
61 67 1 0.808804 1
61 68 1 -3.74837 1
61 69 1 3.10392 1
61 70 1 -0.539326 1
61 71 1 -0.60914 1
61 72 1 -1.98459 1
61 73 1 1.31983 1
61 74 1 2.25671 1
61 75 1 2.38315 1
61 76 1 0.346769 1
61 77 1 -0.0461719 0
61 78 1 0.0541435 1
61 79 1 -1.46897 1
61 80 1 -0.309316 1
61 81 1 -0.149793 1
61 82 1 0.0311137 1
61 83 1 -0.229396 1
61 84 1 -2.35257 1
61 85 1 -0.792066 1
61 86 1 0.350813 1
61 87 1 2.53437 1
61 88 1 1.04715 1
61 89 1 2.13425 1
61 90 1 -0.082875 1
61 91 1 1.60305 1
61 92 1 -1.96962 1
61 93 1 -0.229622 1
61 94 1 0.631092 1
61 95 1 -2.47205 1
61 107 1 0.556677 1
61 113 1 -2.39112 1
61 14 1 -1.59533 1
107 77 1 -5.23005 0
107 113 1 0.760993 1
107 14 1 -0.81808 1
113 77 1 -2.57841 1
113 23 1 -1.43371 1
62 64 1 0.76325 1
62 65 1 -2.5582 1
62 66 1 4.14972 1
62 67 1 -2.27835 1
62 68 1 1.69388 1
62 69 1 -1.6979 1
62 70 1 2.19467 1
62 71 1 -2.22773 1
62 72 1 0.741311 1
62 73 1 2.56803 1
62 74 1 4.7844 1
62 75 1 0.285486 1
62 76 1 4.47756 1
62 77 1 -4.28565 1
62 78 1 -1.20794 1
62 79 1 -1.01667 1
62 80 1 -0.505337 1
62 81 1 -0.437108 1
62 82 1 -2.83464 1
62 83 1 1.51857 1
62 84 1 -0.631926 0
62 85 1 0.0527253 1
62 86 1 3.81503 1
62 87 1 -2.09293 1
62 88 1 0.852503 1
62 89 1 -1.73733 1
62 90 1 -6.33383 1
62 91 1 1.25661 1
62 92 1 -0.561226 1
62 93 1 -0.369432 1
62 94 1 1.86616 1
62 95 1 -0.579676 1
62 5 1 1.81509 1
62 138 1 1.73998 1
138 84 1 -0.391592 1
63 64 1 2.67698 1
63 65 1 -1.71591 1
63 66 1 3.53263 1
63 67 1 -0.207954 1
63 68 1 -0.627244 1
63 69 1 -4.0414 1
63 70 1 -1.10008 1
63 71 1 2.37679 1
63 72 1 -0.132397 1
63 73 1 -0.61149 1
63 74 1 -6.19684 1
63 75 1 1.25052 1
63 76 1 -2.93219 0
63 77 1 1.98692 1
63 78 1 0.76467 1
63 79 1 1.48652 1
63 80 1 1.30271 1
63 81 1 0.442225 1
63 82 1 1.1194 1
63 83 1 -2.99785 1
63 84 1 -1.87113 1
63 85 1 -3.97399 1
63 86 1 5.66538 1
63 87 1 -2.58166 0
63 88 1 -0.286888 1
63 89 1 -1.14153 1
63 90 1 3.24844 1
63 91 1 -1.27037 1
63 92 1 -1.19691 1
63 93 1 2.78667 1
63 94 1 -4.43645 1
63 95 1 -0.228975 1
63 141 1 1.56555 1
63 144 1 0.483138 1
144 76 1 -1.74749 0
144 147 1 1.68256 1
147 76 1 -2.50426 1
141 87 1 -6.3291 1
141 10 1 -0.672167 1
