152 64 32
2.45674 0.239018 -7.20844 5.0791 -3.81715 2.41473 0.857054 0.312148 0.561646 2.89538 3.16829 3.0743 -3.59555 -3.35983 -1.08414 -2.23654 0.159915 1.72186 -1.39428 -1.37819 -1.73949 0.0444908 -1.31003 1.21614 -4.62818 -0.0360742 3.62119 1.94781 -2.76572 -2.62479 -4.06279 1.38249 -0.343952 0.382837 1.19318 1.93345 -3.30979 -0.494906 0.944497 -2.03083 -1.08557 1.0023 -1.01322 -4.78983 -2.88277 -0.796864 -2.60115 2.49481 0.253875 3.06803 0.814799 -3.69555 -3.6711 -0.250834 -1.64581 4.2942 -2.1894 -0.177722 0.563011 -1.66826 1.64663 -1.13935 -1.2406 -2.99812 -5.02898 0.446237 4.12034 2.36733 -4.41141 1.6747 -3.17287 -2.04757 -2.88149 -3.06223 2.72965 3.92584 -1.81778 -0.39479 0.595758 -3.52112 -0.590303 -0.818067 -2.28157 0.26408 1.85013 0.0297436 -2.26372 0.638325 4.44674 -0.157875 -1.96599 3.01141 -1.47223 0.148098 1.01363 -1.04704 -1.62614 0.248137 -1.57383 -1.12345 2.44384 -3.57708 -5.25563 -3.15255 -3.03565 0.619325 -1.97194 -2.88903 -1.66165 1.3309 -1.50692 1.62522 1.74543 -3.33419 -0.791301 -0.690716 -2.79773 -0.289847 -1.28068 -0.857921 1.06143 0.0714726 0.430602 1.9717 0.71634 3.49092 0.541961 0.670313 1.89617 1.10989 0.222554 -0.432497 -0.37893 -0.589779 -1.05523 -1.28362 -0.791181 -1.5525 -1.96573 -0.660018 -0.163747 -0.65095 -1.51646 0.354065 0.954248 0.441726 0.0438353 0.781037 0.700944 -1.38511 0.713836 0.142728 
0 64 1 -5.37146 1
0 65 1 1.56219 1
0 66 1 2.95163 1
0 67 1 -0.0948856 1
0 68 1 -1.13781 1
0 69 1 1.77547 1
0 70 1 0.0293301 1
0 71 1 -0.768716 1
0 72 1 0.273819 1
0 73 1 -2.16978 1
0 74 1 -2.85633 1
0 75 1 0.972925 1
0 76 1 2.26888 1
0 77 1 1.28896 1
0 78 1 -2.36792 1
0 79 1 2.91048 1
0 80 1 2.76975 1
0 81 1 2.66034 1
0 82 1 4.01805 1
0 83 1 2.69393 1
0 84 1 -2.18359 1
0 85 1 3.14053 1
0 86 1 -3.53754 1
0 87 1 -1.01177 1
0 88 1 -0.905738 1
0 89 1 2.32081 1
0 90 1 5.34032 1
0 91 1 5.15413 1
0 92 1 -3.54259 1
0 93 1 -1.51609 1
0 94 1 0.824153 1
0 95 1 1.56402 1
0 10 1 -2.12163 1
1 64 1 -1.28344 1
1 65 1 -1.89888 1
1 66 1 2.05102 1
1 67 1 -3.13153 1
1 68 1 4.88164 1
1 69 1 -1.28094 1
1 70 1 1.65295 1
1 71 1 -1.2532 1
1 72 1 -2.23755 1
1 73 1 -2.04249 1
1 74 1 -2.59801 1
1 75 1 3.78901 1
1 76 1 -1.09817 1
1 77 1 5.5394 1
1 78 1 -2.01853 1
1 79 1 0.294472 1
1 80 1 -3.68582 1
1 81 1 1.76518 1
1 82 1 -0.632623 1
1 83 1 -4.69307 1
1 84 1 -1.1213 1
1 85 1 -1.78873 1
1 86 1 2.22429 1
1 87 1 -1.16031 1
1 88 1 -0.0830554 1
1 89 1 4.07696 1
1 90 1 -1.53173 1
1 91 1 -2.23303 1
1 92 1 -1.57582 1
1 93 1 0.856344 1
1 94 1 -1.4393 1
1 95 1 -4.71779 1
1 27 1 -0.197659 1
2 64 1 0.588815 1
2 65 1 1.72065 1
2 66 1 -3.17913 1
2 67 1 -1.06576 1
2 68 1 -2.33096 1
2 69 1 2.26714 1
2 70 1 -1.43278 1
2 71 1 4.14536 1
2 72 1 -1.69429 1
2 73 1 -3.21266 1
2 74 1 -3.92762 1
2 75 1 -0.913176 1
2 76 1 -4.67049 1
2 77 1 -0.339483 1
2 78 1 -1.32537 1
2 79 1 -4.4045 1
2 80 1 -4.80839 1
2 81 1 -3.52158 1
2 82 1 -0.9164 1
2 83 1 -3.71814 1
2 84 1 -0.102123 1
2 85 1 3.03522 1
2 86 1 -0.453986 1
2 87 1 -0.782863 1
2 88 1 0.0304609 1
2 89 1 -2.83041 1
2 90 1 -3.04904 1
2 91 1 -1.30899 1
2 92 1 2.62022 1
2 93 1 -2.84995 1
2 94 1 2.40943 1
2 95 1 -1.02225 1
2 100 1 -0.914373 1
2 6 1 3.77945 1
2 110 1 0.0940537 1
3 64 1 -2.80555 1
3 65 1 -1.38928 1
3 66 1 -0.0957501 1
3 67 1 1.02545 1
3 68 1 4.50883 1
3 69 1 -3.53072 1
3 70 1 0.492627 1
3 71 1 -0.154632 1
3 72 1 7.622 1
3 73 1 -0.694786 1
3 74 1 0.504926 1
3 75 1 2.00729 1
3 76 1 1.44151 1
3 77 1 -0.585716 1
3 78 1 -1.04795 1
3 79 1 -0.179529 1
3 80 1 -2.4698 1
3 81 1 -2.2213 1
3 82 1 6.6105 1
3 83 1 1.02405 1
3 84 1 0.848915 1
3 85 1 -3.82525 1
3 86 1 -0.547974 1
3 87 1 1.829 1
3 88 1 -0.682346 1
3 89 1 1.88404 1
3 90 1 0.359272 1
3 91 1 1.73612 1
3 92 1 -0.262441 1
3 93 1 -2.50655 1
3 94 1 -2.54581 1
3 95 1 2.09588 0
3 110 1 1.37494 1
110 95 1 -1.54254 0
110 111 1 -1.00495 0
110 132 1 2.77215 1
132 111 1 2.15283 1
111 95 1 -1.92638 1
4 64 1 0.913981 1
4 65 1 0.0809901 1
4 66 1 -2.22688 1
4 67 1 3.04928 1
4 68 1 -1.00435 1
4 69 1 2.12356 1
4 70 1 0.508726 1
4 71 1 -0.652378 1
4 72 1 1.29768 1
4 73 1 -0.714975 0
4 74 1 0.376838 1
4 75 1 -4.72321 0
4 76 1 0.880344 1
4 77 1 3.83539 1
4 78 1 1.70973 1
4 79 1 3.75576 1
4 80 1 -3.62766 1
4 81 1 0.686629 1
4 82 1 0.861647 1
4 83 1 -2.29041 1
4 84 1 0.468448 1
4 85 1 3.13295 1
4 86 1 2.50474 1
4 87 1 -0.153297 1
4 88 1 -3.36757 1
4 89 1 -0.746787 1
4 90 1 3.87624 1
4 91 1 -5.92466 1
4 92 1 -1.10094 1
4 93 1 -0.0606894 0
4 94 1 -1.75804 1
4 95 1 1.79176 1
4 101 1 2.89374 1
4 17 1 3.55381 1
4 118 1 1.61967 1
4 145 1 1.19509 1
145 93 1 0.547519 1
118 73 1 -2.51812 1
101 75 1 1.09017 1
5 64 1 -2.62757 1
5 65 1 1.00338 1
5 66 1 -2.17753 1
5 67 1 6.11591 1
5 68 1 3.71842 1
5 69 1 3.77925 1
5 70 1 -3.05293 1
5 71 1 -0.0895348 1
5 72 1 0.694144 1
5 73 1 -2.18241 1
5 74 1 -1.07445 1
5 75 1 1.82023 1
5 76 1 2.959 1
5 77 1 1.08088 1
5 78 1 -1.06594 1
5 79 1 -0.0178008 1
5 80 1 1.84657 1
5 81 1 -1.67687 1
5 82 1 0.445459 1
5 83 1 5.27534 1
5 84 1 1.24709 1
5 85 1 2.46735 1
5 86 1 -3.64853 1
5 87 1 0.491692 1
5 88 1 -1.92744 1
5 89 1 -3.21267 1
5 90 1 -1.8266 1
5 91 1 -0.805835 1
5 92 1 -1.60599 1
5 93 1 1.64684 1
5 94 1 -1.34958 1
5 95 1 0.492174 1
5 28 1 1.0146 1
6 64 1 0.456013 1
6 65 1 -1.61752 1
6 66 1 2.1158 1
6 67 1 2.93053 1
6 68 1 -4.09368 1
6 69 1 -1.49882 1
6 70 1 -2.01972 1
6 71 1 -0.730042 1
6 72 1 2.39831 1
6 73 1 -2.89217 1
6 74 1 -4.00348 1
6 75 1 1.07631 1
6 76 1 2.3918 1
6 77 1 0.1934 1
6 78 1 -1.95624 1
6 79 1 -2.18116 1
6 80 1 2.4482 1
6 81 1 -0.224726 1
6 82 1 1.2105 1
6 83 1 1.52615 1
6 84 1 2.12851 1
6 85 1 -2.28061 1
6 86 1 -0.450555 1
6 87 1 3.13857 1
6 88 1 -3.50964 1
6 89 1 -1.71617 1
6 90 1 4.06936 1
6 91 1 -0.902249 1
6 92 1 3.70224 1
6 93 1 -3.41179 1
6 94 1 -2.80928 1
6 95 1 2.32488 1
6 26 1 -0.050559 1
7 64 1 4.04507 1
7 65 1 1.56517 1
7 66 1 -1.2188 1
7 67 1 -5.09445 1
7 68 1 -1.88776 1
7 69 1 -0.993087 1
7 70 1 5.50109 1
7 71 1 1.09711 1
7 72 1 3.58945 1
7 73 1 -1.09628 1
7 74 1 -1.5572 1
7 75 1 -0.955984 1
7 76 1 3.50058 1
7 77 1 -0.465658 1
7 78 1 2.29822 1
7 79 1 1.69442 1
7 80 1 -0.0394599 1
7 81 1 1.15904 1
7 82 1 -3.35074 0
7 83 1 1.76501 0
7 84 1 -2.48249 1
7 85 1 3.62935 1
7 86 1 0.939828 1
7 87 1 3.24065 1
7 88 1 -2.35431 1
7 89 1 -1.66419 1
7 90 1 0.0207963 1
7 91 1 -3.1063 1
7 92 1 1.40078 1
7 93 1 -2.25321 1
7 94 1 -0.441401 1
7 95 1 2.92772 1
7 100 1 -0.338013 1
7 127 1 0.664722 1
127 82 1 -3.60151 1
100 83 1 2.17342 1
100 24 1 -0.867257 0
100 106 1 4.15856 1
106 24 1 -6.00127 1
106 6 1 -0.982754 1
8 64 1 2.99135 1
8 65 1 -2.77073 1
8 66 1 -0.554931 1
8 67 1 1.98823 1
8 68 1 -0.974706 1
8 69 1 3.38921 1
8 70 1 1.07058 1
8 71 1 3.34072 1
8 72 1 3.03795 1
8 73 1 -1.26207 1
8 74 1 -0.0491215 1
8 75 1 -2.63741 1
8 76 1 -0.590631 1
8 77 1 3.11601 1
8 78 1 -0.0858613 1
8 79 1 -2.06952 1
8 80 1 0.117417 1
8 81 1 -0.826199 1
8 82 1 1.25871 1
8 83 1 -3.39546 1
8 84 1 4.32273 1
8 85 1 8.64216 1
8 86 1 4.70509 1
8 87 1 0.699906 1
8 88 1 0.287461 1
8 89 1 3.26656 1
8 90 1 -1.22008 1
8 91 1 -0.0898626 1
8 92 1 2.79217 1
8 93 1 5.35846 1
8 94 1 5.56524 1
8 95 1 0.38617 1
8 17 1 -1.56198 1
9 64 1 -3.76408 1
9 65 1 -3.42512 1
9 66 1 1.429 1
9 67 1 1.49911 1
9 68 1 -0.433109 1
9 69 1 0.238669 1
9 70 1 -5.09235 1
9 71 1 -0.705479 1
9 72 1 3.00115 1
9 73 1 -1.54237 1
9 74 1 0.0335692 1
9 75 1 0.682218 1
9 76 1 2.11702 1
9 77 1 -0.25464 1
9 78 1 2.86583 1
9 79 1 1.82518 1
9 80 1 -1.44328 1
9 81 1 -0.193292 1
9 82 1 -2.79686 1
9 83 1 -0.373881 1
9 84 1 3.30881 1
9 85 1 2.51262 1
9 86 1 -1.11619 1
9 87 1 0.845825 1
9 88 1 0.0937812 1
9 89 1 5.93927 1
9 90 1 -0.904794 1
9 91 1 0.711519 1
9 92 1 -0.982216 1
9 93 1 -1.12588 1
9 94 1 -2.64763 1
9 95 1 1.1025 1
9 103 1 -0.584861 1
9 130 1 -0.685651 1
10 64 1 0.627204 1
10 65 1 -1.2026 1
10 66 1 5.82627 1
10 67 1 -5.27794 1
10 68 1 3.19354 1
10 69 1 -0.565331 1
10 70 1 -1.1364 1
10 71 1 -1.00543 1
10 72 1 5.10426 1
10 73 1 3.71171 1
10 74 1 0.98327 0
10 75 1 0.163596 1
10 76 1 2.93036 1
10 77 1 0.780632 1
10 78 1 -0.556126 1
10 79 1 -3.83354 1
10 80 1 -2.54734 1
10 81 1 3.14505 1
10 82 1 2.17656 1
10 83 1 2.59848 1
10 84 1 4.07838 1
10 85 1 3.60386 1
10 86 1 -1.55875 1
10 87 1 -0.120043 1
10 88 1 2.7499 1
10 89 1 0.00256003 1
10 90 1 -0.488925 1
10 91 1 3.53406 1
10 92 1 0.277259 1
10 93 1 -1.85538 1
10 94 1 3.92747 1
10 95 1 5.61893 1
10 124 1 1.82656 1
124 74 1 0.375864 1
11 64 1 3.4136 1
11 65 1 1.11063 1
11 66 1 2.5961 1
11 67 1 -1.69875 1
11 68 1 5.26298 1
11 69 1 0.599906 1
11 70 1 3.38116 1
11 71 1 1.3209 1
11 72 1 -2.80799 1
11 73 1 0.481686 1
11 74 1 -0.76663 0
11 75 1 -0.684971 1
11 76 1 -1.74002 1
11 77 1 -0.330363 1
11 78 1 -0.875565 1
11 79 1 0.156307 1
11 80 1 -2.70462 1
11 81 1 1.24275 1
11 82 1 5.67026 1
11 83 1 1.9766 1
11 84 1 1.93821 1
11 85 1 -2.63241 1
11 86 1 -4.15601 1
11 87 1 -1.23037 1
11 88 1 -3.02852 1
11 89 1 -0.181238 1
11 90 1 -1.46502 1
11 91 1 0.229024 1
11 92 1 -2.03466 1
11 93 1 2.94532 1
11 94 1 -1.44362 1
11 95 1 -4.43092 1
11 120 1 -4.52471 1
11 109 1 0.776268 1
120 74 1 -2.28401 1
120 13 1 -0.386952 0
120 150 1 1.72954 1
150 13 1 0.24677 1
12 64 1 -1.13593 1
12 65 1 0.0809859 1
12 66 1 -0.931898 1
12 67 1 -2.86672 1
12 68 1 1.20049 1
12 69 1 1.1636 1
12 70 1 -0.459184 1
12 71 1 2.27782 1
12 72 1 1.7867 1
12 73 1 -4.40786 1
12 74 1 -3.78636 1
12 75 1 -2.58 1
12 76 1 -0.235571 1
12 77 1 1.40566 1
12 78 1 -0.452975 1
12 79 1 -0.552158 1
12 80 1 -2.22248 1
12 81 1 -1.41817 1
12 82 1 3.04379 1
12 83 1 0.114726 1
12 84 1 1.05147 1
12 85 1 -1.38011 1
12 86 1 0.244557 1
12 87 1 0.505987 1
12 88 1 -3.21595 1
12 89 1 3.75788 1
12 90 1 -0.714387 1
12 91 1 -1.80603 1
12 92 1 1.60777 1
12 93 1 -3.05536 1
12 94 1 2.81309 1
12 95 1 -2.53863 1
12 17 1 -0.0920558 1
12 18 1 0.210455 1
12 144 1 -0.508991 1
13 64 1 -0.0813148 1
13 65 1 -4.15089 1
13 66 1 -0.790701 1
13 67 1 1.87254 1
13 68 1 1.23744 1
13 69 1 -2.89865 1
13 70 1 0.113199 1
13 71 1 0.99272 1
13 72 1 0.658767 1
13 73 1 -2.96337 1
13 74 1 -1.92374 1
13 75 1 -0.871817 1
13 76 1 0.0973769 1
13 77 1 -2.22715 1
13 78 1 1.77638 1
13 79 1 1.19934 1
13 80 1 1.37893 1
13 81 1 0.518927 1
13 82 1 -0.626741 1
13 83 1 1.66877 1
13 84 1 -3.02313 1
13 85 1 6.23459 1
13 86 1 5.86478 1
13 87 1 6.49072 1
13 88 1 3.05584 1
13 89 1 0.37643 1
13 90 1 -3.59238 1
13 91 1 -3.43803 1
13 92 1 -0.812412 1
13 93 1 -2.83048 1
13 94 1 0.429716 1
13 95 1 -4.2114 1
14 64 1 -1.80259 1
14 65 1 5.39246 1
14 66 1 0.870856 1
14 67 1 -0.948078 1
14 68 1 -1.70081 1
14 69 1 3.47753 1
14 70 1 -1.69549 1
14 71 1 0.172985 1
14 72 1 1.57037 1
14 73 1 -0.0235958 1
14 74 1 0.503089 1
14 75 1 2.24391 1
14 76 1 -1.01553 1
14 77 1 2.65308 1
14 78 1 -3.01073 1
14 79 1 -1.13169 1
14 80 1 -1.15658 1
14 81 1 1.10115 0
14 82 1 5.12835 1
14 83 1 -0.85131 1
14 84 1 0.178508 1
14 85 1 -2.44438 1
14 86 1 2.01169 1
14 87 1 -2.48684 1
14 88 1 -0.622173 1
14 89 1 0.392702 1
14 90 1 0.797795 1
14 91 1 4.10154 1
14 92 1 2.6871 1
14 93 1 1.39784 1
14 94 1 5.82393 1
14 95 1 0.345909 1
14 104 1 -2.54305 1
14 119 1 1.67069 1
119 81 1 4.87118 1
119 99 1 -1.7684 1
15 64 1 -0.552776 1
15 65 1 1.95697 1
15 66 1 -3.69606 1
15 67 1 -1.36128 1
15 68 1 0.53725 1
15 69 1 -1.48129 1
15 70 1 7.08935 1
15 71 1 -1.09866 1
15 72 1 -1.19809 1
15 73 1 -0.295166 1
15 74 1 1.19729 1
15 75 1 -1.79437 1
15 76 1 -0.382969 1
15 77 1 0.785065 1
15 78 1 -1.88365 1
15 79 1 -0.531185 1
15 80 1 0.944131 1
15 81 1 0.102789 1
15 82 1 -3.68584 1
15 83 1 -0.880716 1
15 84 1 3.04258 1
15 85 1 -1.09341 1
15 86 1 2.43942 1
15 87 1 -4.99497 1
15 88 1 0.623096 1
15 89 1 2.07177 1
15 90 1 0.497406 1
15 91 1 -4.40412 1
15 92 1 1.15569 1
15 93 1 -1.99214 1
15 94 1 1.08861 1
15 95 1 2.30566 1
15 20 1 0.650752 1
16 64 1 4.2135 1
16 65 1 0.396961 1
16 66 1 -3.42084 1
16 67 1 -3.55113 1
16 68 1 0.961953 1
16 69 1 -0.563388 1
16 70 1 1.44092 1
16 71 1 4.08158 1
16 72 1 -0.0465521 1
16 73 1 -2.63193 1
16 74 1 0.00301575 1
16 75 1 0.832236 1
16 76 1 0.079697 1
16 77 1 1.33418 1
16 78 1 -1.21016 1
16 79 1 -0.400917 0
16 80 1 0.96043 1
16 81 1 2.79656 1
16 82 1 -1.53708 1
16 83 1 2.62126 1
16 84 1 -1.43863 1
16 85 1 -1.44788 1
16 86 1 -2.09335 1
16 87 1 -2.10396 1
16 88 1 0.680636 1
16 89 1 1.26041 1
16 90 1 -0.623654 1
16 91 1 2.33821 1
16 92 1 4.22374 1
16 93 1 -1.67115 1
16 94 1 -1.67964 1
16 95 1 -2.16381 1
16 26 1 -0.420904 1
16 151 1 1.15538 1
151 79 1 -0.431522 1
17 64 1 -3.08443 1
17 65 1 -0.749077 1
17 66 1 -2.14225 1
17 67 1 4.53201 1
17 68 1 -1.63651 1
17 69 1 0.878061 1
17 70 1 0.121605 1
17 71 1 1.40477 1
17 72 1 -6.18059 0
17 73 1 -0.118593 1
17 74 1 4.02108 1
17 75 1 1.26646 1
17 76 1 -0.412055 1
17 77 1 2.64354 1
17 78 1 -0.453024 1
17 79 1 -2.33581 1
17 80 1 4.79912 1
17 81 1 2.41921 1
17 82 1 -1.16053 1
17 83 1 -1.30836 1
17 84 1 -4.31095 1
17 85 1 1.50855 1
17 86 1 1.5411 1
17 87 1 -1.63442 1
17 88 1 -6.25075 1
17 89 1 2.56727 1
17 90 1 -3.76504 1
17 91 1 5.73453 1
17 92 1 0.0988245 1
17 93 1 3.66602 1
17 94 1 2.98674 1
17 95 1 0.270495 1
17 146 1 2.13033 1
146 72 1 -5.66259 1
18 64 1 1.82564 1
18 65 1 -0.916423 1
18 66 1 1.5657 1
18 67 1 1.60864 1
18 68 1 -0.554433 1
18 69 1 0.0764904 1
18 70 1 2.19913 1
18 71 1 -0.0122739 1
18 72 1 2.08819 1
18 73 1 0.0734282 1
18 74 1 1.82554 1
18 75 1 -0.279545 1
18 76 1 4.00648 1
18 77 1 -1.29892 1
18 78 1 3.07791 1
18 79 1 0.874172 1
18 80 1 -5.04122 1
18 81 1 2.35437 1
18 82 1 -2.45314 1
18 83 1 3.3194 1
18 84 1 -1.67089 1
18 85 1 1.46129 1
18 86 1 5.80691 1
18 87 1 -0.659228 1
18 88 1 0.879881 1
18 89 1 -3.39865 1
18 90 1 0.795455 1
18 91 1 2.42041 1
18 92 1 -3.03051 1
18 93 1 -0.663545 1
18 94 1 -1.27991 1
18 95 1 0.333326 1
18 25 1 0.455329 1
18 18 1 0.354317 1
18 139 1 0.503716 1
19 64 1 4.82786 1
19 65 1 -1.87882 1
19 66 1 3.90626 1
19 67 1 -0.624259 1
19 68 1 -3.95697 1
19 69 1 2.11617 1
19 70 1 -0.778472 1
19 71 1 -2.24966 1
19 72 1 1.95866 1
19 73 1 1.8295 1
19 74 1 -0.298385 1
19 75 1 0.658498 1
19 76 1 -2.87187 1
19 77 1 -2.117 1
19 78 1 -4.1776 1
19 79 1 2.36154 1
19 80 1 0.465838 1
19 81 1 -3.14934 1
19 82 1 0.0879254 1
19 83 1 -3.98345 1
19 84 1 0.391217 1
19 85 1 0.801804 1
19 86 1 1.10226 1
19 87 1 3.09966 1
19 88 1 1.04259 1
19 89 1 4.60669 1
19 90 1 -1.33105 1
19 91 1 -0.723416 1
19 92 1 -0.324464 1
19 93 1 -3.33401 1
19 94 1 -1.52376 1
19 95 1 -5.71838 1
20 64 1 1.48499 1
20 65 1 -0.996168 1
20 66 1 -2.34924 1
20 67 1 0.344896 1
20 68 1 -0.599718 1
20 69 1 -1.21977 1
20 70 1 -3.86219 1
20 71 1 3.30739 1
20 72 1 2.79049 1
20 73 1 1.52777 1
20 74 1 2.69639 1
20 75 1 3.04311 1
20 76 1 -0.0342985 1
20 77 1 -0.449084 1
20 78 1 2.41639 1
20 79 1 1.91087 1
20 80 1 0.624883 1
20 81 1 0.897644 1
20 82 1 2.34293 1
20 83 1 1.74765 1
20 84 1 1.44392 1
20 85 1 -4.03106 1
20 86 1 0.0676117 1
20 87 1 0.0719641 1
20 88 1 1.41646 1
20 89 1 1.22879 1
20 90 1 3.32834 1
20 91 1 0.566416 0
20 92 1 0.234823 1
20 93 1 -0.434448 0
20 94 1 4.03331 0
20 95 1 -1.79812 1
20 96 1 -4.00096 1
20 98 1 -0.999057 1
20 103 1 1.70175 1
20 109 1 0.116354 1
103 91 1 1.17257 0
103 105 1 1.56827 1
103 112 1 -1.58858 0
103 123 1 0.267126 1
103 140 1 -0.922951 1
140 112 1 1.92605 1
123 91 1 -0.025779 1
123 113 1 0.475933 0
123 136 1 1.81624 1
123 137 1 -1.06608 1
136 113 1 -1.72494 1
105 91 1 2.20328 0
105 129 1 -0.716726 1
129 91 1 -0.767885 0
129 135 1 1.85752 1
129 116 1 0.549294 1
135 91 1 -0.503963 1
98 93 1 -0.564855 1
98 99 1 4.45592 1
98 15 1 -0.0315819 1
96 94 1 1.78674 1
96 20 1 0.354621 1
21 64 1 2.30992 1
21 65 1 5.78943 1
21 66 1 -3.77506 1
21 67 1 -4.19897 1
21 68 1 -1.90522 1
21 69 1 1.83552 1
21 70 1 -0.439741 1
21 71 1 -3.20667 1
21 72 1 -7.77018 1
21 73 1 -0.70942 1
21 74 1 -1.59167 1
21 75 1 2.16736 1
21 76 1 -1.60791 1
21 77 1 -0.954925 1
21 78 1 -1.59345 1
21 79 1 -0.964246 1
21 80 1 2.09322 1
21 81 1 -2.12241 1
21 82 1 -1.96765 1
21 83 1 0.00538366 1
21 84 1 4.86187 1
21 85 1 -0.935081 1
21 86 1 2.22658 1
21 87 1 -1.09655 1
21 88 1 3.56243 1
21 89 1 0.313773 1
21 90 1 -0.0855751 1
21 91 1 0.624066 0
21 92 1 1.42142 1
21 93 1 -0.030321 1
21 94 1 -4.5097 1
21 95 1 -0.479388 1
21 143 1 2.42991 1
143 91 1 -0.695306 1
22 64 1 2.1394 1
22 65 1 0.688098 1
22 66 1 -0.137571 1
22 67 1 4.72313 1
22 68 1 -1.45151 1
22 69 1 -2.04506 1
22 70 1 -2.04882 1
22 71 1 1.40018 1
22 72 1 -3.9761 1
22 73 1 -0.966776 1
22 74 1 -4.02719 1
22 75 1 -0.790718 1
22 76 1 1.23816 1
22 77 1 0.0886546 1
22 78 1 4.00731 1
22 79 1 6.23595 1
22 80 1 -0.526661 1
22 81 1 -1.31647 1
22 82 1 -0.0920431 1
22 83 1 -1.8652 1
22 84 1 -2.09521 1
22 85 1 0.338686 1
22 86 1 0.731716 1
22 87 1 5.0591 1
22 88 1 -3.01616 1
22 89 1 -0.431138 1
22 90 1 2.26565 1
22 91 1 1.16886 1
22 92 1 1.29619 1
22 93 1 1.97158 1
22 94 1 4.83944 1
22 95 1 3.37464 1
23 64 1 -2.16556 1
23 65 1 1.65822 1
23 66 1 0.210946 1
23 67 1 2.35144 1
23 68 1 -2.19558 1
23 69 1 1.39 1
23 70 1 5.0332 1
23 71 1 -3.10653 1
23 72 1 0.425886 1
23 73 1 -0.76491 1
23 74 1 2.01505 1
23 75 1 0.603478 1
23 76 1 3.44516 1
23 77 1 2.83017 1
23 78 1 -0.167476 1
23 79 1 -4.7607 1
23 80 1 0.815415 1
23 81 1 0.469998 1
23 82 1 -2.35081 1
23 83 1 1.67377 1
23 84 1 4.58169 1
23 85 1 -1.86578 1
23 86 1 -8.74077 1
23 87 1 0.0350629 1
23 88 1 2.46271 1
23 89 1 -0.841373 1
23 90 1 -2.04705 1
23 91 1 -1.71086 1
23 92 1 0.044623 1
23 93 1 2.47644 1
23 94 1 -2.35333 1
23 95 1 -0.108662 1
23 107 1 0.919537 1
23 27 1 -0.217772 1
24 64 1 -1.03443 1
24 65 1 3.27497 1
24 66 1 -0.897741 1
24 67 1 5.38596 1
24 68 1 -5.18618 1
24 69 1 3.21855 1
24 70 1 -0.373647 1
24 71 1 3.20491 1
24 72 1 1.44178 1
24 73 1 1.79079 1
24 74 1 0.148164 1
24 75 1 0.713742 1
24 76 1 -1.03542 1
24 77 1 -0.163474 1
24 78 1 -4.41256 1
24 79 1 -1.69764 1
24 80 1 4.57414 1
24 81 1 1.39509 1
24 82 1 0.690453 1
24 83 1 -4.03797 1
24 84 1 -3.78107 1
24 85 1 -1.41241 1
24 86 1 -3.79235 1
24 87 1 2.17009 1
24 88 1 -2.65184 1
24 89 1 6.67993 1
24 90 1 3.28592 1
24 91 1 -3.35002 1
24 92 1 0.35208 1
24 93 1 -0.183228 1
24 94 1 -0.0212013 1
24 95 1 -0.946748 1
24 5 1 0.817202 1
25 64 1 0.341627 1
25 65 1 1.79361 1
25 66 1 0.124685 1
25 67 1 -1.40598 1
25 68 1 2.49311 1
25 69 1 -4.5196 1
25 70 1 0.313118 0
25 71 1 -3.06905 1
25 72 1 2.20502 1
25 73 1 0.656038 1
25 74 1 2.54036 1
25 75 1 -1.88496 1
25 76 1 -0.365392 1
25 77 1 0.259595 1
25 78 1 2.741 1
25 79 1 0.0456535 1
25 80 1 -0.828984 1
25 81 1 -3.79506 1
25 82 1 -0.851932 1
25 83 1 4.30737 1
25 84 1 -1.65981 1
25 85 1 -1.92814 1
25 86 1 1.22463 1
25 87 1 1.59859 1
25 88 1 0.114033 1
25 89 1 2.39021 1
25 90 1 -2.20706 1
25 91 1 1.99292 1
25 92 1 1.9133 1
25 93 1 -0.611759 1
25 94 1 -0.517295 1
25 95 1 -2.93547 1
25 8 1 -0.256385 1
25 6 1 -1.61615 1
25 121 1 -1.29078 1
121 70 1 5.55212 1
26 64 1 -2.37155 1
26 65 1 2.78845 1
26 66 1 0.846044 1
26 67 1 1.31866 1
26 68 1 1.18861 1
26 69 1 2.90591 1
26 70 1 -2.41155 1
26 71 1 0.828163 1
26 72 1 -1.76825 1
26 73 1 1.03562 1
26 74 1 -4.96626 1
26 75 1 2.45696 1
26 76 1 0.0856598 1
26 77 1 -4.06272 1
26 78 1 3.3032 1
26 79 1 -0.857818 1
26 80 1 0.289158 1
26 81 1 3.90116 1
26 82 1 1.00586 1
26 83 1 0.941545 1
26 84 1 -4.90061 1
26 85 1 2.16392 1
26 86 1 -4.85697 1
26 87 1 1.18991 1
26 88 1 -3.7007 1
26 89 1 0.302525 1
26 90 1 -3.08614 1
26 91 1 -3.5973 1
26 92 1 -0.835134 1
26 93 1 1.20269 1
26 94 1 1.46469 1
26 95 1 -0.591956 1
26 23 1 4.20252 1
26 15 1 3.63921 1
27 64 1 -3.81528 1
27 65 1 3.19295 1
27 66 1 3.6239 1
27 67 1 -1.90438 1
27 68 1 0.622924 1
27 69 1 1.63152 1
27 70 1 3.84946 1
27 71 1 -5.63782 1
27 72 1 -0.775295 1
27 73 1 2.10894 1
27 74 1 -1.84486 1
27 75 1 1.69384 1
27 76 1 -2.99026 1
27 77 1 -1.3148 1
27 78 1 -0.383335 1
27 79 1 0.73603 1
27 80 1 -2.13492 1
27 81 1 -1.34541 1
27 82 1 1.45252 1
27 83 1 1.38755 1
27 84 1 0.653905 1
27 85 1 0.802768 1
27 86 1 -1.75828 1
27 87 1 1.50309 1
27 88 1 -4.2479 1
27 89 1 -5.62893 1
27 90 1 3.85355 1
27 91 1 -2.00873 1
27 92 1 -1.37707 1
27 93 1 -1.26332 1
27 94 1 2.47709 1
27 95 1 -1.30445 1
27 9 1 1.27598 1
27 5 1 -2.51034 1
28 64 1 3.09162 1
28 65 1 -0.105463 1
28 66 1 -2.89275 1
28 67 1 4.66651 1
28 68 1 3.63162 1
28 69 1 1.79473 1
28 70 1 -0.306368 1
28 71 1 -1.21748 1
28 72 1 -6.55781 1
28 73 1 1.05864 1
28 74 1 -1.19308 1
28 75 1 0.331286 1
28 76 1 -0.144852 1
28 77 1 1.76292 1
28 78 1 -2.58461 1
28 79 1 0.294673 1
28 80 1 1.85643 1
28 81 1 -1.86141 1
28 82 1 3.0357 1
28 83 1 3.49924 1
28 84 1 2.83242 1
28 85 1 -7.9377 1
28 86 1 -3.04191 1
28 87 1 -2.62258 1
28 88 1 -4.06602 1
28 89 1 1.05413 1
28 90 1 -3.44799 1
28 91 1 -1.23997 1
28 92 1 2.09853 1
28 93 1 -2.16771 1
28 94 1 4.32646 1
28 95 1 -3.5927 1
29 64 1 -0.257109 1
29 65 1 -2.13081 1
29 66 1 -0.197714 1
29 67 1 2.06531 1
29 68 1 -7.62232 1
29 69 1 1.20078 1
29 70 1 -0.0799197 1
29 71 1 -1.21197 1
29 72 1 -0.0613551 1
29 73 1 -1.19219 1
29 74 1 0.948512 1
29 75 1 0.389292 1
29 76 1 -0.642634 1
29 77 1 1.54721 1
29 78 1 -3.52067 1
29 79 1 -2.34512 1
29 80 1 2.58213 1
29 81 1 0.995258 1
29 82 1 0.698627 1
29 83 1 -0.459673 1
29 84 1 1.79831 1
29 85 1 -0.575771 1
29 86 1 -2.16054 1
29 87 1 -4.65315 1
29 88 1 -1.52385 1
29 89 1 -2.64422 1
29 90 1 -0.861764 1
29 91 1 0.502447 1
29 92 1 0.0708803 1
29 93 1 1.7022 1
29 94 1 -2.53312 1
29 95 1 -0.324528 1
29 113 1 0.543076 1
30 64 1 -0.642237 1
30 65 1 1.19365 1
30 66 1 3.87188 1
30 67 1 1.46021 1
30 68 1 2.08119 1
30 69 1 2.03619 1
30 70 1 1.59534 1
30 71 1 -3.40404 1
30 72 1 0.344151 1
30 73 1 2.86862 1
30 74 1 -0.64585 1
30 75 1 3.16227 1
30 76 1 2.09094 1
30 77 1 -0.690955 1
30 78 1 1.64553 1
30 79 1 3.56844 1
30 80 1 -1.20957 1
30 81 1 -2.96441 1
30 82 1 3.41509 1
30 83 1 3.99368 1
30 84 1 2.11886 1
30 85 1 -2.86279 1
30 86 1 -1.37327 1
30 87 1 -3.02387 1
30 88 1 1.84296 1
30 89 1 0.0344859 1
30 90 1 2.50324 1
30 91 1 5.40796 1
30 92 1 -1.65351 1
30 93 1 2.23211 1
30 94 1 2.81274 1
30 95 1 0.262028 1
31 64 1 2.38243 1
31 65 1 -0.41445 1
31 66 1 -2.32087 1
31 67 1 5.18014 1
31 68 1 3.54838 1
31 69 1 0.965221 1
31 70 1 -3.69352 1
31 71 1 1.85793 1
31 72 1 -3.3242 1
31 73 1 -2.07817 1
31 74 1 2.22763 1
31 75 1 0.711624 1
31 76 1 1.00777 1
31 77 1 -0.0886188 1
31 78 1 -3.23671 1
31 79 1 1.18406 1
31 80 1 -0.41988 1
31 81 1 -2.24956 1
31 82 1 -0.181387 1
31 83 1 -0.788681 1
31 84 1 -2.58107 1
31 85 1 -3.91769 1
31 86 1 0.945269 1
31 87 1 -2.96744 0
31 88 1 3.93709 1
31 89 1 -0.69467 1
31 90 1 1.78359 1
31 91 1 -1.87861 1
31 92 1 -0.0789738 1
31 93 1 1.65943 1
31 94 1 1.20118 1
31 95 1 -0.87865 1
31 122 1 1.99801 1
122 87 1 0.603285 1
32 64 1 7.53966 1
32 65 1 2.07342 1
32 66 1 -3.30284 1
32 67 1 1.85471 1
32 68 1 0.568508 1
32 69 1 1.87771 1
32 70 1 -0.539986 1
32 71 1 2.57244 1
32 72 1 -3.26833 1
32 73 1 0.629403 1
32 74 1 -1.69054 1
32 75 1 3.85555 1
32 76 1 -1.50599 1
32 77 1 3.352 1
32 78 1 -0.0450525 1
32 79 1 1.63089 1
32 80 1 -0.179531 1
32 81 1 -2.95056 1
32 82 1 -2.10815 1
32 83 1 -2.53458 1
32 84 1 1.98713 1
32 85 1 -2.91765 1
32 86 1 0.188907 1
32 87 1 -0.774403 1
32 88 1 -1.26689 1
32 89 1 -3.15442 1
32 90 1 1.8139 1
32 91 1 -3.23818 1
32 92 1 2.2733 1
32 93 1 0.946709 1
32 94 1 -0.481062 1
32 95 1 -1.8723 1
33 64 1 2.607 1
33 65 1 -4.91958 1
33 66 1 -0.991103 1
33 67 1 -2.44668 1
33 68 1 -1.20806 1
33 69 1 -2.00387 1
33 70 1 3.77653 1
33 71 1 4.45117 1
33 72 1 0.481473 1
33 73 1 3.4021 1
33 74 1 3.028 1
33 75 1 -5.80351 1
33 76 1 -1.62054 1
33 77 1 1.85546 1
33 78 1 -3.71286 1
33 79 1 -2.69654 1
33 80 1 1.78121 1
33 81 1 -1.63392 1
33 82 1 0.696923 1
33 83 1 0.981342 1
33 84 1 1.63952 1
33 85 1 1.07997 1
33 86 1 0.983801 1
33 87 1 0.978033 1
33 88 1 2.6144 1
33 89 1 4.64003 1
33 90 1 -1.48991 1
33 91 1 0.745477 1
33 92 1 1.76934 1
33 93 1 1.37572 1
33 94 1 0.928654 1
33 95 1 -0.653235 1
33 20 1 -1.86618 1
33 107 1 0.96163 1
33 13 1 -0.200233 1
34 64 1 0.0780223 1
34 65 1 -0.570395 1
34 66 1 1.62549 1
34 67 1 1.21772 1
34 68 1 0.385541 1
34 69 1 -0.453515 1
34 70 1 -1.4729 1
34 71 1 -1.20911 1
34 72 1 -1.80723 1
34 73 1 -3.81766 1
34 74 1 1.66133 1
34 75 1 5.46433 1
34 76 1 -1.1426 1
34 77 1 -1.22045 1
34 78 1 -2.22397 1
34 79 1 2.232 1
34 80 1 2.62994 1
34 81 1 0.0946982 1
34 82 1 -0.468378 1
34 83 1 1.3825 1
34 84 1 0.833735 1
34 85 1 -0.321609 1
34 86 1 -0.348588 1
34 87 1 -0.302986 1
34 88 1 0.379002 1
34 89 1 -0.748729 1
34 90 1 -5.55394 1
34 91 1 2.79445 1
34 92 1 0.876011 1
34 93 1 -2.66126 1
34 94 1 2.45723 1
34 95 1 2.30859 1
34 113 1 -0.444883 1
35 64 1 -0.83933 1
35 65 1 -1.72744 1
35 66 1 -0.25592 1
35 67 1 2.58215 1
35 68 1 0.687304 1
35 69 1 3.29717 1
35 70 1 2.86635 1
35 71 1 2.54182 1
35 72 1 2.99428 1
35 73 1 6.91654 1
35 74 1 2.94352 1
35 75 1 -0.791394 1
35 76 1 -3.29496 1
35 77 1 0.736982 1
35 78 1 -1.49063 1
35 79 1 1.37049 1
35 80 1 -8.08147 1
35 81 1 -1.63497 1
35 82 1 2.71621 0
35 83 1 0.616483 1
35 84 1 3.29665 1
35 85 1 -4.57692 1
35 86 1 -2.03181 1
35 87 1 -3.21324 1
35 88 1 0.0130125 1
35 89 1 0.961519 0
35 90 1 -1.23895 1
35 91 1 -1.27764 1
35 92 1 -2.69239 1
35 93 1 -2.32033 1
35 94 1 -1.99169 1
35 95 1 -0.483477 1
35 130 1 0.252771 1
35 133 1 4.07044 1
133 82 1 2.23681 1
130 89 1 1.63465 1
36 64 1 -0.306346 1
36 65 1 1.63419 1
36 66 1 -0.555037 1
36 67 1 0.393939 1
36 68 1 -5.24882 1
36 69 1 -2.69554 1
36 70 1 -0.499146 1
36 71 1 1.88615 1
36 72 1 -1.06663 1
36 73 1 -0.606252 1
36 74 1 -0.778847 1
36 75 1 0.426058 1
36 76 1 1.66708 1
36 77 1 -4.89372 1
36 78 1 0.367194 1
36 79 1 2.7429 1
36 80 1 1.96587 1
36 81 1 -1.61991 1
36 82 1 -1.76257 0
36 83 1 0.0381251 1
36 84 1 2.35209 1
36 85 1 -3.20485 1
36 86 1 1.51426 1
36 87 1 -0.190484 1
36 88 1 -0.22547 1
36 89 1 1.47907 1
36 90 1 -2.92322 1
36 91 1 1.55798 1
36 92 1 4.86303 1
36 93 1 -0.100634 1
36 94 1 -2.82255 1
36 95 1 6.6142 1
36 109 1 0.849049 0
36 24 1 -1.07025 1
36 117 1 1.68386 1
117 109 1 1.28336 1
109 82 1 1.08068 1
109 31 1 -0.436486 1
37 64 1 -4.091 1
37 65 1 1.92308 1
37 66 1 -2.00866 1
37 67 1 -0.820979 1
37 68 1 -3.88721 1
37 69 1 2.17712 1
37 70 1 -4.36284 1
37 71 1 -0.230054 1
37 72 1 1.58258 1
37 73 1 2.47298 1
37 74 1 -0.365885 1
37 75 1 1.16118 1
37 76 1 3.30242 0
37 77 1 3.08622 1
37 78 1 -0.878835 1
37 79 1 1.26485 1
37 80 1 2.95773 1
37 81 1 -0.377021 1
37 82 1 4.41865 1
37 83 1 1.57672 1
37 84 1 -3.65917 1
37 85 1 1.5755 1
37 86 1 -1.32781 1
37 87 1 2.05835 1
37 88 1 -3.10814 1
37 89 1 -1.5939 1
37 90 1 -0.873746 1
37 91 1 1.66314 1
37 92 1 2.9391 1
37 93 1 0.186333 1
37 94 1 -2.54029 1
37 95 1 -1.31755 1
37 142 1 2.21132 1
142 76 1 -0.874572 1
142 147 1 -1.608 1
38 64 1 0.211225 1
38 65 1 -1.05749 1
38 66 1 -1.04872 1
38 67 1 -0.66578 1
38 68 1 -2.02372 1
38 69 1 -4.84284 1
38 70 1 -0.271288 1
38 71 1 -0.143548 1
38 72 1 0.187159 1
38 73 1 -0.080816 1
38 74 1 -1.50661 1
38 75 1 1.71522 1
38 76 1 1.66166 1
38 77 1 -1.4956 1
38 78 1 -1.37434 1
38 79 1 -1.29544 1
38 80 1 -4.7855 1
38 81 1 -1.01815 1
38 82 1 2.92968 1
38 83 1 -1.07822 1
38 84 1 -2.85711 1
38 85 1 -4.15022 1
38 86 1 0.0357004 1
38 87 1 -0.457848 1
38 88 1 1.31489 1
38 89 1 3.37395 1
38 90 1 0.40936 1
38 91 1 1.75471 1
38 92 1 1.89136 0
38 93 1 -1.82143 1
38 94 1 0.00303154 1
38 95 1 -2.32506 1
38 148 1 1.31753 1
148 92 1 2.61057 1
39 64 1 0.873686 1
39 65 1 -1.93178 1
39 66 1 2.70791 1
39 67 1 -0.520308 1
39 68 1 0.879909 1
39 69 1 -0.103158 1
39 70 1 1.9558 1
39 71 1 -0.97713 1
39 72 1 -2.32176 1
39 73 1 -3.9999 1
39 74 1 1.44189 1
39 75 1 2.45988 0
39 76 1 2.89713 1
39 77 1 -0.169924 1
39 78 1 -2.64203 1
39 79 1 -3.14609 1
39 80 1 1.87629 1
39 81 1 -3.75376 1
39 82 1 0.558879 1
39 83 1 0.0283432 1
39 84 1 -1.61062 1
39 85 1 -0.632269 1
39 86 1 2.00657 1
39 87 1 1.23342 1
39 88 1 -2.39423 1
39 89 1 0.525226 1
39 90 1 3.78883 1
39 91 1 -1.00635 1
39 92 1 4.52348 1
39 93 1 0.670181 1
39 94 1 -4.36501 1
39 95 1 -0.95418 1
39 2 1 -4.14322 1
39 112 1 3.35579 1
39 13 1 -0.343546 1
39 104 1 -0.249994 1
112 75 1 -2.15538 1
112 138 1 -1.68249 1
40 64 1 -5.42035 1
40 65 1 -0.520299 1
40 66 1 2.0868 1
40 67 1 0.47035 1
40 68 1 2.32573 1
40 69 1 1.37683 1
40 70 1 -1.43298 1
40 71 1 0.579256 1
40 72 1 4.30467 1
40 73 1 1.23469 1
40 74 1 -1.04741 1
40 75 1 0.695861 1
40 76 1 -1.03303 1
40 77 1 3.46598 1
40 78 1 2.16054 1
40 79 1 -1.55162 1
40 80 1 -0.93447 1
40 81 1 0.339948 1
40 82 1 0.993977 1
40 83 1 -3.31621 1
40 84 1 0.708477 1
40 85 1 2.55024 1
40 86 1 1.84509 1
40 87 1 2.1174 1
40 88 1 0.778453 1
40 89 1 0.162799 1
40 90 1 -1.64444 1
40 91 1 -1.31512 1
40 92 1 -2.35002 1
40 93 1 2.17146 1
40 94 1 0.742528 1
40 95 1 1.75985 1
40 2 1 -0.903764 1
40 134 1 0.869754 1
41 64 1 5.08819 1
41 65 1 -1.05104 1
41 66 1 0.569524 1
41 67 1 0.472649 1
41 68 1 2.3799 1
41 69 1 -0.183585 1
41 70 1 1.75622 1
41 71 1 0.40939 1
41 72 1 4.04762 1
41 73 1 -5.44354 1
41 74 1 -0.424506 1
41 75 1 2.23421 1
41 76 1 -2.95967 1
41 77 1 -1.43239 1
41 78 1 -3.13357 1
41 79 1 1.30221 1
41 80 1 1.20667 1
41 81 1 3.3156 1
41 82 1 -2.10032 1
41 83 1 1.44191 1
41 84 1 -3.61117 1
41 85 1 -0.611968 1
41 86 1 -0.276824 1
41 87 1 1.20188 1
41 88 1 2.75383 1
41 89 1 -2.64476 1
41 90 1 -3.21025 1
41 91 1 0.556368 1
41 92 1 1.1449 1
41 93 1 -0.81515 1
41 94 1 -1.00413 1
41 95 1 0.0344767 1
41 11 1 2.60816 1
41 29 1 -0.768675 1
41 97 1 -0.959454 1
42 64 1 1.2521 1
42 65 1 0.777289 1
42 66 1 0.143573 1
42 67 1 -0.17951 1
42 68 1 -1.1398 1
42 69 1 -1.05269 1
42 70 1 -1.71329 1
42 71 1 -2.29654 1
42 72 1 -0.696857 1
42 73 1 -2.43869 1
42 74 1 1.47893 1
42 75 1 -0.700774 1
42 76 1 -2.47989 1
42 77 1 -0.674289 1
42 78 1 -1.70347 1
42 79 1 0.800296 1
42 80 1 -0.29522 1
42 81 1 2.13336 1
42 82 1 1.79538 1
42 83 1 3.20835 1
42 84 1 2.02171 1
42 85 1 0.167279 1
42 86 1 0.617962 1
42 87 1 -3.14356 1
42 88 1 -1.45724 1
42 89 1 -0.807347 1
42 90 1 1.37741 1
42 91 1 2.97567 1
42 92 1 -1.91177 1
42 93 1 2.36586 1
42 94 1 -1.5973 1
42 95 1 1.53043 1
43 64 1 3.12341 1
43 65 1 -3.32927 1
43 66 1 1.8088 1
43 67 1 1.68606 1
43 68 1 0.323753 1
43 69 1 -0.924369 1
43 70 1 0.0193424 1
43 71 1 -3.79147 1
43 72 1 -0.518612 1
43 73 1 -8.1063 1
43 74 1 2.26037 1
43 75 1 -2.18139 1
43 76 1 0.568921 1
43 77 1 0.612544 1
43 78 1 0.724263 1
43 79 1 -2.54961 1
43 80 1 -0.241969 1
43 81 1 1.56837 1
43 82 1 1.59264 1
43 83 1 -1.81008 1
43 84 1 0.559136 1
43 85 1 3.91191 1
43 86 1 1.24598 1
43 87 1 4.07009 1
43 88 1 0.291437 1
43 89 1 3.8705 1
43 90 1 0.117201 1
43 91 1 -4.83201 1
43 92 1 3.99298 1
43 93 1 2.07631 1
43 94 1 -4.77295 1
43 95 1 1.76549 1
44 64 1 1.08572 1
44 65 1 -2.571 1
44 66 1 0.64499 1
44 67 1 -2.12811 1
44 68 1 -1.09034 1
44 69 1 -1.67361 1
44 70 1 2.83047 1
44 71 1 1.6821 1
44 72 1 -2.4605 1
44 73 1 0.568553 1
44 74 1 -2.02181 1
44 75 1 -2.86688 1
44 76 1 0.20786 1
44 77 1 1.81493 1
44 78 1 2.03798 1
44 79 1 1.16025 1
44 80 1 4.93663 1
44 81 1 -2.336 1
44 82 1 1.11592 1
44 83 1 -2.04091 1
44 84 1 -0.13774 1
44 85 1 0.244108 1
44 86 1 0.753692 1
44 87 1 1.39505 1
44 88 1 0.278272 1
44 89 1 1.19794 1
44 90 1 0.0718399 1
44 91 1 -0.529773 1
44 92 1 -0.124364 1
44 93 1 2.98205 1
44 94 1 -1.94285 1
44 95 1 -1.72914 1
44 8 1 0.408147 1
44 29 1 1.89063 1
45 64 1 -1.21245 1
45 65 1 3.0766 1
45 66 1 -0.49101 1
45 67 1 1.23577 1
45 68 1 -1.93985 1
45 69 1 -6.76976 1
45 70 1 -4.47596 1
45 71 1 0.897938 1
45 72 1 -4.97407 1
45 73 1 3.40976 1
45 74 1 2.84878 1
45 75 1 3.92764 1
45 76 1 -0.579565 1
45 77 1 0.844073 1
45 78 1 -2.48291 1
45 79 1 2.11622 1
45 80 1 -2.2596 1
45 81 1 0.814039 1
45 82 1 -0.851608 1
45 83 1 -2.81032 1
45 84 1 3.07634 1
45 85 1 -3.78018 1
45 86 1 1.11603 1
45 87 1 0.397697 1
45 88 1 -0.748152 1
45 89 1 -3.79156 1
45 90 1 1.20532 1
45 91 1 4.33906 1
45 92 1 -3.34922 1
45 93 1 -6.23233 1
45 94 1 2.58606 1
45 95 1 -2.88292 1
45 9 1 3.18402 1
45 20 1 0.0807587 1
46 64 1 -0.849402 1
46 65 1 -0.733265 1
46 66 1 2.83939 1
46 67 1 2.28587 1
46 68 1 -5.11827 1
46 69 1 -1.10809 1
46 70 1 1.19371 1
46 71 1 -1.53039 1
46 72 1 1.81224 1
46 73 1 -3.00292 1
46 74 1 -1.6077 1
46 75 1 2.38662 1
46 76 1 -4.93447 1
46 77 1 1.3841 1
46 78 1 -1.49675 1
46 79 1 -0.784817 1
46 80 1 3.53765 1
46 81 1 0.325425 1
46 82 1 -0.109414 1
46 83 1 1.17538 1
46 84 1 -0.0793763 1
46 85 1 2.28266 1
46 86 1 0.0895208 1
46 87 1 3.18953 1
46 88 1 -2.09233 1
46 89 1 -4.03039 1
46 90 1 -2.90101 1
46 91 1 1.44168 1
46 92 1 1.12731 1
46 93 1 -1.26837 1
46 94 1 -0.692361 1
46 95 1 -0.104173 1
46 24 1 1.68795 1
47 64 1 -0.385675 1
47 65 1 0.180008 1
47 66 1 -3.10036 1
47 67 1 5.08088 1
47 68 1 -1.5013 1
47 69 1 2.5718 1
47 70 1 -1.79706 1
47 71 1 0.823564 1
47 72 1 0.977976 1
47 73 1 5.70266 0
47 74 1 -0.878066 1
47 75 1 -2.00505 1
47 76 1 -2.5968 1
47 77 1 -7.24914 1
47 78 1 -1.72503 1
47 79 1 2.0903 1
47 80 1 4.01183 1
47 81 1 -5.96305 1
47 82 1 1.44411 1
47 83 1 0.0502883 1
47 84 1 -3.33253 1
47 85 1 0.00492864 1
47 86 1 -3.39926 1
47 87 1 4.63168 1
47 88 1 1.53592 1
47 89 1 0.942754 1
47 90 1 6.36101 1
47 91 1 0.660629 1
47 92 1 -1.34612 1
47 93 1 0.409472 1
47 94 1 0.855152 1
47 95 1 -1.00132 1
47 4 1 -0.0736744 1
47 137 1 1.48987 1
137 73 1 3.99263 1
48 64 1 -0.37948 1
48 65 1 -0.0881055 1
48 66 1 0.504593 1
48 67 1 -1.58397 1
48 68 1 -4.84999 1
48 69 1 -3.77853 1
48 70 1 0.407527 1
48 71 1 0.210001 1
48 72 1 -3.29978 1
48 73 1 2.30152 1
48 74 1 5.57113 1
48 75 1 -5.26752 1
48 76 1 1.25454 1
48 77 1 -3.20239 1
48 78 1 -0.387466 1
48 79 1 2.74543 1
48 80 1 -0.72498 1
48 81 1 -2.25301 1
48 82 1 1.34515 1
48 83 1 0.391028 1
48 84 1 0.435715 1
48 85 1 1.15123 1
48 86 1 -2.39844 1
48 87 1 -1.24112 1
48 88 1 -1.93996 1
48 89 1 -0.432336 1
48 90 1 2.48022 1
48 91 1 1.19921 1
48 92 1 -4.84537 1
48 93 1 0.139279 1
48 94 1 3.43156 1
48 95 1 3.36037 1
48 16 1 1.04729 1
48 12 1 -0.420707 1
48 14 1 -3.9614 1
49 64 1 0.598995 1
49 65 1 -0.918342 1
49 66 1 0.14747 1
49 67 1 -1.46959 1
49 68 1 -1.6299 1
49 69 1 0.455252 1
49 70 1 1.00479 1
49 71 1 -4.34506 1
49 72 1 -0.192826 1
49 73 1 -0.12222 1
49 74 1 2.72818 1
49 75 1 1.84443 1
49 76 1 -6.02058 1
49 77 1 -3.07557 1
49 78 1 -1.09605 1
49 79 1 1.20056 1
49 80 1 4.90776 1
49 81 1 -3.92658 1
49 82 1 1.82497 1
49 83 1 -1.63695 1
49 84 1 3.09205 1
49 85 1 -2.91175 1
49 86 1 1.13937 1
49 87 1 -0.285601 1
49 88 1 -1.50975 1
49 89 1 0.401822 1
49 90 1 -1.17938 1
49 91 1 0.974855 1
49 92 1 2.51122 1
49 93 1 -0.91192 1
49 94 1 1.43454 1
49 95 1 3.82523 1
49 19 1 -2.58438 1
49 31 1 -0.92815 1
49 15 1 -0.370586 1
50 64 1 -4.79484 1
50 65 1 -2.46232 1
50 66 1 2.09483 1
50 67 1 -1.26637 1
50 68 1 2.31065 1
50 69 1 -0.655532 1
50 70 1 0.796771 1
50 71 1 6.43866 1
50 72 1 -1.9229 1
50 73 1 5.36485 1
50 74 1 -1.72499 1
50 75 1 0.800221 1
50 76 1 -0.716348 1
50 77 1 0.940433 1
50 78 1 3.39223 1
50 79 1 -2.27964 1
50 80 1 0.323798 1
50 81 1 0.509106 1
50 82 1 0.0855728 1
50 83 1 2.87759 1
50 84 1 -1.45721 1
50 85 1 0.0731052 1
50 86 1 1.77467 1
50 87 1 -2.48338 1
50 88 1 -3.62136 1
50 89 1 -0.102635 1
50 90 1 0.817555 1
50 91 1 0.0416837 1
50 92 1 0.129362 1
50 93 1 0.0915309 1
50 94 1 -2.8547 1
50 95 1 1.94478 1
50 4 1 5.89467 1
50 22 1 -1.45391 1
51 64 1 -1.67767 1
51 65 1 3.38988 1
51 66 1 2.72779 1
51 67 1 -1.28419 1
51 68 1 -0.294573 1
51 69 1 -1.92901 1
51 70 1 3.2627 1
51 71 1 3.56577 1
51 72 1 -3.69474 1
51 73 1 -2.41599 0
51 74 1 -1.92332 1
51 75 1 5.10249 1
51 76 1 -2.50354 1
51 77 1 2.33375 1
51 78 1 3.8466 1
51 79 1 0.871348 1
51 80 1 0.508694 1
51 81 1 -2.84854 1
51 82 1 0.485101 1
51 83 1 4.15009 1
51 84 1 -2.45874 1
51 85 1 -2.30786 1
51 86 1 -0.79723 1
51 87 1 1.03652 1
51 88 1 1.4146 1
51 89 1 1.36417 1
51 90 1 2.48534 1
51 91 1 1.24921 1
51 92 1 2.42204 1
51 93 1 3.8041 1
51 94 1 -4.91164 1
51 95 1 -2.69016 1
51 116 1 -0.0303747 1
51 12 1 -0.407631 1
116 73 1 -0.932805 0
116 134 1 0.590864 1
134 73 1 1.72813 1
52 64 1 -3.48116 1
52 65 1 3.99489 1
52 66 1 1.2528 1
52 67 1 0.338565 1
52 68 1 0.958832 1
52 69 1 4.93585 1
52 70 1 3.07428 1
52 71 1 -0.496256 1
52 72 1 -0.605952 1
52 73 1 3.50191 1
52 74 1 2.62679 1
52 75 1 0.0362444 1
52 76 1 -3.28845 1
52 77 1 -0.151579 1
52 78 1 1.60962 1
52 79 1 1.6245 1
52 80 1 -0.560658 1
52 81 1 0.746715 1
52 82 1 -2.00564 1
52 83 1 -2.7852 1
52 84 1 1.126 1
52 85 1 -1.65025 1
52 86 1 -3.44491 1
52 87 1 0.150505 1
52 88 1 2.53896 1
52 89 1 -1.99536 1
52 90 1 -0.264799 1
52 91 1 -1.39895 1
52 92 1 0.943278 1
52 93 1 -2.85933 0
52 94 1 2.24612 1
52 95 1 0.16854 1
52 115 1 -0.726686 1
52 139 1 0.913325 1
139 93 1 -2.10975 1
53 64 1 -2.77687 1
53 65 1 0.0294998 1
53 66 1 -0.663361 1
53 67 1 0.320025 1
53 68 1 2.78724 1
53 69 1 0.988935 1
53 70 1 -0.779487 0
53 71 1 -0.0687594 1
53 72 1 -1.18608 1
53 73 1 1.08687 1
53 74 1 -1.33723 1
53 75 1 -2.98021 1
53 76 1 -0.191963 1
53 77 1 1.42619 1
53 78 1 -0.879794 1
53 79 1 -0.197916 1
53 80 1 1.24915 1
53 81 1 1.35761 1
53 82 1 1.82955 1
53 83 1 0.19061 1
53 84 1 1.47936 1
53 85 1 1.30638 1
53 86 1 1.63286 1
53 87 1 0.719839 1
53 88 1 -0.518164 1
53 89 1 -0.585781 1
53 90 1 -2.72586 1
53 91 1 0.157473 1
53 92 1 2.98815 1
53 93 1 0.598426 1
53 94 1 1.00087 1
53 95 1 -2.16754 1
53 20 1 3.66109 1
53 23 1 1.00298 1
53 149 1 0.854295 1
149 70 1 -1.82062 1
54 64 1 2.09545 1
54 65 1 -1.55564 1
54 66 1 -2.08111 1
54 67 1 0.413979 1
54 68 1 2.70179 1
54 69 1 -3.07162 1
54 70 1 0.719778 1
54 71 1 3.78541 1
54 72 1 0.979828 1
54 73 1 1.12543 1
54 74 1 -0.108219 1
54 75 1 -1.89128 1
54 76 1 -0.648773 1
54 77 1 2.92553 1
54 78 1 0.000203499 1
54 79 1 0.808377 1
54 80 1 0.2935 1
54 81 1 3.70772 1
54 82 1 -1.94947 1
54 83 1 6.75562 1
54 84 1 1.93846 1
54 85 1 -1.10899 1
54 86 1 -4.28983 1
54 87 1 -0.771133 1
54 88 1 1.18975 1
54 89 1 3.30675 1
54 90 1 -3.09037 1
54 91 1 3.01808 1
54 92 1 -0.477523 1
54 93 1 1.30487 1
54 94 1 -3.48285 1
54 95 1 -3.05254 1
54 30 1 -1.29522 1
54 144 1 0.296499 1
55 64 1 0.696788 1
55 65 1 -2.66311 1
55 66 1 -2.14125 1
55 67 1 -1.07984 1
55 68 1 -1.88161 1
55 69 1 2.67393 1
55 70 1 2.31975 1
55 71 1 -4.96101 1
55 72 1 2.92709 1
55 73 1 1.16222 1
55 74 1 1.72558 1
55 75 1 -3.431 1
55 76 1 -4.94055 1
55 77 1 2.20771 1
55 78 1 0.0532419 1
55 79 1 1.45633 1
55 80 1 -1.77545 1
55 81 1 1.35969 1
55 82 1 -1.62835 1
55 83 1 -0.836397 1
55 84 1 -0.861717 1
55 85 1 -5.55709 1
55 86 1 0.944004 1
55 87 1 1.56414 1
55 88 1 -2.58458 1
55 89 1 -1.17503 1
55 90 1 0.567458 1
55 91 1 1.47376 1
55 92 1 6.00441 1
55 93 1 -4.22618 1
55 94 1 -3.88175 1
55 95 1 -1.90524 0
55 28 1 4.96593 1
55 114 1 1.20128 1
114 95 1 -1.37269 1
56 64 1 2.36263 1
56 65 1 -4.35897 1
56 66 1 0.535614 1
56 67 1 -1.24403 1
56 68 1 -0.738253 0
56 69 1 -0.533864 1
56 70 1 0.0333738 1
56 71 1 1.55964 1
56 72 1 -0.958068 1
56 73 1 -1.43178 1
56 74 1 3.76378 1
56 75 1 3.95413 1
56 76 1 -3.69281 1
56 77 1 -0.0457813 1
56 78 1 -2.78637 1
56 79 1 -0.336587 1
56 80 1 -1.53293 1
56 81 1 2.98621 1
56 82 1 2.24302 1
56 83 1 -2.37025 1
56 84 1 -1.21994 1
56 85 1 -1.74501 1
56 86 1 2.18214 1
56 87 1 -2.54971 1
56 88 1 0.240665 1
56 89 1 -1.77704 1
56 90 1 -1.75693 1
56 91 1 -2.14659 1
56 92 1 1.58109 1
56 93 1 4.28516 1
56 94 1 -1.61828 1
56 95 1 0.918269 1
56 3 1 -2.09929 1
56 126 1 3.64293 1
126 68 1 0.37196 1
126 11 1 -1.71758 1
57 64 1 -4.18407 1
57 65 1 3.48327 1
57 66 1 -2.07809 1
57 67 1 -1.85207 1
57 68 1 3.23467 1
57 69 1 -0.131093 0
57 70 1 1.26162 1
57 71 1 3.70923 1
57 72 1 0.932963 1
57 73 1 -1.34685 1
57 74 1 2.66388 1
57 75 1 3.96154 1
57 76 1 2.50886 1
57 77 1 -4.28811 1
57 78 1 -1.75556 1
57 79 1 -2.84045 1
57 80 1 1.10568 1
57 81 1 4.14861 1
57 82 1 4.4621 1
57 83 1 -3.05896 1
57 84 1 -0.0609116 1
57 85 1 -2.69595 1
57 86 1 -0.851184 1
57 87 1 1.49072 1
57 88 1 -1.30466 1
57 89 1 -0.616956 1
57 90 1 0.621105 1
57 91 1 -1.76305 1
57 92 1 -1.61903 1
57 93 1 -0.00490292 1
57 94 1 -1.26735 1
57 95 1 3.43452 1
57 104 1 2.85905 1
57 22 1 0.288749 1
104 69 1 1.81162 1
104 1 1 -1.06714 1
104 107 1 0.07772 1
58 64 1 3.28387 1
58 65 1 -0.905747 1
58 66 1 -1.63981 1
58 67 1 -1.57673 1
58 68 1 -1.60926 1
58 69 1 -0.386719 1
58 70 1 -2.31228 1
58 71 1 0.610283 1
58 72 1 -0.148703 1
58 73 1 -1.55858 1
58 74 1 3.04612 1
58 75 1 2.88585 1
58 76 1 3.69467 1
58 77 1 1.87336 1
58 78 1 -1.24785 1
58 79 1 0.299633 0
58 80 1 -4.16353 1
58 81 1 3.19785 1
58 82 1 0.31016 1
58 83 1 0.454645 1
58 84 1 -1.07175 1
58 85 1 1.5399 1
58 86 1 2.22889 1
58 87 1 -0.868362 1
58 88 1 -2.42296 1
58 89 1 -0.601084 1
58 90 1 -1.84547 1
58 91 1 -2.07452 1
58 92 1 0.582794 1
58 93 1 2.29667 1
58 94 1 -2.10255 1
58 95 1 2.08149 1
58 128 1 0.718596 1
128 79 1 0.795748 0
128 131 1 -0.559011 1
131 79 1 0.92489 1
59 64 1 -2.17056 1
59 65 1 1.95423 1
59 66 1 1.82292 1
59 67 1 -2.43864 1
59 68 1 0.568854 1
59 69 1 -1.68599 1
59 70 1 -2.29241 1
59 71 1 1.90578 1
59 72 1 0.36018 1
59 73 1 -0.497758 1
59 74 1 -0.11981 1
59 75 1 -1.81237 1
59 76 1 1.72977 1
59 77 1 1.28025 0
59 78 1 1.66943 1
59 79 1 -1.71683 1
59 80 1 -0.661286 1
59 81 1 1.5686 1
59 82 1 -5.23166 1
59 83 1 3.18082 1
59 84 1 -0.0990095 1
59 85 1 -2.56146 1
59 86 1 -3.2064 1
59 87 1 1.57571 1
59 88 1 5.22667 1
59 89 1 -0.280732 1
59 90 1 0.975936 1
59 91 1 -1.51339 1
59 92 1 2.37109 1
59 93 1 2.13783 1
59 94 1 -5.39074 1
59 95 1 1.90195 1
59 97 1 1.89495 1
59 5 1 -2.48136 1
59 11 1 -0.919801 1
59 13 1 0.964465 1
97 77 1 -6.08218 1
97 22 1 -2.38771 1
97 2 1 -5.41284 0
97 99 1 2.50132 1
97 7 1 3.98076 0
97 102 1 2.2356 1
97 17 1 2.00093 1
102 7 1 4.61455 1
99 2 1 1.50249 0
99 108 1 4.53289 1
99 15 1 0.0947309 1
108 2 1 -0.427462 0
108 125 1 4.39233 1
125 2 1 0.202256 1
60 64 1 2.87904 1
60 65 1 0.583198 1
60 66 1 0.615135 1
60 67 1 -0.505301 1
60 68 1 0.677087 1
60 69 1 0.939743 1
60 70 1 -2.76404 1
60 71 1 0.697599 1
60 72 1 0.798146 0
60 73 1 1.07957 1
60 74 1 1.08784 1
60 75 1 -0.756817 1
60 76 1 0.135855 1
60 77 1 2.78231 1
60 78 1 -2.67651 1
60 79 1 -0.378556 1
60 80 1 -5.16623 1
60 81 1 -1.46482 1
60 82 1 -1.04048 1
60 83 1 -0.141548 1
60 84 1 -3.3921 1
60 85 1 4.2993 1
60 86 1 2.4403 1
60 87 1 0.380657 1
60 88 1 -4.67598 1
60 89 1 0.557813 1
60 90 1 -2.60531 1
60 91 1 0.519253 1
60 92 1 -0.23602 1
60 93 1 3.09512 1
60 94 1 -1.02274 1
60 95 1 0.924378 1
60 24 1 -3.19859 1
60 0 1 2.89347 1
60 115 1 2.27157 1
60 3 1 0.0257154 1
115 72 1 -1.26261 1
115 18 1 1.23537 1
61 64 1 -0.604014 1
61 65 1 -0.574334 1
61 66 1 1.71344 1
61 67 1 0.724203 1
61 68 1 -3.7908 1
61 69 1 3.63224 1
61 70 1 -0.132521 1
61 71 1 -0.654376 1
61 72 1 -1.67565 1
61 73 1 0.858219 1
61 74 1 2.75641 1
61 75 1 2.943 1
61 76 1 0.308199 1
61 77 1 0.97515 0
61 78 1 -0.559417 1
61 79 1 -0.778333 1
61 80 1 0.0873392 1
61 81 1 -0.31556 1
61 82 1 0.0227254 1
61 83 1 0.320979 1
61 84 1 -2.5204 1
61 85 1 -0.718177 1
61 86 1 0.173095 1
61 87 1 1.79872 1
61 88 1 0.238839 1
61 89 1 0.999092 1
61 90 1 -0.721344 1
61 91 1 1.35771 1
61 92 1 -1.65244 1
61 93 1 -1.30615 1
61 94 1 0.953001 1
61 95 1 -1.7225 1
61 107 1 0.898464 1
61 113 1 -2.15479 1
61 14 1 -2.35201 1
107 77 1 -5.50329 0
107 113 1 -0.152364 1
107 14 1 -1.01434 1
113 77 1 -2.10899 1
113 23 1 -1.59656 1
113 147 1 0.396823 1
62 64 1 0.932497 1
62 65 1 -3.05831 1
62 66 1 3.02675 1
62 67 1 -1.69484 1
62 68 1 2.17797 1
62 69 1 -1.52797 1
62 70 1 2.30124 1
62 71 1 -1.37248 1
62 72 1 1.13581 1
62 73 1 2.19535 1
62 74 1 4.73473 1
62 75 1 0.185136 1
62 76 1 4.5623 1
62 77 1 -4.08672 1
62 78 1 -1.66162 1
62 79 1 -0.956135 1
62 80 1 -1.45813 1
62 81 1 -0.349303 1
62 82 1 -2.45931 1
62 83 1 1.49417 1
62 84 1 -1.55709 0
62 85 1 0.513207 1
62 86 1 4.03603 1
62 87 1 -1.85629 1
62 88 1 0.83 1
62 89 1 -1.47845 1
62 90 1 -6.05552 1
62 91 1 1.22735 1
62 92 1 -1.02196 1
62 93 1 -1.0025 1
62 94 1 2.04161 1
62 95 1 -0.838309 1
62 5 1 1.47008 1
62 138 1 1.92356 1
138 84 1 0.0780137 1
63 64 1 3.04063 1
63 65 1 -1.54062 1
63 66 1 3.1561 1
63 67 1 -0.107471 1
63 68 1 -0.324177 1
63 69 1 -4.56522 1
63 70 1 -1.191 1
63 71 1 2.02042 1
63 72 1 -0.760678 1
63 73 1 0.0843315 1
63 74 1 -6.25705 1
63 75 1 1.71012 1
63 76 1 -2.39367 0
63 77 1 1.56492 1
63 78 1 0.565624 1
63 79 1 0.645989 1
63 80 1 0.582678 1
63 81 1 -0.48788 1
63 82 1 1.78746 1
63 83 1 -3.09699 1
63 84 1 -2.00366 1
63 85 1 -3.74921 1
63 86 1 5.22944 1
63 87 1 -2.36646 0
63 88 1 -0.264846 1
63 89 1 -1.76932 1
63 90 1 2.99263 1
63 91 1 -0.610174 1
63 92 1 -0.505752 1
63 93 1 2.57985 1
63 94 1 -3.41872 1
63 95 1 0.0549927 1
63 141 1 1.20792 1
63 144 1 0.67071 1
144 76 1 -1.49428 0
144 147 1 1.80385 1
147 76 1 -2.70879 1
141 87 1 -6.81649 1
141 10 1 -0.465219 1
