152 64 32
2.50439 -0.0249 -7.00677 4.81115 -3.84377 2.12108 0.73875 0.427906 0.340003 2.97381 2.92392 3.22147 -3.6748 -3.66938 -0.823369 -2.17645 0.27348 1.42803 -1.12993 -1.71655 -1.88796 0.224281 -1.50461 0.695164 -4.31353 0.1033 3.51738 1.75115 -2.40563 -2.80285 -4.05447 1.50897 -0.0525642 0.316248 1.50723 2.24456 -3.226 -0.170638 0.948373 -2.04268 -1.23063 1.56877 -0.874698 -4.75342 -2.98553 -0.765488 -2.72181 2.42527 -0.0582934 3.23424 0.935474 -3.50553 -3.94554 -0.0963868 -1.47513 4.2889 -2.2935 -0.220713 0.999398 -1.78907 1.75845 -1.73542 -0.953833 -3.22684 -5.10487 0.0313774 3.88982 2.20973 -4.08626 1.68178 -2.9433 -2.11401 -2.61594 -3.42468 2.68814 3.59619 -1.64084 -0.32928 0.799255 -3.86631 -0.634818 -0.639155 -2.30533 0.225282 2.11512 -0.333808 -2.64189 0.618186 4.25826 -0.197007 -2.06783 2.96358 -1.76715 0.354997 1.01486 -1.0921 -1.82831 0.323989 -1.8392 -0.729935 2.30885 -3.89506 -5.24663 -3.13179 -3.16341 0.524843 -1.99584 -2.71958 -1.81586 1.42107 -1.26274 1.49462 1.56893 -3.52317 -0.456472 -0.937505 -2.80841 -0.280253 -1.07527 -0.9063 0.652215 0.219801 0.875732 1.76827 0.842941 3.53042 0.488286 0.713337 1.55198 0.988676 0.0536518 -0.871863 -1.07988 -0.823576 -1.15241 -1.36206 -0.904926 -0.963293 -2.08185 -0.753222 -0.0955623 -0.361898 -1.34516 0.490016 0.969357 0.905968 -0.273647 0.645254 0.723961 -1.72428 0.513168 0.158904 
0 64 1 -5.48515 1
0 65 1 1.80651 1
0 66 1 2.96709 1
0 67 1 0.0868253 1
0 68 1 -1.08782 1
0 69 1 1.55978 1
0 70 1 0.14724 1
0 71 1 -0.36066 1
0 72 1 0.356391 1
0 73 1 -2.18343 1
0 74 1 -2.82253 1
0 75 1 0.651475 1
0 76 1 2.48202 1
0 77 1 1.26669 1
0 78 1 -2.41438 1
0 79 1 2.69018 1
0 80 1 2.76777 1
0 81 1 2.51312 1
0 82 1 3.85164 1
0 83 1 2.61509 1
0 84 1 -2.27978 1
0 85 1 2.7337 1
0 86 1 -3.13078 1
0 87 1 -0.920445 1
0 88 1 -0.902308 1
0 89 1 1.91114 1
0 90 1 4.98075 1
0 91 1 5.44173 1
0 92 1 -3.5018 1
0 93 1 -1.55219 1
0 94 1 0.763977 1
0 95 1 1.55918 1
0 10 1 -2.3228 1
1 64 1 -1.36102 1
1 65 1 -2.24047 1
1 66 1 2.05745 1
1 67 1 -3.26284 1
1 68 1 5.10266 1
1 69 1 -1.34588 1
1 70 1 1.71425 1
1 71 1 -1.18535 1
1 72 1 -1.97844 1
1 73 1 -2.02158 1
1 74 1 -2.7113 1
1 75 1 4.062 1
1 76 1 -1.1836 1
1 77 1 5.42512 1
1 78 1 -2.0089 1
1 79 1 0.554714 1
1 80 1 -3.80495 1
1 81 1 2.17584 1
1 82 1 -0.504354 1
1 83 1 -4.40196 1
1 84 1 -1.0885 1
1 85 1 -1.76893 1
1 86 1 2.22227 1
1 87 1 -1.392 1
1 88 1 -0.00492719 1
1 89 1 3.7248 1
1 90 1 -1.2211 1
1 91 1 -2.20872 1
1 92 1 -1.27443 1
1 93 1 0.958655 1
1 94 1 -1.28359 1
1 95 1 -5.10817 1
1 27 1 0.0232338 1
2 64 1 0.905288 1
2 65 1 1.60162 1
2 66 1 -3.03379 1
2 67 1 -1.06857 1
2 68 1 -1.85027 1
2 69 1 2.01095 1
2 70 1 -1.53122 1
2 71 1 4.10832 1
2 72 1 -2.00896 1
2 73 1 -2.82651 1
2 74 1 -3.99258 1
2 75 1 -0.742493 1
2 76 1 -4.82012 1
2 77 1 -0.581307 1
2 78 1 -1.58974 1
2 79 1 -4.09558 1
2 80 1 -4.75533 1
2 81 1 -3.45002 1
2 82 1 -0.928677 1
2 83 1 -3.68078 1
2 84 1 -0.213487 1
2 85 1 3.34767 1
2 86 1 -0.473387 1
2 87 1 -0.730156 1
2 88 1 -0.10604 1
2 89 1 -3.14353 1
2 90 1 -2.84371 1
2 91 1 -1.43254 1
2 92 1 2.38762 1
2 93 1 -2.8856 1
2 94 1 2.65236 1
2 95 1 -0.940141 1
2 100 1 -1.06327 1
2 6 1 3.76529 1
2 110 1 0.0895881 1
3 64 1 -2.69134 1
3 65 1 -1.42687 1
3 66 1 -0.346528 1
3 67 1 0.748237 1
3 68 1 4.24543 1
3 69 1 -3.55443 1
3 70 1 0.123929 1
3 71 1 -0.150451 1
3 72 1 7.42658 1
3 73 1 -0.81994 1
3 74 1 0.518073 1
3 75 1 1.96916 1
3 76 1 1.51983 1
3 77 1 -0.322456 1
3 78 1 -0.746652 1
3 79 1 0.203638 1
3 80 1 -2.6725 1
3 81 1 -1.71196 1
3 82 1 6.33296 1
3 83 1 1.02842 1
3 84 1 0.723246 1
3 85 1 -3.96704 1
3 86 1 -0.406517 1
3 87 1 1.98578 1
3 88 1 -0.643351 1
3 89 1 1.43775 1
3 90 1 0.589612 1
3 91 1 1.45774 1
3 92 1 -0.255863 1
3 93 1 -2.54013 1
3 94 1 -2.81576 1
3 95 1 1.83186 0
3 110 1 1.22338 1
110 95 1 -1.73812 0
110 111 1 -1.21225 0
110 132 1 2.53412 1
132 111 1 2.09477 1
111 95 1 -2.41811 1
4 64 1 0.860606 1
4 65 1 0.201828 1
4 66 1 -2.17101 1
4 67 1 3.11632 1
4 68 1 -0.946624 1
4 69 1 2.28181 1
4 70 1 0.359604 1
4 71 1 -0.701759 1
4 72 1 1.27378 1
4 73 1 -0.84706 0
4 74 1 0.376131 1
4 75 1 -4.4897 0
4 76 1 0.954279 1
4 77 1 3.56328 1
4 78 1 1.37038 1
4 79 1 3.63784 1
4 80 1 -3.47861 1
4 81 1 0.584569 1
4 82 1 0.837128 1
4 83 1 -2.3273 1
4 84 1 0.167352 1
4 85 1 2.58206 1
4 86 1 2.80444 1
4 87 1 -0.396046 1
4 88 1 -2.84836 1
4 89 1 -0.822099 1
4 90 1 3.56915 1
4 91 1 -5.88571 1
4 92 1 -1.42069 1
4 93 1 0.0709067 0
4 94 1 -1.82494 1
4 95 1 1.79391 1
4 101 1 2.69871 1
4 17 1 3.56188 1
4 118 1 1.50271 1
4 145 1 1.20619 1
145 93 1 0.90062 1
118 73 1 -2.77851 1
101 75 1 0.958582 1
5 64 1 -2.48701 1
5 65 1 1.12973 1
5 66 1 -2.32732 1
5 67 1 6.05815 1
5 68 1 3.82176 1
5 69 1 4.03411 1
5 70 1 -2.38627 1
5 71 1 -0.336769 1
5 72 1 0.878346 1
5 73 1 -2.18603 1
5 74 1 -1.2456 1
5 75 1 2.2743 1
5 76 1 3.40363 1
5 77 1 1.20421 1
5 78 1 -0.853956 1
5 79 1 0.222561 1
5 80 1 2.27346 1
5 81 1 -1.89438 1
5 82 1 0.529979 1
5 83 1 4.95702 1
5 84 1 1.37445 1
5 85 1 2.27493 1
5 86 1 -3.64954 1
5 87 1 0.770601 1
5 88 1 -1.80117 1
5 89 1 -3.02503 1
5 90 1 -1.77677 1
5 91 1 -0.689923 1
5 92 1 -1.70776 1
5 93 1 1.63923 1
5 94 1 -1.23016 1
5 95 1 0.0824343 1
5 28 1 1.55868 1
6 64 1 0.472563 1
6 65 1 -1.48618 1
6 66 1 2.33078 1
6 67 1 2.82551 1
6 68 1 -4.22224 1
6 69 1 -1.87494 1
6 70 1 -2.24923 1
6 71 1 -0.707721 1
6 72 1 1.87392 1
6 73 1 -3.08112 1
6 74 1 -3.8634 1
6 75 1 0.816259 1
6 76 1 2.36082 1
6 77 1 -0.0909873 1
6 78 1 -1.85479 1
6 79 1 -1.8001 1
6 80 1 2.8241 1
6 81 1 -0.439507 1
6 82 1 0.843103 1
6 83 1 1.88849 1
6 84 1 1.99447 1
6 85 1 -1.86182 1
6 86 1 -0.11424 1
6 87 1 3.08064 1
6 88 1 -3.46148 1
6 89 1 -1.3989 1
6 90 1 3.84603 1
6 91 1 -0.829729 1
6 92 1 3.56632 1
6 93 1 -3.27642 1
6 94 1 -3.23009 1
6 95 1 2.30367 1
6 26 1 -0.13149 1
7 64 1 4.0963 1
7 65 1 1.40616 1
7 66 1 -1.5092 1
7 67 1 -4.92143 1
7 68 1 -1.86388 1
7 69 1 -0.762332 1
7 70 1 5.0343 1
7 71 1 1.06817 1
7 72 1 3.59745 1
7 73 1 -0.606893 1
7 74 1 -1.841 1
7 75 1 -1.09736 1
7 76 1 3.49243 1
7 77 1 -0.517631 1
7 78 1 2.4308 1
7 79 1 2.24646 1
7 80 1 0.0058833 1
7 81 1 1.38686 1
7 82 1 -3.05686 0
7 83 1 2.03488 0
7 84 1 -2.44664 1
7 85 1 3.66301 1
7 86 1 1.19375 1
7 87 1 3.52474 1
7 88 1 -2.53433 1
7 89 1 -1.56412 1
7 90 1 0.0898749 1
7 91 1 -2.74695 1
7 92 1 1.05863 1
7 93 1 -2.25352 1
7 94 1 -0.482041 1
7 95 1 2.78156 1
7 100 1 -0.328487 1
7 127 1 1.00037 1
127 82 1 -3.41215 1
100 83 1 2.21161 1
100 24 1 -1.44916 0
100 106 1 3.97277 1
106 24 1 -6.02931 1
106 6 1 -0.893855 1
8 64 1 2.84349 1
8 65 1 -3.03737 1
8 66 1 -0.330539 1
8 67 1 1.74213 1
8 68 1 -1.11093 1
8 69 1 3.28903 1
8 70 1 1.5068 1
8 71 1 3.21648 1
8 72 1 2.83359 1
8 73 1 -0.976533 1
8 74 1 0.129542 1
8 75 1 -2.54536 1
8 76 1 -0.478145 1
8 77 1 3.25274 1
8 78 1 -0.35179 1
8 79 1 -1.95186 1
8 80 1 -0.100304 1
8 81 1 -1.01172 1
8 82 1 1.25528 1
8 83 1 -3.2584 1
8 84 1 4.19475 1
8 85 1 8.69146 1
8 86 1 5.05012 1
8 87 1 0.818368 1
8 88 1 0.104276 1
8 89 1 3.68433 1
8 90 1 -1.08262 1
8 91 1 -0.165079 1
8 92 1 2.83598 1
8 93 1 5.13515 1
8 94 1 5.37908 1
8 95 1 0.299953 1
8 17 1 -2.01897 1
9 64 1 -3.69906 1
9 65 1 -3.31624 1
9 66 1 1.65798 1
9 67 1 1.39965 1
9 68 1 -0.773675 1
9 69 1 0.368942 1
9 70 1 -5.17606 1
9 71 1 -0.630701 1
9 72 1 2.83777 1
9 73 1 -1.69569 1
9 74 1 0.440167 1
9 75 1 0.91142 1
9 76 1 2.27276 1
9 77 1 -0.402266 1
9 78 1 2.8751 1
9 79 1 1.78018 1
9 80 1 -1.42572 1
9 81 1 -0.348085 1
9 82 1 -2.80501 1
9 83 1 -0.453363 1
9 84 1 3.00527 1
9 85 1 1.9158 1
9 86 1 -1.59222 1
9 87 1 0.600194 1
9 88 1 0.0176351 1
9 89 1 5.42601 1
9 90 1 -0.711235 1
9 91 1 0.170265 1
9 92 1 -1.21752 1
9 93 1 -1.16504 1
9 94 1 -2.52442 1
9 95 1 1.02542 1
9 103 1 -0.829252 1
9 130 1 -0.866835 1
10 64 1 0.403031 1
10 65 1 -0.953205 1
10 66 1 6.14541 1
10 67 1 -5.34384 1
10 68 1 3.27509 1
10 69 1 -0.583021 1
10 70 1 -1.03925 1
10 71 1 -1.0714 1
10 72 1 5.02798 1
10 73 1 3.99574 1
10 74 1 1.48468 0
10 75 1 0.32835 1
10 76 1 2.88504 1
10 77 1 1.03794 1
10 78 1 -0.680338 1
10 79 1 -3.87812 1
10 80 1 -2.54706 1
10 81 1 3.08365 1
10 82 1 2.20548 1
10 83 1 2.35189 1
10 84 1 4.07991 1
10 85 1 3.38623 1
10 86 1 -1.50165 1
10 87 1 -0.222207 1
10 88 1 2.68519 1
10 89 1 0.31794 1
10 90 1 -0.328237 1
10 91 1 3.66642 1
10 92 1 0.039271 1
10 93 1 -1.78468 1
10 94 1 3.45425 1
10 95 1 5.63371 1
10 124 1 1.94224 1
124 74 1 0.280093 1
11 64 1 3.28159 1
11 65 1 1.09583 1
11 66 1 2.76246 1
11 67 1 -1.55637 1
11 68 1 5.21309 1
11 69 1 0.477977 1
11 70 1 3.38607 1
11 71 1 1.605 1
11 72 1 -3.05805 1
11 73 1 0.648387 1
11 74 1 -0.656522 0
11 75 1 -0.704101 1
11 76 1 -2.01284 1
11 77 1 -0.662372 1
11 78 1 -0.595969 1
11 79 1 -0.0875258 1
11 80 1 -3.0078 1
11 81 1 0.77426 1
11 82 1 5.39086 1
11 83 1 1.82916 1
11 84 1 1.75183 1
11 85 1 -2.42882 1
11 86 1 -4.05652 1
11 87 1 -1.33232 1
11 88 1 -3.14194 1
11 89 1 -0.269744 1
11 90 1 -1.69794 1
11 91 1 -0.0169634 1
11 92 1 -1.79529 1
11 93 1 3.02172 1
11 94 1 -1.88755 1
11 95 1 -4.71536 1
11 120 1 -4.55594 1
11 109 1 0.415895 1
120 74 1 -2.26863 1
120 13 1 -0.113222 0
120 150 1 1.89648 1
150 13 1 0.128909 1
12 64 1 -1.17265 1
12 65 1 0.65637 1
12 66 1 -1.10776 1
12 67 1 -2.87792 1
12 68 1 0.924168 1
12 69 1 1.22411 1
12 70 1 -0.485323 1
12 71 1 2.2969 1
12 72 1 1.89708 1
12 73 1 -4.39504 1
12 74 1 -3.75307 1
12 75 1 -3.05234 1
12 76 1 -0.546295 1
12 77 1 1.49137 1
12 78 1 0.0971631 1
12 79 1 -0.737014 1
12 80 1 -2.09867 1
12 81 1 -1.53905 1
12 82 1 3.03311 1
12 83 1 -0.0984295 1
12 84 1 0.722853 1
12 85 1 -1.42954 1
12 86 1 -0.23887 1
12 87 1 0.879146 1
12 88 1 -3.01358 1
12 89 1 3.58637 1
12 90 1 -0.590448 1
12 91 1 -1.98669 1
12 92 1 1.89882 1
12 93 1 -2.78331 1
12 94 1 2.79025 1
12 95 1 -2.59073 1
12 17 1 -0.18417 1
12 18 1 0.0739361 1
12 144 1 -0.673817 1
13 64 1 0.000163785 1
13 65 1 -4.11411 1
13 66 1 -0.748756 1
13 67 1 2.16952 1
13 68 1 1.56463 1
13 69 1 -3.03673 1
13 70 1 0.0938146 1
13 71 1 0.697 1
13 72 1 0.790632 1
13 73 1 -3.12574 1
13 74 1 -2.18863 1
13 75 1 -1.0671 1
13 76 1 0.0930986 1
13 77 1 -1.96921 1
13 78 1 1.93362 1
13 79 1 1.40251 1
13 80 1 1.20606 1
13 81 1 0.843818 1
13 82 1 -0.497095 1
13 83 1 1.89981 1
13 84 1 -2.48945 1
13 85 1 6.45576 1
13 86 1 5.55722 1
13 87 1 6.71412 1
13 88 1 2.60756 1
13 89 1 0.206109 1
13 90 1 -3.56014 1
13 91 1 -3.41698 1
13 92 1 -1.16854 1
13 93 1 -3.07151 1
13 94 1 0.799518 1
13 95 1 -4.02885 1
14 64 1 -1.64739 1
14 65 1 5.17503 1
14 66 1 0.686127 1
14 67 1 -0.822134 1
14 68 1 -1.93014 1
14 69 1 3.10711 1
14 70 1 -2.10005 1
14 71 1 0.342063 1
14 72 1 1.5493 1
14 73 1 -0.155355 1
14 74 1 0.446261 1
14 75 1 2.24035 1
14 76 1 -0.984264 1
14 77 1 2.56243 1
14 78 1 -2.7692 1
14 79 1 -1.11552 1
14 80 1 -0.94268 1
14 81 1 1.13183 0
14 82 1 4.81188 1
14 83 1 -0.749227 1
14 84 1 0.341324 1
14 85 1 -2.43909 1
14 86 1 1.66618 1
14 87 1 -2.40484 1
14 88 1 -0.339246 1
14 89 1 0.184584 1
14 90 1 1.02458 1
14 91 1 4.20209 1
14 92 1 2.85546 1
14 93 1 1.56043 1
14 94 1 5.80522 1
14 95 1 0.322053 1
14 104 1 -2.16637 1
14 119 1 1.63791 1
119 81 1 4.50362 1
119 99 1 -1.80417 1
15 64 1 -0.679129 1
15 65 1 1.24706 1
15 66 1 -3.93271 1
15 67 1 -1.35772 1
15 68 1 0.192455 1
15 69 1 -1.61462 1
15 70 1 7.05021 1
15 71 1 -1.00304 1
15 72 1 -1.1988 1
15 73 1 0.00861951 1
15 74 1 1.42093 1
15 75 1 -1.87367 1
15 76 1 -0.649893 1
15 77 1 0.445341 1
15 78 1 -2.17129 1
15 79 1 -0.38084 1
15 80 1 1.11875 1
15 81 1 0.0297926 1
15 82 1 -3.69083 1
15 83 1 -0.735727 1
15 84 1 2.79507 1
15 85 1 -1.01859 1
15 86 1 2.25555 1
15 87 1 -5.07172 1
15 88 1 0.493057 1
15 89 1 2.14508 1
15 90 1 0.121245 1
15 91 1 -4.26642 1
15 92 1 1.36352 1
15 93 1 -1.83677 1
15 94 1 1.11885 1
15 95 1 2.53854 1
15 20 1 0.197676 1
16 64 1 4.17734 1
16 65 1 0.0598362 1
16 66 1 -2.99959 1
16 67 1 -3.42709 1
16 68 1 1.11002 1
16 69 1 -0.42605 1
16 70 1 1.38516 1
16 71 1 3.79268 1
16 72 1 -0.410021 1
16 73 1 -2.66398 1
16 74 1 -0.0282642 1
16 75 1 1.21476 1
16 76 1 0.0157682 1
16 77 1 1.58376 1
16 78 1 -1.4915 1
16 79 1 -0.398459 0
16 80 1 0.318874 1
16 81 1 2.77757 1
16 82 1 -1.61017 1
16 83 1 2.72493 1
16 84 1 -1.64327 1
16 85 1 -1.66345 1
16 86 1 -2.19385 1
16 87 1 -1.89183 1
16 88 1 0.988398 1
16 89 1 1.27789 1
16 90 1 -0.950094 1
16 91 1 2.40574 1
16 92 1 4.17451 1
16 93 1 -1.87889 1
16 94 1 -1.46383 1
16 95 1 -2.36457 1
16 26 1 -0.499024 1
16 151 1 1.36856 1
151 79 1 -0.633392 1
17 64 1 -2.90236 1
17 65 1 -0.633995 1
17 66 1 -2.04962 1
17 67 1 4.14462 1
17 68 1 -1.70025 1
17 69 1 0.944359 1
17 70 1 0.131708 1
17 71 1 1.6741 1
17 72 1 -6.03106 0
17 73 1 0.355223 1
17 74 1 3.64897 1
17 75 1 1.18298 1
17 76 1 -0.529887 1
17 77 1 2.83851 1
17 78 1 -0.107121 1
17 79 1 -2.35173 1
17 80 1 4.93403 1
17 81 1 2.58765 1
17 82 1 -0.956508 1
17 83 1 -1.58585 1
17 84 1 -4.36368 1
17 85 1 1.34786 1
17 86 1 1.15249 1
17 87 1 -1.6919 1
17 88 1 -5.90476 1
17 89 1 2.42355 1
17 90 1 -3.54882 1
17 91 1 5.73205 1
17 92 1 0.174415 1
17 93 1 3.90337 1
17 94 1 2.84332 1
17 95 1 0.792607 1
17 146 1 1.74194 1
146 72 1 -5.4825 1
18 64 1 1.81008 1
18 65 1 -0.987427 1
18 66 1 1.92677 1
18 67 1 1.57361 1
18 68 1 -0.261006 1
18 69 1 0.249877 1
18 70 1 2.22687 1
18 71 1 0.0318697 1
18 72 1 2.26283 1
18 73 1 0.2288 1
18 74 1 1.79848 1
18 75 1 -0.0221145 1
18 76 1 4.04115 1
18 77 1 -1.19592 1
18 78 1 2.98728 1
18 79 1 1.17259 1
18 80 1 -5.12698 1
18 81 1 2.49554 1
18 82 1 -3.03901 1
18 83 1 3.01941 1
18 84 1 -1.70745 1
18 85 1 1.5049 1
18 86 1 5.95668 1
18 87 1 -1.21745 1
18 88 1 0.701751 1
18 89 1 -3.25218 1
18 90 1 1.00144 1
18 91 1 2.12103 1
18 92 1 -2.88476 1
18 93 1 -1.00717 1
18 94 1 -1.09241 1
18 95 1 0.389941 1
18 25 1 0.48422 1
18 18 1 0.914498 1
18 139 1 -0.100668 1
19 64 1 5.09957 1
19 65 1 -1.79577 1
19 66 1 4.06346 1
19 67 1 -0.545318 1
19 68 1 -3.82754 1
19 69 1 1.79069 1
19 70 1 -0.838824 1
19 71 1 -2.3736 1
19 72 1 2.31127 1
19 73 1 1.84476 1
19 74 1 -0.233317 1
19 75 1 0.696215 1
19 76 1 -2.55488 1
19 77 1 -2.07739 1
19 78 1 -3.94838 1
19 79 1 2.61785 1
19 80 1 0.405595 1
19 81 1 -3.0423 1
19 82 1 0.180752 1
19 83 1 -4.04402 1
19 84 1 0.275784 1
19 85 1 0.818977 1
19 86 1 0.863501 1
19 87 1 3.03322 1
19 88 1 0.813886 1
19 89 1 4.92177 1
19 90 1 -1.01128 1
19 91 1 -0.480437 1
19 92 1 -0.27968 1
19 93 1 -3.2226 1
19 94 1 -1.25586 1
19 95 1 -6.0879 1
20 64 1 1.0088 1
20 65 1 -0.796867 1
20 66 1 -2.33496 1
20 67 1 0.318142 1
20 68 1 -0.69637 1
20 69 1 -0.702849 1
20 70 1 -3.43914 1
20 71 1 3.75954 1
20 72 1 3.04901 1
20 73 1 1.47419 1
20 74 1 2.80188 1
20 75 1 3.19209 1
20 76 1 0.0969415 1
20 77 1 -0.301534 1
20 78 1 2.29031 1
20 79 1 1.85905 1
20 80 1 0.991909 1
20 81 1 0.80674 1
20 82 1 2.80474 1
20 83 1 1.95691 1
20 84 1 1.48264 1
20 85 1 -4.13619 1
20 86 1 0.316926 1
20 87 1 0.0704547 1
20 88 1 1.60351 1
20 89 1 1.20897 1
20 90 1 3.49167 1
20 91 1 0.249601 0
20 92 1 0.558722 1
20 93 1 -0.332575 0
20 94 1 3.8538 0
20 95 1 -1.21785 1
20 96 1 -3.95514 1
20 98 1 -0.82543 1
20 103 1 1.97001 1
20 109 1 0.451783 1
103 91 1 0.976228 0
103 105 1 1.28876 1
103 112 1 -1.65064 0
103 123 1 0.312212 1
103 140 1 -1.02025 1
140 112 1 2.07461 1
123 91 1 0.407326 1
123 113 1 0.452724 0
123 136 1 1.55631 1
123 137 1 -1.17619 1
136 113 1 -1.91738 1
105 91 1 2.24655 0
105 129 1 -0.685908 1
129 91 1 -0.790329 0
129 135 1 2.02203 1
129 116 1 0.687039 1
135 91 1 -0.349216 1
98 93 1 -0.627783 1
98 99 1 4.63512 1
98 15 1 -0.0814633 1
96 94 1 1.94418 1
96 20 1 0.00361266 1
21 64 1 2.30766 1
21 65 1 6.17869 1
21 66 1 -4.15314 1
21 67 1 -4.5022 1
21 68 1 -2.12485 1
21 69 1 1.44038 1
21 70 1 -0.602267 1
21 71 1 -3.39752 1
21 72 1 -7.83741 1
21 73 1 -0.746418 1
21 74 1 -1.17497 1
21 75 1 1.70712 1
21 76 1 -1.12684 1
21 77 1 -0.682291 1
21 78 1 -1.80128 1
21 79 1 -0.938279 1
21 80 1 2.15824 1
21 81 1 -2.37961 1
21 82 1 -1.82832 1
21 83 1 -0.0257566 1
21 84 1 4.47538 1
21 85 1 -0.679206 1
21 86 1 1.68954 1
21 87 1 -1.12757 1
21 88 1 3.49625 1
21 89 1 0.129805 1
21 90 1 -0.187775 1
21 91 1 0.726312 0
21 92 1 1.5114 1
21 93 1 0.117967 1
21 94 1 -5.18586 1
21 95 1 -0.542374 1
21 143 1 2.57156 1
143 91 1 -0.673542 1
22 64 1 2.33307 1
22 65 1 0.571325 1
22 66 1 -0.0410226 1
22 67 1 4.6153 1
22 68 1 -1.31534 1
22 69 1 -1.87269 1
22 70 1 -2.03143 1
22 71 1 1.39287 1
22 72 1 -4.08979 1
22 73 1 -0.827296 1
22 74 1 -4.09378 1
22 75 1 -1.31511 1
22 76 1 1.49043 1
22 77 1 -0.1229 1
22 78 1 4.01201 1
22 79 1 6.32443 1
22 80 1 0.144184 1
22 81 1 -1.12802 1
22 82 1 0.0971163 1
22 83 1 -1.62186 1
22 84 1 -2.20035 1
22 85 1 0.0317978 1
22 86 1 0.838733 1
22 87 1 5.11665 1
22 88 1 -3.47242 1
22 89 1 -0.40537 1
22 90 1 1.93564 1
22 91 1 1.35177 1
22 92 1 1.31396 1
22 93 1 1.87849 1
22 94 1 4.74287 1
22 95 1 2.98165 1
23 64 1 -2.01278 1
23 65 1 1.68357 1
23 66 1 0.0367048 1
23 67 1 2.22514 1
23 68 1 -1.92227 1
23 69 1 1.49454 1
23 70 1 4.82291 1
23 71 1 -3.2817 1
23 72 1 0.231378 1
23 73 1 -0.703443 1
23 74 1 2.133 1
23 75 1 0.537596 1
23 76 1 3.37569 1
23 77 1 2.86826 1
23 78 1 -0.388768 1
23 79 1 -4.24052 1
23 80 1 0.708718 1
23 81 1 0.475273 1
23 82 1 -2.68607 1
23 83 1 1.74983 1
23 84 1 4.72043 1
23 85 1 -1.91265 1
23 86 1 -8.49534 1
23 87 1 0.0830405 1
23 88 1 2.43479 1
23 89 1 -0.837776 1
23 90 1 -1.76977 1
23 91 1 -1.5395 1
23 92 1 0.0163306 1
23 93 1 2.05731 1
23 94 1 -2.94931 1
23 95 1 0.111155 1
23 107 1 1.16457 1
23 27 1 -0.503755 1
24 64 1 -0.836828 1
24 65 1 3.2734 1
24 66 1 -0.937683 1
24 67 1 5.12575 1
24 68 1 -5.28567 1
24 69 1 3.58031 1
24 70 1 -0.359061 1
24 71 1 3.22755 1
24 72 1 1.4406 1
24 73 1 1.59934 1
24 74 1 0.305626 1
24 75 1 0.967758 1
24 76 1 -1.02358 1
24 77 1 -0.207059 1
24 78 1 -4.52131 1
24 79 1 -1.59414 1
24 80 1 4.34715 1
24 81 1 1.90966 1
24 82 1 1.04828 1
24 83 1 -4.01713 1
24 84 1 -4.23581 1
24 85 1 -1.19031 1
24 86 1 -3.99321 1
24 87 1 2.04321 1
24 88 1 -2.51594 1
24 89 1 6.61272 1
24 90 1 3.53284 1
24 91 1 -3.38426 1
24 92 1 0.311649 1
24 93 1 0.213083 1
24 94 1 -0.151249 1
24 95 1 -1.20023 1
24 5 1 0.79686 1
25 64 1 0.408815 1
25 65 1 1.53764 1
25 66 1 -0.312818 1
25 67 1 -1.21859 1
25 68 1 2.45565 1
25 69 1 -4.51898 1
25 70 1 0.782828 0
25 71 1 -3.44409 1
25 72 1 2.0625 1
25 73 1 0.52556 1
25 74 1 2.5241 1
25 75 1 -2.17819 1
25 76 1 -0.272864 1
25 77 1 0.22552 1
25 78 1 2.611 1
25 79 1 0.134998 1
25 80 1 -0.487605 1
25 81 1 -3.62875 1
25 82 1 -1.26197 1
25 83 1 3.94862 1
25 84 1 -1.61443 1
25 85 1 -1.47602 1
25 86 1 1.15569 1
25 87 1 1.65987 1
25 88 1 0.226048 1
25 89 1 2.13034 1
25 90 1 -2.36103 1
25 91 1 1.76998 1
25 92 1 2.04765 1
25 93 1 -0.375769 1
25 94 1 -0.529168 1
25 95 1 -2.74355 1
25 8 1 -0.273044 1
25 6 1 -1.37295 1
25 121 1 -1.55076 1
121 70 1 5.80844 1
26 64 1 -2.30422 1
26 65 1 2.59209 1
26 66 1 0.77533 1
26 67 1 1.82331 1
26 68 1 1.34154 1
26 69 1 2.82021 1
26 70 1 -2.63183 1
26 71 1 1.0118 1
26 72 1 -1.51369 1
26 73 1 1.08129 1
26 74 1 -5.35828 1
26 75 1 2.48006 1
26 76 1 0.258123 1
26 77 1 -3.91577 1
26 78 1 3.29365 1
26 79 1 -0.899531 1
26 80 1 0.405224 1
26 81 1 3.75537 1
26 82 1 1.2766 1
26 83 1 0.607446 1
26 84 1 -4.90602 1
26 85 1 2.18312 1
26 86 1 -4.57254 1
26 87 1 1.02422 1
26 88 1 -3.67741 1
26 89 1 -0.0461817 1
26 90 1 -3.18839 1
26 91 1 -3.3461 1
26 92 1 -0.860206 1
26 93 1 1.29574 1
26 94 1 1.57327 1
26 95 1 -0.740129 1
26 23 1 3.98415 1
26 15 1 3.29592 1
27 64 1 -3.5601 1
27 65 1 2.74319 1
27 66 1 3.62582 1
27 67 1 -1.7953 1
27 68 1 0.469426 1
27 69 1 1.66957 1
27 70 1 3.94961 1
27 71 1 -6.08201 1
27 72 1 -0.680632 1
27 73 1 1.90625 1
27 74 1 -1.83792 1
27 75 1 1.74446 1
27 76 1 -3.11679 1
27 77 1 -1.23703 1
27 78 1 -0.487327 1
27 79 1 0.822469 1
27 80 1 -2.09511 1
27 81 1 -1.59507 1
27 82 1 1.75023 1
27 83 1 1.32508 1
27 84 1 0.272871 1
27 85 1 0.633713 1
27 86 1 -1.4338 1
27 87 1 1.18662 1
27 88 1 -4.14649 1
27 89 1 -5.49227 1
27 90 1 3.70555 1
27 91 1 -2.05048 1
27 92 1 -0.83554 1
27 93 1 -0.943311 1
27 94 1 2.2966 1
27 95 1 -1.22177 1
27 9 1 1.32611 1
27 5 1 -2.46235 1
28 64 1 3.47668 1
28 65 1 -0.275985 1
28 66 1 -2.71972 1
28 67 1 4.86909 1
28 68 1 3.81321 1
28 69 1 1.76917 1
28 70 1 -0.39737 1
28 71 1 -1.49957 1
28 72 1 -6.38355 1
28 73 1 1.18924 1
28 74 1 -1.38648 1
28 75 1 0.534927 1
28 76 1 0.53365 1
28 77 1 1.84989 1
28 78 1 -2.71528 1
28 79 1 0.31744 1
28 80 1 2.0905 1
28 81 1 -1.8183 1
28 82 1 3.07176 1
28 83 1 3.30536 1
28 84 1 2.64247 1
28 85 1 -7.67252 1
28 86 1 -3.08886 1
28 87 1 -2.1342 1
28 88 1 -3.90179 1
28 89 1 0.7349 1
28 90 1 -3.21973 1
28 91 1 -1.1484 1
28 92 1 2.62163 1
28 93 1 -2.27659 1
28 94 1 4.58177 1
28 95 1 -3.69756 1
29 64 1 -0.28726 1
29 65 1 -1.94178 1
29 66 1 -0.398625 1
29 67 1 1.66205 1
29 68 1 -7.46808 1
29 69 1 1.45666 1
29 70 1 -0.337759 1
29 71 1 -1.32213 1
29 72 1 -0.0242346 1
29 73 1 -1.11402 1
29 74 1 0.96003 1
29 75 1 0.0739046 1
29 76 1 -0.742756 1
29 77 1 1.80024 1
29 78 1 -3.74257 1
29 79 1 -2.38381 1
29 80 1 2.35523 1
29 81 1 0.859008 1
29 82 1 0.654675 1
29 83 1 -0.132482 1
29 84 1 1.93962 1
29 85 1 -0.715731 1
29 86 1 -1.95541 1
29 87 1 -4.28351 1
29 88 1 -1.65332 1
29 89 1 -2.5394 1
29 90 1 -0.962542 1
29 91 1 0.496781 1
29 92 1 0.146089 1
29 93 1 1.55383 1
29 94 1 -2.85602 1
29 95 1 -0.56575 1
29 113 1 0.470581 1
30 64 1 -0.525486 1
30 65 1 1.17692 1
30 66 1 3.90383 1
30 67 1 1.4928 1
30 68 1 2.14345 1
30 69 1 2.25184 1
30 70 1 1.33316 1
30 71 1 -3.19611 1
30 72 1 0.277874 1
30 73 1 2.85481 1
30 74 1 -0.630156 1
30 75 1 3.2657 1
30 76 1 2.43912 1
30 77 1 -0.592986 1
30 78 1 2.17964 1
30 79 1 3.49307 1
30 80 1 -1.3829 1
30 81 1 -3.2418 1
30 82 1 3.37949 1
30 83 1 4.06922 1
30 84 1 2.1751 1
30 85 1 -2.91072 1
30 86 1 -1.4326 1
30 87 1 -3.00427 1
30 88 1 1.63213 1
30 89 1 0.088985 1
30 90 1 2.39291 1
30 91 1 5.24455 1
30 92 1 -1.62132 1
30 93 1 2.39368 1
30 94 1 2.71453 1
30 95 1 0.237657 1
30 28 1 0.362449 1
31 64 1 2.39067 1
31 65 1 -0.629224 1
31 66 1 -2.59352 1
31 67 1 5.34457 1
31 68 1 3.47697 1
31 69 1 0.843569 1
31 70 1 -3.5388 1
31 71 1 1.80676 1
31 72 1 -3.47099 1
31 73 1 -2.31124 1
31 74 1 2.67677 1
31 75 1 0.767398 1
31 76 1 1.48054 1
31 77 1 -0.348237 1
31 78 1 -3.2903 1
31 79 1 1.26071 1
31 80 1 -0.849953 1
31 81 1 -2.36973 1
31 82 1 -0.351035 1
31 83 1 -0.724443 1
31 84 1 -2.44069 1
31 85 1 -3.87547 1
31 86 1 0.730115 1
31 87 1 -2.45604 0
31 88 1 3.95438 1
31 89 1 -0.471837 1
31 90 1 1.33029 1
31 91 1 -2.02457 1
31 92 1 0.0586802 1
31 93 1 1.53743 1
31 94 1 0.93381 1
31 95 1 -1.34204 1
31 122 1 2.16999 1
122 87 1 0.437525 1
32 64 1 7.68861 1
32 65 1 1.63928 1
32 66 1 -3.1103 1
32 67 1 1.79871 1
32 68 1 0.772869 1
32 69 1 1.92793 1
32 70 1 -0.1778 1
32 71 1 2.28883 1
32 72 1 -3.41931 1
32 73 1 0.831609 1
32 74 1 -1.65598 1
32 75 1 3.52495 1
32 76 1 -1.62577 1
32 77 1 3.43923 1
32 78 1 -0.362326 1
32 79 1 1.75526 1
32 80 1 -0.18953 1
32 81 1 -2.66466 1
32 82 1 -2.13086 1
32 83 1 -2.83743 1
32 84 1 1.78841 1
32 85 1 -3.22937 1
32 86 1 0.319423 1
32 87 1 -0.8446 1
32 88 1 -0.999955 1
32 89 1 -2.96936 1
32 90 1 1.69438 1
32 91 1 -2.7964 1
32 92 1 1.74827 1
32 93 1 1.05168 1
32 94 1 -0.428083 1
32 95 1 -2.00641 1
33 64 1 2.66703 1
33 65 1 -4.91494 1
33 66 1 -0.887248 1
33 67 1 -2.18004 1
33 68 1 -1.26834 1
33 69 1 -2.11369 1
33 70 1 3.78714 1
33 71 1 4.69525 1
33 72 1 0.613443 1
33 73 1 3.63694 1
33 74 1 2.7542 1
33 75 1 -5.87955 1
33 76 1 -1.82452 1
33 77 1 1.67903 1
33 78 1 -3.36558 1
33 79 1 -2.46025 1
33 80 1 1.61318 1
33 81 1 -1.74262 1
33 82 1 0.681592 1
33 83 1 1.40318 1
33 84 1 1.45403 1
33 85 1 0.858883 1
33 86 1 1.12821 1
33 87 1 1.17019 1
33 88 1 2.3938 1
33 89 1 4.40356 1
33 90 1 -1.66634 1
33 91 1 0.794718 1
33 92 1 1.57239 1
33 93 1 1.42269 1
33 94 1 0.632434 1
33 95 1 -0.559439 1
33 20 1 -2.32386 1
33 107 1 0.759424 1
33 13 1 -0.255512 1
34 64 1 0.170283 1
34 65 1 -0.932912 1
34 66 1 2.14777 1
34 67 1 1.03468 1
34 68 1 0.520917 1
34 69 1 -0.651069 1
34 70 1 -1.57642 1
34 71 1 -0.748096 1
34 72 1 -1.98455 1
34 73 1 -3.90815 1
34 74 1 1.61835 1
34 75 1 5.94879 1
34 76 1 -1.30137 1
34 77 1 -0.863761 1
34 78 1 -1.94293 1
34 79 1 2.11182 1
34 80 1 2.54209 1
34 81 1 -0.382984 1
34 82 1 -0.165736 1
34 83 1 1.35636 1
34 84 1 0.768186 1
34 85 1 -0.706077 1
34 86 1 -0.527474 1
34 87 1 -0.367491 1
34 88 1 0.394068 1
34 89 1 -0.832446 1
34 90 1 -5.63098 1
34 91 1 3.03971 1
34 92 1 0.898708 1
34 93 1 -2.62741 1
34 94 1 2.49671 1
34 95 1 2.01326 1
34 113 1 -0.472905 1
35 64 1 -0.85329 1
35 65 1 -1.34733 1
35 66 1 -0.0691197 1
35 67 1 2.55151 1
35 68 1 0.481552 1
35 69 1 3.35388 1
35 70 1 3.24847 1
35 71 1 2.5346 1
35 72 1 2.97039 1
35 73 1 6.9402 1
35 74 1 2.87022 1
35 75 1 -0.728903 1
35 76 1 -3.22746 1
35 77 1 0.523314 1
35 78 1 -1.29985 1
35 79 1 1.65079 1
35 80 1 -7.77899 1
35 81 1 -1.96585 1
35 82 1 2.49204 0
35 83 1 0.449743 1
35 84 1 3.18207 1
35 85 1 -4.21799 1
35 86 1 -1.84535 1
35 87 1 -3.08531 1
35 88 1 -0.0179939 1
35 89 1 0.968389 0
35 90 1 -1.45617 1
35 91 1 -1.4919 1
35 92 1 -3.04222 1
35 93 1 -2.25123 1
35 94 1 -1.77538 1
35 95 1 -0.489362 1
35 130 1 0.526762 1
35 133 1 4.31239 1
133 82 1 2.10706 1
130 89 1 1.67678 1
36 64 1 -0.268892 1
36 65 1 1.41101 1
36 66 1 -0.347379 1
36 67 1 0.290508 1
36 68 1 -5.02282 1
36 69 1 -2.57961 1
36 70 1 -0.66579 1
36 71 1 1.74083 1
36 72 1 -1.40226 1
36 73 1 -0.745606 1
36 74 1 -0.790198 1
36 75 1 0.505089 1
36 76 1 1.54979 1
36 77 1 -4.90372 1
36 78 1 0.328111 1
36 79 1 2.7186 1
36 80 1 1.8249 1
36 81 1 -1.23279 1
36 82 1 -1.44179 0
36 83 1 -0.347689 1
36 84 1 2.62264 1
36 85 1 -3.30585 1
36 86 1 1.37 1
36 87 1 -0.142853 1
36 88 1 -0.320057 1
36 89 1 1.24077 1
36 90 1 -3.00071 1
36 91 1 1.97661 1
36 92 1 4.1963 1
36 93 1 -0.252257 1
36 94 1 -3.11827 1
36 95 1 6.55996 1
36 109 1 0.839469 0
36 24 1 -1.13139 1
36 117 1 1.37609 1
117 109 1 1.46111 1
109 82 1 0.826396 1
109 31 1 -0.532523 1
37 64 1 -3.48746 1
37 65 1 2.10487 1
37 66 1 -1.76956 1
37 67 1 -0.933555 1
37 68 1 -3.95542 1
37 69 1 1.93098 1
37 70 1 -3.79019 1
37 71 1 -0.594004 1
37 72 1 1.92291 1
37 73 1 2.6947 1
37 74 1 -0.0862516 1
37 75 1 1.32831 1
37 76 1 2.83184 0
37 77 1 3.0026 1
37 78 1 -1.23902 1
37 79 1 1.21525 1
37 80 1 2.84446 1
37 81 1 -0.427937 1
37 82 1 4.78563 1
37 83 1 1.5501 1
37 84 1 -3.84884 1
37 85 1 1.85008 1
37 86 1 -1.48036 1
37 87 1 1.91406 1
37 88 1 -2.70618 1
37 89 1 -1.49353 1
37 90 1 -0.524504 1
37 91 1 1.69303 1
37 92 1 2.67473 1
37 93 1 0.428117 1
37 94 1 -2.68683 1
37 95 1 -1.09563 1
37 142 1 1.99461 1
142 76 1 -1.38346 1
142 147 1 -1.5819 1
38 64 1 0.286332 1
38 65 1 -1.13393 1
38 66 1 -1.22346 1
38 67 1 -0.876132 1
38 68 1 -1.71996 1
38 69 1 -4.90767 1
38 70 1 -0.209386 1
38 71 1 -0.437632 1
38 72 1 0.249923 1
38 73 1 0.261044 1
38 74 1 -1.66896 1
38 75 1 2.13612 1
38 76 1 1.72079 1
38 77 1 -1.8277 1
38 78 1 -1.74623 1
38 79 1 -0.974234 1
38 80 1 -4.56654 1
38 81 1 -0.832555 1
38 82 1 2.79918 1
38 83 1 -0.974026 1
38 84 1 -2.54961 1
38 85 1 -4.46592 1
38 86 1 -0.249217 1
38 87 1 -0.206776 1
38 88 1 1.16906 1
38 89 1 3.28235 1
38 90 1 0.513156 1
38 91 1 1.61827 1
38 92 1 2.07037 0
38 93 1 -1.92051 1
38 94 1 -0.0204701 1
38 95 1 -2.16321 1
38 148 1 1.29531 1
148 92 1 2.94834 1
39 64 1 0.849994 1
39 65 1 -1.88333 1
39 66 1 2.81419 1
39 67 1 -0.409577 1
39 68 1 0.97228 1
39 69 1 0.280557 1
39 70 1 1.69478 1
39 71 1 -1.36201 1
39 72 1 -2.10805 1
39 73 1 -4.06151 1
39 74 1 1.26337 1
39 75 1 2.71814 0
39 76 1 3.16659 1
39 77 1 -0.233785 1
39 78 1 -2.60062 1
39 79 1 -2.95551 1
39 80 1 1.81149 1
39 81 1 -3.64141 1
39 82 1 0.500601 1
39 83 1 0.159179 1
39 84 1 -1.94369 1
39 85 1 -0.582081 1
39 86 1 2.07239 1
39 87 1 1.51142 1
39 88 1 -1.96911 1
39 89 1 0.351613 1
39 90 1 3.74878 1
39 91 1 -1.18478 1
39 92 1 4.3364 1
39 93 1 0.564517 1
39 94 1 -4.42491 1
39 95 1 -1.0313 1
39 2 1 -3.76034 1
39 112 1 3.62062 1
39 13 1 -0.193209 1
39 104 1 -0.362797 1
112 75 1 -2.17387 1
112 138 1 -1.70236 1
40 64 1 -5.72506 1
40 65 1 -1.02892 1
40 66 1 2.01185 1
40 67 1 0.74928 1
40 68 1 1.97871 1
40 69 1 1.80592 1
40 70 1 -1.51646 1
40 71 1 0.748857 1
40 72 1 4.09697 1
40 73 1 1.52774 1
40 74 1 -1.65229 1
40 75 1 0.85385 1
40 76 1 -1.24276 1
40 77 1 3.31729 1
40 78 1 2.02299 1
40 79 1 -1.30321 1
40 80 1 -1.25368 1
40 81 1 0.154341 1
40 82 1 1.0598 1
40 83 1 -3.55645 1
40 84 1 0.371362 1
40 85 1 2.76962 1
40 86 1 2.13668 1
40 87 1 2.00951 1
40 88 1 0.808689 1
40 89 1 -0.262247 1
40 90 1 -1.62518 1
40 91 1 -1.29899 1
40 92 1 -2.47114 1
40 93 1 1.76319 1
40 94 1 0.722594 1
40 95 1 2.04958 1
40 2 1 -0.841647 1
40 134 1 1.01911 1
41 64 1 5.23479 1
41 65 1 -1.14773 1
41 66 1 0.655768 1
41 67 1 0.7849 1
41 68 1 2.43103 1
41 69 1 -0.41222 1
41 70 1 1.76763 1
41 71 1 0.300204 1
41 72 1 3.82428 1
41 73 1 -5.3776 1
41 74 1 -0.143798 1
41 75 1 2.39675 1
41 76 1 -2.90134 1
41 77 1 -1.54454 1
41 78 1 -3.19513 1
41 79 1 1.45609 1
41 80 1 1.34946 1
41 81 1 3.4018 1
41 82 1 -1.91524 1
41 83 1 1.68145 1
41 84 1 -3.50786 1
41 85 1 -0.641352 1
41 86 1 0.158508 1
41 87 1 1.07166 1
41 88 1 2.4856 1
41 89 1 -3.08071 1
41 90 1 -2.98001 1
41 91 1 0.150223 1
41 92 1 0.81453 1
41 93 1 -0.929553 1
41 94 1 -1.1363 1
41 95 1 0.117517 1
41 11 1 2.9932 1
41 29 1 -0.984152 1
41 97 1 -1.26319 1
42 64 1 1.40231 1
42 65 1 0.501071 1
42 66 1 -0.0293719 1
42 67 1 -0.195314 1
42 68 1 -1.16137 1
42 69 1 -0.77173 1
42 70 1 -1.56634 1
42 71 1 -2.18768 1
42 72 1 -0.694425 1
42 73 1 -2.51393 1
42 74 1 1.7918 1
42 75 1 -0.470898 1
42 76 1 -2.20256 1
42 77 1 -0.528759 1
42 78 1 -1.51867 1
42 79 1 0.718335 1
42 80 1 -0.525298 1
42 81 1 1.94975 1
42 82 1 1.86865 1
42 83 1 3.48208 1
42 84 1 1.96412 1
42 85 1 0.38045 1
42 86 1 0.508914 1
42 87 1 -3.28501 1
42 88 1 -1.065 1
42 89 1 -0.878641 1
42 90 1 1.68562 1
42 91 1 3.11864 1
42 92 1 -1.78581 1
42 93 1 2.56143 1
42 94 1 -1.22274 1
42 95 1 1.77178 1
43 64 1 3.1661 1
43 65 1 -3.56553 1
43 66 1 2.23782 1
43 67 1 1.84823 1
43 68 1 0.515992 1
43 69 1 -1.49406 1
43 70 1 0.503628 1
43 71 1 -3.21156 1
43 72 1 -0.583531 1
43 73 1 -8.11961 1
43 74 1 2.49273 1
43 75 1 -2.1706 1
43 76 1 0.167589 1
43 77 1 0.627768 1
43 78 1 0.182307 1
43 79 1 -2.96167 1
43 80 1 -0.393841 1
43 81 1 1.52794 1
43 82 1 1.85832 1
43 83 1 -1.74582 1
43 84 1 0.499741 1
43 85 1 3.66783 1
43 86 1 1.22127 1
43 87 1 4.06528 1
43 88 1 0.335123 1
43 89 1 3.78458 1
43 90 1 0.281351 1
43 91 1 -4.65521 1
43 92 1 3.83144 1
43 93 1 2.09212 1
43 94 1 -4.62576 1
43 95 1 1.92834 1
44 64 1 0.81859 1
44 65 1 -3.00252 1
44 66 1 0.686242 1
44 67 1 -2.39331 1
44 68 1 -0.669986 1
44 69 1 -1.39781 1
44 70 1 2.69184 1
44 71 1 1.4723 1
44 72 1 -2.62084 1
44 73 1 0.667438 1
44 74 1 -2.11892 1
44 75 1 -2.82558 1
44 76 1 -0.245857 1
44 77 1 1.86385 1
44 78 1 2.06261 1
44 79 1 1.25634 1
44 80 1 4.94584 1
44 81 1 -2.34429 1
44 82 1 0.895537 1
44 83 1 -1.78376 1
44 84 1 -0.123762 1
44 85 1 -0.0237681 1
44 86 1 0.603104 1
44 87 1 1.37957 1
44 88 1 0.554818 1
44 89 1 0.823471 1
44 90 1 -0.0420358 1
44 91 1 -0.890688 1
44 92 1 0.0218229 1
44 93 1 3.39448 1
44 94 1 -1.78168 1
44 95 1 -1.39676 1
44 8 1 0.345806 1
44 29 1 2.26795 1
45 64 1 -1.05834 1
45 65 1 3.27596 1
45 66 1 -0.294914 1
45 67 1 1.36369 1
45 68 1 -1.72975 1
45 69 1 -6.75705 1
45 70 1 -4.22807 1
45 71 1 0.900252 1
45 72 1 -4.63264 1
45 73 1 3.59153 1
45 74 1 2.71223 1
45 75 1 4.18139 1
45 76 1 -0.804085 1
45 77 1 0.832052 1
45 78 1 -2.778 1
45 79 1 2.10771 1
45 80 1 -2.6488 1
45 81 1 0.940258 1
45 82 1 -1.12425 1
45 83 1 -2.74761 1
45 84 1 3.20075 1
45 85 1 -3.99151 1
45 86 1 1.42682 1
45 87 1 0.289216 1
45 88 1 -1.04984 1
45 89 1 -3.70118 1
45 90 1 0.759843 1
45 91 1 4.12188 1
45 92 1 -3.28239 1
45 93 1 -6.45725 1
45 94 1 2.62706 1
45 95 1 -3.15165 1
45 9 1 3.48849 1
45 20 1 0.0315386 1
46 64 1 -0.648555 1
46 65 1 -1.22803 1
46 66 1 2.73217 1
46 67 1 2.57278 1
46 68 1 -5.17343 1
46 69 1 -0.903293 1
46 70 1 1.12197 1
46 71 1 -1.36515 1
46 72 1 1.90071 1
46 73 1 -2.7528 1
46 74 1 -1.30338 1
46 75 1 2.97566 1
46 76 1 -4.72071 1
46 77 1 1.46957 1
46 78 1 -1.53687 1
46 79 1 -0.470732 1
46 80 1 3.63063 1
46 81 1 0.595092 1
46 82 1 0.101299 1
46 83 1 0.993793 1
46 84 1 -0.292944 1
46 85 1 2.27697 1
46 86 1 -0.422429 1
46 87 1 2.89384 1
46 88 1 -1.51684 1
46 89 1 -3.90257 1
46 90 1 -2.67858 1
46 91 1 1.64148 1
46 92 1 1.23637 1
46 93 1 -1.57268 1
46 94 1 -0.659357 1
46 95 1 -0.38799 1
46 24 1 1.56006 1
47 64 1 -0.387713 1
47 65 1 -0.0142541 1
47 66 1 -3.0019 1
47 67 1 5.3238 1
47 68 1 -1.4186 1
47 69 1 2.75173 1
47 70 1 -1.81403 1
47 71 1 0.78651 1
47 72 1 0.77642 1
47 73 1 5.58576 0
47 74 1 -0.927334 1
47 75 1 -1.96164 1
47 76 1 -2.39976 1
47 77 1 -7.35308 1
47 78 1 -1.74555 1
47 79 1 2.116 1
47 80 1 4.15339 1
47 81 1 -5.86474 1
47 82 1 1.19928 1
47 83 1 0.0120708 1
47 84 1 -3.0705 1
47 85 1 0.100738 1
47 86 1 -3.64016 1
47 87 1 4.90275 1
47 88 1 1.67558 1
47 89 1 0.789949 1
47 90 1 6.19897 1
47 91 1 0.428561 1
47 92 1 -1.57153 1
47 93 1 0.851993 1
47 94 1 0.723296 1
47 95 1 -1.1462 1
47 4 1 -0.070295 1
47 137 1 1.50526 1
137 73 1 3.89892 1
48 64 1 -0.473027 1
48 65 1 -0.312439 1
48 66 1 0.659924 1
48 67 1 -1.70388 1
48 68 1 -4.93541 1
48 69 1 -3.90809 1
48 70 1 0.0323665 1
48 71 1 0.426057 1
48 72 1 -2.96856 1
48 73 1 2.46703 1
48 74 1 5.38925 1
48 75 1 -5.23597 1
48 76 1 1.53807 1
48 77 1 -3.44523 1
48 78 1 -0.669527 1
48 79 1 2.71794 1
48 80 1 -0.466479 1
48 81 1 -2.4204 1
48 82 1 1.13523 1
48 83 1 0.288952 1
48 84 1 0.270216 1
48 85 1 0.85979 1
48 86 1 -2.05545 1
48 87 1 -0.878762 1
48 88 1 -1.93217 1
48 89 1 -0.388256 1
48 90 1 2.51662 1
48 91 1 1.11626 1
48 92 1 -4.99686 1
48 93 1 0.41372 1
48 94 1 3.03782 1
48 95 1 3.23889 1
48 16 1 1.09931 1
48 12 1 -0.340237 1
48 14 1 -3.80946 1
49 64 1 0.722809 1
49 65 1 -1.43872 1
49 66 1 0.00838005 1
49 67 1 -1.30644 1
49 68 1 -1.40242 1
49 69 1 0.398506 1
49 70 1 0.880377 1
49 71 1 -4.8356 1
49 72 1 -0.774061 1
49 73 1 0.0629008 1
49 74 1 2.64705 1
49 75 1 2.39463 1
49 76 1 -6.19292 1
49 77 1 -3.02456 1
49 78 1 -1.33107 1
49 79 1 1.36387 1
49 80 1 4.88998 1
49 81 1 -3.81671 1
49 82 1 1.55004 1
49 83 1 -2.06858 1
49 84 1 2.23912 1
49 85 1 -2.65511 1
49 86 1 0.310337 1
49 87 1 -0.421449 1
49 88 1 -1.37248 1
49 89 1 0.783161 1
49 90 1 -1.11944 1
49 91 1 1.00532 1
49 92 1 2.49686 1
49 93 1 -0.812096 1
49 94 1 1.60461 1
49 95 1 3.82517 1
49 19 1 -2.39209 1
49 31 1 -1.00333 1
49 15 1 -0.612269 1
50 64 1 -4.92551 1
50 65 1 -2.29428 1
50 66 1 1.91463 1
50 67 1 -1.08537 1
50 68 1 2.32712 1
50 69 1 -0.338151 1
50 70 1 0.237347 1
50 71 1 6.33326 1
50 72 1 -1.91415 1
50 73 1 5.19227 1
50 74 1 -1.72097 1
50 75 1 1.01592 1
50 76 1 -1.0637 1
50 77 1 1.09656 1
50 78 1 3.07676 1
50 79 1 -2.40304 1
50 80 1 0.772833 1
50 81 1 0.706201 1
50 82 1 0.359614 1
50 83 1 2.71947 1
50 84 1 -1.60942 1
50 85 1 0.426117 1
50 86 1 1.7573 1
50 87 1 -2.51684 1
50 88 1 -3.70737 1
50 89 1 0.146926 1
50 90 1 0.508424 1
50 91 1 -0.254189 1
50 92 1 0.210751 1
50 93 1 -0.0737606 1
50 94 1 -3.02868 1
50 95 1 1.81578 1
50 4 1 5.76705 1
50 22 1 -1.35413 1
51 64 1 -1.42801 1
51 65 1 2.98142 1
51 66 1 3.21849 1
51 67 1 -1.46071 1
51 68 1 -0.114061 1
51 69 1 -1.74314 1
51 70 1 3.12618 1
51 71 1 3.3266 1
51 72 1 -3.59191 1
51 73 1 -2.62099 0
51 74 1 -1.9769 1
51 75 1 5.33992 1
51 76 1 -2.34845 1
51 77 1 2.08516 1
51 78 1 3.67354 1
51 79 1 1.00712 1
51 80 1 0.291112 1
51 81 1 -3.10485 1
51 82 1 0.936398 1
51 83 1 3.7282 1
51 84 1 -2.42438 1
51 85 1 -2.13339 1
51 86 1 -0.494737 1
51 87 1 1.15266 1
51 88 1 1.63297 1
51 89 1 1.00126 1
51 90 1 2.48279 1
51 91 1 1.13807 1
51 92 1 2.75281 1
51 93 1 4.10267 1
51 94 1 -5.05361 1
51 95 1 -2.62443 1
51 116 1 0.230765 1
51 12 1 -0.468101 1
116 73 1 -0.94248 0
116 134 1 0.592433 1
134 73 1 1.49575 1
52 64 1 -3.25031 1
52 65 1 3.73292 1
52 66 1 1.00567 1
52 67 1 0.549991 1
52 68 1 1.06356 1
52 69 1 4.84665 1
52 70 1 3.0806 1
52 71 1 -0.620831 1
52 72 1 -0.765168 1
52 73 1 3.41777 1
52 74 1 2.69513 1
52 75 1 0.067241 1
52 76 1 -3.4715 1
52 77 1 0.0306945 1
52 78 1 1.9188 1
52 79 1 1.20275 1
52 80 1 -0.393215 1
52 81 1 0.967445 1
52 82 1 -2.01527 1
52 83 1 -3.05284 1
52 84 1 1.19374 1
52 85 1 -1.6772 1
52 86 1 -3.58049 1
52 87 1 0.275529 1
52 88 1 2.54135 1
52 89 1 -1.88697 1
52 90 1 -0.746259 1
52 91 1 -0.895637 1
52 92 1 1.28625 1
52 93 1 -3.04206 0
52 94 1 2.31642 1
52 95 1 0.0801501 1
52 115 1 -0.625321 1
52 139 1 0.769107 1
139 93 1 -1.8808 1
53 64 1 -2.75044 1
53 65 1 0.0301848 1
53 66 1 -0.45387 1
53 67 1 -0.086896 1
53 68 1 2.7735 1
53 69 1 0.712723 1
53 70 1 -1.12209 0
53 71 1 -0.174962 1
53 72 1 -1.11271 1
53 73 1 0.914799 1
53 74 1 -1.48098 1
53 75 1 -2.79992 1
53 76 1 -0.086102 1
53 77 1 1.48556 1
53 78 1 -0.834725 1
53 79 1 -0.462352 1
53 80 1 1.49959 1
53 81 1 1.48892 1
53 82 1 1.9895 1
53 83 1 0.432797 1
53 84 1 1.25598 1
53 85 1 0.801892 1
53 86 1 1.58939 1
53 87 1 0.541793 1
53 88 1 -0.576571 1
53 89 1 -0.333168 1
53 90 1 -2.51969 1
53 91 1 -0.0541007 1
53 92 1 3.04136 1
53 93 1 0.340573 1
53 94 1 0.634364 1
53 95 1 -2.15051 1
53 20 1 4.23978 1
53 23 1 1.19025 1
53 149 1 0.916062 1
149 70 1 -1.39292 1
54 64 1 2.15478 1
54 65 1 -1.51093 1
54 66 1 -2.14462 1
54 67 1 0.434152 1
54 68 1 3.05198 1
54 69 1 -2.72959 1
54 70 1 0.483165 1
54 71 1 3.78238 1
54 72 1 0.824185 1
54 73 1 0.833288 1
54 74 1 -0.245453 1
54 75 1 -1.99988 1
54 76 1 -1.05586 1
54 77 1 2.87768 1
54 78 1 0.0878252 1
54 79 1 0.841451 1
54 80 1 0.176422 1
54 81 1 3.81373 1
54 82 1 -2.00418 1
54 83 1 6.38247 1
54 84 1 1.99946 1
54 85 1 -0.707135 1
54 86 1 -4.48643 1
54 87 1 -0.757582 1
54 88 1 1.3854 1
54 89 1 3.69513 1
54 90 1 -3.5082 1
54 91 1 3.16591 1
54 92 1 -0.470752 1
54 93 1 1.50739 1
54 94 1 -3.40998 1
54 95 1 -3.33485 1
54 30 1 -1.36734 1
54 144 1 0.400891 1
55 64 1 0.582997 1
55 65 1 -2.74988 1
55 66 1 -2.25204 1
55 67 1 -1.35967 1
55 68 1 -2.238 1
55 69 1 2.18763 1
55 70 1 1.93696 1
55 71 1 -4.93832 1
55 72 1 2.5554 1
55 73 1 1.14695 1
55 74 1 1.80975 1
55 75 1 -3.41939 1
55 76 1 -4.43455 1
55 77 1 2.05784 1
55 78 1 0.0550377 1
55 79 1 1.82647 1
55 80 1 -1.8339 1
55 81 1 1.43001 1
55 82 1 -1.27469 1
55 83 1 -0.786129 1
55 84 1 -0.421035 1
55 85 1 -5.51937 1
55 86 1 1.20405 1
55 87 1 1.83784 1
55 88 1 -2.99723 1
55 89 1 -0.942943 1
55 90 1 0.726606 1
55 91 1 1.1975 1
55 92 1 5.60118 1
55 93 1 -3.78191 1
55 94 1 -3.84963 1
55 95 1 -1.91695 0
55 28 1 4.82019 1
55 114 1 1.14351 1
114 95 1 -1.40231 1
56 64 1 2.22361 1
56 65 1 -4.22446 1
56 66 1 0.606005 1
56 67 1 -1.26927 1
56 68 1 -0.498588 0
56 69 1 -0.78172 1
56 70 1 -0.0667982 1
56 71 1 1.26706 1
56 72 1 -0.578499 1
56 73 1 -1.04496 1
56 74 1 3.8543 1
56 75 1 3.65907 1
56 76 1 -3.79924 1
56 77 1 0.0162674 1
56 78 1 -2.70858 1
56 79 1 -0.52444 1
56 80 1 -1.40636 1
56 81 1 3.19829 1
56 82 1 2.43938 1
56 83 1 -2.50864 1
56 84 1 -1.59998 1
56 85 1 -1.89535 1
56 86 1 1.98406 1
56 87 1 -2.26143 1
56 88 1 0.253102 1
56 89 1 -1.98475 1
56 90 1 -1.91472 1
56 91 1 -2.03168 1
56 92 1 1.95657 1
56 93 1 4.51452 1
56 94 1 -1.99454 1
56 95 1 0.804631 1
56 3 1 -2.33345 1
56 126 1 3.53433 1
126 68 1 0.379194 1
126 11 1 -1.88782 1
57 64 1 -4.02664 1
57 65 1 3.77955 1
57 66 1 -1.84401 1
57 67 1 -2.01286 1
57 68 1 3.12074 1
57 69 1 -0.327134 0
57 70 1 1.00791 1
57 71 1 3.41905 1
57 72 1 1.19545 1
57 73 1 -0.996484 1
57 74 1 2.70967 1
57 75 1 3.90208 1
57 76 1 2.47853 1
57 77 1 -4.38005 1
57 78 1 -1.587 1
57 79 1 -2.63791 1
57 80 1 1.30784 1
57 81 1 3.91536 1
57 82 1 4.72038 1
57 83 1 -2.85011 1
57 84 1 -0.00919984 1
57 85 1 -2.42004 1
57 86 1 -0.928 1
57 87 1 1.47328 1
57 88 1 -1.00125 1
57 89 1 -0.505185 1
57 90 1 0.506378 1
57 91 1 -1.73398 1
57 92 1 -1.50402 1
57 93 1 -0.00215217 1
57 94 1 -0.891266 1
57 95 1 3.4273 1
57 104 1 3.29019 1
57 22 1 0.318175 1
104 69 1 1.81986 1
104 1 1 -0.812303 1
104 107 1 0.00533787 1
58 64 1 3.41259 1
58 65 1 -0.81577 1
58 66 1 -1.6186 1
58 67 1 -1.22106 1
58 68 1 -1.86345 1
58 69 1 -0.346817 1
58 70 1 -1.89717 1
58 71 1 0.438437 1
58 72 1 -0.387301 1
58 73 1 -1.83692 1
58 74 1 2.71709 1
58 75 1 3.33577 1
58 76 1 3.51714 1
58 77 1 1.85122 1
58 78 1 -1.47077 1
58 79 1 0.0173692 0
58 80 1 -4.17178 1
58 81 1 3.59227 1
58 82 1 0.193152 1
58 83 1 0.520714 1
58 84 1 -1.22512 1
58 85 1 1.58698 1
58 86 1 1.98937 1
58 87 1 -1.27531 1
58 88 1 -2.33957 1
58 89 1 -0.777837 1
58 90 1 -1.84182 1
58 91 1 -2.12399 1
58 92 1 0.324213 1
58 93 1 2.10902 1
58 94 1 -1.99505 1
58 95 1 2.45265 1
58 128 1 1.07331 1
128 79 1 0.776381 0
128 131 1 -0.859786 1
131 79 1 0.93406 1
59 64 1 -2.07723 1
59 65 1 1.61753 1
59 66 1 1.88846 1
59 67 1 -2.54803 1
59 68 1 1.03416 1
59 69 1 -1.77833 1
59 70 1 -2.30383 1
59 71 1 1.69963 1
59 72 1 0.401836 1
59 73 1 -0.333901 1
59 74 1 -0.347696 1
59 75 1 -1.65448 1
59 76 1 1.99865 1
59 77 1 0.97907 0
59 78 1 1.63107 1
59 79 1 -1.73245 1
59 80 1 -0.198749 1
59 81 1 1.40428 1
59 82 1 -5.15449 1
59 83 1 3.32518 1
59 84 1 0.00614386 1
59 85 1 -2.28777 1
59 86 1 -3.0385 1
59 87 1 1.57126 1
59 88 1 5.26366 1
59 89 1 -0.319575 1
59 90 1 1.00902 1
59 91 1 -1.69273 1
59 92 1 2.66784 1
59 93 1 2.43351 1
59 94 1 -5.92124 1
59 95 1 1.67176 1
59 97 1 1.54522 1
59 5 1 -2.61927 1
59 11 1 -1.16369 1
59 13 1 1.32722 1
97 77 1 -5.90844 1
97 22 1 -2.20025 1
97 2 1 -5.52026 0
97 99 1 2.90502 1
97 7 1 3.70869 0
97 102 1 1.92318 1
97 17 1 1.98609 1
102 7 1 4.73839 1
99 2 1 2.1425 0
99 108 1 4.248 1
99 15 1 0.146627 1
108 2 1 -1.30036 0
108 125 1 4.20396 1
125 2 1 0.596077 1
60 64 1 2.90232 1
60 65 1 0.51857 1
60 66 1 0.425599 1
60 67 1 -0.459416 1
60 68 1 0.951648 1
60 69 1 1.42572 1
60 70 1 -2.87861 1
60 71 1 0.359335 1
60 72 1 1.0671 0
60 73 1 1.20055 1
60 74 1 1.15247 1
60 75 1 -0.92215 1
60 76 1 -0.0436449 1
60 77 1 3.30687 1
60 78 1 -2.18577 1
60 79 1 0.224559 1
60 80 1 -5.3164 1
60 81 1 -1.50538 1
60 82 1 -1.15992 1
60 83 1 -0.374129 1
60 84 1 -3.36503 1
60 85 1 4.58294 1
60 86 1 2.2907 1
60 87 1 0.217688 1
60 88 1 -4.59316 1
60 89 1 0.204654 1
60 90 1 -2.71551 1
60 91 1 0.0891112 1
60 92 1 -0.459982 1
60 93 1 2.92344 1
60 94 1 -1.25544 1
60 95 1 1.04532 1
60 24 1 -3.40911 1
60 0 1 2.75555 1
60 115 1 2.37167 1
60 3 1 -0.263176 1
115 72 1 -1.27264 1
115 18 1 0.938589 1
61 64 1 -0.537534 1
61 65 1 -0.843727 1
61 66 1 1.87213 1
61 67 1 0.522178 1
61 68 1 -3.51266 1
61 69 1 3.77267 1
61 70 1 -0.092144 1
61 71 1 -0.802344 1
61 72 1 -1.58107 1
61 73 1 0.905538 1
61 74 1 2.83963 1
61 75 1 3.03782 1
61 76 1 0.182271 1
61 77 1 0.787765 0
61 78 1 -0.331515 1
61 79 1 -0.485097 1
61 80 1 -0.0106344 1
61 81 1 -0.88342 1
61 82 1 0.00545906 1
61 83 1 0.457991 1
61 84 1 -2.52658 1
61 85 1 -1.15685 1
61 86 1 0.234669 1
61 87 1 1.64603 1
61 88 1 0.242525 1
61 89 1 1.25013 1
61 90 1 -0.874164 1
61 91 1 1.30359 1
61 92 1 -1.36881 1
61 93 1 -1.72777 1
61 94 1 0.940329 1
61 95 1 -1.46697 1
61 107 1 0.66849 1
61 113 1 -1.9034 1
61 14 1 -2.29596 1
107 77 1 -5.37293 0
107 113 1 0.0141085 1
107 14 1 -0.656436 1
113 77 1 -1.98143 1
113 23 1 -1.52403 1
113 147 1 0.255416 1
62 64 1 0.5269 1
62 65 1 -2.63049 1
62 66 1 2.8866 1
62 67 1 -1.43299 1
62 68 1 1.8787 1
62 69 1 -1.19822 1
62 70 1 2.41574 1
62 71 1 -1.32933 1
62 72 1 1.23389 1
62 73 1 2.44999 1
62 74 1 4.51395 1
62 75 1 -0.144083 1
62 76 1 4.27884 1
62 77 1 -4.08978 1
62 78 1 -1.51986 1
62 79 1 -1.27517 1
62 80 1 -1.44135 1
62 81 1 -0.162619 1
62 82 1 -2.3127 1
62 83 1 1.5603 1
62 84 1 -1.4917 0
62 85 1 0.321685 1
62 86 1 4.21822 1
62 87 1 -2.23553 1
62 88 1 0.927551 1
62 89 1 -1.2522 1
62 90 1 -6.03752 1
62 91 1 1.35334 1
62 92 1 -0.736789 1
62 93 1 -0.775335 1
62 94 1 1.98556 1
62 95 1 -1.04329 1
62 5 1 1.45743 1
62 138 1 1.85239 1
138 84 1 0.329786 1
63 64 1 2.93823 1
63 65 1 -1.35656 1
63 66 1 2.88057 1
63 67 1 -0.111353 1
63 68 1 -0.602885 1
63 69 1 -4.60156 1
63 70 1 -1.36886 1
63 71 1 1.97238 1
63 72 1 -0.817534 1
63 73 1 0.484099 1
63 74 1 -6.2821 1
63 75 1 1.40826 1
63 76 1 -2.51503 0
63 77 1 1.49745 1
63 78 1 0.183025 1
63 79 1 0.520786 1
63 80 1 0.57295 1
63 81 1 -0.639397 1
63 82 1 1.59265 1
63 83 1 -3.13691 1
63 84 1 -1.9957 1
63 85 1 -3.7407 1
63 86 1 4.9799 1
63 87 1 -2.09418 0
63 88 1 -0.211124 1
63 89 1 -2.21948 1
63 90 1 3.17009 1
63 91 1 -0.445375 1
63 92 1 -0.569334 1
63 93 1 2.55385 1
63 94 1 -3.46129 1
63 95 1 0.353221 1
63 141 1 1.37512 1
63 144 1 0.753687 1
144 76 1 -1.39676 0
144 147 1 1.49504 1
147 76 1 -2.62456 1
141 87 1 -6.76491 1
141 10 1 -1.08773 1
