152 64 32
2.31228 -0.227871 -7.22961 4.72181 -4.00573 2.32231 0.906165 0.908626 0.144 2.9412 2.68875 2.99106 -4.02728 -3.78058 -0.55909 -1.9785 0.386672 1.26199 -1.33009 -1.19594 -1.71363 0.487404 -2.01991 0.695967 -4.27879 -0.194792 3.39362 2.08858 -2.27967 -2.79575 -3.81813 1.59665 0.207739 0.62573 1.58207 2.32181 -3.25852 -0.370143 0.898175 -2.05495 -1.24191 1.2913 -1.15301 -4.70893 -3.17328 -0.881698 -2.94 2.65177 -0.155041 3.0894 1.02869 -3.44856 -4.32618 -0.117273 -1.47076 4.30782 -2.17195 0.138705 0.893436 -1.5518 2.09429 -1.49621 -0.654651 -3.21842 -5.00968 0.109771 3.50804 1.98197 -3.98105 1.58023 -2.96571 -2.05244 -2.79453 -3.35834 2.65483 3.40352 -1.35776 -0.0804117 0.825073 -4.12135 -0.432098 -0.3976 -2.47789 0.113064 2.25589 0.180694 -2.62626 0.469619 4.2295 -0.212107 -1.96144 2.98566 -1.8932 0.355314 0.863016 -1.21346 -1.9189 0.3212 -1.56213 -0.695806 2.22057 -3.43476 -5.54442 -3.01319 -3.21938 0.708131 -1.76364 -2.75864 -2.03211 1.66512 -1.13721 1.33408 2.04285 -3.56825 -0.287213 -0.924473 -2.89992 -0.506828 -1.20695 -1.05423 0.894149 -0.111292 0.659441 1.52949 1.092 3.51102 0.625368 0.806919 1.33853 1.05728 0.135718 -1.15862 -1.19702 -0.977209 -1.34061 -1.13333 -0.894346 -1.11985 -2.26225 -0.901372 0.218769 0.02321 -1.50457 0.676551 0.633953 0.639786 -0.194775 0.307063 0.726559 -1.65307 0.23354 0.231669 
0 64 1 -5.34953 1
0 65 1 1.87475 1
0 66 1 3.13161 1
0 67 1 0.131136 1
0 68 1 -1.01853 1
0 69 1 1.3483 1
0 70 1 0.474321 1
0 71 1 -0.0265515 1
0 72 1 0.390248 1
0 73 1 -2.35296 1
0 74 1 -2.33994 1
0 75 1 0.849273 1
0 76 1 2.54953 1
0 77 1 1.29327 1
0 78 1 -2.35775 1
0 79 1 2.94055 1
0 80 1 2.67816 1
0 81 1 2.50998 1
0 82 1 3.98063 1
0 83 1 2.40489 1
0 84 1 -2.47044 1
0 85 1 2.51929 1
0 86 1 -3.00861 1
0 87 1 -0.664587 1
0 88 1 -1.2383 1
0 89 1 1.84237 1
0 90 1 4.98379 1
0 91 1 5.25483 1
0 92 1 -3.2948 1
0 93 1 -1.80023 1
0 94 1 1.36566 1
0 95 1 1.36903 1
0 10 1 -2.48171 1
1 64 1 -1.42166 1
1 65 1 -2.41842 1
1 66 1 2.07302 1
1 67 1 -3.39831 1
1 68 1 4.79399 1
1 69 1 -1.47532 1
1 70 1 1.8281 1
1 71 1 -1.01785 1
1 72 1 -1.77592 1
1 73 1 -1.90805 1
1 74 1 -2.77734 1
1 75 1 4.13919 1
1 76 1 -1.06683 1
1 77 1 5.51098 1
1 78 1 -2.01753 1
1 79 1 0.066513 1
1 80 1 -3.57313 1
1 81 1 2.17177 1
1 82 1 -0.543868 1
1 83 1 -4.23496 1
1 84 1 -1.29614 1
1 85 1 -1.72383 1
1 86 1 2.24095 1
1 87 1 -1.36185 1
1 88 1 0.0882697 1
1 89 1 3.4185 1
1 90 1 -1.41993 1
1 91 1 -2.0289 1
1 92 1 -1.64901 1
1 93 1 0.468293 1
1 94 1 -1.16495 1
1 95 1 -5.15709 1
1 27 1 0.142267 1
2 64 1 0.85854 1
2 65 1 1.49041 1
2 66 1 -3.12943 1
2 67 1 -1.02228 1
2 68 1 -1.99466 1
2 69 1 2.04821 1
2 70 1 -1.78915 1
2 71 1 4.27383 1
2 72 1 -1.93803 1
2 73 1 -2.73634 1
2 74 1 -4.03881 1
2 75 1 -0.69988 1
2 76 1 -4.78174 1
2 77 1 -0.771637 1
2 78 1 -1.59538 1
2 79 1 -4.32316 1
2 80 1 -4.61465 1
2 81 1 -3.25514 1
2 82 1 -1.10585 1
2 83 1 -3.4106 1
2 84 1 0.0861271 1
2 85 1 3.5981 1
2 86 1 -0.487638 1
2 87 1 -0.927457 1
2 88 1 -0.325363 1
2 89 1 -3.13469 1
2 90 1 -2.77571 1
2 91 1 -1.21483 1
2 92 1 2.53223 1
2 93 1 -3.023 1
2 94 1 2.91116 1
2 95 1 -0.936424 1
2 100 1 -0.964354 1
2 6 1 3.79199 1
2 110 1 0.212124 1
3 64 1 -2.84701 1
3 65 1 -0.932007 1
3 66 1 -0.273645 1
3 67 1 0.740982 1
3 68 1 4.44107 1
3 69 1 -3.65707 1
3 70 1 0.116011 1
3 71 1 0.221386 1
3 72 1 7.52118 1
3 73 1 -0.64241 1
3 74 1 0.338432 1
3 75 1 1.81554 1
3 76 1 1.8259 1
3 77 1 -0.267152 1
3 78 1 -0.752747 1
3 79 1 0.122247 1
3 80 1 -2.7363 1
3 81 1 -1.84723 1
3 82 1 6.09522 1
3 83 1 1.11427 1
3 84 1 0.681588 1
3 85 1 -3.87561 1
3 86 1 -0.307317 1
3 87 1 2.17262 1
3 88 1 -1.23409 1
3 89 1 1.19089 1
3 90 1 0.695283 1
3 91 1 1.35995 1
3 92 1 -0.11714 1
3 93 1 -2.78107 1
3 94 1 -2.9952 1
3 95 1 1.87425 0
3 110 1 1.38628 1
110 95 1 -2.19585 0
110 111 1 -1.40603 0
110 132 1 2.28364 1
132 111 1 2.12532 1
111 95 1 -2.51654 1
4 64 1 1.36554 1
4 65 1 0.157486 1
4 66 1 -2.13293 1
4 67 1 3.1682 1
4 68 1 -0.939835 1
4 69 1 2.44991 1
4 70 1 0.381005 1
4 71 1 -0.695226 1
4 72 1 1.43896 1
4 73 1 -0.992898 0
4 74 1 0.306365 1
4 75 1 -4.57133 0
4 76 1 1.10573 1
4 77 1 3.63116 1
4 78 1 1.34226 1
4 79 1 3.54882 1
4 80 1 -3.36671 1
4 81 1 0.742613 1
4 82 1 0.550215 1
4 83 1 -2.58397 1
4 84 1 0.244625 1
4 85 1 2.19373 1
4 86 1 2.80168 1
4 87 1 -0.541984 1
4 88 1 -2.68369 1
4 89 1 -0.811662 1
4 90 1 3.6829 1
4 91 1 -5.82529 1
4 92 1 -1.54489 1
4 93 1 0.317882 0
4 94 1 -1.8134 1
4 95 1 1.83611 1
4 101 1 2.45356 1
4 17 1 3.56338 1
4 118 1 1.36899 1
4 145 1 1.67077 1
145 93 1 1.029 1
118 73 1 -2.64873 1
101 75 1 0.862037 1
5 64 1 -2.15842 1
5 65 1 1.13417 1
5 66 1 -2.4239 1
5 67 1 6.28774 1
5 68 1 3.35246 1
5 69 1 3.90153 1
5 70 1 -2.25122 1
5 71 1 -0.28776 1
5 72 1 0.964939 1
5 73 1 -1.99813 1
5 74 1 -1.28164 1
5 75 1 2.38125 1
5 76 1 3.65832 1
5 77 1 1.13037 1
5 78 1 -1.03206 1
5 79 1 0.48556 1
5 80 1 2.37733 1
5 81 1 -1.65004 1
5 82 1 0.782318 1
5 83 1 4.70455 1
5 84 1 1.22325 1
5 85 1 2.45138 1
5 86 1 -3.46948 1
5 87 1 0.640514 1
5 88 1 -1.80325 1
5 89 1 -3.09941 1
5 90 1 -1.78121 1
5 91 1 -0.466364 1
5 92 1 -1.69301 1
5 93 1 1.56944 1
5 94 1 -1.21219 1
5 95 1 0.170934 1
5 28 1 1.85627 1
6 64 1 0.398745 1
6 65 1 -1.84648 1
6 66 1 2.23524 1
6 67 1 2.49645 1
6 68 1 -4.51216 1
6 69 1 -1.68788 1
6 70 1 -1.85741 1
6 71 1 -0.502149 1
6 72 1 1.81259 1
6 73 1 -2.90518 1
6 74 1 -4.26575 1
6 75 1 0.832071 1
6 76 1 2.22441 1
6 77 1 -0.155212 1
6 78 1 -1.66495 1
6 79 1 -1.93469 1
6 80 1 3.01372 1
6 81 1 -0.481605 1
6 82 1 1.09097 1
6 83 1 2.13325 1
6 84 1 2.09582 1
6 85 1 -1.83846 1
6 86 1 -0.271132 1
6 87 1 2.83237 1
6 88 1 -3.40956 1
6 89 1 -1.43647 1
6 90 1 3.96342 1
6 91 1 -1.46135 1
6 92 1 3.46386 1
6 93 1 -3.31367 1
6 94 1 -3.07595 1
6 95 1 2.51978 1
6 26 1 -0.0820998 1
7 64 1 3.9029 1
7 65 1 1.39175 1
7 66 1 -1.47499 1
7 67 1 -5.32759 1
7 68 1 -2.15505 1
7 69 1 -0.692404 1
7 70 1 4.83167 1
7 71 1 0.763434 1
7 72 1 3.48849 1
7 73 1 -0.750481 1
7 74 1 -1.51915 1
7 75 1 -0.835397 1
7 76 1 3.14851 1
7 77 1 -0.0729458 1
7 78 1 2.29879 1
7 79 1 2.22006 1
7 80 1 -0.238473 1
7 81 1 1.6267 1
7 82 1 -3.11828 0
7 83 1 2.17224 0
7 84 1 -2.11732 1
7 85 1 3.7123 1
7 86 1 1.00739 1
7 87 1 3.29635 1
7 88 1 -2.79864 1
7 89 1 -1.7722 1
7 90 1 0.112634 1
7 91 1 -2.73853 1
7 92 1 0.880944 1
7 93 1 -2.0895 1
7 94 1 -0.340718 1
7 95 1 2.96814 1
7 100 1 -0.670413 1
7 127 1 1.18325 1
127 82 1 -3.60067 1
100 83 1 2.21076 1
100 24 1 -1.41893 0
100 106 1 3.82346 1
106 24 1 -6.24931 1
106 6 1 -1.03015 1
8 64 1 2.58454 1
8 65 1 -2.99399 1
8 66 1 -0.42397 1
8 67 1 1.68381 1
8 68 1 -1.39514 1
8 69 1 3.26181 1
8 70 1 1.62853 1
8 71 1 3.37786 1
8 72 1 3.23924 1
8 73 1 -0.559014 1
8 74 1 0.166242 1
8 75 1 -2.50723 1
8 76 1 -0.656351 1
8 77 1 3.5414 1
8 78 1 -0.689113 1
8 79 1 -1.97271 1
8 80 1 0.0859617 1
8 81 1 -0.936784 1
8 82 1 0.647438 1
8 83 1 -3.34165 1
8 84 1 4.15614 1
8 85 1 8.40662 1
8 86 1 5.08202 1
8 87 1 0.669718 1
8 88 1 0.00936386 1
8 89 1 4.03456 1
8 90 1 -1.05001 1
8 91 1 -0.560706 1
8 92 1 2.71976 1
8 93 1 5.16565 1
8 94 1 5.64857 1
8 95 1 0.151056 1
8 17 1 -1.87102 1
9 64 1 -3.6567 1
9 65 1 -3.49082 1
9 66 1 1.58085 1
9 67 1 1.4546 1
9 68 1 -1.17096 1
9 69 1 0.68102 1
9 70 1 -5.42091 1
9 71 1 -0.871756 1
9 72 1 3.21798 1
9 73 1 -1.62535 1
9 74 1 0.597478 1
9 75 1 1.27423 1
9 76 1 2.2151 1
9 77 1 0.0931135 1
9 78 1 2.52271 1
9 79 1 1.69116 1
9 80 1 -1.65379 1
9 81 1 -0.39567 1
9 82 1 -2.56431 1
9 83 1 -0.290709 1
9 84 1 2.97739 1
9 85 1 1.79856 1
9 86 1 -1.92256 1
9 87 1 0.951163 1
9 88 1 0.102256 1
9 89 1 5.35663 1
9 90 1 -0.514387 1
9 91 1 -0.0887024 1
9 92 1 -0.920972 1
9 93 1 -1.06822 1
9 94 1 -2.50304 1
9 95 1 0.931684 1
9 103 1 -0.894627 1
9 130 1 -0.722409 1
10 64 1 0.916154 1
10 65 1 -0.888114 1
10 66 1 6.51986 1
10 67 1 -5.43401 1
10 68 1 3.16967 1
10 69 1 -0.416941 1
10 70 1 -1.15163 1
10 71 1 -1.07506 1
10 72 1 5.36561 1
10 73 1 3.87824 1
10 74 1 1.67211 0
10 75 1 0.520341 1
10 76 1 2.52181 1
10 77 1 1.3497 1
10 78 1 -0.719466 1
10 79 1 -4.00815 1
10 80 1 -2.30355 1
10 81 1 3.18095 1
10 82 1 2.15397 1
10 83 1 2.38032 1
10 84 1 4.04281 1
10 85 1 3.47042 1
10 86 1 -1.43627 1
10 87 1 0.033449 1
10 88 1 3.08821 1
10 89 1 0.186725 1
10 90 1 -0.36967 1
10 91 1 3.87649 1
10 92 1 0.0163532 1
10 93 1 -1.5536 1
10 94 1 3.67771 1
10 95 1 5.62514 1
10 124 1 1.68424 1
124 74 1 0.730964 1
11 64 1 3.39786 1
11 65 1 0.940379 1
11 66 1 2.84159 1
11 67 1 -1.54476 1
11 68 1 5.14611 1
11 69 1 0.597269 1
11 70 1 3.22728 1
11 71 1 1.5053 1
11 72 1 -3.04191 1
11 73 1 0.829326 1
11 74 1 -0.517057 0
11 75 1 -0.809928 1
11 76 1 -1.79018 1
11 77 1 -1.15866 1
11 78 1 -0.54463 1
11 79 1 -0.138057 1
11 80 1 -2.80135 1
11 81 1 0.743197 1
11 82 1 5.65808 1
11 83 1 1.73637 1
11 84 1 1.86965 1
11 85 1 -2.66642 1
11 86 1 -3.92793 1
11 87 1 -1.16401 1
11 88 1 -2.89652 1
11 89 1 -0.234307 1
11 90 1 -1.81348 1
11 91 1 -0.0528432 1
11 92 1 -1.71 1
11 93 1 3.29671 1
11 94 1 -1.88132 1
11 95 1 -4.48468 1
11 120 1 -4.65323 1
11 109 1 0.404166 1
120 74 1 -2.60525 1
120 13 1 -0.256476 0
120 150 1 1.68594 1
150 13 1 0.222037 1
12 64 1 -1.12488 1
12 65 1 0.341459 1
12 66 1 -1.15009 1
12 67 1 -2.98194 1
12 68 1 0.843613 1
12 69 1 1.54125 1
12 70 1 -0.695445 1
12 71 1 2.21993 1
12 72 1 1.75778 1
12 73 1 -4.44836 1
12 74 1 -3.79061 1
12 75 1 -2.95726 1
12 76 1 -0.514731 1
12 77 1 1.03502 1
12 78 1 -0.289313 1
12 79 1 -0.975904 1
12 80 1 -2.5515 1
12 81 1 -1.24072 1
12 82 1 3.3396 1
12 83 1 -0.589747 1
12 84 1 0.760621 1
12 85 1 -1.23622 1
12 86 1 -0.165795 1
12 87 1 0.768518 1
12 88 1 -3.49507 1
12 89 1 3.94543 1
12 90 1 -0.772385 1
12 91 1 -1.74414 1
12 92 1 2.1192 1
12 93 1 -2.63926 1
12 94 1 2.5518 1
12 95 1 -2.70512 1
12 17 1 0.0968104 1
12 18 1 0.356295 1
12 144 1 -0.768268 1
13 64 1 -0.115723 1
13 65 1 -4.2695 1
13 66 1 -0.430122 1
13 67 1 2.21403 1
13 68 1 1.47524 1
13 69 1 -2.74271 1
13 70 1 0.139654 1
13 71 1 0.81909 1
13 72 1 0.575822 1
13 73 1 -3.67415 1
13 74 1 -2.3282 1
13 75 1 -1.06745 1
13 76 1 0.0398851 1
13 77 1 -1.63683 1
13 78 1 2.16913 1
13 79 1 1.77824 1
13 80 1 1.29578 1
13 81 1 0.893234 1
13 82 1 -0.328999 1
13 83 1 2.43003 1
13 84 1 -2.37679 1
13 85 1 6.67726 1
13 86 1 5.47388 1
13 87 1 6.46387 1
13 88 1 2.68615 1
13 89 1 0.339302 1
13 90 1 -3.9161 1
13 91 1 -3.26362 1
13 92 1 -1.03367 1
13 93 1 -3.09115 1
13 94 1 0.818092 1
13 95 1 -3.69431 1
14 64 1 -1.82357 1
14 65 1 5.29307 1
14 66 1 0.726196 1
14 67 1 -0.460082 1
14 68 1 -1.7313 1
14 69 1 2.93168 1
14 70 1 -1.54566 1
14 71 1 0.30375 1
14 72 1 1.65582 1
14 73 1 -0.13916 1
14 74 1 0.44183 1
14 75 1 2.22995 1
14 76 1 -0.94741 1
14 77 1 2.95417 1
14 78 1 -3.03655 1
14 79 1 -1.0454 1
14 80 1 -1.14133 1
14 81 1 1.61139 0
14 82 1 4.82214 1
14 83 1 -0.530441 1
14 84 1 0.227078 1
14 85 1 -2.427 1
14 86 1 2.15407 1
14 87 1 -2.44998 1
14 88 1 -0.527089 1
14 89 1 0.110165 1
14 90 1 0.764378 1
14 91 1 3.66603 1
14 92 1 2.85016 1
14 93 1 1.25342 1
14 94 1 5.8954 1
14 95 1 0.186676 1
14 104 1 -2.20974 1
14 119 1 1.55446 1
119 81 1 4.34742 1
119 99 1 -1.54693 1
15 64 1 -0.681077 1
15 65 1 1.19859 1
15 66 1 -3.79927 1
15 67 1 -1.57634 1
15 68 1 0.118455 1
15 69 1 -1.78018 1
15 70 1 7.04366 1
15 71 1 -1.13488 1
15 72 1 -1.02231 1
15 73 1 -0.0426331 1
15 74 1 1.76425 1
15 75 1 -1.67704 1
15 76 1 -0.507767 1
15 77 1 0.211567 1
15 78 1 -2.48258 1
15 79 1 -0.557888 1
15 80 1 0.880162 1
15 81 1 0.0917748 1
15 82 1 -3.4264 1
15 83 1 -0.724494 1
15 84 1 2.71394 1
15 85 1 -1.11868 1
15 86 1 2.16875 1
15 87 1 -5.08405 1
15 88 1 0.294397 1
15 89 1 1.96214 1
15 90 1 0.119902 1
15 91 1 -4.48211 1
15 92 1 1.45534 1
15 93 1 -2.11671 1
15 94 1 1.35618 1
15 95 1 2.28186 1
15 20 1 0.321604 1
16 64 1 3.99962 1
16 65 1 -0.182068 1
16 66 1 -3.0717 1
16 67 1 -3.48588 1
16 68 1 0.993463 1
16 69 1 -0.621479 1
16 70 1 1.45467 1
16 71 1 3.46636 1
16 72 1 -0.383524 1
16 73 1 -2.70405 1
16 74 1 -0.00987774 1
16 75 1 1.26373 1
16 76 1 -0.305955 1
16 77 1 1.39811 1
16 78 1 -1.62716 1
16 79 1 -0.23716 0
16 80 1 0.113213 1
16 81 1 2.48772 1
16 82 1 -2.15884 1
16 83 1 2.72651 1
16 84 1 -1.54154 1
16 85 1 -1.21826 1
16 86 1 -1.92855 1
16 87 1 -1.50869 1
16 88 1 0.570241 1
16 89 1 1.0192 1
16 90 1 -0.858734 1
16 91 1 2.289 1
16 92 1 4.21752 1
16 93 1 -1.99102 1
16 94 1 -1.47521 1
16 95 1 -2.50867 1
16 26 1 -0.453858 1
16 151 1 1.23283 1
151 79 1 -0.782413 1
17 64 1 -3.0386 1
17 65 1 -0.617149 1
17 66 1 -1.86479 1
17 67 1 4.20256 1
17 68 1 -1.74839 1
17 69 1 0.654257 1
17 70 1 0.334218 1
17 71 1 2.12882 1
17 72 1 -5.82176 0
17 73 1 0.440026 1
17 74 1 3.83465 1
17 75 1 0.995672 1
17 76 1 -0.602005 1
17 77 1 2.97804 1
17 78 1 -0.0665166 1
17 79 1 -2.16202 1
17 80 1 5.20589 1
17 81 1 2.90141 1
17 82 1 -1.04136 1
17 83 1 -1.28734 1
17 84 1 -3.91011 1
17 85 1 1.33823 1
17 86 1 0.778123 1
17 87 1 -1.44795 1
17 88 1 -6.29797 1
17 89 1 2.13676 1
17 90 1 -3.45241 1
17 91 1 5.60541 1
17 92 1 0.225991 1
17 93 1 3.75358 1
17 94 1 2.74608 1
17 95 1 0.946417 1
17 146 1 2.05171 1
146 72 1 -5.1393 1
18 64 1 1.85825 1
18 65 1 -0.929105 1
18 66 1 2.07805 1
18 67 1 1.6085 1
18 68 1 0.0716967 1
18 69 1 0.497018 1
18 70 1 2.08228 1
18 71 1 0.367443 1
18 72 1 2.77577 1
18 73 1 -0.123712 1
18 74 1 2.00135 1
18 75 1 0.0367204 1
18 76 1 4.25141 1
18 77 1 -0.962947 1
18 78 1 2.68639 1
18 79 1 1.16029 1
18 80 1 -4.70458 1
18 81 1 2.38225 1
18 82 1 -3.00054 1
18 83 1 3.18925 1
18 84 1 -1.93485 1
18 85 1 1.39096 1
18 86 1 5.95609 1
18 87 1 -1.30653 1
18 88 1 0.672879 1
18 89 1 -3.16005 1
18 90 1 1.23348 1
18 91 1 1.9421 1
18 92 1 -2.6262 1
18 93 1 -1.00899 1
18 94 1 -1.21889 1
18 95 1 0.679437 1
18 25 1 0.541493 1
18 18 1 0.831356 1
18 139 1 -0.0344514 1
19 64 1 5.0367 1
19 65 1 -1.82379 1
19 66 1 3.7333 1
19 67 1 -0.41342 1
19 68 1 -3.51151 1
19 69 1 1.79865 1
19 70 1 -0.91366 1
19 71 1 -2.28563 1
19 72 1 2.21628 1
19 73 1 1.70993 1
19 74 1 -0.627322 1
19 75 1 0.884659 1
19 76 1 -2.64849 1
19 77 1 -2.07455 1
19 78 1 -3.91037 1
19 79 1 2.87891 1
19 80 1 0.279739 1
19 81 1 -2.92603 1
19 82 1 0.15442 1
19 83 1 -3.98646 1
19 84 1 0.367539 1
19 85 1 1.1503 1
19 86 1 0.913055 1
19 87 1 3.05941 1
19 88 1 0.494681 1
19 89 1 5.0303 1
19 90 1 -1.18673 1
19 91 1 -0.890592 1
19 92 1 0.323095 1
19 93 1 -2.9689 1
19 94 1 -1.46686 1
19 95 1 -6.36342 1
20 64 1 1.13859 1
20 65 1 -0.882675 1
20 66 1 -2.0849 1
20 67 1 0.37062 1
20 68 1 -0.841925 1
20 69 1 -0.231389 1
20 70 1 -3.5073 1
20 71 1 3.40418 1
20 72 1 2.83671 1
20 73 1 1.41876 1
20 74 1 2.9873 1
20 75 1 3.10924 1
20 76 1 0.00529012 1
20 77 1 -0.295282 1
20 78 1 2.67466 1
20 79 1 1.85085 1
20 80 1 1.02543 1
20 81 1 0.712719 1
20 82 1 2.40936 1
20 83 1 2.14253 1
20 84 1 1.64204 1
20 85 1 -4.17585 1
20 86 1 0.0810417 1
20 87 1 0.464494 1
20 88 1 1.48032 1
20 89 1 1.01917 1
20 90 1 3.08157 1
20 91 1 0.375866 0
20 92 1 0.270279 1
20 93 1 0.134199 0
20 94 1 4.01598 0
20 95 1 -1.14105 1
20 96 1 -3.88745 1
20 98 1 -0.711965 1
20 103 1 1.79969 1
20 109 1 0.47779 1
103 91 1 1.06609 0
103 105 1 1.37353 1
103 112 1 -1.49808 0
103 123 1 0.275772 1
103 140 1 -1.0454 1
140 112 1 1.99709 1
123 91 1 0.239169 1
123 113 1 0.454784 0
123 136 1 1.43484 1
123 137 1 -0.953482 1
136 113 1 -1.71784 1
105 91 1 2.40871 0
105 129 1 -0.582138 1
129 91 1 -0.745065 0
129 135 1 2.30387 1
129 116 1 0.797488 1
135 91 1 -0.231026 1
98 93 1 -0.224909 1
98 99 1 4.40282 1
98 15 1 -0.165655 1
96 94 1 2.19616 1
96 20 1 0.180475 1
21 64 1 2.12081 1
21 65 1 5.95686 1
21 66 1 -3.91741 1
21 67 1 -4.44946 1
21 68 1 -1.85172 1
21 69 1 1.42043 1
21 70 1 -0.534222 1
21 71 1 -3.25931 1
21 72 1 -7.92908 1
21 73 1 -1.04301 1
21 74 1 -1.02683 1
21 75 1 1.63403 1
21 76 1 -1.40802 1
21 77 1 -0.817044 1
21 78 1 -2.07029 1
21 79 1 -0.715684 1
21 80 1 2.07229 1
21 81 1 -2.54832 1
21 82 1 -2.04646 1
21 83 1 0.0385917 1
21 84 1 4.29402 1
21 85 1 -0.55627 1
21 86 1 1.46084 1
21 87 1 -1.03051 1
21 88 1 3.33787 1
21 89 1 -0.130267 1
21 90 1 -0.108538 1
21 91 1 0.67076 0
21 92 1 1.82758 1
21 93 1 0.415712 1
21 94 1 -5.65131 1
21 95 1 -0.259589 1
21 143 1 2.95971 1
143 91 1 -0.635052 1
22 64 1 1.97221 1
22 65 1 0.300691 1
22 66 1 -0.288281 1
22 67 1 4.5641 1
22 68 1 -1.42962 1
22 69 1 -2.34546 1
22 70 1 -2.30744 1
22 71 1 1.10906 1
22 72 1 -3.7762 1
22 73 1 -1.05204 1
22 74 1 -4.05222 1
22 75 1 -1.72229 1
22 76 1 1.7691 1
22 77 1 -0.152787 1
22 78 1 3.64854 1
22 79 1 6.09767 1
22 80 1 0.251806 1
22 81 1 -0.985487 1
22 82 1 -0.0985674 1
22 83 1 -1.60362 1
22 84 1 -2.41834 1
22 85 1 0.132167 1
22 86 1 0.76219 1
22 87 1 5.6935 1
22 88 1 -3.4426 1
22 89 1 -0.5794 1
22 90 1 2.1096 1
22 91 1 1.22502 1
22 92 1 1.00963 1
22 93 1 2.03436 1
22 94 1 4.70557 1
22 95 1 2.83407 1
23 64 1 -2.24668 1
23 65 1 2.16895 1
23 66 1 0.00796111 1
23 67 1 2.3444 1
23 68 1 -1.8336 1
23 69 1 1.3915 1
23 70 1 4.92573 1
23 71 1 -3.37378 1
23 72 1 0.222411 1
23 73 1 -0.610115 1
23 74 1 2.18722 1
23 75 1 0.469124 1
23 76 1 3.39832 1
23 77 1 2.69274 1
23 78 1 -0.295616 1
23 79 1 -4.54706 1
23 80 1 0.88099 1
23 81 1 0.42045 1
23 82 1 -2.88428 1
23 83 1 1.83101 1
23 84 1 4.70831 1
23 85 1 -1.92906 1
23 86 1 -8.55921 1
23 87 1 0.276252 1
23 88 1 1.95216 1
23 89 1 -0.687065 1
23 90 1 -1.82992 1
23 91 1 -1.24912 1
23 92 1 0.229784 1
23 93 1 2.26573 1
23 94 1 -2.91738 1
23 95 1 -0.171528 1
23 107 1 0.876066 1
23 27 1 -0.660418 1
24 64 1 -1.02519 1
24 65 1 3.12807 1
24 66 1 -1.11017 1
24 67 1 4.97134 1
24 68 1 -5.36818 1
24 69 1 3.80598 1
24 70 1 -0.131705 1
24 71 1 3.48226 1
24 72 1 1.59395 1
24 73 1 1.68786 1
24 74 1 0.390431 1
24 75 1 0.637703 1
24 76 1 -1.17988 1
24 77 1 -0.452275 1
24 78 1 -4.06088 1
24 79 1 -1.47403 1
24 80 1 3.93178 1
24 81 1 2.00813 1
24 82 1 1.03387 1
24 83 1 -3.75195 1
24 84 1 -4.35778 1
24 85 1 -1.45384 1
24 86 1 -4.30022 1
24 87 1 2.16827 1
24 88 1 -2.51747 1
24 89 1 6.64272 1
24 90 1 3.55784 1
24 91 1 -3.29979 1
24 92 1 0.201861 1
24 93 1 0.468704 1
24 94 1 0.339733 1
24 95 1 -1.15966 1
24 5 1 0.833645 1
25 64 1 0.238952 1
25 65 1 1.3948 1
25 66 1 -0.540312 1
25 67 1 -1.52595 1
25 68 1 2.48693 1
25 69 1 -4.42071 1
25 70 1 0.55814 0
25 71 1 -3.41897 1
25 72 1 2.09351 1
25 73 1 0.672579 1
25 74 1 2.3139 1
25 75 1 -1.7532 1
25 76 1 -0.341707 1
25 77 1 -0.0762605 1
25 78 1 2.29454 1
25 79 1 0.00717748 1
25 80 1 -0.434731 1
25 81 1 -3.17993 1
25 82 1 -0.923048 1
25 83 1 4.09817 1
25 84 1 -1.38685 1
25 85 1 -1.34857 1
25 86 1 1.05825 1
25 87 1 1.72919 1
25 88 1 0.331622 1
25 89 1 1.62301 1
25 90 1 -2.39662 1
25 91 1 1.76687 1
25 92 1 1.79005 1
25 93 1 -0.559525 1
25 94 1 -0.786475 1
25 95 1 -2.57504 1
25 8 1 0.0284575 1
25 6 1 -1.32728 1
25 121 1 -1.58892 1
121 70 1 5.91472 1
26 64 1 -2.53715 1
26 65 1 2.74728 1
26 66 1 0.669056 1
26 67 1 1.87345 1
26 68 1 0.784759 1
26 69 1 2.8472 1
26 70 1 -2.60053 1
26 71 1 0.953142 1
26 72 1 -1.48866 1
26 73 1 1.30024 1
26 74 1 -5.62692 1
26 75 1 2.50543 1
26 76 1 0.582839 1
26 77 1 -4.04306 1
26 78 1 3.22617 1
26 79 1 -0.716936 1
26 80 1 0.48569 1
26 81 1 3.56901 1
26 82 1 0.978804 1
26 83 1 0.575925 1
26 84 1 -4.78463 1
26 85 1 1.95858 1
26 86 1 -4.55309 1
26 87 1 0.771676 1
26 88 1 -3.64105 1
26 89 1 -0.284591 1
26 90 1 -3.25172 1
26 91 1 -3.62218 1
26 92 1 -0.774359 1
26 93 1 0.898263 1
26 94 1 1.35221 1
26 95 1 -0.761755 1
26 23 1 3.76485 1
26 15 1 3.11965 1
27 64 1 -3.53473 1
27 65 1 2.81881 1
27 66 1 3.82542 1
27 67 1 -1.8858 1
27 68 1 0.840688 1
27 69 1 1.64615 1
27 70 1 3.84144 1
27 71 1 -6.43892 1
27 72 1 -0.544169 1
27 73 1 1.86947 1
27 74 1 -1.90598 1
27 75 1 1.68216 1
27 76 1 -3.13445 1
27 77 1 -1.29845 1
27 78 1 -0.28152 1
27 79 1 1.14231 1
27 80 1 -2.32566 1
27 81 1 -1.81884 1
27 82 1 1.7136 1
27 83 1 1.31012 1
27 84 1 0.699997 1
27 85 1 0.73745 1
27 86 1 -1.74241 1
27 87 1 1.14239 1
27 88 1 -4.17506 1
27 89 1 -5.41034 1
27 90 1 3.18953 1
27 91 1 -2.0551 1
27 92 1 -0.66899 1
27 93 1 -0.846972 1
27 94 1 2.10437 1
27 95 1 -1.25515 1
27 9 1 1.48662 1
27 5 1 -2.60306 1
28 64 1 3.77038 1
28 65 1 -0.491734 1
28 66 1 -2.28424 1
28 67 1 4.78598 1
28 68 1 3.79148 1
28 69 1 2.13725 1
28 70 1 -0.107473 1
28 71 1 -1.45671 1
28 72 1 -6.51717 1
28 73 1 1.19624 1
28 74 1 -1.29423 1
28 75 1 0.766348 1
28 76 1 0.167502 1
28 77 1 1.92792 1
28 78 1 -2.75693 1
28 79 1 0.41025 1
28 80 1 2.11755 1
28 81 1 -1.70384 1
28 82 1 2.86439 1
28 83 1 2.70558 1
28 84 1 2.73209 1
28 85 1 -7.2542 1
28 86 1 -2.89934 1
28 87 1 -1.89542 1
28 88 1 -3.61157 1
28 89 1 1.11059 1
28 90 1 -3.37603 1
28 91 1 -1.19207 1
28 92 1 2.71109 1
28 93 1 -2.65004 1
28 94 1 4.38311 1
28 95 1 -3.88109 1
29 64 1 -0.154564 1
29 65 1 -2.00399 1
29 66 1 -0.486982 1
29 67 1 1.90044 1
29 68 1 -7.59439 1
29 69 1 1.528 1
29 70 1 -0.290983 1
29 71 1 -1.4188 1
29 72 1 0.262319 1
29 73 1 -0.769575 1
29 74 1 0.719983 1
29 75 1 -0.122661 1
29 76 1 -0.712685 1
29 77 1 1.91963 1
29 78 1 -3.93489 1
29 79 1 -2.55393 1
29 80 1 2.26975 1
29 81 1 0.859447 1
29 82 1 1.18133 1
29 83 1 -0.434547 1
29 84 1 1.86198 1
29 85 1 -0.708937 1
29 86 1 -1.93319 1
29 87 1 -4.28088 1
29 88 1 -1.95178 1
29 89 1 -2.57525 1
29 90 1 -0.985438 1
29 91 1 0.564336 1
29 92 1 0.210033 1
29 93 1 1.62903 1
29 94 1 -2.90605 1
29 95 1 -0.378732 1
29 113 1 0.554746 1
30 64 1 -0.701963 1
30 65 1 1.01666 1
30 66 1 3.97014 1
30 67 1 1.16663 1
30 68 1 1.83704 1
30 69 1 2.2337 1
30 70 1 1.53732 1
30 71 1 -3.26697 1
30 72 1 0.0992746 1
30 73 1 2.64081 1
30 74 1 -0.808147 1
30 75 1 3.67757 1
30 76 1 2.78861 1
30 77 1 -0.601015 1
30 78 1 2.48175 1
30 79 1 3.31518 1
30 80 1 -1.58022 1
30 81 1 -2.89962 1
30 82 1 3.57959 1
30 83 1 4.08185 1
30 84 1 2.31594 1
30 85 1 -2.99035 1
30 86 1 -1.18785 1
30 87 1 -3.27373 1
30 88 1 1.82136 1
30 89 1 -0.136033 1
30 90 1 2.24122 1
30 91 1 5.21282 1
30 92 1 -1.48795 1
30 93 1 2.32228 1
30 94 1 2.83971 1
30 95 1 0.309461 1
30 28 1 0.25174 1
31 64 1 2.36136 1
31 65 1 -0.659382 1
31 66 1 -2.67114 1
31 67 1 5.60568 1
31 68 1 3.3864 1
31 69 1 0.59849 1
31 70 1 -3.78618 1
31 71 1 1.92692 1
31 72 1 -3.17635 1
31 73 1 -2.47181 1
31 74 1 2.87786 1
31 75 1 1.005 1
31 76 1 1.44437 1
31 77 1 -0.360125 1
31 78 1 -3.58309 1
31 79 1 1.43212 1
31 80 1 -0.760494 1
31 81 1 -2.61127 1
31 82 1 -0.593619 1
31 83 1 -0.636596 1
31 84 1 -2.40298 1
31 85 1 -3.73751 1
31 86 1 0.477597 1
31 87 1 -2.7444 0
31 88 1 4.30355 1
31 89 1 -0.611777 1
31 90 1 1.03451 1
31 91 1 -2.1491 1
31 92 1 0.148046 1
31 93 1 1.4332 1
31 94 1 0.347707 1
31 95 1 -1.45392 1
31 122 1 2.47754 1
122 87 1 0.68385 1
32 64 1 7.73495 1
32 65 1 1.57262 1
32 66 1 -3.2629 1
32 67 1 1.66932 1
32 68 1 1.27168 1
32 69 1 2.01922 1
32 70 1 0.289317 1
32 71 1 2.58713 1
32 72 1 -3.23767 1
32 73 1 0.899699 1
32 74 1 -1.52372 1
32 75 1 3.57979 1
32 76 1 -2.20193 1
32 77 1 3.80652 1
32 78 1 -0.475143 1
32 79 1 2.04765 1
32 80 1 0.221828 1
32 81 1 -2.47231 1
32 82 1 -2.01174 1
32 83 1 -2.80146 1
32 84 1 1.85297 1
32 85 1 -3.11411 1
32 86 1 0.283021 1
32 87 1 -1.0442 1
32 88 1 -1.10886 1
32 89 1 -2.97266 1
32 90 1 1.98539 1
32 91 1 -2.84436 1
32 92 1 1.88082 1
32 93 1 1.5859 1
32 94 1 -0.609212 1
32 95 1 -2.16588 1
33 64 1 2.50392 1
33 65 1 -4.95854 1
33 66 1 -1.21244 1
33 67 1 -2.04386 1
33 68 1 -1.09281 1
33 69 1 -2.20366 1
33 70 1 3.80126 1
33 71 1 4.23827 1
33 72 1 1.19922 1
33 73 1 3.698 1
33 74 1 3.07648 1
33 75 1 -5.78223 1
33 76 1 -1.64038 1
33 77 1 1.64949 1
33 78 1 -3.54991 1
33 79 1 -2.64446 1
33 80 1 1.43092 1
33 81 1 -1.9771 1
33 82 1 0.67439 1
33 83 1 1.35677 1
33 84 1 1.23447 1
33 85 1 1.00653 1
33 86 1 1.86702 1
33 87 1 1.19253 1
33 88 1 2.65289 1
33 89 1 4.81395 1
33 90 1 -1.80951 1
33 91 1 0.782636 1
33 92 1 1.56828 1
33 93 1 1.47802 1
33 94 1 0.714467 1
33 95 1 -0.508039 1
33 20 1 -2.23743 1
33 107 1 0.247879 1
33 13 1 -0.364124 1
34 64 1 0.103205 1
34 65 1 -0.886084 1
34 66 1 2.1445 1
34 67 1 0.549013 1
34 68 1 0.715674 1
34 69 1 -0.460472 1
34 70 1 -1.66511 1
34 71 1 -0.825923 1
34 72 1 -1.97115 1
34 73 1 -3.97204 1
34 74 1 1.59797 1
34 75 1 5.91135 1
34 76 1 -1.12922 1
34 77 1 -1.03114 1
34 78 1 -1.81407 1
34 79 1 2.23693 1
34 80 1 2.89116 1
34 81 1 -0.811238 1
34 82 1 -0.211619 1
34 83 1 1.34 1
34 84 1 0.50854 1
34 85 1 -0.583836 1
34 86 1 -0.229285 1
34 87 1 -0.553498 1
34 88 1 0.752579 1
34 89 1 -0.990473 1
34 90 1 -5.91909 1
34 91 1 2.90484 1
34 92 1 1.07327 1
34 93 1 -2.6517 1
34 94 1 2.4785 1
34 95 1 2.07681 1
34 113 1 -0.379605 1
35 64 1 -0.743179 1
35 65 1 -0.809665 1
35 66 1 -0.0314999 1
35 67 1 2.58582 1
35 68 1 0.893641 1
35 69 1 3.68206 1
35 70 1 3.09372 1
35 71 1 2.62992 1
35 72 1 2.88503 1
35 73 1 7.23343 1
35 74 1 2.86591 1
35 75 1 -0.315909 1
35 76 1 -3.46415 1
35 77 1 0.423886 1
35 78 1 -1.53216 1
35 79 1 1.70285 1
35 80 1 -7.76431 1
35 81 1 -1.45632 1
35 82 1 2.5909 0
35 83 1 0.300694 1
35 84 1 3.19625 1
35 85 1 -4.32102 1
35 86 1 -2.01518 1
35 87 1 -2.868 1
35 88 1 -0.351264 1
35 89 1 1.15559 0
35 90 1 -1.68044 1
35 91 1 -1.51089 1
35 92 1 -3.40314 1
35 93 1 -2.56396 1
35 94 1 -1.43495 1
35 95 1 -0.146819 1
35 130 1 0.488428 1
35 133 1 4.2164 1
133 82 1 2.03092 1
130 89 1 1.37128 1
36 64 1 0.0537962 1
36 65 1 1.49455 1
36 66 1 -0.204004 1
36 67 1 0.0170693 1
36 68 1 -5.31531 1
36 69 1 -2.22558 1
36 70 1 -0.961254 1
36 71 1 1.44416 1
36 72 1 -1.41893 1
36 73 1 -0.697522 1
36 74 1 -1.14405 1
36 75 1 0.216674 1
36 76 1 1.4611 1
36 77 1 -4.66682 1
36 78 1 0.690938 1
36 79 1 2.93823 1
36 80 1 1.74841 1
36 81 1 -1.27615 1
36 82 1 -1.11727 0
36 83 1 -0.356553 1
36 84 1 2.69517 1
36 85 1 -3.57149 1
36 86 1 1.22374 1
36 87 1 0.0102941 1
36 88 1 -0.197365 1
36 89 1 1.34996 1
36 90 1 -2.99033 1
36 91 1 1.94933 1
36 92 1 4.37674 1
36 93 1 -0.450394 1
36 94 1 -3.06553 1
36 95 1 6.65671 1
36 109 1 0.669064 0
36 24 1 -0.914551 1
36 117 1 1.57173 1
117 109 1 0.921196 1
109 82 1 0.8872 1
109 31 1 -0.563505 1
37 64 1 -3.44609 1
37 65 1 1.95968 1
37 66 1 -1.92578 1
37 67 1 -1.12146 1
37 68 1 -3.94484 1
37 69 1 2.21084 1
37 70 1 -3.38781 1
37 71 1 -0.915605 1
37 72 1 2.33321 1
37 73 1 2.62861 1
37 74 1 -0.421001 1
37 75 1 1.31977 1
37 76 1 3.13008 0
37 77 1 3.25155 1
37 78 1 -1.48896 1
37 79 1 0.724445 1
37 80 1 3.2178 1
37 81 1 -0.351178 1
37 82 1 4.55259 1
37 83 1 1.75898 1
37 84 1 -3.82635 1
37 85 1 1.96054 1
37 86 1 -1.35263 1
37 87 1 1.69304 1
37 88 1 -2.65336 1
37 89 1 -1.7475 1
37 90 1 -0.562983 1
37 91 1 1.3518 1
37 92 1 2.76263 1
37 93 1 0.245662 1
37 94 1 -3.1829 1
37 95 1 -0.948152 1
37 142 1 2.34406 1
142 76 1 -1.10307 1
142 147 1 -1.6178 1
38 64 1 0.142404 1
38 65 1 -1.19254 1
38 66 1 -1.31574 1
38 67 1 -0.545736 1
38 68 1 -2.13263 1
38 69 1 -4.93648 1
38 70 1 -0.252287 1
38 71 1 -0.513521 1
38 72 1 0.304444 1
38 73 1 0.261233 1
38 74 1 -1.75359 1
38 75 1 1.98341 1
38 76 1 1.58154 1
38 77 1 -1.58695 1
38 78 1 -1.47766 1
38 79 1 -0.8357 1
38 80 1 -4.43807 1
38 81 1 -0.936136 1
38 82 1 2.6711 1
38 83 1 -0.758077 1
38 84 1 -2.67715 1
38 85 1 -4.57316 1
38 86 1 -0.410628 1
38 87 1 0.0135659 1
38 88 1 1.48761 1
38 89 1 3.26579 1
38 90 1 0.417816 1
38 91 1 1.84384 1
38 92 1 2.06878 0
38 93 1 -1.97213 1
38 94 1 0.358272 1
38 95 1 -2.08913 1
38 148 1 1.35409 1
148 92 1 3.14738 1
39 64 1 0.85241 1
39 65 1 -2.25572 1
39 66 1 3.13823 1
39 67 1 -0.0640765 1
39 68 1 1.07513 1
39 69 1 0.109008 1
39 70 1 1.78696 1
39 71 1 -1.29341 1
39 72 1 -1.84743 1
39 73 1 -4.1025 1
39 74 1 1.43091 1
39 75 1 2.45053 0
39 76 1 3.40292 1
39 77 1 -0.175324 1
39 78 1 -2.82032 1
39 79 1 -3.15717 1
39 80 1 2.25285 1
39 81 1 -3.71542 1
39 82 1 0.813703 1
39 83 1 -0.152328 1
39 84 1 -1.85455 1
39 85 1 -0.310381 1
39 86 1 1.91153 1
39 87 1 1.52821 1
39 88 1 -1.88647 1
39 89 1 0.0220742 1
39 90 1 3.94141 1
39 91 1 -1.29249 1
39 92 1 4.1369 1
39 93 1 0.270169 1
39 94 1 -4.70549 1
39 95 1 -0.824967 1
39 2 1 -3.8509 1
39 112 1 3.68623 1
39 13 1 -0.011282 1
39 104 1 -0.159179 1
112 75 1 -2.22755 1
112 138 1 -1.98564 1
40 64 1 -5.64554 1
40 65 1 -0.906399 1
40 66 1 2.23517 1
40 67 1 0.580813 1
40 68 1 2.05743 1
40 69 1 2.0325 1
40 70 1 -1.24592 1
40 71 1 0.576172 1
40 72 1 4.15635 1
40 73 1 1.55033 1
40 74 1 -1.51985 1
40 75 1 0.701971 1
40 76 1 -1.21375 1
40 77 1 3.04207 1
40 78 1 2.04931 1
40 79 1 -1.56857 1
40 80 1 -1.0399 1
40 81 1 0.0767389 1
40 82 1 0.937756 1
40 83 1 -3.28392 1
40 84 1 0.13396 1
40 85 1 2.75677 1
40 86 1 2.34157 1
40 87 1 1.94393 1
40 88 1 0.941036 1
40 89 1 -0.228035 1
40 90 1 -1.74344 1
40 91 1 -1.42324 1
40 92 1 -2.91534 1
40 93 1 2.01629 1
40 94 1 0.702299 1
40 95 1 2.06546 1
40 2 1 -0.950524 1
40 134 1 0.827001 1
41 64 1 5.42334 1
41 65 1 -0.827794 1
41 66 1 0.705587 1
41 67 1 0.873178 1
41 68 1 2.50024 1
41 69 1 -0.342423 1
41 70 1 1.93892 1
41 71 1 0.270098 1
41 72 1 3.84893 1
41 73 1 -5.2837 1
41 74 1 -0.35408 1
41 75 1 2.62721 1
41 76 1 -3.09431 1
41 77 1 -1.49366 1
41 78 1 -3.04662 1
41 79 1 1.68152 1
41 80 1 1.57074 1
41 81 1 3.38657 1
41 82 1 -2.07188 1
41 83 1 1.69301 1
41 84 1 -3.32773 1
41 85 1 -0.571298 1
41 86 1 0.447538 1
41 87 1 1.17201 1
41 88 1 3.12374 1
41 89 1 -3.35097 1
41 90 1 -3.0967 1
41 91 1 0.0341154 1
41 92 1 0.813801 1
41 93 1 -0.813396 1
41 94 1 -1.0918 1
41 95 1 0.283067 1
41 11 1 3.03078 1
41 29 1 -1.13497 1
41 97 1 -1.37622 1
42 64 1 1.45059 1
42 65 1 0.431283 1
42 66 1 -0.0986284 1
42 67 1 -0.05716 1
42 68 1 -1.19327 1
42 69 1 -0.839999 1
42 70 1 -1.50802 1
42 71 1 -2.10246 1
42 72 1 -0.737384 1
42 73 1 -2.81608 1
42 74 1 2.10423 1
42 75 1 -0.364319 1
42 76 1 -2.46652 1
42 77 1 -0.505475 1
42 78 1 -1.72749 1
42 79 1 0.617708 1
42 80 1 -0.846488 1
42 81 1 2.01014 1
42 82 1 1.78506 1
42 83 1 3.30418 1
42 84 1 1.78544 1
42 85 1 0.58159 1
42 86 1 0.772117 1
42 87 1 -3.39158 1
42 88 1 -0.820346 1
42 89 1 -1.09019 1
42 90 1 1.80012 1
42 91 1 2.58262 1
42 92 1 -1.75433 1
42 93 1 2.49456 1
42 94 1 -1.27757 1
42 95 1 2.1126 1
43 64 1 3.29039 1
43 65 1 -3.12354 1
43 66 1 2.17406 1
43 67 1 1.81845 1
43 68 1 0.187423 1
43 69 1 -1.54849 1
43 70 1 0.446344 1
43 71 1 -3.40704 1
43 72 1 -0.79258 1
43 73 1 -8.35672 1
43 74 1 2.29009 1
43 75 1 -2.45507 1
43 76 1 0.12333 1
43 77 1 0.307026 1
43 78 1 0.053066 1
43 79 1 -2.77663 1
43 80 1 -0.0916227 1
43 81 1 1.531 1
43 82 1 1.71693 1
43 83 1 -1.60451 1
43 84 1 0.544813 1
43 85 1 3.64211 1
43 86 1 0.996811 1
43 87 1 4.25734 1
43 88 1 0.190633 1
43 89 1 3.81684 1
43 90 1 0.365436 1
43 91 1 -4.49908 1
43 92 1 3.44623 1
43 93 1 2.14159 1
43 94 1 -4.68244 1
43 95 1 1.88756 1
44 64 1 0.838664 1
44 65 1 -3.17587 1
44 66 1 0.574513 1
44 67 1 -2.68897 1
44 68 1 -0.587142 1
44 69 1 -1.43784 1
44 70 1 2.89707 1
44 71 1 1.48605 1
44 72 1 -2.48443 1
44 73 1 0.66286 1
44 74 1 -1.99095 1
44 75 1 -2.87809 1
44 76 1 -0.182027 1
44 77 1 1.93957 1
44 78 1 2.06499 1
44 79 1 1.22347 1
44 80 1 4.96007 1
44 81 1 -2.36142 1
44 82 1 0.761074 1
44 83 1 -1.90085 1
44 84 1 -0.073226 1
44 85 1 0.0187369 1
44 86 1 0.638213 1
44 87 1 1.76115 1
44 88 1 0.546224 1
44 89 1 1.08712 1
44 90 1 0.110149 1
44 91 1 -0.581456 1
44 92 1 -0.0386288 1
44 93 1 3.36855 1
44 94 1 -1.73076 1
44 95 1 -1.48549 1
44 8 1 -0.0164027 1
44 29 1 2.03435 1
45 64 1 -0.835442 1
45 65 1 3.2003 1
45 66 1 -0.378582 1
45 67 1 1.33225 1
45 68 1 -1.59454 1
45 69 1 -7.04969 1
45 70 1 -4.30481 1
45 71 1 1.00503 1
45 72 1 -4.77561 1
45 73 1 3.7808 1
45 74 1 3.07189 1
45 75 1 4.17678 1
45 76 1 -0.45586 1
45 77 1 0.743258 1
45 78 1 -2.73021 1
45 79 1 2.27717 1
45 80 1 -2.43001 1
45 81 1 1.03666 1
45 82 1 -1.34706 1
45 83 1 -3.02145 1
45 84 1 3.15385 1
45 85 1 -3.81182 1
45 86 1 1.49371 1
45 87 1 0.284617 1
45 88 1 -0.666364 1
45 89 1 -3.74932 1
45 90 1 0.592832 1
45 91 1 4.19896 1
45 92 1 -3.55879 1
45 93 1 -6.49792 1
45 94 1 2.69363 1
45 95 1 -3.23693 1
45 9 1 3.39283 1
45 20 1 -0.0997652 1
46 64 1 -0.612178 1
46 65 1 -1.57814 1
46 66 1 2.45759 1
46 67 1 2.83173 1
46 68 1 -5.48136 1
46 69 1 -0.910235 1
46 70 1 1.30801 1
46 71 1 -1.58245 1
46 72 1 2.02362 1
46 73 1 -2.55022 1
46 74 1 -1.35227 1
46 75 1 2.85704 1
46 76 1 -4.68639 1
46 77 1 2.06738 1
46 78 1 -1.27244 1
46 79 1 -0.380306 1
46 80 1 3.44983 1
46 81 1 0.482811 1
46 82 1 0.198343 1
46 83 1 1.03813 1
46 84 1 -0.139666 1
46 85 1 2.14415 1
46 86 1 -0.369572 1
46 87 1 2.95728 1
46 88 1 -1.06613 1
46 89 1 -3.57377 1
46 90 1 -3.00207 1
46 91 1 1.51337 1
46 92 1 1.40047 1
46 93 1 -1.4965 1
46 94 1 -0.566544 1
46 95 1 -0.482159 1
46 24 1 1.62516 1
47 64 1 -0.368024 1
47 65 1 -0.166128 1
47 66 1 -3.25969 1
47 67 1 5.58436 1
47 68 1 -1.36839 1
47 69 1 2.52676 1
47 70 1 -2.06848 1
47 71 1 0.792327 1
47 72 1 0.690424 1
47 73 1 5.76416 0
47 74 1 -0.597534 1
47 75 1 -1.8286 1
47 76 1 -2.46046 1
47 77 1 -7.22686 1
47 78 1 -1.92227 1
47 79 1 1.83572 1
47 80 1 3.9351 1
47 81 1 -5.74263 1
47 82 1 0.818481 1
47 83 1 0.0514288 1
47 84 1 -3.10106 1
47 85 1 -0.0851729 1
47 86 1 -3.63472 1
47 87 1 4.32219 1
47 88 1 1.35977 1
47 89 1 1.03584 1
47 90 1 6.66252 1
47 91 1 0.401835 1
47 92 1 -1.54591 1
47 93 1 0.984097 1
47 94 1 1.02611 1
47 95 1 -1.35518 1
47 4 1 0.0162095 1
47 137 1 1.39784 1
137 73 1 3.67274 1
48 64 1 -0.208243 1
48 65 1 -0.115696 1
48 66 1 0.400338 1
48 67 1 -1.79042 1
48 68 1 -5.038 1
48 69 1 -4.03589 1
48 70 1 -0.665436 1
48 71 1 0.333466 1
48 72 1 -2.77415 1
48 73 1 2.62162 1
48 74 1 5.61928 1
48 75 1 -4.82281 1
48 76 1 1.27992 1
48 77 1 -3.3186 1
48 78 1 -0.52256 1
48 79 1 2.69924 1
48 80 1 -0.538911 1
48 81 1 -2.36107 1
48 82 1 1.60693 1
48 83 1 0.275868 1
48 84 1 0.27007 1
48 85 1 0.697536 1
48 86 1 -2.0545 1
48 87 1 -0.782076 1
48 88 1 -2.13099 1
48 89 1 -0.251698 1
48 90 1 3.00525 1
48 91 1 1.10792 1
48 92 1 -5.19744 1
48 93 1 0.413039 1
48 94 1 2.95063 1
48 95 1 2.99482 1
48 16 1 1.39995 1
48 12 1 -0.422797 1
48 14 1 -3.35008 1
49 64 1 0.754153 1
49 65 1 -1.46774 1
49 66 1 0.177712 1
49 67 1 -1.33937 1
49 68 1 -1.47138 1
49 69 1 0.511904 1
49 70 1 1.1703 1
49 71 1 -4.70099 1
49 72 1 -0.600044 1
49 73 1 0.0965066 1
49 74 1 2.8995 1
49 75 1 2.74115 1
49 76 1 -5.93571 1
49 77 1 -3.54571 1
49 78 1 -1.26052 1
49 79 1 1.30068 1
49 80 1 4.79761 1
49 81 1 -3.79319 1
49 82 1 1.66071 1
49 83 1 -1.93371 1
49 84 1 2.36969 1
49 85 1 -2.41416 1
49 86 1 0.505607 1
49 87 1 -0.574442 1
49 88 1 -1.05165 1
49 89 1 0.951245 1
49 90 1 -0.933639 1
49 91 1 1.09642 1
49 92 1 2.10267 1
49 93 1 -0.726831 1
49 94 1 1.62618 1
49 95 1 3.995 1
49 19 1 -1.63481 1
49 31 1 -0.978053 1
49 15 1 -0.440229 1
50 64 1 -4.61457 1
50 65 1 -2.32116 1
50 66 1 2.0641 1
50 67 1 -0.885624 1
50 68 1 2.4081 1
50 69 1 -0.583751 1
50 70 1 -0.0834784 1
50 71 1 6.29703 1
50 72 1 -1.34807 1
50 73 1 5.28351 1
50 74 1 -2.39076 1
50 75 1 1.19478 1
50 76 1 -1.01278 1
50 77 1 1.44312 1
50 78 1 3.09913 1
50 79 1 -2.39776 1
50 80 1 1.13917 1
50 81 1 0.73411 1
50 82 1 -0.167237 1
50 83 1 2.86993 1
50 84 1 -1.61269 1
50 85 1 0.427534 1
50 86 1 2.24278 1
50 87 1 -2.49978 1
50 88 1 -3.61247 1
50 89 1 0.23296 1
50 90 1 0.238811 1
50 91 1 -0.0466296 1
50 92 1 -0.0775571 1
50 93 1 -0.486342 1
50 94 1 -3.15503 1
50 95 1 1.62428 1
50 4 1 6.04484 1
50 22 1 -1.40244 1
51 64 1 -1.4748 1
51 65 1 3.07117 1
51 66 1 3.20109 1
51 67 1 -1.38544 1
51 68 1 -0.270248 1
51 69 1 -1.6305 1
51 70 1 2.76952 1
51 71 1 3.22433 1
51 72 1 -4.12462 1
51 73 1 -2.72871 0
51 74 1 -1.99215 1
51 75 1 5.1789 1
51 76 1 -2.33288 1
51 77 1 2.23527 1
51 78 1 3.79882 1
51 79 1 1.57397 1
51 80 1 0.648944 1
51 81 1 -3.39141 1
51 82 1 0.638685 1
51 83 1 3.66161 1
51 84 1 -2.4919 1
51 85 1 -2.42145 1
51 86 1 -0.280534 1
51 87 1 1.09815 1
51 88 1 1.51939 1
51 89 1 1.14093 1
51 90 1 2.45952 1
51 91 1 0.823535 1
51 92 1 3.0955 1
51 93 1 4.18685 1
51 94 1 -5.06311 1
51 95 1 -2.31742 1
51 116 1 0.317709 1
51 12 1 -0.386893 1
116 73 1 -0.809053 0
116 134 1 0.427664 1
134 73 1 1.23461 1
52 64 1 -2.91034 1
52 65 1 3.71625 1
52 66 1 0.743133 1
52 67 1 0.650534 1
52 68 1 1.17009 1
52 69 1 4.74589 1
52 70 1 3.38403 1
52 71 1 -0.937082 1
52 72 1 -0.857125 1
52 73 1 3.36707 1
52 74 1 3.2956 1
52 75 1 0.341789 1
52 76 1 -3.53319 1
52 77 1 0.219093 1
52 78 1 1.92702 1
52 79 1 1.22968 1
52 80 1 -0.424201 1
52 81 1 0.799044 1
52 82 1 -2.20032 1
52 83 1 -2.96883 1
52 84 1 0.991946 1
52 85 1 -1.61878 1
52 86 1 -3.2671 1
52 87 1 -0.0368697 1
52 88 1 2.2819 1
52 89 1 -1.96636 1
52 90 1 -0.666416 1
52 91 1 -0.703096 1
52 92 1 0.943592 1
52 93 1 -3.10096 0
52 94 1 2.14289 1
52 95 1 -0.0158865 1
52 115 1 -0.73957 1
52 139 1 0.45777 1
139 93 1 -2.24665 1
53 64 1 -2.79311 1
53 65 1 0.0488472 1
53 66 1 -0.261606 1
53 67 1 -0.0443962 1
53 68 1 2.63736 1
53 69 1 0.855796 1
53 70 1 -0.801179 0
53 71 1 -0.247587 1
53 72 1 -1.2891 1
53 73 1 0.630907 1
53 74 1 -1.26109 1
53 75 1 -2.78055 1
53 76 1 -0.135048 1
53 77 1 2.09414 1
53 78 1 -0.698656 1
53 79 1 -0.427856 1
53 80 1 1.49298 1
53 81 1 1.31788 1
53 82 1 2.1053 1
53 83 1 0.314933 1
53 84 1 1.41487 1
53 85 1 0.607201 1
53 86 1 1.66664 1
53 87 1 0.24164 1
53 88 1 -0.381289 1
53 89 1 -0.292195 1
53 90 1 -2.47997 1
53 91 1 0.276123 1
53 92 1 2.7849 1
53 93 1 0.00713761 1
53 94 1 0.26817 1
53 95 1 -2.16443 1
53 20 1 4.27215 1
53 23 1 1.19575 1
53 149 1 0.550294 1
149 70 1 -1.61718 1
54 64 1 2.30144 1
54 65 1 -1.52013 1
54 66 1 -2.23358 1
54 67 1 0.560354 1
54 68 1 3.04781 1
54 69 1 -2.55761 1
54 70 1 0.348914 1
54 71 1 3.82941 1
54 72 1 0.851978 1
54 73 1 1.01301 1
54 74 1 -0.593539 1
54 75 1 -2.35668 1
54 76 1 -1.32883 1
54 77 1 3.27853 1
54 78 1 0.0890638 1
54 79 1 0.603646 1
54 80 1 -0.228155 1
54 81 1 3.72995 1
54 82 1 -2.26889 1
54 83 1 6.06809 1
54 84 1 2.07435 1
54 85 1 -0.740197 1
54 86 1 -4.27033 1
54 87 1 -0.819721 1
54 88 1 1.41993 1
54 89 1 3.78091 1
54 90 1 -3.26258 1
54 91 1 3.27909 1
54 92 1 -0.632367 1
54 93 1 1.4054 1
54 94 1 -3.89022 1
54 95 1 -3.65314 1
54 30 1 -0.992225 1
54 144 1 0.529443 1
55 64 1 0.424496 1
55 65 1 -2.90798 1
55 66 1 -2.83621 1
55 67 1 -1.35927 1
55 68 1 -1.89834 1
55 69 1 2.15143 1
55 70 1 1.87567 1
55 71 1 -4.99481 1
55 72 1 2.41099 1
55 73 1 0.942254 1
55 74 1 1.8322 1
55 75 1 -3.45937 1
55 76 1 -4.57775 1
55 77 1 2.00827 1
55 78 1 0.483674 1
55 79 1 1.57834 1
55 80 1 -1.93298 1
55 81 1 1.84296 1
55 82 1 -1.03555 1
55 83 1 -0.310212 1
55 84 1 -0.192717 1
55 85 1 -5.64337 1
55 86 1 1.37859 1
55 87 1 1.57303 1
55 88 1 -2.95147 1
55 89 1 -0.745132 1
55 90 1 0.813736 1
55 91 1 1.29361 1
55 92 1 5.61315 1
55 93 1 -3.50185 1
55 94 1 -3.83154 1
55 95 1 -1.73643 0
55 28 1 4.58441 1
55 114 1 1.44467 1
114 95 1 -1.62047 1
56 64 1 2.36373 1
56 65 1 -4.54277 1
56 66 1 0.794809 1
56 67 1 -1.68691 1
56 68 1 -0.807732 0
56 69 1 -0.790289 1
56 70 1 -0.559121 1
56 71 1 1.56533 1
56 72 1 -0.721663 1
56 73 1 -0.584545 1
56 74 1 3.74819 1
56 75 1 3.8402 1
56 76 1 -3.65078 1
56 77 1 -0.0768197 1
56 78 1 -2.61386 1
56 79 1 -0.341735 1
56 80 1 -1.59005 1
56 81 1 3.46235 1
56 82 1 2.54675 1
56 83 1 -2.09942 1
56 84 1 -1.1728 1
56 85 1 -1.93309 1
56 86 1 2.095 1
56 87 1 -2.49352 1
56 88 1 0.483495 1
56 89 1 -2.00181 1
56 90 1 -1.3924 1
56 91 1 -2.00281 1
56 92 1 1.69682 1
56 93 1 4.98362 1
56 94 1 -2.15034 1
56 95 1 0.572788 1
56 3 1 -2.63834 1
56 126 1 3.51599 1
126 68 1 0.249967 1
126 11 1 -1.73911 1
57 64 1 -3.9335 1
57 65 1 3.71465 1
57 66 1 -1.73136 1
57 67 1 -1.89803 1
57 68 1 3.07267 1
57 69 1 -0.531017 0
57 70 1 0.863526 1
57 71 1 3.02008 1
57 72 1 1.43018 1
57 73 1 -0.872558 1
57 74 1 2.49675 1
57 75 1 3.40429 1
57 76 1 2.13271 1
57 77 1 -4.54006 1
57 78 1 -1.55126 1
57 79 1 -2.78559 1
57 80 1 1.39979 1
57 81 1 3.62528 1
57 82 1 4.34886 1
57 83 1 -2.74029 1
57 84 1 -0.204801 1
57 85 1 -2.24221 1
57 86 1 -0.870824 1
57 87 1 1.9254 1
57 88 1 -0.769403 1
57 89 1 -0.304582 1
57 90 1 0.620699 1
57 91 1 -1.69583 1
57 92 1 -1.7855 1
57 93 1 0.0266531 1
57 94 1 -0.965813 1
57 95 1 3.6366 1
57 104 1 3.09511 1
57 22 1 0.412831 1
104 69 1 1.85587 1
104 1 1 -0.920422 1
104 107 1 -0.0541203 1
58 64 1 3.51549 1
58 65 1 -1.17748 1
58 66 1 -1.6202 1
58 67 1 -1.45888 1
58 68 1 -2.05896 1
58 69 1 0.0108487 1
58 70 1 -1.82742 1
58 71 1 0.55817 1
58 72 1 -0.711911 1
58 73 1 -1.90019 1
58 74 1 2.70111 1
58 75 1 3.38257 1
58 76 1 3.22355 1
58 77 1 1.67104 1
58 78 1 -1.48976 1
58 79 1 -0.342748 0
58 80 1 -4.291 1
58 81 1 3.62796 1
58 82 1 0.490165 1
58 83 1 0.358347 1
58 84 1 -1.51075 1
58 85 1 1.78182 1
58 86 1 1.75688 1
58 87 1 -1.76012 1
58 88 1 -2.48548 1
58 89 1 -0.482323 1
58 90 1 -1.91582 1
58 91 1 -2.49359 1
58 92 1 0.18933 1
58 93 1 2.04939 1
58 94 1 -2.11762 1
58 95 1 2.67789 1
58 128 1 1.17896 1
128 79 1 0.667838 0
128 131 1 -0.842455 1
131 79 1 0.808936 1
59 64 1 -1.88713 1
59 65 1 1.77617 1
59 66 1 2.00282 1
59 67 1 -2.37809 1
59 68 1 1.12416 1
59 69 1 -1.61913 1
59 70 1 -2.18026 1
59 71 1 2.13345 1
59 72 1 0.366983 1
59 73 1 -0.445018 1
59 74 1 -0.401616 1
59 75 1 -1.46932 1
59 76 1 2.38323 1
59 77 1 1.09494 0
59 78 1 1.49809 1
59 79 1 -1.83549 1
59 80 1 -0.243486 1
59 81 1 1.4943 1
59 82 1 -5.05918 1
59 83 1 3.22955 1
59 84 1 0.321714 1
59 85 1 -2.13334 1
59 86 1 -2.94754 1
59 87 1 1.0198 1
59 88 1 4.96492 1
59 89 1 -0.593965 1
59 90 1 0.939672 1
59 91 1 -1.87395 1
59 92 1 2.60615 1
59 93 1 2.57694 1
59 94 1 -5.97722 1
59 95 1 1.75063 1
59 97 1 1.54086 1
59 5 1 -2.84912 1
59 11 1 -0.810728 1
59 13 1 1.39911 1
97 77 1 -6.09647 1
97 22 1 -1.88673 1
97 2 1 -5.29327 0
97 99 1 2.59212 1
97 7 1 3.50816 0
97 102 1 1.68132 1
97 17 1 1.85672 1
102 7 1 4.4341 1
99 2 1 1.89208 0
99 108 1 4.23421 1
99 15 1 -0.0554177 1
108 2 1 -1.45816 0
108 125 1 4.54833 1
125 2 1 0.661962 1
60 64 1 2.97948 1
60 65 1 0.619138 1
60 66 1 0.790698 1
60 67 1 -0.912333 1
60 68 1 0.905084 1
60 69 1 1.52303 1
60 70 1 -2.71351 1
60 71 1 0.391884 1
60 72 1 0.700832 0
60 73 1 1.27028 1
60 74 1 0.995723 1
60 75 1 -0.498039 1
60 76 1 -0.423725 1
60 77 1 3.17503 1
60 78 1 -2.26825 1
60 79 1 0.125507 1
60 80 1 -5.40389 1
60 81 1 -1.76589 1
60 82 1 -1.4294 1
60 83 1 -0.39431 1
60 84 1 -3.37853 1
60 85 1 4.46066 1
60 86 1 2.03345 1
60 87 1 0.0123724 1
60 88 1 -4.60989 1
60 89 1 0.38416 1
60 90 1 -2.47105 1
60 91 1 0.271079 1
60 92 1 -0.469374 1
60 93 1 2.76705 1
60 94 1 -0.914094 1
60 95 1 0.712859 1
60 24 1 -2.98141 1
60 0 1 2.96128 1
60 115 1 2.60889 1
60 3 1 -0.164421 1
115 72 1 -1.22531 1
115 18 1 0.903536 1
61 64 1 -0.486404 1
61 65 1 -0.907616 1
61 66 1 1.99959 1
61 67 1 0.36812 1
61 68 1 -3.50294 1
61 69 1 3.44864 1
61 70 1 0.188136 1
61 71 1 -0.941942 1
61 72 1 -1.17687 1
61 73 1 0.600105 1
61 74 1 2.52851 1
61 75 1 2.90556 1
61 76 1 0.350094 1
61 77 1 0.584029 0
61 78 1 -0.0263815 1
61 79 1 -0.432818 1
61 80 1 -0.110909 1
61 81 1 -0.842669 1
61 82 1 0.0819204 1
61 83 1 0.315175 1
61 84 1 -2.71509 1
61 85 1 -1.05842 1
61 86 1 0.28384 1
61 87 1 1.77448 1
61 88 1 0.0221932 1
61 89 1 0.992449 1
61 90 1 -0.654025 1
61 91 1 1.17213 1
61 92 1 -1.41329 1
61 93 1 -1.84378 1
61 94 1 0.710736 1
61 95 1 -1.23711 1
61 107 1 0.564914 1
61 113 1 -1.99345 1
61 14 1 -2.59158 1
107 77 1 -5.27607 0
107 113 1 -0.0364235 1
107 14 1 -1.05631 1
113 77 1 -2.09881 1
113 23 1 -1.54728 1
113 147 1 -0.160329 1
62 64 1 0.71632 1
62 65 1 -2.64996 1
62 66 1 2.87122 1
62 67 1 -1.53635 1
62 68 1 1.99633 1
62 69 1 -1.23413 1
62 70 1 2.09336 1
62 71 1 -1.76111 1
62 72 1 1.32712 1
62 73 1 2.37366 1
62 74 1 4.55683 1
62 75 1 -0.233992 1
62 76 1 4.46082 1
62 77 1 -3.94281 1
62 78 1 -1.54504 1
62 79 1 -1.44088 1
62 80 1 -1.42969 1
62 81 1 0.113143 1
62 82 1 -2.35702 1
62 83 1 1.68016 1
62 84 1 -1.79245 0
62 85 1 0.0388156 1
62 86 1 4.49493 1
62 87 1 -2.59889 1
62 88 1 0.667539 1
62 89 1 -1.55149 1
62 90 1 -6.11665 1
62 91 1 1.137 1
62 92 1 -0.715046 1
62 93 1 -0.795931 1
62 94 1 1.70729 1
62 95 1 -0.819663 1
62 5 1 1.05455 1
62 138 1 2.09633 1
138 84 1 0.0928013 1
63 64 1 2.84726 1
63 65 1 -1.93045 1
63 66 1 3.18896 1
63 67 1 0.243726 1
63 68 1 -0.642072 1
63 69 1 -4.19583 1
63 70 1 -1.33576 1
63 71 1 1.51595 1
63 72 1 -1.03346 1
63 73 1 0.349145 1
63 74 1 -6.41518 1
63 75 1 1.68525 1
63 76 1 -2.77038 0
63 77 1 1.41578 1
63 78 1 -0.0166201 1
63 79 1 0.57977 1
63 80 1 0.671611 1
63 81 1 -0.853336 1
63 82 1 1.49059 1
63 83 1 -3.17632 1
63 84 1 -2.04572 1
63 85 1 -3.77635 1
63 86 1 4.88684 1
63 87 1 -2.57465 0
63 88 1 -0.218134 1
63 89 1 -2.23664 1
63 90 1 3.16282 1
63 91 1 -0.656157 1
63 92 1 -0.503463 1
63 93 1 2.35016 1
63 94 1 -3.28139 1
63 95 1 0.205325 1
63 141 1 1.58583 1
63 144 1 0.643136 1
144 76 1 -1.74969 0
144 147 1 1.39607 1
147 76 1 -2.17331 1
141 87 1 -7.15016 1
141 10 1 -1.3527 1
