152 64 32
2.5475 -0.508408 -7.20733 4.8337 -4.05784 2.11725 0.934771 0.889091 0.120879 3.01361 2.77587 3.1445 -4.0027 -3.88339 -0.567847 -2.21681 0.188884 1.05318 -1.35553 -1.00791 -1.47972 0.545037 -1.56624 0.641381 -4.22614 -0.429685 3.20818 1.87363 -2.16005 -2.45345 -3.83548 1.50559 0.169024 0.394136 1.42797 2.25538 -3.31904 -0.590218 0.827056 -2.14571 -1.08594 1.27935 -1.22883 -4.54329 -3.14333 -1.0822 -2.69991 2.54763 -0.299838 3.28788 1.15104 -3.37195 -4.36733 -0.396128 -1.12612 4.24373 -1.96914 0.211021 1.06764 -1.53377 2.16507 -1.4433 -0.519814 -3.48393 -5.09122 0.0387782 3.30386 2.08497 -4.30493 1.57651 -2.93913 -1.98406 -2.6512 -3.29072 2.29382 3.51133 -1.42501 -0.0504256 0.967334 -4.23127 -0.573731 -0.5324 -2.42327 0.290909 2.23687 0.343918 -3.12004 0.424901 4.00449 -0.0643627 -1.69511 2.82346 -1.66247 0.364065 0.726084 -1.16541 -1.92914 0.394685 -1.62103 -0.656154 2.29939 -3.269 -5.32 -3.04846 -2.97241 0.681505 -1.78058 -2.48141 -1.89126 1.33498 -1.27472 1.296 2.09957 -3.52188 -0.177243 -0.939834 -2.95515 -0.414837 -1.15723 -0.917477 0.971999 0.146602 0.438807 1.46161 1.24569 3.43598 0.6158 0.564576 1.06877 1.07215 -0.00963405 -0.959008 -0.927039 -1.06641 -1.14538 -1.37331 -0.606984 -1.18399 -2.59623 -0.672812 0.28686 -0.110799 -1.30401 0.497299 0.637121 0.589608 -0.0966002 0.389722 0.760985 -1.53362 0.054455 0.626421 
0 64 1 -5.42085 1
0 65 1 2.09605 1
0 66 1 3.14323 1
0 67 1 0.129821 1
0 68 1 -0.935197 1
0 69 1 1.66306 1
0 70 1 0.446838 1
0 71 1 -0.119847 1
0 72 1 0.325682 1
0 73 1 -2.36432 1
0 74 1 -2.42202 1
0 75 1 0.688778 1
0 76 1 2.50916 1
0 77 1 1.3137 1
0 78 1 -2.52902 1
0 79 1 2.65052 1
0 80 1 2.99936 1
0 81 1 2.62433 1
0 82 1 4.05137 1
0 83 1 2.19309 1
0 84 1 -2.59903 1
0 85 1 2.48524 1
0 86 1 -2.85002 1
0 87 1 -0.769736 1
0 88 1 -1.16631 1
0 89 1 1.86207 1
0 90 1 5.01141 1
0 91 1 5.19606 1
0 92 1 -3.20453 1
0 93 1 -1.95295 1
0 94 1 1.36896 1
0 95 1 1.49466 1
0 10 1 -2.52089 1
1 64 1 -1.54481 1
1 65 1 -2.33298 1
1 66 1 1.88958 1
1 67 1 -3.41455 1
1 68 1 4.92382 1
1 69 1 -1.03331 1
1 70 1 1.77268 1
1 71 1 -1.17078 1
1 72 1 -1.63174 1
1 73 1 -1.67214 1
1 74 1 -3.09781 1
1 75 1 3.97509 1
1 76 1 -1.29145 1
1 77 1 5.54063 1
1 78 1 -1.86862 1
1 79 1 0.0576196 1
1 80 1 -3.48805 1
1 81 1 2.1902 1
1 82 1 -0.678708 1
1 83 1 -4.25407 1
1 84 1 -1.13349 1
1 85 1 -1.87033 1
1 86 1 2.06887 1
1 87 1 -1.36853 1
1 88 1 0.247777 1
1 89 1 3.60983 1
1 90 1 -1.3284 1
1 91 1 -2.02076 1
1 92 1 -1.7557 1
1 93 1 0.501853 1
1 94 1 -1.32291 1
1 95 1 -5.05673 1
1 27 1 0.577886 1
2 64 1 0.622404 1
2 65 1 1.46378 1
2 66 1 -3.30703 1
2 67 1 -1.27364 1
2 68 1 -2.01559 1
2 69 1 1.97821 1
2 70 1 -1.67477 1
2 71 1 4.48869 1
2 72 1 -1.90494 1
2 73 1 -2.80346 1
2 74 1 -3.98144 1
2 75 1 -0.673677 1
2 76 1 -4.8236 1
2 77 1 -0.442103 1
2 78 1 -1.69207 1
2 79 1 -4.08165 1
2 80 1 -4.50885 1
2 81 1 -3.38832 1
2 82 1 -0.819945 1
2 83 1 -3.45577 1
2 84 1 -0.170275 1
2 85 1 3.90161 1
2 86 1 -0.414294 1
2 87 1 -0.532684 1
2 88 1 -0.210777 1
2 89 1 -3.38602 1
2 90 1 -2.97552 1
2 91 1 -1.10084 1
2 92 1 2.23649 1
2 93 1 -3.06489 1
2 94 1 2.70066 1
2 95 1 -0.95991 1
2 100 1 -0.931102 1
2 6 1 3.99601 1
2 110 1 0.176395 1
3 64 1 -2.93886 1
3 65 1 -0.96576 1
3 66 1 0.0170451 1
3 67 1 0.69563 1
3 68 1 4.68009 1
3 69 1 -3.65169 1
3 70 1 -0.0783242 1
3 71 1 0.46235 1
3 72 1 7.56254 1
3 73 1 -0.572158 1
3 74 1 -0.0375845 1
3 75 1 2.14848 1
3 76 1 1.68228 1
3 77 1 -0.316765 1
3 78 1 -0.577808 1
3 79 1 0.0470355 1
3 80 1 -2.87394 1
3 81 1 -1.74881 1
3 82 1 6.30021 1
3 83 1 1.02613 1
3 84 1 0.650688 1
3 85 1 -3.92363 1
3 86 1 -0.487451 1
3 87 1 2.29959 1
3 88 1 -1.15244 1
3 89 1 1.16426 1
3 90 1 0.632087 1
3 91 1 1.28429 1
3 92 1 -0.188518 1
3 93 1 -2.84086 1
3 94 1 -2.61093 1
3 95 1 1.68766 0
3 110 1 1.43768 1
110 95 1 -2.20571 0
110 111 1 -1.30249 0
110 132 1 2.21672 1
132 111 1 2.59197 1
111 95 1 -2.58381 1
4 64 1 1.64011 1
4 65 1 0.194606 1
4 66 1 -1.996 1
4 67 1 3.31102 1
4 68 1 -1.26611 1
4 69 1 2.14829 1
4 70 1 0.4582 1
4 71 1 -0.273339 1
4 72 1 1.36571 1
4 73 1 -1.01486 0
4 74 1 0.292886 1
4 75 1 -4.75812 0
4 76 1 1.01005 1
4 77 1 3.29289 1
4 78 1 1.53642 1
4 79 1 3.50438 1
4 80 1 -3.39598 1
4 81 1 0.826837 1
4 82 1 0.346461 1
4 83 1 -2.63778 1
4 84 1 0.506459 1
4 85 1 2.44088 1
4 86 1 2.63902 1
4 87 1 -0.537028 1
4 88 1 -2.66398 1
4 89 1 -1.129 1
4 90 1 3.57325 1
4 91 1 -5.92517 1
4 92 1 -1.54139 1
4 93 1 -0.114091 0
4 94 1 -1.75601 1
4 95 1 1.8909 1
4 101 1 2.70657 1
4 17 1 3.75694 1
4 118 1 1.61744 1
4 145 1 1.56276 1
145 93 1 0.836243 1
118 73 1 -2.57752 1
101 75 1 0.759212 1
5 64 1 -2.25553 1
5 65 1 1.66895 1
5 66 1 -2.01738 1
5 67 1 6.26585 1
5 68 1 3.35678 1
5 69 1 3.95946 1
5 70 1 -2.10481 1
5 71 1 -0.563161 1
5 72 1 1.07988 1
5 73 1 -2.17591 1
5 74 1 -1.34825 1
5 75 1 2.41535 1
5 76 1 3.86065 1
5 77 1 1.37117 1
5 78 1 -0.861979 1
5 79 1 0.534687 1
5 80 1 2.71364 1
5 81 1 -2.02512 1
5 82 1 0.665114 1
5 83 1 4.511 1
5 84 1 0.989716 1
5 85 1 2.45994 1
5 86 1 -3.29528 1
5 87 1 0.869276 1
5 88 1 -1.79308 1
5 89 1 -2.99161 1
5 90 1 -1.60658 1
5 91 1 -0.303285 1
5 92 1 -1.54761 1
5 93 1 1.12785 1
5 94 1 -1.17636 1
5 95 1 -0.103137 1
5 28 1 2.07805 1
6 64 1 0.455642 1
6 65 1 -1.64445 1
6 66 1 2.23787 1
6 67 1 2.60077 1
6 68 1 -4.50108 1
6 69 1 -1.63666 1
6 70 1 -2.15567 1
6 71 1 -0.214781 1
6 72 1 1.72742 1
6 73 1 -3.08223 1
6 74 1 -4.27233 1
6 75 1 0.9367 1
6 76 1 2.30364 1
6 77 1 -0.375277 1
6 78 1 -1.65259 1
6 79 1 -1.68161 1
6 80 1 3.21412 1
6 81 1 -0.267944 1
6 82 1 1.36198 1
6 83 1 2.26118 1
6 84 1 2.27858 1
6 85 1 -2.16257 1
6 86 1 -0.222061 1
6 87 1 2.7013 1
6 88 1 -3.47193 1
6 89 1 -1.4295 1
6 90 1 4.29464 1
6 91 1 -1.56045 1
6 92 1 3.45505 1
6 93 1 -3.5165 1
6 94 1 -3.10872 1
6 95 1 2.30356 1
6 26 1 0.405541 1
7 64 1 4.11378 1
7 65 1 1.30103 1
7 66 1 -1.42318 1
7 67 1 -5.32442 1
7 68 1 -2.05029 1
7 69 1 -1.01662 1
7 70 1 5.15546 1
7 71 1 1.17876 1
7 72 1 3.30462 1
7 73 1 -0.931957 1
7 74 1 -1.34356 1
7 75 1 -0.874123 1
7 76 1 3.11947 1
7 77 1 -0.338107 1
7 78 1 2.20497 1
7 79 1 2.33695 1
7 80 1 -0.210763 1
7 81 1 1.66471 1
7 82 1 -3.12784 0
7 83 1 2.28682 0
7 84 1 -2.27751 1
7 85 1 3.83887 1
7 86 1 1.22808 1
7 87 1 3.13478 1
7 88 1 -2.71404 1
7 89 1 -1.77078 1
7 90 1 0.192771 1
7 91 1 -2.56956 1
7 92 1 1.03737 1
7 93 1 -2.34557 1
7 94 1 -0.346187 1
7 95 1 3.02714 1
7 100 1 -0.694151 1
7 127 1 1.3801 1
127 82 1 -3.64739 1
100 83 1 1.99482 1
100 24 1 -1.38216 0
100 106 1 3.67261 1
106 24 1 -6.04623 1
106 6 1 -0.815281 1
8 64 1 2.61178 1
8 65 1 -2.82055 1
8 66 1 -0.32269 1
8 67 1 1.44913 1
8 68 1 -1.3016 1
8 69 1 3.11543 1
8 70 1 1.72672 1
8 71 1 3.23354 1
8 72 1 3.21926 1
8 73 1 -0.61266 1
8 74 1 0.485314 1
8 75 1 -2.46833 1
8 76 1 -0.789379 1
8 77 1 3.19822 1
8 78 1 -0.643316 1
8 79 1 -2.213 1
8 80 1 -0.0453005 1
8 81 1 -1.10776 1
8 82 1 0.956382 1
8 83 1 -3.33421 1
8 84 1 3.92588 1
8 85 1 8.51376 1
8 86 1 4.99945 1
8 87 1 0.772652 1
8 88 1 0.00131405 1
8 89 1 4.25979 1
8 90 1 -0.978444 1
8 91 1 -0.644463 1
8 92 1 2.69039 1
8 93 1 5.07646 1
8 94 1 5.77774 1
8 95 1 0.186474 1
8 17 1 -1.71705 1
9 64 1 -3.47823 1
9 65 1 -3.44531 1
9 66 1 1.56025 1
9 67 1 1.35927 1
9 68 1 -1.16622 1
9 69 1 0.753945 1
9 70 1 -5.29882 1
9 71 1 -0.712573 1
9 72 1 3.2039 1
9 73 1 -1.57303 1
9 74 1 0.589941 1
9 75 1 1.46509 1
9 76 1 1.96948 1
9 77 1 -0.323237 1
9 78 1 2.77118 1
9 79 1 1.82494 1
9 80 1 -1.68854 1
9 81 1 -0.633304 1
9 82 1 -2.58771 1
9 83 1 -0.386063 1
9 84 1 3.04065 1
9 85 1 1.77457 1
9 86 1 -1.77914 1
9 87 1 0.611064 1
9 88 1 -0.182783 1
9 89 1 5.30432 1
9 90 1 -0.48659 1
9 91 1 0.148869 1
9 92 1 -0.962519 1
9 93 1 -0.909951 1
9 94 1 -2.7814 1
9 95 1 0.944577 1
9 103 1 -1.05239 1
9 130 1 -0.754501 1
10 64 1 0.626544 1
10 65 1 -0.631632 1
10 66 1 6.38167 1
10 67 1 -5.2254 1
10 68 1 3.5714 1
10 69 1 -0.454901 1
10 70 1 -1.08334 1
10 71 1 -0.85802 1
10 72 1 5.48501 1
10 73 1 3.97247 1
10 74 1 1.46848 0
10 75 1 0.303908 1
10 76 1 2.50588 1
10 77 1 1.1461 1
10 78 1 -0.734953 1
10 79 1 -4.1935 1
10 80 1 -2.37168 1
10 81 1 2.91764 1
10 82 1 2.47166 1
10 83 1 2.02639 1
10 84 1 4.13506 1
10 85 1 3.2433 1
10 86 1 -1.45954 1
10 87 1 -0.291831 1
10 88 1 3.2645 1
10 89 1 0.11121 1
10 90 1 -0.39845 1
10 91 1 3.84808 1
10 92 1 0.0214426 1
10 93 1 -1.49061 1
10 94 1 3.69742 1
10 95 1 5.74062 1
10 124 1 1.67799 1
124 74 1 0.516409 1
11 64 1 3.04903 1
11 65 1 0.825829 1
11 66 1 2.67147 1
11 67 1 -1.51216 1
11 68 1 4.91224 1
11 69 1 0.709477 1
11 70 1 3.02407 1
11 71 1 1.79871 1
11 72 1 -2.84415 1
11 73 1 0.890865 1
11 74 1 -0.279275 0
11 75 1 -0.76773 1
11 76 1 -2.00671 1
11 77 1 -1.16185 1
11 78 1 -0.537396 1
11 79 1 -0.0788664 1
11 80 1 -2.84208 1
11 81 1 0.585431 1
11 82 1 5.621 1
11 83 1 2.09684 1
11 84 1 1.77928 1
11 85 1 -2.53105 1
11 86 1 -4.03648 1
11 87 1 -1.41891 1
11 88 1 -3.1487 1
11 89 1 -0.405358 1
11 90 1 -1.71563 1
11 91 1 0.0998854 1
11 92 1 -1.83515 1
11 93 1 3.29219 1
11 94 1 -1.47771 1
11 95 1 -4.14662 1
11 120 1 -4.70269 1
11 109 1 0.742663 1
120 74 1 -2.37662 1
120 13 1 -0.203568 0
120 150 1 2.02127 1
150 13 1 0.111822 1
12 64 1 -1.06917 1
12 65 1 0.156722 1
12 66 1 -1.27517 1
12 67 1 -2.81072 1
12 68 1 0.701859 1
12 69 1 1.4362 1
12 70 1 -0.725362 1
12 71 1 2.26135 1
12 72 1 1.91461 1
12 73 1 -4.16592 1
12 74 1 -3.76325 1
12 75 1 -3.03624 1
12 76 1 -0.493512 1
12 77 1 1.17031 1
12 78 1 -0.419078 1
12 79 1 -1.18336 1
12 80 1 -2.88197 1
12 81 1 -2.00897 1
12 82 1 3.1798 1
12 83 1 -0.47807 1
12 84 1 0.65071 1
12 85 1 -1.15329 1
12 86 1 -0.320817 1
12 87 1 0.894716 1
12 88 1 -3.55473 1
12 89 1 3.75293 1
12 90 1 -1.1714 1
12 91 1 -1.76884 1
12 92 1 2.04989 1
12 93 1 -2.7137 1
12 94 1 2.64501 1
12 95 1 -2.59115 1
12 17 1 -0.160866 1
12 18 1 0.373482 1
12 144 1 -0.685907 1
13 64 1 0.276862 1
13 65 1 -4.2546 1
13 66 1 -0.522257 1
13 67 1 2.08572 1
13 68 1 1.59171 1
13 69 1 -2.84465 1
13 70 1 0.242223 1
13 71 1 0.698683 1
13 72 1 0.841136 1
13 73 1 -3.69228 1
13 74 1 -2.61526 1
13 75 1 -1.2856 1
13 76 1 0.093435 1
13 77 1 -1.41461 1
13 78 1 2.15769 1
13 79 1 1.73726 1
13 80 1 1.41476 1
13 81 1 1.02991 1
13 82 1 -0.602838 1
13 83 1 2.62899 1
13 84 1 -2.49347 1
13 85 1 6.54766 1
13 86 1 5.38786 1
13 87 1 6.43659 1
13 88 1 2.68237 1
13 89 1 0.143387 1
13 90 1 -4.04563 1
13 91 1 -3.0801 1
13 92 1 -1.22801 1
13 93 1 -3.01822 1
13 94 1 1.01549 1
13 95 1 -3.77432 1
14 64 1 -2.16894 1
14 65 1 5.08563 1
14 66 1 0.628483 1
14 67 1 -0.408397 1
14 68 1 -1.93166 1
14 69 1 2.94598 1
14 70 1 -1.57019 1
14 71 1 0.322375 1
14 72 1 1.6045 1
14 73 1 -0.201716 1
14 74 1 0.303104 1
14 75 1 2.25304 1
14 76 1 -1.06755 1
14 77 1 3.09037 1
14 78 1 -3.05225 1
14 79 1 -1.26505 1
14 80 1 -1.02816 1
14 81 1 1.52517 0
14 82 1 4.55647 1
14 83 1 -0.658617 1
14 84 1 0.254408 1
14 85 1 -2.21585 1
14 86 1 2.08772 1
14 87 1 -2.31884 1
14 88 1 -0.455219 1
14 89 1 -0.250186 1
14 90 1 0.727512 1
14 91 1 3.81413 1
14 92 1 3.11404 1
14 93 1 1.09659 1
14 94 1 5.8608 1
14 95 1 0.309629 1
14 104 1 -2.16395 1
14 119 1 1.71269 1
119 81 1 4.45378 1
119 99 1 -1.33312 1
15 64 1 -1.02733 1
15 65 1 0.95974 1
15 66 1 -3.89356 1
15 67 1 -1.27951 1
15 68 1 0.215712 1
15 69 1 -1.77828 1
15 70 1 7.03984 1
15 71 1 -0.8438 1
15 72 1 -0.945498 1
15 73 1 -0.31549 1
15 74 1 1.50523 1
15 75 1 -1.4216 1
15 76 1 -0.440553 1
15 77 1 0.282548 1
15 78 1 -2.29217 1
15 79 1 -0.284154 1
15 80 1 1.11328 1
15 81 1 0.365768 1
15 82 1 -3.40671 1
15 83 1 -0.95462 1
15 84 1 2.62651 1
15 85 1 -1.24349 1
15 86 1 2.37017 1
15 87 1 -4.90943 1
15 88 1 0.368407 1
15 89 1 2.38961 1
15 90 1 0.274345 1
15 91 1 -4.24969 1
15 92 1 1.57559 1
15 93 1 -2.08901 1
15 94 1 1.57748 1
15 95 1 2.13235 1
15 20 1 0.353729 1
16 64 1 4.13258 1
16 65 1 0.0110845 1
16 66 1 -2.86744 1
16 67 1 -3.14676 1
16 68 1 1.12407 1
16 69 1 -0.688942 1
16 70 1 1.59403 1
16 71 1 3.59351 1
16 72 1 -0.467014 1
16 73 1 -2.79588 1
16 74 1 0.0409974 1
16 75 1 1.21788 1
16 76 1 0.0189545 1
16 77 1 1.24442 1
16 78 1 -1.53594 1
16 79 1 -0.539232 0
16 80 1 0.206306 1
16 81 1 2.49471 1
16 82 1 -2.08162 1
16 83 1 2.82356 1
16 84 1 -1.31796 1
16 85 1 -1.53751 1
16 86 1 -1.79932 1
16 87 1 -1.54973 1
16 88 1 0.366117 1
16 89 1 1.30266 1
16 90 1 -0.905403 1
16 91 1 2.08088 1
16 92 1 4.56166 1
16 93 1 -2.11217 1
16 94 1 -1.53083 1
16 95 1 -2.69759 1
16 26 1 -0.40461 1
16 151 1 1.17042 1
151 79 1 -0.716909 1
17 64 1 -2.98518 1
17 65 1 -0.611662 1
17 66 1 -2.02685 1
17 67 1 4.31136 1
17 68 1 -2.05236 1
17 69 1 0.617605 1
17 70 1 0.34976 1
17 71 1 2.08635 1
17 72 1 -5.70114 0
17 73 1 0.390742 1
17 74 1 4.03536 1
17 75 1 1.16061 1
17 76 1 -1.05027 1
17 77 1 3.12722 1
17 78 1 0.180648 1
17 79 1 -2.19509 1
17 80 1 5.32153 1
17 81 1 2.85167 1
17 82 1 -0.762325 1
17 83 1 -1.23329 1
17 84 1 -3.90007 1
17 85 1 1.68313 1
17 86 1 0.803303 1
17 87 1 -1.51274 1
17 88 1 -6.17145 1
17 89 1 1.88331 1
17 90 1 -3.62086 1
17 91 1 5.83146 1
17 92 1 0.10548 1
17 93 1 3.67394 1
17 94 1 2.82558 1
17 95 1 1.02038 1
17 146 1 2.32361 1
146 72 1 -4.99142 1
18 64 1 2.15093 1
18 65 1 -1.09716 1
18 66 1 1.89389 1
18 67 1 1.23299 1
18 68 1 0.102773 1
18 69 1 0.253833 1
18 70 1 1.96226 1
18 71 1 0.396136 1
18 72 1 2.62861 1
18 73 1 -0.0643787 1
18 74 1 2.00485 1
18 75 1 -0.0344326 1
18 76 1 4.24744 1
18 77 1 -1.19794 1
18 78 1 2.57066 1
18 79 1 1.22099 1
18 80 1 -4.51543 1
18 81 1 2.20197 1
18 82 1 -3.26383 1
18 83 1 2.96498 1
18 84 1 -2.14025 1
18 85 1 1.22125 1
18 86 1 5.87543 1
18 87 1 -1.16606 1
18 88 1 0.601293 1
18 89 1 -3.09274 1
18 90 1 1.05728 1
18 91 1 1.83686 1
18 92 1 -2.61828 1
18 93 1 -0.744214 1
18 94 1 -1.18413 1
18 95 1 0.475763 1
18 25 1 0.0772104 1
18 18 1 0.989391 1
18 139 1 0.208819 1
19 64 1 4.60239 1
19 65 1 -2.11526 1
19 66 1 3.87994 1
19 67 1 -0.706391 1
19 68 1 -3.55464 1
19 69 1 1.68849 1
19 70 1 -0.912581 1
19 71 1 -2.17049 1
19 72 1 2.06917 1
19 73 1 1.39428 1
19 74 1 -0.724634 1
19 75 1 0.946146 1
19 76 1 -2.85886 1
19 77 1 -1.97193 1
19 78 1 -4.04535 1
19 79 1 3.16076 1
19 80 1 0.705445 1
19 81 1 -3.06112 1
19 82 1 0.00729757 1
19 83 1 -4.01709 1
19 84 1 0.403127 1
19 85 1 1.14927 1
19 86 1 0.689296 1
19 87 1 3.03404 1
19 88 1 0.709283 1
19 89 1 5.08755 1
19 90 1 -1.34265 1
19 91 1 -0.934848 1
19 92 1 0.303355 1
19 93 1 -3.04842 1
19 94 1 -1.3971 1
19 95 1 -5.99577 1
20 64 1 1.52603 1
20 65 1 -1.04066 1
20 66 1 -2.15285 1
20 67 1 0.587324 1
20 68 1 -0.78159 1
20 69 1 -0.327315 1
20 70 1 -3.71213 1
20 71 1 3.38134 1
20 72 1 2.73689 1
20 73 1 1.25869 1
20 74 1 2.81698 1
20 75 1 2.90632 1
20 76 1 0.0587144 1
20 77 1 -0.107568 1
20 78 1 2.35772 1
20 79 1 2.01569 1
20 80 1 1.04418 1
20 81 1 1.03924 1
20 82 1 2.49927 1
20 83 1 2.03459 1
20 84 1 1.70666 1
20 85 1 -4.32181 1
20 86 1 0.106842 1
20 87 1 0.199444 1
20 88 1 1.59737 1
20 89 1 0.800048 1
20 90 1 3.41711 1
20 91 1 0.55823 0
20 92 1 0.429421 1
20 93 1 0.146397 0
20 94 1 3.98083 0
20 95 1 -1.34411 1
20 96 1 -4.08354 1
20 98 1 -0.943493 1
20 103 1 1.4895 1
20 109 1 0.189131 1
103 91 1 1.08819 0
103 105 1 1.7845 1
103 112 1 -1.75938 0
103 123 1 0.0130858 1
103 140 1 -1.08504 1
140 112 1 2.17493 1
123 91 1 0.250671 1
123 113 1 0.571182 0
123 136 1 1.58972 1
123 137 1 -0.882541 1
136 113 1 -1.769 1
105 91 1 2.38017 0
105 129 1 -0.655938 1
129 91 1 -0.762451 0
129 135 1 2.28343 1
129 116 1 1.15651 1
135 91 1 -0.0951187 1
98 93 1 -0.630731 1
98 99 1 4.79212 1
98 15 1 -0.173583 1
96 94 1 2.23884 1
96 20 1 0.148781 1
21 64 1 1.9879 1
21 65 1 5.84744 1
21 66 1 -3.7975 1
21 67 1 -4.27282 1
21 68 1 -1.6647 1
21 69 1 1.34973 1
21 70 1 -0.646311 1
21 71 1 -3.52354 1
21 72 1 -8.03623 1
21 73 1 -0.961388 1
21 74 1 -1.03447 1
21 75 1 1.52251 1
21 76 1 -1.15342 1
21 77 1 -0.684754 1
21 78 1 -1.88837 1
21 79 1 -0.772617 1
21 80 1 1.98203 1
21 81 1 -2.51482 1
21 82 1 -2.07501 1
21 83 1 -0.151753 1
21 84 1 4.3612 1
21 85 1 -0.725334 1
21 86 1 1.07548 1
21 87 1 -0.915746 1
21 88 1 3.2721 1
21 89 1 -0.142765 1
21 90 1 -0.0325468 1
21 91 1 0.68298 0
21 92 1 1.72202 1
21 93 1 0.338655 1
21 94 1 -5.3309 1
21 95 1 -0.0768064 1
21 143 1 2.83213 1
143 91 1 -0.517021 1
22 64 1 1.8911 1
22 65 1 0.334639 1
22 66 1 0.0466974 1
22 67 1 4.46123 1
22 68 1 -1.49354 1
22 69 1 -2.00814 1
22 70 1 -2.32455 1
22 71 1 1.03835 1
22 72 1 -4.05859 1
22 73 1 -0.967501 1
22 74 1 -3.92544 1
22 75 1 -1.64267 1
22 76 1 1.73552 1
22 77 1 -0.0604461 1
22 78 1 3.92784 1
22 79 1 5.90342 1
22 80 1 -0.0206167 1
22 81 1 -1.16537 1
22 82 1 -0.131539 1
22 83 1 -1.48853 1
22 84 1 -2.23798 1
22 85 1 0.266498 1
22 86 1 0.768942 1
22 87 1 5.73523 1
22 88 1 -3.51576 1
22 89 1 -0.439704 1
22 90 1 2.29358 1
22 91 1 1.25503 1
22 92 1 1.26336 1
22 93 1 1.9016 1
22 94 1 4.67395 1
22 95 1 2.724 1
23 64 1 -2.52036 1
23 65 1 1.91085 1
23 66 1 0.105942 1
23 67 1 2.55421 1
23 68 1 -1.60696 1
23 69 1 1.62805 1
23 70 1 5.03513 1
23 71 1 -3.42855 1
23 72 1 -0.187432 1
23 73 1 -0.600065 1
23 74 1 2.05394 1
23 75 1 0.618844 1
23 76 1 3.41652 1
23 77 1 2.73438 1
23 78 1 -0.387653 1
23 79 1 -4.53326 1
23 80 1 1.03056 1
23 81 1 0.557877 1
23 82 1 -3.18132 1
23 83 1 2.11652 1
23 84 1 4.7283 1
23 85 1 -2.19909 1
23 86 1 -8.56982 1
23 87 1 0.455904 1
23 88 1 1.59355 1
23 89 1 -0.438219 1
23 90 1 -2.12815 1
23 91 1 -1.09569 1
23 92 1 0.262248 1
23 93 1 2.58752 1
23 94 1 -3.08328 1
23 95 1 -0.0803031 1
23 107 1 1.10426 1
23 27 1 -0.674835 1
24 64 1 -1.16639 1
24 65 1 3.23621 1
24 66 1 -0.964186 1
24 67 1 5.00058 1
24 68 1 -4.85252 1
24 69 1 3.78143 1
24 70 1 -0.140078 1
24 71 1 3.45882 1
24 72 1 1.50345 1
24 73 1 1.62848 1
24 74 1 0.0920369 1
24 75 1 0.370225 1
24 76 1 -0.978563 1
24 77 1 -0.236181 1
24 78 1 -4.399 1
24 79 1 -1.39589 1
24 80 1 3.60942 1
24 81 1 2.09566 1
24 82 1 0.920608 1
24 83 1 -3.57931 1
24 84 1 -4.41759 1
24 85 1 -1.31563 1
24 86 1 -4.0664 1
24 87 1 2.43668 1
24 88 1 -2.49415 1
24 89 1 6.60857 1
24 90 1 3.14679 1
24 91 1 -3.27698 1
24 92 1 0.0234816 1
24 93 1 0.466143 1
24 94 1 -0.000527551 1
24 95 1 -1.24294 1
24 5 1 0.729825 1
25 64 1 0.485645 1
25 65 1 1.32854 1
25 66 1 -0.243442 1
25 67 1 -1.41894 1
25 68 1 2.47079 1
25 69 1 -4.54827 1
25 70 1 0.322775 0
25 71 1 -3.29353 1
25 72 1 2.19753 1
25 73 1 0.753251 1
25 74 1 2.2655 1
25 75 1 -1.70522 1
25 76 1 -0.29774 1
25 77 1 -0.13678 1
25 78 1 2.17616 1
25 79 1 0.310162 1
25 80 1 -0.642672 1
25 81 1 -3.17117 1
25 82 1 -0.784031 1
25 83 1 4.14095 1
25 84 1 -1.18618 1
25 85 1 -1.5194 1
25 86 1 1.16157 1
25 87 1 1.66795 1
25 88 1 0.385098 1
25 89 1 1.72017 1
25 90 1 -2.31858 1
25 91 1 1.57755 1
25 92 1 1.78075 1
25 93 1 -0.694511 1
25 94 1 -0.593958 1
25 95 1 -2.70022 1
25 8 1 0.164386 1
25 6 1 -1.26069 1
25 121 1 -1.79763 1
121 70 1 6.16072 1
26 64 1 -2.32649 1
26 65 1 2.72323 1
26 66 1 0.497117 1
26 67 1 1.55946 1
26 68 1 0.6468 1
26 69 1 2.95294 1
26 70 1 -2.90325 1
26 71 1 1.17907 1
26 72 1 -1.41068 1
26 73 1 0.981935 1
26 74 1 -5.76424 1
26 75 1 2.66317 1
26 76 1 0.434026 1
26 77 1 -4.27276 1
26 78 1 3.37627 1
26 79 1 -0.876474 1
26 80 1 0.448831 1
26 81 1 3.77144 1
26 82 1 1.26114 1
26 83 1 0.693373 1
26 84 1 -4.88143 1
26 85 1 2.16704 1
26 86 1 -4.33316 1
26 87 1 0.707889 1
26 88 1 -3.3421 1
26 89 1 -0.37146 1
26 90 1 -3.48425 1
26 91 1 -3.75204 1
26 92 1 -0.494783 1
26 93 1 0.691817 1
26 94 1 1.25424 1
26 95 1 -0.499552 1
26 23 1 3.65776 1
26 15 1 2.93459 1
27 64 1 -3.48066 1
27 65 1 3.03287 1
27 66 1 3.88771 1
27 67 1 -1.56531 1
27 68 1 0.961659 1
27 69 1 2.07061 1
27 70 1 3.73402 1
27 71 1 -6.49302 1
27 72 1 -0.690584 1
27 73 1 1.78653 1
27 74 1 -1.74956 1
27 75 1 1.59139 1
27 76 1 -3.06313 1
27 77 1 -1.34297 1
27 78 1 -0.463415 1
27 79 1 1.13316 1
27 80 1 -2.23093 1
27 81 1 -1.73931 1
27 82 1 1.38454 1
27 83 1 1.17624 1
27 84 1 1.03812 1
27 85 1 0.621967 1
27 86 1 -1.74787 1
27 87 1 0.975238 1
27 88 1 -4.17544 1
27 89 1 -5.55319 1
27 90 1 3.12804 1
27 91 1 -1.97622 1
27 92 1 -0.79834 1
27 93 1 -0.641727 1
27 94 1 1.95814 1
27 95 1 -1.55425 1
27 9 1 1.6432 1
27 5 1 -2.59634 1
28 64 1 3.9651 1
28 65 1 -0.604698 1
28 66 1 -2.53222 1
28 67 1 4.91296 1
28 68 1 3.61366 1
28 69 1 2.23775 1
28 70 1 -0.115136 1
28 71 1 -1.46158 1
28 72 1 -6.36541 1
28 73 1 0.987352 1
28 74 1 -1.62672 1
28 75 1 0.722896 1
28 76 1 0.0349338 1
28 77 1 2.10136 1
28 78 1 -2.84009 1
28 79 1 0.442584 1
28 80 1 1.94344 1
28 81 1 -1.67442 1
28 82 1 2.93947 1
28 83 1 2.88018 1
28 84 1 2.94054 1
28 85 1 -7.32454 1
28 86 1 -2.84601 1
28 87 1 -2.09477 1
28 88 1 -3.92524 1
28 89 1 1.31754 1
28 90 1 -3.03526 1
28 91 1 -0.955243 1
28 92 1 2.75632 1
28 93 1 -2.50342 1
28 94 1 4.28117 1
28 95 1 -3.6266 1
29 64 1 -0.507291 1
29 65 1 -1.87499 1
29 66 1 -0.530837 1
29 67 1 1.70335 1
29 68 1 -7.52976 1
29 69 1 1.37918 1
29 70 1 -0.526782 1
29 71 1 -1.62006 1
29 72 1 0.360672 1
29 73 1 -1.02549 1
29 74 1 0.571957 1
29 75 1 0.171985 1
29 76 1 -0.881709 1
29 77 1 1.62299 1
29 78 1 -4.03813 1
29 79 1 -2.56415 1
29 80 1 2.48289 1
29 81 1 0.922412 1
29 82 1 1.29465 1
29 83 1 -0.52604 1
29 84 1 1.91377 1
29 85 1 -1.04522 1
29 86 1 -2.01709 1
29 87 1 -4.07949 1
29 88 1 -1.77115 1
29 89 1 -2.69466 1
29 90 1 -1.35235 1
29 91 1 0.348031 1
29 92 1 0.255595 1
29 93 1 1.50261 1
29 94 1 -2.77604 1
29 95 1 -0.382054 1
29 113 1 0.619584 1
30 64 1 -0.980906 1
30 65 1 1.3469 1
30 66 1 4.15581 1
30 67 1 1.33082 1
30 68 1 1.44204 1
30 69 1 2.28342 1
30 70 1 1.67308 1
30 71 1 -3.01378 1
30 72 1 0.445664 1
30 73 1 2.71261 1
30 74 1 -0.74326 1
30 75 1 3.35843 1
30 76 1 2.62592 1
30 77 1 -0.753077 1
30 78 1 2.74816 1
30 79 1 3.56666 1
30 80 1 -1.6562 1
30 81 1 -2.92276 1
30 82 1 3.65161 1
30 83 1 3.99946 1
30 84 1 2.11446 1
30 85 1 -2.96953 1
30 86 1 -1.19083 1
30 87 1 -2.87509 1
30 88 1 1.50622 1
30 89 1 -0.37024 1
30 90 1 2.37326 1
30 91 1 5.25997 1
30 92 1 -1.38058 1
30 93 1 2.18271 1
30 94 1 2.61917 1
30 95 1 -0.185611 1
30 28 1 0.237908 1
31 64 1 2.33559 1
31 65 1 -0.676428 1
31 66 1 -2.91538 1
31 67 1 5.54571 1
31 68 1 3.57952 1
31 69 1 0.702343 1
31 70 1 -3.7726 1
31 71 1 1.91495 1
31 72 1 -3.34646 1
31 73 1 -2.50693 1
31 74 1 2.9003 1
31 75 1 1.001 1
31 76 1 1.54384 1
31 77 1 -0.222199 1
31 78 1 -3.40833 1
31 79 1 1.15173 1
31 80 1 -0.561011 1
31 81 1 -2.77852 1
31 82 1 -0.866537 1
31 83 1 -0.538356 1
31 84 1 -2.54909 1
31 85 1 -3.47296 1
31 86 1 0.645773 1
31 87 1 -2.9759 0
31 88 1 3.99686 1
31 89 1 -0.725502 1
31 90 1 1.05731 1
31 91 1 -2.33561 1
31 92 1 0.0372059 1
31 93 1 1.55981 1
31 94 1 0.42234 1
31 95 1 -1.40707 1
31 122 1 2.15341 1
122 87 1 0.53766 1
32 64 1 7.51682 1
32 65 1 1.60928 1
32 66 1 -3.2614 1
32 67 1 1.90956 1
32 68 1 1.34036 1
32 69 1 1.83048 1
32 70 1 0.208086 1
32 71 1 2.72495 1
32 72 1 -3.36989 1
32 73 1 1.05314 1
32 74 1 -1.56357 1
32 75 1 3.45427 1
32 76 1 -2.06099 1
32 77 1 3.64195 1
32 78 1 -0.171111 1
32 79 1 2.03043 1
32 80 1 0.159005 1
32 81 1 -2.43376 1
32 82 1 -2.05614 1
32 83 1 -2.87757 1
32 84 1 1.69013 1
32 85 1 -3.1224 1
32 86 1 0.0616228 1
32 87 1 -0.936985 1
32 88 1 -1.09961 1
32 89 1 -3.41913 1
32 90 1 1.58364 1
32 91 1 -2.55895 1
32 92 1 1.86198 1
32 93 1 1.49193 1
32 94 1 -0.483936 1
32 95 1 -2.183 1
33 64 1 2.37101 1
33 65 1 -5.09478 1
33 66 1 -1.35179 1
33 67 1 -2.40602 1
33 68 1 -0.934278 1
33 69 1 -2.13706 1
33 70 1 3.5892 1
33 71 1 4.09379 1
33 72 1 1.23266 1
33 73 1 3.46258 1
33 74 1 3.06034 1
33 75 1 -5.89859 1
33 76 1 -1.62135 1
33 77 1 1.9935 1
33 78 1 -3.57346 1
33 79 1 -2.66603 1
33 80 1 1.71247 1
33 81 1 -1.89698 1
33 82 1 0.175452 1
33 83 1 1.00332 1
33 84 1 1.14812 1
33 85 1 1.28851 1
33 86 1 1.92946 1
33 87 1 1.54873 1
33 88 1 2.85985 1
33 89 1 4.5959 1
33 90 1 -2.0655 1
33 91 1 0.891233 1
33 92 1 1.66438 1
33 93 1 1.44038 1
33 94 1 0.172667 1
33 95 1 -0.918335 1
33 20 1 -2.23774 1
33 107 1 0.299212 1
33 13 1 -0.131669 1
34 64 1 0.0213562 1
34 65 1 -0.839808 1
34 66 1 2.36896 1
34 67 1 0.800881 1
34 68 1 0.626729 1
34 69 1 -0.44785 1
34 70 1 -1.69927 1
34 71 1 -0.758295 1
34 72 1 -1.95449 1
34 73 1 -4.37633 1
34 74 1 1.54753 1
34 75 1 5.91481 1
34 76 1 -1.46715 1
34 77 1 -0.779054 1
34 78 1 -1.58639 1
34 79 1 2.30398 1
34 80 1 2.81602 1
34 81 1 -1.00641 1
34 82 1 0.12952 1
34 83 1 1.77726 1
34 84 1 0.136002 1
34 85 1 -0.536431 1
34 86 1 -0.229526 1
34 87 1 -0.375777 1
34 88 1 0.92921 1
34 89 1 -1.04529 1
34 90 1 -6.20833 1
34 91 1 2.94035 1
34 92 1 1.36326 1
34 93 1 -2.65218 1
34 94 1 2.89223 1
34 95 1 2.11418 1
34 113 1 -0.437886 1
35 64 1 -0.584062 1
35 65 1 -0.793847 1
35 66 1 -0.179041 1
35 67 1 2.83112 1
35 68 1 0.967232 1
35 69 1 3.78644 1
35 70 1 2.85745 1
35 71 1 2.71546 1
35 72 1 2.9821 1
35 73 1 7.15307 1
35 74 1 2.66172 1
35 75 1 -0.223306 1
35 76 1 -3.53112 1
35 77 1 0.374607 1
35 78 1 -1.37031 1
35 79 1 1.83291 1
35 80 1 -7.83344 1
35 81 1 -1.4457 1
35 82 1 2.93407 0
35 83 1 0.303603 1
35 84 1 3.35878 1
35 85 1 -4.53902 1
35 86 1 -2.04239 1
35 87 1 -2.81356 1
35 88 1 -0.436937 1
35 89 1 0.807756 0
35 90 1 -1.47841 1
35 91 1 -1.48977 1
35 92 1 -3.26793 1
35 93 1 -2.30384 1
35 94 1 -1.41679 1
35 95 1 -0.428928 1
35 130 1 0.546523 1
35 133 1 4.36066 1
133 82 1 1.8289 1
130 89 1 1.30134 1
36 64 1 0.223436 1
36 65 1 1.37392 1
36 66 1 -0.555098 1
36 67 1 0.025959 1
36 68 1 -5.01607 1
36 69 1 -2.24403 1
36 70 1 -0.706477 1
36 71 1 1.70154 1
36 72 1 -1.38082 1
36 73 1 -0.37509 1
36 74 1 -1.02908 1
36 75 1 0.602229 1
36 76 1 1.14049 1
36 77 1 -4.62962 1
36 78 1 0.590781 1
36 79 1 2.87978 1
36 80 1 1.58681 1
36 81 1 -1.3156 1
36 82 1 -1.01597 0
36 83 1 -0.0631061 1
36 84 1 2.88999 1
36 85 1 -3.50851 1
36 86 1 1.40059 1
36 87 1 0.0527244 1
36 88 1 -0.0501957 1
36 89 1 1.35675 1
36 90 1 -3.02155 1
36 91 1 1.76898 1
36 92 1 4.23222 1
36 93 1 -0.563017 1
36 94 1 -3.16197 1
36 95 1 6.40514 1
36 109 1 0.764717 0
36 24 1 -0.825034 1
36 117 1 1.7415 1
117 109 1 1.09707 1
109 82 1 0.885481 1
109 31 1 -0.428911 1
37 64 1 -3.03581 1
37 65 1 2.16024 1
37 66 1 -1.84187 1
37 67 1 -0.958866 1
37 68 1 -3.87804 1
37 69 1 2.45107 1
37 70 1 -3.47271 1
37 71 1 -0.736107 1
37 72 1 2.22657 1
37 73 1 2.69373 1
37 74 1 -0.333633 1
37 75 1 0.983397 1
37 76 1 3.24851 0
37 77 1 3.29333 1
37 78 1 -1.3739 1
37 79 1 0.486677 1
37 80 1 3.09077 1
37 81 1 -0.439837 1
37 82 1 4.54074 1
37 83 1 1.64839 1
37 84 1 -3.51337 1
37 85 1 1.79569 1
37 86 1 -1.10904 1
37 87 1 1.5931 1
37 88 1 -2.8562 1
37 89 1 -1.92534 1
37 90 1 -0.470726 1
37 91 1 1.71191 1
37 92 1 2.78282 1
37 93 1 0.359036 1
37 94 1 -2.98587 1
37 95 1 -0.96359 1
37 142 1 2.5554 1
142 76 1 -1.32201 1
142 147 1 -1.42832 1
38 64 1 0.147133 1
38 65 1 -1.36883 1
38 66 1 -1.27182 1
38 67 1 -0.709563 1
38 68 1 -2.04275 1
38 69 1 -5.05849 1
38 70 1 -0.203361 1
38 71 1 -0.496919 1
38 72 1 0.391892 1
38 73 1 0.486139 1
38 74 1 -1.58278 1
38 75 1 1.76512 1
38 76 1 1.24057 1
38 77 1 -1.74274 1
38 78 1 -1.34756 1
38 79 1 -0.714726 1
38 80 1 -4.59057 1
38 81 1 -1.25774 1
38 82 1 2.46396 1
38 83 1 -0.954513 1
38 84 1 -2.79601 1
38 85 1 -4.59525 1
38 86 1 -0.331997 1
38 87 1 -0.0777943 1
38 88 1 1.30274 1
38 89 1 3.43741 1
38 90 1 0.475291 1
38 91 1 2.05856 1
38 92 1 1.99616 0
38 93 1 -2.05771 1
38 94 1 0.306409 1
38 95 1 -1.8772 1
38 148 1 1.58046 1
148 92 1 3.37968 1
39 64 1 1.11412 1
39 65 1 -2.20568 1
39 66 1 3.11922 1
39 67 1 -0.280884 1
39 68 1 1.03786 1
39 69 1 -0.141366 1
39 70 1 1.64056 1
39 71 1 -1.18566 1
39 72 1 -1.82858 1
39 73 1 -4.39126 1
39 74 1 1.58759 1
39 75 1 2.32672 0
39 76 1 3.56614 1
39 77 1 -0.204711 1
39 78 1 -2.68528 1
39 79 1 -3.03916 1
39 80 1 2.06371 1
39 81 1 -3.51959 1
39 82 1 0.695472 1
39 83 1 -0.189747 1
39 84 1 -1.88468 1
39 85 1 -0.433607 1
39 86 1 2.04122 1
39 87 1 1.42103 1
39 88 1 -2.02311 1
39 89 1 0.103927 1
39 90 1 3.88043 1
39 91 1 -1.33953 1
39 92 1 4.05659 1
39 93 1 0.192096 1
39 94 1 -4.44816 1
39 95 1 -0.839566 1
39 2 1 -4.16604 1
39 112 1 3.61218 1
39 13 1 -0.210654 1
39 104 1 -0.328129 1
112 75 1 -2.1313 1
112 138 1 -1.80406 1
40 64 1 -5.61849 1
40 65 1 -1.37183 1
40 66 1 2.03867 1
40 67 1 0.771565 1
40 68 1 2.00473 1
40 69 1 2.30646 1
40 70 1 -1.47751 1
40 71 1 0.660048 1
40 72 1 3.84183 1
40 73 1 1.50941 1
40 74 1 -1.70783 1
40 75 1 0.63531 1
40 76 1 -1.30972 1
40 77 1 3.17723 1
40 78 1 2.17503 1
40 79 1 -1.41868 1
40 80 1 -0.980237 1
40 81 1 0.047038 1
40 82 1 0.870385 1
40 83 1 -3.30957 1
40 84 1 0.16252 1
40 85 1 2.73798 1
40 86 1 2.34673 1
40 87 1 1.65386 1
40 88 1 0.764539 1
40 89 1 -0.266945 1
40 90 1 -1.69865 1
40 91 1 -1.55794 1
40 92 1 -2.77401 1
40 93 1 1.97445 1
40 94 1 0.545999 1
40 95 1 2.37223 1
40 2 1 -0.982116 1
40 134 1 1.02992 1
41 64 1 5.50633 1
41 65 1 -0.790231 1
41 66 1 0.42754 1
41 67 1 1.07009 1
41 68 1 2.50732 1
41 69 1 -0.40869 1
41 70 1 1.60336 1
41 71 1 0.41686 1
41 72 1 3.63851 1
41 73 1 -5.26271 1
41 74 1 -0.448648 1
41 75 1 2.22861 1
41 76 1 -3.05941 1
41 77 1 -1.58926 1
41 78 1 -3.13014 1
41 79 1 1.4898 1
41 80 1 1.60516 1
41 81 1 3.43907 1
41 82 1 -2.23417 1
41 83 1 1.49608 1
41 84 1 -3.30596 1
41 85 1 -0.721805 1
41 86 1 0.303667 1
41 87 1 1.12472 1
41 88 1 3.17446 1
41 89 1 -3.85186 1
41 90 1 -2.90299 1
41 91 1 0.108138 1
41 92 1 1.08627 1
41 93 1 -0.946121 1
41 94 1 -1.12048 1
41 95 1 0.268714 1
41 11 1 3.25954 1
41 29 1 -1.37222 1
41 97 1 -1.16219 1
42 64 1 1.30395 1
42 65 1 0.328964 1
42 66 1 -0.18424 1
42 67 1 -0.049155 1
42 68 1 -1.54566 1
42 69 1 -1.07164 1
42 70 1 -1.39351 1
42 71 1 -2.24983 1
42 72 1 -0.805408 1
42 73 1 -2.678 1
42 74 1 2.09272 1
42 75 1 -0.488421 1
42 76 1 -2.41143 1
42 77 1 -0.36682 1
42 78 1 -1.69673 1
42 79 1 0.63816 1
42 80 1 -0.975703 1
42 81 1 2.00058 1
42 82 1 1.55385 1
42 83 1 3.25178 1
42 84 1 1.73977 1
42 85 1 0.476099 1
42 86 1 0.869344 1
42 87 1 -3.26203 1
42 88 1 -0.984832 1
42 89 1 -1.01977 1
42 90 1 1.8057 1
42 91 1 2.85244 1
42 92 1 -1.5335 1
42 93 1 2.27891 1
42 94 1 -1.39508 1
42 95 1 2.32314 1
43 64 1 3.27794 1
43 65 1 -3.30999 1
43 66 1 2.13892 1
43 67 1 1.70463 1
43 68 1 0.0121209 1
43 69 1 -1.89855 1
43 70 1 0.914229 1
43 71 1 -3.39942 1
43 72 1 -0.864795 1
43 73 1 -8.11151 1
43 74 1 2.0489 1
43 75 1 -2.14701 1
43 76 1 -0.154677 1
43 77 1 0.653899 1
43 78 1 0.298586 1
43 79 1 -2.89233 1
43 80 1 -0.389991 1
43 81 1 1.50909 1
43 82 1 2.03272 1
43 83 1 -1.55208 1
43 84 1 0.286545 1
43 85 1 3.60414 1
43 86 1 0.911485 1
43 87 1 3.96293 1
43 88 1 0.280606 1
43 89 1 4.00329 1
43 90 1 0.0849599 1
43 91 1 -4.41008 1
43 92 1 3.41154 1
43 93 1 1.96318 1
43 94 1 -4.50272 1
43 95 1 1.84713 1
44 64 1 0.737005 1
44 65 1 -3.26907 1
44 66 1 0.63359 1
44 67 1 -3.02875 1
44 68 1 -0.257704 1
44 69 1 -1.42766 1
44 70 1 2.95676 1
44 71 1 1.57487 1
44 72 1 -2.43895 1
44 73 1 0.750961 1
44 74 1 -2.09982 1
44 75 1 -3.11414 1
44 76 1 -0.142169 1
44 77 1 1.52362 1
44 78 1 1.78509 1
44 79 1 1.21461 1
44 80 1 4.95065 1
44 81 1 -2.39744 1
44 82 1 0.978369 1
44 83 1 -1.61605 1
44 84 1 -0.0812559 1
44 85 1 -0.0936701 1
44 86 1 0.608458 1
44 87 1 1.65723 1
44 88 1 0.620846 1
44 89 1 1.00611 1
44 90 1 0.115515 1
44 91 1 -0.755586 1
44 92 1 -0.16804 1
44 93 1 3.41707 1
44 94 1 -1.98361 1
44 95 1 -1.34285 1
44 8 1 -0.301398 1
44 29 1 1.71914 1
45 64 1 -1.03176 1
45 65 1 2.94439 1
45 66 1 -0.118588 1
45 67 1 1.32153 1
45 68 1 -1.50823 1
45 69 1 -7.13947 1
45 70 1 -4.41675 1
45 71 1 0.828431 1
45 72 1 -5.18265 1
45 73 1 3.9654 1
45 74 1 3.19845 1
45 75 1 4.00887 1
45 76 1 -0.696063 1
45 77 1 0.472682 1
45 78 1 -2.76558 1
45 79 1 2.38542 1
45 80 1 -2.69911 1
45 81 1 0.994225 1
45 82 1 -1.66144 1
45 83 1 -3.17371 1
45 84 1 3.08863 1
45 85 1 -3.89294 1
45 86 1 1.72769 1
45 87 1 -0.0530226 1
45 88 1 -0.639856 1
45 89 1 -3.97352 1
45 90 1 0.576651 1
45 91 1 4.06342 1
45 92 1 -3.45332 1
45 93 1 -6.3656 1
45 94 1 2.47895 1
45 95 1 -3.52291 1
45 9 1 3.26453 1
45 20 1 -0.193087 1
46 64 1 -0.563361 1
46 65 1 -1.64117 1
46 66 1 2.81792 1
46 67 1 2.80069 1
46 68 1 -5.37104 1
46 69 1 -1.13768 1
46 70 1 1.36929 1
46 71 1 -1.72743 1
46 72 1 2.16558 1
46 73 1 -2.74039 1
46 74 1 -1.18208 1
46 75 1 2.58617 1
46 76 1 -4.525 1
46 77 1 2.37626 1
46 78 1 -1.29857 1
46 79 1 -0.26756 1
46 80 1 3.61944 1
46 81 1 0.309281 1
46 82 1 0.361772 1
46 83 1 1.09813 1
46 84 1 -0.501861 1
46 85 1 2.37714 1
46 86 1 -0.67033 1
46 87 1 3.01412 1
46 88 1 -1.24422 1
46 89 1 -3.61855 1
46 90 1 -3.05215 1
46 91 1 1.683 1
46 92 1 1.49227 1
46 93 1 -1.88875 1
46 94 1 -0.971819 1
46 95 1 -0.614443 1
46 24 1 1.71021 1
47 64 1 -0.396781 1
47 65 1 -0.202805 1
47 66 1 -3.06364 1
47 67 1 5.77377 1
47 68 1 -1.61201 1
47 69 1 2.61341 1
47 70 1 -2.02312 1
47 71 1 0.545608 1
47 72 1 0.675674 1
47 73 1 5.49495 0
47 74 1 -1.06397 1
47 75 1 -1.78792 1
47 76 1 -2.21192 1
47 77 1 -7.27667 1
47 78 1 -2.47914 1
47 79 1 1.68932 1
47 80 1 3.93157 1
47 81 1 -5.87473 1
47 82 1 0.776392 1
47 83 1 -0.00956977 1
47 84 1 -3.03749 1
47 85 1 0.0265004 1
47 86 1 -3.62681 1
47 87 1 4.50882 1
47 88 1 1.68159 1
47 89 1 1.11803 1
47 90 1 6.86167 1
47 91 1 0.533833 1
47 92 1 -1.71122 1
47 93 1 1.06761 1
47 94 1 0.890935 1
47 95 1 -1.51188 1
47 4 1 0.241567 1
47 137 1 1.3767 1
137 73 1 3.64676 1
48 64 1 -0.0636574 1
48 65 1 0.171806 1
48 66 1 0.213747 1
48 67 1 -1.61779 1
48 68 1 -5.34591 1
48 69 1 -4.14866 1
48 70 1 -0.538213 1
48 71 1 0.254213 1
48 72 1 -2.91151 1
48 73 1 2.60089 1
48 74 1 5.85303 1
48 75 1 -5.13227 1
48 76 1 1.37079 1
48 77 1 -3.59317 1
48 78 1 -0.62961 1
48 79 1 2.74123 1
48 80 1 -0.119001 1
48 81 1 -2.36147 1
48 82 1 1.41731 1
48 83 1 0.201074 1
48 84 1 0.66505 1
48 85 1 0.608193 1
48 86 1 -1.65589 1
48 87 1 -0.883842 1
48 88 1 -1.79967 1
48 89 1 0.00676316 1
48 90 1 2.71963 1
48 91 1 1.39587 1
48 92 1 -5.47675 1
48 93 1 0.543386 1
48 94 1 3.05574 1
48 95 1 3.06476 1
48 16 1 1.5574 1
48 12 1 -0.302114 1
48 14 1 -3.22473 1
49 64 1 0.586217 1
49 65 1 -1.5049 1
49 66 1 0.238874 1
49 67 1 -1.27155 1
49 68 1 -1.71198 1
49 69 1 0.506572 1
49 70 1 1.15276 1
49 71 1 -4.42911 1
49 72 1 -0.409495 1
49 73 1 0.199843 1
49 74 1 2.98993 1
49 75 1 2.66342 1
49 76 1 -6.1005 1
49 77 1 -3.20524 1
49 78 1 -0.965781 1
49 79 1 1.37514 1
49 80 1 4.7309 1
49 81 1 -4.03722 1
49 82 1 1.72569 1
49 83 1 -1.80546 1
49 84 1 2.32506 1
49 85 1 -2.42078 1
49 86 1 0.436483 1
49 87 1 -0.422506 1
49 88 1 -0.937965 1
49 89 1 0.978802 1
49 90 1 -1.12704 1
49 91 1 1.18452 1
49 92 1 2.03868 1
49 93 1 -0.777245 1
49 94 1 1.19913 1
49 95 1 3.94358 1
49 19 1 -1.92584 1
49 31 1 -1.10076 1
49 15 1 -0.189971 1
50 64 1 -4.82634 1
50 65 1 -2.35417 1
50 66 1 2.1114 1
50 67 1 -0.859775 1
50 68 1 2.59315 1
50 69 1 -0.472402 1
50 70 1 0.295532 1
50 71 1 6.50063 1
50 72 1 -1.60631 1
50 73 1 5.46607 1
50 74 1 -2.44247 1
50 75 1 1.38101 1
50 76 1 -1.1383 1
50 77 1 1.41529 1
50 78 1 2.76425 1
50 79 1 -2.17578 1
50 80 1 1.39314 1
50 81 1 0.392172 1
50 82 1 -0.115342 1
50 83 1 2.88443 1
50 84 1 -1.62424 1
50 85 1 0.483013 1
50 86 1 2.45986 1
50 87 1 -2.53406 1
50 88 1 -3.42371 1
50 89 1 0.146427 1
50 90 1 0.191464 1
50 91 1 0.0151689 1
50 92 1 0.307907 1
50 93 1 -0.653817 1
50 94 1 -3.28078 1
50 95 1 1.92181 1
50 4 1 6.23648 1
50 22 1 -1.13762 1
51 64 1 -1.41066 1
51 65 1 3.05527 1
51 66 1 3.30116 1
51 67 1 -1.60206 1
51 68 1 -0.620931 1
51 69 1 -1.48338 1
51 70 1 2.78714 1
51 71 1 3.18605 1
51 72 1 -4.10436 1
51 73 1 -2.79987 0
51 74 1 -1.97631 1
51 75 1 5.04915 1
51 76 1 -2.27221 1
51 77 1 2.12489 1
51 78 1 3.77513 1
51 79 1 1.70872 1
51 80 1 0.728771 1
51 81 1 -3.14833 1
51 82 1 0.564634 1
51 83 1 3.83318 1
51 84 1 -2.5119 1
51 85 1 -2.30984 1
51 86 1 0.067352 1
51 87 1 1.22448 1
51 88 1 1.39216 1
51 89 1 1.01223 1
51 90 1 2.53621 1
51 91 1 0.941736 1
51 92 1 2.92517 1
51 93 1 4.63955 1
51 94 1 -5.13037 1
51 95 1 -2.3202 1
51 116 1 0.50575 1
51 12 1 -0.513405 1
116 73 1 -0.917258 0
116 134 1 0.587513 1
134 73 1 1.3591 1
52 64 1 -2.76669 1
52 65 1 3.62162 1
52 66 1 0.804635 1
52 67 1 0.509347 1
52 68 1 0.799291 1
52 69 1 5.0583 1
52 70 1 3.04674 1
52 71 1 -0.946454 1
52 72 1 -1.0229 1
52 73 1 3.34877 1
52 74 1 3.36833 1
52 75 1 0.33096 1
52 76 1 -3.46107 1
52 77 1 0.331182 1
52 78 1 1.96659 1
52 79 1 0.746996 1
52 80 1 -0.40878 1
52 81 1 0.724688 1
52 82 1 -2.06408 1
52 83 1 -2.92688 1
52 84 1 0.865146 1
52 85 1 -1.48382 1
52 86 1 -3.36753 1
52 87 1 -0.0206103 1
52 88 1 2.33652 1
52 89 1 -1.82135 1
52 90 1 -0.316454 1
52 91 1 -1.04733 1
52 92 1 0.97162 1
52 93 1 -3.08019 0
52 94 1 2.29643 1
52 95 1 0.0663574 1
52 115 1 -0.42726 1
52 139 1 0.380116 1
139 93 1 -2.08519 1
53 64 1 -2.84505 1
53 65 1 -0.0467887 1
53 66 1 -0.233613 1
53 67 1 -0.35593 1
53 68 1 2.52491 1
53 69 1 0.804311 1
53 70 1 -0.788751 0
53 71 1 0.122691 1
53 72 1 -1.17696 1
53 73 1 0.520642 1
53 74 1 -1.02282 1
53 75 1 -2.97527 1
53 76 1 0.078896 1
53 77 1 2.29949 1
53 78 1 -0.548332 1
53 79 1 -0.456541 1
53 80 1 1.50368 1
53 81 1 1.16688 1
53 82 1 2.31847 1
53 83 1 0.49948 1
53 84 1 1.42173 1
53 85 1 0.697302 1
53 86 1 1.95654 1
53 87 1 0.418011 1
53 88 1 -0.350757 1
53 89 1 -0.274472 1
53 90 1 -2.57351 1
53 91 1 0.214512 1
53 92 1 2.65955 1
53 93 1 0.104545 1
53 94 1 0.319108 1
53 95 1 -2.28264 1
53 20 1 4.41066 1
53 23 1 1.08725 1
53 149 1 0.690353 1
149 70 1 -2.04215 1
54 64 1 2.42295 1
54 65 1 -1.71122 1
54 66 1 -2.63684 1
54 67 1 0.633087 1
54 68 1 3.29646 1
54 69 1 -2.8597 1
54 70 1 0.400597 1
54 71 1 3.97147 1
54 72 1 0.545898 1
54 73 1 1.02359 1
54 74 1 -0.601715 1
54 75 1 -2.33801 1
54 76 1 -1.35203 1
54 77 1 2.98574 1
54 78 1 0.205492 1
54 79 1 0.85029 1
54 80 1 -0.233582 1
54 81 1 3.60485 1
54 82 1 -2.24445 1
54 83 1 5.95886 1
54 84 1 2.04833 1
54 85 1 -0.66002 1
54 86 1 -4.11373 1
54 87 1 -0.951624 1
54 88 1 1.56763 1
54 89 1 3.64875 1
54 90 1 -3.00223 1
54 91 1 3.27629 1
54 92 1 -0.715371 1
54 93 1 1.58752 1
54 94 1 -3.9062 1
54 95 1 -3.62166 1
54 30 1 -1.1243 1
54 144 1 0.342692 1
55 64 1 0.427164 1
55 65 1 -3.05171 1
55 66 1 -2.75759 1
55 67 1 -1.27752 1
55 68 1 -2.13227 1
55 69 1 2.70135 1
55 70 1 1.87531 1
55 71 1 -4.87607 1
55 72 1 2.45185 1
55 73 1 0.809781 1
55 74 1 2.01479 1
55 75 1 -3.18931 1
55 76 1 -4.28684 1
55 77 1 2.03501 1
55 78 1 0.526267 1
55 79 1 1.95222 1
55 80 1 -1.78066 1
55 81 1 1.76083 1
55 82 1 -1.14896 1
55 83 1 -0.328422 1
55 84 1 -0.260303 1
55 85 1 -5.70913 1
55 86 1 1.28444 1
55 87 1 1.58928 1
55 88 1 -2.59947 1
55 89 1 -0.968569 1
55 90 1 0.705621 1
55 91 1 1.33325 1
55 92 1 5.8765 1
55 93 1 -3.51702 1
55 94 1 -3.78908 1
55 95 1 -1.67515 0
55 28 1 4.59927 1
55 114 1 1.34073 1
114 95 1 -1.61799 1
56 64 1 2.38167 1
56 65 1 -4.53892 1
56 66 1 0.565764 1
56 67 1 -1.63814 1
56 68 1 -0.921709 0
56 69 1 -0.65329 1
56 70 1 -0.321669 1
56 71 1 1.60116 1
56 72 1 -0.467864 1
56 73 1 -0.706632 1
56 74 1 3.83948 1
56 75 1 3.76959 1
56 76 1 -3.63664 1
56 77 1 -0.0601028 1
56 78 1 -2.80487 1
56 79 1 0.0454868 1
56 80 1 -1.48938 1
56 81 1 3.59446 1
56 82 1 2.61126 1
56 83 1 -2.2486 1
56 84 1 -1.0021 1
56 85 1 -1.85856 1
56 86 1 2.02175 1
56 87 1 -2.53888 1
56 88 1 0.465256 1
56 89 1 -2.09793 1
56 90 1 -1.59015 1
56 91 1 -1.73736 1
56 92 1 2.05976 1
56 93 1 5.06666 1
56 94 1 -1.94106 1
56 95 1 0.373902 1
56 3 1 -2.62065 1
56 126 1 3.90855 1
126 68 1 0.540542 1
126 11 1 -1.89971 1
57 64 1 -3.92759 1
57 65 1 3.97811 1
57 66 1 -1.53098 1
57 67 1 -1.97736 1
57 68 1 3.03883 1
57 69 1 -0.539272 0
57 70 1 0.83965 1
57 71 1 2.83712 1
57 72 1 1.44553 1
57 73 1 -1.07494 1
57 74 1 2.55835 1
57 75 1 3.26176 1
57 76 1 2.23283 1
57 77 1 -4.54843 1
57 78 1 -1.54106 1
57 79 1 -2.81258 1
57 80 1 1.31219 1
57 81 1 3.74395 1
57 82 1 4.32091 1
57 83 1 -2.73024 1
57 84 1 -0.202319 1
57 85 1 -2.54333 1
57 86 1 -0.952969 1
57 87 1 1.85936 1
57 88 1 -0.872065 1
57 89 1 -0.427897 1
57 90 1 0.445829 1
57 91 1 -1.33019 1
57 92 1 -1.65575 1
57 93 1 0.168571 1
57 94 1 -0.919872 1
57 95 1 3.60318 1
57 104 1 3.04121 1
57 22 1 0.288864 1
104 69 1 1.71262 1
104 1 1 -0.598885 1
104 107 1 0.0505691 1
58 64 1 3.57962 1
58 65 1 -1.02616 1
58 66 1 -1.55839 1
58 67 1 -1.30782 1
58 68 1 -1.98246 1
58 69 1 -0.200981 1
58 70 1 -2.04969 1
58 71 1 0.821586 1
58 72 1 -0.448345 1
58 73 1 -2.01087 1
58 74 1 2.51797 1
58 75 1 3.60267 1
58 76 1 3.42793 1
58 77 1 1.8389 1
58 78 1 -1.30706 1
58 79 1 0.0976186 0
58 80 1 -4.29342 1
58 81 1 3.76047 1
58 82 1 0.625143 1
58 83 1 0.0132323 1
58 84 1 -1.55077 1
58 85 1 1.7776 1
58 86 1 1.85313 1
58 87 1 -2.16624 1
58 88 1 -2.22951 1
58 89 1 -0.742938 1
58 90 1 -1.68664 1
58 91 1 -2.76358 1
58 92 1 0.403959 1
58 93 1 2.19591 1
58 94 1 -2.1004 1
58 95 1 2.5558 1
58 128 1 1.24974 1
128 79 1 0.629615 0
128 131 1 -1.23014 1
131 79 1 0.496786 1
59 64 1 -1.81654 1
59 65 1 1.81491 1
59 66 1 1.90699 1
59 67 1 -2.21454 1
59 68 1 0.894145 1
59 69 1 -1.79122 1
59 70 1 -1.92148 1
59 71 1 2.03302 1
59 72 1 0.149761 1
59 73 1 -0.359378 1
59 74 1 -0.178345 1
59 75 1 -1.46325 1
59 76 1 2.35249 1
59 77 1 1.13205 0
59 78 1 1.67452 1
59 79 1 -2.00564 1
59 80 1 -0.312194 1
59 81 1 1.67767 1
59 82 1 -5.0612 1
59 83 1 3.27916 1
59 84 1 0.496243 1
59 85 1 -2.18939 1
59 86 1 -3.08257 1
59 87 1 1.21853 1
59 88 1 4.69699 1
59 89 1 -0.644764 1
59 90 1 1.07436 1
59 91 1 -1.92028 1
59 92 1 2.60829 1
59 93 1 2.63426 1
59 94 1 -6.00163 1
59 95 1 1.89472 1
59 97 1 1.36989 1
59 5 1 -2.83192 1
59 11 1 -0.73906 1
59 13 1 1.3565 1
97 77 1 -5.95895 1
97 22 1 -1.88097 1
97 2 1 -5.4026 0
97 99 1 2.64107 1
97 7 1 3.57469 0
97 102 1 1.85396 1
97 17 1 1.83397 1
102 7 1 4.55792 1
99 2 1 1.80068 0
99 108 1 4.32437 1
99 15 1 0.194695 1
108 2 1 -1.22355 0
108 125 1 4.37065 1
125 2 1 0.677448 1
60 64 1 3.0537 1
60 65 1 0.516656 1
60 66 1 0.771439 1
60 67 1 -0.678039 1
60 68 1 0.892776 1
60 69 1 1.51665 1
60 70 1 -2.79984 1
60 71 1 0.468266 1
60 72 1 0.619312 0
60 73 1 1.22241 1
60 74 1 0.824072 1
60 75 1 -0.431405 1
60 76 1 -0.438813 1
60 77 1 3.55545 1
60 78 1 -2.57159 1
60 79 1 0.0564259 1
60 80 1 -5.51172 1
60 81 1 -2.0513 1
60 82 1 -1.0238 1
60 83 1 -0.252996 1
60 84 1 -3.48988 1
60 85 1 4.5347 1
60 86 1 2.16921 1
60 87 1 0.182167 1
60 88 1 -4.621 1
60 89 1 0.327843 1
60 90 1 -2.18006 1
60 91 1 -0.0145666 1
60 92 1 -0.646006 1
60 93 1 2.69085 1
60 94 1 -1.15781 1
60 95 1 0.681975 1
60 24 1 -3.20814 1
60 0 1 3.01076 1
60 115 1 2.48201 1
60 3 1 -0.308231 1
115 72 1 -1.19166 1
115 18 1 1.00061 1
61 64 1 -0.361281 1
61 65 1 -0.797374 1
61 66 1 1.99267 1
61 67 1 0.623607 1
61 68 1 -3.57131 1
61 69 1 3.49152 1
61 70 1 0.284807 1
61 71 1 -1.0037 1
61 72 1 -0.991218 1
61 73 1 0.838625 1
61 74 1 2.39537 1
61 75 1 2.874 1
61 76 1 0.416703 1
61 77 1 0.639274 0
61 78 1 -0.259995 1
61 79 1 -0.068475 1
61 80 1 -0.321565 1
61 81 1 -0.934549 1
61 82 1 0.277462 1
61 83 1 0.281407 1
61 84 1 -2.62171 1
61 85 1 -1.49818 1
61 86 1 0.198622 1
61 87 1 1.88799 1
61 88 1 0.210199 1
61 89 1 1.10654 1
61 90 1 -0.460218 1
61 91 1 1.1101 1
61 92 1 -1.13342 1
61 93 1 -1.66998 1
61 94 1 0.651778 1
61 95 1 -1.34264 1
61 107 1 0.787614 1
61 113 1 -2.04668 1
61 14 1 -2.77861 1
107 77 1 -5.53269 0
107 113 1 -0.110115 1
107 14 1 -0.893027 1
113 77 1 -2.09465 1
113 23 1 -1.4148 1
113 147 1 0.0170636 1
62 64 1 0.58066 1
62 65 1 -2.47878 1
62 66 1 2.69506 1
62 67 1 -1.40881 1
62 68 1 1.94055 1
62 69 1 -1.14171 1
62 70 1 2.15003 1
62 71 1 -1.66224 1
62 72 1 1.27651 1
62 73 1 2.3206 1
62 74 1 4.50241 1
62 75 1 -0.109028 1
62 76 1 4.39789 1
62 77 1 -4.02775 1
62 78 1 -1.63472 1
62 79 1 -1.7891 1
62 80 1 -1.71948 1
62 81 1 0.221913 1
62 82 1 -2.41955 1
62 83 1 1.83172 1
62 84 1 -1.81466 0
62 85 1 0.312402 1
62 86 1 4.46549 1
62 87 1 -2.2219 1
62 88 1 0.473411 1
62 89 1 -1.70202 1
62 90 1 -6.10097 1
62 91 1 1.2867 1
62 92 1 -0.872327 1
62 93 1 -0.855661 1
62 94 1 1.68117 1
62 95 1 -0.875602 1
62 5 1 0.906918 1
62 138 1 2.34757 1
138 84 1 0.064824 1
63 64 1 2.62059 1
63 65 1 -1.64773 1
63 66 1 3.29157 1
63 67 1 0.424234 1
63 68 1 -0.628541 1
63 69 1 -4.31929 1
63 70 1 -1.04867 1
63 71 1 1.54884 1
63 72 1 -1.11089 1
63 73 1 0.533989 1
63 74 1 -6.67568 1
63 75 1 1.6227 1
63 76 1 -2.75201 0
63 77 1 1.53734 1
63 78 1 0.122173 1
63 79 1 0.202787 1
63 80 1 0.447694 1
63 81 1 -0.959107 1
63 82 1 1.4812 1
63 83 1 -3.0706 1
63 84 1 -1.96998 1
63 85 1 -3.71333 1
63 86 1 5.14756 1
63 87 1 -2.60461 0
63 88 1 -0.245887 1
63 89 1 -2.21746 1
63 90 1 3.05339 1
63 91 1 -0.622342 1
63 92 1 -0.361168 1
63 93 1 2.42649 1
63 94 1 -3.08549 1
63 95 1 0.345189 1
63 141 1 1.61173 1
63 144 1 0.556719 1
144 76 1 -1.93301 0
144 147 1 1.11493 1
147 76 1 -2.1716 1
141 87 1 -7.20129 1
141 10 1 -1.37108 1
