152 64 32
2.53248 -0.218522 -7.20859 4.85662 -3.87648 2.20853 1.02046 0.989621 0.281359 2.7509 2.59428 3.52366 -3.95212 -3.82719 -0.481323 -2.24354 0.393357 1.15335 -1.4383 -1.02317 -1.47786 0.550222 -1.3754 0.599575 -4.34835 -0.446235 3.38232 1.50243 -2.2647 -2.43354 -3.91673 1.59036 0.503053 0.395534 1.3592 2.23578 -3.34376 -0.381873 0.818793 -2.26852 -1.07805 1.44339 -1.31751 -4.70806 -3.31742 -1.15101 -2.7263 2.57814 -0.219969 3.26292 0.757471 -3.58991 -4.3062 -0.558692 -1.07516 4.30993 -2.24053 0.106551 1.14308 -1.59635 2.6897 -1.40033 -0.410428 -3.36632 -4.94221 -0.152822 3.28384 2.02279 -4.12847 1.64229 -2.88128 -1.63741 -2.88378 -3.10386 2.24464 3.65 -1.31986 0.117431 1.05601 -4.25349 -0.876245 -0.481149 -2.33674 0.56352 2.17169 0.326159 -3.13776 0.496967 3.91983 -0.0132852 -1.48426 2.78446 -1.47768 0.592375 0.71706 -1.43828 -1.99894 0.316187 -1.60599 -0.79169 1.91629 -3.46733 -5.21504 -2.77461 -2.92376 0.741892 -2.0024 -2.53625 -2.03891 1.32984 -1.10549 1.36765 2.13874 -3.56415 0.101648 -0.903162 -2.95327 -0.303196 -1.1744 -1.21698 1.07396 0.03153 0.325716 1.58417 1.28929 3.47571 1.11138 0.449543 0.975143 1.35555 -0.0967401 -0.7775 -0.964617 -1.081 -1.13855 -1.42441 -0.774015 -1.13768 -2.20767 -0.581233 0.197418 -0.0601684 -1.36752 0.448201 0.694744 0.505891 -0.355859 0.290039 0.399819 -1.85102 -0.0803334 0.315071 
0 64 1 -5.64719 1
0 65 1 2.0582 1
0 66 1 3.03344 1
0 67 1 0.270053 1
0 68 1 -0.919938 1
0 69 1 1.815 1
0 70 1 0.52255 1
0 71 1 0.158667 1
0 72 1 0.235284 1
0 73 1 -2.56505 1
0 74 1 -2.35765 1
0 75 1 0.927691 1
0 76 1 2.67712 1
0 77 1 1.15581 1
0 78 1 -2.68611 1
0 79 1 2.50163 1
0 80 1 2.78548 1
0 81 1 2.54526 1
0 82 1 3.78993 1
0 83 1 2.25346 1
0 84 1 -2.54 1
0 85 1 2.85293 1
0 86 1 -2.52973 1
0 87 1 -0.899844 1
0 88 1 -1.28247 1
0 89 1 1.70055 1
0 90 1 5.25002 1
0 91 1 5.05548 1
0 92 1 -3.24715 1
0 93 1 -1.781 1
0 94 1 1.80304 1
0 95 1 1.32401 1
0 10 1 -2.55275 1
1 64 1 -1.63752 1
1 65 1 -2.69957 1
1 66 1 1.59221 1
1 67 1 -3.50597 1
1 68 1 5.15995 1
1 69 1 -1.05469 1
1 70 1 1.83581 1
1 71 1 -1.29132 1
1 72 1 -1.69847 1
1 73 1 -1.66607 1
1 74 1 -2.86505 1
1 75 1 3.72342 1
1 76 1 -1.14036 1
1 77 1 5.4984 1
1 78 1 -2.13891 1
1 79 1 -0.170752 1
1 80 1 -3.19152 1
1 81 1 2.29199 1
1 82 1 -0.577803 1
1 83 1 -4.19909 1
1 84 1 -0.976266 1
1 85 1 -1.82257 1
1 86 1 2.07774 1
1 87 1 -1.50282 1
1 88 1 0.159405 1
1 89 1 3.38217 1
1 90 1 -1.58065 1
1 91 1 -2.05562 1
1 92 1 -2.03709 1
1 93 1 0.544373 1
1 94 1 -1.61109 1
1 95 1 -4.96809 1
1 27 1 0.905311 1
2 64 1 0.521071 1
2 65 1 0.949015 1
2 66 1 -3.02695 1
2 67 1 -1.43108 1
2 68 1 -1.98265 1
2 69 1 2.23049 1
2 70 1 -1.60436 1
2 71 1 4.67939 1
2 72 1 -2.0274 1
2 73 1 -2.94318 1
2 74 1 -3.9593 1
2 75 1 -0.461563 1
2 76 1 -4.80107 1
2 77 1 -0.370669 1
2 78 1 -1.75153 1
2 79 1 -3.99083 1
2 80 1 -4.62776 1
2 81 1 -3.94534 1
2 82 1 -0.735872 1
2 83 1 -3.28315 1
2 84 1 -0.520743 1
2 85 1 3.84776 1
2 86 1 -0.367278 1
2 87 1 -0.397945 1
2 88 1 -0.0701464 1
2 89 1 -3.49607 1
2 90 1 -2.94024 1
2 91 1 -1.04542 1
2 92 1 1.80569 1
2 93 1 -3.18398 1
2 94 1 2.51496 1
2 95 1 -0.925011 1
2 100 1 -0.893988 1
2 6 1 4.10429 1
2 110 1 0.352638 1
3 64 1 -3.06888 1
3 65 1 -0.906764 1
3 66 1 0.202654 1
3 67 1 0.769767 1
3 68 1 4.82082 1
3 69 1 -3.85369 1
3 70 1 -0.0571735 1
3 71 1 0.574913 1
3 72 1 7.68638 1
3 73 1 -0.772264 1
3 74 1 0.018126 1
3 75 1 2.08031 1
3 76 1 1.62471 1
3 77 1 -0.380333 1
3 78 1 -0.395818 1
3 79 1 0.266344 1
3 80 1 -3.27788 1
3 81 1 -1.7255 1
3 82 1 6.53483 1
3 83 1 1.10293 1
3 84 1 0.684097 1
3 85 1 -4.00807 1
3 86 1 -0.500484 1
3 87 1 1.86503 1
3 88 1 -1.38153 1
3 89 1 1.59472 1
3 90 1 0.517676 1
3 91 1 1.31933 1
3 92 1 -0.104659 1
3 93 1 -2.86086 1
3 94 1 -3.02361 1
3 95 1 1.72356 0
3 110 1 1.6513 1
110 95 1 -2.16866 0
110 111 1 -1.37294 0
110 132 1 2.06284 1
132 111 1 2.37985 1
111 95 1 -2.48518 1
4 64 1 1.78941 1
4 65 1 0.142463 1
4 66 1 -1.88117 1
4 67 1 3.63188 1
4 68 1 -0.97762 1
4 69 1 2.2775 1
4 70 1 0.4961 1
4 71 1 -0.260898 1
4 72 1 1.39108 1
4 73 1 -0.863467 0
4 74 1 0.327808 1
4 75 1 -4.67799 0
4 76 1 0.768042 1
4 77 1 3.24399 1
4 78 1 1.32387 1
4 79 1 3.55371 1
4 80 1 -3.32444 1
4 81 1 0.622695 1
4 82 1 0.120014 1
4 83 1 -2.5122 1
4 84 1 0.481889 1
4 85 1 2.30292 1
4 86 1 2.56383 1
4 87 1 -0.584944 1
4 88 1 -2.43829 1
4 89 1 -1.20014 1
4 90 1 3.75162 1
4 91 1 -5.83157 1
4 92 1 -1.63513 1
4 93 1 0.113875 0
4 94 1 -1.91409 1
4 95 1 1.90958 1
4 101 1 2.72421 1
4 17 1 3.53771 1
4 118 1 1.67998 1
4 145 1 1.52587 1
145 93 1 0.892205 1
118 73 1 -2.42959 1
101 75 1 0.973278 1
5 64 1 -2.52254 1
5 65 1 1.78522 1
5 66 1 -2.18876 1
5 67 1 6.56752 1
5 68 1 3.43353 1
5 69 1 3.98539 1
5 70 1 -1.9339 1
5 71 1 -0.651316 1
5 72 1 0.834073 1
5 73 1 -1.87852 1
5 74 1 -1.22041 1
5 75 1 2.43773 1
5 76 1 3.78537 1
5 77 1 1.25456 1
5 78 1 -0.856819 1
5 79 1 0.491643 1
5 80 1 2.79091 1
5 81 1 -1.9036 1
5 82 1 0.671377 1
5 83 1 4.49725 1
5 84 1 1.05296 1
5 85 1 2.67876 1
5 86 1 -3.15798 1
5 87 1 0.757798 1
5 88 1 -1.90159 1
5 89 1 -3.20484 1
5 90 1 -1.54605 1
5 91 1 -0.247423 1
5 92 1 -1.50197 1
5 93 1 1.31971 1
5 94 1 -1.37243 1
5 95 1 0.0279565 1
5 28 1 1.83883 1
6 64 1 0.555812 1
6 65 1 -1.8187 1
6 66 1 1.97925 1
6 67 1 2.60903 1
6 68 1 -4.31901 1
6 69 1 -1.65232 1
6 70 1 -2.24486 1
6 71 1 -0.219405 1
6 72 1 1.82299 1
6 73 1 -3.14417 1
6 74 1 -4.37356 1
6 75 1 0.923512 1
6 76 1 2.71258 1
6 77 1 -0.207243 1
6 78 1 -1.62968 1
6 79 1 -1.58961 1
6 80 1 3.3585 1
6 81 1 -0.455105 1
6 82 1 1.43241 1
6 83 1 1.91039 1
6 84 1 2.15567 1
6 85 1 -2.02875 1
6 86 1 0.0995406 1
6 87 1 2.90026 1
6 88 1 -3.33016 1
6 89 1 -1.30784 1
6 90 1 4.39266 1
6 91 1 -2.07151 1
6 92 1 3.52267 1
6 93 1 -3.44581 1
6 94 1 -3.23859 1
6 95 1 2.12789 1
6 26 1 0.776218 1
7 64 1 4.18862 1
7 65 1 1.30464 1
7 66 1 -1.17617 1
7 67 1 -5.27466 1
7 68 1 -2.30234 1
7 69 1 -1.01806 1
7 70 1 4.85176 1
7 71 1 1.19934 1
7 72 1 3.26947 1
7 73 1 -0.744814 1
7 74 1 -1.49763 1
7 75 1 -0.716067 1
7 76 1 2.38643 1
7 77 1 -0.565096 1
7 78 1 2.38611 1
7 79 1 2.25905 1
7 80 1 -0.292023 1
7 81 1 1.97803 1
7 82 1 -3.17303 0
7 83 1 2.43117 0
7 84 1 -2.36393 1
7 85 1 3.86064 1
7 86 1 1.11686 1
7 87 1 3.28106 1
7 88 1 -2.74675 1
7 89 1 -1.86735 1
7 90 1 0.0525763 1
7 91 1 -2.49766 1
7 92 1 1.05577 1
7 93 1 -2.33658 1
7 94 1 -0.319932 1
7 95 1 3.51015 1
7 100 1 -0.719079 1
7 127 1 1.18172 1
127 82 1 -3.58546 1
100 83 1 2.4076 1
100 24 1 -1.32644 0
100 106 1 3.66303 1
106 24 1 -5.99392 1
106 6 1 -0.985991 1
8 64 1 2.79611 1
8 65 1 -2.89256 1
8 66 1 -0.171455 1
8 67 1 1.40095 1
8 68 1 -1.21035 1
8 69 1 3.07853 1
8 70 1 1.63417 1
8 71 1 3.27883 1
8 72 1 3.3377 1
8 73 1 -0.705191 1
8 74 1 0.899116 1
8 75 1 -2.35314 1
8 76 1 -1.07326 1
8 77 1 3.11313 1
8 78 1 -0.422485 1
8 79 1 -2.24622 1
8 80 1 0.0881846 1
8 81 1 -1.55814 1
8 82 1 1.09597 1
8 83 1 -3.26146 1
8 84 1 3.97829 1
8 85 1 8.37795 1
8 86 1 5.13856 1
8 87 1 0.781298 1
8 88 1 -0.00271375 1
8 89 1 4.39054 1
8 90 1 -0.802156 1
8 91 1 -0.772744 1
8 92 1 2.61802 1
8 93 1 5.18723 1
8 94 1 5.71625 1
8 95 1 0.14539 1
8 17 1 -1.67772 1
9 64 1 -3.57223 1
9 65 1 -3.8309 1
9 66 1 1.64044 1
9 67 1 1.12008 1
9 68 1 -0.94273 1
9 69 1 1.07101 1
9 70 1 -5.2413 1
9 71 1 -1.05378 1
9 72 1 3.25035 1
9 73 1 -1.78015 1
9 74 1 0.734463 1
9 75 1 1.16573 1
9 76 1 2.02772 1
9 77 1 -0.230093 1
9 78 1 2.97292 1
9 79 1 1.66919 1
9 80 1 -1.93201 1
9 81 1 -0.542366 1
9 82 1 -2.42622 1
9 83 1 -0.326671 1
9 84 1 3.02173 1
9 85 1 2.01861 1
9 86 1 -1.87755 1
9 87 1 0.405379 1
9 88 1 -0.0449188 1
9 89 1 5.67392 1
9 90 1 -0.297935 1
9 91 1 0.153844 1
9 92 1 -0.981283 1
9 93 1 -0.845341 1
9 94 1 -2.84077 1
9 95 1 1.09237 1
9 103 1 -1.0348 1
9 130 1 -0.86698 1
10 64 1 0.735216 1
10 65 1 -0.456977 1
10 66 1 6.52586 1
10 67 1 -5.19455 1
10 68 1 3.40846 1
10 69 1 -0.319159 1
10 70 1 -1.00649 1
10 71 1 -0.638378 1
10 72 1 5.57183 1
10 73 1 3.77508 1
10 74 1 1.30804 0
10 75 1 0.083172 1
10 76 1 2.36849 1
10 77 1 1.08939 1
10 78 1 -0.767477 1
10 79 1 -4.49828 1
10 80 1 -2.30212 1
10 81 1 3.15626 1
10 82 1 2.52986 1
10 83 1 1.86817 1
10 84 1 4.27289 1
10 85 1 3.22514 1
10 86 1 -1.68287 1
10 87 1 -0.370786 1
10 88 1 3.24448 1
10 89 1 0.190321 1
10 90 1 -0.276838 1
10 91 1 3.70322 1
10 92 1 -0.0569415 1
10 93 1 -1.4369 1
10 94 1 3.72551 1
10 95 1 5.63419 1
10 124 1 1.62473 1
124 74 1 0.553343 1
11 64 1 2.86796 1
11 65 1 1.04128 1
11 66 1 2.69883 1
11 67 1 -1.41678 1
11 68 1 5.08257 1
11 69 1 0.270115 1
11 70 1 3.18173 1
11 71 1 1.9323 1
11 72 1 -3.07106 1
11 73 1 0.742024 1
11 74 1 -0.457811 0
11 75 1 -0.996191 1
11 76 1 -1.74028 1
11 77 1 -0.805319 1
11 78 1 -0.747991 1
11 79 1 -0.283147 1
11 80 1 -3.13724 1
11 81 1 0.649541 1
11 82 1 5.56752 1
11 83 1 2.187 1
11 84 1 1.96474 1
11 85 1 -2.56395 1
11 86 1 -4.17813 1
11 87 1 -1.28046 1
11 88 1 -3.52509 1
11 89 1 -0.391511 1
11 90 1 -2.03349 1
11 91 1 0.00292587 1
11 92 1 -1.88161 1
11 93 1 3.26371 1
11 94 1 -1.3501 1
11 95 1 -4.09336 1
11 120 1 -4.80736 1
11 109 1 0.480178 1
120 74 1 -2.30938 1
120 13 1 -0.2966 0
120 150 1 2.09496 1
150 13 1 0.188602 1
12 64 1 -1.01102 1
12 65 1 -0.163779 1
12 66 1 -1.23691 1
12 67 1 -3.13333 1
12 68 1 0.801411 1
12 69 1 1.35943 1
12 70 1 -0.697366 1
12 71 1 2.15601 1
12 72 1 1.70942 1
12 73 1 -4.12028 1
12 74 1 -3.51553 1
12 75 1 -2.96294 1
12 76 1 -0.603214 1
12 77 1 1.53282 1
12 78 1 -0.0742545 1
12 79 1 -0.978002 1
12 80 1 -3.08128 1
12 81 1 -2.35585 1
12 82 1 2.98405 1
12 83 1 -0.452611 1
12 84 1 0.658325 1
12 85 1 -0.821555 1
12 86 1 -0.311962 1
12 87 1 0.738807 1
12 88 1 -3.69566 1
12 89 1 3.49689 1
12 90 1 -0.904391 1
12 91 1 -1.79443 1
12 92 1 2.03696 1
12 93 1 -2.47917 1
12 94 1 2.67114 1
12 95 1 -2.59159 1
12 17 1 -0.267412 1
12 18 1 0.423933 1
12 144 1 -0.685265 1
13 64 1 0.382973 1
13 65 1 -4.48301 1
13 66 1 -0.581127 1
13 67 1 2.23539 1
13 68 1 1.66595 1
13 69 1 -2.74358 1
13 70 1 0.368226 1
13 71 1 0.65716 1
13 72 1 0.97747 1
13 73 1 -3.66371 1
13 74 1 -2.74431 1
13 75 1 -1.64657 1
13 76 1 0.0566586 1
13 77 1 -1.40983 1
13 78 1 2.08637 1
13 79 1 1.69423 1
13 80 1 1.40593 1
13 81 1 0.756188 1
13 82 1 -0.143729 1
13 83 1 2.42826 1
13 84 1 -2.40652 1
13 85 1 6.54118 1
13 86 1 5.46057 1
13 87 1 6.46768 1
13 88 1 2.72915 1
13 89 1 -0.00436872 1
13 90 1 -3.87306 1
13 91 1 -3.16117 1
13 92 1 -1.00461 1
13 93 1 -3.04265 1
13 94 1 1.30658 1
13 95 1 -3.76953 1
14 64 1 -2.4267 1
14 65 1 5.50226 1
14 66 1 0.635697 1
14 67 1 -0.58384 1
14 68 1 -1.65659 1
14 69 1 3.00128 1
14 70 1 -1.63654 1
14 71 1 0.531651 1
14 72 1 1.57541 1
14 73 1 -0.155642 1
14 74 1 0.466877 1
14 75 1 1.86453 1
14 76 1 -1.46556 1
14 77 1 2.92503 1
14 78 1 -3.15214 1
14 79 1 -1.41176 1
14 80 1 -1.14333 1
14 81 1 1.68447 0
14 82 1 4.59112 1
14 83 1 -0.590593 1
14 84 1 0.254303 1
14 85 1 -2.06176 1
14 86 1 2.06648 1
14 87 1 -2.00069 1
14 88 1 -0.621692 1
14 89 1 -0.279767 1
14 90 1 0.939095 1
14 91 1 3.76023 1
14 92 1 3.21719 1
14 93 1 1.06916 1
14 94 1 5.82976 1
14 95 1 0.326177 1
14 104 1 -1.92915 1
14 119 1 1.6602 1
119 81 1 4.6672 1
119 99 1 -1.23043 1
15 64 1 -1.20024 1
15 65 1 0.77466 1
15 66 1 -4.1668 1
15 67 1 -1.53043 1
15 68 1 0.479515 1
15 69 1 -1.8957 1
15 70 1 7.0417 1
15 71 1 -0.717384 1
15 72 1 -1.03753 1
15 73 1 -0.0161199 1
15 74 1 1.32955 1
15 75 1 -1.19115 1
15 76 1 -0.632465 1
15 77 1 0.257926 1
15 78 1 -2.23446 1
15 79 1 -0.705558 1
15 80 1 0.905124 1
15 81 1 0.470549 1
15 82 1 -3.41878 1
15 83 1 -1.2062 1
15 84 1 2.56683 1
15 85 1 -1.4436 1
15 86 1 2.44776 1
15 87 1 -4.95835 1
15 88 1 0.270589 1
15 89 1 2.60265 1
15 90 1 0.37143 1
15 91 1 -4.43273 1
15 92 1 1.60002 1
15 93 1 -2.02265 1
15 94 1 1.43553 1
15 95 1 2.30661 1
15 20 1 0.568302 1
16 64 1 4.19868 1
16 65 1 0.297097 1
16 66 1 -3.11047 1
16 67 1 -2.97668 1
16 68 1 1.18985 1
16 69 1 -0.613763 1
16 70 1 1.79356 1
16 71 1 3.65497 1
16 72 1 -0.800813 1
16 73 1 -2.55208 1
16 74 1 -0.0100541 1
16 75 1 1.33118 1
16 76 1 0.220987 1
16 77 1 1.22564 1
16 78 1 -1.58349 1
16 79 1 -0.18569 0
16 80 1 -0.0532765 1
16 81 1 2.3813 1
16 82 1 -2.32434 1
16 83 1 2.68531 1
16 84 1 -1.54825 1
16 85 1 -1.57652 1
16 86 1 -1.98563 1
16 87 1 -1.5879 1
16 88 1 0.367785 1
16 89 1 1.08387 1
16 90 1 -0.870896 1
16 91 1 1.86746 1
16 92 1 4.59979 1
16 93 1 -1.9205 1
16 94 1 -1.46043 1
16 95 1 -2.82944 1
16 26 1 -0.469787 1
16 151 1 1.2762 1
151 79 1 -0.254275 1
17 64 1 -2.80533 1
17 65 1 -1.01981 1
17 66 1 -2.34248 1
17 67 1 4.44786 1
17 68 1 -2.02625 1
17 69 1 0.706087 1
17 70 1 0.36033 1
17 71 1 1.99263 1
17 72 1 -5.50838 0
17 73 1 0.347576 1
17 74 1 4.17823 1
17 75 1 1.14812 1
17 76 1 -1.0583 1
17 77 1 3.16439 1
17 78 1 0.070394 1
17 79 1 -2.40882 1
17 80 1 5.34425 1
17 81 1 3.13087 1
17 82 1 -0.741782 1
17 83 1 -1.01135 1
17 84 1 -3.72816 1
17 85 1 1.77465 1
17 86 1 0.884179 1
17 87 1 -1.69213 1
17 88 1 -6.24209 1
17 89 1 1.77328 1
17 90 1 -3.43504 1
17 91 1 6.1204 1
17 92 1 0.219335 1
17 93 1 4.03699 1
17 94 1 2.74264 1
17 95 1 1.10236 1
17 146 1 2.37166 1
146 72 1 -4.77972 1
18 64 1 2.23405 1
18 65 1 -1.44195 1
18 66 1 2.10909 1
18 67 1 1.17353 1
18 68 1 0.15297 1
18 69 1 0.302739 1
18 70 1 2.09159 1
18 71 1 0.368978 1
18 72 1 2.65481 1
18 73 1 0.0229377 1
18 74 1 2.43886 1
18 75 1 0.242387 1
18 76 1 4.28276 1
18 77 1 -0.978439 1
18 78 1 2.30812 1
18 79 1 0.964556 1
18 80 1 -4.62481 1
18 81 1 2.29167 1
18 82 1 -3.04702 1
18 83 1 2.90113 1
18 84 1 -2.2862 1
18 85 1 1.18881 1
18 86 1 5.71882 1
18 87 1 -1.20053 1
18 88 1 0.619413 1
18 89 1 -3.06319 1
18 90 1 0.906535 1
18 91 1 1.68875 1
18 92 1 -2.34526 1
18 93 1 -0.853567 1
18 94 1 -1.4508 1
18 95 1 0.360095 1
18 25 1 -0.00583102 1
18 18 1 0.716454 1
18 139 1 -0.0587408 1
19 64 1 4.7349 1
19 65 1 -2.14873 1
19 66 1 4.08489 1
19 67 1 -0.654735 1
19 68 1 -3.50164 1
19 69 1 1.39668 1
19 70 1 -0.89738 1
19 71 1 -1.94138 1
19 72 1 2.00656 1
19 73 1 1.56348 1
19 74 1 -0.989571 1
19 75 1 0.858883 1
19 76 1 -2.72426 1
19 77 1 -1.91086 1
19 78 1 -3.98415 1
19 79 1 3.31213 1
19 80 1 0.883383 1
19 81 1 -2.78992 1
19 82 1 -0.320028 1
19 83 1 -4.21999 1
19 84 1 0.719606 1
19 85 1 1.15986 1
19 86 1 0.712438 1
19 87 1 2.88967 1
19 88 1 0.737646 1
19 89 1 4.91669 1
19 90 1 -1.36298 1
19 91 1 -0.948997 1
19 92 1 0.460688 1
19 93 1 -3.12443 1
19 94 1 -1.533 1
19 95 1 -6.05735 1
20 64 1 1.94769 1
20 65 1 -1.26596 1
20 66 1 -2.29642 1
20 67 1 0.792945 1
20 68 1 -1.06974 1
20 69 1 -0.000475474 1
20 70 1 -3.94066 1
20 71 1 3.50217 1
20 72 1 3.00976 1
20 73 1 1.42665 1
20 74 1 2.50828 1
20 75 1 2.7778 1
20 76 1 -0.184167 1
20 77 1 -0.258774 1
20 78 1 2.35669 1
20 79 1 1.93558 1
20 80 1 1.02791 1
20 81 1 0.859261 1
20 82 1 2.50612 1
20 83 1 2.23737 1
20 84 1 1.59636 1
20 85 1 -4.41223 1
20 86 1 0.0528841 1
20 87 1 0.150584 1
20 88 1 1.42131 1
20 89 1 0.775647 1
20 90 1 3.36129 1
20 91 1 0.403825 0
20 92 1 0.190234 1
20 93 1 -0.223086 0
20 94 1 3.9767 0
20 95 1 -1.05662 1
20 96 1 -3.96904 1
20 98 1 -1.10943 1
20 103 1 1.18707 1
20 109 1 0.109684 1
103 91 1 0.672938 0
103 105 1 1.8533 1
103 112 1 -1.71064 0
103 123 1 -0.228931 1
103 140 1 -1.2597 1
140 112 1 2.30555 1
123 91 1 0.141751 1
123 113 1 0.483955 0
123 136 1 1.40356 1
123 137 1 -0.494777 1
136 113 1 -1.95554 1
105 91 1 2.53733 0
105 129 1 -0.801561 1
129 91 1 -0.595493 0
129 135 1 2.15247 1
129 116 1 1.10909 1
135 91 1 -0.194419 1
98 93 1 -0.577677 1
98 99 1 4.7187 1
98 15 1 -0.365089 1
96 94 1 2.4259 1
96 20 1 0.307998 1
21 64 1 2.33937 1
21 65 1 6.03721 1
21 66 1 -3.6181 1
21 67 1 -4.32253 1
21 68 1 -1.58528 1
21 69 1 1.68144 1
21 70 1 -0.960422 1
21 71 1 -3.44213 1
21 72 1 -8.08771 1
21 73 1 -0.99995 1
21 74 1 -0.982957 1
21 75 1 1.31377 1
21 76 1 -1.20877 1
21 77 1 -0.66731 1
21 78 1 -1.67222 1
21 79 1 -0.904606 1
21 80 1 2.31262 1
21 81 1 -2.64403 1
21 82 1 -2.37647 1
21 83 1 -0.143847 1
21 84 1 4.65529 1
21 85 1 -0.595392 1
21 86 1 1.14263 1
21 87 1 -0.99452 1
21 88 1 3.25867 1
21 89 1 -0.204374 1
21 90 1 0.159651 1
21 91 1 1.10812 0
21 92 1 1.37781 1
21 93 1 0.141709 1
21 94 1 -5.08133 1
21 95 1 -0.144462 1
21 143 1 3.14979 1
143 91 1 -0.957865 1
22 64 1 1.79781 1
22 65 1 0.284082 1
22 66 1 -0.249266 1
22 67 1 4.57225 1
22 68 1 -1.59212 1
22 69 1 -2.01366 1
22 70 1 -2.12392 1
22 71 1 1.0614 1
22 72 1 -4.04277 1
22 73 1 -1.01281 1
22 74 1 -4.14069 1
22 75 1 -1.76648 1
22 76 1 1.52372 1
22 77 1 -0.0157341 1
22 78 1 3.95038 1
22 79 1 5.90202 1
22 80 1 0.141503 1
22 81 1 -1.13883 1
22 82 1 -0.250958 1
22 83 1 -1.53522 1
22 84 1 -1.9701 1
22 85 1 0.0809079 1
22 86 1 0.708248 1
22 87 1 5.79212 1
22 88 1 -3.44536 1
22 89 1 -0.784618 1
22 90 1 2.39958 1
22 91 1 1.27904 1
22 92 1 1.20178 1
22 93 1 1.62679 1
22 94 1 4.87875 1
22 95 1 2.59891 1
23 64 1 -2.22919 1
23 65 1 1.81655 1
23 66 1 0.147823 1
23 67 1 2.3115 1
23 68 1 -1.8086 1
23 69 1 1.67706 1
23 70 1 4.85547 1
23 71 1 -3.2963 1
23 72 1 -0.130468 1
23 73 1 -0.557364 1
23 74 1 1.91808 1
23 75 1 0.658042 1
23 76 1 3.03277 1
23 77 1 2.92254 1
23 78 1 -0.566293 1
23 79 1 -4.24732 1
23 80 1 1.21841 1
23 81 1 0.674503 1
23 82 1 -2.85955 1
23 83 1 2.02232 1
23 84 1 4.7031 1
23 85 1 -2.27588 1
23 86 1 -8.59418 1
23 87 1 0.48932 1
23 88 1 1.63052 1
23 89 1 -0.355241 1
23 90 1 -2.24231 1
23 91 1 -1.19372 1
23 92 1 0.213167 1
23 93 1 2.69525 1
23 94 1 -3.10886 1
23 95 1 -0.136506 1
23 107 1 1.26845 1
23 27 1 -0.708627 1
24 64 1 -1.06654 1
24 65 1 3.2766 1
24 66 1 -1.06404 1
24 67 1 5.25447 1
24 68 1 -4.77404 1
24 69 1 3.63634 1
24 70 1 -0.205154 1
24 71 1 3.60089 1
24 72 1 1.30346 1
24 73 1 1.65244 1
24 74 1 0.0509679 1
24 75 1 0.171877 1
24 76 1 -0.862278 1
24 77 1 -0.357378 1
24 78 1 -4.47697 1
24 79 1 -1.65513 1
24 80 1 3.50793 1
24 81 1 2.09143 1
24 82 1 0.855563 1
24 83 1 -3.85941 1
24 84 1 -4.60923 1
24 85 1 -1.38381 1
24 86 1 -4.21587 1
24 87 1 2.75339 1
24 88 1 -2.60861 1
24 89 1 6.44011 1
24 90 1 3.13451 1
24 91 1 -3.27611 1
24 92 1 0.000893219 1
24 93 1 0.561824 1
24 94 1 -0.299624 1
24 95 1 -1.50881 1
24 5 1 0.602622 1
25 64 1 0.629671 1
25 65 1 1.44257 1
25 66 1 -0.448946 1
25 67 1 -1.37938 1
25 68 1 2.66959 1
25 69 1 -4.49895 1
25 70 1 0.0796168 0
25 71 1 -3.09254 1
25 72 1 2.08478 1
25 73 1 0.707356 1
25 74 1 2.06317 1
25 75 1 -1.77049 1
25 76 1 -0.506583 1
25 77 1 -0.270922 1
25 78 1 2.3806 1
25 79 1 -0.01825 1
25 80 1 -0.633064 1
25 81 1 -3.15825 1
25 82 1 -0.677287 1
25 83 1 3.98734 1
25 84 1 -1.0782 1
25 85 1 -1.30218 1
25 86 1 1.61561 1
25 87 1 1.7632 1
25 88 1 0.0621261 1
25 89 1 1.67329 1
25 90 1 -2.64892 1
25 91 1 2.04089 1
25 92 1 1.26896 1
25 93 1 -0.596784 1
25 94 1 -1.09582 1
25 95 1 -2.8646 1
25 8 1 0.130687 1
25 6 1 -1.36724 1
25 121 1 -1.67105 1
121 70 1 6.18595 1
26 64 1 -2.25146 1
26 65 1 2.86889 1
26 66 1 0.562938 1
26 67 1 1.8342 1
26 68 1 0.601081 1
26 69 1 2.93883 1
26 70 1 -3.00938 1
26 71 1 1.43599 1
26 72 1 -1.5465 1
26 73 1 0.959412 1
26 74 1 -5.94133 1
26 75 1 2.51849 1
26 76 1 0.469417 1
26 77 1 -4.24686 1
26 78 1 3.42897 1
26 79 1 -0.646063 1
26 80 1 0.166584 1
26 81 1 3.55001 1
26 82 1 1.18524 1
26 83 1 0.676799 1
26 84 1 -4.70369 1
26 85 1 2.0735 1
26 86 1 -4.36517 1
26 87 1 0.429299 1
26 88 1 -3.24399 1
26 89 1 -0.614765 1
26 90 1 -3.31801 1
26 91 1 -3.84834 1
26 92 1 -0.192745 1
26 93 1 0.598715 1
26 94 1 1.4353 1
26 95 1 -0.692285 1
26 23 1 3.89694 1
26 15 1 3.04889 1
27 64 1 -3.64211 1
27 65 1 3.02602 1
27 66 1 3.70423 1
27 67 1 -1.48272 1
27 68 1 0.815614 1
27 69 1 2.25509 1
27 70 1 3.78257 1
27 71 1 -6.67728 1
27 72 1 -0.648543 1
27 73 1 1.59968 1
27 74 1 -1.77771 1
27 75 1 1.67611 1
27 76 1 -3.42796 1
27 77 1 -1.13765 1
27 78 1 -0.336682 1
27 79 1 0.951461 1
27 80 1 -2.12429 1
27 81 1 -1.62511 1
27 82 1 1.57263 1
27 83 1 1.13846 1
27 84 1 1.01352 1
27 85 1 0.671706 1
27 86 1 -1.85018 1
27 87 1 0.830867 1
27 88 1 -4.05547 1
27 89 1 -5.50841 1
27 90 1 3.28878 1
27 91 1 -1.8505 1
27 92 1 -0.823904 1
27 93 1 -0.739017 1
27 94 1 2.10815 1
27 95 1 -1.63791 1
27 9 1 1.62887 1
27 5 1 -2.58119 1
28 64 1 4.21767 1
28 65 1 -0.618399 1
28 66 1 -2.45467 1
28 67 1 4.68855 1
28 68 1 3.38489 1
28 69 1 2.06991 1
28 70 1 0.323543 1
28 71 1 -1.26206 1
28 72 1 -6.21342 1
28 73 1 0.86474 1
28 74 1 -1.57642 1
28 75 1 0.747201 1
28 76 1 0.25755 1
28 77 1 2.07036 1
28 78 1 -2.95454 1
28 79 1 0.74432 1
28 80 1 1.93069 1
28 81 1 -1.55191 1
28 82 1 3.1787 1
28 83 1 2.64091 1
28 84 1 3.27245 1
28 85 1 -6.90505 1
28 86 1 -3.03205 1
28 87 1 -2.02998 1
28 88 1 -3.98996 1
28 89 1 0.977746 1
28 90 1 -3.13881 1
28 91 1 -1.16678 1
28 92 1 2.94049 1
28 93 1 -2.57998 1
28 94 1 4.3778 1
28 95 1 -3.45838 1
29 64 1 -0.512021 1
29 65 1 -1.93987 1
29 66 1 -0.450703 1
29 67 1 1.43899 1
29 68 1 -7.37344 1
29 69 1 1.57508 1
29 70 1 -0.476365 1
29 71 1 -1.63583 1
29 72 1 0.329708 1
29 73 1 -1.07296 1
29 74 1 0.586066 1
29 75 1 0.0123272 1
29 76 1 -0.762586 1
29 77 1 1.51297 1
29 78 1 -4.04847 1
29 79 1 -2.71322 1
29 80 1 2.74345 1
29 81 1 0.955772 1
29 82 1 1.17333 1
29 83 1 -0.54205 1
29 84 1 1.81233 1
29 85 1 -0.914544 1
29 86 1 -2.02153 1
29 87 1 -3.9627 1
29 88 1 -1.8044 1
29 89 1 -2.54282 1
29 90 1 -1.2868 1
29 91 1 0.120513 1
29 92 1 0.407468 1
29 93 1 1.5832 1
29 94 1 -2.84469 1
29 95 1 -0.232705 1
29 113 1 0.817715 1
30 64 1 -0.963225 1
30 65 1 1.39413 1
30 66 1 4.04375 1
30 67 1 1.33278 1
30 68 1 1.46017 1
30 69 1 2.02665 1
30 70 1 1.32575 1
30 71 1 -3.33863 1
30 72 1 0.402758 1
30 73 1 2.49017 1
30 74 1 -0.522782 1
30 75 1 3.50497 1
30 76 1 2.49044 1
30 77 1 -0.651637 1
30 78 1 2.80313 1
30 79 1 3.64578 1
30 80 1 -1.7001 1
30 81 1 -2.57033 1
30 82 1 3.6559 1
30 83 1 4.02922 1
30 84 1 2.19339 1
30 85 1 -2.93038 1
30 86 1 -1.00799 1
30 87 1 -2.8612 1
30 88 1 1.41361 1
30 89 1 -0.573077 1
30 90 1 2.32288 1
30 91 1 5.2094 1
30 92 1 -1.29681 1
30 93 1 1.91777 1
30 94 1 2.29995 1
30 95 1 -0.131077 1
30 28 1 -0.0600798 1
31 64 1 2.41089 1
31 65 1 -0.532183 1
31 66 1 -2.7547 1
31 67 1 5.37883 1
31 68 1 3.16026 1
31 69 1 0.763635 1
31 70 1 -3.53284 1
31 71 1 1.87333 1
31 72 1 -3.30675 1
31 73 1 -2.7286 1
31 74 1 3.26191 1
31 75 1 1.03546 1
31 76 1 1.51637 1
31 77 1 -0.26637 1
31 78 1 -3.39582 1
31 79 1 1.26482 1
31 80 1 -0.616894 1
31 81 1 -2.7538 1
31 82 1 -1.08734 1
31 83 1 -0.702957 1
31 84 1 -2.75139 1
31 85 1 -3.57183 1
31 86 1 0.670928 1
31 87 1 -3.18064 0
31 88 1 3.76523 1
31 89 1 -0.82011 1
31 90 1 0.573549 1
31 91 1 -2.36743 1
31 92 1 0.421245 1
31 93 1 1.40947 1
31 94 1 0.463747 1
31 95 1 -1.28175 1
31 122 1 1.72311 1
122 87 1 0.861845 1
32 64 1 7.66496 1
32 65 1 1.62159 1
32 66 1 -3.28043 1
32 67 1 2.08504 1
32 68 1 1.1389 1
32 69 1 1.83552 1
32 70 1 0.0629289 1
32 71 1 2.90933 1
32 72 1 -3.1436 1
32 73 1 1.23695 1
32 74 1 -1.38998 1
32 75 1 3.15608 1
32 76 1 -1.59169 1
32 77 1 3.43797 1
32 78 1 -0.165403 1
32 79 1 2.06362 1
32 80 1 0.185406 1
32 81 1 -2.52335 1
32 82 1 -2.08592 1
32 83 1 -3.06609 1
32 84 1 1.65758 1
32 85 1 -3.36124 1
32 86 1 0.256396 1
32 87 1 -1.00755 1
32 88 1 -1.2482 1
32 89 1 -3.52217 1
32 90 1 1.55148 1
32 91 1 -2.42318 1
32 92 1 2.02318 1
32 93 1 1.09036 1
32 94 1 -0.336069 1
32 95 1 -1.92021 1
33 64 1 2.3637 1
33 65 1 -5.13885 1
33 66 1 -0.950898 1
33 67 1 -2.42938 1
33 68 1 -0.882699 1
33 69 1 -2.32396 1
33 70 1 3.39557 1
33 71 1 4.17094 1
33 72 1 1.42345 1
33 73 1 3.26241 1
33 74 1 3.19071 1
33 75 1 -5.97777 1
33 76 1 -1.79839 1
33 77 1 1.77348 1
33 78 1 -3.64877 1
33 79 1 -2.9105 1
33 80 1 1.47858 1
33 81 1 -1.72838 1
33 82 1 0.351435 1
33 83 1 1.16741 1
33 84 1 1.17636 1
33 85 1 1.57735 1
33 86 1 2.34184 1
33 87 1 1.59668 1
33 88 1 2.93107 1
33 89 1 4.53369 1
33 90 1 -2.24089 1
33 91 1 0.689685 1
33 92 1 1.82585 1
33 93 1 1.50593 1
33 94 1 0.206885 1
33 95 1 -0.597342 1
33 20 1 -2.36751 1
33 107 1 0.150734 1
33 13 1 -0.0965938 1
34 64 1 -0.275962 1
34 65 1 -0.801875 1
34 66 1 2.63229 1
34 67 1 0.620588 1
34 68 1 0.741763 1
34 69 1 -0.516394 1
34 70 1 -1.82335 1
34 71 1 -0.512596 1
34 72 1 -1.82644 1
34 73 1 -4.29958 1
34 74 1 1.46411 1
34 75 1 6.22204 1
34 76 1 -1.31906 1
34 77 1 -0.759031 1
34 78 1 -1.5781 1
34 79 1 2.08668 1
34 80 1 2.59459 1
34 81 1 -0.935208 1
34 82 1 0.296539 1
34 83 1 1.8966 1
34 84 1 -0.0444255 1
34 85 1 -0.313959 1
34 86 1 -0.111255 1
34 87 1 -0.19952 1
34 88 1 1.18482 1
34 89 1 -1.13804 1
34 90 1 -6.31937 1
34 91 1 2.78791 1
34 92 1 1.36314 1
34 93 1 -2.66707 1
34 94 1 2.82096 1
34 95 1 2.33771 1
34 113 1 -0.397898 1
35 64 1 -0.467828 1
35 65 1 -0.87294 1
35 66 1 -0.263347 1
35 67 1 2.89182 1
35 68 1 0.985287 1
35 69 1 3.69835 1
35 70 1 2.79135 1
35 71 1 2.94816 1
35 72 1 2.94056 1
35 73 1 6.81331 1
35 74 1 2.71893 1
35 75 1 0.104523 1
35 76 1 -3.67914 1
35 77 1 0.358234 1
35 78 1 -1.25722 1
35 79 1 1.64536 1
35 80 1 -7.8422 1
35 81 1 -1.70814 1
35 82 1 2.95386 0
35 83 1 0.133736 1
35 84 1 3.66108 1
35 85 1 -4.36597 1
35 86 1 -2.01773 1
35 87 1 -2.7325 1
35 88 1 -0.464796 1
35 89 1 0.781992 0
35 90 1 -1.82028 1
35 91 1 -1.6634 1
35 92 1 -3.10995 1
35 93 1 -2.57714 1
35 94 1 -1.47211 1
35 95 1 -0.321317 1
35 130 1 0.551731 1
35 133 1 4.03984 1
133 82 1 2.16648 1
130 89 1 1.14477 1
36 64 1 0.197185 1
36 65 1 1.4593 1
36 66 1 -0.69859 1
36 67 1 -0.0178256 1
36 68 1 -5.23154 1
36 69 1 -1.94961 1
36 70 1 -0.685965 1
36 71 1 1.49027 1
36 72 1 -1.255 1
36 73 1 0.0399479 1
36 74 1 -1.4055 1
36 75 1 0.582357 1
36 76 1 1.26216 1
36 77 1 -4.47315 1
36 78 1 0.17565 1
36 79 1 3.10376 1
36 80 1 1.70011 1
36 81 1 -1.07562 1
36 82 1 -1.11735 0
36 83 1 0.291153 1
36 84 1 2.85439 1
36 85 1 -3.45422 1
36 86 1 1.29183 1
36 87 1 0.266924 1
36 88 1 -0.388119 1
36 89 1 1.43441 1
36 90 1 -2.91246 1
36 91 1 1.49602 1
36 92 1 4.4434 1
36 93 1 -0.397505 1
36 94 1 -2.70859 1
36 95 1 6.31229 1
36 109 1 0.577131 0
36 24 1 -0.86681 1
36 117 1 1.77534 1
117 109 1 0.926924 1
109 82 1 1.00897 1
109 31 1 -0.281907 1
37 64 1 -3.0809 1
37 65 1 2.40961 1
37 66 1 -1.89897 1
37 67 1 -1.37058 1
37 68 1 -4.13239 1
37 69 1 2.71552 1
37 70 1 -3.16808 1
37 71 1 -0.710117 1
37 72 1 2.31507 1
37 73 1 2.49193 1
37 74 1 -0.525681 1
37 75 1 0.72519 1
37 76 1 3.4235 0
37 77 1 3.49127 1
37 78 1 -1.28792 1
37 79 1 0.405062 1
37 80 1 3.38391 1
37 81 1 -0.140823 1
37 82 1 4.46398 1
37 83 1 1.40778 1
37 84 1 -3.42149 1
37 85 1 2.085 1
37 86 1 -1.29607 1
37 87 1 1.65218 1
37 88 1 -2.61026 1
37 89 1 -1.80351 1
37 90 1 -0.55109 1
37 91 1 1.90698 1
37 92 1 2.7385 1
37 93 1 0.35159 1
37 94 1 -3.28269 1
37 95 1 -0.802444 1
37 142 1 2.42351 1
142 76 1 -1.52859 1
142 147 1 -1.38902 1
38 64 1 0.341791 1
38 65 1 -1.61303 1
38 66 1 -1.07841 1
38 67 1 -0.432354 1
38 68 1 -2.20805 1
38 69 1 -5.22647 1
38 70 1 -0.586714 1
38 71 1 -0.363048 1
38 72 1 0.528911 1
38 73 1 0.620336 1
38 74 1 -1.442 1
38 75 1 1.67982 1
38 76 1 1.40744 1
38 77 1 -1.82334 1
38 78 1 -1.24675 1
38 79 1 -0.603816 1
38 80 1 -4.3853 1
38 81 1 -1.1984 1
38 82 1 2.19088 1
38 83 1 -0.859835 1
38 84 1 -2.81252 1
38 85 1 -4.55684 1
38 86 1 -0.396046 1
38 87 1 -0.312135 1
38 88 1 1.48854 1
38 89 1 3.54102 1
38 90 1 0.586821 1
38 91 1 1.88093 1
38 92 1 2.14044 0
38 93 1 -2.05739 1
38 94 1 0.329822 1
38 95 1 -2.143 1
38 148 1 1.45252 1
148 92 1 3.28145 1
39 64 1 1.30255 1
39 65 1 -1.9803 1
39 66 1 3.08904 1
39 67 1 -0.243352 1
39 68 1 0.94347 1
39 69 1 -0.140581 1
39 70 1 1.68495 1
39 71 1 -1.12364 1
39 72 1 -1.91373 1
39 73 1 -4.62536 1
39 74 1 1.5888 1
39 75 1 2.46931 0
39 76 1 3.5158 1
39 77 1 -0.196913 1
39 78 1 -2.67611 1
39 79 1 -2.79235 1
39 80 1 2.30498 1
39 81 1 -3.62269 1
39 82 1 0.696307 1
39 83 1 -0.124068 1
39 84 1 -2.20841 1
39 85 1 -0.660443 1
39 86 1 2.12858 1
39 87 1 1.56984 1
39 88 1 -2.16899 1
39 89 1 0.158951 1
39 90 1 3.54606 1
39 91 1 -1.23056 1
39 92 1 3.65525 1
39 93 1 0.619127 1
39 94 1 -4.30105 1
39 95 1 -1.08307 1
39 2 1 -4.2316 1
39 112 1 3.58049 1
39 13 1 -0.186551 1
39 104 1 -0.3686 1
112 75 1 -2.14891 1
112 138 1 -1.63095 1
40 64 1 -5.53796 1
40 65 1 -1.34768 1
40 66 1 1.92178 1
40 67 1 0.536371 1
40 68 1 1.79648 1
40 69 1 2.1393 1
40 70 1 -1.51497 1
40 71 1 0.498203 1
40 72 1 3.8963 1
40 73 1 1.50598 1
40 74 1 -1.95415 1
40 75 1 0.639605 1
40 76 1 -1.50602 1
40 77 1 3.1652 1
40 78 1 2.27304 1
40 79 1 -1.33679 1
40 80 1 -1.40694 1
40 81 1 0.104499 1
40 82 1 0.596341 1
40 83 1 -3.03062 1
40 84 1 0.0668119 1
40 85 1 2.2623 1
40 86 1 2.61023 1
40 87 1 1.84945 1
40 88 1 0.638976 1
40 89 1 -0.431598 1
40 90 1 -1.89418 1
40 91 1 -2.14735 1
40 92 1 -2.6778 1
40 93 1 2.08601 1
40 94 1 0.352158 1
40 95 1 2.29645 1
40 2 1 -0.763468 1
40 134 1 1.09572 1
41 64 1 5.24003 1
41 65 1 -1.00667 1
41 66 1 0.340116 1
41 67 1 1.28146 1
41 68 1 2.51631 1
41 69 1 -0.301035 1
41 70 1 1.42221 1
41 71 1 0.354119 1
41 72 1 3.5853 1
41 73 1 -5.46045 1
41 74 1 -0.0816305 1
41 75 1 2.17922 1
41 76 1 -2.93248 1
41 77 1 -1.56744 1
41 78 1 -3.15346 1
41 79 1 1.4929 1
41 80 1 1.26837 1
41 81 1 3.46074 1
41 82 1 -2.48252 1
41 83 1 1.57805 1
41 84 1 -3.25484 1
41 85 1 -0.740252 1
41 86 1 0.77932 1
41 87 1 0.883508 1
41 88 1 3.35986 1
41 89 1 -3.77554 1
41 90 1 -3.18299 1
41 91 1 -0.0821598 1
41 92 1 1.24295 1
41 93 1 -0.97042 1
41 94 1 -1.11346 1
41 95 1 0.12631 1
41 11 1 3.19798 1
41 29 1 -1.16379 1
41 97 1 -1.06225 1
42 64 1 1.23845 1
42 65 1 0.120221 1
42 66 1 -0.0255525 1
42 67 1 0.0836804 1
42 68 1 -1.53022 1
42 69 1 -0.920879 1
42 70 1 -1.22096 1
42 71 1 -2.34348 1
42 72 1 -1.04205 1
42 73 1 -2.50263 1
42 74 1 2.0902 1
42 75 1 -0.686176 1
42 76 1 -2.25484 1
42 77 1 -0.32417 1
42 78 1 -1.66017 1
42 79 1 0.833458 1
42 80 1 -1.19069 1
42 81 1 1.78266 1
42 82 1 1.84692 1
42 83 1 3.35438 1
42 84 1 1.91738 1
42 85 1 0.0358181 1
42 86 1 1.24791 1
42 87 1 -2.93771 1
42 88 1 -1.14775 1
42 89 1 -1.31558 1
42 90 1 1.61593 1
42 91 1 2.93014 1
42 92 1 -1.42116 1
42 93 1 2.37482 1
42 94 1 -1.56784 1
42 95 1 2.29349 1
43 64 1 3.03978 1
43 65 1 -3.13648 1
43 66 1 2.32485 1
43 67 1 2.01016 1
43 68 1 -0.0319978 1
43 69 1 -1.70184 1
43 70 1 0.831873 1
43 71 1 -3.45976 1
43 72 1 -0.965169 1
43 73 1 -7.90493 1
43 74 1 2.1482 1
43 75 1 -2.08411 1
43 76 1 -0.188823 1
43 77 1 0.825547 1
43 78 1 0.226113 1
43 79 1 -2.82752 1
43 80 1 -0.654718 1
43 81 1 1.82725 1
43 82 1 2.00585 1
43 83 1 -1.48665 1
43 84 1 0.117982 1
43 85 1 3.60104 1
43 86 1 1.05989 1
43 87 1 4.02888 1
43 88 1 0.241547 1
43 89 1 4.01818 1
43 90 1 -0.0504198 1
43 91 1 -4.32692 1
43 92 1 3.46692 1
43 93 1 2.23342 1
43 94 1 -4.62908 1
43 95 1 1.64185 1
44 64 1 0.705656 1
44 65 1 -3.03492 1
44 66 1 0.823527 1
44 67 1 -2.96734 1
44 68 1 -0.373546 1
44 69 1 -1.24076 1
44 70 1 3.24327 1
44 71 1 1.68203 1
44 72 1 -2.56183 1
44 73 1 0.827217 1
44 74 1 -2.31249 1
44 75 1 -3.22627 1
44 76 1 -0.174917 1
44 77 1 1.58952 1
44 78 1 2.10454 1
44 79 1 1.14748 1
44 80 1 4.9061 1
44 81 1 -2.41837 1
44 82 1 1.2625 1
44 83 1 -1.71852 1
44 84 1 0.195192 1
44 85 1 -0.0548334 1
44 86 1 0.899188 1
44 87 1 1.49387 1
44 88 1 0.67088 1
44 89 1 1.12718 1
44 90 1 -0.0292967 1
44 91 1 -0.532085 1
44 92 1 -0.488629 1
44 93 1 3.19879 1
44 94 1 -1.91398 1
44 95 1 -1.37728 1
44 8 1 -0.512228 1
44 29 1 1.60652 1
45 64 1 -0.675547 1
45 65 1 3.32961 1
45 66 1 -0.181577 1
45 67 1 1.50545 1
45 68 1 -1.64746 1
45 69 1 -7.29782 1
45 70 1 -4.4037 1
45 71 1 0.938183 1
45 72 1 -4.98151 1
45 73 1 4.08454 1
45 74 1 3.22744 1
45 75 1 3.9954 1
45 76 1 -0.507954 1
45 77 1 0.191538 1
45 78 1 -2.65713 1
45 79 1 2.49534 1
45 80 1 -2.83455 1
45 81 1 0.781958 1
45 82 1 -1.46348 1
45 83 1 -3.36475 1
45 84 1 2.7986 1
45 85 1 -3.84075 1
45 86 1 1.56784 1
45 87 1 0.177384 1
45 88 1 -0.531064 1
45 89 1 -3.87711 1
45 90 1 0.294978 1
45 91 1 4.32667 1
45 92 1 -3.04335 1
45 93 1 -6.31504 1
45 94 1 2.31231 1
45 95 1 -3.68673 1
45 9 1 3.08866 1
45 20 1 -0.361012 1
46 64 1 -0.568693 1
46 65 1 -1.60404 1
46 66 1 2.86123 1
46 67 1 2.73578 1
46 68 1 -5.56233 1
46 69 1 -1.16793 1
46 70 1 1.22716 1
46 71 1 -1.64494 1
46 72 1 2.12259 1
46 73 1 -2.71082 1
46 74 1 -1.23047 1
46 75 1 2.64144 1
46 76 1 -4.52873 1
46 77 1 2.21586 1
46 78 1 -1.64765 1
46 79 1 -0.00211198 1
46 80 1 3.6426 1
46 81 1 0.462672 1
46 82 1 0.418663 1
46 83 1 1.113 1
46 84 1 -0.504898 1
46 85 1 2.54831 1
46 86 1 -0.556073 1
46 87 1 3.00565 1
46 88 1 -1.10705 1
46 89 1 -3.3439 1
46 90 1 -3.11443 1
46 91 1 1.29966 1
46 92 1 1.55079 1
46 93 1 -1.70093 1
46 94 1 -1.02544 1
46 95 1 -0.731968 1
46 24 1 1.84532 1
47 64 1 -0.757254 1
47 65 1 -0.274151 1
47 66 1 -3.08568 1
47 67 1 5.65346 1
47 68 1 -1.50486 1
47 69 1 2.47071 1
47 70 1 -2.34818 1
47 71 1 0.499269 1
47 72 1 0.787253 1
47 73 1 5.55495 0
47 74 1 -1.23557 1
47 75 1 -1.80781 1
47 76 1 -2.35734 1
47 77 1 -7.35031 1
47 78 1 -2.25495 1
47 79 1 1.68949 1
47 80 1 3.79977 1
47 81 1 -5.69462 1
47 82 1 0.569278 1
47 83 1 -0.163888 1
47 84 1 -3.23499 1
47 85 1 -0.235624 1
47 86 1 -3.50659 1
47 87 1 4.26102 1
47 88 1 1.54198 1
47 89 1 1.09739 1
47 90 1 6.7179 1
47 91 1 0.838525 1
47 92 1 -1.52094 1
47 93 1 0.98045 1
47 94 1 1.11181 1
47 95 1 -1.70572 1
47 4 1 0.445376 1
47 137 1 1.25907 1
137 73 1 3.54544 1
48 64 1 -0.601192 1
48 65 1 0.127877 1
48 66 1 0.443247 1
48 67 1 -1.25282 1
48 68 1 -5.39113 1
48 69 1 -4.06429 1
48 70 1 -0.631309 1
48 71 1 0.120081 1
48 72 1 -3.07691 1
48 73 1 2.64668 1
48 74 1 5.63564 1
48 75 1 -4.96193 1
48 76 1 1.22036 1
48 77 1 -3.38665 1
48 78 1 -0.409223 1
48 79 1 2.74815 1
48 80 1 -0.156696 1
48 81 1 -2.35739 1
48 82 1 1.49917 1
48 83 1 0.312145 1
48 84 1 0.964552 1
48 85 1 0.782017 1
48 86 1 -1.64916 1
48 87 1 -0.953692 1
48 88 1 -1.80939 1
48 89 1 0.0154394 1
48 90 1 2.95839 1
48 91 1 1.20874 1
48 92 1 -5.32312 1
48 93 1 0.197063 1
48 94 1 3.20072 1
48 95 1 3.10902 1
48 16 1 1.51782 1
48 12 1 -0.310287 1
48 14 1 -3.08831 1
49 64 1 0.699911 1
49 65 1 -1.50559 1
49 66 1 0.501312 1
49 67 1 -1.24153 1
49 68 1 -1.80839 1
49 69 1 0.747053 1
49 70 1 1.09406 1
49 71 1 -4.29979 1
49 72 1 -0.179972 1
49 73 1 0.199401 1
49 74 1 3.04965 1
49 75 1 2.62443 1
49 76 1 -5.77557 1
49 77 1 -3.06832 1
49 78 1 -0.968518 1
49 79 1 1.47239 1
49 80 1 4.76566 1
49 81 1 -4.03668 1
49 82 1 1.80955 1
49 83 1 -1.75528 1
49 84 1 2.43911 1
49 85 1 -2.20051 1
49 86 1 0.156141 1
49 87 1 -0.167586 1
49 88 1 -0.798517 1
49 89 1 1.09567 1
49 90 1 -0.912292 1
49 91 1 1.45293 1
49 92 1 2.042 1
49 93 1 -0.690052 1
49 94 1 1.23925 1
49 95 1 4.02894 1
49 19 1 -1.9177 1
49 31 1 -1.09541 1
49 15 1 -0.00951774 1
50 64 1 -5.01979 1
50 65 1 -2.30583 1
50 66 1 2.11089 1
50 67 1 -0.846566 1
50 68 1 2.47357 1
50 69 1 -0.617015 1
50 70 1 0.473218 1
50 71 1 6.37737 1
50 72 1 -1.44185 1
50 73 1 5.60316 1
50 74 1 -2.43315 1
50 75 1 1.41045 1
50 76 1 -0.968645 1
50 77 1 1.05863 1
50 78 1 2.70764 1
50 79 1 -2.04968 1
50 80 1 1.52623 1
50 81 1 0.677953 1
50 82 1 -0.25461 1
50 83 1 2.94914 1
50 84 1 -1.7936 1
50 85 1 0.252464 1
50 86 1 2.6293 1
50 87 1 -2.69719 1
50 88 1 -3.27778 1
50 89 1 0.221745 1
50 90 1 0.242128 1
50 91 1 0.120334 1
50 92 1 0.178839 1
50 93 1 -0.591043 1
50 94 1 -3.39836 1
50 95 1 1.98502 1
50 4 1 6.08282 1
50 22 1 -1.23069 1
51 64 1 -1.53181 1
51 65 1 2.96065 1
51 66 1 3.38469 1
51 67 1 -1.79297 1
51 68 1 -0.813733 1
51 69 1 -1.56384 1
51 70 1 2.63645 1
51 71 1 3.26943 1
51 72 1 -4.17805 1
51 73 1 -2.83777 0
51 74 1 -2.17056 1
51 75 1 5.0636 1
51 76 1 -2.01863 1
51 77 1 2.16971 1
51 78 1 3.71064 1
51 79 1 1.74333 1
51 80 1 0.763616 1
51 81 1 -3.17466 1
51 82 1 0.355569 1
51 83 1 4.15393 1
51 84 1 -2.51352 1
51 85 1 -2.49732 1
51 86 1 0.225443 1
51 87 1 1.26781 1
51 88 1 1.23431 1
51 89 1 0.897464 1
51 90 1 2.56269 1
51 91 1 0.645418 1
51 92 1 2.98979 1
51 93 1 4.41767 1
51 94 1 -4.98702 1
51 95 1 -2.2777 1
51 116 1 0.469928 1
51 12 1 -0.883866 1
116 73 1 -0.763034 0
116 134 1 0.579556 1
134 73 1 1.68729 1
52 64 1 -2.56813 1
52 65 1 3.52305 1
52 66 1 0.824828 1
52 67 1 0.454605 1
52 68 1 0.815981 1
52 69 1 5.26375 1
52 70 1 2.75163 1
52 71 1 -1.39211 1
52 72 1 -1.23807 1
52 73 1 3.41123 1
52 74 1 3.13575 1
52 75 1 0.456646 1
52 76 1 -3.03604 1
52 77 1 0.485041 1
52 78 1 2.35233 1
52 79 1 0.742825 1
52 80 1 -0.377539 1
52 81 1 0.834702 1
52 82 1 -2.10601 1
52 83 1 -2.80116 1
52 84 1 0.986622 1
52 85 1 -1.65795 1
52 86 1 -3.31251 1
52 87 1 0.118476 1
52 88 1 2.54438 1
52 89 1 -1.94063 1
52 90 1 -0.25656 1
52 91 1 -1.07274 1
52 92 1 0.96773 1
52 93 1 -3.0237 0
52 94 1 2.11768 1
52 95 1 -0.383774 1
52 115 1 -0.340311 1
52 139 1 0.1004 1
139 93 1 -2.01188 1
53 64 1 -3.04955 1
53 65 1 -0.0751164 1
53 66 1 -0.305546 1
53 67 1 -0.501942 1
53 68 1 2.23011 1
53 69 1 0.740961 1
53 70 1 -0.859268 0
53 71 1 0.275886 1
53 72 1 -1.15183 1
53 73 1 0.35114 1
53 74 1 -1.29656 1
53 75 1 -2.90168 1
53 76 1 -0.0525653 1
53 77 1 2.81773 1
53 78 1 -0.427904 1
53 79 1 -0.572821 1
53 80 1 1.80188 1
53 81 1 1.30396 1
53 82 1 1.99822 1
53 83 1 0.516509 1
53 84 1 1.2521 1
53 85 1 0.836802 1
53 86 1 2.42157 1
53 87 1 0.442644 1
53 88 1 -0.235735 1
53 89 1 -0.262868 1
53 90 1 -2.78408 1
53 91 1 0.677051 1
53 92 1 2.66858 1
53 93 1 0.171441 1
53 94 1 0.0588005 1
53 95 1 -2.47671 1
53 20 1 4.51417 1
53 23 1 0.974569 1
53 149 1 0.857211 1
149 70 1 -1.93537 1
54 64 1 2.50529 1
54 65 1 -1.82948 1
54 66 1 -2.61596 1
54 67 1 0.470946 1
54 68 1 2.9803 1
54 69 1 -2.95369 1
54 70 1 0.360003 1
54 71 1 3.7638 1
54 72 1 0.642086 1
54 73 1 1.38637 1
54 74 1 -0.403177 1
54 75 1 -2.69299 1
54 76 1 -1.22408 1
54 77 1 2.85454 1
54 78 1 0.222192 1
54 79 1 0.99786 1
54 80 1 -0.147632 1
54 81 1 3.47621 1
54 82 1 -2.12452 1
54 83 1 6.22307 1
54 84 1 1.93951 1
54 85 1 -0.554698 1
54 86 1 -3.87165 1
54 87 1 -0.869728 1
54 88 1 1.82088 1
54 89 1 3.57354 1
54 90 1 -3.24499 1
54 91 1 3.19786 1
54 92 1 -0.869838 1
54 93 1 1.65696 1
54 94 1 -3.94171 1
54 95 1 -3.53589 1
54 30 1 -0.84142 1
54 144 1 0.43667 1
55 64 1 0.663551 1
55 65 1 -3.08987 1
55 66 1 -2.85366 1
55 67 1 -1.55111 1
55 68 1 -2.41001 1
55 69 1 2.71474 1
55 70 1 2.16592 1
55 71 1 -5.06399 1
55 72 1 2.24909 1
55 73 1 0.643276 1
55 74 1 2.27315 1
55 75 1 -3.05393 1
55 76 1 -4.33925 1
55 77 1 1.88463 1
55 78 1 0.522217 1
55 79 1 1.89298 1
55 80 1 -1.71139 1
55 81 1 2.17601 1
55 82 1 -0.867252 1
55 83 1 -0.379392 1
55 84 1 -0.0794753 1
55 85 1 -5.78939 1
55 86 1 1.4096 1
55 87 1 1.33392 1
55 88 1 -2.67498 1
55 89 1 -1.01537 1
55 90 1 1.18443 1
55 91 1 1.55501 1
55 92 1 6.05553 1
55 93 1 -3.58597 1
55 94 1 -3.77249 1
55 95 1 -1.66324 0
55 28 1 4.58102 1
55 114 1 1.13543 1
114 95 1 -1.8306 1
56 64 1 2.55268 1
56 65 1 -4.26024 1
56 66 1 0.772781 1
56 67 1 -1.60629 1
56 68 1 -0.976716 0
56 69 1 -0.985707 1
56 70 1 -0.514124 1
56 71 1 1.68497 1
56 72 1 -0.542091 1
56 73 1 -0.632111 1
56 74 1 3.98074 1
56 75 1 4.33678 1
56 76 1 -4.03487 1
56 77 1 -0.187797 1
56 78 1 -2.83114 1
56 79 1 0.268196 1
56 80 1 -1.59209 1
56 81 1 3.38939 1
56 82 1 2.6201 1
56 83 1 -2.20643 1
56 84 1 -1.06587 1
56 85 1 -1.84798 1
56 86 1 2.02454 1
56 87 1 -2.21913 1
56 88 1 0.547284 1
56 89 1 -1.84512 1
56 90 1 -1.59041 1
56 91 1 -1.84517 1
56 92 1 2.17755 1
56 93 1 4.9388 1
56 94 1 -1.91058 1
56 95 1 0.236878 1
56 3 1 -2.66843 1
56 126 1 3.88306 1
126 68 1 0.650451 1
126 11 1 -2.11271 1
57 64 1 -4.06689 1
57 65 1 3.75942 1
57 66 1 -1.73736 1
57 67 1 -1.74696 1
57 68 1 2.99645 1
57 69 1 -0.663774 0
57 70 1 0.728344 1
57 71 1 2.69339 1
57 72 1 1.17315 1
57 73 1 -1.07982 1
57 74 1 2.29373 1
57 75 1 3.18504 1
57 76 1 2.13505 1
57 77 1 -4.74322 1
57 78 1 -1.61893 1
57 79 1 -2.93698 1
57 80 1 1.75236 1
57 81 1 3.71733 1
57 82 1 3.96006 1
57 83 1 -2.68375 1
57 84 1 -0.332919 1
57 85 1 -2.5105 1
57 86 1 -1.1442 1
57 87 1 2.15557 1
57 88 1 -0.976717 1
57 89 1 -0.05744 1
57 90 1 0.2906 1
57 91 1 -1.30116 1
57 92 1 -1.92501 1
57 93 1 0.246849 1
57 94 1 -1.28135 1
57 95 1 3.72741 1
57 104 1 3.18369 1
57 22 1 0.433482 1
104 69 1 1.9205 1
104 1 1 -0.593348 1
104 107 1 0.321837 1
58 64 1 3.52984 1
58 65 1 -1.32251 1
58 66 1 -1.74246 1
58 67 1 -1.49015 1
58 68 1 -2.0684 1
58 69 1 -0.00710003 1
58 70 1 -1.51082 1
58 71 1 1.20016 1
58 72 1 -0.411337 1
58 73 1 -2.52639 1
58 74 1 2.59106 1
58 75 1 3.64288 1
58 76 1 3.49191 1
58 77 1 1.82124 1
58 78 1 -1.08991 1
58 79 1 0.209759 0
58 80 1 -4.36977 1
58 81 1 3.79715 1
58 82 1 0.699336 1
58 83 1 -0.222049 1
58 84 1 -1.82776 1
58 85 1 1.40359 1
58 86 1 1.54292 1
58 87 1 -2.07523 1
58 88 1 -2.36041 1
58 89 1 -0.667806 1
58 90 1 -1.9734 1
58 91 1 -3.24081 1
58 92 1 0.330996 1
58 93 1 2.0539 1
58 94 1 -2.1333 1
58 95 1 2.27699 1
58 128 1 1.16669 1
128 79 1 0.795032 0
128 131 1 -0.665893 1
131 79 1 0.63763 1
59 64 1 -1.98914 1
59 65 1 1.60953 1
59 66 1 2.04601 1
59 67 1 -2.25534 1
59 68 1 0.829653 1
59 69 1 -1.94372 1
59 70 1 -1.55188 1
59 71 1 1.91152 1
59 72 1 -0.113092 1
59 73 1 -0.640312 1
59 74 1 -0.105718 1
59 75 1 -1.35807 1
59 76 1 2.21167 1
59 77 1 0.843514 0
59 78 1 1.518 1
59 79 1 -2.1011 1
59 80 1 -0.253674 1
59 81 1 1.5187 1
59 82 1 -5.3268 1
59 83 1 3.23346 1
59 84 1 0.640203 1
59 85 1 -2.17832 1
59 86 1 -3.24553 1
59 87 1 1.21506 1
59 88 1 4.668 1
59 89 1 -0.693501 1
59 90 1 1.16481 1
59 91 1 -2.37813 1
59 92 1 2.62383 1
59 93 1 2.5715 1
59 94 1 -5.81806 1
59 95 1 2.17427 1
59 97 1 1.51348 1
59 5 1 -3.04551 1
59 11 1 -0.804402 1
59 13 1 0.789099 1
97 77 1 -6.10739 1
97 22 1 -1.68682 1
97 2 1 -5.31759 0
97 99 1 2.42307 1
97 7 1 3.50479 0
97 102 1 1.86404 1
97 17 1 1.98291 1
102 7 1 4.69473 1
99 2 1 1.71492 0
99 108 1 4.35314 1
99 15 1 0.103478 1
108 2 1 -1.45907 0
108 125 1 4.38066 1
125 2 1 0.572638 1
60 64 1 3.06428 1
60 65 1 0.50568 1
60 66 1 1.01985 1
60 67 1 -0.756995 1
60 68 1 0.659273 1
60 69 1 1.70077 1
60 70 1 -2.86443 1
60 71 1 0.770053 1
60 72 1 0.39041 0
60 73 1 1.13883 1
60 74 1 1.27124 1
60 75 1 -0.437251 1
60 76 1 -0.365782 1
60 77 1 3.84584 1
60 78 1 -2.7216 1
60 79 1 0.00477314 1
60 80 1 -5.24785 1
60 81 1 -2.0941 1
60 82 1 -1.11975 1
60 83 1 -0.24477 1
60 84 1 -3.46855 1
60 85 1 4.35433 1
60 86 1 1.9364 1
60 87 1 0.213703 1
60 88 1 -4.4371 1
60 89 1 0.203684 1
60 90 1 -2.23923 1
60 91 1 0.199855 1
60 92 1 -0.620447 1
60 93 1 2.92837 1
60 94 1 -1.25464 1
60 95 1 0.499952 1
60 24 1 -2.78985 1
60 0 1 3.0798 1
60 115 1 2.39537 1
60 3 1 -0.133353 1
115 72 1 -1.36574 1
115 18 1 0.795 1
61 64 1 -0.0332614 1
61 65 1 -0.582032 1
61 66 1 2.02059 1
61 67 1 0.474865 1
61 68 1 -3.22947 1
61 69 1 3.27209 1
61 70 1 0.579041 1
61 71 1 -0.868957 1
61 72 1 -0.958866 1
61 73 1 0.79543 1
61 74 1 2.62515 1
61 75 1 2.89746 1
61 76 1 0.676628 1
61 77 1 0.523127 0
61 78 1 -0.301604 1
61 79 1 -0.180847 1
61 80 1 -0.482639 1
61 81 1 -0.798281 1
61 82 1 0.48116 1
61 83 1 0.313443 1
61 84 1 -2.59529 1
61 85 1 -1.27511 1
61 86 1 0.373748 1
61 87 1 2.22536 1
61 88 1 0.320672 1
61 89 1 0.791962 1
61 90 1 -0.570875 1
61 91 1 1.50621 1
61 92 1 -1.30176 1
61 93 1 -1.70754 1
61 94 1 0.455265 1
61 95 1 -1.45957 1
61 107 1 0.670767 1
61 113 1 -1.76088 1
61 14 1 -2.81455 1
107 77 1 -5.57133 0
107 113 1 0.0266477 1
107 14 1 -1.09899 1
113 77 1 -2.09773 1
113 23 1 -1.25539 1
113 147 1 0.15908 1
62 64 1 0.478871 1
62 65 1 -2.3949 1
62 66 1 2.69894 1
62 67 1 -1.22883 1
62 68 1 1.86409 1
62 69 1 -1.10253 1
62 70 1 2.08741 1
62 71 1 -1.7477 1
62 72 1 1.03445 1
62 73 1 2.15624 1
62 74 1 4.30629 1
62 75 1 -0.329173 1
62 76 1 4.34215 1
62 77 1 -4.0897 1
62 78 1 -1.29093 1
62 79 1 -2.1313 1
62 80 1 -1.68448 1
62 81 1 0.251464 1
62 82 1 -2.19065 1
62 83 1 1.77562 1
62 84 1 -2.00083 0
62 85 1 0.362361 1
62 86 1 4.39625 1
62 87 1 -2.2428 1
62 88 1 0.300974 1
62 89 1 -1.92527 1
62 90 1 -6.26457 1
62 91 1 1.14087 1
62 92 1 -0.861107 1
62 93 1 -0.995142 1
62 94 1 1.35673 1
62 95 1 -1.01353 1
62 5 1 0.840602 1
62 138 1 2.33578 1
138 84 1 0.240043 1
63 64 1 2.561 1
63 65 1 -1.34341 1
63 66 1 3.15914 1
63 67 1 0.262548 1
63 68 1 -0.62291 1
63 69 1 -4.0159 1
63 70 1 -0.984444 1
63 71 1 1.62995 1
63 72 1 -1.19015 1
63 73 1 0.438731 1
63 74 1 -6.58195 1
63 75 1 1.84603 1
63 76 1 -2.58266 0
63 77 1 1.5346 1
63 78 1 0.132562 1
63 79 1 0.312101 1
63 80 1 0.389656 1
63 81 1 -0.893421 1
63 82 1 1.21716 1
63 83 1 -3.10098 1
63 84 1 -1.83704 1
63 85 1 -3.6504 1
63 86 1 5.21047 1
63 87 1 -2.65863 0
63 88 1 -0.0266789 1
63 89 1 -2.35663 1
63 90 1 2.89299 1
63 91 1 -0.878318 1
63 92 1 -0.307971 1
63 93 1 2.73958 1
63 94 1 -2.8053 1
63 95 1 0.214846 1
63 141 1 1.27801 1
63 144 1 0.531811 1
144 76 1 -2.13989 0
144 147 1 1.23277 1
147 76 1 -2.64683 1
141 87 1 -7.12931 1
141 10 1 -1.40033 1
