154 64 32
2.54279 -0.503182 -7.48827 4.36859 -4.23227 2.23704 1.09389 1.00947 -0.012132 3.02842 2.45068 3.44588 -3.95061 -4.05287 -0.397632 -2.31498 0.390151 1.24439 -1.54451 -0.942745 -1.46441 0.74047 -1.27459 0.800237 -4.44694 -0.288964 3.31038 1.12949 -2.47067 -2.39609 -3.6224 1.64495 0.349998 0.481188 1.38996 2.0245 -3.2799 -0.229183 0.663193 -2.11895 -1.11843 1.36017 -0.810198 -4.99083 -2.93865 -1.17759 -2.61555 2.76544 -0.313057 3.11829 0.986141 -3.75798 -3.92 -0.474519 -0.827775 3.80218 -2.09618 0.351997 0.947108 -1.66038 2.85258 -1.4121 -0.506477 -3.68073 -5.12484 0.199904 3.16678 1.91668 -4.09514 1.87019 -3.12953 -1.73802 -3.15748 -3.17148 1.84447 3.84192 -1.37289 -0.172708 0.874995 -4.31635 -0.942094 -0.212666 -2.12955 0.577533 2.40224 0.0416049 -2.91345 0.624027 4.20648 -0.153625 -1.61258 2.57508 -1.63226 0.486184 0.547415 -1.26249 -1.94048 0.327074 -1.53152 -0.919023 2.20889 -3.348 -5.37586 -2.77177 -2.98418 0.523268 -1.90104 -2.55539 -2.18874 1.27414 -0.993218 1.26141 2.08752 -3.44405 0.496126 -0.651024 -2.70741 -0.307971 -1.17397 -1.293 0.888527 -0.106446 0.196482 1.68332 1.55763 3.69212 1.25597 0.67765 0.667323 1.51881 -0.348337 -0.722712 -0.850489 -1.14329 -1.19625 -1.25131 -0.987387 -0.820465 -2.40746 -0.509956 0.175187 0.22699 -1.32286 0.497267 0.554162 0.738351 -0.188363 0.100276 0.405747 -1.87777 -0.389866 0.482303 -0.100948 0.10877 
0 64 1 -5.64145 1
0 65 1 2.09399 1
0 66 1 2.84708 1
0 67 1 0.540746 1
0 68 1 -0.970239 1
0 69 1 1.50673 1
0 70 1 0.573554 1
0 71 1 -0.250414 1
0 72 1 -0.0251742 1
0 73 1 -2.46343 1
0 74 1 -2.34022 1
0 75 1 0.812747 1
0 76 1 2.92047 1
0 77 1 1.41001 1
0 78 1 -2.49143 1
0 79 1 2.44332 1
0 80 1 2.75221 1
0 81 1 2.67114 1
0 82 1 3.85212 1
0 83 1 2.07578 1
0 84 1 -2.68651 1
0 85 1 2.93487 1
0 86 1 -2.15416 1
0 87 1 -0.938743 1
0 88 1 -1.1552 1
0 89 1 2.02958 1
0 90 1 5.32219 1
0 91 1 5.0639 1
0 92 1 -3.41421 1
0 93 1 -1.69712 1
0 94 1 1.70576 1
0 95 1 1.16133 1
0 10 1 -2.49821 1
1 64 1 -1.60248 1
1 65 1 -2.62188 1
1 66 1 1.40552 1
1 67 1 -3.67717 1
1 68 1 4.95163 1
1 69 1 -1.20504 1
1 70 1 2.36361 1
1 71 1 -1.12161 1
1 72 1 -1.38555 1
1 73 1 -1.50377 1
1 74 1 -2.76395 1
1 75 1 3.92439 1
1 76 1 -1.30203 1
1 77 1 5.65142 1
1 78 1 -2.47962 1
1 79 1 -0.317697 1
1 80 1 -3.18764 1
1 81 1 2.16733 1
1 82 1 -0.544714 1
1 83 1 -4.52112 1
1 84 1 -1.0461 1
1 85 1 -1.56108 1
1 86 1 1.98806 1
1 87 1 -1.5145 1
1 88 1 0.284502 1
1 89 1 3.37783 1
1 90 1 -1.61492 1
1 91 1 -1.64465 1
1 92 1 -1.90862 1
1 93 1 0.690128 1
1 94 1 -1.19066 1
1 95 1 -5.28017 1
1 27 1 1.07997 1
2 64 1 0.425173 1
2 65 1 0.815452 1
2 66 1 -2.90971 1
2 67 1 -1.26377 1
2 68 1 -2.1584 1
2 69 1 2.03638 1
2 70 1 -1.8688 1
2 71 1 4.64368 1
2 72 1 -1.93088 1
2 73 1 -3.26297 1
2 74 1 -3.72654 1
2 75 1 -0.441227 1
2 76 1 -4.32912 1
2 77 1 -0.719378 1
2 78 1 -1.54894 1
2 79 1 -3.4773 1
2 80 1 -4.41582 1
2 81 1 -3.76005 1
2 82 1 -0.653862 1
2 83 1 -3.04395 1
2 84 1 -0.636227 1
2 85 1 3.72814 1
2 86 1 -0.344249 1
2 87 1 -0.689606 1
2 88 1 0.0514459 1
2 89 1 -3.68316 1
2 90 1 -2.95298 1
2 91 1 -1.16727 1
2 92 1 2.09925 1
2 93 1 -3.22672 1
2 94 1 2.60383 1
2 95 1 -0.66941 1
2 100 1 -1.11543 1
2 6 1 4.41764 1
2 110 1 -0.0883004 1
3 64 1 -3.26051 1
3 65 1 -0.860487 1
3 66 1 0.0928085 1
3 67 1 1.03048 1
3 68 1 4.52844 1
3 69 1 -3.80744 1
3 70 1 -0.0536496 1
3 71 1 0.944849 1
3 72 1 7.74201 1
3 73 1 -0.624026 1
3 74 1 -0.12825 1
3 75 1 1.71128 1
3 76 1 1.12626 1
3 77 1 -0.486793 1
3 78 1 -0.43517 1
3 79 1 0.394753 1
3 80 1 -3.45201 1
3 81 1 -1.56345 1
3 82 1 6.65027 1
3 83 1 1.12575 1
3 84 1 0.695407 1
3 85 1 -4.07053 1
3 86 1 -0.591007 1
3 87 1 1.82413 1
3 88 1 -1.37391 1
3 89 1 1.81322 1
3 90 1 0.591412 1
3 91 1 1.71747 1
3 92 1 -0.296521 1
3 93 1 -2.87307 1
3 94 1 -2.88124 1
3 95 1 2.05803 0
3 110 1 1.68124 1
110 95 1 -1.9211 0
110 111 1 -1.38746 0
110 132 1 1.93892 1
132 111 1 2.39841 1
111 95 1 -2.38004 1
4 64 1 1.90765 1
4 65 1 0.0838835 1
4 66 1 -1.80231 1
4 67 1 3.63839 1
4 68 1 -0.871187 1
4 69 1 2.51319 1
4 70 1 0.403902 1
4 71 1 -0.330984 1
4 72 1 0.741722 1
4 73 1 -0.686205 0
4 74 1 0.477577 1
4 75 1 -4.82999 0
4 76 1 0.880569 1
4 77 1 3.02492 1
4 78 1 1.01709 1
4 79 1 3.35311 1
4 80 1 -3.64091 1
4 81 1 0.234595 1
4 82 1 0.173281 1
4 83 1 -2.54847 1
4 84 1 0.243773 1
4 85 1 2.51299 1
4 86 1 2.60801 1
4 87 1 -0.710462 1
4 88 1 -2.5709 1
4 89 1 -0.897569 1
4 90 1 3.64747 1
4 91 1 -5.58351 1
4 92 1 -1.66734 1
4 93 1 -0.111052 0
4 94 1 -1.89842 1
4 95 1 1.74597 1
4 101 1 2.87083 1
4 17 1 3.85885 1
4 118 1 1.78075 1
4 145 1 1.53464 1
145 93 1 0.872585 1
118 73 1 -2.10182 1
101 75 1 0.936541 1
5 64 1 -2.74348 1
5 65 1 1.44706 1
5 66 1 -2.04929 1
5 67 1 6.36585 1
5 68 1 3.52264 1
5 69 1 3.98483 1
5 70 1 -1.69944 1
5 71 1 -0.387636 1
5 72 1 0.72883 1
5 73 1 -1.44072 1
5 74 1 -1.53882 1
5 75 1 2.55487 1
5 76 1 3.96748 1
5 77 1 1.08339 1
5 78 1 -0.843639 1
5 79 1 0.295995 1
5 80 1 2.68965 1
5 81 1 -1.81757 1
5 82 1 1.12227 1
5 83 1 4.52927 1
5 84 1 0.816361 1
5 85 1 2.80911 1
5 86 1 -3.20011 1
5 87 1 0.756062 1
5 88 1 -1.94652 1
5 89 1 -2.98919 1
5 90 1 -1.8749 1
5 91 1 0.0510528 1
5 92 1 -1.39977 1
5 93 1 1.34695 1
5 94 1 -1.17051 1
5 95 1 0.0399618 1
5 28 1 2.09131 1
6 64 1 0.713378 1
6 65 1 -1.66189 1
6 66 1 1.90538 1
6 67 1 2.4544 1
6 68 1 -4.37075 1
6 69 1 -1.88575 1
6 70 1 -2.24852 1
6 71 1 -0.509711 1
6 72 1 2.07009 1
6 73 1 -3.41321 1
6 74 1 -4.43264 1
6 75 1 0.757366 1
6 76 1 2.81936 1
6 77 1 -0.626116 1
6 78 1 -1.72422 1
6 79 1 -1.6653 1
6 80 1 3.04377 1
6 81 1 -0.845864 1
6 82 1 1.54342 1
6 83 1 2.14642 1
6 84 1 2.26023 1
6 85 1 -1.72057 1
6 86 1 -0.0254376 1
6 87 1 2.96737 1
6 88 1 -3.25871 1
6 89 1 -1.35987 1
6 90 1 3.96592 1
6 91 1 -2.12873 1
6 92 1 3.44602 1
6 93 1 -3.71213 1
6 94 1 -3.3754 1
6 95 1 2.11814 1
6 26 1 0.986599 1
7 64 1 4.09546 1
7 65 1 1.09549 1
7 66 1 -1.37182 1
7 67 1 -5.26458 1
7 68 1 -2.26092 1
7 69 1 -1.39051 1
7 70 1 4.93636 1
7 71 1 1.46873 1
7 72 1 3.50156 1
7 73 1 -0.481858 1
7 74 1 -1.59849 1
7 75 1 -0.590676 1
7 76 1 2.60011 1
7 77 1 -0.077523 1
7 78 1 2.62203 1
7 79 1 2.6595 1
7 80 1 -0.296483 1
7 81 1 2.00746 1
7 82 1 -2.97082 0
7 83 1 2.39778 0
7 84 1 -2.25832 1
7 85 1 3.91478 1
7 86 1 1.02807 1
7 87 1 3.41465 1
7 88 1 -2.78731 1
7 89 1 -1.89985 1
7 90 1 0.370944 1
7 91 1 -2.66716 1
7 92 1 1.18684 1
7 93 1 -2.20974 1
7 94 1 -0.521981 1
7 95 1 3.21812 1
7 100 1 -0.469583 1
7 127 1 1.1837 1
127 82 1 -3.7186 1
100 83 1 2.47496 1
100 24 1 -1.8666 0
100 106 1 3.38866 1
106 24 1 -5.89448 1
106 6 1 -1.22944 1
8 64 1 2.99223 1
8 65 1 -3.2474 1
8 66 1 -0.283339 1
8 67 1 1.32537 1
8 68 1 -0.816765 1
8 69 1 2.99049 1
8 70 1 1.60311 1
8 71 1 2.9899 1
8 72 1 3.62467 1
8 73 1 -1.08209 1
8 74 1 1.09074 1
8 75 1 -2.17503 1
8 76 1 -0.860754 1
8 77 1 3.52129 1
8 78 1 -0.512428 1
8 79 1 -2.37439 1
8 80 1 0.213559 1
8 81 1 -1.87564 1
8 82 1 0.787736 1
8 83 1 -3.45617 1
8 84 1 3.8204 1
8 85 1 8.19521 1
8 86 1 4.89336 1
8 87 1 0.8662 1
8 88 1 0.0758779 1
8 89 1 4.1474 1
8 90 1 -0.370435 1
8 91 1 -0.833794 1
8 92 1 2.81705 1
8 93 1 4.94748 1
8 94 1 5.29635 1
8 95 1 -0.10976 1
8 17 1 -1.64151 1
9 64 1 -3.66972 1
9 65 1 -3.93731 1
9 66 1 2.13333 1
9 67 1 0.78463 1
9 68 1 -0.737126 1
9 69 1 0.712878 1
9 70 1 -5.59026 1
9 71 1 -0.71856 1
9 72 1 2.95779 1
9 73 1 -1.69344 1
9 74 1 0.943335 1
9 75 1 1.14921 1
9 76 1 1.90383 1
9 77 1 -0.462153 1
9 78 1 2.74466 1
9 79 1 2.04209 1
9 80 1 -1.86016 1
9 81 1 -0.230363 1
9 82 1 -2.67304 1
9 83 1 -0.26881 1
9 84 1 2.94626 1
9 85 1 2.21394 1
9 86 1 -2.0225 1
9 87 1 0.424624 1
9 88 1 -0.181916 1
9 89 1 5.77665 1
9 90 1 -0.600044 1
9 91 1 0.145601 1
9 92 1 -0.806603 1
9 93 1 -0.518994 1
9 94 1 -3.07779 1
9 95 1 1.26359 1
9 103 1 -1.06875 1
9 130 1 -0.637241 1
10 64 1 0.681766 1
10 65 1 -0.538017 1
10 66 1 6.72728 1
10 67 1 -5.114 1
10 68 1 2.90474 1
10 69 1 -0.279349 1
10 70 1 -1.09549 1
10 71 1 -0.601262 1
10 72 1 5.59749 1
10 73 1 3.65878 1
10 74 1 1.34377 0
10 75 1 0.0891909 1
10 76 1 2.3995 1
10 77 1 1.44699 1
10 78 1 -0.897887 1
10 79 1 -4.52338 1
10 80 1 -2.00397 1
10 81 1 2.94426 1
10 82 1 2.57813 1
10 83 1 2.27894 1
10 84 1 4.28551 1
10 85 1 2.7624 1
10 86 1 -1.59422 1
10 87 1 -0.332253 1
10 88 1 3.44088 1
10 89 1 0.335764 1
10 90 1 -0.303829 1
10 91 1 3.82142 1
10 92 1 0.0334607 1
10 93 1 -1.45049 1
10 94 1 4.01449 1
10 95 1 5.40574 1
10 124 1 1.3333 1
124 74 1 0.495539 1
11 64 1 3.20187 1
11 65 1 1.17455 1
11 66 1 3.01804 1
11 67 1 -1.2131 1
11 68 1 5.12507 1
11 69 1 0.461693 1
11 70 1 2.91501 1
11 71 1 1.99862 1
11 72 1 -3.20456 1
11 73 1 0.644121 1
11 74 1 -0.491256 0
11 75 1 -0.857248 1
11 76 1 -2.16054 1
11 77 1 -0.692712 1
11 78 1 -0.521107 1
11 79 1 -0.477419 1
11 80 1 -3.1126 1
11 81 1 0.447981 1
11 82 1 5.99173 1
11 83 1 2.10859 1
11 84 1 2.13887 1
11 85 1 -2.32724 1
11 86 1 -3.94014 1
11 87 1 -1.48849 1
11 88 1 -3.72868 1
11 89 1 -0.395285 1
11 90 1 -2.20914 1
11 91 1 -0.555806 1
11 92 1 -1.89899 1
11 93 1 3.18761 1
11 94 1 -1.30702 1
11 95 1 -4.18803 1
11 120 1 -4.71241 1
11 109 1 0.644353 1
120 74 1 -1.99909 1
120 13 1 -0.239969 0
120 150 1 2.06616 1
150 13 1 0.080009 1
12 64 1 -1.21661 1
12 65 1 -0.146712 1
12 66 1 -0.961801 1
12 67 1 -3.08299 1
12 68 1 0.706343 1
12 69 1 1.3946 1
12 70 1 -0.91273 1
12 71 1 2.24311 1
12 72 1 1.74503 1
12 73 1 -4.0299 1
12 74 1 -3.51069 1
12 75 1 -3.05347 1
12 76 1 -0.9264 1
12 77 1 1.58799 1
12 78 1 -0.322598 1
12 79 1 -1.26721 1
12 80 1 -2.87156 1
12 81 1 -2.18791 1
12 82 1 2.67043 1
12 83 1 -0.662181 1
12 84 1 0.815016 1
12 85 1 -1.14605 1
12 86 1 -0.399372 1
12 87 1 0.372113 1
12 88 1 -3.7492 1
12 89 1 3.39621 1
12 90 1 -0.844593 1
12 91 1 -1.71209 1
12 92 1 1.99232 1
12 93 1 -2.46865 1
12 94 1 2.46151 1
12 95 1 -2.36926 1
12 17 1 -0.220117 1
12 18 1 0.396114 1
12 144 1 -0.523247 1
13 64 1 0.12291 1
13 65 1 -4.4355 1
13 66 1 -0.712635 1
13 67 1 1.88157 1
13 68 1 1.7359 1
13 69 1 -2.8842 1
13 70 1 0.570455 1
13 71 1 0.591749 1
13 72 1 0.959236 1
13 73 1 -3.74467 1
13 74 1 -2.8162 1
13 75 1 -1.49356 1
13 76 1 -0.320895 1
13 77 1 -1.74455 1
13 78 1 2.32556 1
13 79 1 1.42217 1
13 80 1 1.26175 1
13 81 1 0.297681 1
13 82 1 -0.0565752 1
13 83 1 2.49713 1
13 84 1 -2.31977 1
13 85 1 6.48752 1
13 86 1 5.22281 1
13 87 1 6.51283 1
13 88 1 2.65853 1
13 89 1 0.145031 1
13 90 1 -3.79728 1
13 91 1 -3.34338 1
13 92 1 -0.91638 1
13 93 1 -2.98282 1
13 94 1 0.967825 1
13 95 1 -4.1721 1
14 64 1 -2.47689 1
14 65 1 6.22634 1
14 66 1 0.48663 1
14 67 1 -0.786969 1
14 68 1 -1.44575 1
14 69 1 2.76293 1
14 70 1 -1.45349 1
14 71 1 0.287801 1
14 72 1 1.68496 1
14 73 1 0.0824014 1
14 74 1 0.352059 1
14 75 1 2.51563 1
14 76 1 -1.65572 1
14 77 1 2.76539 1
14 78 1 -2.90575 1
14 79 1 -1.75191 1
14 80 1 -1.3498 1
14 81 1 2.05006 0
14 82 1 4.68532 1
14 83 1 -0.801266 1
14 84 1 0.253309 1
14 85 1 -2.02481 1
14 86 1 2.3826 1
14 87 1 -2.14386 1
14 88 1 -0.649293 1
14 89 1 -0.573301 1
14 90 1 0.663853 1
14 91 1 3.67685 1
14 92 1 3.28999 1
14 93 1 1.02526 1
14 94 1 6.10475 1
14 95 1 0.441769 1
14 104 1 -1.96163 1
14 119 1 1.69746 1
119 81 1 4.79539 1
119 99 1 -0.693112 1
15 64 1 -1.22094 1
15 65 1 0.94534 1
15 66 1 -4.16343 1
15 67 1 -1.76257 1
15 68 1 0.433568 1
15 69 1 -1.92726 1
15 70 1 7.26329 1
15 71 1 -0.486958 1
15 72 1 -1.1875 1
15 73 1 -0.0999297 1
15 74 1 1.36655 1
15 75 1 -1.19659 1
15 76 1 -0.883154 1
15 77 1 0.104471 1
15 78 1 -2.4032 1
15 79 1 -0.458959 1
15 80 1 1.11165 1
15 81 1 0.480853 1
15 82 1 -3.06121 1
15 83 1 -0.916965 1
15 84 1 2.45873 1
15 85 1 -1.17611 1
15 86 1 2.18692 1
15 87 1 -4.95351 1
15 88 1 0.43947 1
15 89 1 2.60466 1
15 90 1 0.180905 1
15 91 1 -4.42275 1
15 92 1 1.58738 1
15 93 1 -2.03386 1
15 94 1 1.19945 1
15 95 1 2.2596 1
15 20 1 0.540661 1
16 64 1 4.36984 1
16 65 1 0.316408 1
16 66 1 -2.69391 1
16 67 1 -2.80842 1
16 68 1 0.976589 1
16 69 1 -0.201636 1
16 70 1 1.7524 1
16 71 1 3.65233 1
16 72 1 -0.806132 1
16 73 1 -2.61369 1
16 74 1 -0.047437 1
16 75 1 1.38993 1
16 76 1 0.396689 1
16 77 1 1.52462 1
16 78 1 -1.51867 1
16 79 1 -0.254984 0
16 80 1 0.0350017 1
16 81 1 2.57579 1
16 82 1 -2.2275 1
16 83 1 2.5162 1
16 84 1 -1.4027 1
16 85 1 -1.6304 1
16 86 1 -1.88846 1
16 87 1 -1.58353 1
16 88 1 0.490848 1
16 89 1 1.0109 1
16 90 1 -1.07631 1
16 91 1 2.02648 1
16 92 1 4.46828 1
16 93 1 -1.78785 1
16 94 1 -1.50717 1
16 95 1 -2.92947 1
16 26 1 -0.663819 1
16 151 1 1.17061 1
151 79 1 -0.298024 1
17 64 1 -2.97298 1
17 65 1 -0.572016 1
17 66 1 -1.91369 1
17 67 1 4.52488 1
17 68 1 -2.25027 1
17 69 1 0.72 1
17 70 1 0.436069 1
17 71 1 2.10329 1
17 72 1 -5.74836 0
17 73 1 0.493223 1
17 74 1 4.04604 1
17 75 1 1.11464 1
17 76 1 -1.06553 1
17 77 1 3.16628 1
17 78 1 -0.246802 1
17 79 1 -2.40294 1
17 80 1 5.21942 1
17 81 1 3.21965 1
17 82 1 -0.70032 1
17 83 1 -0.781712 1
17 84 1 -3.85204 1
17 85 1 1.60304 1
17 86 1 1.02763 1
17 87 1 -1.79141 1
17 88 1 -6.22948 1
17 89 1 1.87976 1
17 90 1 -3.53305 1
17 91 1 5.80959 1
17 92 1 -0.103574 1
17 93 1 4.00587 1
17 94 1 2.74409 1
17 95 1 1.47104 1
17 146 1 2.31619 1
146 72 1 -4.73052 1
18 64 1 2.02955 1
18 65 1 -1.5433 1
18 66 1 2.00899 1
18 67 1 0.724436 1
18 68 1 0.132688 1
18 69 1 0.36635 1
18 70 1 2.29305 1
18 71 1 0.604327 1
18 72 1 2.63929 1
18 73 1 -0.125158 1
18 74 1 2.22125 1
18 75 1 -0.127654 1
18 76 1 4.51431 1
18 77 1 -1.25721 1
18 78 1 2.43388 1
18 79 1 0.999497 1
18 80 1 -4.71644 1
18 81 1 2.43999 1
18 82 1 -2.89611 1
18 83 1 3.26631 1
18 84 1 -2.37892 1
18 85 1 1.24907 1
18 86 1 5.55033 1
18 87 1 -1.44642 1
18 88 1 0.895415 1
18 89 1 -3.08645 1
18 90 1 0.510796 1
18 91 1 1.79315 1
18 92 1 -2.44919 1
18 93 1 -0.892678 1
18 94 1 -1.30331 1
18 95 1 0.440688 1
18 25 1 -0.0312214 1
18 18 1 0.385898 1
18 139 1 0.0388387 1
19 64 1 4.89803 1
19 65 1 -1.75954 1
19 66 1 4.31159 1
19 67 1 -0.400165 1
19 68 1 -3.41373 1
19 69 1 1.47121 1
19 70 1 -0.642131 1
19 71 1 -1.59501 1
19 72 1 1.95289 1
19 73 1 1.61383 1
19 74 1 -0.848418 1
19 75 1 1.04527 1
19 76 1 -2.26636 1
19 77 1 -2.27268 1
19 78 1 -3.86651 1
19 79 1 3.17397 1
19 80 1 1.00147 1
19 81 1 -2.96971 1
19 82 1 -0.373132 1
19 83 1 -4.0373 1
19 84 1 0.477239 1
19 85 1 1.07172 1
19 86 1 0.374514 1
19 87 1 2.95381 1
19 88 1 0.279002 1
19 89 1 4.81026 1
19 90 1 -1.35757 1
19 91 1 -0.72622 1
19 92 1 0.408738 1
19 93 1 -3.36927 1
19 94 1 -1.34844 1
19 95 1 -6.14739 1
20 64 1 2.27491 1
20 65 1 -0.961052 1
20 66 1 -2.10772 1
20 67 1 0.803402 1
20 68 1 -1.29938 1
20 69 1 0.156793 1
20 70 1 -3.87231 1
20 71 1 3.23074 1
20 72 1 3.33409 1
20 73 1 1.58138 1
20 74 1 2.73592 1
20 75 1 2.55486 1
20 76 1 -0.32214 1
20 77 1 -0.462076 1
20 78 1 2.25253 1
20 79 1 1.8414 1
20 80 1 0.729407 1
20 81 1 0.877445 1
20 82 1 2.71431 1
20 83 1 2.153 1
20 84 1 1.96812 1
20 85 1 -4.35805 1
20 86 1 0.209911 1
20 87 1 -0.073494 1
20 88 1 1.83955 1
20 89 1 0.872295 1
20 90 1 3.61774 1
20 91 1 0.326673 0
20 92 1 0.170224 1
20 93 1 -0.132218 0
20 94 1 3.54086 0
20 95 1 -1.10279 1
20 96 1 -4.06407 1
20 98 1 -0.889242 1
20 103 1 1.19886 1
20 109 1 0.186231 1
103 91 1 0.508597 0
103 105 1 1.79536 1
103 112 1 -1.63419 0
103 123 1 -0.241402 1
103 140 1 -1.12521 1
140 112 1 2.37574 1
123 91 1 0.513468 1
123 113 1 0.672342 0
123 136 1 1.08675 1
123 137 1 -0.518244 1
136 113 1 -1.6832 1
105 91 1 2.63694 0
105 129 1 -0.783843 1
129 91 1 -0.475841 0
129 135 1 2.44418 1
129 116 1 1.22177 1
135 91 1 -0.589055 1
98 93 1 -0.780099 1
98 99 1 4.59597 1
98 15 1 -0.0114923 1
96 94 1 2.16217 1
96 20 1 0.270106 1
21 64 1 2.24486 1
21 65 1 6.06302 1
21 66 1 -3.06066 1
21 67 1 -4.70787 1
21 68 1 -2.10612 1
21 69 1 2.20126 1
21 70 1 -1.08209 1
21 71 1 -3.73119 1
21 72 1 -7.81325 1
21 73 1 -1.11591 1
21 74 1 -1.25692 1
21 75 1 1.56113 1
21 76 1 -1.71074 1
21 77 1 -0.723638 1
21 78 1 -1.48947 1
21 79 1 -1.3016 1
21 80 1 2.43263 1
21 81 1 -2.70323 1
21 82 1 -2.30935 1
21 83 1 -0.232805 1
21 84 1 4.42603 1
21 85 1 -0.00294455 1
21 86 1 1.35697 1
21 87 1 -0.627505 1
21 88 1 3.43378 1
21 89 1 -0.0877895 1
21 90 1 0.547126 1
21 91 1 0.919764 0
21 92 1 1.47841 1
21 93 1 0.306219 1
21 94 1 -4.59864 1
21 95 1 -0.285091 1
21 143 1 3.4252 1
143 91 1 -1.14586 1
22 64 1 1.73097 1
22 65 1 0.2914 1
22 66 1 -0.221119 1
22 67 1 4.44992 1
22 68 1 -1.5369 1
22 69 1 -1.85789 1
22 70 1 -2.39897 1
22 71 1 0.893636 1
22 72 1 -4.06215 1
22 73 1 -0.501331 1
22 74 1 -4.09339 1
22 75 1 -1.63154 1
22 76 1 1.85607 1
22 77 1 -0.306903 1
22 78 1 3.96579 1
22 79 1 6.27295 1
22 80 1 -0.337595 1
22 81 1 -1.07779 1
22 82 1 -0.386659 1
22 83 1 -1.30387 1
22 84 1 -1.81997 1
22 85 1 -0.071994 1
22 86 1 0.505034 1
22 87 1 5.86729 1
22 88 1 -2.93087 1
22 89 1 -0.375795 1
22 90 1 2.33719 1
22 91 1 1.23531 1
22 92 1 1.49839 1
22 93 1 1.70428 1
22 94 1 4.38383 1
22 95 1 2.66662 1
23 64 1 -2.40709 1
23 65 1 1.44395 1
23 66 1 -0.161743 1
23 67 1 1.91645 1
23 68 1 -1.63728 1
23 69 1 1.52343 1
23 70 1 4.90122 1
23 71 1 -3.11389 1
23 72 1 -0.504468 1
23 73 1 -0.602765 1
23 74 1 2.08236 1
23 75 1 0.609567 1
23 76 1 2.78877 1
23 77 1 3.13616 1
23 78 1 -0.396237 1
23 79 1 -4.1277 1
23 80 1 1.62863 1
23 81 1 0.953182 1
23 82 1 -3.0534 1
23 83 1 2.12129 1
23 84 1 4.9504 1
23 85 1 -2.65605 1
23 86 1 -8.53505 1
23 87 1 0.841379 1
23 88 1 1.54286 1
23 89 1 -0.378699 1
23 90 1 -2.35331 1
23 91 1 -1.24968 1
23 92 1 0.385373 1
23 93 1 2.78903 1
23 94 1 -2.95635 1
23 95 1 0.143568 1
23 107 1 1.49482 1
23 27 1 -0.623934 1
24 64 1 -0.97287 1
24 65 1 3.09944 1
24 66 1 -0.911018 1
24 67 1 4.88229 1
24 68 1 -4.87269 1
24 69 1 3.67417 1
24 70 1 -0.229566 1
24 71 1 3.68618 1
24 72 1 1.50434 1
24 73 1 1.41329 1
24 74 1 -0.260362 1
24 75 1 0.482662 1
24 76 1 -1.10519 1
24 77 1 -0.00372634 1
24 78 1 -4.33504 1
24 79 1 -1.6752 1
24 80 1 3.2535 1
24 81 1 2.31543 1
24 82 1 0.705938 1
24 83 1 -3.68542 1
24 84 1 -4.75889 1
24 85 1 -1.15086 1
24 86 1 -4.24044 1
24 87 1 2.841 1
24 88 1 -2.54554 1
24 89 1 6.36133 1
24 90 1 2.95266 1
24 91 1 -3.03807 1
24 92 1 -0.207244 1
24 93 1 0.595082 1
24 94 1 -0.776004 1
24 95 1 -1.51492 1
24 5 1 0.660295 1
25 64 1 0.625572 1
25 65 1 1.33916 1
25 66 1 -0.484402 1
25 67 1 -1.64238 1
25 68 1 2.27884 1
25 69 1 -4.97065 1
25 70 1 0.23466 0
25 71 1 -2.84117 1
25 72 1 1.97168 1
25 73 1 0.521875 1
25 74 1 2.00607 1
25 75 1 -2.15001 1
25 76 1 -0.236854 1
25 77 1 -0.34577 1
25 78 1 2.1177 1
25 79 1 0.00105092 1
25 80 1 -0.539867 1
25 81 1 -3.44447 1
25 82 1 -0.84612 1
25 83 1 3.95026 1
25 84 1 -0.997232 1
25 85 1 -1.12529 1
25 86 1 1.81144 1
25 87 1 1.81673 1
25 88 1 -0.0694882 1
25 89 1 1.7522 1
25 90 1 -2.69442 1
25 91 1 1.46236 1
25 92 1 1.51712 1
25 93 1 -0.923286 1
25 94 1 -1.07375 1
25 95 1 -2.65878 1
25 8 1 0.359391 1
25 6 1 -1.49395 1
25 121 1 -1.65549 1
121 70 1 6.30896 1
26 64 1 -2.10426 1
26 65 1 3.02905 1
26 66 1 0.640788 1
26 67 1 2.17732 1
26 68 1 0.394787 1
26 69 1 3.09527 1
26 70 1 -2.86707 1
26 71 1 1.207 1
26 72 1 -1.67179 1
26 73 1 0.641429 1
26 74 1 -6.23362 1
26 75 1 2.50081 1
26 76 1 0.57283 1
26 77 1 -4.25249 1
26 78 1 3.40187 1
26 79 1 -0.566231 1
26 80 1 0.0347569 1
26 81 1 3.49715 1
26 82 1 1.24538 1
26 83 1 0.82079 1
26 84 1 -4.43207 1
26 85 1 2.40658 1
26 86 1 -4.23987 1
26 87 1 0.626668 1
26 88 1 -3.3701 1
26 89 1 -0.715025 1
26 90 1 -3.12307 1
26 91 1 -3.52509 1
26 92 1 0.11386 1
26 93 1 0.778017 1
26 94 1 1.84455 1
26 95 1 -0.703455 1
26 23 1 3.81285 1
26 15 1 3.11914 1
27 64 1 -3.42028 1
27 65 1 3.40767 1
27 66 1 3.68675 1
27 67 1 -1.54398 1
27 68 1 0.849687 1
27 69 1 2.01866 1
27 70 1 3.41293 1
27 71 1 -6.4237 1
27 72 1 -0.922961 1
27 73 1 1.68456 1
27 74 1 -1.90055 1
27 75 1 1.8769 1
27 76 1 -3.36337 1
27 77 1 -1.26471 1
27 78 1 -0.829413 1
27 79 1 0.834061 1
27 80 1 -2.04543 1
27 81 1 -1.61078 1
27 82 1 1.81355 1
27 83 1 0.733906 1
27 84 1 0.950637 1
27 85 1 0.574208 1
27 86 1 -1.75924 1
27 87 1 1.08389 1
27 88 1 -3.96414 1
27 89 1 -5.60151 1
27 90 1 3.33791 1
27 91 1 -1.88784 1
27 92 1 -0.448711 1
27 93 1 -0.544824 1
27 94 1 1.8723 1
27 95 1 -1.41126 1
27 9 1 1.48453 1
27 5 1 -2.45659 1
28 64 1 4.20362 1
28 65 1 -0.694768 1
28 66 1 -2.35358 1
28 67 1 4.77513 1
28 68 1 3.48101 1
28 69 1 2.06229 1
28 70 1 0.410079 1
28 71 1 -1.53893 1
28 72 1 -6.23324 1
28 73 1 0.490931 1
28 74 1 -1.49826 1
28 75 1 0.366185 1
28 76 1 0.451141 1
28 77 1 2.19517 1
28 78 1 -2.97402 1
28 79 1 0.994483 1
28 80 1 2.18686 1
28 81 1 -1.46029 1
28 82 1 2.88321 1
28 83 1 2.37759 1
28 84 1 3.20038 1
28 85 1 -6.70656 1
28 86 1 -2.99513 1
28 87 1 -2.04519 1
28 88 1 -3.89246 1
28 89 1 1.12263 1
28 90 1 -2.7396 1
28 91 1 -1.41478 1
28 92 1 3.0327 1
28 93 1 -2.85933 1
28 94 1 4.34011 1
28 95 1 -3.16922 1
29 64 1 -0.538746 1
29 65 1 -1.85031 1
29 66 1 -0.802575 1
29 67 1 1.56871 1
29 68 1 -7.11314 1
29 69 1 1.48893 1
29 70 1 -0.421594 1
29 71 1 -1.65913 1
29 72 1 0.303651 1
29 73 1 -0.881317 1
29 74 1 0.656255 1
29 75 1 0.267322 1
29 76 1 -0.666237 1
29 77 1 1.37542 1
29 78 1 -4.06299 1
29 79 1 -2.79228 1
29 80 1 3.17601 1
29 81 1 1.27361 1
29 82 1 1.57644 1
29 83 1 -0.14901 1
29 84 1 2.18223 1
29 85 1 -0.864076 1
29 86 1 -1.92934 1
29 87 1 -4.06539 1
29 88 1 -1.97529 1
29 89 1 -2.54699 1
29 90 1 -1.16054 1
29 91 1 -0.0232342 1
29 92 1 0.554619 1
29 93 1 1.68958 1
29 94 1 -2.81707 1
29 95 1 -0.243913 1
29 113 1 1.00311 1
30 64 1 -0.76342 1
30 65 1 1.43638 1
30 66 1 3.88845 1
30 67 1 0.880742 1
30 68 1 1.46971 1
30 69 1 2.2134 1
30 70 1 1.11162 1
30 71 1 -3.20175 1
30 72 1 -0.108132 1
30 73 1 2.63716 1
30 74 1 -0.16205 1
30 75 1 3.56824 1
30 76 1 2.84783 1
30 77 1 -1.06827 1
30 78 1 2.47205 1
30 79 1 3.48383 1
30 80 1 -1.74497 1
30 81 1 -2.6118 1
30 82 1 3.77903 1
30 83 1 3.68656 1
30 84 1 2.16497 1
30 85 1 -2.68835 1
30 86 1 -0.937641 1
30 87 1 -2.58402 1
30 88 1 1.06387 1
30 89 1 -0.456666 1
30 90 1 2.18336 1
30 91 1 5.54287 1
30 92 1 -1.46292 1
30 93 1 1.76612 1
30 94 1 2.33549 1
30 95 1 -0.349404 1
30 28 1 0.111362 1
31 64 1 2.61155 1
31 65 1 -0.606887 1
31 66 1 -2.69743 1
31 67 1 5.28668 1
31 68 1 2.94907 1
31 69 1 0.683124 1
31 70 1 -3.52675 1
31 71 1 1.7278 1
31 72 1 -3.25707 1
31 73 1 -3.17915 1
31 74 1 3.43138 1
31 75 1 1.54353 1
31 76 1 1.48086 1
31 77 1 -0.22498 1
31 78 1 -3.05395 1
31 79 1 1.34707 1
31 80 1 -0.758966 1
31 81 1 -2.72063 1
31 82 1 -1.10339 1
31 83 1 -0.312572 1
31 84 1 -3.14404 1
31 85 1 -3.05163 1
31 86 1 0.608216 1
31 87 1 -3.27398 0
31 88 1 3.87362 1
31 89 1 -0.867237 1
31 90 1 0.207061 1
31 91 1 -2.14794 1
31 92 1 0.550865 1
31 93 1 1.05397 1
31 94 1 0.793765 1
31 95 1 -1.36181 1
31 122 1 1.5508 1
122 87 1 1.22845 1
32 64 1 7.5936 1
32 65 1 1.17686 1
32 66 1 -3.30336 1
32 67 1 1.92508 1
32 68 1 1.01326 1
32 69 1 1.47818 1
32 70 1 -0.165056 1
32 71 1 3.16094 1
32 72 1 -3.2068 1
32 73 1 1.55939 1
32 74 1 -1.46977 1
32 75 1 3.05446 1
32 76 1 -1.71965 1
32 77 1 3.37125 1
32 78 1 -0.156698 1
32 79 1 2.07584 1
32 80 1 -0.103599 1
32 81 1 -2.5878 1
32 82 1 -1.91694 1
32 83 1 -3.03913 1
32 84 1 1.68598 1
32 85 1 -3.65489 1
32 86 1 0.322703 1
32 87 1 -1.31839 1
32 88 1 -0.793465 1
32 89 1 -3.37196 1
32 90 1 1.26015 1
32 91 1 -2.61419 1
32 92 1 1.85168 1
32 93 1 0.689729 1
32 94 1 -0.49341 1
32 95 1 -1.62616 1
33 64 1 2.48457 1
33 65 1 -5.15253 1
33 66 1 -1.17212 1
33 67 1 -2.30595 1
33 68 1 -0.745657 1
33 69 1 -2.2863 1
33 70 1 3.4354 1
33 71 1 4.28533 1
33 72 1 1.61729 1
33 73 1 2.87404 1
33 74 1 3.10549 1
33 75 1 -6.10256 1
33 76 1 -1.47703 1
33 77 1 1.83664 1
33 78 1 -3.82538 1
33 79 1 -2.78092 1
33 80 1 1.30865 1
33 81 1 -1.15562 1
33 82 1 0.527662 1
33 83 1 1.1659 1
33 84 1 1.16833 1
33 85 1 1.33361 1
33 86 1 2.57918 1
33 87 1 1.64317 1
33 88 1 2.82722 1
33 89 1 4.55917 1
33 90 1 -2.12741 1
33 91 1 0.44437 1
33 92 1 1.68395 1
33 93 1 1.75889 1
33 94 1 -0.0143455 1
33 95 1 -0.488121 1
33 20 1 -2.35873 1
33 107 1 0.0272353 1
33 13 1 0.0882166 1
34 64 1 -0.110328 1
34 65 1 -0.775819 1
34 66 1 2.54236 1
34 67 1 0.478712 1
34 68 1 0.859124 1
34 69 1 -0.463333 1
34 70 1 -1.5424 1
34 71 1 -0.715654 1
34 72 1 -1.61797 1
34 73 1 -4.05313 1
34 74 1 1.42991 1
34 75 1 6.73907 1
34 76 1 -1.36983 1
34 77 1 -0.833023 1
34 78 1 -1.66712 1
34 79 1 2.02556 1
34 80 1 2.87342 1
34 81 1 -0.975389 1
34 82 1 0.30276 1
34 83 1 1.71983 1
34 84 1 0.11528 1
34 85 1 -0.209767 1
34 86 1 -0.0118399 1
34 87 1 0.628741 1
34 88 1 1.11618 1
34 89 1 -1.18399 1
34 90 1 -6.31731 1
34 91 1 2.90389 1
34 92 1 1.45533 1
34 93 1 -2.71445 1
34 94 1 2.90779 1
34 95 1 2.40882 1
34 113 1 -0.407965 1
35 64 1 -0.231056 1
35 65 1 -1.01529 1
35 66 1 -0.464825 1
35 67 1 2.62872 1
35 68 1 1.09535 1
35 69 1 3.69905 1
35 70 1 2.64835 1
35 71 1 2.75605 1
35 72 1 3.16781 1
35 73 1 6.62794 1
35 74 1 2.6401 1
35 75 1 0.0616081 1
35 76 1 -3.67628 1
35 77 1 0.67246 1
35 78 1 -1.21198 1
35 79 1 1.57692 1
35 80 1 -7.54454 1
35 81 1 -1.2755 1
35 82 1 2.9962 0
35 83 1 0.386807 1
35 84 1 3.61994 1
35 85 1 -4.32209 1
35 86 1 -1.95674 1
35 87 1 -2.85421 1
35 88 1 -0.348534 1
35 89 1 1.05283 0
35 90 1 -1.93665 1
35 91 1 -1.81928 1
35 92 1 -3.19076 1
35 93 1 -2.52255 1
35 94 1 -1.2885 1
35 95 1 -0.278488 1
35 130 1 0.599195 1
35 133 1 4.10363 1
133 82 1 2.39631 1
130 89 1 1.02428 1
36 64 1 0.00353644 1
36 65 1 1.27584 1
36 66 1 -0.626717 1
36 67 1 -0.219297 1
36 68 1 -4.89545 1
36 69 1 -2.38524 1
36 70 1 -0.937686 1
36 71 1 0.954767 1
36 72 1 -1.1382 1
36 73 1 0.117859 1
36 74 1 -1.17417 1
36 75 1 0.712684 1
36 76 1 1.42163 1
36 77 1 -4.28451 1
36 78 1 -0.204433 1
36 79 1 3.03687 1
36 80 1 1.54859 1
36 81 1 -1.05572 1
36 82 1 -1.09396 0
36 83 1 0.0679664 1
36 84 1 3.02104 1
36 85 1 -3.49054 1
36 86 1 1.11849 1
36 87 1 -0.0976562 1
36 88 1 -0.165006 1
36 89 1 1.43956 1
36 90 1 -2.8759 1
36 91 1 1.75006 1
36 92 1 4.36839 1
36 93 1 -0.12015 1
36 94 1 -2.89019 1
36 95 1 6.16143 1
36 109 1 0.539151 0
36 24 1 -0.960552 1
36 117 1 2.16918 1
117 109 1 0.882039 1
109 82 1 0.915811 1
109 31 1 -0.254577 1
37 64 1 -2.80988 1
37 65 1 2.1277 1
37 66 1 -1.99563 1
37 67 1 -0.964282 1
37 68 1 -4.39177 1
37 69 1 2.59636 1
37 70 1 -3.04235 1
37 71 1 -0.958221 1
37 72 1 2.54568 1
37 73 1 2.7232 1
37 74 1 -0.307748 1
37 75 1 0.673802 1
37 76 1 3.39751 0
37 77 1 3.49716 1
37 78 1 -1.1914 1
37 79 1 0.713371 1
37 80 1 3.282 1
37 81 1 -0.303974 1
37 82 1 4.25697 1
37 83 1 1.49531 1
37 84 1 -3.44554 1
37 85 1 1.96228 1
37 86 1 -0.787772 1
37 87 1 1.75399 1
37 88 1 -2.54681 1
37 89 1 -1.72441 1
37 90 1 -1.01708 1
37 91 1 1.79943 1
37 92 1 2.64849 1
37 93 1 0.391485 1
37 94 1 -3.23283 1
37 95 1 -0.333864 1
37 142 1 2.26393 1
142 76 1 -1.19082 1
142 147 1 -1.07559 1
38 64 1 0.46519 1
38 65 1 -1.56549 1
38 66 1 -1.28077 1
38 67 1 -0.652715 1
38 68 1 -1.74286 1
38 69 1 -5.09463 1
38 70 1 -0.373458 1
38 71 1 -0.26829 1
38 72 1 0.811203 1
38 73 1 0.774418 1
38 74 1 -1.419 1
38 75 1 1.3572 1
38 76 1 1.52729 1
38 77 1 -1.6524 1
38 78 1 -1.28807 1
38 79 1 -0.540519 1
38 80 1 -4.37607 1
38 81 1 -1.16308 1
38 82 1 2.14468 1
38 83 1 -1.06831 1
38 84 1 -2.49549 1
38 85 1 -4.61545 1
38 86 1 -0.165818 1
38 87 1 -0.19024 1
38 88 1 1.53611 1
38 89 1 3.51217 1
38 90 1 0.438369 1
38 91 1 2.21396 1
38 92 1 2.46381 0
38 93 1 -2.21613 1
38 94 1 0.209559 1
38 95 1 -2.43762 1
38 148 1 1.37703 1
148 92 1 3.69076 1
39 64 1 1.41878 1
39 65 1 -1.69255 1
39 66 1 2.7742 1
39 67 1 -0.253089 1
39 68 1 1.11892 1
39 69 1 -0.086889 1
39 70 1 1.75466 1
39 71 1 -1.16519 1
39 72 1 -2.03127 1
39 73 1 -4.69349 1
39 74 1 1.50028 1
39 75 1 2.46569 0
39 76 1 3.28117 1
39 77 1 -0.277819 1
39 78 1 -2.69805 1
39 79 1 -3.06607 1
39 80 1 2.45754 1
39 81 1 -3.37741 1
39 82 1 0.601394 1
39 83 1 -0.345392 1
39 84 1 -2.31445 1
39 85 1 -0.083839 1
39 86 1 2.28438 1
39 87 1 1.95356 1
39 88 1 -2.16003 1
39 89 1 0.230313 1
39 90 1 3.71119 1
39 91 1 -1.10273 1
39 92 1 3.79399 1
39 93 1 0.739549 1
39 94 1 -4.51906 1
39 95 1 -1.16822 1
39 2 1 -4.57873 1
39 112 1 3.40095 1
39 13 1 0.0231779 1
39 104 1 -0.174243 1
112 75 1 -2.24384 1
112 138 1 -1.26487 1
40 64 1 -5.23623 1
40 65 1 -1.40033 1
40 66 1 2.10025 1
40 67 1 0.655778 1
40 68 1 1.90899 1
40 69 1 2.61809 1
40 70 1 -1.64788 1
40 71 1 0.357578 1
40 72 1 3.21825 1
40 73 1 1.79514 1
40 74 1 -2.2684 1
40 75 1 0.678769 1
40 76 1 -1.21989 1
40 77 1 3.06889 1
40 78 1 2.164 1
40 79 1 -1.50502 1
40 80 1 -1.39872 1
40 81 1 0.263832 1
40 82 1 0.848946 1
40 83 1 -2.92395 1
40 84 1 0.107108 1
40 85 1 2.29028 1
40 86 1 2.76917 1
40 87 1 1.67435 1
40 88 1 1.07724 1
40 89 1 -0.752595 1
40 90 1 -1.5199 1
40 91 1 -2.24544 1
40 92 1 -2.87089 1
40 93 1 2.33379 1
40 94 1 0.293313 1
40 95 1 2.00357 1
40 2 1 -0.40683 1
40 134 1 0.940354 1
41 64 1 5.59447 1
41 65 1 -1.27075 1
41 66 1 0.625485 1
41 67 1 1.03106 1
41 68 1 2.59805 1
41 69 1 -0.0205064 1
41 70 1 1.11792 1
41 71 1 0.357987 1
41 72 1 3.77723 1
41 73 1 -5.24691 1
41 74 1 -0.380737 1
41 75 1 2.1596 1
41 76 1 -2.95823 1
41 77 1 -1.48778 1
41 78 1 -2.96774 1
41 79 1 1.26739 1
41 80 1 1.61474 1
41 81 1 3.28952 1
41 82 1 -2.16104 1
41 83 1 1.69144 1
41 84 1 -3.54403 1
41 85 1 -0.746544 1
41 86 1 0.77902 1
41 87 1 0.74844 1
41 88 1 3.08711 1
41 89 1 -3.54877 1
41 90 1 -2.84991 1
41 91 1 0.183508 1
41 92 1 1.14328 1
41 93 1 -0.815884 1
41 94 1 -1.21165 1
41 95 1 0.332772 1
41 11 1 3.37509 1
41 29 1 -1.16641 1
41 97 1 -1.70002 1
42 64 1 1.31251 1
42 65 1 0.196943 1
42 66 1 -0.227884 1
42 67 1 0.0924563 1
42 68 1 -1.79529 1
42 69 1 -0.74546 1
42 70 1 -1.35656 1
42 71 1 -2.26449 1
42 72 1 -0.936353 1
42 73 1 -2.61843 1
42 74 1 2.75521 1
42 75 1 -0.969937 1
42 76 1 -2.59201 1
42 77 1 -0.409907 1
42 78 1 -1.77634 1
42 79 1 0.826775 1
42 80 1 -1.38075 1
42 81 1 2.03308 1
42 82 1 2.13034 1
42 83 1 3.31894 1
42 84 1 1.90065 1
42 85 1 -0.0887457 1
42 86 1 1.39217 1
42 87 1 -2.74242 1
42 88 1 -1.37431 1
42 89 1 -1.44321 1
42 90 1 1.75605 1
42 91 1 3.03539 1
42 92 1 -1.4894 1
42 93 1 2.39737 1
42 94 1 -1.9841 1
42 95 1 2.24807 1
43 64 1 3.07695 1
43 65 1 -3.24625 1
43 66 1 2.70517 1
43 67 1 1.83309 1
43 68 1 0.203713 1
43 69 1 -1.80037 1
43 70 1 0.998953 1
43 71 1 -3.33821 1
43 72 1 -1.05847 1
43 73 1 -7.42679 1
43 74 1 2.01952 1
43 75 1 -2.24256 1
43 76 1 -0.236145 1
43 77 1 0.702845 1
43 78 1 0.720375 1
43 79 1 -2.54742 1
43 80 1 -0.723078 1
43 81 1 1.6099 1
43 82 1 2.05924 1
43 83 1 -1.29111 1
43 84 1 0.00555367 1
43 85 1 3.66619 1
43 86 1 1.19675 1
43 87 1 3.99815 1
43 88 1 0.203999 1
43 89 1 3.70126 1
43 90 1 -0.0456978 1
43 91 1 -4.13417 1
43 92 1 3.61727 1
43 93 1 2.15154 1
43 94 1 -4.52998 1
43 95 1 1.83018 1
44 64 1 0.69882 1
44 65 1 -3.34868 1
44 66 1 0.953759 1
44 67 1 -2.99984 1
44 68 1 -0.413375 1
44 69 1 -0.807715 1
44 70 1 3.35435 1
44 71 1 1.7025 1
44 72 1 -2.26299 1
44 73 1 0.780551 1
44 74 1 -2.56581 1
44 75 1 -3.12828 1
44 76 1 -0.130176 1
44 77 1 1.35931 1
44 78 1 1.94595 1
44 79 1 0.698823 1
44 80 1 5.06436 1
44 81 1 -2.25754 1
44 82 1 0.999684 1
44 83 1 -1.47268 1
44 84 1 -0.00996121 1
44 85 1 0.137241 1
44 86 1 0.77149 1
44 87 1 1.44775 1
44 88 1 0.706367 1
44 89 1 1.0228 1
44 90 1 -0.198544 1
44 91 1 -0.601912 1
44 92 1 -0.604538 1
44 93 1 2.92845 1
44 94 1 -1.98788 1
44 95 1 -1.12234 1
44 8 1 -0.274897 1
44 29 1 1.34965 1
45 64 1 -0.701906 1
45 65 1 2.83352 1
45 66 1 -0.299432 1
45 67 1 1.94474 1
45 68 1 -1.58827 1
45 69 1 -7.22148 1
45 70 1 -4.17436 1
45 71 1 0.682766 1
45 72 1 -5.13861 1
45 73 1 3.88925 1
45 74 1 3.34307 1
45 75 1 3.83571 1
45 76 1 -0.538426 1
45 77 1 -0.103206 1
45 78 1 -2.38991 1
45 79 1 2.79348 1
45 80 1 -2.81257 1
45 81 1 0.559058 1
45 82 1 -1.40735 1
45 83 1 -3.38402 1
45 84 1 2.68645 1
45 85 1 -3.44263 1
45 86 1 1.64335 1
45 87 1 0.477038 1
45 88 1 -0.0941648 1
45 89 1 -4.30194 1
45 90 1 0.581051 1
45 91 1 4.459 1
45 92 1 -3.03021 1
45 93 1 -6.29033 1
45 94 1 2.32871 1
45 95 1 -3.66856 1
45 9 1 3.34697 1
45 20 1 -0.438426 1
46 64 1 -0.81005 1
46 65 1 -1.24531 1
46 66 1 2.92418 1
46 67 1 2.64483 1
46 68 1 -5.56934 1
46 69 1 -1.45843 1
46 70 1 1.00416 1
46 71 1 -1.69549 1
46 72 1 2.25841 1
46 73 1 -2.85642 1
46 74 1 -1.1251 1
46 75 1 2.73227 1
46 76 1 -4.49546 1
46 77 1 2.24367 1
46 78 1 -1.58126 1
46 79 1 0.306518 1
46 80 1 3.65857 1
46 81 1 0.312062 1
46 82 1 0.304006 1
46 83 1 1.42048 1
46 84 1 -0.515076 1
46 85 1 2.51542 1
46 86 1 -0.122839 1
46 87 1 2.80668 1
46 88 1 -1.25095 1
46 89 1 -3.34243 1
46 90 1 -3.26299 1
46 91 1 0.831116 1
46 92 1 1.82807 1
46 93 1 -1.87245 1
46 94 1 -1.12149 1
46 95 1 -0.809871 1
46 24 1 1.47035 1
47 64 1 -0.685114 1
47 65 1 -0.0312902 1
47 66 1 -2.83442 1
47 67 1 5.71196 1
47 68 1 -1.3347 1
47 69 1 2.50333 1
47 70 1 -2.23119 1
47 71 1 0.257924 1
47 72 1 0.963388 1
47 73 1 5.3816 0
47 74 1 -1.25991 1
47 75 1 -1.5826 1
47 76 1 -2.66018 1
47 77 1 -7.39173 1
47 78 1 -2.20535 1
47 79 1 1.68187 1
47 80 1 3.72141 1
47 81 1 -5.96919 1
47 82 1 0.422447 1
47 83 1 0.00919364 1
47 84 1 -3.25303 1
47 85 1 -0.104662 1
47 86 1 -3.31696 1
47 87 1 4.57717 1
47 88 1 1.59828 1
47 89 1 1.01727 1
47 90 1 6.88365 1
47 91 1 0.702201 1
47 92 1 -1.3385 1
47 93 1 1.00965 1
47 94 1 1.43491 1
47 95 1 -1.58636 1
47 4 1 0.52985 1
47 137 1 1.02028 1
137 73 1 3.72972 1
48 64 1 -0.28319 1
48 65 1 0.105692 1
48 66 1 0.536949 1
48 67 1 -1.30268 1
48 68 1 -6.15353 1
48 69 1 -4.09782 1
48 70 1 -0.110969 1
48 71 1 0.24334 1
48 72 1 -3.32462 1
48 73 1 3.06347 1
48 74 1 5.78866 1
48 75 1 -4.69486 1
48 76 1 1.0035 1
48 77 1 -3.582 1
48 78 1 -0.32529 1
48 79 1 3.00394 1
48 80 1 0.118285 1
48 81 1 -2.38884 1
48 82 1 1.39593 1
48 83 1 0.649587 1
48 84 1 1.22478 1
48 85 1 0.824945 1
48 86 1 -1.34436 1
48 87 1 -0.822792 1
48 88 1 -2.16336 1
48 89 1 0.131067 1
48 90 1 2.47806 1
48 91 1 1.1703 1
48 92 1 -5.47791 1
48 93 1 0.379085 1
48 94 1 3.54498 1
48 95 1 3.09761 1
48 16 1 1.62287 1
48 12 1 -0.300815 1
48 14 1 -3.11959 1
49 64 1 0.854889 1
49 65 1 -1.82261 1
49 66 1 0.737351 1
49 67 1 -1.15683 1
49 68 1 -2.0827 1
49 69 1 0.765751 1
49 70 1 1.09171 1
49 71 1 -4.48468 1
49 72 1 -0.0595138 1
49 73 1 -0.0145451 1
49 74 1 2.95399 1
49 75 1 2.65402 1
49 76 1 -6.04695 1
49 77 1 -3.36619 1
49 78 1 -1.20567 1
49 79 1 1.58645 1
49 80 1 4.67342 1
49 81 1 -4.05703 1
49 82 1 1.31759 1
49 83 1 -1.73596 1
49 84 1 2.63432 1
49 85 1 -2.26293 1
49 86 1 -0.079569 1
49 87 1 -0.49106 1
49 88 1 -0.941179 1
49 89 1 0.7831 1
49 90 1 -1.008 1
49 91 1 1.22274 1
49 92 1 2.11381 1
49 93 1 -0.552633 1
49 94 1 1.29638 1
49 95 1 3.88684 1
49 19 1 -1.78924 1
49 31 1 -1.50061 1
49 15 1 0.0315393 1
50 64 1 -4.94142 1
50 65 1 -2.64395 1
50 66 1 2.26702 1
50 67 1 -0.953482 1
50 68 1 2.28084 1
50 69 1 -1.12481 1
50 70 1 0.602822 1
50 71 1 6.3515 1
50 72 1 -1.55358 1
50 73 1 5.13721 1
50 74 1 -2.85746 1
50 75 1 1.44711 1
50 76 1 -0.844952 1
50 77 1 0.459729 1
50 78 1 2.47824 1
50 79 1 -2.19353 1
50 80 1 1.62397 1
50 81 1 0.596877 1
50 82 1 -0.45959 1
50 83 1 3.16809 1
50 84 1 -1.56645 1
50 85 1 0.224649 1
50 86 1 2.91902 1
50 87 1 -2.5998 1
50 88 1 -3.18584 1
50 89 1 0.109688 1
50 90 1 0.308616 1
50 91 1 0.267801 1
50 92 1 -0.163565 1
50 93 1 -0.484497 1
50 94 1 -3.41811 1
50 95 1 1.81907 1
50 4 1 6.2205 1
50 22 1 -1.03587 1
51 64 1 -1.73534 1
51 65 1 3.05705 1
51 66 1 3.41374 1
51 67 1 -1.64636 1
51 68 1 -0.834743 1
51 69 1 -1.84287 1
51 70 1 2.49021 1
51 71 1 3.14135 1
51 72 1 -4.60057 1
51 73 1 -3.10862 0
51 74 1 -1.90339 1
51 75 1 4.9628 1
51 76 1 -2.00957 1
51 77 1 2.34605 1
51 78 1 3.65539 1
51 79 1 1.85913 1
51 80 1 0.665814 1
51 81 1 -2.89543 1
51 82 1 0.162006 1
51 83 1 4.18306 1
51 84 1 -2.55001 1
51 85 1 -2.46199 1
51 86 1 0.186144 1
51 87 1 1.06077 1
51 88 1 1.13638 1
51 89 1 1.14019 1
51 90 1 2.9 1
51 91 1 0.901721 1
51 92 1 3.02448 1
51 93 1 4.23608 1
51 94 1 -5.04628 1
51 95 1 -2.29854 1
51 116 1 0.29 1
51 12 1 -0.788062 1
116 73 1 -0.66611 0
116 134 1 0.657576 1
134 73 1 1.78509 1
52 64 1 -2.73353 1
52 65 1 3.723 1
52 66 1 0.538653 1
52 67 1 0.262489 1
52 68 1 0.983332 1
52 69 1 5.50899 1
52 70 1 2.78515 1
52 71 1 -1.78588 1
52 72 1 -1.1116 1
52 73 1 3.59458 1
52 74 1 2.74173 1
52 75 1 0.622077 1
52 76 1 -3.46436 1
52 77 1 0.582533 1
52 78 1 2.29047 1
52 79 1 0.768408 1
52 80 1 -0.203638 1
52 81 1 0.412574 1
52 82 1 -2.10525 1
52 83 1 -3.10189 1
52 84 1 0.839702 1
52 85 1 -1.54483 1
52 86 1 -3.50253 1
52 87 1 0.102985 1
52 88 1 2.47261 1
52 89 1 -2.22194 1
52 90 1 -0.394122 1
52 91 1 -0.983779 1
52 92 1 0.614398 1
52 93 1 -2.84275 0
52 94 1 2.28487 1
52 95 1 -0.659906 1
52 115 1 -0.515501 1
52 139 1 -0.242998 1
139 93 1 -2.09456 1
53 64 1 -2.89985 1
53 65 1 0.232293 1
53 66 1 -0.41454 1
53 67 1 -0.777405 1
53 68 1 2.08551 1
53 69 1 1.13138 1
53 70 1 -0.818747 0
53 71 1 0.434468 1
53 72 1 -1.2635 1
53 73 1 0.18831 1
53 74 1 -1.21806 1
53 75 1 -2.63449 1
53 76 1 0.132244 1
53 77 1 2.89925 1
53 78 1 -0.135183 1
53 79 1 -0.833591 1
53 80 1 1.46019 1
53 81 1 1.3081 1
53 82 1 1.81797 1
53 83 1 0.459458 1
53 84 1 1.37283 1
53 85 1 0.899395 1
53 86 1 2.69798 1
53 87 1 0.50669 1
53 88 1 -0.44025 1
53 89 1 -0.264954 1
53 90 1 -2.86347 1
53 91 1 0.381278 1
53 92 1 2.8024 1
53 93 1 0.0573602 1
53 94 1 0.184017 1
53 95 1 -2.61949 1
53 20 1 4.4446 1
53 23 1 1.02022 1
53 149 1 0.96762 1
149 70 1 -2.01993 0
149 153 1 0.990319 1
153 70 1 -1.8985 1
54 64 1 1.99719 1
54 65 1 -1.33612 1
54 66 1 -2.5373 1
54 67 1 0.444426 1
54 68 1 3.36096 1
54 69 1 -3.01553 1
54 70 1 -0.141178 1
54 71 1 3.70888 1
54 72 1 0.686631 1
54 73 1 1.28833 1
54 74 1 -0.485302 1
54 75 1 -2.2673 1
54 76 1 -1.25822 1
54 77 1 2.96414 1
54 78 1 0.221041 1
54 79 1 1.15532 1
54 80 1 0.0460715 1
54 81 1 3.59026 1
54 82 1 -2.75791 1
54 83 1 6.31974 1
54 84 1 1.77877 1
54 85 1 -0.279802 1
54 86 1 -3.46715 1
54 87 1 -1.19045 1
54 88 1 2.32717 1
54 89 1 3.24941 1
54 90 1 -2.95541 1
54 91 1 3.25544 1
54 92 1 -0.797117 1
54 93 1 1.61259 1
54 94 1 -3.77176 1
54 95 1 -3.49069 1
54 30 1 -0.624637 1
54 144 1 0.60354 1
55 64 1 0.798363 1
55 65 1 -3.37447 1
55 66 1 -2.93462 1
55 67 1 -1.5974 1
55 68 1 -2.33094 1
55 69 1 2.79946 1
55 70 1 2.24925 1
55 71 1 -5.25166 1
55 72 1 2.20888 1
55 73 1 0.399853 1
55 74 1 2.1683 1
55 75 1 -2.61108 1
55 76 1 -4.50332 1
55 77 1 1.8593 1
55 78 1 0.320174 1
55 79 1 1.69517 1
55 80 1 -1.49029 1
55 81 1 1.83061 1
55 82 1 -0.50681 1
55 83 1 -0.561698 1
55 84 1 -0.404372 1
55 85 1 -5.69103 1
55 86 1 1.3887 1
55 87 1 1.42177 1
55 88 1 -2.95572 1
55 89 1 -0.80131 1
55 90 1 1.15447 1
55 91 1 1.56871 1
55 92 1 6.06909 1
55 93 1 -4.02755 1
55 94 1 -3.86716 1
55 95 1 -1.37097 0
55 28 1 4.63691 1
55 114 1 1.32564 1
114 95 1 -2.16739 1
56 64 1 2.47854 1
56 65 1 -4.32815 1
56 66 1 0.845975 1
56 67 1 -1.71491 1
56 68 1 -0.850726 0
56 69 1 -1.30816 1
56 70 1 -0.552478 1
56 71 1 1.40788 1
56 72 1 -0.907326 1
56 73 1 -0.825394 1
56 74 1 3.7876 1
56 75 1 4.20344 1
56 76 1 -4.26126 1
56 77 1 -0.132027 1
56 78 1 -2.52061 1
56 79 1 0.12353 1
56 80 1 -1.7479 1
56 81 1 3.4896 1
56 82 1 2.72606 1
56 83 1 -1.97399 1
56 84 1 -1.14007 1
56 85 1 -1.43515 1
56 86 1 1.7003 1
56 87 1 -1.83307 1
56 88 1 0.454612 1
56 89 1 -1.82133 1
56 90 1 -1.40917 1
56 91 1 -1.87909 1
56 92 1 1.82358 1
56 93 1 4.99344 1
56 94 1 -2.0002 1
56 95 1 0.158085 1
56 3 1 -2.78014 1
56 126 1 4.00193 1
126 68 1 0.586339 1
126 11 1 -2.18769 1
57 64 1 -4.32913 1
57 65 1 3.58832 1
57 66 1 -1.48928 1
57 67 1 -1.73319 1
57 68 1 3.09163 1
57 69 1 -0.322767 0
57 70 1 0.764549 1
57 71 1 2.65178 1
57 72 1 0.864263 1
57 73 1 -1.33502 1
57 74 1 2.41401 1
57 75 1 3.12169 1
57 76 1 2.4026 1
57 77 1 -4.89688 1
57 78 1 -1.63559 1
57 79 1 -2.92918 1
57 80 1 1.77564 1
57 81 1 3.7433 1
57 82 1 3.76032 1
57 83 1 -3.15423 1
57 84 1 -0.538431 1
57 85 1 -2.85674 1
57 86 1 -1.06474 1
57 87 1 2.03276 1
57 88 1 -0.909252 1
57 89 1 -0.180775 1
57 90 1 0.663983 1
57 91 1 -1.87283 1
57 92 1 -2.14156 1
57 93 1 0.0213294 1
57 94 1 -1.22219 1
57 95 1 3.64621 1
57 104 1 3.58901 1
57 22 1 0.580319 1
104 69 1 2.01157 1
104 1 1 -0.654381 1
104 107 1 0.33588 1
58 64 1 3.50123 1
58 65 1 -1.63386 1
58 66 1 -1.74115 1
58 67 1 -1.0364 1
58 68 1 -2.05637 1
58 69 1 -0.117133 1
58 70 1 -1.57771 1
58 71 1 1.17986 1
58 72 1 -0.661407 1
58 73 1 -2.70967 1
58 74 1 2.56042 1
58 75 1 3.45967 1
58 76 1 3.37962 1
58 77 1 1.70497 1
58 78 1 -1.14122 1
58 79 1 0.399689 0
58 80 1 -4.18029 1
58 81 1 3.71577 1
58 82 1 0.411208 1
58 83 1 -0.00452315 1
58 84 1 -1.91896 1
58 85 1 1.33794 1
58 86 1 1.84447 1
58 87 1 -1.83726 1
58 88 1 -2.20997 1
58 89 1 -1.03646 1
58 90 1 -2.0181 1
58 91 1 -3.47316 1
58 92 1 0.0905165 1
58 93 1 2.02149 1
58 94 1 -2.00598 1
58 95 1 2.26708 1
58 128 1 1.3293 1
128 79 1 0.590314 0
128 131 1 -0.694152 1
131 79 1 0.922037 1
59 64 1 -1.96549 1
59 65 1 1.58803 1
59 66 1 2.13471 1
59 67 1 -2.02891 1
59 68 1 1.14464 1
59 69 1 -1.92392 1
59 70 1 -1.46629 1
59 71 1 1.67752 1
59 72 1 -0.278054 1
59 73 1 -0.831266 1
59 74 1 -0.0722587 1
59 75 1 -1.33656 1
59 76 1 2.22517 1
59 77 1 0.943314 0
59 78 1 1.33567 1
59 79 1 -1.93581 1
59 80 1 -0.204946 1
59 81 1 1.45501 1
59 82 1 -5.31636 1
59 83 1 3.20549 1
59 84 1 0.349985 1
59 85 1 -2.90003 1
59 86 1 -2.92931 1
59 87 1 1.37537 1
59 88 1 4.49359 1
59 89 1 -0.698873 1
59 90 1 1.1498 1
59 91 1 -2.3648 1
59 92 1 2.63878 1
59 93 1 2.59027 1
59 94 1 -5.84761 1
59 95 1 2.00264 1
59 97 1 1.64483 1
59 5 1 -2.97376 1
59 11 1 -0.972658 1
59 13 1 0.9927 1
97 77 1 -6.22417 1
97 22 1 -1.81952 1
97 2 1 -5.29403 0
97 99 1 2.6848 1
97 7 1 3.79767 0
97 102 1 2.00609 1
97 17 1 2.23754 1
102 7 1 4.91789 1
99 2 1 1.90258 0
99 108 1 4.79436 1
99 15 1 -0.0371508 1
108 2 1 -1.1144 0
108 125 1 4.52513 1
125 2 1 0.832259 1
60 64 1 3.10238 1
60 65 1 0.553572 1
60 66 1 1.16123 1
60 67 1 -0.576163 1
60 68 1 0.838641 1
60 69 1 1.634 1
60 70 1 -3.12639 1
60 71 1 0.917494 1
60 72 1 0.524328 0
60 73 1 1.08764 1
60 74 1 1.36756 1
60 75 1 -0.553363 1
60 76 1 -0.354605 1
60 77 1 4.01654 1
60 78 1 -2.59402 1
60 79 1 -0.176629 1
60 80 1 -5.48688 1
60 81 1 -2.27972 1
60 82 1 -1.18335 1
60 83 1 -0.261736 1
60 84 1 -3.38274 1
60 85 1 4.24052 1
60 86 1 2.21628 1
60 87 1 -0.141018 1
60 88 1 -4.5279 1
60 89 1 0.307344 1
60 90 1 -2.45101 1
60 91 1 0.384241 1
60 92 1 -0.833477 1
60 93 1 2.95932 1
60 94 1 -1.30454 1
60 95 1 0.574452 1
60 24 1 -2.5747 1
60 0 1 3.35569 1
60 115 1 2.48699 1
60 3 1 -0.023435 1
115 72 1 -1.65367 1
115 18 1 0.355556 1
61 64 1 0.0761922 1
61 65 1 -0.447459 1
61 66 1 2.04098 1
61 67 1 0.309471 1
61 68 1 -2.89069 1
61 69 1 3.31725 1
61 70 1 1.00274 1
61 71 1 -0.764552 1
61 72 1 -0.95578 1
61 73 1 0.817683 1
61 74 1 2.59334 1
61 75 1 2.98683 1
61 76 1 0.840719 1
61 77 1 0.617049 0
61 78 1 -0.113844 1
61 79 1 -0.298624 1
61 80 1 -0.674419 1
61 81 1 -0.815805 1
61 82 1 0.139766 1
61 83 1 0.386522 1
61 84 1 -2.91044 1
61 85 1 -1.25547 1
61 86 1 0.168814 1
61 87 1 2.11946 1
61 88 1 0.21959 1
61 89 1 0.673346 1
61 90 1 -0.898707 1
61 91 1 1.6347 1
61 92 1 -1.2562 1
61 93 1 -1.46177 1
61 94 1 0.314635 1
61 95 1 -1.44161 1
61 107 1 0.361345 1
61 113 1 -1.54441 1
61 14 1 -2.99736 1
107 77 1 -5.87023 0
107 113 1 0.166359 1
107 14 1 -1.1863 1
113 77 1 -2.04289 1
113 23 1 -1.43909 1
113 147 1 0.497873 1
62 64 1 0.3159 1
62 65 1 -2.23897 1
62 66 1 2.67018 1
62 67 1 -1.19656 1
62 68 1 1.69082 1
62 69 1 -1.09247 1
62 70 1 2.37785 1
62 71 1 -1.85763 1
62 72 1 0.869838 1
62 73 1 2.28893 1
62 74 1 4.26534 1
62 75 1 -0.527965 1
62 76 1 4.51146 1
62 77 1 -4.09953 1
62 78 1 -1.16271 1
62 79 1 -1.83615 1
62 80 1 -1.62322 1
62 81 1 0.170809 1
62 82 1 -2.10578 1
62 83 1 1.68731 1
62 84 1 -1.784 0
62 85 1 0.340204 1
62 86 1 4.08247 1
62 87 1 -2.1958 1
62 88 1 0.30431 1
62 89 1 -1.98591 1
62 90 1 -5.89716 1
62 91 1 0.906255 1
62 92 1 -0.838864 1
62 93 1 -1.00431 1
62 94 1 1.08767 1
62 95 1 -0.739592 1
62 5 1 0.87526 1
62 138 1 2.12289 0
62 152 1 0.808419 1
152 138 1 2.13538 1
138 84 1 0.210623 1
63 64 1 2.63448 1
63 65 1 -1.56732 1
63 66 1 3.19044 1
63 67 1 0.453099 1
63 68 1 -0.71035 1
63 69 1 -4.03523 1
63 70 1 -0.768371 1
63 71 1 1.43586 1
63 72 1 -1.37218 1
63 73 1 0.49587 1
63 74 1 -6.50512 1
63 75 1 1.75257 1
63 76 1 -2.80027 0
63 77 1 1.33685 1
63 78 1 0.136628 1
63 79 1 -0.123837 1
63 80 1 0.305751 1
63 81 1 -0.766173 1
63 82 1 1.54265 1
63 83 1 -3.3422 1
63 84 1 -1.99643 1
63 85 1 -3.8319 1
63 86 1 4.95818 1
63 87 1 -2.65114 0
63 88 1 0.160288 1
63 89 1 -2.32078 1
63 90 1 2.92617 1
63 91 1 -0.818713 1
63 92 1 -0.0899578 1
63 93 1 2.5944 1
63 94 1 -2.38497 1
63 95 1 0.0217504 1
63 141 1 1.44804 1
63 144 1 0.525982 1
144 76 1 -1.80056 0
144 147 1 1.35598 1
147 76 1 -2.5884 1
141 87 1 -6.97642 1
141 10 1 -1.16107 1
