154 64 32
2.55741 -0.403316 -7.39418 4.65682 -4.30775 2.294 0.962568 1.07351 -0.107424 3.00001 2.41341 3.39079 -4.1911 -4.18711 -0.421803 -2.49054 0.584443 1.36021 -1.46806 -0.874005 -1.60328 0.721852 -1.40204 0.83573 -4.69651 -0.2454 3.37537 1.13568 -2.39322 -2.41901 -3.61704 1.85038 0.29848 0.227594 1.42759 2.05892 -3.49581 -0.265693 0.625981 -2.17031 -1.11691 1.36527 -0.829907 -5.17353 -3.06615 -1.1783 -2.7419 2.77202 -0.392089 3.24093 0.799834 -3.73035 -4.11393 -0.470849 -0.753135 3.91505 -2.07894 0.414069 1.10915 -1.60831 2.73799 -1.43535 -0.448535 -3.70452 -5.37455 0.195781 3.17365 1.87611 -4.01783 1.84116 -2.94262 -1.65298 -3.2097 -3.04392 1.9805 3.56285 -1.38447 -0.0612411 0.917902 -4.26734 -0.85332 -0.169148 -2.17248 0.779256 2.31846 -0.0691101 -2.861 0.564817 4.32515 -0.412915 -1.31437 2.53252 -1.78565 0.434209 0.384229 -1.05602 -2.12 0.386498 -1.6646 -0.826852 2.06059 -3.28807 -5.09713 -2.90211 -3.21314 0.406091 -2.06318 -2.73716 -2.0866 1.15187 -1.01082 1.4387 1.90805 -3.55662 0.416855 -0.593061 -2.79628 0.0129127 -1.12144 -1.2208 0.686933 -0.0457397 0.171968 1.60376 1.37329 3.69845 1.19499 0.332805 0.741168 1.28985 -0.388231 -0.561866 -0.618492 -0.957759 -1.28163 -1.48382 -0.746878 -0.769494 -2.44175 -0.415645 0.364808 0.121077 -1.34308 0.615846 0.389731 0.686399 -0.197311 0.0804133 0.543487 -2.08311 -0.351864 0.548657 -0.321161 -0.0950495 
0 64 1 -5.47047 1
0 65 1 2.01823 1
0 66 1 2.62051 1
0 67 1 0.570977 1
0 68 1 -0.971406 1
0 69 1 1.60677 1
0 70 1 0.560004 1
0 71 1 -0.174959 1
0 72 1 0.117861 1
0 73 1 -2.42537 1
0 74 1 -2.44469 1
0 75 1 0.897456 1
0 76 1 3.07086 1
0 77 1 1.33686 1
0 78 1 -2.33069 1
0 79 1 2.43193 1
0 80 1 2.60225 1
0 81 1 2.62434 1
0 82 1 3.7298 1
0 83 1 1.87382 1
0 84 1 -2.69911 1
0 85 1 2.89138 1
0 86 1 -2.32177 1
0 87 1 -0.865272 1
0 88 1 -1.26068 1
0 89 1 2.01271 1
0 90 1 5.16669 1
0 91 1 4.99563 1
0 92 1 -3.36895 1
0 93 1 -1.63751 1
0 94 1 1.59474 1
0 95 1 1.43549 1
0 10 1 -2.64798 1
1 64 1 -1.77707 1
1 65 1 -2.54659 1
1 66 1 1.44807 1
1 67 1 -3.83064 1
1 68 1 4.9453 1
1 69 1 -1.43418 1
1 70 1 2.10667 1
1 71 1 -0.871649 1
1 72 1 -1.69473 1
1 73 1 -1.5678 1
1 74 1 -2.83737 1
1 75 1 3.92152 1
1 76 1 -1.40452 1
1 77 1 5.94245 1
1 78 1 -2.32737 1
1 79 1 -0.301569 1
1 80 1 -3.08068 1
1 81 1 2.21113 1
1 82 1 -0.696372 1
1 83 1 -4.59471 1
1 84 1 -1.01713 1
1 85 1 -1.38747 1
1 86 1 1.81899 1
1 87 1 -1.66427 1
1 88 1 0.345486 1
1 89 1 3.52747 1
1 90 1 -1.73053 1
1 91 1 -1.78452 1
1 92 1 -1.90289 1
1 93 1 0.709247 1
1 94 1 -0.996704 1
1 95 1 -5.41039 1
1 27 1 1.33124 1
2 64 1 0.285262 1
2 65 1 0.835669 1
2 66 1 -2.76258 1
2 67 1 -1.29995 1
2 68 1 -2.06882 1
2 69 1 2.33985 1
2 70 1 -1.97843 1
2 71 1 4.74514 1
2 72 1 -1.89883 1
2 73 1 -3.29528 1
2 74 1 -3.48155 1
2 75 1 -0.525962 1
2 76 1 -4.15482 1
2 77 1 -0.547011 1
2 78 1 -1.52706 1
2 79 1 -3.64704 1
2 80 1 -4.41535 1
2 81 1 -3.91523 1
2 82 1 -0.389384 1
2 83 1 -3.08506 1
2 84 1 -0.536018 1
2 85 1 3.8272 1
2 86 1 -0.392585 1
2 87 1 -0.64164 1
2 88 1 0.123975 1
2 89 1 -3.64961 1
2 90 1 -2.84431 1
2 91 1 -0.987255 1
2 92 1 2.15847 1
2 93 1 -3.30226 1
2 94 1 2.60303 1
2 95 1 -0.634295 1
2 100 1 -0.89361 1
2 6 1 4.36152 1
2 110 1 -0.312773 1
3 64 1 -3.24503 1
3 65 1 -0.836045 1
3 66 1 0.310212 1
3 67 1 1.02047 1
3 68 1 4.50304 1
3 69 1 -3.95602 1
3 70 1 -0.121794 1
3 71 1 1.07253 1
3 72 1 7.74205 1
3 73 1 -0.723885 1
3 74 1 -0.268319 1
3 75 1 1.80539 1
3 76 1 1.07725 1
3 77 1 -0.512178 1
3 78 1 -0.358535 1
3 79 1 0.628909 1
3 80 1 -3.46222 1
3 81 1 -1.56254 1
3 82 1 6.72775 1
3 83 1 0.992385 1
3 84 1 0.663016 1
3 85 1 -4.23366 1
3 86 1 -0.659155 1
3 87 1 1.6534 1
3 88 1 -1.22485 1
3 89 1 1.74332 1
3 90 1 0.52929 1
3 91 1 1.65532 1
3 92 1 -0.362608 1
3 93 1 -2.98534 1
3 94 1 -2.87458 1
3 95 1 1.89377 0
3 110 1 1.52774 1
110 95 1 -2.03777 0
110 111 1 -1.54229 0
110 132 1 1.79456 1
132 111 1 2.47656 1
111 95 1 -2.40308 1
4 64 1 1.84407 1
4 65 1 0.106015 1
4 66 1 -1.5703 1
4 67 1 3.80279 1
4 68 1 -0.800851 1
4 69 1 2.46518 1
4 70 1 0.207862 1
4 71 1 -0.0511949 1
4 72 1 0.678148 1
4 73 1 -0.562943 0
4 74 1 0.399391 1
4 75 1 -4.77972 0
4 76 1 1.19983 1
4 77 1 2.85162 1
4 78 1 0.902309 1
4 79 1 3.54548 1
4 80 1 -3.60503 1
4 81 1 0.37468 1
4 82 1 0.0781727 1
4 83 1 -2.59806 1
4 84 1 0.488386 1
4 85 1 2.61828 1
4 86 1 2.47291 1
4 87 1 -0.731336 1
4 88 1 -2.56608 1
4 89 1 -1.07593 1
4 90 1 3.5331 1
4 91 1 -5.65214 1
4 92 1 -1.57739 1
4 93 1 -0.0842915 0
4 94 1 -1.63099 1
4 95 1 1.68908 1
4 101 1 2.92335 1
4 17 1 3.95823 1
4 118 1 1.90846 1
4 145 1 1.57039 1
145 93 1 0.981723 1
118 73 1 -2.30385 1
101 75 1 1.05183 1
5 64 1 -2.64566 1
5 65 1 1.52402 1
5 66 1 -1.99255 1
5 67 1 6.203 1
5 68 1 3.49528 1
5 69 1 4.0083 1
5 70 1 -1.71247 1
5 71 1 -0.48059 1
5 72 1 0.706163 1
5 73 1 -1.48472 1
5 74 1 -1.56331 1
5 75 1 2.59456 1
5 76 1 3.99129 1
5 77 1 1.0112 1
5 78 1 -0.788051 1
5 79 1 0.00285263 1
5 80 1 2.5925 1
5 81 1 -1.67073 1
5 82 1 0.997512 1
5 83 1 4.57038 1
5 84 1 0.59269 1
5 85 1 2.67973 1
5 86 1 -3.21986 1
5 87 1 0.659516 1
5 88 1 -1.8479 1
5 89 1 -2.89136 1
5 90 1 -1.89086 1
5 91 1 0.0263708 1
5 92 1 -1.42052 1
5 93 1 1.2386 1
5 94 1 -0.969208 1
5 95 1 0.117599 1
5 28 1 2.15673 1
6 64 1 0.543733 1
6 65 1 -1.34716 1
6 66 1 2.07959 1
6 67 1 2.42174 1
6 68 1 -4.34677 1
6 69 1 -1.87493 1
6 70 1 -2.1739 1
6 71 1 -0.55664 1
6 72 1 2.1363 1
6 73 1 -3.46732 1
6 74 1 -4.40461 1
6 75 1 0.811219 1
6 76 1 2.71626 1
6 77 1 -0.640887 1
6 78 1 -1.59336 1
6 79 1 -1.60914 1
6 80 1 2.8061 1
6 81 1 -0.775702 1
6 82 1 1.59717 1
6 83 1 2.2722 1
6 84 1 2.25242 1
6 85 1 -1.83731 1
6 86 1 0.0027002 1
6 87 1 2.83977 1
6 88 1 -3.19142 1
6 89 1 -1.365 1
6 90 1 3.95137 1
6 91 1 -2.02636 1
6 92 1 3.47391 1
6 93 1 -3.69999 1
6 94 1 -3.3811 1
6 95 1 2.11978 1
6 26 1 0.831036 1
7 64 1 4.39207 1
7 65 1 0.834088 1
7 66 1 -1.47345 1
7 67 1 -5.08271 1
7 68 1 -2.08401 1
7 69 1 -1.45056 1
7 70 1 4.93469 1
7 71 1 1.58171 1
7 72 1 3.25442 1
7 73 1 -0.551353 1
7 74 1 -1.61024 1
7 75 1 -0.718354 1
7 76 1 2.58817 1
7 77 1 -0.233034 1
7 78 1 2.62821 1
7 79 1 2.38998 1
7 80 1 -0.026068 1
7 81 1 1.94026 1
7 82 1 -2.81962 0
7 83 1 2.36017 0
7 84 1 -2.10594 1
7 85 1 4.02853 1
7 86 1 0.873887 1
7 87 1 3.46329 1
7 88 1 -2.89059 1
7 89 1 -1.94745 1
7 90 1 0.136076 1
7 91 1 -2.62016 1
7 92 1 1.26273 1
7 93 1 -2.40259 1
7 94 1 -0.673198 1
7 95 1 3.21767 1
7 100 1 -0.554947 1
7 127 1 1.3573 1
127 82 1 -3.74821 1
100 83 1 2.40545 1
100 24 1 -1.79985 0
100 106 1 3.50783 1
106 24 1 -5.88209 1
106 6 1 -1.56776 1
8 64 1 2.83387 1
8 65 1 -3.09201 1
8 66 1 -0.282636 1
8 67 1 1.38663 1
8 68 1 -0.916581 1
8 69 1 3.06073 1
8 70 1 1.66471 1
8 71 1 2.88553 1
8 72 1 3.52357 1
8 73 1 -1.00002 1
8 74 1 1.10141 1
8 75 1 -2.21685 1
8 76 1 -0.868836 1
8 77 1 3.6487 1
8 78 1 -0.648403 1
8 79 1 -2.25729 1
8 80 1 0.36021 1
8 81 1 -1.83591 1
8 82 1 0.822006 1
8 83 1 -3.53873 1
8 84 1 3.6773 1
8 85 1 8.12622 1
8 86 1 4.72765 1
8 87 1 0.597859 1
8 88 1 0.0950239 1
8 89 1 3.89907 1
8 90 1 -0.30774 1
8 91 1 -0.946018 1
8 92 1 2.8396 1
8 93 1 5.20472 1
8 94 1 5.34157 1
8 95 1 -0.243791 1
8 17 1 -1.43263 1
9 64 1 -3.73791 1
9 65 1 -4.0762 1
9 66 1 2.19311 1
9 67 1 0.815999 1
9 68 1 -0.911442 1
9 69 1 0.762246 1
9 70 1 -5.27627 1
9 71 1 -0.547738 1
9 72 1 2.81307 1
9 73 1 -1.85395 1
9 74 1 1.04729 1
9 75 1 1.109 1
9 76 1 1.87427 1
9 77 1 -0.480085 1
9 78 1 2.66302 1
9 79 1 1.98011 1
9 80 1 -1.81861 1
9 81 1 -0.446887 1
9 82 1 -2.51207 1
9 83 1 -0.238379 1
9 84 1 3.02962 1
9 85 1 2.29189 1
9 86 1 -2.0265 1
9 87 1 0.446732 1
9 88 1 -0.132536 1
9 89 1 5.59057 1
9 90 1 -0.6774 1
9 91 1 0.339044 1
9 92 1 -0.969792 1
9 93 1 -0.394842 1
9 94 1 -2.96079 1
9 95 1 1.09739 1
9 103 1 -0.902263 1
9 130 1 -0.743674 1
10 64 1 0.668538 1
10 65 1 -0.5123 1
10 66 1 6.63893 1
10 67 1 -4.93444 1
10 68 1 2.75343 1
10 69 1 -0.274855 1
10 70 1 -1.02364 1
10 71 1 -0.377922 1
10 72 1 5.48226 1
10 73 1 3.68032 1
10 74 1 1.36447 0
10 75 1 0.211904 1
10 76 1 2.36542 1
10 77 1 1.44409 1
10 78 1 -0.737844 1
10 79 1 -4.28866 1
10 80 1 -2.07007 1
10 81 1 3.05497 1
10 82 1 2.46249 1
10 83 1 2.44089 1
10 84 1 4.44126 1
10 85 1 2.85379 1
10 86 1 -1.62446 1
10 87 1 -0.283896 1
10 88 1 3.35779 1
10 89 1 0.61235 1
10 90 1 -0.306503 1
10 91 1 3.84231 1
10 92 1 0.033954 1
10 93 1 -1.58444 1
10 94 1 4.01404 1
10 95 1 5.45677 1
10 124 1 1.4037 1
124 74 1 0.639547 1
11 64 1 3.33801 1
11 65 1 1.20249 1
11 66 1 2.83239 1
11 67 1 -1.17863 1
11 68 1 4.96377 1
11 69 1 0.446005 1
11 70 1 3.03664 1
11 71 1 1.7492 1
11 72 1 -3.02416 1
11 73 1 0.59038 1
11 74 1 -0.472058 0
11 75 1 -0.933433 1
11 76 1 -1.98452 1
11 77 1 -0.634318 1
11 78 1 -0.514954 1
11 79 1 -0.687489 1
11 80 1 -2.87234 1
11 81 1 0.289989 1
11 82 1 6.00234 1
11 83 1 2.17653 1
11 84 1 1.97697 1
11 85 1 -2.33932 1
11 86 1 -3.99079 1
11 87 1 -1.51607 1
11 88 1 -3.8491 1
11 89 1 -0.233439 1
11 90 1 -2.39344 1
11 91 1 -0.624277 1
11 92 1 -1.99445 1
11 93 1 3.19709 1
11 94 1 -1.14915 1
11 95 1 -4.0727 1
11 120 1 -4.35263 1
11 109 1 0.62569 1
120 74 1 -1.90736 1
120 13 1 0.0270028 0
120 150 1 1.9027 1
150 13 1 -0.0676943 1
12 64 1 -1.09422 1
12 65 1 -0.120315 1
12 66 1 -0.793077 1
12 67 1 -2.9626 1
12 68 1 0.465097 1
12 69 1 1.0413 1
12 70 1 -0.885741 1
12 71 1 2.30864 1
12 72 1 1.9298 1
12 73 1 -4.11466 1
12 74 1 -3.27229 1
12 75 1 -2.8774 1
12 76 1 -1.17762 1
12 77 1 1.73037 1
12 78 1 -0.379752 1
12 79 1 -1.2245 1
12 80 1 -2.67544 1
12 81 1 -2.12464 1
12 82 1 2.64729 1
12 83 1 -0.577825 1
12 84 1 0.724619 1
12 85 1 -1.14865 1
12 86 1 -0.406444 1
12 87 1 0.0891233 1
12 88 1 -3.69078 1
12 89 1 3.42795 1
12 90 1 -0.851411 1
12 91 1 -2.0223 1
12 92 1 2.16443 1
12 93 1 -2.57518 1
12 94 1 2.56683 1
12 95 1 -2.40379 1
12 17 1 -0.130118 1
12 18 1 0.593821 1
12 144 1 -0.50536 1
13 64 1 0.202241 1
13 65 1 -4.72498 1
13 66 1 -0.652057 1
13 67 1 1.78138 1
13 68 1 1.8056 1
13 69 1 -2.74958 1
13 70 1 0.5747 1
13 71 1 0.736367 1
13 72 1 1.24841 1
13 73 1 -3.51436 1
13 74 1 -2.8816 1
13 75 1 -1.47933 1
13 76 1 -0.272643 1
13 77 1 -1.53005 1
13 78 1 2.42428 1
13 79 1 1.71526 1
13 80 1 1.42167 1
13 81 1 0.219367 1
13 82 1 -0.0993728 1
13 83 1 2.21347 1
13 84 1 -2.49737 1
13 85 1 6.40991 1
13 86 1 5.31397 1
13 87 1 6.72304 1
13 88 1 2.7239 1
13 89 1 0.00163676 1
13 90 1 -3.99313 1
13 91 1 -3.49242 1
13 92 1 -0.961324 1
13 93 1 -2.9643 1
13 94 1 0.824616 1
13 95 1 -4.09112 1
14 64 1 -2.50836 1
14 65 1 6.09759 1
14 66 1 0.528429 1
14 67 1 -0.88397 1
14 68 1 -1.41878 1
14 69 1 2.6166 1
14 70 1 -1.43778 1
14 71 1 0.282293 1
14 72 1 1.36931 1
14 73 1 0.216777 1
14 74 1 0.356233 1
14 75 1 2.50158 1
14 76 1 -1.52315 1
14 77 1 2.87296 1
14 78 1 -2.76689 1
14 79 1 -1.71474 1
14 80 1 -1.15226 1
14 81 1 1.88534 0
14 82 1 4.78638 1
14 83 1 -0.618738 1
14 84 1 0.232395 1
14 85 1 -1.93277 1
14 86 1 2.26003 1
14 87 1 -2.10873 1
14 88 1 -0.518051 1
14 89 1 -0.387631 1
14 90 1 0.675339 1
14 91 1 3.68846 1
14 92 1 3.45021 1
14 93 1 0.975687 1
14 94 1 6.1352 1
14 95 1 0.53867 1
14 104 1 -1.92576 1
14 119 1 1.67077 1
119 81 1 4.74412 1
119 99 1 -0.694991 1
15 64 1 -1.24378 1
15 65 1 0.903018 1
15 66 1 -4.04788 1
15 67 1 -1.63691 1
15 68 1 0.225542 1
15 69 1 -1.72334 1
15 70 1 7.1778 1
15 71 1 -0.413972 1
15 72 1 -1.23686 1
15 73 1 -0.230973 1
15 74 1 1.44491 1
15 75 1 -1.25907 1
15 76 1 -0.741914 1
15 77 1 0.342391 1
15 78 1 -2.32435 1
15 79 1 -0.403688 1
15 80 1 0.896605 1
15 81 1 0.556195 1
15 82 1 -3.29096 1
15 83 1 -0.852586 1
15 84 1 2.42136 1
15 85 1 -1.08194 1
15 86 1 2.27943 1
15 87 1 -4.76952 1
15 88 1 0.471641 1
15 89 1 2.59056 1
15 90 1 0.214869 1
15 91 1 -4.57956 1
15 92 1 1.64455 1
15 93 1 -2.08732 1
15 94 1 1.02301 1
15 95 1 2.4802 1
15 20 1 0.517496 1
16 64 1 4.21728 1
16 65 1 0.315046 1
16 66 1 -2.75628 1
16 67 1 -2.84632 1
16 68 1 0.941548 1
16 69 1 -0.37164 1
16 70 1 1.55644 1
16 71 1 3.82911 1
16 72 1 -0.829077 1
16 73 1 -2.73467 1
16 74 1 -0.0865361 1
16 75 1 1.34447 1
16 76 1 0.137673 1
16 77 1 1.40832 1
16 78 1 -1.40205 1
16 79 1 -0.28774 0
16 80 1 -0.341844 1
16 81 1 2.647 1
16 82 1 -2.1605 1
16 83 1 2.34337 1
16 84 1 -1.55184 1
16 85 1 -1.81838 1
16 86 1 -1.96257 1
16 87 1 -1.63814 1
16 88 1 0.300606 1
16 89 1 0.914275 1
16 90 1 -1.32572 1
16 91 1 2.18698 1
16 92 1 4.2937 1
16 93 1 -1.81362 1
16 94 1 -1.3648 1
16 95 1 -2.93044 1
16 26 1 -0.46855 1
16 151 1 1.22526 1
151 79 1 -0.233303 1
17 64 1 -2.86969 1
17 65 1 -0.698098 1
17 66 1 -1.89768 1
17 67 1 4.67936 1
17 68 1 -2.24274 1
17 69 1 0.681808 1
17 70 1 0.472197 1
17 71 1 2.09594 1
17 72 1 -5.58694 0
17 73 1 0.654462 1
17 74 1 4.13589 1
17 75 1 1.1934 1
17 76 1 -1.0752 1
17 77 1 3.19783 1
17 78 1 -0.576908 1
17 79 1 -2.44048 1
17 80 1 4.98472 1
17 81 1 3.37265 1
17 82 1 -0.733283 1
17 83 1 -1.01073 1
17 84 1 -3.97851 1
17 85 1 1.67747 1
17 86 1 1.00162 1
17 87 1 -1.64437 1
17 88 1 -6.33249 1
17 89 1 1.71764 1
17 90 1 -3.3556 1
17 91 1 5.87353 1
17 92 1 -0.109115 1
17 93 1 4.19678 1
17 94 1 2.66287 1
17 95 1 1.42886 1
17 146 1 2.31767 1
146 72 1 -4.95925 1
18 64 1 2.05239 1
18 65 1 -1.45069 1
18 66 1 1.97782 1
18 67 1 0.762665 1
18 68 1 0.257469 1
18 69 1 0.39592 1
18 70 1 2.27903 1
18 71 1 0.685334 1
18 72 1 2.59496 1
18 73 1 -0.243497 1
18 74 1 2.10977 1
18 75 1 -0.104139 1
18 76 1 4.63556 1
18 77 1 -1.36578 1
18 78 1 2.57656 1
18 79 1 1.07409 1
18 80 1 -4.53176 1
18 81 1 2.45821 1
18 82 1 -3.0182 1
18 83 1 3.41722 1
18 84 1 -2.50981 1
18 85 1 1.20307 1
18 86 1 5.64899 1
18 87 1 -1.62092 1
18 88 1 0.935633 1
18 89 1 -3.01654 1
18 90 1 0.581554 1
18 91 1 1.8558 1
18 92 1 -2.40591 1
18 93 1 -0.882802 1
18 94 1 -1.15792 1
18 95 1 0.309684 1
18 25 1 -0.186509 1
18 18 1 0.395842 1
18 139 1 0.118244 1
19 64 1 4.95785 1
19 65 1 -1.66561 1
19 66 1 4.15763 1
19 67 1 -0.260623 1
19 68 1 -3.54506 1
19 69 1 1.14095 1
19 70 1 -0.494462 1
19 71 1 -1.65937 1
19 72 1 2.00856 1
19 73 1 1.75553 1
19 74 1 -1.09587 1
19 75 1 1.07262 1
19 76 1 -2.20534 1
19 77 1 -2.40513 1
19 78 1 -3.78578 1
19 79 1 3.51855 1
19 80 1 0.866872 1
19 81 1 -3.04338 1
19 82 1 -0.388363 1
19 83 1 -4.05843 1
19 84 1 0.602676 1
19 85 1 1.15707 1
19 86 1 0.449067 1
19 87 1 3.18149 1
19 88 1 0.329774 1
19 89 1 4.93334 1
19 90 1 -1.28044 1
19 91 1 -0.808569 1
19 92 1 0.384865 1
19 93 1 -3.28141 1
19 94 1 -1.45958 1
19 95 1 -6.19891 1
20 64 1 2.30116 1
20 65 1 -1.13114 1
20 66 1 -2.27933 1
20 67 1 0.831769 1
20 68 1 -1.28777 1
20 69 1 0.0986919 1
20 70 1 -3.74736 1
20 71 1 3.24169 1
20 72 1 3.43876 1
20 73 1 1.31502 1
20 74 1 2.7791 1
20 75 1 2.35201 1
20 76 1 -0.449623 1
20 77 1 -0.596238 1
20 78 1 2.48437 1
20 79 1 1.73649 1
20 80 1 0.934491 1
20 81 1 0.806325 1
20 82 1 2.41448 1
20 83 1 2.15881 1
20 84 1 1.86633 1
20 85 1 -4.39777 1
20 86 1 0.151653 1
20 87 1 -0.0218336 1
20 88 1 2.13132 1
20 89 1 0.947191 1
20 90 1 3.72956 1
20 91 1 0.0968165 0
20 92 1 0.0816522 1
20 93 1 0.0987946 0
20 94 1 3.4171 0
20 95 1 -1.15187 1
20 96 1 -4.04633 1
20 98 1 -0.814958 1
20 103 1 0.955808 1
20 109 1 0.182485 1
103 91 1 0.477039 0
103 105 1 1.89862 1
103 112 1 -1.65945 0
103 123 1 -0.193297 1
103 140 1 -1.21461 1
140 112 1 2.40003 1
123 91 1 0.481388 1
123 113 1 0.645266 0
123 136 1 1.1627 1
123 137 1 -0.664356 1
136 113 1 -1.63822 1
105 91 1 2.74549 0
105 129 1 -0.820699 1
129 91 1 -0.358545 0
129 135 1 2.40279 1
129 116 1 0.977833 1
135 91 1 -0.385467 1
98 93 1 -0.755257 1
98 99 1 4.4203 1
98 15 1 0.0768145 1
96 94 1 2.04339 1
96 20 1 0.461093 1
21 64 1 2.12034 1
21 65 1 6.17822 1
21 66 1 -3.03478 1
21 67 1 -4.52551 1
21 68 1 -2.10375 1
21 69 1 2.23976 1
21 70 1 -1.12327 1
21 71 1 -3.65939 1
21 72 1 -7.70329 1
21 73 1 -1.05491 1
21 74 1 -1.15031 1
21 75 1 1.58843 1
21 76 1 -1.71187 1
21 77 1 -0.619683 1
21 78 1 -1.49213 1
21 79 1 -1.32122 1
21 80 1 2.42734 1
21 81 1 -2.72604 1
21 82 1 -2.65345 1
21 83 1 -0.126435 1
21 84 1 4.35937 1
21 85 1 0.280706 1
21 86 1 1.42964 1
21 87 1 -0.727412 1
21 88 1 3.47778 1
21 89 1 -0.322823 1
21 90 1 0.524574 1
21 91 1 0.815951 0
21 92 1 1.4651 1
21 93 1 0.467383 1
21 94 1 -4.52437 1
21 95 1 -0.18145 1
21 143 1 3.32208 1
143 91 1 -1.26389 1
22 64 1 1.8207 1
22 65 1 0.241276 1
22 66 1 -0.487186 1
22 67 1 4.49312 1
22 68 1 -1.59882 1
22 69 1 -1.75364 1
22 70 1 -2.42402 1
22 71 1 0.798096 1
22 72 1 -4.16263 1
22 73 1 -0.38877 1
22 74 1 -4.35452 1
22 75 1 -1.75178 1
22 76 1 1.59342 1
22 77 1 -0.272923 1
22 78 1 3.92515 1
22 79 1 6.37335 1
22 80 1 -0.154678 1
22 81 1 -1.04499 1
22 82 1 -0.296895 1
22 83 1 -1.21426 1
22 84 1 -1.83127 1
22 85 1 -0.110086 1
22 86 1 0.569718 1
22 87 1 5.94944 1
22 88 1 -3.12296 1
22 89 1 -0.302735 1
22 90 1 2.20468 1
22 91 1 1.28924 1
22 92 1 1.31215 1
22 93 1 1.66548 1
22 94 1 4.52902 1
22 95 1 2.69916 1
23 64 1 -2.47809 1
23 65 1 1.49113 1
23 66 1 -0.17379 1
23 67 1 1.8887 1
23 68 1 -1.62198 1
23 69 1 1.56527 1
23 70 1 4.8311 1
23 71 1 -3.00438 1
23 72 1 -0.604365 1
23 73 1 -0.658258 1
23 74 1 2.11641 1
23 75 1 0.506317 1
23 76 1 2.88737 1
23 77 1 3.08259 1
23 78 1 -0.540009 1
23 79 1 -4.07536 1
23 80 1 1.54426 1
23 81 1 1.08643 1
23 82 1 -2.87008 1
23 83 1 2.08243 1
23 84 1 5.07852 1
23 85 1 -2.60497 1
23 86 1 -8.44796 1
23 87 1 0.842693 1
23 88 1 1.61311 1
23 89 1 -0.483063 1
23 90 1 -2.51616 1
23 91 1 -1.3187 1
23 92 1 0.542385 1
23 93 1 2.98089 1
23 94 1 -2.97914 1
23 95 1 0.0963564 1
23 107 1 1.55566 1
23 27 1 -0.549297 1
24 64 1 -0.774336 1
24 65 1 2.95048 1
24 66 1 -0.911574 1
24 67 1 5.12048 1
24 68 1 -4.90065 1
24 69 1 3.7524 1
24 70 1 -0.187267 1
24 71 1 3.79847 1
24 72 1 1.78744 1
24 73 1 1.50306 1
24 74 1 -0.190392 1
24 75 1 0.502516 1
24 76 1 -1.02405 1
24 77 1 -0.167545 1
24 78 1 -4.09493 1
24 79 1 -1.76888 1
24 80 1 3.18908 1
24 81 1 2.117 1
24 82 1 0.632513 1
24 83 1 -3.55953 1
24 84 1 -4.67413 1
24 85 1 -1.08876 1
24 86 1 -4.34784 1
24 87 1 2.81934 1
24 88 1 -2.69897 1
24 89 1 6.30567 1
24 90 1 3.22109 1
24 91 1 -3.05004 1
24 92 1 -0.160165 1
24 93 1 0.630659 1
24 94 1 -0.771477 1
24 95 1 -1.54985 1
24 5 1 0.691129 1
25 64 1 0.363709 1
25 65 1 1.62008 1
25 66 1 -0.482462 1
25 67 1 -1.59238 1
25 68 1 2.23347 1
25 69 1 -5.11072 1
25 70 1 -0.0134284 0
25 71 1 -2.72955 1
25 72 1 1.92129 1
25 73 1 0.412188 1
25 74 1 2.12346 1
25 75 1 -2.10982 1
25 76 1 -0.241501 1
25 77 1 -0.327379 1
25 78 1 1.86673 1
25 79 1 0.138981 1
25 80 1 -0.66658 1
25 81 1 -3.38048 1
25 82 1 -0.788507 1
25 83 1 3.94476 1
25 84 1 -0.895246 1
25 85 1 -1.25734 1
25 86 1 2.05233 1
25 87 1 2.07305 1
25 88 1 -0.0755887 1
25 89 1 1.79359 1
25 90 1 -2.48782 1
25 91 1 1.51375 1
25 92 1 1.44021 1
25 93 1 -0.852545 1
25 94 1 -1.01253 1
25 95 1 -2.56329 1
25 8 1 0.29094 1
25 6 1 -1.44928 1
25 121 1 -1.66134 1
121 70 1 6.206 1
26 64 1 -2.28514 1
26 65 1 3.11278 1
26 66 1 0.603469 1
26 67 1 2.22105 1
26 68 1 0.269351 1
26 69 1 2.89119 1
26 70 1 -3.08108 1
26 71 1 1.33919 1
26 72 1 -1.7086 1
26 73 1 0.757292 1
26 74 1 -6.11543 1
26 75 1 2.50266 1
26 76 1 0.531867 1
26 77 1 -4.09261 1
26 78 1 3.35652 1
26 79 1 -0.712267 1
26 80 1 0.000896122 1
26 81 1 3.59814 1
26 82 1 1.32835 1
26 83 1 0.910842 1
26 84 1 -4.37184 1
26 85 1 2.52353 1
26 86 1 -4.196 1
26 87 1 0.555026 1
26 88 1 -3.52036 1
26 89 1 -0.808728 1
26 90 1 -3.08528 1
26 91 1 -3.55971 1
26 92 1 0.125522 1
26 93 1 0.899283 1
26 94 1 1.82736 1
26 95 1 -0.994839 1
26 23 1 3.90047 1
26 15 1 3.1322 1
27 64 1 -3.48034 1
27 65 1 3.20858 1
27 66 1 3.7957 1
27 67 1 -1.54749 1
27 68 1 1.1489 1
27 69 1 2.19656 1
27 70 1 3.59916 1
27 71 1 -6.35523 1
27 72 1 -1.03087 1
27 73 1 1.78721 1
27 74 1 -1.8245 1
27 75 1 1.94182 1
27 76 1 -3.64009 1
27 77 1 -1.1759 1
27 78 1 -0.725005 1
27 79 1 1.02218 1
27 80 1 -2.12282 1
27 81 1 -1.62786 1
27 82 1 1.72647 1
27 83 1 0.85147 1
27 84 1 0.93368 1
27 85 1 0.411204 1
27 86 1 -1.50942 1
27 87 1 1.03988 1
27 88 1 -3.88803 1
27 89 1 -5.51799 1
27 90 1 3.37811 1
27 91 1 -1.77301 1
27 92 1 -0.240594 1
27 93 1 -0.568638 1
27 94 1 2.01891 1
27 95 1 -1.31832 1
27 9 1 1.60895 1
27 5 1 -2.47213 1
28 64 1 4.29773 1
28 65 1 -0.708604 1
28 66 1 -2.3323 1
28 67 1 4.83565 1
28 68 1 3.56776 1
28 69 1 2.22293 1
28 70 1 0.263187 1
28 71 1 -1.52435 1
28 72 1 -6.20253 1
28 73 1 0.394545 1
28 74 1 -1.65085 1
28 75 1 0.622091 1
28 76 1 0.205216 1
28 77 1 2.03495 1
28 78 1 -2.90512 1
28 79 1 0.910607 1
28 80 1 2.39098 1
28 81 1 -1.51218 1
28 82 1 2.89555 1
28 83 1 2.24362 1
28 84 1 3.32024 1
28 85 1 -6.76345 1
28 86 1 -2.76573 1
28 87 1 -2.06028 1
28 88 1 -3.89159 1
28 89 1 1.22097 1
28 90 1 -2.83559 1
28 91 1 -1.43914 1
28 92 1 3.24059 1
28 93 1 -2.86159 1
28 94 1 4.2611 1
28 95 1 -2.96443 1
29 64 1 -0.459531 1
29 65 1 -1.87616 1
29 66 1 -0.704703 1
29 67 1 1.55622 1
29 68 1 -7.09816 1
29 69 1 1.2948 1
29 70 1 -0.274333 1
29 71 1 -1.59776 1
29 72 1 0.405607 1
29 73 1 -0.793437 1
29 74 1 0.598864 1
29 75 1 0.408224 1
29 76 1 -0.805633 1
29 77 1 1.5826 1
29 78 1 -3.96329 1
29 79 1 -2.78405 1
29 80 1 3.26085 1
29 81 1 1.25354 1
29 82 1 1.47392 1
29 83 1 -0.21447 1
29 84 1 2.13267 1
29 85 1 -0.928935 1
29 86 1 -1.87527 1
29 87 1 -4.29091 1
29 88 1 -2.02467 1
29 89 1 -2.57364 1
29 90 1 -1.15077 1
29 91 1 -0.1691 1
29 92 1 0.506986 1
29 93 1 1.60975 1
29 94 1 -3.01557 1
29 95 1 -0.332674 1
29 113 1 0.945586 1
30 64 1 -0.659905 1
30 65 1 1.59728 1
30 66 1 3.87417 1
30 67 1 0.893162 1
30 68 1 1.3564 1
30 69 1 2.20799 1
30 70 1 1.16164 1
30 71 1 -3.29751 1
30 72 1 -0.0883603 1
30 73 1 2.5021 1
30 74 1 -0.191779 1
30 75 1 3.70907 1
30 76 1 2.91716 1
30 77 1 -1.07522 1
30 78 1 2.70193 1
30 79 1 3.48428 1
30 80 1 -1.67 1
30 81 1 -2.54659 1
30 82 1 3.86554 1
30 83 1 3.63929 1
30 84 1 2.14856 1
30 85 1 -2.62255 1
30 86 1 -0.61333 1
30 87 1 -2.76165 1
30 88 1 0.985591 1
30 89 1 -0.555312 1
30 90 1 2.38749 1
30 91 1 5.53349 1
30 92 1 -1.3809 1
30 93 1 1.6771 1
30 94 1 2.09864 1
30 95 1 -0.338314 1
30 28 1 0.0183851 1
31 64 1 2.54271 1
31 65 1 -0.671737 1
31 66 1 -2.81727 1
31 67 1 5.48619 1
31 68 1 2.85154 1
31 69 1 0.64732 1
31 70 1 -3.54845 1
31 71 1 1.62075 1
31 72 1 -3.38656 1
31 73 1 -3.09282 1
31 74 1 3.67803 1
31 75 1 1.55522 1
31 76 1 1.7173 1
31 77 1 -0.0563502 1
31 78 1 -3.14625 1
31 79 1 1.26662 1
31 80 1 -0.520217 1
31 81 1 -2.66643 1
31 82 1 -1.20757 1
31 83 1 -0.0411088 1
31 84 1 -3.01761 1
31 85 1 -2.97247 1
31 86 1 0.484451 1
31 87 1 -3.27871 0
31 88 1 3.99633 1
31 89 1 -0.989004 1
31 90 1 0.251811 1
31 91 1 -2.09077 1
31 92 1 0.590113 1
31 93 1 0.900819 1
31 94 1 0.728482 1
31 95 1 -1.57394 1
31 122 1 1.62045 1
122 87 1 1.09871 1
32 64 1 7.47156 1
32 65 1 1.09728 1
32 66 1 -3.51642 1
32 67 1 2.09198 1
32 68 1 1.09334 1
32 69 1 1.54292 1
32 70 1 -0.136883 1
32 71 1 2.87978 1
32 72 1 -3.2822 1
32 73 1 1.64334 1
32 74 1 -1.50858 1
32 75 1 2.8689 1
32 76 1 -1.61793 1
32 77 1 3.68628 1
32 78 1 -0.0254201 1
32 79 1 1.83014 1
32 80 1 -0.184306 1
32 81 1 -2.67776 1
32 82 1 -1.92398 1
32 83 1 -2.87867 1
32 84 1 1.66303 1
32 85 1 -3.53672 1
32 86 1 0.373013 1
32 87 1 -1.2938 1
32 88 1 -0.93407 1
32 89 1 -3.43181 1
32 90 1 1.20179 1
32 91 1 -2.71303 1
32 92 1 1.6997 1
32 93 1 0.639268 1
32 94 1 -0.564395 1
32 95 1 -1.58964 1
33 64 1 2.483 1
33 65 1 -5.04879 1
33 66 1 -1.13883 1
33 67 1 -2.32321 1
33 68 1 -0.796461 1
33 69 1 -2.47718 1
33 70 1 3.41981 1
33 71 1 4.14977 1
33 72 1 1.6069 1
33 73 1 2.91261 1
33 74 1 3.17901 1
33 75 1 -6.3333 1
33 76 1 -1.55462 1
33 77 1 1.68663 1
33 78 1 -3.94064 1
33 79 1 -2.80005 1
33 80 1 1.33078 1
33 81 1 -1.32064 1
33 82 1 0.564814 1
33 83 1 0.927857 1
33 84 1 1.15158 1
33 85 1 1.22814 1
33 86 1 2.64201 1
33 87 1 1.64601 1
33 88 1 2.95085 1
33 89 1 4.41552 1
33 90 1 -2.27685 1
33 91 1 0.532138 1
33 92 1 1.85802 1
33 93 1 1.78901 1
33 94 1 0.228896 1
33 95 1 -0.621209 1
33 20 1 -2.19256 1
33 107 1 0.0928677 1
33 13 1 0.133952 1
34 64 1 0.0307635 1
34 65 1 -0.906507 1
34 66 1 2.61456 1
34 67 1 0.222762 1
34 68 1 0.811108 1
34 69 1 -0.420669 1
34 70 1 -1.44519 1
34 71 1 -0.831143 1
34 72 1 -1.84189 1
34 73 1 -3.93038 1
34 74 1 1.33179 1
34 75 1 6.76076 1
34 76 1 -1.40554 1
34 77 1 -0.668117 1
34 78 1 -1.62451 1
34 79 1 1.88452 1
34 80 1 2.72001 1
34 81 1 -1.04805 1
34 82 1 0.301348 1
34 83 1 1.69698 1
34 84 1 0.137988 1
34 85 1 -0.212415 1
34 86 1 -0.0973841 1
34 87 1 0.431569 1
34 88 1 1.20852 1
34 89 1 -1.146 1
34 90 1 -6.29067 1
34 91 1 2.93152 1
34 92 1 1.6147 1
34 93 1 -2.80062 1
34 94 1 3.0111 1
34 95 1 2.31559 1
34 113 1 -0.373262 1
35 64 1 -0.447365 1
35 65 1 -0.972495 1
35 66 1 -0.612098 1
35 67 1 2.61008 1
35 68 1 1.16387 1
35 69 1 3.90247 1
35 70 1 2.81101 1
35 71 1 2.74527 1
35 72 1 3.13483 1
35 73 1 6.78732 1
35 74 1 2.9373 1
35 75 1 0.036914 1
35 76 1 -3.79644 1
35 77 1 0.462727 1
35 78 1 -1.26611 1
35 79 1 1.53799 1
35 80 1 -7.5879 1
35 81 1 -1.45218 1
35 82 1 2.96898 0
35 83 1 0.432325 1
35 84 1 3.52272 1
35 85 1 -4.49323 1
35 86 1 -2.01302 1
35 87 1 -2.83353 1
35 88 1 -0.214758 1
35 89 1 1.10303 0
35 90 1 -2.12037 1
35 91 1 -1.89598 1
35 92 1 -3.33505 1
35 93 1 -2.52291 1
35 94 1 -1.18142 1
35 95 1 -0.1778 1
35 130 1 0.687612 1
35 133 1 4.03056 1
133 82 1 2.47571 1
130 89 1 1.2208 1
36 64 1 0.146638 1
36 65 1 1.32083 1
36 66 1 -0.760236 1
36 67 1 -0.0924462 1
36 68 1 -5.07201 1
36 69 1 -2.64969 1
36 70 1 -0.713356 1
36 71 1 1.05551 1
36 72 1 -1.40952 1
36 73 1 0.259218 1
36 74 1 -1.13227 1
36 75 1 0.599031 1
36 76 1 1.4663 1
36 77 1 -4.20614 1
36 78 1 -0.362566 1
36 79 1 2.94445 1
36 80 1 1.40642 1
36 81 1 -1.21229 1
36 82 1 -1.14032 0
36 83 1 0.037505 1
36 84 1 2.91709 1
36 85 1 -3.39859 1
36 86 1 1.45558 1
36 87 1 0.0916895 1
36 88 1 -0.264888 1
36 89 1 1.57727 1
36 90 1 -2.82655 1
36 91 1 1.71419 1
36 92 1 4.3429 1
36 93 1 0.0605081 1
36 94 1 -2.86739 1
36 95 1 6.16291 1
36 109 1 0.422042 0
36 24 1 -0.775607 1
36 117 1 1.99072 1
117 109 1 0.645952 1
109 82 1 0.96139 1
109 31 1 -0.092884 1
37 64 1 -2.65272 1
37 65 1 2.26633 1
37 66 1 -2.05612 1
37 67 1 -1.02772 1
37 68 1 -4.39311 1
37 69 1 2.90819 1
37 70 1 -3.13536 1
37 71 1 -1.04696 1
37 72 1 2.71325 1
37 73 1 2.60782 1
37 74 1 -0.348032 1
37 75 1 0.708411 1
37 76 1 3.4451 0
37 77 1 3.3004 1
37 78 1 -1.26437 1
37 79 1 0.741057 1
37 80 1 3.18351 1
37 81 1 -0.213661 1
37 82 1 4.30358 1
37 83 1 1.53631 1
37 84 1 -3.45718 1
37 85 1 1.88077 1
37 86 1 -0.780504 1
37 87 1 1.84899 1
37 88 1 -2.76459 1
37 89 1 -1.84267 1
37 90 1 -0.858702 1
37 91 1 1.62725 1
37 92 1 2.70308 1
37 93 1 0.433779 1
37 94 1 -3.33036 1
37 95 1 -0.142262 1
37 142 1 2.31717 1
142 76 1 -1.12898 1
142 147 1 -1.045 1
38 64 1 0.475442 1
38 65 1 -1.56386 1
38 66 1 -1.15528 1
38 67 1 -0.77062 1
38 68 1 -1.76881 1
38 69 1 -5.09255 1
38 70 1 -0.244047 1
38 71 1 -0.49404 1
38 72 1 0.651593 1
38 73 1 0.574885 1
38 74 1 -1.52065 1
38 75 1 1.25414 1
38 76 1 1.54678 1
38 77 1 -1.61113 1
38 78 1 -1.18051 1
38 79 1 -0.752286 1
38 80 1 -4.37658 1
38 81 1 -1.01935 1
38 82 1 2.22809 1
38 83 1 -1.05817 1
38 84 1 -2.40077 1
38 85 1 -4.48792 1
38 86 1 -0.241503 1
38 87 1 -0.338001 1
38 88 1 1.80571 1
38 89 1 3.29301 1
38 90 1 0.470685 1
38 91 1 2.12734 1
38 92 1 2.45981 0
38 93 1 -2.23134 1
38 94 1 0.103594 1
38 95 1 -2.43582 1
38 148 1 1.37525 1
148 92 1 3.55405 1
39 64 1 1.34636 1
39 65 1 -1.67313 1
39 66 1 2.69281 1
39 67 1 -0.244766 1
39 68 1 1.16577 1
39 69 1 -0.0039413 1
39 70 1 1.99962 1
39 71 1 -0.933151 1
39 72 1 -2.02151 1
39 73 1 -4.63524 1
39 74 1 1.36709 1
39 75 1 2.52021 0
39 76 1 3.2563 1
39 77 1 -0.327024 1
39 78 1 -2.47515 1
39 79 1 -3.01774 1
39 80 1 2.53085 1
39 81 1 -3.25682 1
39 82 1 0.694556 1
39 83 1 -0.131569 1
39 84 1 -2.29427 1
39 85 1 0.205447 1
39 86 1 2.09264 1
39 87 1 1.85883 1
39 88 1 -1.94129 1
39 89 1 0.198663 1
39 90 1 3.63912 1
39 91 1 -1.09763 1
39 92 1 3.85812 1
39 93 1 0.864332 1
39 94 1 -4.60556 1
39 95 1 -1.13808 1
39 2 1 -4.60963 1
39 112 1 3.13453 1
39 13 1 0.0236086 1
39 104 1 -0.137108 1
112 75 1 -2.45078 1
112 138 1 -1.07563 1
40 64 1 -5.09847 1
40 65 1 -1.44387 1
40 66 1 1.88932 1
40 67 1 0.814027 1
40 68 1 1.79472 1
40 69 1 2.50305 1
40 70 1 -1.74045 1
40 71 1 0.471093 1
40 72 1 3.38728 1
40 73 1 1.75964 1
40 74 1 -2.2961 1
40 75 1 0.769614 1
40 76 1 -1.35286 1
40 77 1 3.27377 1
40 78 1 2.38381 1
40 79 1 -1.45546 1
40 80 1 -1.43894 1
40 81 1 0.46273 1
40 82 1 0.74344 1
40 83 1 -2.86154 1
40 84 1 0.194922 1
40 85 1 2.33185 1
40 86 1 2.66361 1
40 87 1 1.70163 1
40 88 1 0.974705 1
40 89 1 -1.01775 1
40 90 1 -1.41963 1
40 91 1 -2.09064 1
40 92 1 -2.88947 1
40 93 1 2.31956 1
40 94 1 0.428908 1
40 95 1 1.91301 1
40 2 1 -0.219916 1
40 134 1 0.900242 1
41 64 1 5.35884 1
41 65 1 -1.44386 1
41 66 1 0.474347 1
41 67 1 1.03944 1
41 68 1 2.59941 1
41 69 1 -0.130337 1
41 70 1 1.13781 1
41 71 1 0.438691 1
41 72 1 3.85885 1
41 73 1 -5.19721 1
41 74 1 -0.436355 1
41 75 1 2.34516 1
41 76 1 -3.2362 1
41 77 1 -1.44859 1
41 78 1 -2.87697 1
41 79 1 1.26763 1
41 80 1 1.6617 1
41 81 1 3.14622 1
41 82 1 -1.94588 1
41 83 1 1.72751 1
41 84 1 -3.44729 1
41 85 1 -0.61349 1
41 86 1 1.04266 1
41 87 1 0.706678 1
41 88 1 3.17295 1
41 89 1 -3.94691 1
41 90 1 -2.82997 1
41 91 1 0.366467 1
41 92 1 0.899383 1
41 93 1 -0.861763 1
41 94 1 -1.2191 1
41 95 1 0.373302 1
41 11 1 3.44183 1
41 29 1 -1.22106 1
41 97 1 -1.60243 1
42 64 1 1.14447 1
42 65 1 0.0147013 1
42 66 1 -0.135119 1
42 67 1 0.194527 1
42 68 1 -1.84725 1
42 69 1 -0.506039 1
42 70 1 -1.4397 1
42 71 1 -2.1839 1
42 72 1 -1.0797 1
42 73 1 -2.5906 1
42 74 1 2.52502 1
42 75 1 -0.932227 1
42 76 1 -2.50231 1
42 77 1 -0.386842 1
42 78 1 -1.6764 1
42 79 1 0.968672 1
42 80 1 -1.40521 1
42 81 1 2.0011 1
42 82 1 2.02823 1
42 83 1 3.54242 1
42 84 1 1.9541 1
42 85 1 -0.190197 1
42 86 1 1.36221 1
42 87 1 -2.77089 1
42 88 1 -1.36905 1
42 89 1 -1.58695 1
42 90 1 1.82851 1
42 91 1 2.99455 1
42 92 1 -1.58599 1
42 93 1 2.46495 1
42 94 1 -2.1785 1
42 95 1 2.42049 1
43 64 1 3.30051 1
43 65 1 -3.1908 1
43 66 1 2.61374 1
43 67 1 1.85429 1
43 68 1 0.141189 1
43 69 1 -1.97228 1
43 70 1 0.915642 1
43 71 1 -3.43287 1
43 72 1 -1.00675 1
43 73 1 -7.47552 1
43 74 1 2.08092 1
43 75 1 -2.38048 1
43 76 1 -0.138747 1
43 77 1 0.631579 1
43 78 1 0.662327 1
43 79 1 -2.62047 1
43 80 1 -0.735093 1
43 81 1 1.56616 1
43 82 1 1.91813 1
43 83 1 -1.1427 1
43 84 1 -0.0641674 1
43 85 1 3.58373 1
43 86 1 1.10169 1
43 87 1 4.2579 1
43 88 1 0.18815 1
43 89 1 3.85957 1
43 90 1 0.122095 1
43 91 1 -4.08421 1
43 92 1 3.70557 1
43 93 1 2.21773 1
43 94 1 -4.49997 1
43 95 1 1.76969 1
44 64 1 0.698228 1
44 65 1 -3.38184 1
44 66 1 1.06713 1
44 67 1 -2.79405 1
44 68 1 -0.277583 1
44 69 1 -0.78418 1
44 70 1 3.3619 1
44 71 1 1.60155 1
44 72 1 -2.38871 1
44 73 1 0.710709 1
44 74 1 -2.59107 1
44 75 1 -3.40505 1
44 76 1 -0.148998 1
44 77 1 1.33653 1
44 78 1 1.98739 1
44 79 1 0.639003 1
44 80 1 4.92945 1
44 81 1 -2.37696 1
44 82 1 0.860298 1
44 83 1 -1.10492 1
44 84 1 0.189183 1
44 85 1 0.220201 1
44 86 1 0.917796 1
44 87 1 1.18901 1
44 88 1 0.631816 1
44 89 1 1.19171 1
44 90 1 -0.154986 1
44 91 1 -0.569317 1
44 92 1 -0.45041 1
44 93 1 2.90185 1
44 94 1 -1.99478 1
44 95 1 -1.23623 1
44 8 1 0.0429335 1
44 29 1 1.2661 1
45 64 1 -0.758705 1
45 65 1 2.79825 1
45 66 1 -0.201466 1
45 67 1 1.95625 1
45 68 1 -1.49892 1
45 69 1 -7.23963 1
45 70 1 -4.27333 1
45 71 1 0.548376 1
45 72 1 -5.22678 1
45 73 1 4.0417 1
45 74 1 3.26065 1
45 75 1 3.84058 1
45 76 1 -0.32816 1
45 77 1 -0.16635 1
45 78 1 -2.34667 1
45 79 1 2.79338 1
45 80 1 -2.87469 1
45 81 1 0.877718 1
45 82 1 -1.75057 1
45 83 1 -3.17144 1
45 84 1 2.58512 1
45 85 1 -3.53853 1
45 86 1 1.27001 1
45 87 1 0.456351 1
45 88 1 -0.0654996 1
45 89 1 -4.4943 1
45 90 1 0.46279 1
45 91 1 4.49336 1
45 92 1 -3.12785 1
45 93 1 -6.30551 1
45 94 1 2.16727 1
45 95 1 -3.79087 1
45 9 1 3.50547 1
45 20 1 -0.345224 1
46 64 1 -0.842628 1
46 65 1 -1.3038 1
46 66 1 2.91742 1
46 67 1 2.61453 1
46 68 1 -5.46265 1
46 69 1 -1.46007 1
46 70 1 1.16558 1
46 71 1 -1.72594 1
46 72 1 1.93744 1
46 73 1 -2.97064 1
46 74 1 -1.17233 1
46 75 1 2.71464 1
46 76 1 -4.36586 1
46 77 1 2.26683 1
46 78 1 -1.60525 1
46 79 1 0.323834 1
46 80 1 3.64695 1
46 81 1 0.198977 1
46 82 1 0.244588 1
46 83 1 1.45628 1
46 84 1 -0.460495 1
46 85 1 2.26286 1
46 86 1 -0.260677 1
46 87 1 2.85295 1
46 88 1 -1.28397 1
46 89 1 -3.2387 1
46 90 1 -2.93446 1
46 91 1 1.02189 1
46 92 1 1.88663 1
46 93 1 -1.87621 1
46 94 1 -1.06325 1
46 95 1 -0.747545 1
46 24 1 1.46185 1
47 64 1 -0.848218 1
47 65 1 -0.101646 1
47 66 1 -2.74477 1
47 67 1 5.75835 1
47 68 1 -1.29217 1
47 69 1 2.49917 1
47 70 1 -2.26383 1
47 71 1 0.357309 1
47 72 1 0.934398 1
47 73 1 5.66661 0
47 74 1 -1.1958 1
47 75 1 -1.65389 1
47 76 1 -2.66496 1
47 77 1 -7.44837 1
47 78 1 -1.99759 1
47 79 1 1.4295 1
47 80 1 3.77949 1
47 81 1 -5.84776 1
47 82 1 0.518372 1
47 83 1 0.0609907 1
47 84 1 -3.36944 1
47 85 1 -0.275317 1
47 86 1 -3.12107 1
47 87 1 4.5315 1
47 88 1 1.71344 1
47 89 1 0.856452 1
47 90 1 6.57294 1
47 91 1 0.528062 1
47 92 1 -1.21656 1
47 93 1 0.788986 1
47 94 1 1.14029 1
47 95 1 -1.56365 1
47 4 1 0.451093 1
47 137 1 1.22617 1
137 73 1 3.64672 1
48 64 1 -0.259934 1
48 65 1 -0.183047 1
48 66 1 0.693414 1
48 67 1 -1.14845 1
48 68 1 -6.06223 1
48 69 1 -4.18718 1
48 70 1 -0.144077 1
48 71 1 0.270835 1
48 72 1 -3.41451 1
48 73 1 2.95711 1
48 74 1 5.93616 1
48 75 1 -4.58091 1
48 76 1 1.12209 1
48 77 1 -3.39273 1
48 78 1 -0.167323 1
48 79 1 2.80764 1
48 80 1 0.165385 1
48 81 1 -2.42582 1
48 82 1 1.56182 1
48 83 1 0.732906 1
48 84 1 1.42385 1
48 85 1 0.767997 1
48 86 1 -1.24829 1
48 87 1 -0.88026 1
48 88 1 -2.14419 1
48 89 1 0.0843755 1
48 90 1 2.44177 1
48 91 1 1.26676 1
48 92 1 -5.34542 1
48 93 1 0.349832 1
48 94 1 3.40421 1
48 95 1 2.97769 1
48 16 1 1.68355 1
48 12 1 -0.295967 1
48 14 1 -3.11435 1
49 64 1 0.737959 1
49 65 1 -1.85224 1
49 66 1 0.588725 1
49 67 1 -1.25078 1
49 68 1 -2.2749 1
49 69 1 0.726459 1
49 70 1 1.15807 1
49 71 1 -4.48693 1
49 72 1 -0.137333 1
49 73 1 -0.00292285 1
49 74 1 2.85731 1
49 75 1 2.59354 1
49 76 1 -5.91566 1
49 77 1 -3.64176 1
49 78 1 -1.3162 1
49 79 1 1.6642 1
49 80 1 4.80116 1
49 81 1 -4.05971 1
49 82 1 1.2282 1
49 83 1 -1.74057 1
49 84 1 2.58377 1
49 85 1 -1.93137 1
49 86 1 -0.0163471 1
49 87 1 -0.746603 1
49 88 1 -0.938851 1
49 89 1 1.09441 1
49 90 1 -0.966189 1
49 91 1 1.12985 1
49 92 1 2.1651 1
49 93 1 -0.72278 1
49 94 1 1.14423 1
49 95 1 3.62139 1
49 19 1 -1.97288 1
49 31 1 -1.70649 1
49 15 1 0.147603 1
50 64 1 -4.83827 1
50 65 1 -2.68706 1
50 66 1 2.05283 1
50 67 1 -0.788243 1
50 68 1 2.31511 1
50 69 1 -1.03296 1
50 70 1 0.604528 1
50 71 1 6.35695 1
50 72 1 -1.65157 1
50 73 1 4.97363 1
50 74 1 -2.8648 1
50 75 1 1.3736 1
50 76 1 -0.647764 1
50 77 1 0.5976 1
50 78 1 2.5782 1
50 79 1 -2.04413 1
50 80 1 1.74518 1
50 81 1 0.692697 1
50 82 1 -0.350745 1
50 83 1 3.50943 1
50 84 1 -1.65912 1
50 85 1 0.439884 1
50 86 1 2.96346 1
50 87 1 -2.71206 1
50 88 1 -3.27115 1
50 89 1 0.275503 1
50 90 1 0.447076 1
50 91 1 0.300411 1
50 92 1 0.0331836 1
50 93 1 -0.245072 1
50 94 1 -3.2909 1
50 95 1 1.77183 1
50 4 1 6.06628 1
50 22 1 -1.19656 1
51 64 1 -1.70859 1
51 65 1 3.22682 1
51 66 1 3.25476 1
51 67 1 -1.52426 1
51 68 1 -0.996001 1
51 69 1 -1.71698 1
51 70 1 2.63217 1
51 71 1 3.24038 1
51 72 1 -4.71265 1
51 73 1 -3.10326 0
51 74 1 -2.15502 1
51 75 1 4.98809 1
51 76 1 -1.9178 1
51 77 1 2.39045 1
51 78 1 3.77559 1
51 79 1 1.83493 1
51 80 1 0.873596 1
51 81 1 -2.80501 1
51 82 1 0.0816768 1
51 83 1 4.05934 1
51 84 1 -2.44399 1
51 85 1 -2.42779 1
51 86 1 -0.0337011 1
51 87 1 0.872437 1
51 88 1 1.13823 1
51 89 1 1.18678 1
51 90 1 2.90631 1
51 91 1 0.823953 1
51 92 1 3.12761 1
51 93 1 4.17391 1
51 94 1 -4.82356 1
51 95 1 -2.25367 1
51 116 1 0.34943 1
51 12 1 -0.666087 1
116 73 1 -0.704733 0
116 134 1 0.67054 1
134 73 1 1.9258 1
52 64 1 -2.73732 1
52 65 1 3.85073 1
52 66 1 0.459644 1
52 67 1 0.219398 1
52 68 1 0.900224 1
52 69 1 5.34688 1
52 70 1 2.96083 1
52 71 1 -1.80942 1
52 72 1 -1.06243 1
52 73 1 3.64458 1
52 74 1 2.56476 1
52 75 1 0.527492 1
52 76 1 -3.33551 1
52 77 1 0.72362 1
52 78 1 2.46188 1
52 79 1 0.881868 1
52 80 1 -0.201281 1
52 81 1 0.264762 1
52 82 1 -2.07584 1
52 83 1 -3.03909 1
52 84 1 0.957738 1
52 85 1 -1.48776 1
52 86 1 -3.42602 1
52 87 1 -0.160408 1
52 88 1 2.42027 1
52 89 1 -2.11633 1
52 90 1 -0.484725 1
52 91 1 -1.02682 1
52 92 1 0.643511 1
52 93 1 -3.04062 0
52 94 1 2.19773 1
52 95 1 -0.625668 1
52 115 1 -0.40659 1
52 139 1 -0.167677 1
139 93 1 -2.05298 1
53 64 1 -2.88738 1
53 65 1 -0.0668427 1
53 66 1 -0.529182 1
53 67 1 -0.860514 1
53 68 1 2.225 1
53 69 1 1.14724 1
53 70 1 -0.72673 0
53 71 1 0.575842 1
53 72 1 -1.41828 1
53 73 1 0.181613 1
53 74 1 -1.42934 1
53 75 1 -2.7348 1
53 76 1 0.422516 1
53 77 1 2.87145 1
53 78 1 -0.216626 1
53 79 1 -0.854316 1
53 80 1 1.70275 1
53 81 1 1.37254 1
53 82 1 1.94873 1
53 83 1 0.621948 1
53 84 1 1.44211 1
53 85 1 0.96782 1
53 86 1 2.87229 1
53 87 1 0.705583 1
53 88 1 -0.342903 1
53 89 1 -0.347009 1
53 90 1 -2.92867 1
53 91 1 0.527912 1
53 92 1 2.80655 1
53 93 1 0.117737 1
53 94 1 0.187444 1
53 95 1 -2.60917 1
53 20 1 4.33641 1
53 23 1 1.04849 1
53 149 1 0.85355 1
149 70 1 -2.25061 0
149 153 1 0.980492 1
153 70 1 -2.14679 1
54 64 1 1.88348 1
54 65 1 -1.16706 1
54 66 1 -2.49651 1
54 67 1 0.264881 1
54 68 1 3.71241 1
54 69 1 -3.19765 1
54 70 1 -0.0818618 1
54 71 1 3.73908 1
54 72 1 0.792637 1
54 73 1 1.30432 1
54 74 1 -0.52402 1
54 75 1 -2.13212 1
54 76 1 -1.54129 1
54 77 1 2.82504 1
54 78 1 0.432832 1
54 79 1 1.34585 1
54 80 1 0.116853 1
54 81 1 3.42628 1
54 82 1 -2.81349 1
54 83 1 6.54394 1
54 84 1 1.68959 1
54 85 1 -0.32792 1
54 86 1 -3.62461 1
54 87 1 -1.2032 1
54 88 1 2.34749 1
54 89 1 3.40962 1
54 90 1 -3.09672 1
54 91 1 3.23412 1
54 92 1 -0.816897 1
54 93 1 1.62311 1
54 94 1 -3.54487 1
54 95 1 -3.57424 1
54 30 1 -0.741597 1
54 144 1 0.742352 1
55 64 1 0.678459 1
55 65 1 -3.55438 1
55 66 1 -2.88269 1
55 67 1 -1.54305 1
55 68 1 -2.24657 1
55 69 1 2.77111 1
55 70 1 2.28394 1
55 71 1 -5.48005 1
55 72 1 2.24825 1
55 73 1 0.408365 1
55 74 1 2.26612 1
55 75 1 -2.81641 1
55 76 1 -4.71653 1
55 77 1 1.65046 1
55 78 1 0.227469 1
55 79 1 1.74527 1
55 80 1 -1.54827 1
55 81 1 1.59772 1
55 82 1 -0.618658 1
55 83 1 -0.368535 1
55 84 1 -0.417073 1
55 85 1 -5.60708 1
55 86 1 1.1402 1
55 87 1 1.40593 1
55 88 1 -2.87913 1
55 89 1 -0.85451 1
55 90 1 1.13516 1
55 91 1 1.66235 1
55 92 1 6.17232 1
55 93 1 -4.04554 1
55 94 1 -3.86178 1
55 95 1 -1.4492 0
55 28 1 4.43884 1
55 114 1 1.54808 1
114 95 1 -2.06495 1
56 64 1 2.53354 1
56 65 1 -4.50772 1
56 66 1 0.989478 1
56 67 1 -1.77547 1
56 68 1 -0.510873 0
56 69 1 -1.35816 1
56 70 1 -0.588056 1
56 71 1 1.43367 1
56 72 1 -0.758328 1
56 73 1 -0.858379 1
56 74 1 3.75817 1
56 75 1 4.16828 1
56 76 1 -4.17979 1
56 77 1 0.0917992 1
56 78 1 -2.49696 1
56 79 1 0.410966 1
56 80 1 -1.41608 1
56 81 1 3.42608 1
56 82 1 2.85339 1
56 83 1 -1.79253 1
56 84 1 -1.05247 1
56 85 1 -1.17727 1
56 86 1 1.62166 1
56 87 1 -1.93957 1
56 88 1 0.387135 1
56 89 1 -1.75459 1
56 90 1 -1.53941 1
56 91 1 -1.83905 1
56 92 1 1.86334 1
56 93 1 4.97966 1
56 94 1 -2.12804 1
56 95 1 0.290267 1
56 3 1 -2.85736 1
56 126 1 4.23913 1
126 68 1 0.57471 1
126 11 1 -1.96112 1
57 64 1 -4.38903 1
57 65 1 3.40652 1
57 66 1 -1.72113 1
57 67 1 -1.50241 1
57 68 1 3.05707 1
57 69 1 -0.252504 0
57 70 1 0.607636 1
57 71 1 2.54019 1
57 72 1 0.689791 1
57 73 1 -1.51267 1
57 74 1 2.43484 1
57 75 1 3.22378 1
57 76 1 2.28316 1
57 77 1 -4.93932 1
57 78 1 -1.59881 1
57 79 1 -2.78363 1
57 80 1 1.7905 1
57 81 1 3.6595 1
57 82 1 3.81854 1
57 83 1 -3.1225 1
57 84 1 -0.441333 1
57 85 1 -2.74626 1
57 86 1 -1.21027 1
57 87 1 2.0286 1
57 88 1 -0.937911 1
57 89 1 -0.172983 1
57 90 1 0.573873 1
57 91 1 -1.86033 1
57 92 1 -2.14181 1
57 93 1 0.0176475 1
57 94 1 -1.21206 1
57 95 1 3.61423 1
57 104 1 3.5231 1
57 22 1 0.592459 1
104 69 1 1.93706 1
104 1 1 -0.865654 1
104 107 1 0.246434 1
58 64 1 3.44389 1
58 65 1 -1.61959 1
58 66 1 -1.97075 1
58 67 1 -0.991025 1
58 68 1 -2.01208 1
58 69 1 -0.247924 1
58 70 1 -1.55821 1
58 71 1 1.35282 1
58 72 1 -0.628882 1
58 73 1 -2.89184 1
58 74 1 2.58124 1
58 75 1 3.59506 1
58 76 1 3.52062 1
58 77 1 1.69215 1
58 78 1 -1.23096 1
58 79 1 0.206472 0
58 80 1 -4.27292 1
58 81 1 3.5139 1
58 82 1 0.285305 1
58 83 1 -0.0604497 1
58 84 1 -1.8743 1
58 85 1 1.45807 1
58 86 1 1.89774 1
58 87 1 -1.94293 1
58 88 1 -2.1703 1
58 89 1 -1.00974 1
58 90 1 -2.00056 1
58 91 1 -3.46316 1
58 92 1 0.119687 1
58 93 1 2.10277 1
58 94 1 -2.02629 1
58 95 1 2.27684 1
58 128 1 1.45541 1
128 79 1 0.571294 0
128 131 1 -0.576758 1
131 79 1 0.991182 1
59 64 1 -1.93062 1
59 65 1 1.57618 1
59 66 1 2.00038 1
59 67 1 -2.00781 1
59 68 1 1.04497 1
59 69 1 -1.82348 1
59 70 1 -1.40705 1
59 71 1 1.56839 1
59 72 1 -0.363034 1
59 73 1 -0.886539 1
59 74 1 -0.258007 1
59 75 1 -1.41001 1
59 76 1 2.20588 1
59 77 1 0.939814 0
59 78 1 1.10801 1
59 79 1 -1.88668 1
59 80 1 -0.256731 1
59 81 1 1.22118 1
59 82 1 -5.51898 1
59 83 1 3.22422 1
59 84 1 0.303399 1
59 85 1 -2.81626 1
59 86 1 -2.96356 1
59 87 1 1.07021 1
59 88 1 4.50068 1
59 89 1 -0.62422 1
59 90 1 1.2125 1
59 91 1 -2.2912 1
59 92 1 2.72516 1
59 93 1 2.68098 1
59 94 1 -6.03589 1
59 95 1 2.09164 1
59 97 1 1.56302 1
59 5 1 -2.83101 1
59 11 1 -1.0378 1
59 13 1 1.0365 1
97 77 1 -6.06212 1
97 22 1 -1.72423 1
97 2 1 -5.16822 0
97 99 1 2.52632 1
97 7 1 3.51072 0
97 102 1 2.08021 1
97 17 1 2.29865 1
102 7 1 4.78078 1
99 2 1 1.9976 0
99 108 1 4.79892 1
99 15 1 0.0427088 1
108 2 1 -0.918085 0
108 125 1 4.44119 1
125 2 1 0.905988 1
60 64 1 3.31255 1
60 65 1 0.704114 1
60 66 1 1.24517 1
60 67 1 -0.641932 1
60 68 1 0.745846 1
60 69 1 1.69947 1
60 70 1 -3.21606 1
60 71 1 1.14187 1
60 72 1 0.491955 0
60 73 1 0.951189 1
60 74 1 1.57017 1
60 75 1 -0.656081 1
60 76 1 -0.30075 1
60 77 1 3.92224 1
60 78 1 -2.75736 1
60 79 1 -0.196487 1
60 80 1 -5.73946 1
60 81 1 -2.28882 1
60 82 1 -1.00318 1
60 83 1 -0.352068 1
60 84 1 -3.52046 1
60 85 1 4.15275 1
60 86 1 2.22595 1
60 87 1 0.0132484 1
60 88 1 -4.39252 1
60 89 1 0.420671 1
60 90 1 -2.3303 1
60 91 1 0.259605 1
60 92 1 -0.734547 1
60 93 1 2.7717 1
60 94 1 -1.17512 1
60 95 1 0.662858 1
60 24 1 -2.63102 1
60 0 1 3.49884 1
60 115 1 2.44952 1
60 3 1 0.120651 1
115 72 1 -1.59551 1
115 18 1 0.497946 1
61 64 1 0.152708 1
61 65 1 -0.634912 1
61 66 1 2.08001 1
61 67 1 0.236708 1
61 68 1 -3.01819 1
61 69 1 3.468 1
61 70 1 1.03957 1
61 71 1 -0.712557 1
61 72 1 -0.907335 1
61 73 1 0.737937 1
61 74 1 2.4732 1
61 75 1 3.02914 1
61 76 1 0.641933 1
61 77 1 0.647791 0
61 78 1 -0.248696 1
61 79 1 -0.324781 1
61 80 1 -0.712742 1
61 81 1 -0.80937 1
61 82 1 0.188094 1
61 83 1 0.500504 1
61 84 1 -2.93324 1
61 85 1 -1.45576 1
61 86 1 0.122434 1
61 87 1 2.1174 1
61 88 1 0.177737 1
61 89 1 0.845871 1
61 90 1 -0.770331 1
61 91 1 1.689 1
61 92 1 -1.06029 1
61 93 1 -1.48444 1
61 94 1 0.254953 1
61 95 1 -1.24196 1
61 107 1 0.214761 1
61 113 1 -1.58978 1
61 14 1 -2.89153 1
107 77 1 -5.91771 0
107 113 1 0.0143959 1
107 14 1 -0.996794 1
113 77 1 -1.89614 1
113 23 1 -1.37606 1
113 147 1 0.373204 1
62 64 1 0.391458 1
62 65 1 -2.34861 1
62 66 1 2.46171 1
62 67 1 -1.16076 1
62 68 1 1.69933 1
62 69 1 -1.22659 1
62 70 1 2.32584 1
62 71 1 -1.69639 1
62 72 1 0.993055 1
62 73 1 2.32681 1
62 74 1 4.29328 1
62 75 1 -0.330452 1
62 76 1 4.41381 1
62 77 1 -3.9153 1
62 78 1 -1.19618 1
62 79 1 -1.5719 1
62 80 1 -1.53373 1
62 81 1 0.137546 1
62 82 1 -2.01484 1
62 83 1 1.57469 1
62 84 1 -1.94416 0
62 85 1 0.39215 1
62 86 1 4.08642 1
62 87 1 -2.10824 1
62 88 1 0.398642 1
62 89 1 -2.16513 1
62 90 1 -5.89538 1
62 91 1 0.974289 1
62 92 1 -0.948742 1
62 93 1 -0.918748 1
62 94 1 1.07155 1
62 95 1 -0.811372 1
62 5 1 0.898877 1
62 138 1 2.13333 0
62 152 1 0.746436 1
152 138 1 2.01262 1
138 84 1 0.578282 1
63 64 1 2.52546 1
63 65 1 -1.46367 1
63 66 1 3.05118 1
63 67 1 0.606236 1
63 68 1 -0.496794 1
63 69 1 -3.94614 1
63 70 1 -0.716821 1
63 71 1 1.38706 1
63 72 1 -1.43132 1
63 73 1 0.673168 1
63 74 1 -6.61004 1
63 75 1 1.60465 1
63 76 1 -2.74421 0
63 77 1 1.5148 1
63 78 1 -0.0418722 1
63 79 1 0.107663 1
63 80 1 0.301306 1
63 81 1 -0.450181 1
63 82 1 1.54432 1
63 83 1 -3.31497 1
63 84 1 -2.23307 1
63 85 1 -4.02227 1
63 86 1 5.20297 1
63 87 1 -2.69277 0
63 88 1 0.347957 1
63 89 1 -2.33259 1
63 90 1 2.85653 1
63 91 1 -0.948868 1
63 92 1 -0.21162 1
63 93 1 2.50656 1
63 94 1 -2.46401 1
63 95 1 0.0112051 1
63 141 1 1.55914 1
63 144 1 0.542046 1
144 76 1 -1.84261 0
144 147 1 1.21506 1
147 76 1 -2.42843 1
141 87 1 -7.20855 1
141 10 1 -1.12222 1
