154 64 32
2.3862 -0.520019 -7.6019 4.35073 -4.16489 2.09279 1.1682 0.810757 0.162989 3.11969 2.45763 3.46079 -4.27722 -4.0887 -0.0871875 -2.51699 0.498146 1.1594 -1.59259 -1.10311 -1.34473 0.608937 -1.30176 0.658432 -4.62222 -0.219531 3.33116 1.42417 -2.22815 -2.21296 -3.55021 1.57285 0.494915 0.218508 1.39774 2.42131 -3.6969 -0.672917 0.700344 -1.92607 -0.756015 1.14014 -0.824902 -4.80294 -2.88584 -0.998752 -2.63812 2.8244 -0.182314 3.15234 1.19035 -3.51783 -3.94668 -0.601062 -1.20969 4.08492 -1.86306 0.465025 1.17114 -1.28602 2.70254 -1.51593 -0.654188 -3.57231 -4.89053 -0.110084 3.35334 1.77316 -4.22321 1.66138 -3.00499 -1.94192 -3.23846 -3.21221 2.02937 3.62485 -1.64722 0.00213807 0.674296 -4.20783 -0.85612 -0.226697 -2.06101 0.954143 2.43966 0.314787 -2.84617 0.727962 4.20276 0.101867 -1.30203 2.61989 -1.63443 0.141929 0.411451 -1.49722 -1.63836 0.345856 -1.42013 -1.16078 1.99112 -3.42804 -5.50834 -2.7579 -3.34017 0.578442 -1.91633 -2.55442 -1.95331 1.18963 -0.852652 1.30786 1.8205 -3.58953 0.39246 -0.994227 -2.84394 -0.465987 -1.02301 -1.41085 1.13615 -0.139623 0.342392 1.3331 1.22959 3.40159 1.1123 0.285962 0.848855 1.27147 -0.495283 -0.633001 -1.20228 -0.832754 -1.26269 -0.915387 -1.04483 -0.800041 -2.49192 -0.62644 0.04207 0.227283 -1.41008 0.412297 0.56995 0.579431 -0.214336 -0.102044 0.601132 -1.89353 -0.641152 0.507706 -0.0594563 0.0864727 
0 64 1 -5.65281 1
0 65 1 2.12895 1
0 66 1 2.68135 1
0 67 1 0.823884 1
0 68 1 -0.831251 1
0 69 1 1.69149 1
0 70 1 0.748696 1
0 71 1 -0.0994223 1
0 72 1 0.0838243 1
0 73 1 -2.51338 1
0 74 1 -1.91555 1
0 75 1 0.833019 1
0 76 1 2.49773 1
0 77 1 1.24596 1
0 78 1 -2.30984 1
0 79 1 2.45088 1
0 80 1 2.83128 1
0 81 1 2.92192 1
0 82 1 3.61831 1
0 83 1 2.16876 1
0 84 1 -2.79303 1
0 85 1 3.08376 1
0 86 1 -2.1758 1
0 87 1 -0.908114 1
0 88 1 -1.00548 1
0 89 1 1.75172 1
0 90 1 5.3323 1
0 91 1 5.24703 1
0 92 1 -3.41587 1
0 93 1 -1.66095 1
0 94 1 1.6575 1
0 95 1 1.02676 1
0 10 1 -2.35254 1
1 64 1 -1.51786 1
1 65 1 -2.56806 1
1 66 1 1.36558 1
1 67 1 -3.78816 1
1 68 1 5.02865 1
1 69 1 -1.19177 1
1 70 1 2.28459 1
1 71 1 -1.18141 1
1 72 1 -1.49636 1
1 73 1 -2.06811 1
1 74 1 -3.0112 1
1 75 1 3.7532 1
1 76 1 -1.20161 1
1 77 1 5.60543 1
1 78 1 -2.34672 1
1 79 1 -0.20423 1
1 80 1 -3.63056 1
1 81 1 2.15387 1
1 82 1 -0.493655 1
1 83 1 -4.45511 1
1 84 1 -1.03137 1
1 85 1 -1.66307 1
1 86 1 1.93503 1
1 87 1 -1.18888 1
1 88 1 0.0943698 1
1 89 1 3.38823 1
1 90 1 -1.42148 1
1 91 1 -1.60302 1
1 92 1 -1.99333 1
1 93 1 0.581495 1
1 94 1 -1.3895 1
1 95 1 -5.28165 1
1 27 1 0.899616 1
2 64 1 0.0442719 1
2 65 1 0.601864 1
2 66 1 -2.61592 1
2 67 1 -1.36648 1
2 68 1 -1.82335 1
2 69 1 1.82507 1
2 70 1 -1.88377 1
2 71 1 4.56928 1
2 72 1 -1.91931 1
2 73 1 -2.96234 1
2 74 1 -3.66013 1
2 75 1 -0.599911 1
2 76 1 -4.54013 1
2 77 1 -0.349472 1
2 78 1 -1.27782 1
2 79 1 -3.37041 1
2 80 1 -4.48838 1
2 81 1 -3.85604 1
2 82 1 -0.979546 1
2 83 1 -2.86004 1
2 84 1 -0.526968 1
2 85 1 4.23017 1
2 86 1 -0.0927693 1
2 87 1 -0.92281 1
2 88 1 0.19935 1
2 89 1 -3.66641 1
2 90 1 -3.073 1
2 91 1 -1.09513 1
2 92 1 2.18399 1
2 93 1 -3.40769 1
2 94 1 2.78242 1
2 95 1 -0.612811 1
2 100 1 -0.558315 1
2 6 1 4.4202 1
2 110 1 -0.0032001 1
3 64 1 -2.95216 1
3 65 1 -0.72031 1
3 66 1 0.427276 1
3 67 1 1.05324 1
3 68 1 4.7638 1
3 69 1 -3.82536 1
3 70 1 -0.3949 1
3 71 1 0.92431 1
3 72 1 8.12367 1
3 73 1 -0.611483 1
3 74 1 -0.163677 1
3 75 1 1.71281 1
3 76 1 1.12613 1
3 77 1 -0.559954 1
3 78 1 -0.349741 1
3 79 1 -0.0145939 1
3 80 1 -3.24585 1
3 81 1 -1.61998 1
3 82 1 6.7541 1
3 83 1 1.08648 1
3 84 1 0.339745 1
3 85 1 -3.73558 1
3 86 1 -0.40263 1
3 87 1 1.80218 1
3 88 1 -1.68117 1
3 89 1 2.06409 1
3 90 1 0.825687 1
3 91 1 1.66969 1
3 92 1 -0.00845575 1
3 93 1 -2.6778 1
3 94 1 -2.88641 1
3 95 1 1.79579 0
3 110 1 1.47159 1
110 95 1 -1.83863 0
110 111 1 -1.52166 0
110 132 1 1.88801 1
132 111 1 2.65042 1
111 95 1 -2.76733 1
4 64 1 1.74028 1
4 65 1 0.0527825 1
4 66 1 -1.80153 1
4 67 1 3.60425 1
4 68 1 -0.894885 1
4 69 1 2.59535 1
4 70 1 0.180974 1
4 71 1 -0.252829 1
4 72 1 0.667493 1
4 73 1 -0.486714 0
4 74 1 0.38733 1
4 75 1 -5.29373 0
4 76 1 0.828186 1
4 77 1 2.74588 1
4 78 1 0.686861 1
4 79 1 3.45 1
4 80 1 -3.65645 1
4 81 1 0.578237 1
4 82 1 0.673515 1
4 83 1 -2.16423 1
4 84 1 0.444518 1
4 85 1 2.56433 1
4 86 1 2.42464 1
4 87 1 -0.737453 1
4 88 1 -2.52088 1
4 89 1 -0.787554 1
4 90 1 3.54451 1
4 91 1 -5.46058 1
4 92 1 -1.97798 1
4 93 1 -0.0792815 0
4 94 1 -1.84259 1
4 95 1 1.33133 1
4 101 1 2.84696 1
4 17 1 3.57697 1
4 118 1 2.01011 1
4 145 1 1.92858 1
145 93 1 0.818304 1
118 73 1 -2.41208 1
101 75 1 1.10272 1
5 64 1 -2.58902 1
5 65 1 1.62399 1
5 66 1 -1.93228 1
5 67 1 6.19235 1
5 68 1 3.84519 1
5 69 1 3.9851 1
5 70 1 -2.11086 1
5 71 1 -0.604106 1
5 72 1 0.980521 1
5 73 1 -1.29422 1
5 74 1 -1.46783 1
5 75 1 2.11204 1
5 76 1 4.17262 1
5 77 1 0.966238 1
5 78 1 -0.827303 1
5 79 1 0.458915 1
5 80 1 2.7173 1
5 81 1 -1.69467 1
5 82 1 0.861444 1
5 83 1 4.29232 1
5 84 1 0.560423 1
5 85 1 2.65568 1
5 86 1 -3.24896 1
5 87 1 0.821368 1
5 88 1 -1.78048 1
5 89 1 -3.37549 1
5 90 1 -2.05083 1
5 91 1 -0.276026 1
5 92 1 -1.40543 1
5 93 1 1.7272 1
5 94 1 -1.20841 1
5 95 1 0.00476807 1
5 28 1 2.10826 1
6 64 1 0.40346 1
6 65 1 -1.68453 1
6 66 1 2.05518 1
6 67 1 2.49315 1
6 68 1 -4.12992 1
6 69 1 -1.96529 1
6 70 1 -2.47987 1
6 71 1 -0.359784 1
6 72 1 2.14454 1
6 73 1 -3.06146 1
6 74 1 -4.41731 1
6 75 1 1.09928 1
6 76 1 2.91587 1
6 77 1 -0.604155 1
6 78 1 -1.36847 1
6 79 1 -1.45505 1
6 80 1 2.9377 1
6 81 1 -0.915765 1
6 82 1 1.37766 1
6 83 1 1.9079 1
6 84 1 2.04925 1
6 85 1 -2.02166 1
6 86 1 -0.0631858 1
6 87 1 2.76447 1
6 88 1 -3.11361 1
6 89 1 -1.23053 1
6 90 1 4.29456 1
6 91 1 -2.29575 1
6 92 1 3.47045 1
6 93 1 -3.60142 1
6 94 1 -2.91932 1
6 95 1 2.56078 1
6 26 1 1.13622 1
7 64 1 4.11528 1
7 65 1 1.16851 1
7 66 1 -1.59116 1
7 67 1 -4.97339 1
7 68 1 -2.1482 1
7 69 1 -1.25413 1
7 70 1 4.8974 1
7 71 1 1.4116 1
7 72 1 3.05983 1
7 73 1 -0.319981 1
7 74 1 -1.36611 1
7 75 1 -0.561956 1
7 76 1 2.36076 1
7 77 1 -0.223361 1
7 78 1 2.86691 1
7 79 1 2.66799 1
7 80 1 -0.497672 1
7 81 1 2.10459 1
7 82 1 -3.07539 0
7 83 1 2.65648 0
7 84 1 -2.34347 1
7 85 1 3.82538 1
7 86 1 1.19489 1
7 87 1 3.31452 1
7 88 1 -2.66912 1
7 89 1 -2.1365 1
7 90 1 0.345394 1
7 91 1 -2.58164 1
7 92 1 1.73552 1
7 93 1 -2.24738 1
7 94 1 -0.521758 1
7 95 1 3.49169 1
7 100 1 -0.639997 1
7 127 1 0.990941 1
127 82 1 -4.03729 1
100 83 1 2.06375 1
100 24 1 -1.67436 0
100 106 1 3.53514 1
106 24 1 -5.85487 1
106 6 1 -1.2475 1
8 64 1 2.75075 1
8 65 1 -3.14381 1
8 66 1 -0.1793 1
8 67 1 1.77951 1
8 68 1 -1.10215 1
8 69 1 3.42094 1
8 70 1 1.61622 1
8 71 1 2.74976 1
8 72 1 3.56479 1
8 73 1 -1.15597 1
8 74 1 0.831335 1
8 75 1 -2.28904 1
8 76 1 -1.16281 1
8 77 1 3.62832 1
8 78 1 -0.567041 1
8 79 1 -2.49894 1
8 80 1 0.599655 1
8 81 1 -2.03464 1
8 82 1 0.734713 1
8 83 1 -3.57933 1
8 84 1 3.67985 1
8 85 1 8.32334 1
8 86 1 4.9639 1
8 87 1 1.10144 1
8 88 1 -0.166207 1
8 89 1 3.96497 1
8 90 1 -0.225499 1
8 91 1 -0.690551 1
8 92 1 2.65786 1
8 93 1 5.09456 1
8 94 1 5.47783 1
8 95 1 -0.223679 1
8 17 1 -1.50812 1
9 64 1 -3.42491 1
9 65 1 -3.90788 1
9 66 1 1.7132 1
9 67 1 0.950425 1
9 68 1 -0.58149 1
9 69 1 0.789862 1
9 70 1 -5.92903 1
9 71 1 -0.510322 1
9 72 1 3.04322 1
9 73 1 -1.73374 1
9 74 1 0.916253 1
9 75 1 1.43912 1
9 76 1 1.62144 1
9 77 1 -0.554321 1
9 78 1 2.42572 1
9 79 1 1.83313 1
9 80 1 -1.52808 1
9 81 1 -0.0846245 1
9 82 1 -2.57019 1
9 83 1 -0.109733 1
9 84 1 2.93171 1
9 85 1 2.05764 1
9 86 1 -1.99932 1
9 87 1 0.0892445 1
9 88 1 -0.405669 1
9 89 1 5.85034 1
9 90 1 -0.868282 1
9 91 1 0.288241 1
9 92 1 -0.329937 1
9 93 1 -0.18493 1
9 94 1 -3.28752 1
9 95 1 1.00428 1
9 103 1 -1.3786 1
9 130 1 -1.13613 1
10 64 1 0.566331 1
10 65 1 -0.440008 1
10 66 1 6.21998 1
10 67 1 -5.02 1
10 68 1 2.71936 1
10 69 1 -0.361003 1
10 70 1 -1.22021 1
10 71 1 -0.361684 1
10 72 1 5.57817 1
10 73 1 3.59113 1
10 74 1 1.39897 0
10 75 1 0.298559 1
10 76 1 2.43151 1
10 77 1 1.41014 1
10 78 1 -1.07825 1
10 79 1 -4.39698 1
10 80 1 -2.26496 1
10 81 1 3.35245 1
10 82 1 2.40465 1
10 83 1 2.15572 1
10 84 1 4.22284 1
10 85 1 2.71942 1
10 86 1 -1.53271 1
10 87 1 -0.129732 1
10 88 1 3.55781 1
10 89 1 0.692358 1
10 90 1 -0.036632 1
10 91 1 3.70269 1
10 92 1 0.0648927 1
10 93 1 -1.22405 1
10 94 1 4.19663 1
10 95 1 5.53402 1
10 124 1 1.49174 1
124 74 1 0.675998 1
11 64 1 3.22831 1
11 65 1 0.937476 1
11 66 1 2.72698 1
11 67 1 -0.971021 1
11 68 1 5.27506 1
11 69 1 0.348424 1
11 70 1 3.14589 1
11 71 1 2.1964 1
11 72 1 -3.221 1
11 73 1 0.51057 1
11 74 1 -0.566268 0
11 75 1 -0.874051 1
11 76 1 -1.78699 1
11 77 1 -0.604085 1
11 78 1 -0.466707 1
11 79 1 -0.472136 1
11 80 1 -2.94593 1
11 81 1 0.214202 1
11 82 1 6.43084 1
11 83 1 1.84573 1
11 84 1 2.22964 1
11 85 1 -2.54551 1
11 86 1 -3.63142 1
11 87 1 -1.60838 1
11 88 1 -3.87638 1
11 89 1 -0.649517 1
11 90 1 -2.00655 1
11 91 1 -0.674559 1
11 92 1 -2.14729 1
11 93 1 3.00111 1
11 94 1 -1.51635 1
11 95 1 -4.5217 1
11 120 1 -4.88604 1
11 109 1 0.667367 1
120 74 1 -2.41947 1
120 13 1 -0.0242153 0
120 150 1 2.20848 1
150 13 1 -0.325665 1
12 64 1 -1.37603 1
12 65 1 -0.409691 1
12 66 1 -0.972036 1
12 67 1 -2.82126 1
12 68 1 0.809813 1
12 69 1 0.976753 1
12 70 1 -1.00326 1
12 71 1 2.31447 1
12 72 1 2.33484 1
12 73 1 -4.19519 1
12 74 1 -3.52966 1
12 75 1 -2.89256 1
12 76 1 -0.918838 1
12 77 1 1.78085 1
12 78 1 -0.311525 1
12 79 1 -1.18505 1
12 80 1 -2.78478 1
12 81 1 -1.97786 1
12 82 1 2.78566 1
12 83 1 -0.719463 1
12 84 1 0.962653 1
12 85 1 -1.09008 1
12 86 1 -0.769019 1
12 87 1 0.130339 1
12 88 1 -3.90457 1
12 89 1 3.51966 1
12 90 1 -0.708404 1
12 91 1 -1.83637 1
12 92 1 2.31113 1
12 93 1 -2.19451 1
12 94 1 2.57677 1
12 95 1 -2.14398 1
12 17 1 -0.318021 1
12 18 1 0.101784 1
12 144 1 -0.454097 1
13 64 1 0.342132 1
13 65 1 -4.39357 1
13 66 1 -0.674496 1
13 67 1 1.78504 1
13 68 1 1.73742 1
13 69 1 -3.05342 1
13 70 1 0.428627 1
13 71 1 0.899455 1
13 72 1 1.1084 1
13 73 1 -3.6492 1
13 74 1 -2.6565 1
13 75 1 -1.61552 1
13 76 1 -0.647472 1
13 77 1 -1.47681 1
13 78 1 2.39333 1
13 79 1 1.61899 1
13 80 1 1.31375 1
13 81 1 0.131959 1
13 82 1 0.00142635 1
13 83 1 2.40453 1
13 84 1 -2.24536 1
13 85 1 6.44768 1
13 86 1 5.18674 1
13 87 1 6.78924 1
13 88 1 2.91433 1
13 89 1 0.436296 1
13 90 1 -3.8595 1
13 91 1 -3.65081 1
13 92 1 -0.670227 1
13 93 1 -2.76191 1
13 94 1 0.988763 1
13 95 1 -3.97127 1
14 64 1 -2.14882 1
14 65 1 5.88148 1
14 66 1 0.416771 1
14 67 1 -0.593184 1
14 68 1 -1.56807 1
14 69 1 2.74867 1
14 70 1 -1.62307 1
14 71 1 0.490412 1
14 72 1 1.57189 1
14 73 1 -0.130217 1
14 74 1 0.269267 1
14 75 1 2.38948 1
14 76 1 -1.81102 1
14 77 1 2.5083 1
14 78 1 -2.77147 1
14 79 1 -1.31963 1
14 80 1 -1.2397 1
14 81 1 1.84138 0
14 82 1 4.52302 1
14 83 1 -0.554184 1
14 84 1 0.235099 1
14 85 1 -2.09516 1
14 86 1 2.32506 1
14 87 1 -1.80614 1
14 88 1 -0.877088 1
14 89 1 -0.341114 1
14 90 1 0.671142 1
14 91 1 3.84157 1
14 92 1 3.12161 1
14 93 1 0.646435 1
14 94 1 6.20264 1
14 95 1 0.623741 1
14 104 1 -1.77567 1
14 119 1 1.6768 1
119 81 1 4.7606 1
119 99 1 -1.21877 1
15 64 1 -1.3939 1
15 65 1 0.73934 1
15 66 1 -4.25418 1
15 67 1 -1.29876 1
15 68 1 0.303157 1
15 69 1 -1.83604 1
15 70 1 6.98662 1
15 71 1 -0.322286 1
15 72 1 -0.923391 1
15 73 1 -0.217888 1
15 74 1 1.34879 1
15 75 1 -0.916713 1
15 76 1 -0.688747 1
15 77 1 0.267154 1
15 78 1 -2.2066 1
15 79 1 -0.62514 1
15 80 1 1.05918 1
15 81 1 0.419365 1
15 82 1 -3.03438 1
15 83 1 -0.848295 1
15 84 1 2.66261 1
15 85 1 -1.0039 1
15 86 1 2.20213 1
15 87 1 -4.92693 1
15 88 1 -0.0587447 1
15 89 1 2.63315 1
15 90 1 0.405246 1
15 91 1 -4.36645 1
15 92 1 2.04904 1
15 93 1 -1.98 1
15 94 1 1.45743 1
15 95 1 2.08028 1
15 20 1 0.253745 1
16 64 1 3.97431 1
16 65 1 0.12224 1
16 66 1 -3.00548 1
16 67 1 -2.50614 1
16 68 1 1.00242 1
16 69 1 0.0734424 1
16 70 1 1.87505 1
16 71 1 3.39168 1
16 72 1 -0.738956 1
16 73 1 -2.32141 1
16 74 1 -0.174142 1
16 75 1 1.26774 1
16 76 1 0.119935 1
16 77 1 1.53717 1
16 78 1 -1.54044 1
16 79 1 -0.0666459 0
16 80 1 -0.236199 1
16 81 1 2.42916 1
16 82 1 -2.22869 1
16 83 1 2.44054 1
16 84 1 -1.41565 1
16 85 1 -1.74816 1
16 86 1 -1.60033 1
16 87 1 -1.80793 1
16 88 1 0.0964662 1
16 89 1 1.09898 1
16 90 1 -1.16042 1
16 91 1 2.00688 1
16 92 1 4.25716 1
16 93 1 -1.70649 1
16 94 1 -1.42479 1
16 95 1 -3.07812 1
16 26 1 -0.51755 1
16 151 1 1.48272 1
151 79 1 -0.119291 1
17 64 1 -3.09223 1
17 65 1 -0.914908 1
17 66 1 -2.39054 1
17 67 1 4.51463 1
17 68 1 -2.03128 1
17 69 1 0.89519 1
17 70 1 0.444159 1
17 71 1 1.69669 1
17 72 1 -5.69783 0
17 73 1 0.512965 1
17 74 1 4.05794 1
17 75 1 1.27863 1
17 76 1 -1.00633 1
17 77 1 3.22997 1
17 78 1 0.0451412 1
17 79 1 -2.23671 1
17 80 1 5.16222 1
17 81 1 3.25491 1
17 82 1 -0.720033 1
17 83 1 -0.648171 1
17 84 1 -4.08285 1
17 85 1 2.14882 1
17 86 1 0.973936 1
17 87 1 -1.99275 1
17 88 1 -6.49583 1
17 89 1 1.88569 1
17 90 1 -3.95017 1
17 91 1 5.79473 1
17 92 1 0.338208 1
17 93 1 3.83427 1
17 94 1 2.69672 1
17 95 1 1.18295 1
17 146 1 2.30221 1
146 72 1 -4.58154 1
18 64 1 2.17424 1
18 65 1 -1.89213 1
18 66 1 2.06782 1
18 67 1 0.759729 1
18 68 1 0.0886891 1
18 69 1 -0.152651 1
18 70 1 1.85826 1
18 71 1 0.176358 1
18 72 1 2.62182 1
18 73 1 -0.0603011 1
18 74 1 2.26494 1
18 75 1 -0.343457 1
18 76 1 4.80652 1
18 77 1 -1.12429 1
18 78 1 2.39908 1
18 79 1 1.17451 1
18 80 1 -4.25155 1
18 81 1 2.21728 1
18 82 1 -2.95202 1
18 83 1 3.59903 1
18 84 1 -2.38207 1
18 85 1 1.06514 1
18 86 1 5.4787 1
18 87 1 -1.75269 1
18 88 1 0.743868 1
18 89 1 -2.77913 1
18 90 1 0.817493 1
18 91 1 1.59375 1
18 92 1 -2.26993 1
18 93 1 -0.832182 1
18 94 1 -1.50747 1
18 95 1 0.508319 1
18 25 1 -0.239226 1
18 18 1 0.657591 1
18 139 1 -0.347451 1
19 64 1 4.64074 1
19 65 1 -1.88096 1
19 66 1 4.82333 1
19 67 1 -0.730646 1
19 68 1 -3.33839 1
19 69 1 1.47501 1
19 70 1 -0.597614 1
19 71 1 -1.35621 1
19 72 1 2.00191 1
19 73 1 1.72715 1
19 74 1 -0.93905 1
19 75 1 1.01866 1
19 76 1 -2.37323 1
19 77 1 -1.90926 1
19 78 1 -3.4779 1
19 79 1 3.45854 1
19 80 1 1.05467 1
19 81 1 -2.78046 1
19 82 1 -0.457773 1
19 83 1 -4.09235 1
19 84 1 0.498273 1
19 85 1 1.35877 1
19 86 1 0.315764 1
19 87 1 2.87372 1
19 88 1 0.47318 1
19 89 1 4.66177 1
19 90 1 -1.20967 1
19 91 1 -0.768338 1
19 92 1 0.223469 1
19 93 1 -3.431 1
19 94 1 -1.61453 1
19 95 1 -6.20121 1
20 64 1 2.1985 1
20 65 1 -1.17021 1
20 66 1 -2.04864 1
20 67 1 0.835194 1
20 68 1 -1.72228 1
20 69 1 -0.033285 1
20 70 1 -3.82148 1
20 71 1 3.20683 1
20 72 1 3.22449 1
20 73 1 1.4423 1
20 74 1 2.72721 1
20 75 1 2.44593 1
20 76 1 -0.212087 1
20 77 1 -0.318509 1
20 78 1 2.02715 1
20 79 1 2.35521 1
20 80 1 0.994775 1
20 81 1 0.915826 1
20 82 1 2.65135 1
20 83 1 2.44595 1
20 84 1 1.86964 1
20 85 1 -4.48278 1
20 86 1 0.41771 1
20 87 1 -0.0478238 1
20 88 1 1.64445 1
20 89 1 1.08014 1
20 90 1 3.34865 1
20 91 1 0.337748 0
20 92 1 0.479442 1
20 93 1 0.00811612 0
20 94 1 3.31366 0
20 95 1 -1.22863 1
20 96 1 -3.81271 1
20 98 1 -0.870218 1
20 103 1 1.28667 1
20 109 1 0.0216582 1
103 91 1 0.694545 0
103 105 1 1.85023 1
103 112 1 -1.82987 0
103 123 1 -0.277196 1
103 140 1 -1.09086 1
140 112 1 2.32195 1
123 91 1 0.211916 1
123 113 1 0.628313 0
123 136 1 1.22638 1
123 137 1 -0.618754 1
136 113 1 -1.6375 1
105 91 1 2.58042 0
105 129 1 -0.531941 1
129 91 1 -0.675951 0
129 135 1 2.42787 1
129 116 1 1.27286 1
135 91 1 -0.671413 1
98 93 1 -0.940163 1
98 99 1 4.66951 1
98 15 1 0.153299 1
96 94 1 2.14431 1
96 20 1 0.718144 1
21 64 1 2.59953 1
21 65 1 6.24894 1
21 66 1 -2.97089 1
21 67 1 -4.41613 1
21 68 1 -2.20198 1
21 69 1 2.31804 1
21 70 1 -1.04582 1
21 71 1 -3.82553 1
21 72 1 -7.67955 1
21 73 1 -0.780941 1
21 74 1 -1.06965 1
21 75 1 1.46279 1
21 76 1 -1.44186 1
21 77 1 -0.553525 1
21 78 1 -1.60926 1
21 79 1 -0.97663 1
21 80 1 2.38229 1
21 81 1 -2.578 1
21 82 1 -2.25195 1
21 83 1 -0.0982125 1
21 84 1 4.65637 1
21 85 1 -0.414679 1
21 86 1 1.03128 1
21 87 1 -0.874074 1
21 88 1 3.71821 1
21 89 1 -0.211651 1
21 90 1 0.786202 1
21 91 1 1.00228 0
21 92 1 1.47525 1
21 93 1 -0.045667 1
21 94 1 -4.41448 1
21 95 1 -0.244816 1
21 143 1 3.2356 1
143 91 1 -0.610428 1
22 64 1 1.93077 1
22 65 1 0.489683 1
22 66 1 -0.115158 1
22 67 1 4.48038 1
22 68 1 -1.51962 1
22 69 1 -1.83162 1
22 70 1 -2.23015 1
22 71 1 0.487054 1
22 72 1 -4.1481 1
22 73 1 -0.17277 1
22 74 1 -4.20997 1
22 75 1 -1.90001 1
22 76 1 1.7804 1
22 77 1 -0.201113 1
22 78 1 4.07466 1
22 79 1 5.99042 1
22 80 1 -0.370605 1
22 81 1 -1.52478 1
22 82 1 -0.0820758 1
22 83 1 -0.735942 1
22 84 1 -1.8288 1
22 85 1 -0.247636 1
22 86 1 0.62423 1
22 87 1 5.77724 1
22 88 1 -3.03612 1
22 89 1 -0.770033 1
22 90 1 2.7118 1
22 91 1 1.0649 1
22 92 1 1.39691 1
22 93 1 1.59115 1
22 94 1 4.74469 1
22 95 1 2.66888 1
23 64 1 -2.29885 1
23 65 1 1.34297 1
23 66 1 -0.139174 1
23 67 1 1.82592 1
23 68 1 -1.99086 1
23 69 1 1.53969 1
23 70 1 4.7818 1
23 71 1 -3.26251 1
23 72 1 0.162397 1
23 73 1 -0.495246 1
23 74 1 2.1565 1
23 75 1 0.713212 1
23 76 1 2.75969 1
23 77 1 2.93621 1
23 78 1 -0.587061 1
23 79 1 -4.17785 1
23 80 1 1.0402 1
23 81 1 0.951602 1
23 82 1 -3.08626 1
23 83 1 1.88074 1
23 84 1 4.96043 1
23 85 1 -2.43471 1
23 86 1 -8.3938 1
23 87 1 0.666688 1
23 88 1 1.82039 1
23 89 1 -0.336055 1
23 90 1 -2.27498 1
23 91 1 -1.37925 1
23 92 1 0.287231 1
23 93 1 2.50923 1
23 94 1 -2.79367 1
23 95 1 -0.098741 1
23 107 1 1.20897 1
23 27 1 -0.837572 1
24 64 1 -0.964948 1
24 65 1 3.01994 1
24 66 1 -0.762626 1
24 67 1 4.81879 1
24 68 1 -4.67156 1
24 69 1 3.86117 1
24 70 1 -0.340583 1
24 71 1 3.94497 1
24 72 1 1.43611 1
24 73 1 1.51385 1
24 74 1 -0.231345 1
24 75 1 0.632938 1
24 76 1 -1.02799 1
24 77 1 -0.323298 1
24 78 1 -4.28789 1
24 79 1 -2.12042 1
24 80 1 3.47495 1
24 81 1 2.23203 1
24 82 1 0.899328 1
24 83 1 -3.95851 1
24 84 1 -4.60501 1
24 85 1 -0.957721 1
24 86 1 -3.79059 1
24 87 1 2.76941 1
24 88 1 -2.71224 1
24 89 1 6.62745 1
24 90 1 3.04501 1
24 91 1 -3.09525 1
24 92 1 0.0159472 1
24 93 1 0.441975 1
24 94 1 -0.604101 1
24 95 1 -1.56021 1
24 5 1 0.781245 1
25 64 1 0.575637 1
25 65 1 1.37243 1
25 66 1 -0.448874 1
25 67 1 -1.60547 1
25 68 1 2.67598 1
25 69 1 -5.19613 1
25 70 1 0.569889 0
25 71 1 -2.52659 1
25 72 1 1.80509 1
25 73 1 0.632845 1
25 74 1 1.70871 1
25 75 1 -2.15542 1
25 76 1 -0.342731 1
25 77 1 -0.253701 1
25 78 1 2.15017 1
25 79 1 -0.12941 1
25 80 1 -0.794497 1
25 81 1 -3.44248 1
25 82 1 -0.742359 1
25 83 1 4.31742 1
25 84 1 -0.93124 1
25 85 1 -1.1815 1
25 86 1 1.90616 1
25 87 1 2.00117 1
25 88 1 -0.145033 1
25 89 1 1.65358 1
25 90 1 -2.44822 1
25 91 1 1.59633 1
25 92 1 1.70821 1
25 93 1 -1.09497 1
25 94 1 -1.15992 1
25 95 1 -2.76904 1
25 8 1 0.588851 1
25 6 1 -1.31206 1
25 121 1 -1.96474 1
121 70 1 6.46725 1
26 64 1 -2.42852 1
26 65 1 2.83471 1
26 66 1 0.518206 1
26 67 1 1.96458 1
26 68 1 0.671029 1
26 69 1 3.07339 1
26 70 1 -2.84958 1
26 71 1 1.00848 1
26 72 1 -1.79034 1
26 73 1 0.433418 1
26 74 1 -6.11155 1
26 75 1 2.43445 1
26 76 1 0.616133 1
26 77 1 -3.90833 1
26 78 1 3.69008 1
26 79 1 -0.727655 1
26 80 1 -0.0713083 1
26 81 1 3.60928 1
26 82 1 1.24721 1
26 83 1 0.679961 1
26 84 1 -4.26424 1
26 85 1 2.30035 1
26 86 1 -4.33272 1
26 87 1 0.421216 1
26 88 1 -3.46834 1
26 89 1 -0.599748 1
26 90 1 -2.75178 1
26 91 1 -3.66628 1
26 92 1 -0.305112 1
26 93 1 0.861114 1
26 94 1 1.93459 1
26 95 1 -0.559068 1
26 23 1 3.63474 1
26 15 1 3.2695 1
27 64 1 -3.46075 1
27 65 1 3.2915 1
27 66 1 3.50116 1
27 67 1 -1.34162 1
27 68 1 1.27914 1
27 69 1 2.22364 1
27 70 1 3.40064 1
27 71 1 -6.21077 1
27 72 1 -0.844207 1
27 73 1 1.592 1
27 74 1 -2.05145 1
27 75 1 1.60358 1
27 76 1 -3.43021 1
27 77 1 -1.54846 1
27 78 1 -0.736429 1
27 79 1 0.603352 1
27 80 1 -2.23634 1
27 81 1 -1.56757 1
27 82 1 1.72013 1
27 83 1 0.819744 1
27 84 1 0.896623 1
27 85 1 0.405109 1
27 86 1 -1.92225 1
27 87 1 0.788645 1
27 88 1 -4.15871 1
27 89 1 -5.55486 1
27 90 1 3.52003 1
27 91 1 -1.96417 1
27 92 1 -0.582797 1
27 93 1 -0.533186 1
27 94 1 2.04237 1
27 95 1 -1.75202 1
27 9 1 1.39242 1
27 5 1 -2.57047 1
28 64 1 4.18887 1
28 65 1 -0.75341 1
28 66 1 -2.20572 1
28 67 1 4.44545 1
28 68 1 3.70866 1
28 69 1 1.86003 1
28 70 1 0.476924 1
28 71 1 -0.945521 1
28 72 1 -6.18874 1
28 73 1 0.430704 1
28 74 1 -1.6087 1
28 75 1 0.421659 1
28 76 1 0.539119 1
28 77 1 2.22461 1
28 78 1 -2.98387 1
28 79 1 0.812531 1
28 80 1 2.2147 1
28 81 1 -1.41325 1
28 82 1 3.05567 1
28 83 1 2.39744 1
28 84 1 3.17279 1
28 85 1 -6.90487 1
28 86 1 -2.89902 1
28 87 1 -2.31874 1
28 88 1 -3.80594 1
28 89 1 1.3915 1
28 90 1 -3.02814 1
28 91 1 -1.57274 1
28 92 1 2.97158 1
28 93 1 -3.11772 1
28 94 1 4.38783 1
28 95 1 -3.20968 1
29 64 1 -0.586566 1
29 65 1 -1.80959 1
29 66 1 -0.784884 1
29 67 1 1.12247 1
29 68 1 -7.11573 1
29 69 1 1.39581 1
29 70 1 -0.547843 1
29 71 1 -1.29615 1
29 72 1 0.270869 1
29 73 1 -1.01572 1
29 74 1 0.407821 1
29 75 1 0.438395 1
29 76 1 -0.653686 1
29 77 1 1.60929 1
29 78 1 -4.40833 1
29 79 1 -2.85022 1
29 80 1 3.24301 1
29 81 1 1.66719 1
29 82 1 1.65315 1
29 83 1 -0.208897 1
29 84 1 1.8076 1
29 85 1 -1.07243 1
29 86 1 -1.972 1
29 87 1 -4.24963 1
29 88 1 -1.65968 1
29 89 1 -2.12524 1
29 90 1 -1.26477 1
29 91 1 0.181478 1
29 92 1 0.286741 1
29 93 1 1.5034 1
29 94 1 -2.84206 1
29 95 1 -0.281508 1
29 113 1 0.824455 1
30 64 1 -0.48571 1
30 65 1 1.36851 1
30 66 1 3.91101 1
30 67 1 1.01381 1
30 68 1 1.3514 1
30 69 1 2.49678 1
30 70 1 1.31299 1
30 71 1 -3.19757 1
30 72 1 -0.0687363 1
30 73 1 2.81484 1
30 74 1 -0.405651 1
30 75 1 3.57042 1
30 76 1 2.70998 1
30 77 1 -1.05563 1
30 78 1 2.9415 1
30 79 1 3.50375 1
30 80 1 -1.92355 1
30 81 1 -2.71193 1
30 82 1 3.86523 1
30 83 1 4.13059 1
30 84 1 2.1611 1
30 85 1 -2.70585 1
30 86 1 -1.1375 1
30 87 1 -2.63309 1
30 88 1 1.20933 1
30 89 1 -0.630516 1
30 90 1 2.13756 1
30 91 1 5.34274 1
30 92 1 -1.31903 1
30 93 1 1.72136 1
30 94 1 2.42699 1
30 95 1 -0.581987 1
30 28 1 0.140098 1
31 64 1 2.70239 1
31 65 1 -0.365076 1
31 66 1 -3.04069 1
31 67 1 5.5008 1
31 68 1 3.07032 1
31 69 1 0.408327 1
31 70 1 -3.30524 1
31 71 1 1.83871 1
31 72 1 -3.08855 1
31 73 1 -2.90513 1
31 74 1 3.63351 1
31 75 1 1.57755 1
31 76 1 1.69959 1
31 77 1 -0.401874 1
31 78 1 -3.24383 1
31 79 1 1.35421 1
31 80 1 -1.1041 1
31 81 1 -2.77999 1
31 82 1 -1.24686 1
31 83 1 -0.527468 1
31 84 1 -3.1249 1
31 85 1 -3.24607 1
31 86 1 0.391918 1
31 87 1 -3.53043 0
31 88 1 3.74751 1
31 89 1 -0.635281 1
31 90 1 0.144914 1
31 91 1 -2.11083 1
31 92 1 0.422922 1
31 93 1 1.17482 1
31 94 1 0.712875 1
31 95 1 -1.33611 1
31 122 1 1.35806 1
122 87 1 0.980842 1
32 64 1 7.82653 1
32 65 1 1.31873 1
32 66 1 -2.88838 1
32 67 1 1.91989 1
32 68 1 0.85649 1
32 69 1 1.47654 1
32 70 1 -0.0224187 1
32 71 1 3.11911 1
32 72 1 -3.05518 1
32 73 1 1.36042 1
32 74 1 -1.13491 1
32 75 1 2.73724 1
32 76 1 -1.82728 1
32 77 1 3.66002 1
32 78 1 0.229449 1
32 79 1 2.13417 1
32 80 1 -0.32092 1
32 81 1 -2.57402 1
32 82 1 -2.25008 1
32 83 1 -3.34905 1
32 84 1 1.45887 1
32 85 1 -3.67301 1
32 86 1 0.404112 1
32 87 1 -1.13746 1
32 88 1 -1.00184 1
32 89 1 -3.30833 1
32 90 1 1.46 1
32 91 1 -2.69693 1
32 92 1 2.07083 1
32 93 1 0.744747 1
32 94 1 -0.547214 1
32 95 1 -1.75689 1
33 64 1 2.4188 1
33 65 1 -5.2928 1
33 66 1 -0.721977 1
33 67 1 -2.71404 1
33 68 1 -0.561399 1
33 69 1 -2.21161 1
33 70 1 3.69946 1
33 71 1 4.42686 1
33 72 1 1.59991 1
33 73 1 2.5981 1
33 74 1 3.14141 1
33 75 1 -5.99674 1
33 76 1 -1.2797 1
33 77 1 1.74902 1
33 78 1 -3.75992 1
33 79 1 -3.21162 1
33 80 1 1.44518 1
33 81 1 -1.42242 1
33 82 1 0.516128 1
33 83 1 0.955329 1
33 84 1 1.60256 1
33 85 1 1.445 1
33 86 1 2.41936 1
33 87 1 1.74111 1
33 88 1 2.9043 1
33 89 1 4.69339 1
33 90 1 -2.33595 1
33 91 1 0.145282 1
33 92 1 1.53814 1
33 93 1 1.8545 1
33 94 1 0.195844 1
33 95 1 -0.665866 1
33 20 1 -2.46097 1
33 107 1 0.163137 1
33 13 1 -0.0804635 1
34 64 1 0.147335 1
34 65 1 -0.565448 1
34 66 1 2.39604 1
34 67 1 -0.0459487 1
34 68 1 0.757125 1
34 69 1 -0.363884 1
34 70 1 -1.7374 1
34 71 1 -0.658645 1
34 72 1 -1.46073 1
34 73 1 -3.97233 1
34 74 1 1.53606 1
34 75 1 7.03811 1
34 76 1 -1.61175 1
34 77 1 -0.933926 1
34 78 1 -1.73589 1
34 79 1 1.70011 1
34 80 1 2.98915 1
34 81 1 -1.01184 1
34 82 1 0.518103 1
34 83 1 1.41281 1
34 84 1 -0.14629 1
34 85 1 0.00747613 1
34 86 1 -0.349199 1
34 87 1 0.392605 1
34 88 1 1.26716 1
34 89 1 -1.31637 1
34 90 1 -6.34553 1
34 91 1 2.9296 1
34 92 1 1.46028 1
34 93 1 -2.60252 1
34 94 1 2.77769 1
34 95 1 2.35107 1
34 113 1 -0.317683 1
35 64 1 -0.264351 1
35 65 1 -1.25548 1
35 66 1 -0.636409 1
35 67 1 2.78625 1
35 68 1 0.887487 1
35 69 1 3.93932 1
35 70 1 2.57908 1
35 71 1 2.41803 1
35 72 1 2.8047 1
35 73 1 6.90847 1
35 74 1 2.72392 1
35 75 1 -0.208562 1
35 76 1 -3.62893 1
35 77 1 0.680224 1
35 78 1 -1.19056 1
35 79 1 1.19964 1
35 80 1 -7.48958 1
35 81 1 -1.40704 1
35 82 1 2.91784 0
35 83 1 0.306549 1
35 84 1 3.54548 1
35 85 1 -4.70737 1
35 86 1 -1.80265 1
35 87 1 -2.90348 1
35 88 1 -0.537088 1
35 89 1 0.707065 0
35 90 1 -2.07355 1
35 91 1 -1.84576 1
35 92 1 -3.19538 1
35 93 1 -2.35967 1
35 94 1 -1.30168 1
35 95 1 -0.26964 1
35 130 1 0.346092 1
35 133 1 4.00304 1
133 82 1 2.46858 1
130 89 1 1.06314 1
36 64 1 0.243349 1
36 65 1 1.57012 1
36 66 1 -0.675381 1
36 67 1 -0.0108869 1
36 68 1 -5.13747 1
36 69 1 -2.33174 1
36 70 1 -0.838386 1
36 71 1 1.0279 1
36 72 1 -1.16527 1
36 73 1 0.0282945 1
36 74 1 -0.870527 1
36 75 1 0.574578 1
36 76 1 1.28474 1
36 77 1 -4.36562 1
36 78 1 0.131711 1
36 79 1 3.09671 1
36 80 1 1.52103 1
36 81 1 -0.781752 1
36 82 1 -1.28507 0
36 83 1 0.37263 1
36 84 1 3.01289 1
36 85 1 -3.29864 1
36 86 1 1.19771 1
36 87 1 0.222757 1
36 88 1 -0.301668 1
36 89 1 1.43373 1
36 90 1 -3.00516 1
36 91 1 1.7946 1
36 92 1 4.5024 1
36 93 1 0.0377434 1
36 94 1 -2.46214 1
36 95 1 6.00572 1
36 109 1 0.539681 0
36 24 1 -0.792539 1
36 117 1 1.78916 1
117 109 1 0.903243 1
109 82 1 1.03373 1
109 31 1 -0.154744 1
37 64 1 -2.6184 1
37 65 1 2.31601 1
37 66 1 -1.94162 1
37 67 1 -1.0812 1
37 68 1 -4.22235 1
37 69 1 2.70789 1
37 70 1 -3.04598 1
37 71 1 -0.719244 1
37 72 1 2.74279 1
37 73 1 2.56804 1
37 74 1 -0.535103 1
37 75 1 0.606398 1
37 76 1 3.38013 0
37 77 1 3.1819 1
37 78 1 -1.01437 1
37 79 1 0.62757 1
37 80 1 3.53122 1
37 81 1 -0.104423 1
37 82 1 4.64675 1
37 83 1 1.26725 1
37 84 1 -3.62851 1
37 85 1 2.00195 1
37 86 1 -0.919979 1
37 87 1 1.9693 1
37 88 1 -2.48146 1
37 89 1 -2.03803 1
37 90 1 -0.924706 1
37 91 1 1.93712 1
37 92 1 2.59878 1
37 93 1 0.529787 1
37 94 1 -3.41528 1
37 95 1 -0.462268 1
37 142 1 2.12805 1
142 76 1 -1.17856 1
142 147 1 -1.24129 1
38 64 1 0.695707 1
38 65 1 -1.65934 1
38 66 1 -1.21358 1
38 67 1 -0.931231 1
38 68 1 -1.79817 1
38 69 1 -5.22754 1
38 70 1 -0.337181 1
38 71 1 -0.28234 1
38 72 1 0.619849 1
38 73 1 0.479993 1
38 74 1 -1.64821 1
38 75 1 1.28431 1
38 76 1 1.62445 1
38 77 1 -1.32034 1
38 78 1 -1.3865 1
38 79 1 -0.709957 1
38 80 1 -4.66157 1
38 81 1 -1.02292 1
38 82 1 1.79001 1
38 83 1 -1.13989 1
38 84 1 -2.64549 1
38 85 1 -4.82109 1
38 86 1 -0.340676 1
38 87 1 -0.391519 1
38 88 1 1.75896 1
38 89 1 3.03875 1
38 90 1 0.30259 1
38 91 1 1.79202 1
38 92 1 2.3938 0
38 93 1 -2.2016 1
38 94 1 0.258188 1
38 95 1 -2.60972 1
38 148 1 1.34177 1
148 92 1 4.20818 1
39 64 1 1.11137 1
39 65 1 -1.85329 1
39 66 1 3.00822 1
39 67 1 -0.272216 1
39 68 1 1.14215 1
39 69 1 -0.200127 1
39 70 1 1.75173 1
39 71 1 -1.03363 1
39 72 1 -2.31581 1
39 73 1 -4.77214 1
39 74 1 1.37391 1
39 75 1 2.5554 0
39 76 1 3.32261 1
39 77 1 -0.531651 1
39 78 1 -2.65324 1
39 79 1 -3.31533 1
39 80 1 2.1839 1
39 81 1 -3.22057 1
39 82 1 0.585282 1
39 83 1 0.0648535 1
39 84 1 -1.79919 1
39 85 1 -0.211837 1
39 86 1 2.3926 1
39 87 1 2.1644 1
39 88 1 -2.0961 1
39 89 1 0.276695 1
39 90 1 3.74764 1
39 91 1 -1.10619 1
39 92 1 4.19717 1
39 93 1 0.837114 1
39 94 1 -4.35422 1
39 95 1 -1.18231 1
39 2 1 -4.5791 1
39 112 1 3.47936 1
39 13 1 -0.159339 1
39 104 1 -0.03651 1
112 75 1 -2.0538 1
112 138 1 -1.30737 1
40 64 1 -5.43 1
40 65 1 -1.06455 1
40 66 1 1.95845 1
40 67 1 0.564 1
40 68 1 2.03552 1
40 69 1 2.39441 1
40 70 1 -1.79693 1
40 71 1 0.423822 1
40 72 1 3.09419 1
40 73 1 1.40088 1
40 74 1 -2.54267 1
40 75 1 0.850817 1
40 76 1 -1.1468 1
40 77 1 2.94891 1
40 78 1 2.08441 1
40 79 1 -1.33274 1
40 80 1 -1.42028 1
40 81 1 0.25484 1
40 82 1 0.796352 1
40 83 1 -2.65125 1
40 84 1 -0.16588 1
40 85 1 2.36661 1
40 86 1 3.03421 1
40 87 1 1.69068 1
40 88 1 1.244 1
40 89 1 -0.222209 1
40 90 1 -2.02987 1
40 91 1 -1.95071 1
40 92 1 -2.76319 1
40 93 1 2.13469 1
40 94 1 0.00745431 1
40 95 1 1.86534 1
40 2 1 -0.70055 1
40 134 1 0.880514 1
41 64 1 5.42584 1
41 65 1 -1.20728 1
41 66 1 0.643656 1
41 67 1 1.02531 1
41 68 1 2.4127 1
41 69 1 0.07063 1
41 70 1 1.38564 1
41 71 1 0.489756 1
41 72 1 3.73883 1
41 73 1 -5.20775 1
41 74 1 -0.147999 1
41 75 1 2.39683 1
41 76 1 -3.47268 1
41 77 1 -1.37905 1
41 78 1 -2.72414 1
41 79 1 0.901659 1
41 80 1 1.1903 1
41 81 1 3.3524 1
41 82 1 -2.20181 1
41 83 1 1.74508 1
41 84 1 -3.38781 1
41 85 1 -0.389436 1
41 86 1 0.747965 1
41 87 1 0.862288 1
41 88 1 3.00642 1
41 89 1 -3.43499 1
41 90 1 -2.70888 1
41 91 1 -0.24826 1
41 92 1 1.05036 1
41 93 1 -1.02818 1
41 94 1 -1.41125 1
41 95 1 0.120555 1
41 11 1 3.50266 1
41 29 1 -1.03622 1
41 97 1 -1.37231 1
42 64 1 1.3639 1
42 65 1 -0.0544727 1
42 66 1 -0.190631 1
42 67 1 0.138059 1
42 68 1 -1.98569 1
42 69 1 -0.696614 1
42 70 1 -1.07411 1
42 71 1 -2.07303 1
42 72 1 -0.852928 1
42 73 1 -2.78981 1
42 74 1 2.47613 1
42 75 1 -1.13062 1
42 76 1 -2.59854 1
42 77 1 -0.0398174 1
42 78 1 -1.63154 1
42 79 1 0.789809 1
42 80 1 -0.986078 1
42 81 1 2.10742 1
42 82 1 2.19 1
42 83 1 3.7353 1
42 84 1 1.72175 1
42 85 1 0.00389823 1
42 86 1 1.19459 1
42 87 1 -2.66832 1
42 88 1 -0.89677 1
42 89 1 -1.24858 1
42 90 1 2.30767 1
42 91 1 2.69645 1
42 92 1 -1.66778 1
42 93 1 2.53001 1
42 94 1 -2.06773 1
42 95 1 2.27498 1
43 64 1 3.05328 1
43 65 1 -3.54687 1
43 66 1 2.588 1
43 67 1 1.91157 1
43 68 1 -0.0466923 1
43 69 1 -1.56308 1
43 70 1 1.02508 1
43 71 1 -2.98197 1
43 72 1 -1.08705 1
43 73 1 -7.49917 1
43 74 1 2.01281 1
43 75 1 -2.19603 1
43 76 1 -0.255207 1
43 77 1 0.931261 1
43 78 1 0.543192 1
43 79 1 -2.68937 1
43 80 1 -0.405905 1
43 81 1 1.56088 1
43 82 1 1.94836 1
43 83 1 -0.932162 1
43 84 1 -0.138912 1
43 85 1 3.70831 1
43 86 1 1.12737 1
43 87 1 4.10833 1
43 88 1 0.11795 1
43 89 1 3.64598 1
43 90 1 -0.152882 1
43 91 1 -3.90043 1
43 92 1 3.62373 1
43 93 1 2.08527 1
43 94 1 -3.89328 1
43 95 1 1.90486 1
44 64 1 0.846839 1
44 65 1 -3.09246 1
44 66 1 0.700206 1
44 67 1 -3.01486 1
44 68 1 -0.174533 1
44 69 1 -0.633998 1
44 70 1 3.28919 1
44 71 1 1.68301 1
44 72 1 -2.12585 1
44 73 1 0.43501 1
44 74 1 -2.57647 1
44 75 1 -3.13429 1
44 76 1 -0.0672934 1
44 77 1 1.86515 1
44 78 1 2.2696 1
44 79 1 0.828434 1
44 80 1 4.9091 1
44 81 1 -2.20014 1
44 82 1 0.944034 1
44 83 1 -1.66444 1
44 84 1 0.136236 1
44 85 1 0.230234 1
44 86 1 0.999135 1
44 87 1 1.69321 1
44 88 1 0.730237 1
44 89 1 1.14002 1
44 90 1 -0.279965 1
44 91 1 -0.471643 1
44 92 1 -0.539978 1
44 93 1 3.17315 1
44 94 1 -2.25448 1
44 95 1 -1.06154 1
44 8 1 -0.420096 1
44 29 1 1.51303 1
45 64 1 -0.784408 1
45 65 1 2.5975 1
45 66 1 -0.00178176 1
45 67 1 1.8179 1
45 68 1 -1.50183 1
45 69 1 -7.42824 1
45 70 1 -4.1009 1
45 71 1 0.757569 1
45 72 1 -5.16627 1
45 73 1 3.48013 1
45 74 1 3.61434 1
45 75 1 3.92601 1
45 76 1 -0.480038 1
45 77 1 0.0328163 1
45 78 1 -2.28797 1
45 79 1 2.63765 1
45 80 1 -2.55978 1
45 81 1 0.531575 1
45 82 1 -1.32471 1
45 83 1 -3.28399 1
45 84 1 2.91912 1
45 85 1 -3.69454 1
45 86 1 1.74318 1
45 87 1 0.362774 1
45 88 1 0.0490838 1
45 89 1 -4.07289 1
45 90 1 0.659563 1
45 91 1 4.39161 1
45 92 1 -3.34467 1
45 93 1 -6.54334 1
45 94 1 2.14037 1
45 95 1 -3.6793 1
45 9 1 3.52043 1
45 20 1 -0.436677 1
46 64 1 -0.911086 1
46 65 1 -1.12688 1
46 66 1 2.72106 1
46 67 1 2.65707 1
46 68 1 -5.96516 1
46 69 1 -1.17978 1
46 70 1 1.32622 1
46 71 1 -1.6913 1
46 72 1 2.04461 1
46 73 1 -2.7905 1
46 74 1 -1.13829 1
46 75 1 2.4687 1
46 76 1 -4.48884 1
46 77 1 2.1808 1
46 78 1 -1.82383 1
46 79 1 0.184233 1
46 80 1 3.27702 1
46 81 1 0.127571 1
46 82 1 0.169046 1
46 83 1 1.25598 1
46 84 1 -0.630674 1
46 85 1 2.44786 1
46 86 1 -0.223835 1
46 87 1 2.90617 1
46 88 1 -1.34548 1
46 89 1 -3.21904 1
46 90 1 -3.0383 1
46 91 1 0.912168 1
46 92 1 1.67536 1
46 93 1 -1.98663 1
46 94 1 -1.51338 1
46 95 1 -0.77084 1
46 24 1 1.48844 1
47 64 1 -0.938483 1
47 65 1 -0.333518 1
47 66 1 -2.72625 1
47 67 1 5.59836 1
47 68 1 -1.26327 1
47 69 1 2.43567 1
47 70 1 -2.25185 1
47 71 1 0.211333 1
47 72 1 0.703435 1
47 73 1 5.21387 0
47 74 1 -1.51761 1
47 75 1 -1.58656 1
47 76 1 -2.14137 1
47 77 1 -7.58819 1
47 78 1 -2.03247 1
47 79 1 1.71301 1
47 80 1 3.80907 1
47 81 1 -5.93751 1
47 82 1 0.720574 1
47 83 1 -0.0590472 1
47 84 1 -3.04745 1
47 85 1 0.136127 1
47 86 1 -3.30956 1
47 87 1 4.53119 1
47 88 1 1.7224 1
47 89 1 1.11712 1
47 90 1 6.82294 1
47 91 1 1.18515 1
47 92 1 -1.35328 1
47 93 1 0.794186 1
47 94 1 1.12032 1
47 95 1 -1.62185 1
47 4 1 0.207563 1
47 137 1 1.14636 1
137 73 1 3.8193 1
48 64 1 -0.685673 1
48 65 1 -0.117314 1
48 66 1 0.594421 1
48 67 1 -1.00143 1
48 68 1 -5.86698 1
48 69 1 -4.15174 1
48 70 1 0.191207 1
48 71 1 0.0577464 1
48 72 1 -3.34535 1
48 73 1 3.05436 1
48 74 1 5.432 1
48 75 1 -4.84254 1
48 76 1 1.17375 1
48 77 1 -3.59469 1
48 78 1 -0.724288 1
48 79 1 2.50035 1
48 80 1 -0.260168 1
48 81 1 -2.46691 1
48 82 1 1.47175 1
48 83 1 0.593156 1
48 84 1 1.03412 1
48 85 1 1.14713 1
48 86 1 -1.33457 1
48 87 1 -1.01253 1
48 88 1 -2.19612 1
48 89 1 0.12352 1
48 90 1 2.18877 1
48 91 1 1.09339 1
48 92 1 -5.3899 1
48 93 1 0.330653 1
48 94 1 3.65427 1
48 95 1 2.85091 1
48 16 1 1.49149 1
48 12 1 -0.108432 1
48 14 1 -3.12106 1
49 64 1 0.810679 1
49 65 1 -1.91859 1
49 66 1 0.816929 1
49 67 1 -1.0764 1
49 68 1 -2.17289 1
49 69 1 0.535559 1
49 70 1 1.29564 1
49 71 1 -4.32184 1
49 72 1 -0.0105601 1
49 73 1 0.0324738 1
49 74 1 3.10282 1
49 75 1 2.68817 1
49 76 1 -6.35517 1
49 77 1 -3.16239 1
49 78 1 -1.10214 1
49 79 1 1.58101 1
49 80 1 4.84861 1
49 81 1 -4.08153 1
49 82 1 1.20562 1
49 83 1 -2.02701 1
49 84 1 2.52614 1
49 85 1 -2.39892 1
49 86 1 -0.177252 1
49 87 1 -0.635827 1
49 88 1 -0.80666 1
49 89 1 1.02486 1
49 90 1 -0.871584 1
49 91 1 1.19712 1
49 92 1 2.0861 1
49 93 1 -0.46118 1
49 94 1 1.39272 1
49 95 1 4.06301 1
49 19 1 -1.44389 1
49 31 1 -1.79514 1
49 15 1 -0.0654028 1
50 64 1 -4.9406 1
50 65 1 -2.74691 1
50 66 1 1.97405 1
50 67 1 -0.868065 1
50 68 1 2.63518 1
50 69 1 -1.05113 1
50 70 1 0.829019 1
50 71 1 6.47607 1
50 72 1 -1.35059 1
50 73 1 5.1181 1
50 74 1 -3.0209 1
50 75 1 1.29226 1
50 76 1 -0.624639 1
50 77 1 0.611476 1
50 78 1 2.38134 1
50 79 1 -1.97611 1
50 80 1 1.55134 1
50 81 1 0.773513 1
50 82 1 -0.502254 1
50 83 1 3.07937 1
50 84 1 -1.35213 1
50 85 1 0.314022 1
50 86 1 2.69626 1
50 87 1 -2.78885 1
50 88 1 -3.3118 1
50 89 1 0.116821 1
50 90 1 0.411997 1
50 91 1 0.139816 1
50 92 1 -0.423842 1
50 93 1 -0.434254 1
50 94 1 -3.18679 1
50 95 1 1.50964 1
50 4 1 5.90846 1
50 22 1 -0.901849 1
51 64 1 -1.68718 1
51 65 1 3.1866 1
51 66 1 3.35565 1
51 67 1 -1.42146 1
51 68 1 -0.503017 1
51 69 1 -1.89031 1
51 70 1 2.30447 1
51 71 1 3.25133 1
51 72 1 -4.48799 1
51 73 1 -3.1856 0
51 74 1 -2.08072 1
51 75 1 5.05433 1
51 76 1 -2.01662 1
51 77 1 2.49669 1
51 78 1 3.99983 1
51 79 1 1.28466 1
51 80 1 0.900688 1
51 81 1 -2.97805 1
51 82 1 0.0435797 1
51 83 1 3.81083 1
51 84 1 -2.39996 1
51 85 1 -2.6074 1
51 86 1 0.460275 1
51 87 1 0.988366 1
51 88 1 1.20879 1
51 89 1 1.02824 1
51 90 1 3.01517 1
51 91 1 0.789943 1
51 92 1 2.7107 1
51 93 1 4.30424 1
51 94 1 -5.22203 1
51 95 1 -2.36976 1
51 116 1 0.581881 1
51 12 1 -0.699759 1
116 73 1 -0.660567 0
116 134 1 0.82738 1
134 73 1 1.75466 1
52 64 1 -2.64421 1
52 65 1 4.0088 1
52 66 1 0.542134 1
52 67 1 0.275441 1
52 68 1 1.17388 1
52 69 1 5.56984 1
52 70 1 2.65219 1
52 71 1 -1.50239 1
52 72 1 -1.18997 1
52 73 1 3.50862 1
52 74 1 2.55565 1
52 75 1 0.88246 1
52 76 1 -3.31345 1
52 77 1 0.439665 1
52 78 1 2.7819 1
52 79 1 1.22206 1
52 80 1 -0.287539 1
52 81 1 0.407625 1
52 82 1 -1.73742 1
52 83 1 -3.20586 1
52 84 1 0.625427 1
52 85 1 -1.66435 1
52 86 1 -3.43973 1
52 87 1 0.0403555 1
52 88 1 2.83822 1
52 89 1 -2.16512 1
52 90 1 -0.356689 1
52 91 1 -0.511214 1
52 92 1 0.735583 1
52 93 1 -2.45453 0
52 94 1 1.76502 1
52 95 1 -0.393289 1
52 115 1 -0.432034 1
52 139 1 -0.648131 1
139 93 1 -2.14237 1
53 64 1 -2.62159 1
53 65 1 0.0644051 1
53 66 1 -0.346532 1
53 67 1 -0.889195 1
53 68 1 2.1671 1
53 69 1 0.864047 1
53 70 1 -1.03655 0
53 71 1 0.505048 1
53 72 1 -0.968194 1
53 73 1 0.170054 1
53 74 1 -1.33784 1
53 75 1 -2.65639 1
53 76 1 -0.000264903 1
53 77 1 2.79856 1
53 78 1 0.0863571 1
53 79 1 -0.766976 1
53 80 1 1.64116 1
53 81 1 1.37822 1
53 82 1 1.74577 1
53 83 1 0.552521 1
53 84 1 1.51122 1
53 85 1 0.60261 1
53 86 1 3.07786 1
53 87 1 0.648123 1
53 88 1 -0.414175 1
53 89 1 -0.636478 1
53 90 1 -2.92669 1
53 91 1 0.512806 1
53 92 1 2.78337 1
53 93 1 0.18837 1
53 94 1 0.538408 1
53 95 1 -2.61843 1
53 20 1 4.39428 1
53 23 1 1.00614 1
53 149 1 1.08679 1
149 70 1 -2.10976 0
149 153 1 1.05179 1
153 70 1 -2.11606 1
54 64 1 2.35117 1
54 65 1 -1.1938 1
54 66 1 -2.74397 1
54 67 1 0.205994 1
54 68 1 3.25935 1
54 69 1 -3.1327 1
54 70 1 0.15661 1
54 71 1 3.86572 1
54 72 1 0.833871 1
54 73 1 1.08458 1
54 74 1 -0.274789 1
54 75 1 -2.47774 1
54 76 1 -1.38478 1
54 77 1 3.22794 1
54 78 1 0.08212 1
54 79 1 0.967841 1
54 80 1 0.104844 1
54 81 1 3.44768 1
54 82 1 -2.83122 1
54 83 1 6.17719 1
54 84 1 1.51999 1
54 85 1 -0.850538 1
54 86 1 -3.97136 1
54 87 1 -0.889059 1
54 88 1 2.46227 1
54 89 1 3.13891 1
54 90 1 -3.09156 1
54 91 1 3.4344 1
54 92 1 -1.15118 1
54 93 1 1.58434 1
54 94 1 -3.92992 1
54 95 1 -3.41419 1
54 30 1 -0.799734 1
54 144 1 0.772931 1
55 64 1 0.625108 1
55 65 1 -3.29078 1
55 66 1 -2.75437 1
55 67 1 -1.47947 1
55 68 1 -2.52828 1
55 69 1 2.67361 1
55 70 1 2.38421 1
55 71 1 -5.53049 1
55 72 1 2.12751 1
55 73 1 0.487833 1
55 74 1 2.15629 1
55 75 1 -2.53519 1
55 76 1 -4.38743 1
55 77 1 2.19919 1
55 78 1 0.586333 1
55 79 1 1.87036 1
55 80 1 -1.45044 1
55 81 1 1.70371 1
55 82 1 -1.11116 1
55 83 1 -0.478305 1
55 84 1 -0.125809 1
55 85 1 -5.99585 1
55 86 1 1.30843 1
55 87 1 1.41868 1
55 88 1 -3.01476 1
55 89 1 -0.574056 1
55 90 1 1.1251 1
55 91 1 1.1432 1
55 92 1 6.19037 1
55 93 1 -4.30557 1
55 94 1 -3.89248 1
55 95 1 -1.36666 0
55 28 1 4.58542 1
55 114 1 1.06764 1
55 0 1 -1.00056 1
114 95 1 -1.88508 1
56 64 1 2.60031 1
56 65 1 -4.26137 1
56 66 1 0.970186 1
56 67 1 -1.84978 1
56 68 1 -0.528248 0
56 69 1 -1.26863 1
56 70 1 -0.31309 1
56 71 1 1.50642 1
56 72 1 -0.547779 1
56 73 1 -1.13828 1
56 74 1 3.96905 1
56 75 1 4.34992 1
56 76 1 -4.2855 1
56 77 1 -0.574764 1
56 78 1 -2.42281 1
56 79 1 0.234265 1
56 80 1 -1.29451 1
56 81 1 3.57938 1
56 82 1 2.65836 1
56 83 1 -1.86683 1
56 84 1 -1.08929 1
56 85 1 -1.41596 1
56 86 1 1.86424 1
56 87 1 -1.74525 1
56 88 1 0.138332 1
56 89 1 -1.95329 1
56 90 1 -1.14038 1
56 91 1 -1.83476 1
56 92 1 1.96086 1
56 93 1 4.87778 1
56 94 1 -2.13091 1
56 95 1 -0.177083 1
56 3 1 -2.7026 1
56 126 1 3.69395 1
126 68 1 0.70307 1
126 11 1 -2.09056 1
57 64 1 -4.24384 1
57 65 1 3.52662 1
57 66 1 -1.50037 1
57 67 1 -1.46038 1
57 68 1 2.91648 1
57 69 1 -0.318805 0
57 70 1 0.884769 1
57 71 1 2.57277 1
57 72 1 0.793979 1
57 73 1 -1.40848 1
57 74 1 2.50672 1
57 75 1 3.04291 1
57 76 1 2.0462 1
57 77 1 -5.04567 1
57 78 1 -1.37628 1
57 79 1 -2.41285 1
57 80 1 1.68331 1
57 81 1 3.60077 1
57 82 1 3.7469 1
57 83 1 -3.09822 1
57 84 1 -0.647002 1
57 85 1 -2.60112 1
57 86 1 -1.05299 1
57 87 1 1.59887 1
57 88 1 -0.679222 1
57 89 1 -0.159037 1
57 90 1 0.262899 1
57 91 1 -1.65481 1
57 92 1 -2.26154 1
57 93 1 -0.0028497 1
57 94 1 -1.45108 1
57 95 1 3.88991 1
57 104 1 3.64154 1
57 22 1 0.681868 1
104 69 1 2.2117 1
104 1 1 -0.481955 1
104 107 1 0.0947271 1
58 64 1 3.22465 1
58 65 1 -1.53819 1
58 66 1 -1.79655 1
58 67 1 -1.04465 1
58 68 1 -2.00181 1
58 69 1 -0.192245 1
58 70 1 -1.67889 1
58 71 1 1.12122 1
58 72 1 -0.46278 1
58 73 1 -3.03534 1
58 74 1 1.86286 1
58 75 1 3.7493 1
58 76 1 3.33103 1
58 77 1 1.86559 1
58 78 1 -1.05028 1
58 79 1 0.203509 0
58 80 1 -4.04066 1
58 81 1 3.84544 1
58 82 1 0.355653 1
58 83 1 0.0515341 1
58 84 1 -1.99401 1
58 85 1 1.09996 1
58 86 1 1.97092 1
58 87 1 -1.79835 1
58 88 1 -2.16969 1
58 89 1 -1.06909 1
58 90 1 -1.95448 1
58 91 1 -3.6087 1
58 92 1 -0.168437 1
58 93 1 1.89059 1
58 94 1 -1.73632 1
58 95 1 2.46295 1
58 128 1 1.56802 1
128 79 1 0.501759 0
128 131 1 -0.584544 1
131 79 1 0.818052 1
59 64 1 -1.77047 1
59 65 1 1.53734 1
59 66 1 2.07359 1
59 67 1 -2.19992 1
59 68 1 1.35941 1
59 69 1 -1.73448 1
59 70 1 -1.38242 1
59 71 1 1.50461 1
59 72 1 -0.384789 1
59 73 1 -0.789464 1
59 74 1 -0.0481668 1
59 75 1 -1.35809 1
59 76 1 2.37634 1
59 77 1 0.868923 0
59 78 1 1.47677 1
59 79 1 -2.045 1
59 80 1 -0.498618 1
59 81 1 1.74319 1
59 82 1 -4.99824 1
59 83 1 3.11681 1
59 84 1 0.390883 1
59 85 1 -2.79368 1
59 86 1 -3.07662 1
59 87 1 1.44654 1
59 88 1 4.23649 1
59 89 1 -0.580338 1
59 90 1 1.37904 1
59 91 1 -2.16463 1
59 92 1 2.4337 1
59 93 1 2.61355 1
59 94 1 -5.74122 1
59 95 1 2.0857 1
59 97 1 1.73834 1
59 5 1 -2.88449 1
59 11 1 -1.21523 1
59 13 1 1.0024 1
97 77 1 -6.46444 1
97 22 1 -1.69628 1
97 2 1 -5.36332 0
97 99 1 2.68371 1
97 7 1 3.54229 0
97 102 1 1.66525 1
97 17 1 1.96951 1
102 7 1 4.74862 1
99 2 1 1.72426 0
99 108 1 4.83871 1
99 15 1 0.0045556 1
108 2 1 -0.920374 0
108 125 1 4.3554 1
125 2 1 0.270432 1
60 64 1 3.10284 1
60 65 1 1.06162 1
60 66 1 1.34466 1
60 67 1 -0.575942 1
60 68 1 0.612275 1
60 69 1 1.74508 1
60 70 1 -3.00343 1
60 71 1 0.87771 1
60 72 1 0.365339 0
60 73 1 1.23914 1
60 74 1 1.32928 1
60 75 1 -0.53687 1
60 76 1 -0.301843 1
60 77 1 3.95945 1
60 78 1 -2.45903 1
60 79 1 -0.0810503 1
60 80 1 -5.1545 1
60 81 1 -2.21257 1
60 82 1 -1.25255 1
60 83 1 0.0764252 1
60 84 1 -3.29343 1
60 85 1 4.12874 1
60 86 1 1.90504 1
60 87 1 -0.741724 1
60 88 1 -4.45449 1
60 89 1 0.0530221 1
60 90 1 -2.23786 1
60 91 1 0.207353 1
60 92 1 -0.946955 1
60 93 1 2.83454 1
60 94 1 -0.922655 1
60 95 1 0.768738 1
60 24 1 -2.58008 1
60 0 1 3.36799 1
60 115 1 2.74184 1
60 3 1 -0.162134 1
115 72 1 -1.45085 1
115 18 1 0.693637 1
61 64 1 -0.147257 1
61 65 1 -0.0898301 1
61 66 1 2.47746 1
61 67 1 0.440974 1
61 68 1 -3.10796 1
61 69 1 3.48075 1
61 70 1 0.891587 1
61 71 1 -0.828298 1
61 72 1 -1.07392 1
61 73 1 0.565771 1
61 74 1 2.7417 1
61 75 1 3.03833 1
61 76 1 1.33214 1
61 77 1 0.34211 0
61 78 1 -0.339362 1
61 79 1 -0.272076 1
61 80 1 -0.738649 1
61 81 1 -0.818716 1
61 82 1 0.132296 1
61 83 1 0.471669 1
61 84 1 -3.13049 1
61 85 1 -1.35253 1
61 86 1 0.161068 1
61 87 1 2.22511 1
61 88 1 0.0542023 1
61 89 1 0.478002 1
61 90 1 -0.894484 1
61 91 1 1.63936 1
61 92 1 -1.10887 1
61 93 1 -1.59399 1
61 94 1 0.245505 1
61 95 1 -1.34576 1
61 107 1 0.357131 1
61 113 1 -1.70677 1
61 14 1 -2.93801 1
107 77 1 -5.96301 0
107 113 1 0.091368 1
107 14 1 -1.10661 1
113 77 1 -1.83759 1
113 23 1 -1.651 1
113 147 1 0.370011 1
62 64 1 -0.0307876 1
62 65 1 -2.26793 1
62 66 1 2.5751 1
62 67 1 -1.48306 1
62 68 1 1.86019 1
62 69 1 -1.03485 1
62 70 1 2.32401 1
62 71 1 -2.05534 1
62 72 1 0.963483 1
62 73 1 2.19237 1
62 74 1 4.49009 1
62 75 1 -0.482773 1
62 76 1 4.38798 1
62 77 1 -3.84651 1
62 78 1 -1.24305 1
62 79 1 -2.05289 1
62 80 1 -1.64339 1
62 81 1 0.192844 1
62 82 1 -2.03396 1
62 83 1 1.59978 1
62 84 1 -1.91774 0
62 85 1 0.298725 1
62 86 1 4.14906 1
62 87 1 -2.14467 1
62 88 1 0.213956 1
62 89 1 -2.22082 1
62 90 1 -5.96739 1
62 91 1 0.981575 1
62 92 1 -0.821092 1
62 93 1 -0.927303 1
62 94 1 1.23586 1
62 95 1 -0.78176 1
62 5 1 0.843165 1
62 138 1 2.1435 0
62 152 1 0.889801 1
152 138 1 2.12787 1
138 84 1 0.188232 1
63 64 1 2.53553 1
63 65 1 -1.43301 1
63 66 1 3.0005 1
63 67 1 0.385837 1
63 68 1 -0.81397 1
63 69 1 -4.48844 1
63 70 1 -0.9492 1
63 71 1 1.36095 1
63 72 1 -1.12245 1
63 73 1 0.554923 1
63 74 1 -6.74284 1
63 75 1 2.00903 1
63 76 1 -2.88913 0
63 77 1 1.42178 1
63 78 1 0.365417 1
63 79 1 0.325606 1
63 80 1 0.415048 1
63 81 1 -0.627821 1
63 82 1 1.47169 1
63 83 1 -3.18579 1
63 84 1 -1.66519 1
63 85 1 -3.5593 1
63 86 1 4.89433 1
63 87 1 -2.88218 0
63 88 1 0.157796 1
63 89 1 -2.50748 1
63 90 1 2.91545 1
63 91 1 -0.94256 1
63 92 1 -0.125937 1
63 93 1 2.62813 1
63 94 1 -2.64003 1
63 95 1 -0.0268719 1
63 141 1 1.88824 1
63 144 1 0.482786 1
144 76 1 -1.72079 0
144 147 1 1.49484 1
147 76 1 -2.5755 1
141 87 1 -7.48267 1
141 10 1 -1.23198 1
