154 64 32
2.70401 -0.633814 -7.57674 4.35167 -4.24691 1.86246 0.95202 1.17674 0.42482 2.80252 2.25066 3.7588 -4.48015 -3.95775 -0.406746 -2.25428 0.518947 1.03463 -1.81307 -1.459 -1.47678 0.50607 -1.15282 1.07623 -4.43357 -0.156219 3.49171 1.29168 -2.22733 -2.39022 -3.58878 1.852 0.351898 0.10721 1.36765 2.08957 -3.27179 0.142517 0.714602 -2.07072 -0.838254 1.24112 -1.00855 -4.82667 -2.78147 -1.08628 -3.09696 3.05945 -0.600407 3.0058 0.864038 -3.64341 -4.1879 -0.523379 -1.13683 4.08712 -2.17882 0.616946 0.979018 -1.45952 3.27564 -1.51089 -0.443692 -3.29273 -5.13395 -0.111473 3.12881 1.85581 -4.2029 1.72851 -2.71485 -2.08289 -3.38895 -3.22861 2.07208 3.81455 -1.454 -0.225796 0.813794 -4.40569 -0.956969 -0.0646468 -1.95834 0.865374 2.12493 0.0744285 -3.18619 0.52767 4.29499 -0.0380797 -1.51947 2.904 -1.57227 0.112076 0.257318 -1.27644 -1.93328 0.488364 -1.80154 -1.28106 2.45322 -3.35785 -5.73495 -3.08199 -3.13426 0.707551 -1.79754 -2.44882 -2.16009 1.52062 -0.988282 1.07043 1.89835 -3.64022 0.1815 -0.766223 -2.82534 -0.0961158 -0.973741 -1.31237 0.953135 -0.200438 0.26826 0.952205 1.20136 4.03116 0.974523 0.512666 1.11747 1.38567 -0.529313 -0.634136 -0.948406 -1.01213 -1.36891 -1.10712 -0.88416 -0.876864 -2.63731 -0.459417 0.0912362 0.320094 -1.29532 0.521461 0.546135 0.315573 0.0433797 0.280112 0.52535 -2.06103 -0.426408 0.630814 -0.127616 -0.0482529 
0 64 1 -5.22971 1
0 65 1 2.34545 1
0 66 1 2.89823 1
0 67 1 0.870717 1
0 68 1 -1.08011 1
0 69 1 1.67344 1
0 70 1 0.458728 1
0 71 1 -0.304496 1
0 72 1 0.126634 1
0 73 1 -2.21764 1
0 74 1 -2.63155 1
0 75 1 0.754788 1
0 76 1 2.85461 1
0 77 1 1.21759 1
0 78 1 -2.0987 1
0 79 1 2.36675 1
0 80 1 3.22327 1
0 81 1 2.70954 1
0 82 1 3.56254 1
0 83 1 1.78369 1
0 84 1 -2.59042 1
0 85 1 3.1538 1
0 86 1 -2.61276 1
0 87 1 -0.857309 1
0 88 1 -0.870282 1
0 89 1 1.96029 1
0 90 1 5.39925 1
0 91 1 5.06845 1
0 92 1 -3.5279 1
0 93 1 -1.61692 1
0 94 1 1.81359 1
0 95 1 1.2804 1
0 10 1 -2.52583 1
1 64 1 -1.37611 1
1 65 1 -2.66985 1
1 66 1 1.21045 1
1 67 1 -3.73549 1
1 68 1 4.85958 1
1 69 1 -0.984316 1
1 70 1 1.96699 1
1 71 1 -1.04096 1
1 72 1 -1.2934 1
1 73 1 -1.67475 1
1 74 1 -2.94511 1
1 75 1 3.69827 1
1 76 1 -1.47609 1
1 77 1 5.50686 1
1 78 1 -2.04346 1
1 79 1 -0.413294 1
1 80 1 -3.76003 1
1 81 1 2.33826 1
1 82 1 -0.758086 1
1 83 1 -4.57031 1
1 84 1 -0.911908 1
1 85 1 -1.34075 1
1 86 1 2.36788 1
1 87 1 -1.16491 1
1 88 1 0.232098 1
1 89 1 3.19132 1
1 90 1 -1.68676 1
1 91 1 -1.45534 1
1 92 1 -1.65085 1
1 93 1 0.715677 1
1 94 1 -0.928123 1
1 95 1 -5.10914 1
1 27 1 1.00967 1
2 64 1 0.271089 1
2 65 1 0.313428 1
2 66 1 -3.14527 1
2 67 1 -1.19332 1
2 68 1 -2.36573 1
2 69 1 2.37426 1
2 70 1 -1.80133 1
2 71 1 4.62957 1
2 72 1 -1.77322 1
2 73 1 -2.89538 1
2 74 1 -3.42228 1
2 75 1 -0.481053 1
2 76 1 -4.36811 1
2 77 1 -0.591196 1
2 78 1 -1.41819 1
2 79 1 -3.66968 1
2 80 1 -4.5928 1
2 81 1 -3.81676 1
2 82 1 -0.587271 1
2 83 1 -2.59015 1
2 84 1 -0.0280096 1
2 85 1 3.91645 1
2 86 1 -0.408449 1
2 87 1 -0.805683 1
2 88 1 0.133173 1
2 89 1 -3.69282 1
2 90 1 -3.05402 1
2 91 1 -1.10499 1
2 92 1 1.99021 1
2 93 1 -3.31866 1
2 94 1 3.12394 1
2 95 1 -0.249264 1
2 100 1 -1.25 1
2 6 1 4.43102 1
2 110 1 -0.151169 1
3 64 1 -3.28044 1
3 65 1 -0.849539 1
3 66 1 -0.14375 1
3 67 1 1.17444 1
3 68 1 4.71454 1
3 69 1 -4.27975 1
3 70 1 -0.4731 1
3 71 1 0.893305 1
3 72 1 7.76074 1
3 73 1 -0.273161 1
3 74 1 -0.397768 1
3 75 1 1.92541 1
3 76 1 1.53578 1
3 77 1 -0.116534 1
3 78 1 -0.303029 1
3 79 1 0.438683 1
3 80 1 -3.17132 1
3 81 1 -1.56663 1
3 82 1 6.58407 1
3 83 1 0.984619 1
3 84 1 0.804874 1
3 85 1 -3.80875 1
3 86 1 -0.370707 1
3 87 1 1.96108 1
3 88 1 -1.59719 1
3 89 1 2.03491 1
3 90 1 0.629682 1
3 91 1 1.54551 1
3 92 1 -0.344411 1
3 93 1 -2.82895 1
3 94 1 -2.9809 1
3 95 1 1.78902 0
3 110 1 1.32431 1
110 95 1 -1.77673 0
110 111 1 -1.40647 0
110 132 1 1.85302 1
132 111 1 2.29847 1
111 95 1 -2.42072 1
4 64 1 1.59909 1
4 65 1 -0.222323 1
4 66 1 -1.74224 1
4 67 1 3.68514 1
4 68 1 -0.729136 1
4 69 1 2.55681 1
4 70 1 0.440827 1
4 71 1 -0.0853021 1
4 72 1 0.645269 1
4 73 1 -1.04029 0
4 74 1 0.325853 1
4 75 1 -4.67112 0
4 76 1 0.878914 1
4 77 1 2.73205 1
4 78 1 0.924263 1
4 79 1 3.28834 1
4 80 1 -3.68934 1
4 81 1 0.260341 1
4 82 1 0.00686822 1
4 83 1 -2.45234 1
4 84 1 -0.131334 1
4 85 1 1.93454 1
4 86 1 2.62914 1
4 87 1 -0.939672 1
4 88 1 -2.65003 1
4 89 1 -0.934568 1
4 90 1 3.66524 1
4 91 1 -5.76152 1
4 92 1 -1.59448 1
4 93 1 -0.0683355 0
4 94 1 -1.94339 1
4 95 1 1.70276 1
4 101 1 2.87156 1
4 17 1 3.46385 1
4 118 1 1.77463 1
4 145 1 2.2268 1
145 93 1 0.991754 1
118 73 1 -2.53447 1
101 75 1 1.27591 1
5 64 1 -2.67825 1
5 65 1 1.42139 1
5 66 1 -1.50478 1
5 67 1 6.65131 1
5 68 1 3.76914 1
5 69 1 4.37691 1
5 70 1 -1.99933 1
5 71 1 -0.551067 1
5 72 1 0.671381 1
5 73 1 -1.34183 1
5 74 1 -1.98285 1
5 75 1 2.57264 1
5 76 1 4.16178 1
5 77 1 1.04565 1
5 78 1 -0.502835 1
5 79 1 0.356056 1
5 80 1 2.21215 1
5 81 1 -1.69946 1
5 82 1 1.09476 1
5 83 1 4.48466 1
5 84 1 0.523168 1
5 85 1 2.51874 1
5 86 1 -3.12986 1
5 87 1 0.91574 1
5 88 1 -1.80189 1
5 89 1 -2.81929 1
5 90 1 -1.84702 1
5 91 1 -0.0017869 1
5 92 1 -1.10112 1
5 93 1 1.16891 1
5 94 1 -1.4893 1
5 95 1 0.258961 1
5 28 1 1.74889 1
6 64 1 0.26427 1
6 65 1 -1.21905 1
6 66 1 2.32875 1
6 67 1 2.41666 1
6 68 1 -4.35956 1
6 69 1 -1.94 1
6 70 1 -2.41807 1
6 71 1 -0.57389 1
6 72 1 2.10976 1
6 73 1 -3.36241 1
6 74 1 -4.42909 1
6 75 1 1.13051 1
6 76 1 2.60239 1
6 77 1 -0.176747 1
6 78 1 -1.78343 1
6 79 1 -1.10097 1
6 80 1 2.94419 1
6 81 1 -0.976497 1
6 82 1 1.67114 1
6 83 1 2.06031 1
6 84 1 2.43982 1
6 85 1 -1.74207 1
6 86 1 0.236867 1
6 87 1 2.70848 1
6 88 1 -3.34259 1
6 89 1 -1.54797 1
6 90 1 4.79688 1
6 91 1 -2.1756 1
6 92 1 3.57827 1
6 93 1 -3.78953 1
6 94 1 -3.23444 1
6 95 1 2.43894 1
6 26 1 1.21005 1
7 64 1 3.7072 1
7 65 1 1.26687 1
7 66 1 -1.3703 1
7 67 1 -5.42459 1
7 68 1 -2.41387 1
7 69 1 -1.34519 1
7 70 1 5.09653 1
7 71 1 1.54141 1
7 72 1 3.50879 1
7 73 1 -0.471798 1
7 74 1 -1.43718 1
7 75 1 -0.0679183 1
7 76 1 2.27204 1
7 77 1 0.0567164 1
7 78 1 2.42137 1
7 79 1 2.25886 1
7 80 1 -0.668413 1
7 81 1 1.97273 1
7 82 1 -2.84703 0
7 83 1 2.606 0
7 84 1 -2.37155 1
7 85 1 3.95414 1
7 86 1 1.09952 1
7 87 1 3.71791 1
7 88 1 -2.50874 1
7 89 1 -2.00439 1
7 90 1 0.463468 1
7 91 1 -2.15961 1
7 92 1 1.56247 1
7 93 1 -2.05119 1
7 94 1 -0.350878 1
7 95 1 2.99257 1
7 100 1 -0.491566 1
7 127 1 1.39232 1
127 82 1 -4.12055 1
100 83 1 2.02302 1
100 24 1 -1.3468 0
100 106 1 3.26334 1
106 24 1 -5.70884 1
106 6 1 -1.3759 1
8 64 1 3.02392 1
8 65 1 -3.19661 1
8 66 1 -0.303212 1
8 67 1 1.70273 1
8 68 1 -0.87696 1
8 69 1 3.53307 1
8 70 1 1.47136 1
8 71 1 2.8707 1
8 72 1 3.25456 1
8 73 1 -1.04296 1
8 74 1 0.782739 1
8 75 1 -2.35647 1
8 76 1 -0.873476 1
8 77 1 3.57016 1
8 78 1 -0.46512 1
8 79 1 -2.05959 1
8 80 1 0.592769 1
8 81 1 -1.6175 1
8 82 1 0.677122 1
8 83 1 -3.59559 1
8 84 1 3.6653 1
8 85 1 8.13271 1
8 86 1 4.88397 1
8 87 1 0.79162 1
8 88 1 -0.256636 1
8 89 1 4.33392 1
8 90 1 -0.575199 1
8 91 1 -0.488392 1
8 92 1 2.67032 1
8 93 1 5.44164 1
8 94 1 5.22419 1
8 95 1 -0.250243 1
8 17 1 -1.06549 1
9 64 1 -3.32412 1
9 65 1 -3.76477 1
9 66 1 1.60091 1
9 67 1 0.490471 1
9 68 1 -1.015 1
9 69 1 0.399914 1
9 70 1 -5.83297 1
9 71 1 -0.469499 1
9 72 1 2.64297 1
9 73 1 -1.87141 1
9 74 1 0.707968 1
9 75 1 1.57726 1
9 76 1 1.7301 1
9 77 1 -0.480416 1
9 78 1 2.62831 1
9 79 1 1.62972 1
9 80 1 -1.41551 1
9 81 1 0.0053985 1
9 82 1 -2.52264 1
9 83 1 -0.193986 1
9 84 1 2.59853 1
9 85 1 2.04668 1
9 86 1 -1.68585 1
9 87 1 0.251588 1
9 88 1 -0.31592 1
9 89 1 5.73117 1
9 90 1 -0.792439 1
9 91 1 0.185828 1
9 92 1 -0.648684 1
9 93 1 -0.450637 1
9 94 1 -3.39263 1
9 95 1 0.737666 1
9 103 1 -1.13991 1
9 130 1 -1.05844 1
10 64 1 0.770964 1
10 65 1 -0.366012 1
10 66 1 6.73252 1
10 67 1 -4.96423 1
10 68 1 2.95143 1
10 69 1 -0.129132 1
10 70 1 -0.852387 1
10 71 1 -0.331471 1
10 72 1 5.57995 1
10 73 1 3.66112 1
10 74 1 1.25366 0
10 75 1 0.0715469 1
10 76 1 2.12905 1
10 77 1 1.27591 1
10 78 1 -0.829861 1
10 79 1 -4.65823 1
10 80 1 -2.06757 1
10 81 1 3.60175 1
10 82 1 2.38677 1
10 83 1 1.8996 1
10 84 1 4.1548 1
10 85 1 2.96142 1
10 86 1 -1.28487 1
10 87 1 -0.307053 1
10 88 1 3.59084 1
10 89 1 0.499309 1
10 90 1 -0.320569 1
10 91 1 3.85767 1
10 92 1 -0.129191 1
10 93 1 -1.69208 1
10 94 1 4.01312 1
10 95 1 5.63879 1
10 124 1 1.46276 1
124 74 1 0.377164 1
11 64 1 3.3269 1
11 65 1 0.681725 1
11 66 1 2.89967 1
11 67 1 -0.93172 1
11 68 1 5.11938 1
11 69 1 0.256054 1
11 70 1 2.78805 1
11 71 1 2.20931 1
11 72 1 -3.23147 1
11 73 1 0.730805 1
11 74 1 -0.719601 0
11 75 1 -1.1105 1
11 76 1 -2.0752 1
11 77 1 -0.553296 1
11 78 1 -0.538469 1
11 79 1 -0.034194 1
11 80 1 -3.01045 1
11 81 1 0.15406 1
11 82 1 6.06098 1
11 83 1 2.15941 1
11 84 1 1.90632 1
11 85 1 -2.4053 1
11 86 1 -3.63387 1
11 87 1 -1.51607 1
11 88 1 -3.91214 1
11 89 1 -0.497211 1
11 90 1 -2.60839 1
11 91 1 -0.516838 1
11 92 1 -1.56304 1
11 93 1 3.47165 1
11 94 1 -1.58527 1
11 95 1 -4.4579 1
11 120 1 -4.54983 1
11 109 1 0.431354 1
120 74 1 -2.53086 1
120 13 1 -0.0491568 0
120 150 1 1.85808 1
150 13 1 0.0806545 1
12 64 1 -1.14266 1
12 65 1 -0.476829 1
12 66 1 -0.713263 1
12 67 1 -2.77089 1
12 68 1 0.803997 1
12 69 1 1.43248 1
12 70 1 -0.939499 1
12 71 1 2.1922 1
12 72 1 1.91603 1
12 73 1 -3.96695 1
12 74 1 -3.68602 1
12 75 1 -2.64847 1
12 76 1 -0.994268 1
12 77 1 1.33764 1
12 78 1 -0.273348 1
12 79 1 -1.36179 1
12 80 1 -2.81872 1
12 81 1 -2.23827 1
12 82 1 3.10871 1
12 83 1 -0.329784 1
12 84 1 0.919414 1
12 85 1 -1.2487 1
12 86 1 -0.633638 1
12 87 1 0.534814 1
12 88 1 -3.31999 1
12 89 1 3.34863 1
12 90 1 -0.830379 1
12 91 1 -1.68707 1
12 92 1 2.25081 1
12 93 1 -1.76793 1
12 94 1 2.74571 1
12 95 1 -2.39877 1
12 17 1 -0.653314 1
12 18 1 0.676651 1
12 144 1 -0.731701 1
13 64 1 0.677985 1
13 65 1 -4.60536 1
13 66 1 -1.05847 1
13 67 1 1.80589 1
13 68 1 1.96546 1
13 69 1 -2.70642 1
13 70 1 0.530328 1
13 71 1 1.03573 1
13 72 1 0.701891 1
13 73 1 -4.25852 1
13 74 1 -2.91674 1
13 75 1 -1.69434 1
13 76 1 -0.388965 1
13 77 1 -1.99283 1
13 78 1 2.37236 1
13 79 1 1.4654 1
13 80 1 1.00409 1
13 81 1 0.349808 1
13 82 1 -0.0271194 1
13 83 1 2.51567 1
13 84 1 -2.46102 1
13 85 1 6.62636 1
13 86 1 5.60881 1
13 87 1 6.57486 1
13 88 1 2.90434 1
13 89 1 0.264113 1
13 90 1 -3.83585 1
13 91 1 -3.42374 1
13 92 1 -0.859481 1
13 93 1 -2.82839 1
13 94 1 1.06445 1
13 95 1 -4.16857 1
14 64 1 -2.49183 1
14 65 1 5.95281 1
14 66 1 0.471124 1
14 67 1 -0.757105 1
14 68 1 -1.9134 1
14 69 1 2.69957 1
14 70 1 -1.35263 1
14 71 1 0.52383 1
14 72 1 1.89534 1
14 73 1 -0.0160647 1
14 74 1 0.415214 1
14 75 1 2.29886 1
14 76 1 -1.86456 1
14 77 1 2.7616 1
14 78 1 -2.80745 1
14 79 1 -1.16553 1
14 80 1 -1.877 1
14 81 1 2.01613 0
14 82 1 5.11228 1
14 83 1 -0.611218 1
14 84 1 0.237377 1
14 85 1 -2.25585 1
14 86 1 2.26878 1
14 87 1 -1.90961 1
14 88 1 -0.862992 1
14 89 1 -0.288851 1
14 90 1 0.377104 1
14 91 1 3.66631 1
14 92 1 3.03023 1
14 93 1 0.936506 1
14 94 1 6.10031 1
14 95 1 0.379779 1
14 104 1 -2.00016 1
14 119 1 1.6864 1
119 81 1 4.74608 1
119 99 1 -0.941615 1
15 64 1 -1.13018 1
15 65 1 0.74202 1
15 66 1 -4.07034 1
15 67 1 -1.71123 1
15 68 1 0.69516 1
15 69 1 -1.85667 1
15 70 1 7.33578 1
15 71 1 -0.66787 1
15 72 1 -0.952302 1
15 73 1 -0.0270919 1
15 74 1 1.43945 1
15 75 1 -1.20298 1
15 76 1 -0.641667 1
15 77 1 0.207794 1
15 78 1 -2.04271 1
15 79 1 -0.21559 1
15 80 1 1.1453 1
15 81 1 0.0951591 1
15 82 1 -3.04215 1
15 83 1 -0.803266 1
15 84 1 2.32809 1
15 85 1 -0.969262 1
15 86 1 2.29939 1
15 87 1 -5.12033 1
15 88 1 0.314874 1
15 89 1 2.37715 1
15 90 1 0.193172 1
15 91 1 -4.73936 1
15 92 1 1.79584 1
15 93 1 -2.14391 1
15 94 1 1.47126 1
15 95 1 2.40972 1
15 20 1 0.403146 1
16 64 1 4.46211 1
16 65 1 0.414743 1
16 66 1 -3.00764 1
16 67 1 -2.87402 1
16 68 1 0.915267 1
16 69 1 -0.223874 1
16 70 1 2.16892 1
16 71 1 3.87827 1
16 72 1 -0.691436 1
16 73 1 -2.56448 1
16 74 1 -0.139602 1
16 75 1 1.41539 1
16 76 1 0.396021 1
16 77 1 1.60373 1
16 78 1 -1.58374 1
16 79 1 -0.505573 0
16 80 1 -0.130842 1
16 81 1 2.55396 1
16 82 1 -2.02636 1
16 83 1 2.69436 1
16 84 1 -1.50646 1
16 85 1 -2.04269 1
16 86 1 -1.69431 1
16 87 1 -1.64622 1
16 88 1 0.795387 1
16 89 1 1.19111 1
16 90 1 -1.18322 1
16 91 1 1.99788 1
16 92 1 4.59947 1
16 93 1 -2.05177 1
16 94 1 -1.26988 1
16 95 1 -2.97643 1
16 26 1 -0.331689 1
16 151 1 1.1456 1
151 79 1 -0.0870852 1
17 64 1 -2.79719 1
17 65 1 -0.604592 1
17 66 1 -2.15591 1
17 67 1 4.45945 1
17 68 1 -1.90135 1
17 69 1 1.13898 1
17 70 1 0.376446 1
17 71 1 2.0407 1
17 72 1 -5.65061 0
17 73 1 0.431241 1
17 74 1 4.07502 1
17 75 1 1.19685 1
17 76 1 -1.36625 1
17 77 1 2.94684 1
17 78 1 -0.159425 1
17 79 1 -2.14396 1
17 80 1 5.12082 1
17 81 1 2.99941 1
17 82 1 -0.480451 1
17 83 1 -0.836637 1
17 84 1 -3.84689 1
17 85 1 1.84779 1
17 86 1 0.868318 1
17 87 1 -2.43417 1
17 88 1 -6.41689 1
17 89 1 1.79301 1
17 90 1 -3.80195 1
17 91 1 5.89035 1
17 92 1 0.230482 1
17 93 1 3.87562 1
17 94 1 3.07362 1
17 95 1 1.35404 1
17 146 1 2.24921 1
146 72 1 -4.78646 1
18 64 1 2.29279 1
18 65 1 -1.67505 1
18 66 1 1.99667 1
18 67 1 0.849778 1
18 68 1 0.202237 1
18 69 1 0.441891 1
18 70 1 2.40481 1
18 71 1 0.121551 1
18 72 1 2.52867 1
18 73 1 -0.0100041 1
18 74 1 2.16018 1
18 75 1 -0.0477958 1
18 76 1 4.7695 1
18 77 1 -1.05179 1
18 78 1 2.45562 1
18 79 1 0.993178 1
18 80 1 -4.5615 1
18 81 1 2.16344 1
18 82 1 -3.01937 1
18 83 1 3.39015 1
18 84 1 -2.09299 1
18 85 1 0.887599 1
18 86 1 5.71656 1
18 87 1 -1.49796 1
18 88 1 0.953285 1
18 89 1 -3.19345 1
18 90 1 0.725322 1
18 91 1 1.35182 1
18 92 1 -2.69428 1
18 93 1 -0.701354 1
18 94 1 -1.3592 1
18 95 1 0.0715349 1
18 25 1 -0.266752 1
18 18 1 0.383671 1
18 139 1 0.140248 1
19 64 1 4.84642 1
19 65 1 -1.86666 1
19 66 1 4.29955 1
19 67 1 -1.09327 1
19 68 1 -3.85725 1
19 69 1 1.47836 1
19 70 1 -0.487555 1
19 71 1 -1.51974 1
19 72 1 2.23032 1
19 73 1 2.06014 1
19 74 1 -0.940528 1
19 75 1 1.07712 1
19 76 1 -2.46635 1
19 77 1 -2.53201 1
19 78 1 -3.55689 1
19 79 1 4.0686 1
19 80 1 0.973248 1
19 81 1 -2.73244 1
19 82 1 -0.445649 1
19 83 1 -4.03952 1
19 84 1 0.649718 1
19 85 1 1.32471 1
19 86 1 0.348019 1
19 87 1 3.05117 1
19 88 1 0.410136 1
19 89 1 4.8692 1
19 90 1 -1.28308 1
19 91 1 -0.698305 1
19 92 1 0.0342585 1
19 93 1 -3.58735 1
19 94 1 -1.83519 1
19 95 1 -6.21043 1
20 64 1 2.44768 1
20 65 1 -0.835336 1
20 66 1 -2.28359 1
20 67 1 0.856283 1
20 68 1 -1.61151 1
20 69 1 0.619361 1
20 70 1 -4.17748 1
20 71 1 2.94218 1
20 72 1 3.24858 1
20 73 1 1.88095 1
20 74 1 2.42728 1
20 75 1 2.87978 1
20 76 1 -0.441978 1
20 77 1 -0.295912 1
20 78 1 2.21167 1
20 79 1 2.12956 1
20 80 1 0.396349 1
20 81 1 1.06638 1
20 82 1 2.69694 1
20 83 1 2.01015 1
20 84 1 1.99066 1
20 85 1 -4.48939 1
20 86 1 0.379224 1
20 87 1 0.318504 1
20 88 1 2.03393 1
20 89 1 0.874042 1
20 90 1 3.27807 1
20 91 1 0.640953 0
20 92 1 0.670159 1
20 93 1 0.197034 0
20 94 1 3.60821 0
20 95 1 -1.29471 1
20 96 1 -4.02701 1
20 98 1 -0.981063 1
20 103 1 1.30322 1
20 109 1 0.0152943 1
103 91 1 0.379432 0
103 105 1 1.84562 1
103 112 1 -1.19337 0
103 123 1 -0.279459 1
103 140 1 -0.998249 1
140 112 1 2.31266 1
123 91 1 0.665742 1
123 113 1 0.437173 0
123 136 1 1.01847 1
123 137 1 -0.637186 1
136 113 1 -1.52387 1
105 91 1 2.73853 0
105 129 1 -0.736983 1
129 91 1 -0.717998 0
129 135 1 2.21298 1
129 116 1 1.29714 1
135 91 1 -1.01132 1
98 93 1 -0.578556 1
98 99 1 4.467 1
98 15 1 0.0690043 1
96 94 1 1.98168 1
96 20 1 0.509692 1
21 64 1 2.38358 1
21 65 1 6.47413 1
21 66 1 -2.93699 1
21 67 1 -4.51901 1
21 68 1 -1.9429 1
21 69 1 1.81715 1
21 70 1 -0.884649 1
21 71 1 -3.39296 1
21 72 1 -8.08864 1
21 73 1 -1.22253 1
21 74 1 -0.96805 1
21 75 1 1.40891 1
21 76 1 -1.39103 1
21 77 1 -0.621981 1
21 78 1 -1.52709 1
21 79 1 -1.39097 1
21 80 1 2.70216 1
21 81 1 -2.36772 1
21 82 1 -2.29931 1
21 83 1 -0.339266 1
21 84 1 4.62402 1
21 85 1 -0.154315 1
21 86 1 1.19188 1
21 87 1 -1.02451 1
21 88 1 3.70594 1
21 89 1 -0.146621 1
21 90 1 0.707058 1
21 91 1 1.28903 0
21 92 1 1.18208 1
21 93 1 0.219703 1
21 94 1 -4.79741 1
21 95 1 -0.352147 1
21 143 1 3.55038 1
143 91 1 -1.08612 1
22 64 1 1.85945 1
22 65 1 0.460464 1
22 66 1 -0.0472954 1
22 67 1 4.6115 1
22 68 1 -1.54356 1
22 69 1 -2.05752 1
22 70 1 -2.3834 1
22 71 1 0.774358 1
22 72 1 -4.29745 1
22 73 1 -0.365252 1
22 74 1 -4.27807 1
22 75 1 -1.44348 1
22 76 1 1.91471 1
22 77 1 -0.0818767 1
22 78 1 4.16524 1
22 79 1 6.18517 1
22 80 1 -0.443169 1
22 81 1 -0.996932 1
22 82 1 -0.255432 1
22 83 1 -0.70615 1
22 84 1 -1.82773 1
22 85 1 0.209041 1
22 86 1 0.544654 1
22 87 1 5.57853 1
22 88 1 -2.95289 1
22 89 1 -0.624342 1
22 90 1 2.33363 1
22 91 1 1.21582 1
22 92 1 1.50896 1
22 93 1 1.73496 1
22 94 1 4.66968 1
22 95 1 2.84959 1
23 64 1 -2.39649 1
23 65 1 1.29666 1
23 66 1 0.275108 1
23 67 1 1.6045 1
23 68 1 -2.01712 1
23 69 1 1.81275 1
23 70 1 4.71509 1
23 71 1 -3.33828 1
23 72 1 -0.235091 1
23 73 1 -0.822377 1
23 74 1 2.33283 1
23 75 1 0.488217 1
23 76 1 2.58398 1
23 77 1 2.9151 1
23 78 1 -0.49313 1
23 79 1 -4.37609 1
23 80 1 1.0309 1
23 81 1 0.791502 1
23 82 1 -2.70009 1
23 83 1 1.88945 1
23 84 1 4.4826 1
23 85 1 -2.448 1
23 86 1 -8.56662 1
23 87 1 0.620408 1
23 88 1 1.51319 1
23 89 1 -0.110173 1
23 90 1 -2.66083 1
23 91 1 -1.23822 1
23 92 1 0.64237 1
23 93 1 2.47489 1
23 94 1 -2.92399 1
23 95 1 -0.230094 1
23 107 1 1.24762 1
23 27 1 -0.625111 1
24 64 1 -0.867579 1
24 65 1 3.08396 1
24 66 1 -0.717985 1
24 67 1 5.03166 1
24 68 1 -4.88659 1
24 69 1 3.69123 1
24 70 1 -0.0708644 1
24 71 1 4.16111 1
24 72 1 1.21139 1
24 73 1 1.52203 1
24 74 1 0.0373887 1
24 75 1 0.717979 1
24 76 1 -0.578054 1
24 77 1 -0.351406 1
24 78 1 -4.33776 1
24 79 1 -1.99428 1
24 80 1 3.36546 1
24 81 1 2.23651 1
24 82 1 0.978714 1
24 83 1 -3.62237 1
24 84 1 -4.41074 1
24 85 1 -1.16477 1
24 86 1 -4.33375 1
24 87 1 2.84685 1
24 88 1 -2.73703 1
24 89 1 6.37339 1
24 90 1 2.73667 1
24 91 1 -3.37354 1
24 92 1 -0.11233 1
24 93 1 0.60913 1
24 94 1 -1.04378 1
24 95 1 -1.59132 1
24 5 1 1.03081 1
25 64 1 0.826858 1
25 65 1 1.26388 1
25 66 1 -0.557216 1
25 67 1 -1.64529 1
25 68 1 2.77623 1
25 69 1 -5.24607 1
25 70 1 0.284532 0
25 71 1 -2.73523 1
25 72 1 1.70598 1
25 73 1 0.340159 1
25 74 1 1.89901 1
25 75 1 -2.1357 1
25 76 1 -0.0143401 1
25 77 1 -0.794698 1
25 78 1 1.97804 1
25 79 1 -0.392795 1
25 80 1 -0.88524 1
25 81 1 -3.33174 1
25 82 1 -0.753853 1
25 83 1 4.21561 1
25 84 1 -1.0184 1
25 85 1 -1.35468 1
25 86 1 1.69105 1
25 87 1 1.83888 1
25 88 1 -0.000393235 1
25 89 1 1.25798 1
25 90 1 -2.66934 1
25 91 1 1.30164 1
25 92 1 1.54593 1
25 93 1 -1.06792 1
25 94 1 -1.12148 1
25 95 1 -2.65905 1
25 8 1 0.430706 1
25 6 1 -1.58798 1
25 121 1 -2.0117 1
121 70 1 6.51855 1
26 64 1 -2.72196 1
26 65 1 3.11988 1
26 66 1 0.344635 1
26 67 1 1.72773 1
26 68 1 0.781898 1
26 69 1 3.39762 1
26 70 1 -2.97613 1
26 71 1 1.1315 1
26 72 1 -1.80622 1
26 73 1 0.77067 1
26 74 1 -6.0942 1
26 75 1 2.38234 1
26 76 1 0.6142 1
26 77 1 -4.32532 1
26 78 1 3.40785 1
26 79 1 -0.734322 1
26 80 1 -0.138639 1
26 81 1 4.02466 1
26 82 1 1.42768 1
26 83 1 0.979253 1
26 84 1 -4.35633 1
26 85 1 2.2033 1
26 86 1 -4.05899 1
26 87 1 0.522866 1
26 88 1 -3.53775 1
26 89 1 -0.345477 1
26 90 1 -2.77114 1
26 91 1 -3.40198 1
26 92 1 0.158184 1
26 93 1 0.74471 1
26 94 1 2.41042 1
26 95 1 -0.657813 1
26 23 1 3.58909 1
26 15 1 3.55419 1
27 64 1 -3.42959 1
27 65 1 3.53533 1
27 66 1 3.38508 1
27 67 1 -1.07799 1
27 68 1 0.943641 1
27 69 1 1.82241 1
27 70 1 3.75183 1
27 71 1 -6.0841 1
27 72 1 -0.897948 1
27 73 1 1.45287 1
27 74 1 -2.03118 1
27 75 1 1.87478 1
27 76 1 -3.15021 1
27 77 1 -1.59568 1
27 78 1 -0.823535 1
27 79 1 0.667581 1
27 80 1 -2.3071 1
27 81 1 -1.60571 1
27 82 1 1.76829 1
27 83 1 0.665707 1
27 84 1 0.995789 1
27 85 1 0.0305587 1
27 86 1 -1.75623 1
27 87 1 1.0471 1
27 88 1 -4.22674 1
27 89 1 -5.42678 1
27 90 1 3.46777 1
27 91 1 -2.08811 1
27 92 1 -0.194098 1
27 93 1 -0.639104 1
27 94 1 2.28 1
27 95 1 -1.58405 1
27 9 1 1.15443 1
27 5 1 -2.50545 1
28 64 1 4.05071 1
28 65 1 -0.376064 1
28 66 1 -2.20445 1
28 67 1 4.59129 1
28 68 1 3.41907 1
28 69 1 2.00807 1
28 70 1 0.475143 1
28 71 1 -0.965767 1
28 72 1 -6.30982 1
28 73 1 0.150263 1
28 74 1 -1.64292 1
28 75 1 0.353894 1
28 76 1 0.529862 1
28 77 1 2.12849 1
28 78 1 -3.33589 1
28 79 1 0.743023 1
28 80 1 2.15312 1
28 81 1 -1.64731 1
28 82 1 2.95066 1
28 83 1 2.59531 1
28 84 1 3.26117 1
28 85 1 -6.89247 1
28 86 1 -2.5741 1
28 87 1 -1.94348 1
28 88 1 -3.86914 1
28 89 1 1.47911 1
28 90 1 -2.94009 1
28 91 1 -1.54981 1
28 92 1 3.44088 1
28 93 1 -3.12494 1
28 94 1 4.43036 1
28 95 1 -3.13947 1
29 64 1 -0.495635 1
29 65 1 -1.66257 1
29 66 1 -0.900426 1
29 67 1 1.54723 1
29 68 1 -6.7552 1
29 69 1 1.42636 1
29 70 1 -0.680998 1
29 71 1 -1.32918 1
29 72 1 0.296431 1
29 73 1 -0.87921 1
29 74 1 0.482671 1
29 75 1 0.153793 1
29 76 1 -0.432155 1
29 77 1 1.69623 1
29 78 1 -4.1803 1
29 79 1 -2.65855 1
29 80 1 3.04269 1
29 81 1 1.36617 1
29 82 1 1.15421 1
29 83 1 -0.436456 1
29 84 1 1.97854 1
29 85 1 -0.991469 1
29 86 1 -2.06404 1
29 87 1 -4.48638 1
29 88 1 -1.69406 1
29 89 1 -2.37659 1
29 90 1 -1.08035 1
29 91 1 -0.124655 1
29 92 1 0.55884 1
29 93 1 1.67658 1
29 94 1 -3.36831 1
29 95 1 0.0674802 1
29 113 1 1.0501 1
30 64 1 -0.854925 1
30 65 1 1.63887 1
30 66 1 4.14023 1
30 67 1 1.0629 1
30 68 1 1.58561 1
30 69 1 2.37191 1
30 70 1 1.57713 1
30 71 1 -3.34201 1
30 72 1 -0.0183333 1
30 73 1 2.53549 1
30 74 1 -0.303212 1
30 75 1 3.53395 1
30 76 1 2.94954 1
30 77 1 -1.23982 1
30 78 1 2.57699 1
30 79 1 3.78769 1
30 80 1 -1.70916 1
30 81 1 -2.46064 1
30 82 1 3.78104 1
30 83 1 4.26083 1
30 84 1 2.54882 1
30 85 1 -2.53626 1
30 86 1 -1.07376 1
30 87 1 -2.47118 1
30 88 1 1.26347 1
30 89 1 -0.608276 1
30 90 1 2.18306 1
30 91 1 5.44518 1
30 92 1 -1.35548 1
30 93 1 1.22607 1
30 94 1 1.69429 1
30 95 1 -0.878169 1
30 28 1 0.117398 1
31 64 1 2.61387 1
31 65 1 -0.448756 1
31 66 1 -3.22029 1
31 67 1 5.25598 1
31 68 1 2.90192 1
31 69 1 0.390448 1
31 70 1 -3.25023 1
31 71 1 1.83512 1
31 72 1 -2.87704 1
31 73 1 -2.84909 1
31 74 1 3.64534 1
31 75 1 1.69122 1
31 76 1 1.50917 1
31 77 1 -0.275104 1
31 78 1 -3.54777 1
31 79 1 1.8087 1
31 80 1 -0.96646 1
31 81 1 -2.93569 1
31 82 1 -1.53626 1
31 83 1 -0.35139 1
31 84 1 -3.33236 1
31 85 1 -3.10155 1
31 86 1 0.341377 1
31 87 1 -3.17742 0
31 88 1 3.90827 1
31 89 1 -0.805448 1
31 90 1 0.442123 1
31 91 1 -2.22856 1
31 92 1 1.2041 1
31 93 1 1.0863 1
31 94 1 0.417083 1
31 95 1 -1.03444 1
31 122 1 1.56148 1
122 87 1 1.45752 1
32 64 1 7.77667 1
32 65 1 1.15192 1
32 66 1 -2.75295 1
32 67 1 1.88082 1
32 68 1 1.08641 1
32 69 1 1.6216 1
32 70 1 0.0626997 1
32 71 1 2.78223 1
32 72 1 -3.36929 1
32 73 1 0.939518 1
32 74 1 -1.53446 1
32 75 1 2.97629 1
32 76 1 -1.7349 1
32 77 1 3.5637 1
32 78 1 -0.314547 1
32 79 1 2.15408 1
32 80 1 -0.187119 1
32 81 1 -2.56487 1
32 82 1 -2.05779 1
32 83 1 -2.91448 1
32 84 1 1.56477 1
32 85 1 -3.58905 1
32 86 1 0.300275 1
32 87 1 -1.00883 1
32 88 1 -0.823325 1
32 89 1 -3.58829 1
32 90 1 1.18687 1
32 91 1 -2.64195 1
32 92 1 2.21196 1
32 93 1 0.760714 1
32 94 1 0.0510863 1
32 95 1 -1.52661 1
33 64 1 2.37258 1
33 65 1 -5.29057 1
33 66 1 -1.17044 1
33 67 1 -2.32374 1
33 68 1 -1.10086 1
33 69 1 -2.46222 1
33 70 1 3.17228 1
33 71 1 3.96862 1
33 72 1 1.48631 1
33 73 1 2.66871 1
33 74 1 3.2024 1
33 75 1 -5.80899 1
33 76 1 -1.49794 1
33 77 1 1.1302 1
33 78 1 -3.63945 1
33 79 1 -2.9632 1
33 80 1 0.959671 1
33 81 1 -1.7369 1
33 82 1 0.786527 1
33 83 1 0.882414 1
33 84 1 0.771812 1
33 85 1 1.83709 1
33 86 1 2.52116 1
33 87 1 1.78634 1
33 88 1 3.21521 1
33 89 1 5.00368 1
33 90 1 -2.1585 1
33 91 1 0.152933 1
33 92 1 1.4407 1
33 93 1 1.70615 1
33 94 1 0.0275297 1
33 95 1 -0.484107 1
33 20 1 -2.92461 1
33 107 1 0.221221 1
33 13 1 -0.0964267 1
34 64 1 -0.224869 1
34 65 1 -0.65992 1
34 66 1 2.43015 1
34 67 1 0.328528 1
34 68 1 1.01602 1
34 69 1 -0.405536 1
34 70 1 -1.57189 1
34 71 1 -0.573642 1
34 72 1 -1.58901 1
34 73 1 -4.01382 1
34 74 1 1.16311 1
34 75 1 6.76577 1
34 76 1 -1.0903 1
34 77 1 -0.961161 1
34 78 1 -1.83498 1
34 79 1 2.04395 1
34 80 1 2.71342 1
34 81 1 -0.985721 1
34 82 1 0.332586 1
34 83 1 1.62442 1
34 84 1 0.184988 1
34 85 1 -0.264306 1
34 86 1 -0.209636 1
34 87 1 0.194711 1
34 88 1 1.25773 1
34 89 1 -1.17512 1
34 90 1 -5.92613 1
34 91 1 2.89878 1
34 92 1 1.58174 1
34 93 1 -2.38651 1
34 94 1 2.90345 1
34 95 1 2.28976 1
34 113 1 -0.548649 1
35 64 1 -0.713216 1
35 65 1 -1.1914 1
35 66 1 -0.719195 1
35 67 1 2.73746 1
35 68 1 0.751032 1
35 69 1 4.15626 1
35 70 1 2.80638 1
35 71 1 2.69548 1
35 72 1 3.39074 1
35 73 1 6.75299 1
35 74 1 2.64721 1
35 75 1 -0.128184 1
35 76 1 -3.54873 1
35 77 1 0.202473 1
35 78 1 -0.88919 1
35 79 1 1.39747 1
35 80 1 -7.36154 1
35 81 1 -1.2128 1
35 82 1 2.82655 0
35 83 1 0.959605 1
35 84 1 3.82025 1
35 85 1 -4.80108 1
35 86 1 -1.61887 1
35 87 1 -2.18473 1
35 88 1 -0.350462 1
35 89 1 1.03858 0
35 90 1 -1.29995 1
35 91 1 -1.96814 1
35 92 1 -3.44566 1
35 93 1 -3.03681 1
35 94 1 -1.56944 1
35 95 1 -0.466473 1
35 130 1 0.568627 1
35 133 1 4.23857 1
133 82 1 2.47134 1
130 89 1 1.2362 1
36 64 1 0.270709 1
36 65 1 1.41205 1
36 66 1 -0.665014 1
36 67 1 -0.424865 1
36 68 1 -5.03102 1
36 69 1 -2.6492 1
36 70 1 -0.805053 1
36 71 1 0.921529 1
36 72 1 -0.758744 1
36 73 1 0.299269 1
36 74 1 -1.26842 1
36 75 1 0.585447 1
36 76 1 1.34842 1
36 77 1 -4.42747 1
36 78 1 -0.0327402 1
36 79 1 3.02431 1
36 80 1 1.6355 1
36 81 1 -1.09991 1
36 82 1 -1.12736 0
36 83 1 0.290601 1
36 84 1 3.05252 1
36 85 1 -3.24219 1
36 86 1 0.873785 1
36 87 1 -0.222884 1
36 88 1 -0.279647 1
36 89 1 1.36137 1
36 90 1 -2.99033 1
36 91 1 2.13537 1
36 92 1 4.6167 1
36 93 1 0.323306 1
36 94 1 -2.43871 1
36 95 1 5.57715 1
36 109 1 0.785582 0
36 24 1 -0.897907 1
36 117 1 1.9749 1
117 109 1 0.985327 1
109 82 1 1.27962 1
109 31 1 -0.205335 1
37 64 1 -2.70057 1
37 65 1 2.30852 1
37 66 1 -1.81615 1
37 67 1 -1.24951 1
37 68 1 -4.22413 1
37 69 1 2.62404 1
37 70 1 -3.49957 1
37 71 1 -0.655503 1
37 72 1 2.7238 1
37 73 1 2.46837 1
37 74 1 -0.669813 1
37 75 1 0.514082 1
37 76 1 3.71092 0
37 77 1 3.76833 1
37 78 1 -1.4199 1
37 79 1 0.53538 1
37 80 1 3.62202 1
37 81 1 0.240524 1
37 82 1 4.45696 1
37 83 1 1.4989 1
37 84 1 -3.64637 1
37 85 1 2.10158 1
37 86 1 -0.886767 1
37 87 1 1.70115 1
37 88 1 -2.7652 1
37 89 1 -2.30734 1
37 90 1 -0.745969 1
37 91 1 2.10953 1
37 92 1 2.78899 1
37 93 1 0.417458 1
37 94 1 -3.18003 1
37 95 1 -0.159682 1
37 142 1 2.11057 1
142 76 1 -1.45212 1
142 147 1 -1.37762 1
38 64 1 0.731558 1
38 65 1 -1.82727 1
38 66 1 -1.26362 1
38 67 1 -0.45967 1
38 68 1 -2.00007 1
38 69 1 -5.36419 1
38 70 1 -0.0569329 1
38 71 1 -0.129514 1
38 72 1 0.687201 1
38 73 1 0.830805 1
38 74 1 -1.52834 1
38 75 1 1.20643 1
38 76 1 1.88747 1
38 77 1 -1.71044 1
38 78 1 -1.41092 1
38 79 1 -0.785836 1
38 80 1 -4.38104 1
38 81 1 -0.610307 1
38 82 1 2.40713 1
38 83 1 -1.24049 1
38 84 1 -2.17898 1
38 85 1 -4.61013 1
38 86 1 -0.378707 1
38 87 1 -0.622805 1
38 88 1 1.82912 1
38 89 1 3.51749 1
38 90 1 0.278393 1
38 91 1 1.9925 1
38 92 1 2.46644 0
38 93 1 -2.43438 1
38 94 1 0.0591904 1
38 95 1 -2.83678 1
38 148 1 1.7785 1
148 92 1 3.77733 1
39 64 1 1.52878 1
39 65 1 -2.30686 1
39 66 1 2.85959 1
39 67 1 -0.118286 1
39 68 1 1.23891 1
39 69 1 -0.386039 1
39 70 1 1.52046 1
39 71 1 -0.91824 1
39 72 1 -2.11702 1
39 73 1 -4.85039 1
39 74 1 1.17035 1
39 75 1 2.20582 0
39 76 1 3.24861 1
39 77 1 -0.138075 1
39 78 1 -2.92946 1
39 79 1 -3.02214 1
39 80 1 2.27566 1
39 81 1 -3.24362 1
39 82 1 0.604255 1
39 83 1 0.0461903 1
39 84 1 -2.10575 1
39 85 1 -0.15685 1
39 86 1 1.91855 1
39 87 1 1.86752 1
39 88 1 -2.05456 1
39 89 1 0.567055 1
39 90 1 3.86618 1
39 91 1 -1.12091 1
39 92 1 4.17863 1
39 93 1 1.29092 1
39 94 1 -4.49003 1
39 95 1 -1.41059 1
39 2 1 -4.32596 1
39 112 1 3.26612 1
39 13 1 0.172289 1
39 104 1 -0.270867 1
112 75 1 -2.37478 1
112 138 1 -1.11351 1
40 64 1 -5.30296 1
40 65 1 -1.21996 1
40 66 1 1.76408 1
40 67 1 0.301989 1
40 68 1 2.52238 1
40 69 1 2.28757 1
40 70 1 -1.9946 1
40 71 1 0.321103 1
40 72 1 3.14161 1
40 73 1 1.73538 1
40 74 1 -2.39049 1
40 75 1 0.96402 1
40 76 1 -1.43674 1
40 77 1 3.13835 1
40 78 1 2.00855 1
40 79 1 -1.63422 1
40 80 1 -0.961399 1
40 81 1 0.181478 1
40 82 1 1.19736 1
40 83 1 -3.17363 1
40 84 1 -0.0356921 1
40 85 1 2.1059 1
40 86 1 2.5605 1
40 87 1 1.63689 1
40 88 1 0.860057 1
40 89 1 -0.288074 1
40 90 1 -1.74818 1
40 91 1 -2.04009 1
40 92 1 -2.96506 1
40 93 1 2.33863 1
40 94 1 0.223949 1
40 95 1 1.76442 1
40 2 1 -0.616825 1
40 134 1 0.846624 1
41 64 1 5.09783 1
41 65 1 -1.45516 1
41 66 1 0.451868 1
41 67 1 0.775816 1
41 68 1 2.57031 1
41 69 1 0.203094 1
41 70 1 1.57566 1
41 71 1 0.372365 1
41 72 1 3.48155 1
41 73 1 -5.02512 1
41 74 1 -0.122359 1
41 75 1 2.24363 1
41 76 1 -3.24237 1
41 77 1 -1.20311 1
41 78 1 -2.82954 1
41 79 1 1.04742 1
41 80 1 1.32779 1
41 81 1 2.75897 1
41 82 1 -1.9898 1
41 83 1 1.58486 1
41 84 1 -2.9463 1
41 85 1 -0.268697 1
41 86 1 0.716595 1
41 87 1 1.01685 1
41 88 1 3.30466 1
41 89 1 -3.45437 1
41 90 1 -2.75287 1
41 91 1 0.114683 1
41 92 1 0.914768 1
41 93 1 -0.949103 1
41 94 1 -1.47346 1
41 95 1 -0.255191 1
41 11 1 3.38095 1
41 29 1 -1.16692 1
41 97 1 -1.78729 1
42 64 1 1.12611 1
42 65 1 0.367715 1
42 66 1 -0.0744466 1
42 67 1 -0.0553966 1
42 68 1 -1.84619 1
42 69 1 -0.752412 1
42 70 1 -1.39854 1
42 71 1 -1.8872 1
42 72 1 -1.30739 1
42 73 1 -2.59038 1
42 74 1 2.89285 1
42 75 1 -1.40058 1
42 76 1 -2.32138 1
42 77 1 -0.279379 1
42 78 1 -2.08987 1
42 79 1 0.87479 1
42 80 1 -1.26378 1
42 81 1 2.1351 1
42 82 1 2.31688 1
42 83 1 3.248 1
42 84 1 1.64875 1
42 85 1 0.0530567 1
42 86 1 0.809134 1
42 87 1 -2.39412 1
42 88 1 -1.44898 1
42 89 1 -1.10043 1
42 90 1 1.50332 1
42 91 1 3.22582 1
42 92 1 -1.48917 1
42 93 1 2.63735 1
42 94 1 -1.78844 1
42 95 1 2.42543 1
43 64 1 2.96594 1
43 65 1 -3.24045 1
43 66 1 2.33905 1
43 67 1 2.23598 1
43 68 1 -0.1513 1
43 69 1 -1.42543 1
43 70 1 1.09164 1
43 71 1 -2.9733 1
43 72 1 -0.83711 1
43 73 1 -7.2253 1
43 74 1 2.30294 1
43 75 1 -2.47434 1
43 76 1 -0.170062 1
43 77 1 1.16326 1
43 78 1 0.200987 1
43 79 1 -2.77431 1
43 80 1 -0.515276 1
43 81 1 1.47106 1
43 82 1 2.07875 1
43 83 1 -1.18963 1
43 84 1 0.0644258 1
43 85 1 3.4597 1
43 86 1 1.0774 1
43 87 1 4.13183 1
43 88 1 0.247034 1
43 89 1 3.65599 1
43 90 1 -0.30116 1
43 91 1 -4.1623 1
43 92 1 3.56772 1
43 93 1 1.79892 1
43 94 1 -4.22837 1
43 95 1 1.8162 1
44 64 1 0.666309 1
44 65 1 -3.42656 1
44 66 1 0.718847 1
44 67 1 -3.39774 1
44 68 1 -0.264067 1
44 69 1 -0.956861 1
44 70 1 3.26995 1
44 71 1 1.87566 1
44 72 1 -1.99685 1
44 73 1 0.639906 1
44 74 1 -2.11261 1
44 75 1 -3.0319 1
44 76 1 -0.311589 1
44 77 1 1.88369 1
44 78 1 2.44464 1
44 79 1 0.887962 1
44 80 1 4.93676 1
44 81 1 -2.12759 1
44 82 1 0.758696 1
44 83 1 -1.5246 1
44 84 1 -0.0111792 1
44 85 1 -0.337001 1
44 86 1 1.09072 1
44 87 1 1.94482 1
44 88 1 0.867141 1
44 89 1 1.0526 1
44 90 1 -0.421662 1
44 91 1 -0.2065 1
44 92 1 -0.658452 1
44 93 1 2.89609 1
44 94 1 -2.62444 1
44 95 1 -0.959742 1
44 8 1 -0.103917 1
44 29 1 1.50832 1
45 64 1 -0.77348 1
45 65 1 2.73434 1
45 66 1 -0.220029 1
45 67 1 1.55346 1
45 68 1 -1.91878 1
45 69 1 -7.3309 1
45 70 1 -3.78315 1
45 71 1 0.768886 1
45 72 1 -5.49329 1
45 73 1 3.71847 1
45 74 1 3.36035 1
45 75 1 3.60264 1
45 76 1 -0.350027 1
45 77 1 0.0550271 1
45 78 1 -2.39078 1
45 79 1 2.82432 1
45 80 1 -2.71665 1
45 81 1 0.603928 1
45 82 1 -1.3183 1
45 83 1 -3.39931 1
45 84 1 2.66057 1
45 85 1 -3.37681 1
45 86 1 1.7268 1
45 87 1 0.296251 1
45 88 1 -0.0653846 1
45 89 1 -4.44799 1
45 90 1 0.343989 1
45 91 1 4.66723 1
45 92 1 -2.96535 1
45 93 1 -6.92196 1
45 94 1 2.04822 1
45 95 1 -3.53752 1
45 9 1 3.61098 1
45 20 1 -0.663547 1
46 64 1 -1.10046 1
46 65 1 -1.17571 1
46 66 1 2.50314 1
46 67 1 2.62214 1
46 68 1 -5.85643 1
46 69 1 -1.42058 1
46 70 1 1.18972 1
46 71 1 -1.68795 1
46 72 1 2.30673 1
46 73 1 -2.62284 1
46 74 1 -0.828987 1
46 75 1 2.74789 1
46 76 1 -4.42491 1
46 77 1 2.06494 1
46 78 1 -1.59085 1
46 79 1 -0.12014 1
46 80 1 3.33563 1
46 81 1 -0.163596 1
46 82 1 0.551521 1
46 83 1 1.34202 1
46 84 1 -0.415458 1
46 85 1 2.60261 1
46 86 1 -0.260649 1
46 87 1 2.84803 1
46 88 1 -1.48322 1
46 89 1 -3.31335 1
46 90 1 -3.23183 1
46 91 1 0.900814 1
46 92 1 1.41145 1
46 93 1 -1.94522 1
46 94 1 -1.07817 1
46 95 1 -0.893235 1
46 24 1 1.61919 1
47 64 1 -0.534416 1
47 65 1 -0.331425 1
47 66 1 -2.74228 1
47 67 1 5.55972 1
47 68 1 -1.12634 1
47 69 1 2.58148 1
47 70 1 -2.55841 1
47 71 1 0.152658 1
47 72 1 0.583427 1
47 73 1 5.47871 0
47 74 1 -1.38204 1
47 75 1 -2.02662 1
47 76 1 -2.44642 1
47 77 1 -7.62442 1
47 78 1 -1.66545 1
47 79 1 1.96772 1
47 80 1 3.74912 1
47 81 1 -5.66406 1
47 82 1 0.881863 1
47 83 1 -0.252734 1
47 84 1 -3.20522 1
47 85 1 0.0732635 1
47 86 1 -3.26743 1
47 87 1 4.21631 1
47 88 1 1.90681 1
47 89 1 1.08129 1
47 90 1 6.89551 1
47 91 1 0.925649 1
47 92 1 -1.34981 1
47 93 1 0.86343 1
47 94 1 1.21375 1
47 95 1 -1.46456 1
47 4 1 -0.0419426 1
47 137 1 1.20358 1
137 73 1 3.58079 1
48 64 1 -0.398367 1
48 65 1 0.0927138 1
48 66 1 0.490164 1
48 67 1 -1.30928 1
48 68 1 -5.92759 1
48 69 1 -3.94604 1
48 70 1 0.443645 1
48 71 1 0.442177 1
48 72 1 -3.47108 1
48 73 1 3.23865 1
48 74 1 5.64561 1
48 75 1 -4.77365 1
48 76 1 1.24514 1
48 77 1 -3.81459 1
48 78 1 -0.68879 1
48 79 1 2.75197 1
48 80 1 -0.00730395 1
48 81 1 -2.90928 1
48 82 1 1.15141 1
48 83 1 1.10915 1
48 84 1 1.06077 1
48 85 1 1.05823 1
48 86 1 -1.21381 1
48 87 1 -0.831614 1
48 88 1 -2.12894 1
48 89 1 0.364282 1
48 90 1 2.84371 1
48 91 1 1.0974 1
48 92 1 -5.76366 1
48 93 1 0.30171 1
48 94 1 3.30448 1
48 95 1 3.15675 1
48 16 1 1.59821 1
48 12 1 0.334566 1
48 14 1 -3.24866 1
48 30 1 0.540599 1
49 64 1 0.922696 1
49 65 1 -1.81749 1
49 66 1 1.21404 1
49 67 1 -1.34056 1
49 68 1 -2.40381 1
49 69 1 0.381423 1
49 70 1 0.840459 1
49 71 1 -4.30997 1
49 72 1 0.0331943 1
49 73 1 0.0867015 1
49 74 1 2.99841 1
49 75 1 2.7156 1
49 76 1 -5.9916 1
49 77 1 -3.39757 1
49 78 1 -1.09804 1
49 79 1 1.54559 1
49 80 1 4.62497 1
49 81 1 -3.96699 1
49 82 1 1.34473 1
49 83 1 -1.77662 1
49 84 1 2.55309 1
49 85 1 -2.65259 1
49 86 1 -0.669043 1
49 87 1 -0.387173 1
49 88 1 -1.05602 1
49 89 1 0.973505 1
49 90 1 -1.14151 1
49 91 1 1.19568 1
49 92 1 2.55113 1
49 93 1 -0.736588 1
49 94 1 0.744696 1
49 95 1 3.88452 1
49 19 1 -1.59024 1
49 31 1 -1.44553 1
49 15 1 0.201712 1
50 64 1 -4.96922 1
50 65 1 -2.37087 1
50 66 1 1.95032 1
50 67 1 -1.07174 1
50 68 1 2.76354 1
50 69 1 -1.13022 1
50 70 1 0.569292 1
50 71 1 6.67957 1
50 72 1 -1.48703 1
50 73 1 5.17895 1
50 74 1 -2.75204 1
50 75 1 1.51145 1
50 76 1 -1.0112 1
50 77 1 0.821838 1
50 78 1 2.18038 1
50 79 1 -2.463 1
50 80 1 1.40418 1
50 81 1 0.608238 1
50 82 1 -0.424287 1
50 83 1 3.25807 1
50 84 1 -1.42242 1
50 85 1 0.596749 1
50 86 1 3.0546 1
50 87 1 -2.97525 1
50 88 1 -2.83111 1
50 89 1 0.250402 1
50 90 1 0.437132 1
50 91 1 0.136475 1
50 92 1 0.133689 1
50 93 1 -0.494904 1
50 94 1 -3.0147 1
50 95 1 1.78353 1
50 4 1 6.0139 1
50 22 1 -0.815093 1
51 64 1 -1.52659 1
51 65 1 2.90727 1
51 66 1 3.20852 1
51 67 1 -1.67913 1
51 68 1 -0.835568 1
51 69 1 -1.94041 1
51 70 1 2.14738 1
51 71 1 3.24566 1
51 72 1 -4.6822 1
51 73 1 -2.9117 0
51 74 1 -1.85347 1
51 75 1 4.95517 1
51 76 1 -1.7782 1
51 77 1 2.30635 1
51 78 1 4.19339 1
51 79 1 2.00207 1
51 80 1 0.459347 1
51 81 1 -3.24141 1
51 82 1 0.108941 1
51 83 1 4.25783 1
51 84 1 -2.60674 1
51 85 1 -2.67408 1
51 86 1 0.104 1
51 87 1 0.744426 1
51 88 1 1.02769 1
51 89 1 0.954156 1
51 90 1 2.85454 1
51 91 1 0.324962 1
51 92 1 2.83472 1
51 93 1 4.08947 1
51 94 1 -5.01129 1
51 95 1 -2.39955 1
51 116 1 0.743176 1
51 12 1 -0.823057 1
116 73 1 -0.816971 0
116 134 1 0.542137 1
134 73 1 1.38194 1
52 64 1 -2.44479 1
52 65 1 3.96296 1
52 66 1 0.621588 1
52 67 1 -0.119477 1
52 68 1 0.781306 1
52 69 1 5.62362 1
52 70 1 2.847 1
52 71 1 -1.68203 1
52 72 1 -1.01647 1
52 73 1 3.54707 1
52 74 1 3.06979 1
52 75 1 0.969886 1
52 76 1 -3.86536 1
52 77 1 0.45617 1
52 78 1 2.47053 1
52 79 1 0.81174 1
52 80 1 -0.590069 1
52 81 1 0.591279 1
52 82 1 -1.47652 1
52 83 1 -2.68838 1
52 84 1 0.863157 1
52 85 1 -1.5754 1
52 86 1 -3.54916 1
52 87 1 0.0452627 1
52 88 1 2.84245 1
52 89 1 -2.09586 1
52 90 1 -0.248627 1
52 91 1 -1.06142 1
52 92 1 0.543629 1
52 93 1 -2.83214 0
52 94 1 1.79435 1
52 95 1 -0.369035 1
52 115 1 -0.499687 1
52 139 1 -0.36723 1
139 93 1 -1.9772 1
53 64 1 -2.77704 1
53 65 1 0.119277 1
53 66 1 -0.333544 1
53 67 1 -0.820999 1
53 68 1 2.2216 1
53 69 1 0.785869 1
53 70 1 -1.18171 0
53 71 1 0.794965 1
53 72 1 -1.29788 1
53 73 1 0.0369874 1
53 74 1 -1.47884 1
53 75 1 -2.69057 1
53 76 1 0.0842981 1
53 77 1 2.63863 1
53 78 1 0.14014 1
53 79 1 -0.993195 1
53 80 1 1.60504 1
53 81 1 1.36497 1
53 82 1 1.84869 1
53 83 1 0.369412 1
53 84 1 1.19692 1
53 85 1 0.641025 1
53 86 1 2.97188 1
53 87 1 0.611877 1
53 88 1 -0.655563 1
53 89 1 -0.240203 1
53 90 1 -2.84318 1
53 91 1 0.631948 1
53 92 1 2.98313 1
53 93 1 0.299893 1
53 94 1 0.389035 1
53 95 1 -2.81392 1
53 20 1 4.57551 1
53 23 1 0.846582 1
53 149 1 1.28079 1
149 70 1 -1.96217 0
149 153 1 0.895333 1
153 70 1 -1.77295 1
54 64 1 2.29323 1
54 65 1 -1.00698 1
54 66 1 -2.87531 1
54 67 1 0.466186 1
54 68 1 3.15161 1
54 69 1 -3.35485 1
54 70 1 0.520718 1
54 71 1 3.69223 1
54 72 1 0.883264 1
54 73 1 1.32763 1
54 74 1 -0.275545 1
54 75 1 -2.51624 1
54 76 1 -1.33244 1
54 77 1 3.06374 1
54 78 1 0.494427 1
54 79 1 0.519849 1
54 80 1 -0.0993831 1
54 81 1 3.35311 1
54 82 1 -2.73813 1
54 83 1 6.36829 1
54 84 1 1.7735 1
54 85 1 -0.285231 1
54 86 1 -3.77785 1
54 87 1 -1.14548 1
54 88 1 2.50546 1
54 89 1 3.31459 1
54 90 1 -3.0793 1
54 91 1 3.63792 1
54 92 1 -1.28036 1
54 93 1 1.76326 1
54 94 1 -3.94153 1
54 95 1 -3.06403 1
54 30 1 -0.674063 1
54 144 1 0.470537 1
55 64 1 0.200217 1
55 65 1 -3.2506 1
55 66 1 -2.63319 1
55 67 1 -1.33077 1
55 68 1 -2.49064 1
55 69 1 2.85905 1
55 70 1 2.39932 1
55 71 1 -5.73055 1
55 72 1 2.19343 1
55 73 1 0.536713 1
55 74 1 2.14526 1
55 75 1 -2.67717 1
55 76 1 -4.39552 1
55 77 1 1.88973 1
55 78 1 0.178054 1
55 79 1 1.97108 1
55 80 1 -1.74267 1
55 81 1 1.97126 1
55 82 1 -0.87011 1
55 83 1 -0.64115 1
55 84 1 -0.380367 1
55 85 1 -5.94883 1
55 86 1 1.41474 1
55 87 1 1.31585 1
55 88 1 -3.12997 1
55 89 1 -0.682352 1
55 90 1 1.05249 1
55 91 1 1.37175 1
55 92 1 5.90862 1
55 93 1 -4.17925 1
55 94 1 -4.00954 1
55 95 1 -0.914129 0
55 28 1 4.65168 1
55 114 1 0.957553 1
55 0 1 -1.08367 1
114 95 1 -2.11958 1
56 64 1 2.7416 1
56 65 1 -4.28241 1
56 66 1 0.867523 1
56 67 1 -1.68816 1
56 68 1 -0.612114 0
56 69 1 -1.29981 1
56 70 1 -0.631736 1
56 71 1 1.79088 1
56 72 1 -0.977981 1
56 73 1 -1.1467 1
56 74 1 3.52377 1
56 75 1 4.08677 1
56 76 1 -4.05594 1
56 77 1 -0.526431 1
56 78 1 -1.90201 1
56 79 1 0.268256 1
56 80 1 -1.54315 1
56 81 1 3.43262 1
56 82 1 2.75598 1
56 83 1 -1.83167 1
56 84 1 -1.31204 1
56 85 1 -1.2036 1
56 86 1 1.93639 1
56 87 1 -1.74972 1
56 88 1 0.369132 1
56 89 1 -1.9017 1
56 90 1 -1.11751 1
56 91 1 -1.61763 1
56 92 1 1.86223 1
56 93 1 4.86401 1
56 94 1 -2.24388 1
56 95 1 -0.276173 1
56 3 1 -2.37074 1
56 126 1 3.4399 1
126 68 1 1.19638 1
126 11 1 -2.4205 1
57 64 1 -3.9763 1
57 65 1 3.74277 1
57 66 1 -1.66528 1
57 67 1 -1.52461 1
57 68 1 3.02233 1
57 69 1 -0.334667 0
57 70 1 0.806457 1
57 71 1 2.38682 1
57 72 1 0.753878 1
57 73 1 -1.48335 1
57 74 1 2.41518 1
57 75 1 3.05169 1
57 76 1 2.23846 1
57 77 1 -4.80764 1
57 78 1 -1.19651 1
57 79 1 -2.33014 1
57 80 1 1.8528 1
57 81 1 3.59061 1
57 82 1 3.8193 1
57 83 1 -3.19496 1
57 84 1 -0.711932 1
57 85 1 -2.71077 1
57 86 1 -1.00248 1
57 87 1 1.98255 1
57 88 1 -0.508588 1
57 89 1 -0.00418522 1
57 90 1 0.71684 1
57 91 1 -1.82227 1
57 92 1 -2.16747 1
57 93 1 -0.107891 1
57 94 1 -1.40884 1
57 95 1 3.54152 1
57 104 1 3.54315 1
57 22 1 0.767353 1
104 69 1 1.91234 1
104 1 1 -0.338086 1
104 107 1 0.0790148 1
58 64 1 3.12919 1
58 65 1 -1.52711 1
58 66 1 -1.74036 1
58 67 1 -1.39466 1
58 68 1 -1.88907 1
58 69 1 -0.570581 1
58 70 1 -1.24359 1
58 71 1 1.40679 1
58 72 1 -0.525423 1
58 73 1 -3.08214 1
58 74 1 2.25179 1
58 75 1 3.13864 1
58 76 1 3.70191 1
58 77 1 1.94947 1
58 78 1 -1.0157 1
58 79 1 0.31493 0
58 80 1 -4.31138 1
58 81 1 3.69051 1
58 82 1 0.263707 1
58 83 1 0.0250217 1
58 84 1 -2.1836 1
58 85 1 1.31569 1
58 86 1 1.77281 1
58 87 1 -1.99975 1
58 88 1 -1.8378 1
58 89 1 -0.995747 1
58 90 1 -2.02437 1
58 91 1 -3.61351 1
58 92 1 0.0572635 1
58 93 1 2.05872 1
58 94 1 -1.68761 1
58 95 1 1.97363 1
58 128 1 1.62581 1
128 79 1 0.445099 0
128 131 1 -0.881896 1
131 79 1 0.924911 1
59 64 1 -1.69209 1
59 65 1 1.65559 1
59 66 1 2.01182 1
59 67 1 -1.84728 1
59 68 1 1.24224 1
59 69 1 -1.78808 1
59 70 1 -1.63076 1
59 71 1 1.80343 1
59 72 1 -0.103988 1
59 73 1 -0.648709 1
59 74 1 -0.010779 1
59 75 1 -1.16629 1
59 76 1 2.29389 1
59 77 1 0.901609 0
59 78 1 1.49427 1
59 79 1 -2.02922 1
59 80 1 -0.832382 1
59 81 1 1.36785 1
59 82 1 -5.28388 1
59 83 1 2.97406 1
59 84 1 0.099163 1
59 85 1 -2.79699 1
59 86 1 -3.31143 1
59 87 1 1.46292 1
59 88 1 4.27918 1
59 89 1 -1.17465 1
59 90 1 1.35447 1
59 91 1 -2.39177 1
59 92 1 2.37452 1
59 93 1 2.87123 1
59 94 1 -5.48198 1
59 95 1 2.14741 1
59 97 1 1.40797 1
59 5 1 -3.03621 1
59 11 1 -1.08189 1
59 13 1 0.722719 1
97 77 1 -6.35465 1
97 22 1 -1.83688 1
97 2 1 -5.35485 0
97 99 1 2.51816 1
97 7 1 3.39145 0
97 102 1 1.77181 1
97 17 1 1.83602 1
102 7 1 4.84604 1
99 2 1 1.55948 0
99 108 1 4.68057 1
99 15 1 0.13779 1
108 2 1 -1.03596 0
108 125 1 4.10795 1
125 2 1 0.853834 1
60 64 1 3.26248 1
60 65 1 0.826647 1
60 66 1 1.30795 1
60 67 1 -0.46559 1
60 68 1 0.502061 1
60 69 1 1.90118 1
60 70 1 -3.02687 1
60 71 1 1.04455 1
60 72 1 -0.00683816 0
60 73 1 1.14995 1
60 74 1 1.37097 1
60 75 1 -0.641268 1
60 76 1 -0.709716 1
60 77 1 4.25371 1
60 78 1 -2.63664 1
60 79 1 -0.226982 1
60 80 1 -5.41775 1
60 81 1 -1.98758 1
60 82 1 -1.14382 1
60 83 1 -0.021735 1
60 84 1 -3.75695 1
60 85 1 3.90889 1
60 86 1 2.24299 1
60 87 1 -0.259658 1
60 88 1 -4.58915 1
60 89 1 0.195913 1
60 90 1 -1.94007 1
60 91 1 0.561151 1
60 92 1 -1.01528 1
60 93 1 3.06936 1
60 94 1 -0.843696 1
60 95 1 0.576227 1
60 24 1 -2.25324 1
60 0 1 3.15705 1
60 115 1 2.58863 1
60 3 1 -0.25091 1
115 72 1 -1.4179 1
115 18 1 0.526765 1
115 14 1 1.19584 1
61 64 1 0.104222 1
61 65 1 -0.106807 1
61 66 1 2.28046 1
61 67 1 0.576274 1
61 68 1 -3.00486 1
61 69 1 3.33028 1
61 70 1 0.815479 1
61 71 1 -0.863995 1
61 72 1 -1.42599 1
61 73 1 1.23372 1
61 74 1 2.80915 1
61 75 1 3.27584 1
61 76 1 0.916675 1
61 77 1 0.150717 0
61 78 1 -0.455634 1
61 79 1 -0.272496 1
61 80 1 -0.866895 1
61 81 1 -1.1139 1
61 82 1 0.423025 1
61 83 1 0.238645 1
61 84 1 -2.81793 1
61 85 1 -1.51352 1
61 86 1 -0.000631433 1
61 87 1 2.25405 1
61 88 1 0.134254 1
61 89 1 1.01544 1
61 90 1 -0.692699 1
61 91 1 1.76909 1
61 92 1 -0.94635 1
61 93 1 -1.46717 1
61 94 1 0.470858 1
61 95 1 -1.31872 1
61 107 1 0.234588 1
61 113 1 -1.97655 1
61 14 1 -2.94184 1
107 77 1 -5.89124 0
107 113 1 0.0390943 1
107 14 1 -1.31921 1
113 77 1 -1.74914 1
113 23 1 -1.4121 1
113 147 1 0.298229 1
62 64 1 0.334864 1
62 65 1 -2.52873 1
62 66 1 2.95685 1
62 67 1 -1.09949 1
62 68 1 1.64134 1
62 69 1 -1.21174 1
62 70 1 2.1501 1
62 71 1 -2.05329 1
62 72 1 1.0447 1
62 73 1 1.8834 1
62 74 1 4.24193 1
62 75 1 -0.417572 1
62 76 1 3.88499 1
62 77 1 -3.88152 1
62 78 1 -0.984366 1
62 79 1 -1.7105 1
62 80 1 -1.5247 1
62 81 1 0.394083 1
62 82 1 -1.82328 1
62 83 1 1.55323 1
62 84 1 -1.40014 0
62 85 1 0.394331 1
62 86 1 4.42705 1
62 87 1 -2.13211 1
62 88 1 0.361237 1
62 89 1 -2.21189 1
62 90 1 -6.49124 1
62 91 1 0.955171 1
62 92 1 -0.778666 1
62 93 1 -1.50659 1
62 94 1 0.99978 1
62 95 1 -0.736753 1
62 5 1 0.931957 1
62 138 1 2.05073 0
62 152 1 0.697408 1
152 138 1 2.20316 1
138 84 1 -0.344089 1
63 64 1 2.64824 1
63 65 1 -1.49529 1
63 66 1 2.78519 1
63 67 1 0.526476 1
63 68 1 -0.753464 1
63 69 1 -4.4179 1
63 70 1 -0.860617 1
63 71 1 1.55233 1
63 72 1 -1.17708 1
63 73 1 0.95302 1
63 74 1 -6.91866 1
63 75 1 2.12268 1
63 76 1 -2.77498 0
63 77 1 1.03273 1
63 78 1 0.203628 1
63 79 1 0.231276 1
63 80 1 0.458049 1
63 81 1 -0.783837 1
63 82 1 1.53521 1
63 83 1 -3.90639 1
63 84 1 -2.03701 1
63 85 1 -3.28623 1
63 86 1 4.90602 1
63 87 1 -2.63024 0
63 88 1 0.0144864 1
63 89 1 -2.49553 1
63 90 1 3.03684 1
63 91 1 -0.936697 1
63 92 1 -0.124624 1
63 93 1 2.31387 1
63 94 1 -2.72572 1
63 95 1 -0.0853171 1
63 141 1 1.66903 1
63 144 1 0.15249 1
144 76 1 -1.6082 0
144 147 1 1.04186 1
147 76 1 -2.92016 1
141 87 1 -7.342 1
141 10 1 -1.26131 1
