154 64 32
2.88609 -0.409425 -7.97303 4.39728 -4.52217 1.79765 1.03893 1.08369 0.459385 2.57286 2.15478 4.19667 -4.31769 -3.93904 -0.0871679 -2.40141 0.735883 0.978951 -2.28705 -1.07082 -1.41753 0.558497 -0.872613 0.796398 -4.36905 -0.0753189 3.67242 1.568 -2.29063 -2.30659 -3.605 1.77246 0.345051 -0.0426674 1.10639 2.00525 -3.08941 -0.00809393 0.816626 -1.79216 -0.680765 1.28035 -0.629474 -4.62503 -2.95878 -0.957179 -2.85297 2.74818 -0.66641 3.14131 1.06944 -3.58803 -3.90053 -0.392226 -1.21485 3.95074 -2.079 0.630338 0.888044 -1.5319 3.08728 -1.72819 -0.957758 -3.3171 -5.27988 -0.400768 3.04936 1.61609 -4.27849 1.55138 -3.24506 -2.27719 -3.1627 -3.26851 2.12423 4.19979 -1.32919 -0.0429868 1.09929 -4.50556 -0.473433 0.103591 -1.80885 1.21365 1.85719 0.637629 -2.81203 0.0542823 4.16143 0.0451682 -1.56815 2.63943 -1.37887 -0.0457312 0.806197 -0.998334 -1.80834 0.177597 -1.41443 -1.24196 2.33769 -3.1797 -5.51197 -2.69998 -2.75077 0.744871 -2.04039 -2.83732 -2.00398 1.22679 -1.02243 1.24267 2.52565 -3.5511 0.460934 -0.847829 -2.87503 -0.336906 -0.550741 -1.02242 0.748379 -0.0740965 0.187598 1.05802 1.2167 3.61355 1.00577 0.373422 1.17306 1.58449 -0.679358 -1.12818 -1.04774 -0.658031 -0.950854 -1.19026 -1.00338 -1.06996 -2.42908 -0.254591 0.0174965 0.190987 -1.50662 0.925944 0.494272 0.439607 -0.11458 0.297892 0.205075 -2.07054 -0.501741 0.661046 -0.205514 0.172554 
0 64 1 -5.22714 1
0 65 1 2.56824 1
0 66 1 2.82253 1
0 67 1 0.829962 1
0 68 1 -0.930221 1
0 69 1 1.65631 1
0 70 1 0.125022 1
0 71 1 0.0566765 1
0 72 1 -0.111566 1
0 73 1 -2.40656 1
0 74 1 -2.5061 1
0 75 1 0.64798 1
0 76 1 2.78087 1
0 77 1 1.36837 1
0 78 1 -2.3445 1
0 79 1 2.28915 1
0 80 1 2.82354 1
0 81 1 2.8131 1
0 82 1 3.81228 1
0 83 1 1.94451 1
0 84 1 -2.49446 1
0 85 1 2.92957 1
0 86 1 -2.78012 1
0 87 1 -0.856997 1
0 88 1 -0.788686 1
0 89 1 1.94655 1
0 90 1 5.28883 1
0 91 1 4.96886 1
0 92 1 -3.36889 1
0 93 1 -1.73028 1
0 94 1 2.04062 1
0 95 1 1.36666 1
0 10 1 -2.18171 1
1 64 1 -1.02638 1
1 65 1 -2.69514 1
1 66 1 1.15447 1
1 67 1 -3.73187 1
1 68 1 4.48784 1
1 69 1 -1.00573 1
1 70 1 2.04026 1
1 71 1 -1.09603 1
1 72 1 -1.26834 1
1 73 1 -1.62179 1
1 74 1 -2.56666 1
1 75 1 3.54379 1
1 76 1 -1.64739 1
1 77 1 5.87817 1
1 78 1 -2.03124 1
1 79 1 -0.128074 1
1 80 1 -4.00501 1
1 81 1 2.17117 1
1 82 1 -0.898202 1
1 83 1 -4.82389 1
1 84 1 -0.709973 1
1 85 1 -1.53148 1
1 86 1 2.12044 1
1 87 1 -0.941807 1
1 88 1 0.000300928 1
1 89 1 2.84117 1
1 90 1 -2.02383 1
1 91 1 -1.40687 1
1 92 1 -1.54499 1
1 93 1 0.953271 1
1 94 1 -1.39458 1
1 95 1 -5.27236 1
1 27 1 1.09141 1
2 64 1 0.209392 1
2 65 1 0.297548 1
2 66 1 -2.79748 1
2 67 1 -1.36015 1
2 68 1 -2.59048 1
2 69 1 2.24167 1
2 70 1 -1.74676 1
2 71 1 4.63696 1
2 72 1 -1.98329 1
2 73 1 -2.84759 1
2 74 1 -3.61406 1
2 75 1 -0.33562 1
2 76 1 -4.19764 1
2 77 1 -0.573089 1
2 78 1 -1.26254 1
2 79 1 -3.6256 1
2 80 1 -5.01395 1
2 81 1 -3.93175 1
2 82 1 -0.525135 1
2 83 1 -2.58749 1
2 84 1 -0.113108 1
2 85 1 4.15255 1
2 86 1 -0.0939678 1
2 87 1 -0.860786 1
2 88 1 0.127856 1
2 89 1 -3.69767 1
2 90 1 -2.93596 1
2 91 1 -0.92513 1
2 92 1 1.58538 1
2 93 1 -2.89311 1
2 94 1 3.15817 1
2 95 1 -0.734477 1
2 100 1 -1.08618 1
2 6 1 4.40299 1
2 110 1 0.214559 1
3 64 1 -3.43562 1
3 65 1 -0.915056 1
3 66 1 0.0639776 1
3 67 1 0.676095 1
3 68 1 4.67889 1
3 69 1 -3.89165 1
3 70 1 -0.616144 1
3 71 1 0.959201 1
3 72 1 7.96178 1
3 73 1 -0.250708 1
3 74 1 0.113581 1
3 75 1 2.06219 1
3 76 1 1.53926 1
3 77 1 0.04897 1
3 78 1 -0.387622 1
3 79 1 0.205675 1
3 80 1 -3.08505 1
3 81 1 -1.7647 1
3 82 1 6.41557 1
3 83 1 1.11663 1
3 84 1 0.676674 1
3 85 1 -3.7672 1
3 86 1 -0.507531 1
3 87 1 1.60705 1
3 88 1 -2.10813 1
3 89 1 2.37355 1
3 90 1 0.448858 1
3 91 1 1.35598 1
3 92 1 -0.111863 1
3 93 1 -2.24892 1
3 94 1 -2.61241 1
3 95 1 2.21083 0
3 110 1 1.19746 1
110 95 1 -2.20653 0
110 111 1 -1.65878 0
110 132 1 1.75317 1
110 152 1 -0.291977 1
132 111 1 2.41593 1
111 95 1 -2.48865 1
4 64 1 1.99496 1
4 65 1 0.205299 1
4 66 1 -1.9093 1
4 67 1 3.0037 1
4 68 1 -0.77855 1
4 69 1 2.69884 1
4 70 1 0.411003 1
4 71 1 -0.25346 1
4 72 1 0.730321 1
4 73 1 -0.883733 0
4 74 1 0.338828 1
4 75 1 -5.1186 0
4 76 1 1.23186 1
4 77 1 2.57042 1
4 78 1 0.888867 1
4 79 1 3.45988 1
4 80 1 -3.87148 1
4 81 1 0.542466 1
4 82 1 0.265248 1
4 83 1 -2.46148 1
4 84 1 -0.145013 1
4 85 1 1.87203 1
4 86 1 2.39899 1
4 87 1 -0.672749 1
4 88 1 -2.96429 1
4 89 1 -0.784315 1
4 90 1 3.82839 1
4 91 1 -5.94992 1
4 92 1 -1.57065 1
4 93 1 0.0697347 0
4 94 1 -2.04768 1
4 95 1 1.50737 1
4 101 1 3.1905 1
4 17 1 3.45812 1
4 118 1 1.17736 1
4 145 1 1.84856 1
145 93 1 0.998973 1
118 73 1 -2.4729 1
101 75 1 1.38512 1
5 64 1 -2.48538 1
5 65 1 1.94684 1
5 66 1 -1.51113 1
5 67 1 6.38331 1
5 68 1 3.39052 1
5 69 1 4.62335 1
5 70 1 -1.57605 1
5 71 1 -0.316695 1
5 72 1 0.760207 1
5 73 1 -1.48606 1
5 74 1 -1.85423 1
5 75 1 2.36001 1
5 76 1 4.05466 1
5 77 1 0.816138 1
5 78 1 -0.460258 1
5 79 1 0.562098 1
5 80 1 2.53381 1
5 81 1 -1.68788 1
5 82 1 0.812302 1
5 83 1 4.48821 1
5 84 1 0.347866 1
5 85 1 2.53609 1
5 86 1 -3.3829 1
5 87 1 0.546979 1
5 88 1 -2.00016 1
5 89 1 -3.04051 1
5 90 1 -1.75668 1
5 91 1 -0.0441969 1
5 92 1 -1.00715 1
5 93 1 1.16803 1
5 94 1 -1.47389 1
5 95 1 0.549759 1
5 28 1 1.37736 1
6 64 1 0.0370468 1
6 65 1 -1.75351 1
6 66 1 2.59233 1
6 67 1 2.39895 1
6 68 1 -4.45514 1
6 69 1 -1.54956 1
6 70 1 -2.35649 1
6 71 1 -0.531941 1
6 72 1 2.08404 1
6 73 1 -3.48814 1
6 74 1 -4.32747 1
6 75 1 0.780569 1
6 76 1 2.6166 1
6 77 1 -0.406655 1
6 78 1 -1.85008 1
6 79 1 -1.10691 1
6 80 1 3.04794 1
6 81 1 -0.891278 1
6 82 1 1.6627 1
6 83 1 1.789 1
6 84 1 2.38088 1
6 85 1 -1.87141 1
6 86 1 0.0642468 1
6 87 1 2.69444 1
6 88 1 -2.99731 1
6 89 1 -1.71185 1
6 90 1 4.72568 1
6 91 1 -2.11898 1
6 92 1 3.03466 1
6 93 1 -3.60076 1
6 94 1 -3.51438 1
6 95 1 2.22161 1
6 26 1 0.765187 1
7 64 1 3.98983 1
7 65 1 1.51865 1
7 66 1 -1.21755 1
7 67 1 -4.91706 1
7 68 1 -2.42462 1
7 69 1 -1.62862 1
7 70 1 4.87454 1
7 71 1 1.37999 1
7 72 1 3.20442 1
7 73 1 -0.553726 1
7 74 1 -1.40565 1
7 75 1 -0.330222 1
7 76 1 2.68623 1
7 77 1 -0.326606 1
7 78 1 2.69728 1
7 79 1 2.42346 1
7 80 1 -0.617524 1
7 81 1 2.11582 1
7 82 1 -2.99734 0
7 83 1 2.66117 0
7 84 1 -2.11365 1
7 85 1 3.77024 1
7 86 1 1.46286 1
7 87 1 3.78375 1
7 88 1 -2.2812 1
7 89 1 -2.06337 1
7 90 1 0.88906 1
7 91 1 -2.48669 1
7 92 1 1.96762 1
7 93 1 -2.08597 1
7 94 1 -0.295826 1
7 95 1 3.11577 1
7 100 1 -0.843772 1
7 127 1 1.32842 1
127 82 1 -4.07741 1
100 83 1 1.90831 1
100 24 1 -1.21882 0
100 106 1 3.43487 1
106 24 1 -5.67257 1
106 6 1 -1.32591 1
8 64 1 2.89799 1
8 65 1 -3.13845 1
8 66 1 -0.47763 1
8 67 1 1.54551 1
8 68 1 -1.06401 1
8 69 1 3.09591 1
8 70 1 1.30545 1
8 71 1 2.74777 1
8 72 1 3.6951 1
8 73 1 -1.41909 1
8 74 1 0.729919 1
8 75 1 -2.28228 1
8 76 1 -0.807882 1
8 77 1 3.41248 1
8 78 1 -0.525107 1
8 79 1 -1.7023 1
8 80 1 0.512531 1
8 81 1 -1.63144 1
8 82 1 1.11998 1
8 83 1 -3.33212 1
8 84 1 3.61039 1
8 85 1 8.43602 1
8 86 1 4.63111 1
8 87 1 0.971259 1
8 88 1 -0.110922 1
8 89 1 4.39984 1
8 90 1 -0.351461 1
8 91 1 -0.953883 1
8 92 1 2.76693 1
8 93 1 5.29198 1
8 94 1 5.02886 1
8 95 1 -0.123498 1
8 17 1 -1.06977 1
9 64 1 -3.57836 1
9 65 1 -3.53459 1
9 66 1 1.6881 1
9 67 1 0.685144 1
9 68 1 -0.977913 1
9 69 1 0.44256 1
9 70 1 -6.17162 1
9 71 1 -0.51587 1
9 72 1 2.37862 1
9 73 1 -1.65765 1
9 74 1 0.528008 1
9 75 1 1.31391 1
9 76 1 1.86891 1
9 77 1 -0.579513 1
9 78 1 2.85274 1
9 79 1 1.7228 1
9 80 1 -1.73155 1
9 81 1 0.05383 1
9 82 1 -2.75267 1
9 83 1 -0.0962697 1
9 84 1 2.91819 1
9 85 1 1.85357 1
9 86 1 -1.5868 1
9 87 1 0.181095 1
9 88 1 -0.285591 1
9 89 1 5.87456 1
9 90 1 -1.03092 1
9 91 1 0.106364 1
9 92 1 -0.886259 1
9 93 1 -0.492443 1
9 94 1 -3.48117 1
9 95 1 0.85047 1
9 103 1 -0.641776 1
9 130 1 -1.22763 1
10 64 1 0.633686 1
10 65 1 -0.615825 1
10 66 1 6.89207 1
10 67 1 -4.98783 1
10 68 1 2.80863 1
10 69 1 -0.269238 1
10 70 1 -0.718389 1
10 71 1 -0.459929 1
10 72 1 5.99876 1
10 73 1 3.68488 1
10 74 1 0.810584 0
10 75 1 0.751601 1
10 76 1 2.31437 1
10 77 1 1.24988 1
10 78 1 -1.0399 1
10 79 1 -4.46278 1
10 80 1 -2.11439 1
10 81 1 3.33875 1
10 82 1 2.36934 1
10 83 1 2.33344 1
10 84 1 3.94992 1
10 85 1 2.94824 1
10 86 1 -1.57409 1
10 87 1 -0.477572 1
10 88 1 3.2989 1
10 89 1 0.645045 1
10 90 1 -0.300014 1
10 91 1 3.95741 1
10 92 1 0.0428217 1
10 93 1 -1.51533 1
10 94 1 4.01557 1
10 95 1 5.293 1
10 124 1 1.335 1
124 74 1 0.543727 1
11 64 1 3.18203 1
11 65 1 0.57362 1
11 66 1 3.07582 1
11 67 1 -0.702725 1
11 68 1 5.25132 1
11 69 1 0.325503 1
11 70 1 3.22076 1
11 71 1 1.61918 1
11 72 1 -3.72645 1
11 73 1 0.544637 1
11 74 1 -0.54037 0
11 75 1 -1.15261 1
11 76 1 -1.78043 1
11 77 1 -0.508734 1
11 78 1 -0.62836 1
11 79 1 -0.347433 1
11 80 1 -3.26871 1
11 81 1 0.329429 1
11 82 1 6.19265 1
11 83 1 1.92382 1
11 84 1 1.57438 1
11 85 1 -2.28466 1
11 86 1 -3.67826 1
11 87 1 -1.71262 1
11 88 1 -3.94048 1
11 89 1 -0.524355 1
11 90 1 -2.32039 1
11 91 1 -0.69377 1
11 92 1 -1.79802 1
11 93 1 3.58041 1
11 94 1 -1.45376 1
11 95 1 -4.35383 1
11 120 1 -4.68066 1
11 109 1 0.42077 1
120 74 1 -2.44914 1
120 13 1 -0.166294 0
120 150 1 2.08944 1
150 13 1 0.0146697 1
12 64 1 -1.31932 1
12 65 1 -0.520561 1
12 66 1 -1.02664 1
12 67 1 -2.90403 1
12 68 1 0.756473 1
12 69 1 1.41157 1
12 70 1 -0.573605 1
12 71 1 1.9183 1
12 72 1 2.21819 1
12 73 1 -3.92568 1
12 74 1 -3.49529 1
12 75 1 -2.84151 1
12 76 1 -0.546822 1
12 77 1 1.542 1
12 78 1 -0.293405 1
12 79 1 -0.916263 1
12 80 1 -3.45488 1
12 81 1 -2.47811 1
12 82 1 2.85877 1
12 83 1 -0.263073 1
12 84 1 1.22391 1
12 85 1 -1.567 1
12 86 1 -0.607207 1
12 87 1 0.091579 1
12 88 1 -3.85478 1
12 89 1 3.07554 1
12 90 1 -0.804066 1
12 91 1 -1.72334 1
12 92 1 2.62779 1
12 93 1 -2.33537 1
12 94 1 2.506 1
12 95 1 -2.278 1
12 17 1 -0.905142 1
12 18 1 0.457028 1
12 144 1 -0.529103 1
13 64 1 0.302523 1
13 65 1 -4.97596 1
13 66 1 -1.31854 1
13 67 1 1.93478 1
13 68 1 1.3952 1
13 69 1 -2.81882 1
13 70 1 0.576434 1
13 71 1 1.04921 1
13 72 1 0.545609 1
13 73 1 -3.922 1
13 74 1 -3.06415 1
13 75 1 -1.66039 1
13 76 1 -0.399381 1
13 77 1 -1.48379 1
13 78 1 2.59431 1
13 79 1 1.35045 1
13 80 1 1.42558 1
13 81 1 0.41148 1
13 82 1 0.0309047 1
13 83 1 2.56588 1
13 84 1 -2.39677 1
13 85 1 6.69262 1
13 86 1 5.48795 1
13 87 1 6.44329 1
13 88 1 3.30363 1
13 89 1 -0.0896574 1
13 90 1 -3.99065 1
13 91 1 -3.94265 1
13 92 1 -0.885044 1
13 93 1 -2.38736 1
13 94 1 1.09981 1
13 95 1 -3.91542 1
14 64 1 -2.68088 1
14 65 1 5.91314 1
14 66 1 0.472081 1
14 67 1 -0.193728 1
14 68 1 -1.59614 1
14 69 1 2.57957 1
14 70 1 -1.4586 1
14 71 1 0.418209 1
14 72 1 2.02951 1
14 73 1 0.00372562 1
14 74 1 0.167405 1
14 75 1 2.47702 1
14 76 1 -1.96527 1
14 77 1 2.67354 1
14 78 1 -2.76629 1
14 79 1 -1.2351 1
14 80 1 -1.88714 1
14 81 1 1.65597 0
14 82 1 4.80537 1
14 83 1 -0.611508 1
14 84 1 0.61452 1
14 85 1 -2.07045 1
14 86 1 2.60039 1
14 87 1 -1.64759 1
14 88 1 -0.782148 1
14 89 1 -0.178489 1
14 90 1 0.345281 1
14 91 1 3.58085 1
14 92 1 2.9155 1
14 93 1 0.994308 1
14 94 1 5.71081 1
14 95 1 0.253444 1
14 104 1 -1.95679 1
14 119 1 1.72667 1
119 81 1 4.47323 1
119 99 1 -1.40096 1
15 64 1 -1.16256 1
15 65 1 0.771419 1
15 66 1 -4.1311 1
15 67 1 -1.55622 1
15 68 1 0.649778 1
15 69 1 -1.98438 1
15 70 1 7.32717 1
15 71 1 -0.510501 1
15 72 1 -1.23273 1
15 73 1 -0.216364 1
15 74 1 1.75758 1
15 75 1 -1.43007 1
15 76 1 -0.751047 1
15 77 1 0.358007 1
15 78 1 -2.30604 1
15 79 1 -0.584018 1
15 80 1 1.37315 1
15 81 1 0.506397 1
15 82 1 -3.01612 1
15 83 1 -0.684242 1
15 84 1 2.32522 1
15 85 1 -0.889731 1
15 86 1 1.89976 1
15 87 1 -4.93556 1
15 88 1 0.58633 1
15 89 1 2.38845 1
15 90 1 0.605204 1
15 91 1 -4.51794 1
15 92 1 1.60957 1
15 93 1 -1.98494 1
15 94 1 0.922913 1
15 95 1 2.63576 1
15 20 1 -0.0200971 1
16 64 1 4.17291 1
16 65 1 0.55193 1
16 66 1 -3.26897 1
16 67 1 -2.72512 1
16 68 1 0.966027 1
16 69 1 -0.544603 1
16 70 1 2.16943 1
16 71 1 3.57021 1
16 72 1 -0.689296 1
16 73 1 -2.25584 1
16 74 1 -0.197603 1
16 75 1 1.5548 1
16 76 1 0.406165 1
16 77 1 1.25341 1
16 78 1 -1.43253 1
16 79 1 -0.255173 0
16 80 1 -0.0993574 1
16 81 1 2.25356 1
16 82 1 -2.38617 1
16 83 1 2.73326 1
16 84 1 -1.54281 1
16 85 1 -1.52508 1
16 86 1 -1.82055 1
16 87 1 -1.71336 1
16 88 1 0.715409 1
16 89 1 1.02726 1
16 90 1 -1.33599 1
16 91 1 1.80898 1
16 92 1 5.00119 1
16 93 1 -2.13212 1
16 94 1 -1.25121 1
16 95 1 -3.02774 1
16 26 1 -0.648618 1
16 151 1 1.33361 1
151 79 1 0.275477 1
17 64 1 -2.44567 1
17 65 1 -0.680228 1
17 66 1 -2.38505 1
17 67 1 4.57549 1
17 68 1 -1.84185 1
17 69 1 1.13228 1
17 70 1 0.420625 1
17 71 1 2.16154 1
17 72 1 -5.63964 0
17 73 1 0.873997 1
17 74 1 3.96223 1
17 75 1 0.956352 1
17 76 1 -1.64106 1
17 77 1 3.01105 1
17 78 1 0.0880005 1
17 79 1 -1.87092 1
17 80 1 5.41565 1
17 81 1 3.30992 1
17 82 1 -0.603578 1
17 83 1 -0.810958 1
17 84 1 -3.95842 1
17 85 1 1.99659 1
17 86 1 1.09542 1
17 87 1 -2.39401 1
17 88 1 -6.43104 1
17 89 1 2.10882 1
17 90 1 -3.63458 1
17 91 1 5.61399 1
17 92 1 0.0733393 1
17 93 1 3.6419 1
17 94 1 2.76152 1
17 95 1 1.42273 1
17 146 1 2.32799 1
146 72 1 -4.71807 1
18 64 1 2.40338 1
18 65 1 -2.15749 1
18 66 1 2.01179 1
18 67 1 0.746895 1
18 68 1 0.147627 1
18 69 1 0.38322 1
18 70 1 2.11364 1
18 71 1 0.161099 1
18 72 1 2.78879 1
18 73 1 -0.248609 1
18 74 1 2.29768 1
18 75 1 -0.408561 1
18 76 1 5.03429 1
18 77 1 -1.39577 1
18 78 1 2.32227 1
18 79 1 0.85389 1
18 80 1 -4.59379 1
18 81 1 2.16739 1
18 82 1 -2.80714 1
18 83 1 3.62329 1
18 84 1 -2.13743 1
18 85 1 0.873492 1
18 86 1 5.69905 1
18 87 1 -1.48663 1
18 88 1 0.682061 1
18 89 1 -2.99718 1
18 90 1 0.640087 1
18 91 1 1.36125 1
18 92 1 -2.53295 1
18 93 1 -0.69006 1
18 94 1 -1.42803 1
18 95 1 0.0179175 1
18 25 1 -0.250239 1
18 18 1 0.273502 1
18 139 1 0.174535 1
19 64 1 5.12378 1
19 65 1 -1.75564 1
19 66 1 4.57247 1
19 67 1 -1.22461 1
19 68 1 -3.60987 1
19 69 1 1.34658 1
19 70 1 -0.329401 1
19 71 1 -1.5262 1
19 72 1 2.24441 1
19 73 1 2.15862 1
19 74 1 -0.89555 1
19 75 1 0.853527 1
19 76 1 -2.33942 1
19 77 1 -2.46417 1
19 78 1 -3.52575 1
19 79 1 4.33075 1
19 80 1 0.671672 1
19 81 1 -2.83381 1
19 82 1 -0.383312 1
19 83 1 -3.95213 1
19 84 1 1.00918 1
19 85 1 1.46025 1
19 86 1 0.0796436 1
19 87 1 2.68558 1
19 88 1 0.389935 1
19 89 1 5.02633 1
19 90 1 -1.55585 1
19 91 1 -0.648015 1
19 92 1 -0.242025 1
19 93 1 -3.51201 1
19 94 1 -1.82839 1
19 95 1 -6.05437 1
20 64 1 2.57279 1
20 65 1 -0.868098 1
20 66 1 -2.30685 1
20 67 1 0.690021 1
20 68 1 -1.63577 1
20 69 1 0.623342 1
20 70 1 -4.10112 1
20 71 1 3.07098 1
20 72 1 3.16315 1
20 73 1 1.70093 1
20 74 1 2.57806 1
20 75 1 2.33568 1
20 76 1 -0.271798 1
20 77 1 -0.453976 1
20 78 1 2.04682 1
20 79 1 1.98927 1
20 80 1 0.168846 1
20 81 1 1.22396 1
20 82 1 2.4399 1
20 83 1 2.08151 1
20 84 1 2.2636 1
20 85 1 -4.22153 1
20 86 1 -0.0903117 1
20 87 1 0.101815 1
20 88 1 1.90995 1
20 89 1 1.1547 1
20 90 1 3.42028 1
20 91 1 0.493075 0
20 92 1 1.02299 1
20 93 1 0.338207 0
20 94 1 3.14652 0
20 95 1 -1.34276 1
20 96 1 -4.26054 1
20 98 1 -0.471369 1
20 103 1 1.57525 1
20 109 1 -0.232982 1
103 91 1 0.310071 0
103 105 1 1.86076 1
103 112 1 -1.24494 0
103 123 1 -0.616383 1
103 140 1 -0.894285 1
140 112 1 2.40837 1
123 91 1 0.581664 1
123 113 1 0.603733 0
123 136 1 1.49936 1
123 137 1 -0.203467 1
136 113 1 -1.7083 1
105 91 1 2.39221 0
105 129 1 -0.77746 1
129 91 1 -0.575289 0
129 135 1 2.35716 1
129 116 1 1.05809 1
135 91 1 -1.30583 1
98 93 1 -0.756909 1
98 99 1 4.50062 1
98 15 1 0.378394 1
96 94 1 2.19432 1
96 20 1 0.320445 1
21 64 1 2.48185 1
21 65 1 6.52865 1
21 66 1 -3.01499 1
21 67 1 -4.40304 1
21 68 1 -1.8206 1
21 69 1 1.78998 1
21 70 1 -0.541044 1
21 71 1 -3.53945 1
21 72 1 -7.91821 1
21 73 1 -1.1129 1
21 74 1 -1.09764 1
21 75 1 1.63099 1
21 76 1 -1.43729 1
21 77 1 -0.746288 1
21 78 1 -1.56545 1
21 79 1 -1.52485 1
21 80 1 2.72142 1
21 81 1 -2.22193 1
21 82 1 -1.58559 1
21 83 1 -0.394917 1
21 84 1 4.7488 1
21 85 1 -0.502762 1
21 86 1 1.29144 1
21 87 1 -0.614298 1
21 88 1 3.60717 1
21 89 1 -0.0608955 1
21 90 1 0.959864 1
21 91 1 1.36992 0
21 92 1 0.96202 1
21 93 1 0.160915 1
21 94 1 -4.62453 1
21 95 1 -0.417607 1
21 143 1 3.16549 1
143 91 1 -1.12323 1
22 64 1 2.19348 1
22 65 1 0.167919 1
22 66 1 0.155517 1
22 67 1 4.60963 1
22 68 1 -1.44469 1
22 69 1 -1.93513 1
22 70 1 -2.43812 1
22 71 1 1.13639 1
22 72 1 -4.55964 1
22 73 1 -0.0983424 1
22 74 1 -4.06096 1
22 75 1 -1.86093 1
22 76 1 2.24128 1
22 77 1 -0.18644 1
22 78 1 4.0997 1
22 79 1 6.50525 1
22 80 1 -0.0200749 1
22 81 1 -1.13288 1
22 82 1 0.0174513 1
22 83 1 -0.850357 1
22 84 1 -1.89851 1
22 85 1 -0.00899242 1
22 86 1 0.354947 1
22 87 1 5.71359 1
22 88 1 -2.79399 1
22 89 1 -0.951679 1
22 90 1 2.14062 1
22 91 1 0.833716 1
22 92 1 1.8738 1
22 93 1 2.03617 1
22 94 1 4.6141 1
22 95 1 3.1148 1
23 64 1 -2.51899 1
23 65 1 1.3986 1
23 66 1 0.308522 1
23 67 1 1.8315 1
23 68 1 -1.94541 1
23 69 1 1.84224 1
23 70 1 4.5124 1
23 71 1 -3.022 1
23 72 1 -0.605144 1
23 73 1 -0.665205 1
23 74 1 2.32753 1
23 75 1 0.478654 1
23 76 1 2.37552 1
23 77 1 2.92322 1
23 78 1 -0.427715 1
23 79 1 -4.95735 1
23 80 1 1.00867 1
23 81 1 1.18274 1
23 82 1 -2.5256 1
23 83 1 2.41676 1
23 84 1 3.99337 1
23 85 1 -2.0827 1
23 86 1 -8.50564 1
23 87 1 0.873053 1
23 88 1 2.19615 1
23 89 1 -0.665037 1
23 90 1 -2.4276 1
23 91 1 -1.03554 1
23 92 1 0.282735 1
23 93 1 2.43543 1
23 94 1 -3.06312 1
23 95 1 -0.0553508 1
23 107 1 1.24271 1
23 27 1 -0.540825 1
24 64 1 -1.20057 1
24 65 1 2.84637 1
24 66 1 -0.902837 1
24 67 1 5.26967 1
24 68 1 -4.84594 1
24 69 1 4.04301 1
24 70 1 -0.0424973 1
24 71 1 4.02058 1
24 72 1 1.37025 1
24 73 1 1.57734 1
24 74 1 -0.142086 1
24 75 1 0.686901 1
24 76 1 -0.316361 1
24 77 1 -0.277725 1
24 78 1 -4.59309 1
24 79 1 -1.64306 1
24 80 1 3.91677 1
24 81 1 1.94738 1
24 82 1 1.22395 1
24 83 1 -3.49439 1
24 84 1 -4.39973 1
24 85 1 -1.33006 1
24 86 1 -4.63238 1
24 87 1 2.62259 1
24 88 1 -2.63038 1
24 89 1 6.47265 1
24 90 1 3.21963 1
24 91 1 -3.47856 1
24 92 1 -0.278151 1
24 93 1 0.646945 1
24 94 1 -0.873982 1
24 95 1 -1.84523 1
24 5 1 1.09994 1
25 64 1 0.606428 1
25 65 1 1.22769 1
25 66 1 -0.582728 1
25 67 1 -1.75394 1
25 68 1 2.4887 1
25 69 1 -5.2264 1
25 70 1 0.382518 0
25 71 1 -2.59182 1
25 72 1 1.69051 1
25 73 1 0.447096 1
25 74 1 1.58464 1
25 75 1 -2.24333 1
25 76 1 -0.28279 1
25 77 1 -0.835192 1
25 78 1 1.87008 1
25 79 1 -0.0006406 1
25 80 1 -0.336906 1
25 81 1 -3.56657 1
25 82 1 -0.837494 1
25 83 1 4.16687 1
25 84 1 -0.949954 1
25 85 1 -1.39133 1
25 86 1 1.41626 1
25 87 1 2.16166 1
25 88 1 0.114181 1
25 89 1 1.54401 1
25 90 1 -2.47651 1
25 91 1 1.38155 1
25 92 1 1.61454 1
25 93 1 -1.06365 1
25 94 1 -1.17592 1
25 95 1 -2.41813 1
25 8 1 0.351053 1
25 6 1 -1.5472 1
25 121 1 -1.80097 1
121 70 1 6.77945 1
26 64 1 -2.54025 1
26 65 1 2.8788 1
26 66 1 0.34484 1
26 67 1 2.0779 1
26 68 1 0.391696 1
26 69 1 3.13685 1
26 70 1 -2.95489 1
26 71 1 1.1546 1
26 72 1 -1.76096 1
26 73 1 0.5659 1
26 74 1 -6.31481 1
26 75 1 2.54462 1
26 76 1 0.685537 1
26 77 1 -4.18283 1
26 78 1 3.05039 1
26 79 1 -0.495595 1
26 80 1 -0.341391 1
26 81 1 4.06576 1
26 82 1 0.961198 1
26 83 1 1.16144 1
26 84 1 -4.3181 1
26 85 1 2.05636 1
26 86 1 -4.27486 1
26 87 1 0.586994 1
26 88 1 -3.86652 1
26 89 1 -0.585488 1
26 90 1 -2.79731 1
26 91 1 -3.68329 1
26 92 1 -0.0411118 1
26 93 1 0.369988 1
26 94 1 2.11278 1
26 95 1 -0.746647 1
26 23 1 3.60621 1
26 15 1 3.53981 1
27 64 1 -3.77073 1
27 65 1 3.28347 1
27 66 1 3.70585 1
27 67 1 -0.622846 1
27 68 1 1.2548 1
27 69 1 1.83829 1
27 70 1 3.95845 1
27 71 1 -6.29288 1
27 72 1 -0.676061 1
27 73 1 1.70974 1
27 74 1 -2.06248 1
27 75 1 2.20368 1
27 76 1 -3.11299 1
27 77 1 -1.81459 1
27 78 1 -0.796539 1
27 79 1 0.806334 1
27 80 1 -2.32288 1
27 81 1 -1.64222 1
27 82 1 1.5601 1
27 83 1 0.301363 1
27 84 1 1.20046 1
27 85 1 0.10501 1
27 86 1 -2.00012 1
27 87 1 1.03521 1
27 88 1 -4.46328 1
27 89 1 -5.59684 1
27 90 1 3.34612 1
27 91 1 -2.11641 1
27 92 1 -0.703842 1
27 93 1 -0.58881 1
27 94 1 2.07442 1
27 95 1 -1.39404 1
27 9 1 1.56847 1
27 5 1 -2.25297 1
28 64 1 4.09058 1
28 65 1 -0.647447 1
28 66 1 -2.39925 1
28 67 1 4.54797 1
28 68 1 3.1862 1
28 69 1 1.68324 1
28 70 1 0.324972 1
28 71 1 -1.11111 1
28 72 1 -6.52344 1
28 73 1 0.434556 1
28 74 1 -1.79716 1
28 75 1 0.381638 1
28 76 1 0.290031 1
28 77 1 2.09593 1
28 78 1 -3.13763 1
28 79 1 0.765402 1
28 80 1 2.11994 1
28 81 1 -1.52149 1
28 82 1 2.98031 1
28 83 1 2.64025 1
28 84 1 3.60136 1
28 85 1 -6.77807 1
28 86 1 -2.8178 1
28 87 1 -1.877 1
28 88 1 -3.75728 1
28 89 1 1.48907 1
28 90 1 -2.64128 1
28 91 1 -1.63177 1
28 92 1 3.74794 1
28 93 1 -3.30599 1
28 94 1 4.5557 1
28 95 1 -3.3669 1
29 64 1 -0.513929 1
29 65 1 -1.82138 1
29 66 1 -1.23906 1
29 67 1 1.37757 1
29 68 1 -6.91764 1
29 69 1 1.24515 1
29 70 1 -0.627854 1
29 71 1 -1.13562 1
29 72 1 0.29991 1
29 73 1 -0.78885 1
29 74 1 0.697623 1
29 75 1 0.372111 1
29 76 1 -0.524945 1
29 77 1 1.40716 1
29 78 1 -4.15691 1
29 79 1 -2.642 1
29 80 1 3.03484 1
29 81 1 1.06607 1
29 82 1 1.65827 1
29 83 1 -0.282894 1
29 84 1 1.93473 1
29 85 1 -1.10342 1
29 86 1 -1.92365 1
29 87 1 -4.3662 1
29 88 1 -1.74804 1
29 89 1 -2.45074 1
29 90 1 -1.0342 1
29 91 1 0.231918 1
29 92 1 0.697434 1
29 93 1 1.71297 1
29 94 1 -3.08788 1
29 95 1 0.0958169 1
29 113 1 1.0202 1
30 64 1 -0.704298 1
30 65 1 1.46094 1
30 66 1 5.04394 1
30 67 1 0.982104 1
30 68 1 1.53467 1
30 69 1 2.874 1
30 70 1 1.6403 1
30 71 1 -3.47583 1
30 72 1 0.0505916 1
30 73 1 2.44192 1
30 74 1 -0.605501 1
30 75 1 3.77552 1
30 76 1 2.64861 1
30 77 1 -1.60644 1
30 78 1 2.33146 1
30 79 1 4.04971 1
30 80 1 -1.53382 1
30 81 1 -2.6176 1
30 82 1 3.48269 1
30 83 1 4.01701 1
30 84 1 2.3763 1
30 85 1 -2.59822 1
30 86 1 -1.01153 1
30 87 1 -2.59181 1
30 88 1 1.22353 1
30 89 1 -0.366819 1
30 90 1 2.42533 1
30 91 1 5.50367 1
30 92 1 -0.905546 1
30 93 1 1.29189 1
30 94 1 1.72778 1
30 95 1 -0.73617 1
30 28 1 0.2336 1
31 64 1 2.9404 1
31 65 1 -0.692099 1
31 66 1 -3.38513 1
31 67 1 4.94912 1
31 68 1 3.33665 1
31 69 1 0.570225 1
31 70 1 -2.87722 1
31 71 1 2.20735 1
31 72 1 -3.26538 1
31 73 1 -2.83622 1
31 74 1 3.33429 1
31 75 1 1.59768 1
31 76 1 1.89063 1
31 77 1 -0.252325 1
31 78 1 -3.01563 1
31 79 1 1.34545 1
31 80 1 -0.879618 1
31 81 1 -2.75103 1
31 82 1 -1.54903 1
31 83 1 -0.0172939 1
31 84 1 -3.2261 1
31 85 1 -3.43212 1
31 86 1 0.511936 1
31 87 1 -2.81306 0
31 88 1 3.93741 1
31 89 1 -1.01186 1
31 90 1 0.313797 1
31 91 1 -2.09656 1
31 92 1 0.76161 1
31 93 1 1.11429 1
31 94 1 0.284627 1
31 95 1 -1.09157 1
31 122 1 1.45363 1
122 87 1 0.874217 1
32 64 1 7.55091 1
32 65 1 1.178 1
32 66 1 -3.42482 1
32 67 1 1.83453 1
32 68 1 0.980443 1
32 69 1 1.67466 1
32 70 1 -0.0297824 1
32 71 1 2.77679 1
32 72 1 -3.45862 1
32 73 1 0.78167 1
32 74 1 -1.48438 1
32 75 1 2.81174 1
32 76 1 -1.45641 1
32 77 1 3.4952 1
32 78 1 -0.564772 1
32 79 1 2.19061 1
32 80 1 -0.231448 1
32 81 1 -2.43213 1
32 82 1 -1.73803 1
32 83 1 -3.14448 1
32 84 1 1.35845 1
32 85 1 -3.65131 1
32 86 1 0.220836 1
32 87 1 -1.32411 1
32 88 1 -1.14835 1
32 89 1 -3.25419 1
32 90 1 1.10337 1
32 91 1 -2.65785 1
32 92 1 2.05661 1
32 93 1 0.714313 1
32 94 1 -0.206148 1
32 95 1 -1.62412 1
33 64 1 2.44797 1
33 65 1 -5.29534 1
33 66 1 -1.10669 1
33 67 1 -2.59231 1
33 68 1 -0.829903 1
33 69 1 -2.39115 1
33 70 1 3.38855 1
33 71 1 3.64599 1
33 72 1 1.75809 1
33 73 1 2.67711 1
33 74 1 3.18825 1
33 75 1 -5.57297 1
33 76 1 -1.4764 1
33 77 1 1.13763 1
33 78 1 -3.76666 1
33 79 1 -2.65319 1
33 80 1 0.879803 1
33 81 1 -1.81151 1
33 82 1 0.909066 1
33 83 1 0.933515 1
33 84 1 0.815006 1
33 85 1 1.93481 1
33 86 1 2.37748 1
33 87 1 1.82759 1
33 88 1 2.66017 1
33 89 1 4.77272 1
33 90 1 -2.17945 1
33 91 1 -0.028995 1
33 92 1 1.77682 1
33 93 1 1.50398 1
33 94 1 0.463212 1
33 95 1 -0.530122 1
33 20 1 -2.71317 1
33 107 1 0.202037 1
33 13 1 0.361829 1
34 64 1 -0.0689167 1
34 65 1 -0.588267 1
34 66 1 2.01725 1
34 67 1 0.361985 1
34 68 1 1.02152 1
34 69 1 -0.454948 1
34 70 1 -1.53862 1
34 71 1 -1.03487 1
34 72 1 -1.72106 1
34 73 1 -4.26811 1
34 74 1 1.1987 1
34 75 1 6.50383 1
34 76 1 -1.65165 1
34 77 1 -0.871018 1
34 78 1 -1.75786 1
34 79 1 2.37232 1
34 80 1 2.46617 1
34 81 1 -1.22825 1
34 82 1 0.0983775 1
34 83 1 1.71601 1
34 84 1 0.545892 1
34 85 1 -0.367216 1
34 86 1 0.111456 1
34 87 1 0.0411022 1
34 88 1 1.41705 1
34 89 1 -1.61144 1
34 90 1 -6.13436 1
34 91 1 2.95056 1
34 92 1 1.56238 1
34 93 1 -2.47181 1
34 94 1 2.80456 1
34 95 1 2.39215 1
34 113 1 -0.270147 1
35 64 1 -0.574758 1
35 65 1 -1.29073 1
35 66 1 -0.592172 1
35 67 1 2.88106 1
35 68 1 1.31667 1
35 69 1 3.88763 1
35 70 1 2.66499 1
35 71 1 3.16716 1
35 72 1 3.06787 1
35 73 1 6.38327 1
35 74 1 2.32034 1
35 75 1 -0.0827999 1
35 76 1 -3.31762 1
35 77 1 0.352855 1
35 78 1 -1.02169 1
35 79 1 1.45905 1
35 80 1 -7.26307 1
35 81 1 -1.13306 1
35 82 1 2.79514 0
35 83 1 0.78492 1
35 84 1 3.51051 1
35 85 1 -4.92538 1
35 86 1 -1.82633 1
35 87 1 -2.2082 1
35 88 1 -0.288319 1
35 89 1 1.16659 0
35 90 1 -1.31752 1
35 91 1 -1.84403 1
35 92 1 -3.07067 1
35 93 1 -2.70461 1
35 94 1 -1.04023 1
35 95 1 -0.387647 1
35 130 1 0.827923 1
35 133 1 3.76727 1
133 82 1 2.17201 1
130 89 1 1.16484 1
36 64 1 -0.237941 1
36 65 1 1.7139 1
36 66 1 -0.678654 1
36 67 1 -0.769445 1
36 68 1 -4.94395 1
36 69 1 -2.84061 1
36 70 1 -0.729941 1
36 71 1 1.16725 1
36 72 1 -0.792889 1
36 73 1 -0.235502 1
36 74 1 -1.00709 1
36 75 1 0.427084 1
36 76 1 1.51752 1
36 77 1 -4.21654 1
36 78 1 0.0950953 1
36 79 1 2.9341 1
36 80 1 1.7373 1
36 81 1 -0.877683 1
36 82 1 -1.296 0
36 83 1 0.0444566 1
36 84 1 3.12225 1
36 85 1 -2.99547 1
36 86 1 0.691539 1
36 87 1 0.129646 1
36 88 1 -0.690999 1
36 89 1 1.39963 1
36 90 1 -2.96626 1
36 91 1 1.95197 1
36 92 1 4.43146 1
36 93 1 0.0937583 1
36 94 1 -2.44701 1
36 95 1 6.08009 1
36 109 1 0.620584 0
36 24 1 -1.28287 1
36 117 1 2.13291 1
117 109 1 1.12285 1
109 82 1 1.57978 1
109 31 1 -0.363872 1
37 64 1 -2.74649 1
37 65 1 2.10542 1
37 66 1 -1.88969 1
37 67 1 -1.10624 1
37 68 1 -4.47346 1
37 69 1 3.08284 1
37 70 1 -3.41003 1
37 71 1 -0.664339 1
37 72 1 2.94553 1
37 73 1 2.57825 1
37 74 1 -0.532753 1
37 75 1 0.900889 1
37 76 1 3.66116 0
37 77 1 3.79665 1
37 78 1 -1.53023 1
37 79 1 0.593505 1
37 80 1 3.9103 1
37 81 1 -0.0198444 1
37 82 1 4.3264 1
37 83 1 1.54112 1
37 84 1 -4.33921 1
37 85 1 2.06781 1
37 86 1 -1.18707 1
37 87 1 1.46383 1
37 88 1 -2.69456 1
37 89 1 -2.22333 1
37 90 1 -0.863216 1
37 91 1 2.11034 1
37 92 1 2.78396 1
37 93 1 0.216678 1
37 94 1 -2.9713 1
37 95 1 -0.0766687 1
37 142 1 1.87952 1
142 76 1 -1.17731 1
142 147 1 -1.71829 1
38 64 1 0.616537 1
38 65 1 -1.96977 1
38 66 1 -1.05955 1
38 67 1 -0.771171 1
38 68 1 -1.52723 1
38 69 1 -5.51955 1
38 70 1 -0.186827 1
38 71 1 0.0773101 1
38 72 1 0.539314 1
38 73 1 0.990716 1
38 74 1 -1.70107 1
38 75 1 1.52888 1
38 76 1 1.40472 1
38 77 1 -1.67359 1
38 78 1 -1.5404 1
38 79 1 -0.632691 1
38 80 1 -4.1964 1
38 81 1 -0.94213 1
38 82 1 2.14929 1
38 83 1 -1.06845 1
38 84 1 -2.24841 1
38 85 1 -4.66255 1
38 86 1 -0.122914 1
38 87 1 -0.571553 1
38 88 1 1.58823 1
38 89 1 3.44208 1
38 90 1 0.429592 1
38 91 1 2.06475 1
38 92 1 2.69431 0
38 93 1 -2.24449 1
38 94 1 0.156968 1
38 95 1 -2.8223 1
38 148 1 1.88981 1
148 92 1 3.97907 1
39 64 1 1.19798 1
39 65 1 -1.83258 1
39 66 1 2.86664 1
39 67 1 -0.0185501 1
39 68 1 1.55524 1
39 69 1 -0.324807 1
39 70 1 1.79842 1
39 71 1 -0.942205 1
39 72 1 -2.2386 1
39 73 1 -4.737 1
39 74 1 1.43321 1
39 75 1 2.33521 0
39 76 1 3.34126 1
39 77 1 -0.120019 1
39 78 1 -2.31703 1
39 79 1 -3.15017 1
39 80 1 2.03022 1
39 81 1 -3.15548 1
39 82 1 0.526501 1
39 83 1 -0.372149 1
39 84 1 -2.21965 1
39 85 1 -0.385379 1
39 86 1 1.95637 1
39 87 1 1.82282 1
39 88 1 -1.97697 1
39 89 1 0.271978 1
39 90 1 3.79057 1
39 91 1 -0.802919 1
39 92 1 3.94211 1
39 93 1 1.24701 1
39 94 1 -4.58623 1
39 95 1 -1.4992 1
39 2 1 -4.50471 1
39 112 1 3.35022 1
39 13 1 -0.314144 1
39 104 1 -0.555082 1
112 75 1 -2.44863 1
112 138 1 -1.27083 1
40 64 1 -5.45835 1
40 65 1 -1.02874 1
40 66 1 1.54257 1
40 67 1 0.586629 1
40 68 1 2.66566 1
40 69 1 2.2023 1
40 70 1 -1.78934 1
40 71 1 0.679715 1
40 72 1 3.19675 1
40 73 1 1.50911 1
40 74 1 -2.57278 1
40 75 1 0.668297 1
40 76 1 -1.18049 1
40 77 1 3.07294 1
40 78 1 2.36494 1
40 79 1 -1.57174 1
40 80 1 -0.924843 1
40 81 1 0.0891183 1
40 82 1 1.24558 1
40 83 1 -2.83727 1
40 84 1 0.207903 1
40 85 1 2.15247 1
40 86 1 2.77018 1
40 87 1 1.79023 1
40 88 1 1.05417 1
40 89 1 -0.419787 1
40 90 1 -2.05276 1
40 91 1 -1.9102 1
40 92 1 -2.94716 1
40 93 1 2.27679 1
40 94 1 0.275483 1
40 95 1 1.84739 1
40 2 1 -0.678584 1
40 134 1 0.681823 1
41 64 1 5.29299 1
41 65 1 -1.27969 1
41 66 1 0.654124 1
41 67 1 1.12817 1
41 68 1 2.66408 1
41 69 1 -0.313658 1
41 70 1 1.75266 1
41 71 1 0.206841 1
41 72 1 3.49837 1
41 73 1 -5.1899 1
41 74 1 -0.108784 1
41 75 1 2.06115 1
41 76 1 -3.39396 1
41 77 1 -0.884468 1
41 78 1 -2.54569 1
41 79 1 0.824441 1
41 80 1 1.16982 1
41 81 1 2.6086 1
41 82 1 -1.90558 1
41 83 1 1.13575 1
41 84 1 -3.15454 1
41 85 1 -0.463314 1
41 86 1 0.740152 1
41 87 1 0.93519 1
41 88 1 3.24172 1
41 89 1 -3.6537 1
41 90 1 -2.89178 1
41 91 1 -0.196595 1
41 92 1 0.978982 1
41 93 1 -0.739304 1
41 94 1 -1.46323 1
41 95 1 -0.469445 1
41 11 1 3.1329 1
41 29 1 -1.20465 1
41 97 1 -1.55163 1
42 64 1 1.45134 1
42 65 1 0.202183 1
42 66 1 -0.204267 1
42 67 1 0.403281 1
42 68 1 -1.94302 1
42 69 1 -0.626364 1
42 70 1 -1.52223 1
42 71 1 -2.02879 1
42 72 1 -1.05027 1
42 73 1 -2.85772 1
42 74 1 2.77296 1
42 75 1 -1.19793 1
42 76 1 -2.49145 1
42 77 1 -0.0768304 1
42 78 1 -2.34959 1
42 79 1 0.957982 1
42 80 1 -1.20317 1
42 81 1 2.33918 1
42 82 1 2.36609 1
42 83 1 3.40901 1
42 84 1 1.5905 1
42 85 1 0.0903147 1
42 86 1 1.08702 1
42 87 1 -2.73904 1
42 88 1 -1.42659 1
42 89 1 -1.45409 1
42 90 1 1.57828 1
42 91 1 3.0621 1
42 92 1 -1.67466 1
42 93 1 2.40214 1
42 94 1 -2.00301 1
42 95 1 2.94161 1
43 64 1 3.22826 1
43 65 1 -3.58422 1
43 66 1 2.38321 1
43 67 1 1.8413 1
43 68 1 -0.0982211 1
43 69 1 -1.55765 1
43 70 1 1.00418 1
43 71 1 -2.73977 1
43 72 1 -0.809441 1
43 73 1 -7.44603 1
43 74 1 2.10105 1
43 75 1 -2.61061 1
43 76 1 -0.408915 1
43 77 1 0.945027 1
43 78 1 0.334537 1
43 79 1 -3.37002 1
43 80 1 -0.386161 1
43 81 1 1.76859 1
43 82 1 2.31996 1
43 83 1 -1.28187 1
43 84 1 -0.34201 1
43 85 1 3.67688 1
43 86 1 1.11685 1
43 87 1 3.89363 1
43 88 1 0.34091 1
43 89 1 3.64971 1
43 90 1 -0.564213 1
43 91 1 -4.37496 1
43 92 1 3.86764 1
43 93 1 1.99119 1
43 94 1 -4.02817 1
43 95 1 2.08617 1
44 64 1 0.673034 1
44 65 1 -3.08525 1
44 66 1 0.601155 1
44 67 1 -2.98744 1
44 68 1 -0.242874 1
44 69 1 -1.15606 1
44 70 1 3.42889 1
44 71 1 1.63646 1
44 72 1 -2.13723 1
44 73 1 0.336923 1
44 74 1 -2.00604 1
44 75 1 -3.09722 1
44 76 1 0.0473132 1
44 77 1 1.67114 1
44 78 1 2.39888 1
44 79 1 0.960655 1
44 80 1 5.05927 1
44 81 1 -1.94813 1
44 82 1 0.358457 1
44 83 1 -1.55546 1
44 84 1 -0.256927 1
44 85 1 0.157315 1
44 86 1 0.643175 1
44 87 1 2.10235 1
44 88 1 1.19813 1
44 89 1 0.886072 1
44 90 1 -0.151579 1
44 91 1 -0.565729 1
44 92 1 -0.699983 1
44 93 1 3.12966 1
44 94 1 -2.47747 1
44 95 1 -1.01067 1
44 8 1 -0.282634 1
44 29 1 1.58857 1
45 64 1 -0.861584 1
45 65 1 2.62186 1
45 66 1 -0.603663 1
45 67 1 1.8198 1
45 68 1 -1.81237 1
45 69 1 -7.27533 1
45 70 1 -3.80113 1
45 71 1 0.441343 1
45 72 1 -5.51716 1
45 73 1 3.60035 1
45 74 1 3.47422 1
45 75 1 3.71539 1
45 76 1 -0.678794 1
45 77 1 -0.140151 1
45 78 1 -2.49827 1
45 79 1 2.7793 1
45 80 1 -2.77557 1
45 81 1 0.345369 1
45 82 1 -1.0136 1
45 83 1 -3.53144 1
45 84 1 2.84389 1
45 85 1 -3.09875 1
45 86 1 1.61672 1
45 87 1 0.467344 1
45 88 1 0.0454825 1
45 89 1 -4.26173 1
45 90 1 0.319923 1
45 91 1 4.85287 1
45 92 1 -2.96639 1
45 93 1 -6.29976 1
45 94 1 1.90709 1
45 95 1 -3.53927 1
45 9 1 3.5385 1
45 20 1 -0.602349 1
46 64 1 -1.01508 1
46 65 1 -1.71199 1
46 66 1 2.74481 1
46 67 1 2.9204 1
46 68 1 -6.08514 1
46 69 1 -1.43909 1
46 70 1 1.04707 1
46 71 1 -1.55136 1
46 72 1 2.2019 1
46 73 1 -2.63822 1
46 74 1 -1.18679 1
46 75 1 2.28585 1
46 76 1 -4.44327 1
46 77 1 1.84752 1
46 78 1 -1.24306 1
46 79 1 -0.0945486 1
46 80 1 3.61153 1
46 81 1 -0.235717 1
46 82 1 0.623358 1
46 83 1 1.11654 1
46 84 1 -0.112467 1
46 85 1 2.79073 1
46 86 1 -0.480599 1
46 87 1 2.64026 1
46 88 1 -1.59994 1
46 89 1 -3.52746 1
46 90 1 -2.7748 1
46 91 1 0.712161 1
46 92 1 1.6889 1
46 93 1 -1.7046 1
46 94 1 -1.20528 1
46 95 1 -0.887751 1
46 24 1 1.1839 1
47 64 1 -0.650265 1
47 65 1 -0.462634 1
47 66 1 -3.00294 1
47 67 1 5.4431 1
47 68 1 -1.17265 1
47 69 1 2.41608 1
47 70 1 -2.44212 1
47 71 1 0.129754 1
47 72 1 0.467856 1
47 73 1 5.37616 0
47 74 1 -1.41468 1
47 75 1 -1.89074 1
47 76 1 -2.68226 1
47 77 1 -7.6552 1
47 78 1 -1.76959 1
47 79 1 1.76337 1
47 80 1 3.89953 1
47 81 1 -6.07738 1
47 82 1 0.781268 1
47 83 1 -0.502932 1
47 84 1 -3.19565 1
47 85 1 0.543407 1
47 86 1 -3.3624 1
47 87 1 4.18041 1
47 88 1 1.8528 1
47 89 1 1.13342 1
47 90 1 6.88047 1
47 91 1 0.627766 1
47 92 1 -1.34665 1
47 93 1 0.786964 1
47 94 1 1.47226 1
47 95 1 -1.52221 1
47 4 1 -0.189611 1
47 137 1 1.22433 1
137 73 1 3.87388 1
48 64 1 -0.567955 1
48 65 1 -0.0837369 1
48 66 1 0.325362 1
48 67 1 -1.67555 1
48 68 1 -6.25965 1
48 69 1 -4.00875 1
48 70 1 0.290623 1
48 71 1 0.608019 1
48 72 1 -3.63169 1
48 73 1 3.10546 1
48 74 1 5.56199 1
48 75 1 -5.00715 1
48 76 1 0.983082 1
48 77 1 -3.80661 1
48 78 1 -0.552442 1
48 79 1 2.56293 1
48 80 1 -0.107037 1
48 81 1 -3.05946 1
48 82 1 1.24705 1
48 83 1 0.907067 1
48 84 1 1.22021 1
48 85 1 1.15857 1
48 86 1 -1.14845 1
48 87 1 -1.03535 1
48 88 1 -1.96386 1
48 89 1 0.331389 1
48 90 1 2.92846 1
48 91 1 1.09878 1
48 92 1 -5.6932 1
48 93 1 0.299666 1
48 94 1 3.38391 1
48 95 1 2.95482 1
48 16 1 1.40103 1
48 12 1 0.258216 1
48 14 1 -2.95451 1
48 30 1 0.22154 1
49 64 1 0.857902 1
49 65 1 -1.84215 1
49 66 1 1.00171 1
49 67 1 -1.21928 1
49 68 1 -2.6326 1
49 69 1 0.526625 1
49 70 1 1.37959 1
49 71 1 -4.54479 1
49 72 1 -0.117576 1
49 73 1 -0.400295 1
49 74 1 3.08924 1
49 75 1 2.67687 1
49 76 1 -6.58136 1
49 77 1 -3.43143 1
49 78 1 -1.03511 1
49 79 1 1.62632 1
49 80 1 4.38412 1
49 81 1 -4.02631 1
49 82 1 1.34557 1
49 83 1 -1.86542 1
49 84 1 3.06105 1
49 85 1 -2.80649 1
49 86 1 -0.480315 1
49 87 1 -0.747237 1
49 88 1 -0.990384 1
49 89 1 0.592029 1
49 90 1 -1.35478 1
49 91 1 1.30173 1
49 92 1 2.29234 1
49 93 1 -1.2996 1
49 94 1 0.169475 1
49 95 1 3.88779 1
49 19 1 -1.70236 1
49 31 1 -1.42713 1
49 15 1 0.193724 1
50 64 1 -5.35881 1
50 65 1 -2.14957 1
50 66 1 1.86407 1
50 67 1 -0.969378 1
50 68 1 2.59259 1
50 69 1 -0.816029 1
50 70 1 0.49729 1
50 71 1 6.85834 1
50 72 1 -1.16766 1
50 73 1 5.30302 1
50 74 1 -2.74977 1
50 75 1 1.38455 1
50 76 1 -0.642397 1
50 77 1 0.505285 1
50 78 1 2.86418 1
50 79 1 -2.70603 1
50 80 1 1.73235 1
50 81 1 0.686734 1
50 82 1 -0.109897 1
50 83 1 3.31282 1
50 84 1 -1.56009 1
50 85 1 0.626148 1
50 86 1 3.19032 1
50 87 1 -3.0172 1
50 88 1 -3.02293 1
50 89 1 0.445004 1
50 90 1 0.395489 1
50 91 1 -0.151881 1
50 92 1 0.244678 1
50 93 1 -0.131419 1
50 94 1 -3.32614 1
50 95 1 1.76555 1
50 4 1 6.14322 1
50 22 1 -0.911152 1
51 64 1 -1.58471 1
51 65 1 2.72105 1
51 66 1 3.34168 1
51 67 1 -1.23581 1
51 68 1 -0.693154 1
51 69 1 -1.61207 1
51 70 1 2.76301 1
51 71 1 3.16598 1
51 72 1 -4.5928 1
51 73 1 -2.6117 0
51 74 1 -2.1044 1
51 75 1 4.71768 1
51 76 1 -1.79173 1
51 77 1 1.92526 1
51 78 1 4.24639 1
51 79 1 2.08058 1
51 80 1 0.631981 1
51 81 1 -3.51181 1
51 82 1 0.123707 1
51 83 1 3.897 1
51 84 1 -2.48252 1
51 85 1 -2.56103 1
51 86 1 -0.211838 1
51 87 1 0.854317 1
51 88 1 1.48864 1
51 89 1 0.707906 1
51 90 1 3.12885 1
51 91 1 0.409195 1
51 92 1 2.72179 1
51 93 1 4.41226 1
51 94 1 -5.22553 1
51 95 1 -2.56272 1
51 116 1 0.865352 1
51 12 1 -0.299018 1
116 73 1 -0.687281 0
116 134 1 0.500581 1
134 73 1 1.7838 1
52 64 1 -2.59498 1
52 65 1 3.90274 1
52 66 1 0.81585 1
52 67 1 0.0865442 1
52 68 1 0.914309 1
52 69 1 5.96588 1
52 70 1 3.01759 1
52 71 1 -1.90054 1
52 72 1 -1.08729 1
52 73 1 3.60649 1
52 74 1 2.77649 1
52 75 1 0.847848 1
52 76 1 -3.48738 1
52 77 1 0.264113 1
52 78 1 2.42832 1
52 79 1 0.779222 1
52 80 1 -0.48802 1
52 81 1 0.257393 1
52 82 1 -1.97793 1
52 83 1 -2.68124 1
52 84 1 0.74373 1
52 85 1 -1.22525 1
52 86 1 -2.99678 1
52 87 1 0.149994 1
52 88 1 2.73907 1
52 89 1 -1.78003 1
52 90 1 -0.413243 1
52 91 1 -0.884883 1
52 92 1 0.495404 1
52 93 1 -2.09973 0
52 94 1 1.55747 1
52 95 1 -0.212345 1
52 115 1 -0.397047 1
52 139 1 -0.428387 1
139 93 1 -1.94814 1
53 64 1 -2.96179 1
53 65 1 0.171486 1
53 66 1 -0.695292 1
53 67 1 -0.914067 1
53 68 1 2.70024 1
53 69 1 0.461567 1
53 70 1 -1.12134 0
53 71 1 0.313236 1
53 72 1 -1.32596 1
53 73 1 0.174506 1
53 74 1 -1.46515 1
53 75 1 -2.62623 1
53 76 1 0.301691 1
53 77 1 2.51806 1
53 78 1 0.25769 1
53 79 1 -0.82159 1
53 80 1 1.5581 1
53 81 1 1.32632 1
53 82 1 2.02215 1
53 83 1 0.549822 1
53 84 1 1.16947 1
53 85 1 1.11919 1
53 86 1 2.95329 1
53 87 1 0.332202 1
53 88 1 -0.649165 1
53 89 1 -0.238336 1
53 90 1 -2.68823 1
53 91 1 0.455794 1
53 92 1 2.73835 1
53 93 1 0.523467 1
53 94 1 0.561763 1
53 95 1 -3.03974 1
53 20 1 4.87652 1
53 23 1 0.92021 1
53 149 1 1.25035 1
149 70 1 -2.04302 0
149 153 1 0.704983 1
153 70 1 -1.97901 1
54 64 1 2.37993 1
54 65 1 -1.21567 1
54 66 1 -2.82078 1
54 67 1 0.254852 1
54 68 1 2.94392 1
54 69 1 -3.32801 1
54 70 1 0.683594 1
54 71 1 4.18442 1
54 72 1 1.20736 1
54 73 1 1.22815 1
54 74 1 -0.275518 1
54 75 1 -2.60958 1
54 76 1 -1.14381 1
54 77 1 3.28169 1
54 78 1 0.246006 1
54 79 1 0.846443 1
54 80 1 0.332099 1
54 81 1 3.14529 1
54 82 1 -2.93693 1
54 83 1 5.93377 1
54 84 1 1.9316 1
54 85 1 -0.345279 1
54 86 1 -3.66861 1
54 87 1 -1.53623 1
54 88 1 2.44014 1
54 89 1 3.28574 1
54 90 1 -3.23525 1
54 91 1 3.27014 1
54 92 1 -1.29594 1
54 93 1 1.43293 1
54 94 1 -3.92272 1
54 95 1 -3.18062 1
54 30 1 -0.738847 1
54 144 1 0.337448 1
55 64 1 0.161502 1
55 65 1 -2.9451 1
55 66 1 -2.83728 1
55 67 1 -1.60296 1
55 68 1 -2.75495 1
55 69 1 2.7125 1
55 70 1 2.55545 1
55 71 1 -5.34905 1
55 72 1 2.44263 1
55 73 1 0.723715 1
55 74 1 2.29425 1
55 75 1 -2.44631 1
55 76 1 -3.80401 1
55 77 1 2.33823 1
55 78 1 0.504919 1
55 79 1 1.69116 1
55 80 1 -1.72711 1
55 81 1 1.85571 1
55 82 1 -0.863924 1
55 83 1 -0.299528 1
55 84 1 -0.272396 1
55 85 1 -5.91764 1
55 86 1 1.16424 1
55 87 1 0.964972 1
55 88 1 -3.5042 1
55 89 1 -1.1064 1
55 90 1 1.25757 1
55 91 1 1.58695 1
55 92 1 6.05602 1
55 93 1 -4.15015 1
55 94 1 -4.02209 1
55 95 1 -0.904538 0
55 28 1 4.04127 1
55 114 1 0.817207 1
55 0 1 -0.899738 1
114 95 1 -2.07459 1
56 64 1 3.12582 1
56 65 1 -4.23602 1
56 66 1 0.856658 1
56 67 1 -2.10738 1
56 68 1 -0.478506 0
56 69 1 -1.1866 1
56 70 1 -0.422292 1
56 71 1 2.00644 1
56 72 1 -0.871582 1
56 73 1 -1.23541 1
56 74 1 3.49225 1
56 75 1 4.26719 1
56 76 1 -4.107 1
56 77 1 -0.893111 1
56 78 1 -1.85258 1
56 79 1 0.281557 1
56 80 1 -1.87562 1
56 81 1 3.76399 1
56 82 1 2.59729 1
56 83 1 -1.99018 1
56 84 1 -1.18014 1
56 85 1 -0.922317 1
56 86 1 2.41009 1
56 87 1 -1.91018 1
56 88 1 0.189217 1
56 89 1 -1.92226 1
56 90 1 -1.1767 1
56 91 1 -1.35597 1
56 92 1 2.0326 1
56 93 1 5.25028 1
56 94 1 -2.47909 1
56 95 1 -0.423958 1
56 3 1 -2.41891 1
56 126 1 3.72733 1
126 68 1 0.85068 1
126 11 1 -2.67419 1
57 64 1 -4.11705 1
57 65 1 3.17154 1
57 66 1 -1.81048 1
57 67 1 -1.56111 1
57 68 1 2.82321 1
57 69 1 -0.542668 0
57 70 1 0.674096 1
57 71 1 2.21662 1
57 72 1 0.563696 1
57 73 1 -1.73729 1
57 74 1 1.93384 1
57 75 1 3.36349 1
57 76 1 1.93424 1
57 77 1 -4.80467 1
57 78 1 -0.993706 1
57 79 1 -2.36303 1
57 80 1 1.5885 1
57 81 1 3.33307 1
57 82 1 3.86196 1
57 83 1 -2.93573 1
57 84 1 -0.845909 1
57 85 1 -2.47642 1
57 86 1 -1.13348 1
57 87 1 1.9805 1
57 88 1 -0.78766 1
57 89 1 0.0940767 1
57 90 1 0.803808 1
57 91 1 -2.2428 1
57 92 1 -2.53934 1
57 93 1 -0.0582496 1
57 94 1 -1.50927 1
57 95 1 3.73026 1
57 104 1 3.60465 1
57 22 1 1.11021 1
104 69 1 2.34604 1
104 1 1 -0.297446 1
104 107 1 0.00612816 1
58 64 1 3.49459 1
58 65 1 -1.66962 1
58 66 1 -1.6466 1
58 67 1 -1.0683 1
58 68 1 -1.62642 1
58 69 1 -0.247714 1
58 70 1 -1.27334 1
58 71 1 0.679894 1
58 72 1 -0.644616 1
58 73 1 -2.88258 1
58 74 1 2.10791 1
58 75 1 2.91084 1
58 76 1 3.52026 1
58 77 1 2.10746 1
58 78 1 -1.01112 1
58 79 1 0.237398 0
58 80 1 -4.14145 1
58 81 1 3.81576 1
58 82 1 0.413444 1
58 83 1 0.19625 1
58 84 1 -1.96893 1
58 85 1 1.77244 1
58 86 1 1.42779 1
58 87 1 -1.657 1
58 88 1 -1.9177 1
58 89 1 -1.10889 1
58 90 1 -2.36833 1
58 91 1 -3.79645 1
58 92 1 -0.273452 1
58 93 1 1.88494 1
58 94 1 -1.69388 1
58 95 1 1.82082 1
58 128 1 2.03165 1
128 79 1 0.974815 0
128 131 1 -0.519087 1
131 79 1 0.717527 1
59 64 1 -1.78523 1
59 65 1 1.98567 1
59 66 1 2.15226 1
59 67 1 -1.79187 1
59 68 1 1.10975 1
59 69 1 -1.30056 1
59 70 1 -1.86782 1
59 71 1 1.5483 1
59 72 1 -0.217602 1
59 73 1 -0.643721 1
59 74 1 0.148474 1
59 75 1 -0.814294 1
59 76 1 2.26939 1
59 77 1 0.729424 0
59 78 1 1.28849 1
59 79 1 -1.798 1
59 80 1 -0.529202 1
59 81 1 1.06764 1
59 82 1 -5.14857 1
59 83 1 3.42058 1
59 84 1 0.285159 1
59 85 1 -2.57136 1
59 86 1 -3.03424 1
59 87 1 1.32122 1
59 88 1 4.23401 1
59 89 1 -1.06531 1
59 90 1 1.38595 1
59 91 1 -2.5355 1
59 92 1 2.75255 1
59 93 1 2.99553 1
59 94 1 -5.51757 1
59 95 1 2.31737 1
59 97 1 1.21972 1
59 5 1 -2.57226 1
59 11 1 -1.00824 1
59 13 1 1.09466 1
97 77 1 -6.52874 1
97 22 1 -2.24008 1
97 2 1 -5.27651 0
97 99 1 3.27001 1
97 7 1 3.45097 0
97 102 1 1.87863 1
97 17 1 1.61262 1
102 7 1 4.66484 1
99 2 1 1.5306 0
99 108 1 4.34505 1
99 15 1 0.265722 1
108 2 1 -1.14143 0
108 125 1 4.00776 1
125 2 1 0.961392 1
60 64 1 3.08775 1
60 65 1 0.487478 1
60 66 1 1.1256 1
60 67 1 -0.733933 1
60 68 1 0.600172 1
60 69 1 1.62862 1
60 70 1 -3.06352 1
60 71 1 0.823417 1
60 72 1 -0.249291 0
60 73 1 0.517627 1
60 74 1 0.920513 1
60 75 1 -0.36684 1
60 76 1 -0.907168 1
60 77 1 3.78671 1
60 78 1 -2.21398 1
60 79 1 0.191706 1
60 80 1 -5.31406 1
60 81 1 -2.2288 1
60 82 1 -0.864233 1
60 83 1 -0.00883315 1
60 84 1 -3.89471 1
60 85 1 3.74606 1
60 86 1 2.25298 1
60 87 1 -0.304175 1
60 88 1 -4.81937 1
60 89 1 0.732894 1
60 90 1 -1.95517 1
60 91 1 0.328368 1
60 92 1 -1.12496 1
60 93 1 2.81828 1
60 94 1 -1.04213 1
60 95 1 0.754192 1
60 24 1 -2.36393 1
60 0 1 3.07655 1
60 115 1 2.59003 1
60 3 1 -0.371742 1
115 72 1 -1.48191 1
115 18 1 0.671058 1
115 14 1 1.18426 1
61 64 1 -0.144047 1
61 65 1 -0.187022 1
61 66 1 2.40861 1
61 67 1 0.401321 1
61 68 1 -3.2562 1
61 69 1 2.98019 1
61 70 1 0.523667 1
61 71 1 -0.781658 1
61 72 1 -1.38474 1
61 73 1 1.10256 1
61 74 1 3.05772 1
61 75 1 3.20754 1
61 76 1 0.628513 1
61 77 1 0.425419 0
61 78 1 -0.326705 1
61 79 1 -0.208295 1
61 80 1 -0.766831 1
61 81 1 -0.963888 1
61 82 1 0.182302 1
61 83 1 0.216598 1
61 84 1 -2.46265 1
61 85 1 -1.48978 1
61 86 1 0.180082 1
61 87 1 2.05148 1
61 88 1 -0.136112 1
61 89 1 1.02063 1
61 90 1 -0.54718 1
61 91 1 1.53545 1
61 92 1 -0.836622 1
61 93 1 -1.42973 1
61 94 1 0.287637 1
61 95 1 -1.62594 1
61 107 1 0.101464 1
61 113 1 -2.02347 1
61 14 1 -3.08705 1
107 77 1 -6.06321 0
107 113 1 0.319335 1
107 14 1 -1.10007 1
113 77 1 -2.24803 1
113 23 1 -1.08755 1
113 147 1 0.048508 1
62 64 1 0.119894 1
62 65 1 -2.75075 1
62 66 1 2.87276 1
62 67 1 -0.922251 1
62 68 1 1.75697 1
62 69 1 -1.27851 1
62 70 1 2.06511 1
62 71 1 -1.99343 1
62 72 1 0.901611 1
62 73 1 1.9325 1
62 74 1 4.57548 1
62 75 1 -0.65801 1
62 76 1 3.88891 1
62 77 1 -3.76307 1
62 78 1 -1.40822 1
62 79 1 -1.86299 1
62 80 1 -1.58636 1
62 81 1 0.108969 1
62 82 1 -2.02601 1
62 83 1 1.33258 1
62 84 1 -1.87164 0
62 85 1 0.302548 1
62 86 1 4.13555 1
62 87 1 -1.71151 1
62 88 1 0.604566 1
62 89 1 -2.47654 1
62 90 1 -6.4503 1
62 91 1 0.91238 1
62 92 1 -0.643556 1
62 93 1 -1.58405 1
62 94 1 1.21549 1
62 95 1 -0.774452 1
62 5 1 1.02589 1
62 138 1 1.51858 0
62 152 1 0.800893 1
152 138 1 2.46565 1
138 84 1 0.112886 1
63 64 1 2.8352 1
63 65 1 -1.37857 1
63 66 1 2.81266 1
63 67 1 0.475257 1
63 68 1 -0.937772 1
63 69 1 -4.43642 1
63 70 1 -1.03278 1
63 71 1 1.74485 1
63 72 1 -0.859276 1
63 73 1 1.1138 1
63 74 1 -6.37751 1
63 75 1 2.19098 1
63 76 1 -2.57928 0
63 77 1 1.10076 1
63 78 1 -0.0355896 1
63 79 1 0.00557047 1
63 80 1 0.676942 1
63 81 1 -0.920058 1
63 82 1 1.70095 1
63 83 1 -3.98603 1
63 84 1 -2.07504 1
63 85 1 -3.05848 1
63 86 1 5.08326 1
63 87 1 -2.76359 0
63 88 1 0.110563 1
63 89 1 -1.95444 1
63 90 1 2.89498 1
63 91 1 -0.775382 1
63 92 1 0.237569 1
63 93 1 2.2836 1
63 94 1 -2.83997 1
63 95 1 0.057079 1
63 141 1 1.43826 1
63 144 1 0.0840526 1
144 76 1 -1.55442 0
144 147 1 1.00384 1
147 76 1 -3.00959 1
141 87 1 -7.38318 1
141 10 1 -1.44197 1
