154 64 32
2.8921 -0.837436 -7.66191 4.41928 -4.23681 2.07575 1.29108 1.03852 0.461037 2.99644 1.95774 4.07955 -4.41267 -3.82033 -0.244849 -2.16922 0.77004 0.99086 -1.66454 -1.69143 -1.49417 0.60528 -1.19099 0.735536 -4.82049 0.0940063 4.02167 1.60101 -2.13633 -2.36982 -3.70939 1.77373 0.205752 0.131417 1.79163 2.01623 -3.35668 0.200531 0.594353 -1.70773 -0.787369 1.36858 -1.09194 -5.01962 -2.97654 -0.852334 -3.02375 2.80443 -0.537378 2.78002 0.732016 -3.43021 -3.9547 -0.688406 -1.13082 3.78759 -1.92425 0.740343 1.21493 -1.7337 3.0329 -1.45593 -0.972872 -3.11107 -5.41811 -0.208601 3.07142 1.89946 -4.08701 1.89292 -2.83255 -2.27101 -3.55271 -3.0301 1.96135 3.71507 -1.40939 -0.11849 0.874414 -4.31749 -0.528162 -0.234393 -2.07373 0.567637 2.34322 0.541705 -3.2055 0.141589 4.62356 -0.293174 -1.15684 2.74143 -1.43641 -0.164803 0.216681 -0.914655 -2.11266 0.0917226 -1.20998 -1.39815 2.29021 -3.37148 -5.81935 -2.60356 -3.16757 0.620258 -1.78796 -2.84883 -2.00155 1.08709 -0.759464 1.14485 2.4201 -3.36171 0.634268 -0.955444 -2.69213 -0.0712178 -0.569111 -1.16678 0.938543 -0.325648 -0.00621305 1.13312 1.22492 3.49596 1.10294 0.34184 1.41278 1.49667 -0.584609 -1.3031 -0.901009 -0.85391 -1.12253 -1.30471 -1.13038 -1.10843 -2.35833 -0.0731118 -0.064213 0.365318 -1.50137 0.529858 0.365788 0.820639 -0.113514 0.00299143 0.517991 -2.03643 -0.751514 0.369199 -0.762378 -0.293164 
0 64 1 -4.98574 1
0 65 1 2.8365 1
0 66 1 3.04482 1
0 67 1 1.02902 1
0 68 1 -1.20758 1
0 69 1 2.01675 1
0 70 1 0.487738 1
0 71 1 0.020243 1
0 72 1 -0.0520486 1
0 73 1 -2.30355 1
0 74 1 -2.82896 1
0 75 1 0.478221 1
0 76 1 2.71895 1
0 77 1 1.40769 1
0 78 1 -2.25295 1
0 79 1 2.3271 1
0 80 1 3.0574 1
0 81 1 2.90076 1
0 82 1 3.89289 1
0 83 1 1.91276 1
0 84 1 -2.09317 1
0 85 1 3.04629 1
0 86 1 -2.74662 1
0 87 1 -0.981353 1
0 88 1 -0.839355 1
0 89 1 1.97907 1
0 90 1 5.2941 1
0 91 1 5.04815 1
0 92 1 -3.63804 1
0 93 1 -1.72004 1
0 94 1 2.03088 1
0 95 1 1.19159 1
0 10 1 -2.21059 1
1 64 1 -1.5448 1
1 65 1 -2.35243 1
1 66 1 1.24781 1
1 67 1 -3.73325 1
1 68 1 4.44574 1
1 69 1 -1.10066 1
1 70 1 1.722 1
1 71 1 -1.4398 1
1 72 1 -1.07239 1
1 73 1 -1.67099 1
1 74 1 -2.82299 1
1 75 1 3.03967 1
1 76 1 -1.55156 1
1 77 1 5.82022 1
1 78 1 -1.71303 1
1 79 1 -0.533761 1
1 80 1 -3.74476 1
1 81 1 2.18211 1
1 82 1 -0.929915 1
1 83 1 -5.04661 1
1 84 1 -1.07481 1
1 85 1 -1.25521 1
1 86 1 2.06844 1
1 87 1 -0.800344 1
1 88 1 0.188627 1
1 89 1 3.27994 1
1 90 1 -1.9189 1
1 91 1 -1.71849 1
1 92 1 -1.6015 1
1 93 1 0.832267 1
1 94 1 -1.22548 1
1 95 1 -5.64727 1
1 27 1 0.946525 1
2 64 1 0.163496 1
2 65 1 0.323889 1
2 66 1 -2.96029 1
2 67 1 -1.31991 1
2 68 1 -2.53881 1
2 69 1 2.30305 1
2 70 1 -1.88627 1
2 71 1 4.59695 1
2 72 1 -2.12669 1
2 73 1 -3.02241 1
2 74 1 -3.42578 1
2 75 1 -0.554282 1
2 76 1 -3.91765 1
2 77 1 -0.94881 1
2 78 1 -1.28179 1
2 79 1 -3.44925 1
2 80 1 -4.59297 1
2 81 1 -4.00149 1
2 82 1 -0.446452 1
2 83 1 -2.6109 1
2 84 1 -0.304461 1
2 85 1 3.81531 1
2 86 1 -0.218246 1
2 87 1 -0.632712 1
2 88 1 0.00432222 1
2 89 1 -3.46097 1
2 90 1 -2.99526 1
2 91 1 -1.07743 1
2 92 1 1.48964 1
2 93 1 -3.5077 1
2 94 1 3.36983 1
2 95 1 -0.33348 1
2 100 1 -1.24098 1
2 6 1 4.52502 1
2 110 1 -0.139588 1
3 64 1 -3.31934 1
3 65 1 -0.728272 1
3 66 1 0.119081 1
3 67 1 1.37473 1
3 68 1 4.43946 1
3 69 1 -3.7395 1
3 70 1 -0.569677 1
3 71 1 0.747629 1
3 72 1 7.96799 1
3 73 1 -0.349678 1
3 74 1 -0.0878565 1
3 75 1 2.0753 1
3 76 1 1.28467 1
3 77 1 -0.337698 1
3 78 1 -0.311446 1
3 79 1 0.293923 1
3 80 1 -3.09479 1
3 81 1 -1.65353 1
3 82 1 6.48984 1
3 83 1 1.09699 1
3 84 1 0.644864 1
3 85 1 -3.9008 1
3 86 1 -0.432591 1
3 87 1 1.89735 1
3 88 1 -2.00365 1
3 89 1 1.98806 1
3 90 1 0.383337 1
3 91 1 1.45368 1
3 92 1 -0.146618 1
3 93 1 -2.21217 1
3 94 1 -2.5111 1
3 95 1 1.65167 0
3 110 1 1.41938 1
110 95 1 -1.94175 0
110 111 1 -1.37708 0
110 132 1 2.17756 1
110 152 1 -0.0163447 1
132 111 1 2.68408 1
111 95 1 -2.37657 1
4 64 1 1.8237 1
4 65 1 0.148716 1
4 66 1 -1.85126 1
4 67 1 3.55056 1
4 68 1 -0.80466 1
4 69 1 2.6757 1
4 70 1 0.335977 1
4 71 1 -0.555777 1
4 72 1 0.902286 1
4 73 1 -0.881463 0
4 74 1 0.442211 1
4 75 1 -4.96899 0
4 76 1 1.33969 1
4 77 1 2.31432 1
4 78 1 0.781971 1
4 79 1 3.17671 1
4 80 1 -4.0079 1
4 81 1 0.121173 1
4 82 1 0.110603 1
4 83 1 -2.37362 1
4 84 1 0.108315 1
4 85 1 2.24 1
4 86 1 2.57295 1
4 87 1 -0.451405 1
4 88 1 -2.87872 1
4 89 1 -0.784149 1
4 90 1 3.87811 1
4 91 1 -5.74692 1
4 92 1 -1.72351 1
4 93 1 0.188851 0
4 94 1 -2.07708 1
4 95 1 1.55355 1
4 101 1 2.84962 1
4 17 1 3.67804 1
4 118 1 1.18614 1
4 145 1 1.75305 1
145 93 1 1.12384 1
118 73 1 -2.21392 1
101 75 1 1.24486 1
5 64 1 -2.36616 1
5 65 1 2.00812 1
5 66 1 -1.72755 1
5 67 1 6.58409 1
5 68 1 3.68149 1
5 69 1 4.15297 1
5 70 1 -1.87783 1
5 71 1 -0.386042 1
5 72 1 0.453081 1
5 73 1 -1.59813 1
5 74 1 -1.55252 1
5 75 1 2.42261 1
5 76 1 4.19278 1
5 77 1 1.32981 1
5 78 1 -0.278621 1
5 79 1 0.513843 1
5 80 1 2.8133 1
5 81 1 -1.65813 1
5 82 1 0.673073 1
5 83 1 4.51232 1
5 84 1 0.652604 1
5 85 1 2.54461 1
5 86 1 -3.43354 1
5 87 1 0.411902 1
5 88 1 -2.03444 1
5 89 1 -3.01584 1
5 90 1 -1.65156 1
5 91 1 -0.157837 1
5 92 1 -0.79148 1
5 93 1 1.49189 1
5 94 1 -1.60298 1
5 95 1 0.583203 1
5 28 1 1.60682 1
6 64 1 0.209536 1
6 65 1 -1.49088 1
6 66 1 2.25715 1
6 67 1 2.54572 1
6 68 1 -4.50982 1
6 69 1 -1.80911 1
6 70 1 -1.94595 1
6 71 1 -0.355516 1
6 72 1 2.26219 1
6 73 1 -3.46646 1
6 74 1 -4.24853 1
6 75 1 1.07376 1
6 76 1 2.92942 1
6 77 1 -0.463117 1
6 78 1 -1.64566 1
6 79 1 -1.39132 1
6 80 1 3.13375 1
6 81 1 -0.909854 1
6 82 1 1.98166 1
6 83 1 1.87403 1
6 84 1 2.71969 1
6 85 1 -2.25902 1
6 86 1 0.0898198 1
6 87 1 2.82627 1
6 88 1 -3.00239 1
6 89 1 -1.5851 1
6 90 1 4.81396 1
6 91 1 -2.17667 1
6 92 1 3.46195 1
6 93 1 -3.70897 1
6 94 1 -3.49533 1
6 95 1 2.48367 1
6 26 1 1.17553 1
7 64 1 4.08916 1
7 65 1 1.46517 1
7 66 1 -0.908633 1
7 67 1 -5.09282 1
7 68 1 -2.39815 1
7 69 1 -1.77061 1
7 70 1 5.24577 1
7 71 1 1.63184 1
7 72 1 3.45331 1
7 73 1 -0.526722 1
7 74 1 -1.70892 1
7 75 1 -0.149287 1
7 76 1 2.47829 1
7 77 1 0.141489 1
7 78 1 2.8236 1
7 79 1 2.21897 1
7 80 1 -0.301151 1
7 81 1 1.75245 1
7 82 1 -3.06333 0
7 83 1 2.35955 0
7 84 1 -2.11012 1
7 85 1 3.71006 1
7 86 1 1.28089 1
7 87 1 3.56658 1
7 88 1 -2.65964 1
7 89 1 -2.1928 1
7 90 1 0.782409 1
7 91 1 -2.60789 1
7 92 1 1.71138 1
7 93 1 -2.05438 1
7 94 1 -0.30109 1
7 95 1 3.158 1
7 100 1 -0.55736 1
7 127 1 1.1088 1
127 82 1 -4.02907 1
100 83 1 2.15465 1
100 24 1 -1.01677 0
100 106 1 3.52533 1
106 24 1 -5.71439 1
106 6 1 -1.53301 1
8 64 1 3.01087 1
8 65 1 -2.78792 1
8 66 1 -0.571559 1
8 67 1 1.2643 1
8 68 1 -1.21809 1
8 69 1 3.11393 1
8 70 1 1.58876 1
8 71 1 2.71339 1
8 72 1 3.56389 1
8 73 1 -1.32529 1
8 74 1 0.936306 1
8 75 1 -1.7722 1
8 76 1 -0.944544 1
8 77 1 3.49526 1
8 78 1 -0.163512 1
8 79 1 -2.09542 1
8 80 1 0.710309 1
8 81 1 -1.5017 1
8 82 1 0.73878 1
8 83 1 -3.93119 1
8 84 1 3.12017 1
8 85 1 8.37093 1
8 86 1 4.79951 1
8 87 1 1.02639 1
8 88 1 -0.143808 1
8 89 1 4.06437 1
8 90 1 -0.472112 1
8 91 1 -1.12134 1
8 92 1 2.73355 1
8 93 1 5.29526 1
8 94 1 5.04017 1
8 95 1 0.0803631 1
8 17 1 -1.20185 1
9 64 1 -3.12225 1
9 65 1 -3.75592 1
9 66 1 1.71532 1
9 67 1 0.8063 1
9 68 1 -0.84079 1
9 69 1 0.419668 1
9 70 1 -5.79262 1
9 71 1 -0.728302 1
9 72 1 2.48831 1
9 73 1 -1.75384 1
9 74 1 0.505336 1
9 75 1 1.62828 1
9 76 1 2.14478 1
9 77 1 -0.522409 1
9 78 1 2.62991 1
9 79 1 1.66909 1
9 80 1 -1.11255 1
9 81 1 0.208347 1
9 82 1 -2.91337 1
9 83 1 -0.0182994 1
9 84 1 2.84207 1
9 85 1 1.8895 1
9 86 1 -1.44147 1
9 87 1 -0.00749203 1
9 88 1 -0.736955 1
9 89 1 5.36601 1
9 90 1 -0.897785 1
9 91 1 0.233938 1
9 92 1 -1.01087 1
9 93 1 -0.278464 1
9 94 1 -3.55101 1
9 95 1 0.884404 1
9 103 1 -1.12454 1
9 130 1 -0.999026 1
10 64 1 0.416904 1
10 65 1 -0.502456 1
10 66 1 6.59219 1
10 67 1 -4.95416 1
10 68 1 2.9234 1
10 69 1 -0.366228 1
10 70 1 -0.762149 1
10 71 1 0.0884083 1
10 72 1 5.76717 1
10 73 1 3.55294 1
10 74 1 1.01041 0
10 75 1 0.183855 1
10 76 1 2.38836 1
10 77 1 1.39282 1
10 78 1 -0.77537 1
10 79 1 -4.84533 1
10 80 1 -2.08658 1
10 81 1 3.6482 1
10 82 1 2.26712 1
10 83 1 2.05586 1
10 84 1 4.31528 1
10 85 1 2.67357 1
10 86 1 -1.22102 1
10 87 1 -0.570819 1
10 88 1 3.74027 1
10 89 1 0.711517 1
10 90 1 -0.0815606 1
10 91 1 3.86003 1
10 92 1 -0.172639 1
10 93 1 -1.50929 1
10 94 1 3.76879 1
10 95 1 5.35769 1
10 124 1 1.3934 1
124 74 1 0.251729 1
11 64 1 3.47383 1
11 65 1 0.482766 1
11 66 1 2.9109 1
11 67 1 -0.634515 1
11 68 1 5.20014 1
11 69 1 0.110515 1
11 70 1 2.61669 1
11 71 1 1.58178 1
11 72 1 -3.4043 1
11 73 1 0.464378 1
11 74 1 -0.617059 0
11 75 1 -1.07854 1
11 76 1 -1.7559 1
11 77 1 -0.651472 1
11 78 1 -0.475846 1
11 79 1 -0.55234 1
11 80 1 -3.16954 1
11 81 1 0.413207 1
11 82 1 5.93276 1
11 83 1 2.26122 1
11 84 1 1.62748 1
11 85 1 -2.17463 1
11 86 1 -3.95324 1
11 87 1 -1.17835 1
11 88 1 -4.0882 1
11 89 1 -0.566607 1
11 90 1 -2.23928 1
11 91 1 -0.804629 1
11 92 1 -1.87811 1
11 93 1 3.56728 1
11 94 1 -1.56144 1
11 95 1 -4.41192 1
11 120 1 -4.46859 1
11 109 1 0.535744 1
120 74 1 -2.68146 1
120 13 1 -0.232648 0
120 150 1 1.97073 1
150 13 1 0.203391 1
12 64 1 -1.07239 1
12 65 1 -0.738875 1
12 66 1 -0.635008 1
12 67 1 -3.03279 1
12 68 1 0.559326 1
12 69 1 1.46548 1
12 70 1 -0.731073 1
12 71 1 2.42342 1
12 72 1 2.29204 1
12 73 1 -3.97311 1
12 74 1 -3.49539 1
12 75 1 -2.6467 1
12 76 1 -0.549357 1
12 77 1 1.48448 1
12 78 1 -0.269828 1
12 79 1 -1.1206 1
12 80 1 -3.33177 1
12 81 1 -2.55038 1
12 82 1 2.81013 1
12 83 1 -0.216743 1
12 84 1 1.0927 1
12 85 1 -1.6432 1
12 86 1 -0.882275 1
12 87 1 0.114375 1
12 88 1 -3.74703 1
12 89 1 3.03419 1
12 90 1 -0.813956 1
12 91 1 -1.61784 1
12 92 1 2.52024 1
12 93 1 -2.0826 1
12 94 1 2.77672 1
12 95 1 -2.56816 1
12 17 1 -0.785202 1
12 18 1 0.414567 1
12 144 1 -0.852315 1
13 64 1 0.690241 1
13 65 1 -4.49276 1
13 66 1 -1.10676 1
13 67 1 1.66267 1
13 68 1 1.62853 1
13 69 1 -3.04044 1
13 70 1 0.323929 1
13 71 1 1.17315 1
13 72 1 0.591216 1
13 73 1 -4.15268 1
13 74 1 -2.89435 1
13 75 1 -1.36107 1
13 76 1 -0.64858 1
13 77 1 -1.24665 1
13 78 1 2.09764 1
13 79 1 1.37444 1
13 80 1 1.28247 1
13 81 1 0.324705 1
13 82 1 0.257401 1
13 83 1 2.26498 1
13 84 1 -2.73503 1
13 85 1 6.8164 1
13 86 1 5.433 1
13 87 1 6.57436 1
13 88 1 3.37753 1
13 89 1 0.201214 1
13 90 1 -3.91411 1
13 91 1 -3.80181 1
13 92 1 -1.22926 1
13 93 1 -2.7746 1
13 94 1 0.915178 1
13 95 1 -4.14927 1
14 64 1 -2.71208 1
14 65 1 6.04935 1
14 66 1 0.53515 1
14 67 1 -0.202268 1
14 68 1 -1.63723 1
14 69 1 2.67597 1
14 70 1 -1.63214 1
14 71 1 0.602303 1
14 72 1 1.88627 1
14 73 1 0.107642 1
14 74 1 0.460046 1
14 75 1 2.21717 1
14 76 1 -2.15007 1
14 77 1 2.80741 1
14 78 1 -3.03632 1
14 79 1 -1.54658 1
14 80 1 -1.32157 1
14 81 1 1.90819 0
14 82 1 4.6094 1
14 83 1 -0.128475 1
14 84 1 0.113994 1
14 85 1 -2.1525 1
14 86 1 2.14738 1
14 87 1 -1.7522 1
14 88 1 -0.696146 1
14 89 1 -0.257265 1
14 90 1 0.310359 1
14 91 1 3.80031 1
14 92 1 2.91144 1
14 93 1 1.33369 1
14 94 1 5.71513 1
14 95 1 0.831994 1
14 104 1 -1.99466 1
14 119 1 2.07652 1
119 81 1 4.78991 1
119 99 1 -1.31169 1
15 64 1 -1.26093 1
15 65 1 0.946949 1
15 66 1 -4.29933 1
15 67 1 -1.64493 1
15 68 1 0.449116 1
15 69 1 -1.92032 1
15 70 1 7.03276 1
15 71 1 -0.773839 1
15 72 1 -1.29434 1
15 73 1 0.258951 1
15 74 1 1.49228 1
15 75 1 -1.42734 1
15 76 1 -0.680136 1
15 77 1 0.170937 1
15 78 1 -2.2047 1
15 79 1 -0.0598937 1
15 80 1 1.48735 1
15 81 1 0.360244 1
15 82 1 -3.14306 1
15 83 1 -0.476043 1
15 84 1 2.16995 1
15 85 1 -0.934273 1
15 86 1 1.88649 1
15 87 1 -4.9094 1
15 88 1 0.127794 1
15 89 1 2.576 1
15 90 1 0.281712 1
15 91 1 -4.78233 1
15 92 1 2.01379 1
15 93 1 -2.0415 1
15 94 1 1.37009 1
15 95 1 2.66797 1
15 20 1 -0.161497 1
16 64 1 4.27698 1
16 65 1 0.426487 1
16 66 1 -2.90182 1
16 67 1 -2.85896 1
16 68 1 0.79387 1
16 69 1 -0.529712 1
16 70 1 1.90464 1
16 71 1 4.02195 1
16 72 1 -0.873483 1
16 73 1 -2.62411 1
16 74 1 -0.22611 1
16 75 1 1.1942 1
16 76 1 0.485904 1
16 77 1 1.71252 1
16 78 1 -1.52119 1
16 79 1 -0.416413 0
16 80 1 -0.469594 1
16 81 1 2.36668 1
16 82 1 -1.98474 1
16 83 1 2.56002 1
16 84 1 -1.68973 1
16 85 1 -1.30742 1
16 86 1 -1.71728 1
16 87 1 -1.94038 1
16 88 1 0.53727 1
16 89 1 1.52618 1
16 90 1 -1.56612 1
16 91 1 2.00138 1
16 92 1 4.94606 1
16 93 1 -1.8943 1
16 94 1 -1.07291 1
16 95 1 -2.69895 1
16 26 1 0.0498756 1
16 151 1 1.27092 1
151 79 1 -0.0321379 1
17 64 1 -2.74692 1
17 65 1 -0.665629 1
17 66 1 -2.28386 1
17 67 1 4.43458 1
17 68 1 -1.84387 1
17 69 1 1.19078 1
17 70 1 0.254879 1
17 71 1 1.78658 1
17 72 1 -5.38254 0
17 73 1 0.910388 1
17 74 1 3.55938 1
17 75 1 0.943699 1
17 76 1 -1.15411 1
17 77 1 2.92715 1
17 78 1 -0.193437 1
17 79 1 -2.22666 1
17 80 1 5.16538 1
17 81 1 3.14554 1
17 82 1 -0.642389 1
17 83 1 -0.799262 1
17 84 1 -4.11951 1
17 85 1 1.88415 1
17 86 1 1.09962 1
17 87 1 -2.31598 1
17 88 1 -6.29506 1
17 89 1 2.40842 1
17 90 1 -3.67736 1
17 91 1 5.64948 1
17 92 1 0.0349557 1
17 93 1 3.63167 1
17 94 1 3.32823 1
17 95 1 1.41061 1
17 146 1 2.11706 1
146 72 1 -4.75687 1
18 64 1 2.49537 1
18 65 1 -1.73368 1
18 66 1 1.90987 1
18 67 1 0.796382 1
18 68 1 0.27834 1
18 69 1 0.424234 1
18 70 1 2.39562 1
18 71 1 0.0888102 1
18 72 1 2.84375 1
18 73 1 0.244178 1
18 74 1 2.38212 1
18 75 1 -0.40708 1
18 76 1 5.0703 1
18 77 1 -1.21472 1
18 78 1 2.54724 1
18 79 1 0.902902 1
18 80 1 -4.82674 1
18 81 1 1.76806 1
18 82 1 -2.63918 1
18 83 1 3.43072 1
18 84 1 -1.91805 1
18 85 1 1.1433 1
18 86 1 5.56213 1
18 87 1 -1.72293 1
18 88 1 1.04071 1
18 89 1 -2.99797 1
18 90 1 0.63538 1
18 91 1 1.49823 1
18 92 1 -2.33697 1
18 93 1 -0.836552 1
18 94 1 -1.39932 1
18 95 1 0.309637 1
18 25 1 -0.459255 1
18 18 1 0.235983 1
18 139 1 0.0809059 1
19 64 1 4.88166 1
19 65 1 -1.9421 1
19 66 1 4.12045 1
19 67 1 -0.679465 1
19 68 1 -4.02537 1
19 69 1 1.25345 1
19 70 1 -0.335095 1
19 71 1 -1.26729 1
19 72 1 2.27807 1
19 73 1 1.9557 1
19 74 1 -1.24849 1
19 75 1 0.991118 1
19 76 1 -2.38078 1
19 77 1 -2.49194 1
19 78 1 -3.1493 1
19 79 1 4.25185 1
19 80 1 0.766531 1
19 81 1 -2.95702 1
19 82 1 0.38129 1
19 83 1 -3.96266 1
19 84 1 1.00071 1
19 85 1 1.73753 1
19 86 1 0.217579 1
19 87 1 2.93054 1
19 88 1 0.241426 1
19 89 1 5.18673 1
19 90 1 -1.45249 1
19 91 1 -0.685522 1
19 92 1 -0.0723605 1
19 93 1 -3.21667 1
19 94 1 -1.75284 1
19 95 1 -6.09767 1
20 64 1 2.40313 1
20 65 1 -0.778066 1
20 66 1 -2.36814 1
20 67 1 1.28194 1
20 68 1 -1.77614 1
20 69 1 0.690749 1
20 70 1 -4.15165 1
20 71 1 3.2439 1
20 72 1 3.05157 1
20 73 1 1.57183 1
20 74 1 2.724 1
20 75 1 2.37572 1
20 76 1 0.117189 1
20 77 1 -0.168312 1
20 78 1 2.0583 1
20 79 1 1.86555 1
20 80 1 0.559368 1
20 81 1 1.13196 1
20 82 1 2.85336 1
20 83 1 2.38484 1
20 84 1 2.34597 1
20 85 1 -4.45188 1
20 86 1 0.088545 1
20 87 1 -0.23542 1
20 88 1 1.71692 1
20 89 1 0.851186 1
20 90 1 3.47583 1
20 91 1 0.463136 0
20 92 1 0.975107 1
20 93 1 0.353182 0
20 94 1 3.31271 0
20 95 1 -1.51825 1
20 96 1 -4.23607 1
20 98 1 -0.520036 1
20 103 1 1.10516 1
20 109 1 0.105025 1
103 91 1 0.895755 0
103 105 1 2.00005 1
103 112 1 -1.15687 0
103 123 1 -0.484129 1
103 140 1 -1.19848 1
140 112 1 2.16406 1
123 91 1 0.606979 1
123 113 1 0.253717 0
123 136 1 1.32677 1
123 137 1 -0.305608 1
136 113 1 -1.48378 1
105 91 1 2.72954 0
105 129 1 -0.553345 1
129 91 1 -0.717313 0
129 135 1 1.99546 1
129 116 1 1.31075 1
135 91 1 -0.810363 1
98 93 1 -0.141702 1
98 99 1 4.59275 1
98 15 1 0.347268 1
96 94 1 2.00669 1
96 20 1 0.0549448 1
21 64 1 2.5444 1
21 65 1 6.80388 1
21 66 1 -3.02642 1
21 67 1 -4.6585 1
21 68 1 -1.91416 1
21 69 1 1.48404 1
21 70 1 -0.619912 1
21 71 1 -3.19794 1
21 72 1 -8.15609 1
21 73 1 -1.28014 1
21 74 1 -1.01568 1
21 75 1 1.60028 1
21 76 1 -1.63671 1
21 77 1 -0.931071 1
21 78 1 -1.38881 1
21 79 1 -1.389 1
21 80 1 2.64676 1
21 81 1 -2.14754 1
21 82 1 -1.59046 1
21 83 1 -0.344585 1
21 84 1 4.93425 1
21 85 1 -0.251848 1
21 86 1 1.58197 1
21 87 1 -0.804309 1
21 88 1 3.71271 1
21 89 1 -0.397569 1
21 90 1 0.688764 1
21 91 1 1.13676 0
21 92 1 1.15745 1
21 93 1 0.667372 1
21 94 1 -4.69174 1
21 95 1 -0.354149 1
21 143 1 2.99599 1
143 91 1 -1.10328 1
22 64 1 2.16989 1
22 65 1 -0.224652 1
22 66 1 0.198634 1
22 67 1 4.67127 1
22 68 1 -1.41484 1
22 69 1 -1.55947 1
22 70 1 -2.48351 1
22 71 1 0.918695 1
22 72 1 -4.43984 1
22 73 1 -0.606755 1
22 74 1 -4.58282 1
22 75 1 -2.03099 1
22 76 1 1.95548 1
22 77 1 -0.323826 1
22 78 1 4.37837 1
22 79 1 6.13499 1
22 80 1 -0.14791 1
22 81 1 -1.09832 1
22 82 1 -0.178146 1
22 83 1 -0.752784 1
22 84 1 -1.90717 1
22 85 1 0.354606 1
22 86 1 0.0174291 1
22 87 1 5.98209 1
22 88 1 -3.15806 1
22 89 1 -0.437479 1
22 90 1 2.27561 1
22 91 1 0.713645 1
22 92 1 1.75288 1
22 93 1 1.84334 1
22 94 1 4.45423 1
22 95 1 2.8207 1
23 64 1 -2.19481 1
23 65 1 1.24326 1
23 66 1 0.416265 1
23 67 1 1.62533 1
23 68 1 -2.02236 1
23 69 1 1.77882 1
23 70 1 4.51254 1
23 71 1 -3.29264 1
23 72 1 -0.202258 1
23 73 1 -1.07306 1
23 74 1 1.98796 1
23 75 1 0.436921 1
23 76 1 2.43312 1
23 77 1 2.61539 1
23 78 1 -0.703052 1
23 79 1 -4.84956 1
23 80 1 1.15174 1
23 81 1 1.18312 1
23 82 1 -2.76149 1
23 83 1 1.67131 1
23 84 1 3.72348 1
23 85 1 -2.20021 1
23 86 1 -8.66522 1
23 87 1 0.559993 1
23 88 1 1.75536 1
23 89 1 -0.201925 1
23 90 1 -2.50582 1
23 91 1 -1.2676 1
23 92 1 0.294282 1
23 93 1 2.56815 1
23 94 1 -3.05297 1
23 95 1 0.0215839 1
23 107 1 0.977809 1
23 27 1 -0.390145 1
24 64 1 -1.3688 1
24 65 1 2.59125 1
24 66 1 -1.07669 1
24 67 1 4.90648 1
24 68 1 -4.92054 1
24 69 1 3.76807 1
24 70 1 -0.140761 1
24 71 1 3.96773 1
24 72 1 1.23529 1
24 73 1 1.68048 1
24 74 1 -0.237082 1
24 75 1 0.627467 1
24 76 1 -0.439092 1
24 77 1 -0.440561 1
24 78 1 -4.6241 1
24 79 1 -1.74094 1
24 80 1 3.28887 1
24 81 1 2.0135 1
24 82 1 1.05552 1
24 83 1 -3.56559 1
24 84 1 -4.71779 1
24 85 1 -1.31384 1
24 86 1 -4.21163 1
24 87 1 2.82976 1
24 88 1 -2.6351 1
24 89 1 6.63666 1
24 90 1 2.7932 1
24 91 1 -2.93632 1
24 92 1 0.000211028 1
24 93 1 0.452336 1
24 94 1 -1.09016 1
24 95 1 -1.45419 1
24 5 1 0.757557 1
25 64 1 0.525954 1
25 65 1 1.38668 1
25 66 1 -0.698116 1
25 67 1 -1.6785 1
25 68 1 2.61762 1
25 69 1 -5.16963 1
25 70 1 0.524998 0
25 71 1 -2.34451 1
25 72 1 2.15363 1
25 73 1 0.746655 1
25 74 1 2.07335 1
25 75 1 -2.36808 1
25 76 1 -0.226758 1
25 77 1 -0.710908 1
25 78 1 1.94546 1
25 79 1 0.112675 1
25 80 1 -0.499073 1
25 81 1 -3.76496 1
25 82 1 -0.901969 1
25 83 1 4.01783 1
25 84 1 -1.39543 1
25 85 1 -1.62435 1
25 86 1 1.52443 1
25 87 1 1.9618 1
25 88 1 0.392751 1
25 89 1 1.10301 1
25 90 1 -2.26142 1
25 91 1 1.44094 1
25 92 1 1.58518 1
25 93 1 -1.01129 1
25 94 1 -1.25517 1
25 95 1 -2.53847 1
25 8 1 0.556946 1
25 6 1 -1.21935 1
25 121 1 -1.94506 1
121 70 1 6.48262 1
26 64 1 -2.39717 1
26 65 1 2.66654 1
26 66 1 0.690935 1
26 67 1 1.82282 1
26 68 1 0.791118 1
26 69 1 3.26638 1
26 70 1 -3.06231 1
26 71 1 1.27895 1
26 72 1 -1.61137 1
26 73 1 1.08605 1
26 74 1 -6.11927 1
26 75 1 2.47428 1
26 76 1 0.65491 1
26 77 1 -4.3816 1
26 78 1 3.21835 1
26 79 1 -0.629198 1
26 80 1 0.271581 1
26 81 1 3.68771 1
26 82 1 1.28402 1
26 83 1 1.08921 1
26 84 1 -4.19761 1
26 85 1 1.55546 1
26 86 1 -4.03566 1
26 87 1 0.687326 1
26 88 1 -3.98094 1
26 89 1 -0.658409 1
26 90 1 -2.98507 1
26 91 1 -3.50142 1
26 92 1 0.182423 1
26 93 1 0.485351 1
26 94 1 2.5006 1
26 95 1 -0.661638 1
26 23 1 3.96113 1
26 15 1 3.54756 1
27 64 1 -3.44204 1
27 65 1 3.17182 1
27 66 1 3.03661 1
27 67 1 -0.815179 1
27 68 1 1.39873 1
27 69 1 1.80825 1
27 70 1 3.80704 1
27 71 1 -6.72449 1
27 72 1 -1.03493 1
27 73 1 1.25916 1
27 74 1 -2.23357 1
27 75 1 1.89713 1
27 76 1 -3.35121 1
27 77 1 -1.80312 1
27 78 1 -1.06757 1
27 79 1 0.666947 1
27 80 1 -2.0143 1
27 81 1 -1.60035 1
27 82 1 1.71988 1
27 83 1 0.345371 1
27 84 1 1.66938 1
27 85 1 0.308262 1
27 86 1 -2.10912 1
27 87 1 0.917516 1
27 88 1 -4.54907 1
27 89 1 -5.40862 1
27 90 1 3.21625 1
27 91 1 -2.1498 1
27 92 1 -0.274293 1
27 93 1 -0.69933 1
27 94 1 2.0046 1
27 95 1 -1.1612 1
27 9 1 1.50995 1
27 5 1 -2.35366 1
28 64 1 3.60201 1
28 65 1 -0.560959 1
28 66 1 -2.19394 1
28 67 1 4.55397 1
28 68 1 3.42786 1
28 69 1 2.30528 1
28 70 1 0.145037 1
28 71 1 -1.0233 1
28 72 1 -6.48559 1
28 73 1 0.504284 1
28 74 1 -1.82035 1
28 75 1 0.062117 1
28 76 1 0.461057 1
28 77 1 2.28335 1
28 78 1 -3.36842 1
28 79 1 0.804785 1
28 80 1 2.02045 1
28 81 1 -1.64463 1
28 82 1 3.12739 1
28 83 1 2.45133 1
28 84 1 3.717 1
28 85 1 -6.53784 1
28 86 1 -2.80243 1
28 87 1 -1.39989 1
28 88 1 -3.74501 1
28 89 1 1.2448 1
28 90 1 -2.67905 1
28 91 1 -1.18891 1
28 92 1 3.77209 1
28 93 1 -3.07346 1
28 94 1 4.81488 1
28 95 1 -3.63976 1
29 64 1 -0.508226 1
29 65 1 -1.60959 1
29 66 1 -1.12968 1
29 67 1 1.11188 1
29 68 1 -6.92883 1
29 69 1 1.14998 1
29 70 1 -0.527366 1
29 71 1 -1.04196 1
29 72 1 0.0427389 1
29 73 1 -0.777169 1
29 74 1 0.508566 1
29 75 1 0.412192 1
29 76 1 -0.542025 1
29 77 1 1.63383 1
29 78 1 -4.09044 1
29 79 1 -2.91561 1
29 80 1 2.56543 1
29 81 1 1.22823 1
29 82 1 1.55325 1
29 83 1 -0.39067 1
29 84 1 2.30236 1
29 85 1 -0.944407 1
29 86 1 -2.15096 1
29 87 1 -4.39773 1
29 88 1 -1.59366 1
29 89 1 -2.40346 1
29 90 1 -1.33489 1
29 91 1 0.0850705 1
29 92 1 0.908936 1
29 93 1 1.79971 1
29 94 1 -3.15585 1
29 95 1 0.218723 1
29 113 1 0.882584 1
30 64 1 -0.159358 1
30 65 1 1.44488 1
30 66 1 4.57353 1
30 67 1 0.979478 1
30 68 1 1.30354 1
30 69 1 2.55924 1
30 70 1 1.07326 1
30 71 1 -3.41921 1
30 72 1 -0.311912 1
30 73 1 2.60974 1
30 74 1 -0.555313 1
30 75 1 3.57487 1
30 76 1 2.42745 1
30 77 1 -1.41384 1
30 78 1 2.69925 1
30 79 1 3.67123 1
30 80 1 -2.0334 1
30 81 1 -2.87396 1
30 82 1 3.76071 1
30 83 1 4.07701 1
30 84 1 1.99758 1
30 85 1 -2.41101 1
30 86 1 -0.977187 1
30 87 1 -2.39528 1
30 88 1 1.05175 1
30 89 1 -0.954429 1
30 90 1 1.83261 1
30 91 1 4.90107 1
30 92 1 -1.15068 1
30 93 1 1.35143 1
30 94 1 1.79178 1
30 95 1 -0.863166 1
30 28 1 0.403941 1
31 64 1 2.69824 1
31 65 1 -0.171243 1
31 66 1 -3.21843 1
31 67 1 5.10056 1
31 68 1 3.33227 1
31 69 1 0.102478 1
31 70 1 -3.02263 1
31 71 1 1.86436 1
31 72 1 -2.94993 1
31 73 1 -2.81474 1
31 74 1 3.50879 1
31 75 1 1.52757 1
31 76 1 1.9632 1
31 77 1 -0.326345 1
31 78 1 -3.08573 1
31 79 1 1.17177 1
31 80 1 -1.02585 1
31 81 1 -2.36534 1
31 82 1 -1.16784 1
31 83 1 -0.383945 1
31 84 1 -3.47705 1
31 85 1 -3.25157 1
31 86 1 0.759417 1
31 87 1 -2.83148 0
31 88 1 3.95448 1
31 89 1 -0.957431 1
31 90 1 -0.143597 1
31 91 1 -2.41689 1
31 92 1 0.900195 1
31 93 1 0.803469 1
31 94 1 0.21569 1
31 95 1 -1.21326 1
31 122 1 1.53098 1
122 87 1 0.643733 1
32 64 1 8.01504 1
32 65 1 0.867681 1
32 66 1 -3.06562 1
32 67 1 1.70915 1
32 68 1 0.663805 1
32 69 1 1.40766 1
32 70 1 -0.0795948 1
32 71 1 2.69496 1
32 72 1 -3.49803 1
32 73 1 0.825468 1
32 74 1 -1.45495 1
32 75 1 2.64225 1
32 76 1 -1.42262 1
32 77 1 3.36665 1
32 78 1 -0.0287896 1
32 79 1 2.009 1
32 80 1 -0.528513 1
32 81 1 -2.34021 1
32 82 1 -1.86391 1
32 83 1 -2.95324 1
32 84 1 1.543 1
32 85 1 -3.77805 1
32 86 1 0.147092 1
32 87 1 -1.0568 1
32 88 1 -1.02012 1
32 89 1 -3.14114 1
32 90 1 0.873338 1
32 91 1 -2.90486 1
32 92 1 1.7565 1
32 93 1 0.929281 1
32 94 1 -0.0352367 1
32 95 1 -1.43074 1
33 64 1 2.62419 1
33 65 1 -5.47953 1
33 66 1 -1.20674 1
33 67 1 -2.71306 1
33 68 1 -0.798591 1
33 69 1 -2.25516 1
33 70 1 3.02101 1
33 71 1 4.00955 1
33 72 1 1.42988 1
33 73 1 2.55145 1
33 74 1 2.87494 1
33 75 1 -5.60326 1
33 76 1 -1.67276 1
33 77 1 1.84541 1
33 78 1 -3.72964 1
33 79 1 -2.93989 1
33 80 1 0.945972 1
33 81 1 -1.83314 1
33 82 1 0.898799 1
33 83 1 0.879581 1
33 84 1 1.16578 1
33 85 1 1.57269 1
33 86 1 2.88337 1
33 87 1 1.59007 1
33 88 1 2.61985 1
33 89 1 4.99265 1
33 90 1 -2.25425 1
33 91 1 -0.111443 1
33 92 1 1.67269 1
33 93 1 1.73825 1
33 94 1 0.390052 1
33 95 1 -0.532563 1
33 20 1 -2.97218 1
33 107 1 0.20908 1
33 13 1 0.188046 1
34 64 1 -0.411529 1
34 65 1 -0.80059 1
34 66 1 2.05003 1
34 67 1 0.557353 1
34 68 1 1.06488 1
34 69 1 -0.566022 1
34 70 1 -1.63997 1
34 71 1 -1.15483 1
34 72 1 -1.9224 1
34 73 1 -4.03185 1
34 74 1 0.983823 1
34 75 1 6.74804 1
34 76 1 -1.31833 1
34 77 1 -0.858616 1
34 78 1 -1.68343 1
34 79 1 2.49936 1
34 80 1 2.25792 1
34 81 1 -1.09668 1
34 82 1 0.410773 1
34 83 1 1.50084 1
34 84 1 0.565205 1
34 85 1 -0.24333 1
34 86 1 0.310045 1
34 87 1 0.126866 1
34 88 1 1.15986 1
34 89 1 -0.974458 1
34 90 1 -6.08977 1
34 91 1 3.25116 1
34 92 1 1.64459 1
34 93 1 -2.41749 1
34 94 1 3.0299 1
34 95 1 2.24759 1
34 113 1 -0.790815 1
35 64 1 -0.441876 1
35 65 1 -0.940776 1
35 66 1 -0.587139 1
35 67 1 2.90706 1
35 68 1 1.08054 1
35 69 1 3.77417 1
35 70 1 2.37267 1
35 71 1 3.06749 1
35 72 1 2.97832 1
35 73 1 6.49565 1
35 74 1 2.04855 1
35 75 1 0.112431 1
35 76 1 -3.37353 1
35 77 1 0.154966 1
35 78 1 -0.772664 1
35 79 1 1.40308 1
35 80 1 -7.0851 1
35 81 1 -0.892875 1
35 82 1 2.90635 0
35 83 1 0.754039 1
35 84 1 4.02033 1
35 85 1 -4.58176 1
35 86 1 -1.3309 1
35 87 1 -1.95708 1
35 88 1 0.0145338 1
35 89 1 1.03379 0
35 90 1 -1.17654 1
35 91 1 -1.62086 1
35 92 1 -3.42318 1
35 93 1 -3.19036 1
35 94 1 -1.26147 1
35 95 1 -0.384934 1
35 130 1 0.943963 1
35 133 1 4.15679 1
133 82 1 2.11002 1
130 89 1 1.25704 1
36 64 1 0.0857148 1
36 65 1 1.90529 1
36 66 1 -0.403341 1
36 67 1 -0.568835 1
36 68 1 -4.84116 1
36 69 1 -2.47301 1
36 70 1 -0.633562 1
36 71 1 1.38783 1
36 72 1 -0.994784 1
36 73 1 -0.0804926 1
36 74 1 -1.26402 1
36 75 1 0.342168 1
36 76 1 1.27714 1
36 77 1 -4.53757 1
36 78 1 0.353244 1
36 79 1 3.13322 1
36 80 1 1.86525 1
36 81 1 -0.908724 1
36 82 1 -1.30045 0
36 83 1 0.191148 1
36 84 1 2.90428 1
36 85 1 -3.37306 1
36 86 1 1.2072 1
36 87 1 -0.205575 1
36 88 1 -0.519724 1
36 89 1 1.24916 1
36 90 1 -2.81176 1
36 91 1 1.68916 1
36 92 1 4.38263 1
36 93 1 0.0500849 1
36 94 1 -2.22261 1
36 95 1 6.16353 1
36 109 1 0.686902 0
36 24 1 -1.01783 1
36 117 1 1.93429 1
117 109 1 0.545745 1
109 82 1 1.37858 1
109 31 1 0.008037 1
37 64 1 -3.09163 1
37 65 1 2.18942 1
37 66 1 -2.24821 1
37 67 1 -1.43722 1
37 68 1 -4.12442 1
37 69 1 2.89348 1
37 70 1 -3.33956 1
37 71 1 -0.896463 1
37 72 1 2.84902 1
37 73 1 2.37031 1
37 74 1 -0.688344 1
37 75 1 0.690349 1
37 76 1 3.66644 0
37 77 1 3.59879 1
37 78 1 -1.5751 1
37 79 1 1.01236 1
37 80 1 3.86255 1
37 81 1 0.536868 1
37 82 1 4.43593 1
37 83 1 1.54616 1
37 84 1 -3.8706 1
37 85 1 1.78506 1
37 86 1 -0.846444 1
37 87 1 1.94327 1
37 88 1 -2.70455 1
37 89 1 -2.16352 1
37 90 1 -0.692455 1
37 91 1 2.03231 1
37 92 1 2.85751 1
37 93 1 0.468827 1
37 94 1 -2.82975 1
37 95 1 -0.0908537 1
37 142 1 1.94254 1
142 76 1 -1.61105 1
142 147 1 -1.71289 1
38 64 1 0.759992 1
38 65 1 -1.77089 1
38 66 1 -1.0553 1
38 67 1 -0.743065 1
38 68 1 -2.11503 1
38 69 1 -5.15546 1
38 70 1 -0.128612 1
38 71 1 0.211746 1
38 72 1 0.675908 1
38 73 1 1.04416 1
38 74 1 -1.4212 1
38 75 1 1.56123 1
38 76 1 1.7908 1
38 77 1 -1.38088 1
38 78 1 -1.44735 1
38 79 1 -0.825294 1
38 80 1 -4.40937 1
38 81 1 -0.813378 1
38 82 1 2.03675 1
38 83 1 -0.896757 1
38 84 1 -2.05111 1
38 85 1 -4.6465 1
38 86 1 0.427687 1
38 87 1 -0.363569 1
38 88 1 1.56085 1
38 89 1 3.35582 1
38 90 1 0.847747 1
38 91 1 2.3395 1
38 92 1 2.29746 0
38 93 1 -2.18983 1
38 94 1 0.161945 1
38 95 1 -2.93827 1
38 148 1 2.24214 1
148 92 1 3.54457 1
39 64 1 1.40878 1
39 65 1 -1.98082 1
39 66 1 2.29105 1
39 67 1 0.161125 1
39 68 1 1.56733 1
39 69 1 -0.500778 1
39 70 1 1.89136 1
39 71 1 -1.1375 1
39 72 1 -2.77915 1
39 73 1 -4.63053 1
39 74 1 1.04728 1
39 75 1 2.34404 0
39 76 1 3.41047 1
39 77 1 -0.235344 1
39 78 1 -2.78459 1
39 79 1 -3.18586 1
39 80 1 2.25197 1
39 81 1 -2.78232 1
39 82 1 0.181339 1
39 83 1 -0.0927381 1
39 84 1 -2.42459 1
39 85 1 -0.311309 1
39 86 1 1.56637 1
39 87 1 1.89411 1
39 88 1 -1.86715 1
39 89 1 0.401465 1
39 90 1 3.46639 1
39 91 1 -1.20159 1
39 92 1 3.88361 1
39 93 1 1.41941 1
39 94 1 -4.49541 1
39 95 1 -1.34297 1
39 2 1 -4.0965 1
39 112 1 3.67642 1
39 13 1 -0.23799 1
39 104 1 -0.474785 1
112 75 1 -2.4367 1
112 138 1 -1.03665 1
40 64 1 -5.49949 1
40 65 1 -1.26469 1
40 66 1 1.80039 1
40 67 1 0.424599 1
40 68 1 2.30134 1
40 69 1 2.28795 1
40 70 1 -1.46356 1
40 71 1 0.455026 1
40 72 1 3.24075 1
40 73 1 1.63769 1
40 74 1 -2.39905 1
40 75 1 1.28079 1
40 76 1 -1.06634 1
40 77 1 3.17077 1
40 78 1 2.03708 1
40 79 1 -1.44429 1
40 80 1 -1.24714 1
40 81 1 0.340399 1
40 82 1 1.22799 1
40 83 1 -3.14899 1
40 84 1 0.0306639 1
40 85 1 2.14398 1
40 86 1 2.3011 1
40 87 1 1.71706 1
40 88 1 1.06393 1
40 89 1 -0.372163 1
40 90 1 -1.90242 1
40 91 1 -1.98155 1
40 92 1 -2.96414 1
40 93 1 2.12689 1
40 94 1 0.377228 1
40 95 1 1.83944 1
40 2 1 -0.559118 1
40 134 1 0.820563 1
41 64 1 5.1328 1
41 65 1 -0.9458 1
41 66 1 0.276343 1
41 67 1 0.939186 1
41 68 1 2.57962 1
41 69 1 0.0462219 1
41 70 1 1.38011 1
41 71 1 0.359545 1
41 72 1 3.83071 1
41 73 1 -4.97679 1
41 74 1 -0.134438 1
41 75 1 2.20125 1
41 76 1 -3.21374 1
41 77 1 -0.757298 1
41 78 1 -2.87533 1
41 79 1 0.906569 1
41 80 1 1.20342 1
41 81 1 2.87985 1
41 82 1 -1.86221 1
41 83 1 1.42035 1
41 84 1 -3.2385 1
41 85 1 -0.416347 1
41 86 1 0.546287 1
41 87 1 1.33622 1
41 88 1 3.43739 1
41 89 1 -3.70639 1
41 90 1 -2.5756 1
41 91 1 -0.214842 1
41 92 1 0.816473 1
41 93 1 -0.934574 1
41 94 1 -1.22417 1
41 95 1 -0.268576 1
41 11 1 3.22285 1
41 29 1 -0.986553 1
41 97 1 -1.94257 1
42 64 1 1.32896 1
42 65 1 0.239277 1
42 66 1 -0.0799842 1
42 67 1 0.183937 1
42 68 1 -1.92375 1
42 69 1 -0.353805 1
42 70 1 -1.59264 1
42 71 1 -1.81335 1
42 72 1 -1.23975 1
42 73 1 -2.70039 1
42 74 1 2.75821 1
42 75 1 -1.26955 1
42 76 1 -2.14413 1
42 77 1 -0.0313134 1
42 78 1 -2.11519 1
42 79 1 1.07002 1
42 80 1 -1.40308 1
42 81 1 2.26478 1
42 82 1 2.05137 1
42 83 1 3.14331 1
42 84 1 1.60441 1
42 85 1 0.142044 1
42 86 1 1.28157 1
42 87 1 -2.53187 1
42 88 1 -1.22527 1
42 89 1 -0.978038 1
42 90 1 1.14715 1
42 91 1 2.88411 1
42 92 1 -1.53738 1
42 93 1 2.37994 1
42 94 1 -1.91379 1
42 95 1 2.47171 1
43 64 1 3.01335 1
43 65 1 -3.31368 1
43 66 1 2.64018 1
43 67 1 1.46693 1
43 68 1 -0.263298 1
43 69 1 -1.68828 1
43 70 1 1.23352 1
43 71 1 -3.18187 1
43 72 1 -0.678803 1
43 73 1 -7.50553 1
43 74 1 2.30951 1
43 75 1 -2.46222 1
43 76 1 -0.61769 1
43 77 1 1.28278 1
43 78 1 0.373997 1
43 79 1 -2.80622 1
43 80 1 -0.486898 1
43 81 1 1.81984 1
43 82 1 2.56311 1
43 83 1 -1.3328 1
43 84 1 -0.533855 1
43 85 1 3.13339 1
43 86 1 1.15199 1
43 87 1 4.04084 1
43 88 1 0.392694 1
43 89 1 3.79339 1
43 90 1 -0.584138 1
43 91 1 -4.25825 1
43 92 1 3.69128 1
43 93 1 1.84325 1
43 94 1 -4.17525 1
43 95 1 1.85866 1
44 64 1 0.821951 1
44 65 1 -3.40241 1
44 66 1 0.717989 1
44 67 1 -3.25148 1
44 68 1 -0.279148 1
44 69 1 -1.26745 1
44 70 1 3.52671 1
44 71 1 1.60045 1
44 72 1 -2.08354 1
44 73 1 0.891767 1
44 74 1 -2.55322 1
44 75 1 -2.96569 1
44 76 1 0.194458 1
44 77 1 2.34187 1
44 78 1 2.35939 1
44 79 1 1.14618 1
44 80 1 5.01811 1
44 81 1 -2.27205 1
44 82 1 0.264696 1
44 83 1 -1.40979 1
44 84 1 -0.305515 1
44 85 1 -0.301218 1
44 86 1 0.955789 1
44 87 1 2.1105 1
44 88 1 0.843526 1
44 89 1 1.32323 1
44 90 1 -0.192676 1
44 91 1 -0.642822 1
44 92 1 -0.36974 1
44 93 1 3.23039 1
44 94 1 -2.60471 1
44 95 1 -0.710182 1
44 8 1 -0.12497 1
44 29 1 1.73448 1
45 64 1 -1.08551 1
45 65 1 2.87158 1
45 66 1 -0.59599 1
45 67 1 1.90493 1
45 68 1 -1.73378 1
45 69 1 -7.21822 1
45 70 1 -3.70136 1
45 71 1 0.28308 1
45 72 1 -5.99334 1
45 73 1 3.35868 1
45 74 1 3.15763 1
45 75 1 3.7127 1
45 76 1 -1.0128 1
45 77 1 -0.187624 1
45 78 1 -2.31968 1
45 79 1 2.88685 1
45 80 1 -2.59366 1
45 81 1 0.66455 1
45 82 1 -0.988167 1
45 83 1 -3.6652 1
45 84 1 3.03708 1
45 85 1 -2.73914 1
45 86 1 1.55301 1
45 87 1 0.660746 1
45 88 1 0.126254 1
45 89 1 -4.46998 1
45 90 1 0.630684 1
45 91 1 4.69945 1
45 92 1 -2.81284 1
45 93 1 -6.40049 1
45 94 1 2.22661 1
45 95 1 -3.88351 1
45 9 1 4.03053 1
45 20 1 -0.823158 1
46 64 1 -0.859327 1
46 65 1 -1.6334 1
46 66 1 3.2612 1
46 67 1 2.92093 1
46 68 1 -5.73212 1
46 69 1 -1.64992 1
46 70 1 0.98122 1
46 71 1 -1.34972 1
46 72 1 1.7912 1
46 73 1 -2.54653 1
46 74 1 -1.09763 1
46 75 1 2.13532 1
46 76 1 -4.29049 1
46 77 1 1.83519 1
46 78 1 -1.46524 1
46 79 1 0.216511 1
46 80 1 3.58113 1
46 81 1 -0.166453 1
46 82 1 0.79761 1
46 83 1 0.955945 1
46 84 1 -0.331823 1
46 85 1 2.64201 1
46 86 1 -0.730352 1
46 87 1 2.99174 1
46 88 1 -1.29701 1
46 89 1 -3.48463 1
46 90 1 -3.13516 1
46 91 1 0.613028 1
46 92 1 1.79531 1
46 93 1 -1.6444 1
46 94 1 -1.27795 1
46 95 1 -0.556695 1
46 24 1 1.40434 1
47 64 1 -0.590075 1
47 65 1 -0.293529 1
47 66 1 -2.81635 1
47 67 1 5.17066 1
47 68 1 -1.71637 1
47 69 1 2.51512 1
47 70 1 -2.48227 1
47 71 1 0.280152 1
47 72 1 0.911002 1
47 73 1 5.4201 0
47 74 1 -1.20498 1
47 75 1 -1.60836 1
47 76 1 -2.85946 1
47 77 1 -7.67597 1
47 78 1 -2.08351 1
47 79 1 1.61795 1
47 80 1 3.69527 1
47 81 1 -6.27053 1
47 82 1 0.846039 1
47 83 1 -0.077639 1
47 84 1 -3.35777 1
47 85 1 0.588181 1
47 86 1 -3.1091 1
47 87 1 4.40121 1
47 88 1 1.63622 1
47 89 1 1.1867 1
47 90 1 6.59303 1
47 91 1 0.709962 1
47 92 1 -1.45501 1
47 93 1 0.667535 1
47 94 1 1.39345 1
47 95 1 -1.27917 1
47 4 1 -0.313225 1
47 137 1 1.43004 1
137 73 1 3.50251 1
48 64 1 -0.0609488 1
48 65 1 -0.0919877 1
48 66 1 0.58584 1
48 67 1 -1.31044 1
48 68 1 -5.85723 1
48 69 1 -4.00544 1
48 70 1 0.0850575 1
48 71 1 0.195419 1
48 72 1 -3.68384 1
48 73 1 3.5228 1
48 74 1 5.25227 1
48 75 1 -4.66275 1
48 76 1 1.15509 1
48 77 1 -3.45776 1
48 78 1 -0.439059 1
48 79 1 2.45834 1
48 80 1 0.0947779 1
48 81 1 -3.33406 1
48 82 1 1.30605 1
48 83 1 0.737949 1
48 84 1 1.08741 1
48 85 1 0.937179 1
48 86 1 -1.3661 1
48 87 1 -1.15542 1
48 88 1 -1.84305 1
48 89 1 0.145448 1
48 90 1 2.80313 1
48 91 1 1.00926 1
48 92 1 -5.62705 1
48 93 1 0.36128 1
48 94 1 3.4325 1
48 95 1 2.9036 1
48 16 1 1.625 1
48 12 1 0.337245 1
48 14 1 -2.64736 1
48 30 1 0.224781 1
49 64 1 0.632916 1
49 65 1 -2.24768 1
49 66 1 0.89764 1
49 67 1 -0.91468 1
49 68 1 -2.53332 1
49 69 1 0.372687 1
49 70 1 1.48132 1
49 71 1 -3.90775 1
49 72 1 0.0174988 1
49 73 1 0.0674117 1
49 74 1 3.25017 1
49 75 1 2.2865 1
49 76 1 -6.61451 1
49 77 1 -3.25351 1
49 78 1 -1.1106 1
49 79 1 1.19564 1
49 80 1 4.98146 1
49 81 1 -4.41771 1
49 82 1 1.18974 1
49 83 1 -1.86691 1
49 84 1 3.00491 1
49 85 1 -2.67162 1
49 86 1 -0.701613 1
49 87 1 -0.641128 1
49 88 1 -1.08746 1
49 89 1 0.756333 1
49 90 1 -1.03916 1
49 91 1 1.47875 1
49 92 1 2.18552 1
49 93 1 -1.05065 1
49 94 1 0.463512 1
49 95 1 3.5225 1
49 19 1 -1.72317 1
49 31 1 -1.1024 1
49 15 1 0.100296 1
50 64 1 -5.25504 1
50 65 1 -1.96054 1
50 66 1 1.60985 1
50 67 1 -0.931102 1
50 68 1 2.81407 1
50 69 1 -0.939944 1
50 70 1 0.608948 1
50 71 1 6.91394 1
50 72 1 -1.47436 1
50 73 1 5.08254 1
50 74 1 -3.02204 1
50 75 1 1.75512 1
50 76 1 -0.34261 1
50 77 1 0.472014 1
50 78 1 2.26118 1
50 79 1 -2.66682 1
50 80 1 1.70479 1
50 81 1 0.745467 1
50 82 1 -0.500151 1
50 83 1 3.5227 1
50 84 1 -1.14672 1
50 85 1 0.786362 1
50 86 1 2.78654 1
50 87 1 -2.76372 1
50 88 1 -2.77124 1
50 89 1 0.647645 1
50 90 1 0.143128 1
50 91 1 0.311797 1
50 92 1 0.142337 1
50 93 1 -0.411211 1
50 94 1 -3.32133 1
50 95 1 1.72924 1
50 4 1 6.16114 1
50 22 1 -1.04769 1
51 64 1 -1.81074 1
51 65 1 2.68471 1
51 66 1 2.9483 1
51 67 1 -1.51763 1
51 68 1 -0.568914 1
51 69 1 -1.54249 1
51 70 1 2.50293 1
51 71 1 3.27122 1
51 72 1 -4.64958 1
51 73 1 -2.94807 0
51 74 1 -2.14101 1
51 75 1 4.86701 1
51 76 1 -1.95406 1
51 77 1 2.18647 1
51 78 1 4.23781 1
51 79 1 1.80028 1
51 80 1 0.825096 1
51 81 1 -3.4953 1
51 82 1 0.253734 1
51 83 1 3.97249 1
51 84 1 -2.38883 1
51 85 1 -2.51305 1
51 86 1 0.00303849 1
51 87 1 0.819957 1
51 88 1 1.32197 1
51 89 1 0.829563 1
51 90 1 2.58812 1
51 91 1 0.336151 1
51 92 1 2.52323 1
51 93 1 4.34344 1
51 94 1 -5.20413 1
51 95 1 -2.71968 1
51 116 1 0.5783 1
51 12 1 -0.590316 1
116 73 1 -0.570074 0
116 134 1 0.836743 1
134 73 1 2.27418 1
52 64 1 -2.56541 1
52 65 1 3.94179 1
52 66 1 0.806901 1
52 67 1 0.122315 1
52 68 1 1.07074 1
52 69 1 5.61452 1
52 70 1 2.72021 1
52 71 1 -1.72791 1
52 72 1 -1.16595 1
52 73 1 3.66648 1
52 74 1 3.16312 1
52 75 1 0.956938 1
52 76 1 -3.56396 1
52 77 1 0.63673 1
52 78 1 2.44842 1
52 79 1 0.735546 1
52 80 1 -0.322357 1
52 81 1 0.219338 1
52 82 1 -1.88456 1
52 83 1 -2.35644 1
52 84 1 0.916286 1
52 85 1 -1.40839 1
52 86 1 -3.33933 1
52 87 1 -0.0104828 1
52 88 1 2.50681 1
52 89 1 -2.03992 1
52 90 1 -0.479727 1
52 91 1 -0.6659 1
52 92 1 0.341013 1
52 93 1 -2.30068 0
52 94 1 1.86087 1
52 95 1 -0.424052 1
52 115 1 -0.381182 1
52 139 1 -0.386873 1
139 93 1 -1.63331 1
53 64 1 -2.6272 1
53 65 1 0.834593 1
53 66 1 -0.345358 1
53 67 1 -1.00539 1
53 68 1 2.37934 1
53 69 1 0.494413 1
53 70 1 -0.954833 0
53 71 1 0.280764 1
53 72 1 -1.55552 1
53 73 1 0.19098 1
53 74 1 -1.39299 1
53 75 1 -2.54457 1
53 76 1 0.00648205 1
53 77 1 2.59441 1
53 78 1 0.523543 1
53 79 1 -0.785116 1
53 80 1 1.18325 1
53 81 1 1.62446 1
53 82 1 1.60202 1
53 83 1 0.432994 1
53 84 1 1.46951 1
53 85 1 1.11704 1
53 86 1 2.66795 1
53 87 1 0.201689 1
53 88 1 -0.400334 1
53 89 1 -0.117434 1
53 90 1 -2.67389 1
53 91 1 0.45393 1
53 92 1 2.6706 1
53 93 1 0.25029 1
53 94 1 0.532327 1
53 95 1 -3.01485 1
53 20 1 4.9237 1
53 23 1 0.751092 1
53 149 1 1.12737 1
149 70 1 -2.08459 0
149 153 1 1.16479 1
153 70 1 -1.54448 1
54 64 1 1.90962 1
54 65 1 -1.07798 1
54 66 1 -3.01256 1
54 67 1 0.50028 1
54 68 1 2.71363 1
54 69 1 -3.58142 1
54 70 1 0.64288 1
54 71 1 3.93389 1
54 72 1 0.806711 1
54 73 1 1.24363 1
54 74 1 -0.302171 1
54 75 1 -2.4943 1
54 76 1 -1.67583 1
54 77 1 3.21905 1
54 78 1 0.380901 1
54 79 1 1.14602 1
54 80 1 0.209134 1
54 81 1 3.54971 1
54 82 1 -2.93955 1
54 83 1 6.32957 1
54 84 1 2.05199 1
54 85 1 -0.253104 1
54 86 1 -3.72093 1
54 87 1 -1.50987 1
54 88 1 2.25063 1
54 89 1 3.45823 1
54 90 1 -3.1435 1
54 91 1 3.17839 1
54 92 1 -1.29322 1
54 93 1 1.37873 1
54 94 1 -3.89193 1
54 95 1 -3.1146 1
54 30 1 -0.805646 1
54 144 1 0.307542 1
55 64 1 0.0121074 1
55 65 1 -3.06949 1
55 66 1 -2.81568 1
55 67 1 -1.58642 1
55 68 1 -2.33729 1
55 69 1 2.72056 1
55 70 1 2.57415 1
55 71 1 -5.37154 1
55 72 1 2.33475 1
55 73 1 0.667232 1
55 74 1 1.9754 1
55 75 1 -2.72566 1
55 76 1 -4.50438 1
55 77 1 2.63311 1
55 78 1 0.739708 1
55 79 1 2.07652 1
55 80 1 -1.78789 1
55 81 1 1.80466 1
55 82 1 -0.847177 1
55 83 1 -0.391719 1
55 84 1 -0.067393 1
55 85 1 -5.89688 1
55 86 1 0.96711 1
55 87 1 0.960067 1
55 88 1 -3.34962 1
55 89 1 -1.24564 1
55 90 1 1.15577 1
55 91 1 1.51403 1
55 92 1 6.21415 1
55 93 1 -4.24232 1
55 94 1 -4.00348 1
55 95 1 -0.885643 0
55 28 1 4.41971 1
55 114 1 0.89524 1
55 0 1 -0.854208 1
114 95 1 -1.80319 1
56 64 1 3.04606 1
56 65 1 -4.47129 1
56 66 1 1.07908 1
56 67 1 -1.90517 1
56 68 1 -0.730001 0
56 69 1 -1.13915 1
56 70 1 -0.244566 1
56 71 1 1.77872 1
56 72 1 -0.666425 1
56 73 1 -1.1846 1
56 74 1 3.82481 1
56 75 1 3.74063 1
56 76 1 -3.97735 1
56 77 1 -0.607149 1
56 78 1 -2.06021 1
56 79 1 0.0409767 1
56 80 1 -1.48882 1
56 81 1 3.84197 1
56 82 1 2.33423 1
56 83 1 -1.87361 1
56 84 1 -1.35247 1
56 85 1 -1.09834 1
56 86 1 2.04212 1
56 87 1 -1.84649 1
56 88 1 0.288966 1
56 89 1 -1.96464 1
56 90 1 -1.0261 1
56 91 1 -1.6561 1
56 92 1 1.74167 1
56 93 1 4.75352 1
56 94 1 -2.34837 1
56 95 1 -0.484827 1
56 3 1 -2.68838 1
56 126 1 3.59001 1
126 68 1 0.979492 1
126 11 1 -2.53469 1
57 64 1 -3.91753 1
57 65 1 3.33288 1
57 66 1 -1.65955 1
57 67 1 -1.73437 1
57 68 1 2.67958 1
57 69 1 -0.556665 0
57 70 1 0.831963 1
57 71 1 2.38105 1
57 72 1 0.872179 1
57 73 1 -1.56937 1
57 74 1 1.73039 1
57 75 1 3.21509 1
57 76 1 1.98193 1
57 77 1 -4.88762 1
57 78 1 -0.86065 1
57 79 1 -2.53799 1
57 80 1 1.1796 1
57 81 1 3.61411 1
57 82 1 3.93807 1
57 83 1 -2.9494 1
57 84 1 -0.702707 1
57 85 1 -2.42596 1
57 86 1 -0.906205 1
57 87 1 1.80034 1
57 88 1 -0.520207 1
57 89 1 0.303946 1
57 90 1 0.658943 1
57 91 1 -2.10852 1
57 92 1 -2.727 1
57 93 1 -0.18756 1
57 94 1 -1.69639 1
57 95 1 3.48953 1
57 104 1 3.267 1
57 22 1 0.949107 1
104 69 1 2.07363 1
104 1 1 -0.0232784 1
104 107 1 -0.097087 1
58 64 1 3.61476 1
58 65 1 -1.70295 1
58 66 1 -1.43429 1
58 67 1 -0.569337 1
58 68 1 -1.429 1
58 69 1 -0.303013 1
58 70 1 -1.20938 1
58 71 1 1.04213 1
58 72 1 -0.553287 1
58 73 1 -2.47817 1
58 74 1 2.01453 1
58 75 1 3.25516 1
58 76 1 3.46347 1
58 77 1 1.74331 1
58 78 1 -1.54834 1
58 79 1 0.513895 0
58 80 1 -3.91071 1
58 81 1 3.90712 1
58 82 1 0.321344 1
58 83 1 0.239483 1
58 84 1 -2.11157 1
58 85 1 1.28202 1
58 86 1 1.74924 1
58 87 1 -2.14463 1
58 88 1 -2.17192 1
58 89 1 -1.43088 1
58 90 1 -2.11275 1
58 91 1 -3.44139 1
58 92 1 -0.212382 1
58 93 1 2.10024 1
58 94 1 -1.65707 1
58 95 1 1.99913 1
58 128 1 1.95786 1
128 79 1 0.763985 0
128 131 1 -0.323463 1
131 79 1 0.820986 1
59 64 1 -1.51 1
59 65 1 2.04958 1
59 66 1 2.37825 1
59 67 1 -1.96535 1
59 68 1 1.13855 1
59 69 1 -1.17278 1
59 70 1 -1.7663 1
59 71 1 1.72917 1
59 72 1 -0.165437 1
59 73 1 -0.431846 1
59 74 1 0.158442 1
59 75 1 -1.12875 1
59 76 1 2.08263 1
59 77 1 0.543702 0
59 78 1 1.45803 1
59 79 1 -2.19976 1
59 80 1 -0.649726 1
59 81 1 1.19552 1
59 82 1 -5.42048 1
59 83 1 3.72021 1
59 84 1 -0.05093 1
59 85 1 -2.82186 1
59 86 1 -3.27022 1
59 87 1 1.21603 1
59 88 1 4.31896 1
59 89 1 -0.837512 1
59 90 1 1.12822 1
59 91 1 -2.6003 1
59 92 1 2.52694 1
59 93 1 3.10262 1
59 94 1 -5.54325 1
59 95 1 1.83736 1
59 97 1 0.943419 1
59 5 1 -2.69071 1
59 11 1 -1.44275 1
59 13 1 1.1664 1
97 77 1 -6.40721 1
97 22 1 -2.06973 1
97 2 1 -5.4227 0
97 99 1 2.79744 1
97 7 1 3.49069 0
97 102 1 1.77295 1
97 17 1 1.7902 1
102 7 1 4.71729 1
99 2 1 1.71143 0
99 108 1 4.42344 1
99 15 1 0.0720019 1
108 2 1 -1.17884 0
108 125 1 4.22229 1
125 2 1 0.486545 1
60 64 1 3.09015 1
60 65 1 0.49249 1
60 66 1 1.03811 1
60 67 1 -0.955149 1
60 68 1 0.559719 1
60 69 1 1.79383 1
60 70 1 -3.00614 1
60 71 1 1.02216 1
60 72 1 0.153394 0
60 73 1 1.05542 1
60 74 1 1.08578 1
60 75 1 -0.479861 1
60 76 1 -1.04046 1
60 77 1 3.95801 1
60 78 1 -2.56223 1
60 79 1 0.0792756 1
60 80 1 -5.13049 1
60 81 1 -1.8449 1
60 82 1 -1.19667 1
60 83 1 0.100477 1
60 84 1 -3.74918 1
60 85 1 3.7769 1
60 86 1 2.08681 1
60 87 1 -0.0408391 1
60 88 1 -4.87708 1
60 89 1 0.336648 1
60 90 1 -1.76974 1
60 91 1 0.403511 1
60 92 1 -1.02239 1
60 93 1 2.5686 1
60 94 1 -1.36944 1
60 95 1 0.482015 1
60 24 1 -2.32315 1
60 0 1 3.34137 1
60 115 1 2.52682 1
60 3 1 -0.43915 1
115 72 1 -1.74345 1
115 18 1 0.630469 1
115 14 1 1.16457 1
61 64 1 0.571549 1
61 65 1 -0.336836 1
61 66 1 2.28189 1
61 67 1 0.532501 1
61 68 1 -3.10677 1
61 69 1 3.24781 1
61 70 1 0.978855 1
61 71 1 -0.689977 1
61 72 1 -0.913672 1
61 73 1 1.26382 1
61 74 1 2.98217 1
61 75 1 3.39374 1
61 76 1 0.638534 1
61 77 1 -0.11984 0
61 78 1 -0.586151 1
61 79 1 -0.597542 1
61 80 1 -0.4005 1
61 81 1 -0.921289 1
61 82 1 -0.132897 1
61 83 1 0.187908 1
61 84 1 -2.47018 1
61 85 1 -1.69667 1
61 86 1 0.475793 1
61 87 1 2.13359 1
61 88 1 -0.130939 1
61 89 1 1.05568 1
61 90 1 -0.874941 1
61 91 1 1.31624 1
61 92 1 -0.85405 1
61 93 1 -1.26606 1
61 94 1 0.190496 1
61 95 1 -1.56971 1
61 107 1 0.112041 1
61 113 1 -1.7662 1
61 14 1 -3.06386 1
107 77 1 -5.47458 0
107 113 1 0.040382 1
107 14 1 -0.979877 1
113 77 1 -2.41745 1
113 23 1 -1.52462 1
113 147 1 0.462061 1
62 64 1 0.0485708 1
62 65 1 -2.37347 1
62 66 1 2.48021 1
62 67 1 -0.901681 1
62 68 1 1.58792 1
62 69 1 -1.35988 1
62 70 1 1.9167 1
62 71 1 -2.00285 1
62 72 1 0.984849 1
62 73 1 2.07397 1
62 74 1 4.31162 1
62 75 1 -0.731564 1
62 76 1 3.79008 1
62 77 1 -4.17043 1
62 78 1 -1.36028 1
62 79 1 -2.10069 1
62 80 1 -1.80272 1
62 81 1 0.267895 1
62 82 1 -1.30002 1
62 83 1 1.42388 1
62 84 1 -1.74111 0
62 85 1 0.104436 1
62 86 1 4.39989 1
62 87 1 -1.85089 1
62 88 1 0.0813354 1
62 89 1 -2.8243 1
62 90 1 -6.15875 1
62 91 1 0.96079 1
62 92 1 -0.660909 1
62 93 1 -1.74043 1
62 94 1 0.981169 1
62 95 1 -0.872523 1
62 5 1 1.04582 1
62 138 1 2.29873 0
62 152 1 0.655108 1
152 138 1 2.39502 1
138 84 1 0.438539 1
63 64 1 2.56307 1
63 65 1 -1.58463 1
63 66 1 2.81963 1
63 67 1 0.641135 1
63 68 1 -0.837935 1
63 69 1 -4.47083 1
63 70 1 -0.672204 1
63 71 1 1.47217 1
63 72 1 -0.844868 1
63 73 1 1.01901 1
63 74 1 -6.83352 1
63 75 1 1.94845 1
63 76 1 -2.8813 0
63 77 1 0.824903 1
63 78 1 -0.0473668 1
63 79 1 0.00306454 1
63 80 1 0.366832 1
63 81 1 -0.497725 1
63 82 1 1.71052 1
63 83 1 -4.00052 1
63 84 1 -2.1679 1
63 85 1 -3.08086 1
63 86 1 5.08141 1
63 87 1 -2.86584 0
63 88 1 0.176562 1
63 89 1 -2.59988 1
63 90 1 2.56691 1
63 91 1 -0.764526 1
63 92 1 0.391401 1
63 93 1 2.2268 1
63 94 1 -2.59073 1
63 95 1 -0.145977 1
63 141 1 2.00563 1
63 144 1 0.444179 1
144 76 1 -1.21004 0
144 147 1 0.830633 1
147 76 1 -2.67687 1
141 87 1 -7.23273 1
141 10 1 -1.07437 1
