154 64 32
3.19575 -0.851891 -7.80123 4.50359 -4.45167 1.93843 0.971357 0.951725 0.303845 2.80856 2.26488 4.2461 -4.27098 -3.70903 0.108949 -2.882 1.00793 1.23689 -1.60075 -1.85192 -1.34925 0.127618 -1.201 1.2603 -4.79254 0.0974621 3.83105 1.38261 -2.22526 -2.31582 -3.65574 1.57995 0.25591 -0.0052559 1.80112 2.5075 -2.94629 0.489512 -0.036943 -1.55086 -0.281232 1.77753 -0.501776 -5.06269 -3.08347 -1.43517 -3.29119 2.88456 -0.476507 2.71472 1.45294 -3.71806 -4.05325 -1.03414 -1.3799 3.86052 -1.78482 0.865021 1.54919 -2.05356 3.11034 -1.70019 -0.862296 -2.93136 -5.43857 -0.433026 2.95664 1.1717 -3.97648 2.16771 -2.72996 -2.35786 -3.68349 -3.19274 2.10294 3.5029 -0.923881 0.157455 0.745932 -4.21539 -0.200284 -0.0262387 -2.31344 0.384386 2.13558 0.730702 -3.26374 0.280261 4.29522 -0.375228 -1.14537 2.83931 -1.40844 0.317687 0.250978 -0.783056 -2.23724 -0.162204 -0.974225 -1.68992 2.64785 -3.10388 -6.3791 -2.67838 -3.19195 0.699635 -1.76035 -2.66712 -2.26389 1.05807 -1.06859 1.20316 2.84982 -3.06468 0.852704 -1.18203 -2.83492 -0.0917124 -0.882924 -1.48787 1.17718 0.230318 0.340821 1.26126 1.37906 3.76959 1.00884 0.250507 1.67246 1.87099 -0.114616 -1.4472 -0.713427 -0.680951 -0.698902 -0.998848 -1.18483 -0.90674 -2.13326 -0.292524 -0.204166 0.791193 -1.42153 0.598316 0.223486 0.900015 0.222848 -0.158344 0.652576 -1.876 -0.98493 0.318293 -0.849726 -0.214287 
0 64 1 -4.77987 1
0 65 1 2.85648 1
0 66 1 3.54745 1
0 67 1 0.553691 1
0 68 1 -0.786594 1
0 69 1 1.95077 1
0 70 1 0.629607 1
0 71 1 0.211408 1
0 72 1 0.0563442 1
0 73 1 -2.26178 1
0 74 1 -3.12175 1
0 75 1 0.500279 1
0 76 1 3.02521 1
0 77 1 1.24434 1
0 78 1 -2.35646 1
0 79 1 2.40565 1
0 80 1 3.10638 1
0 81 1 3.2809 1
0 82 1 4.00249 1
0 83 1 1.98168 1
0 84 1 -1.97717 1
0 85 1 2.99842 1
0 86 1 -2.66242 1
0 87 1 -1.30432 1
0 88 1 -0.756521 1
0 89 1 1.92479 1
0 90 1 5.64348 1
0 91 1 4.68746 1
0 92 1 -3.58989 1
0 93 1 -2.01422 1
0 94 1 2.1509 1
0 95 1 1.10065 1
0 10 1 -2.3495 1
1 64 1 -1.25207 1
1 65 1 -2.40719 1
1 66 1 1.80965 1
1 67 1 -3.78041 1
1 68 1 4.45348 1
1 69 1 -1.02413 1
1 70 1 1.88259 1
1 71 1 -1.25378 1
1 72 1 -0.964834 1
1 73 1 -1.4951 1
1 74 1 -3.02853 1
1 75 1 3.53331 1
1 76 1 -1.6295 1
1 77 1 6.0245 1
1 78 1 -1.92109 1
1 79 1 -0.383884 1
1 80 1 -3.10095 1
1 81 1 2.12331 1
1 82 1 -0.752469 1
1 83 1 -4.8894 1
1 84 1 -0.977594 1
1 85 1 -1.13501 1
1 86 1 1.81359 1
1 87 1 -0.728326 1
1 88 1 0.466838 1
1 89 1 3.17617 1
1 90 1 -2.1862 1
1 91 1 -1.49464 1
1 92 1 -1.72361 1
1 93 1 0.94888 1
1 94 1 -0.999958 1
1 95 1 -5.07151 1
1 27 1 1.257 1
2 64 1 0.170269 1
2 65 1 0.231245 1
2 66 1 -3.04614 1
2 67 1 -1.74106 1
2 68 1 -2.78493 1
2 69 1 2.35133 1
2 70 1 -1.29167 1
2 71 1 4.415 1
2 72 1 -2.42011 1
2 73 1 -3.30475 1
2 74 1 -3.73687 1
2 75 1 -0.560721 1
2 76 1 -4.08024 1
2 77 1 -1.10096 1
2 78 1 -1.15338 1
2 79 1 -3.48867 1
2 80 1 -4.90719 1
2 81 1 -4.39405 1
2 82 1 -0.584397 1
2 83 1 -2.51058 1
2 84 1 -0.61684 1
2 85 1 4.0108 1
2 86 1 -0.0826053 1
2 87 1 -0.684961 1
2 88 1 0.174545 1
2 89 1 -3.14518 1
2 90 1 -3.53328 1
2 91 1 -0.957451 1
2 92 1 1.6091 1
2 93 1 -3.36359 1
2 94 1 3.9371 1
2 95 1 -0.293097 1
2 100 1 -1.24648 1
2 6 1 3.98295 1
2 110 1 0.266341 1
3 64 1 -3.45788 1
3 65 1 -0.443708 1
3 66 1 0.312329 1
3 67 1 1.00164 1
3 68 1 4.26842 1
3 69 1 -3.53294 1
3 70 1 -0.425677 1
3 71 1 1.10543 1
3 72 1 8.55049 1
3 73 1 -0.142553 1
3 74 1 0.113118 1
3 75 1 1.92197 1
3 76 1 0.812457 1
3 77 1 -0.447759 1
3 78 1 -0.497665 1
3 79 1 0.442718 1
3 80 1 -3.12049 1
3 81 1 -1.57159 1
3 82 1 6.57139 1
3 83 1 1.37934 1
3 84 1 0.815854 1
3 85 1 -3.70428 1
3 86 1 -0.590867 1
3 87 1 1.41019 1
3 88 1 -1.56288 1
3 89 1 1.75045 1
3 90 1 0.50081 1
3 91 1 1.55336 1
3 92 1 -0.118226 1
3 93 1 -2.69524 1
3 94 1 -2.69107 1
3 95 1 2.34839 0
3 110 1 1.3075 1
110 95 1 -1.55684 0
110 111 1 -1.51677 0
110 132 1 1.9843 1
110 152 1 -0.221752 1
132 111 1 2.82331 1
111 95 1 -2.52457 1
4 64 1 1.33801 1
4 65 1 0.137882 1
4 66 1 -1.7985 1
4 67 1 3.49072 1
4 68 1 -0.51918 1
4 69 1 2.66934 1
4 70 1 0.0431774 1
4 71 1 -0.799557 1
4 72 1 0.699527 1
4 73 1 -1.26947 0
4 74 1 0.0145096 1
4 75 1 -4.67619 0
4 76 1 1.39178 1
4 77 1 2.56437 1
4 78 1 1.13125 1
4 79 1 3.52476 1
4 80 1 -4.44771 1
4 81 1 0.393734 1
4 82 1 -0.276595 1
4 83 1 -2.27333 1
4 84 1 -0.194158 1
4 85 1 2.40213 1
4 86 1 2.46392 1
4 87 1 -0.871963 1
4 88 1 -2.5259 1
4 89 1 -1.04305 1
4 90 1 3.56381 1
4 91 1 -5.89334 1
4 92 1 -1.97271 1
4 93 1 0.0574609 0
4 94 1 -1.84505 1
4 95 1 1.86242 1
4 101 1 2.92036 1
4 17 1 4.13461 1
4 118 1 0.920461 1
4 145 1 1.27339 1
145 93 1 0.741201 1
118 73 1 -2.47104 1
101 75 1 1.66104 1
5 64 1 -2.16439 1
5 65 1 2.46808 1
5 66 1 -2.15825 1
5 67 1 6.27591 1
5 68 1 3.30108 1
5 69 1 3.94831 1
5 70 1 -1.70647 1
5 71 1 0.0412876 1
5 72 1 0.741786 1
5 73 1 -1.27606 1
5 74 1 -1.90617 1
5 75 1 2.5247 1
5 76 1 4.23041 1
5 77 1 1.11088 1
5 78 1 0.493049 1
5 79 1 0.317336 1
5 80 1 2.2524 1
5 81 1 -2.0848 1
5 82 1 0.839048 1
5 83 1 4.61372 1
5 84 1 0.418834 1
5 85 1 2.22242 1
5 86 1 -3.44032 1
5 87 1 0.943481 1
5 88 1 -1.82491 1
5 89 1 -2.97912 1
5 90 1 -1.61843 1
5 91 1 -0.290883 1
5 92 1 -1.12802 1
5 93 1 1.79096 1
5 94 1 -1.85666 1
5 95 1 0.458476 1
5 28 1 1.61454 1
6 64 1 0.173191 1
6 65 1 -1.58751 1
6 66 1 2.60725 1
6 67 1 2.51171 1
6 68 1 -4.52528 1
6 69 1 -1.69919 1
6 70 1 -1.82275 1
6 71 1 -0.162575 1
6 72 1 2.2671 1
6 73 1 -3.04578 1
6 74 1 -4.09796 1
6 75 1 1.50539 1
6 76 1 3.17218 1
6 77 1 -0.579607 1
6 78 1 -1.31298 1
6 79 1 -1.41043 1
6 80 1 3.02798 1
6 81 1 -0.716713 1
6 82 1 1.98348 1
6 83 1 1.59645 1
6 84 1 2.58516 1
6 85 1 -2.22204 1
6 86 1 0.368782 1
6 87 1 2.83072 1
6 88 1 -2.93091 1
6 89 1 -1.72932 1
6 90 1 5.06582 1
6 91 1 -2.22889 1
6 92 1 3.37652 1
6 93 1 -3.93861 1
6 94 1 -3.59003 1
6 95 1 2.64677 1
6 26 1 0.510265 1
7 64 1 3.94139 1
7 65 1 1.55126 1
7 66 1 -0.694907 1
7 67 1 -5.3266 1
7 68 1 -3.17661 1
7 69 1 -1.73888 1
7 70 1 4.97495 1
7 71 1 1.3381 1
7 72 1 3.55621 1
7 73 1 -0.808226 1
7 74 1 -1.87295 1
7 75 1 -0.534498 1
7 76 1 2.56094 1
7 77 1 0.5578 1
7 78 1 2.68708 1
7 79 1 2.44528 1
7 80 1 -0.604236 1
7 81 1 1.80966 1
7 82 1 -3.47785 0
7 83 1 2.23182 0
7 84 1 -2.65757 1
7 85 1 4.08215 1
7 86 1 1.36683 1
7 87 1 3.53151 1
7 88 1 -2.9327 1
7 89 1 -2.06615 1
7 90 1 1.39842 1
7 91 1 -2.93768 1
7 92 1 1.59963 1
7 93 1 -1.72928 1
7 94 1 -0.856622 1
7 95 1 2.78218 1
7 100 1 -0.46684 1
7 127 1 1.40297 1
127 82 1 -3.84364 1
100 83 1 2.38267 1
100 24 1 -1.0425 0
100 106 1 3.43853 1
106 24 1 -5.72205 1
106 6 1 -1.41319 1
8 64 1 3.02578 1
8 65 1 -3.39197 1
8 66 1 -0.706494 1
8 67 1 1.48559 1
8 68 1 -1.03915 1
8 69 1 3.42752 1
8 70 1 1.78844 1
8 71 1 2.52059 1
8 72 1 3.64012 1
8 73 1 -1.32367 1
8 74 1 0.582411 1
8 75 1 -1.57825 1
8 76 1 -0.550672 1
8 77 1 3.29205 1
8 78 1 -0.28183 1
8 79 1 -2.12562 1
8 80 1 0.7764 1
8 81 1 -1.76255 1
8 82 1 1.12207 1
8 83 1 -3.7173 1
8 84 1 3.15863 1
8 85 1 8.35804 1
8 86 1 4.5925 1
8 87 1 1.32152 1
8 88 1 -0.578806 1
8 89 1 4.46513 1
8 90 1 -0.312698 1
8 91 1 -0.844558 1
8 92 1 3.04477 1
8 93 1 5.27704 1
8 94 1 5.23723 1
8 95 1 0.077553 1
8 17 1 -1.19749 1
9 64 1 -3.05705 1
9 65 1 -3.65762 1
9 66 1 1.4535 1
9 67 1 0.344968 1
9 68 1 -1.05824 1
9 69 1 0.718527 1
9 70 1 -6.0747 1
9 71 1 -0.928874 1
9 72 1 2.29643 1
9 73 1 -1.78869 1
9 74 1 0.0841642 1
9 75 1 1.5708 1
9 76 1 2.12903 1
9 77 1 -0.488787 1
9 78 1 2.79401 1
9 79 1 1.78984 1
9 80 1 -1.02683 1
9 81 1 0.184938 1
9 82 1 -2.70714 1
9 83 1 -0.2422 1
9 84 1 2.61167 1
9 85 1 1.77724 1
9 86 1 -1.04837 1
9 87 1 -0.206833 1
9 88 1 -0.181286 1
9 89 1 5.17678 1
9 90 1 -1.07473 1
9 91 1 0.155926 1
9 92 1 -0.907308 1
9 93 1 -0.35938 1
9 94 1 -3.76014 1
9 95 1 0.869876 1
9 103 1 -0.942634 1
9 130 1 -0.778211 1
10 64 1 0.364195 1
10 65 1 -0.26658 1
10 66 1 6.56305 1
10 67 1 -4.8715 1
10 68 1 2.74314 1
10 69 1 -0.233167 1
10 70 1 -0.927403 1
10 71 1 -0.341968 1
10 72 1 5.60125 1
10 73 1 3.03151 1
10 74 1 0.749086 0
10 75 1 0.380358 1
10 76 1 1.98058 1
10 77 1 1.12421 1
10 78 1 -0.675326 1
10 79 1 -5.20891 1
10 80 1 -2.04874 1
10 81 1 3.64467 1
10 82 1 2.36828 1
10 83 1 1.80834 1
10 84 1 4.61044 1
10 85 1 3.09108 1
10 86 1 -0.606162 1
10 87 1 -0.466238 1
10 88 1 3.82383 1
10 89 1 0.724024 1
10 90 1 -0.283035 1
10 91 1 4.19956 1
10 92 1 -0.164686 1
10 93 1 -1.38338 1
10 94 1 3.44599 1
10 95 1 5.44358 1
10 124 1 1.26613 1
124 74 1 0.0598693 1
11 64 1 3.26327 1
11 65 1 0.736105 1
11 66 1 2.82511 1
11 67 1 -0.906035 1
11 68 1 4.94629 1
11 69 1 0.284795 1
11 70 1 2.69218 1
11 71 1 1.04457 1
11 72 1 -3.29407 1
11 73 1 0.687651 1
11 74 1 -0.863531 0
11 75 1 -1.29924 1
11 76 1 -1.88892 1
11 77 1 -0.274976 1
11 78 1 -0.824665 1
11 79 1 -0.382258 1
11 80 1 -3.51865 1
11 81 1 0.595445 1
11 82 1 5.58938 1
11 83 1 1.99128 1
11 84 1 1.40838 1
11 85 1 -1.8673 1
11 86 1 -4.42509 1
11 87 1 -1.13741 1
11 88 1 -4.1752 1
11 89 1 -0.5189 1
11 90 1 -2.07754 1
11 91 1 -0.836619 1
11 92 1 -2.04446 1
11 93 1 3.41222 1
11 94 1 -1.38377 1
11 95 1 -4.26139 1
11 120 1 -4.48611 1
11 109 1 0.277874 1
120 74 1 -2.82154 1
120 13 1 -0.394965 0
120 150 1 2.07642 1
150 13 1 0.472903 1
12 64 1 -1.10766 1
12 65 1 -1.03243 1
12 66 1 -0.408753 1
12 67 1 -3.23205 1
12 68 1 0.365715 1
12 69 1 1.64994 1
12 70 1 -0.546051 1
12 71 1 2.36114 1
12 72 1 2.43741 1
12 73 1 -3.97239 1
12 74 1 -3.38077 1
12 75 1 -2.2938 1
12 76 1 -0.396629 1
12 77 1 1.70824 1
12 78 1 -0.33524 1
12 79 1 -1.34871 1
12 80 1 -3.82905 1
12 81 1 -2.42405 1
12 82 1 2.82028 1
12 83 1 0.0768793 1
12 84 1 1.06549 1
12 85 1 -1.81922 1
12 86 1 -1.33627 1
12 87 1 0.141781 1
12 88 1 -4.04675 1
12 89 1 2.26928 1
12 90 1 -0.809106 1
12 91 1 -1.82017 1
12 92 1 2.35521 1
12 93 1 -2.52881 1
12 94 1 2.90461 1
12 95 1 -2.63059 1
12 17 1 -0.656627 1
12 18 1 0.809675 1
12 144 1 -0.940074 1
13 64 1 0.6908 1
13 65 1 -4.08079 1
13 66 1 -1.42144 1
13 67 1 1.59919 1
13 68 1 2.14294 1
13 69 1 -2.80995 1
13 70 1 0.45517 1
13 71 1 1.25615 1
13 72 1 0.822055 1
13 73 1 -4.08818 1
13 74 1 -3.21364 1
13 75 1 -1.74878 1
13 76 1 -0.649278 1
13 77 1 -1.14877 1
13 78 1 1.93946 1
13 79 1 1.51567 1
13 80 1 1.33075 1
13 81 1 0.674295 1
13 82 1 0.651673 1
13 83 1 2.10961 1
13 84 1 -2.73627 1
13 85 1 6.49943 1
13 86 1 5.3017 1
13 87 1 6.71073 1
13 88 1 3.67218 1
13 89 1 -0.434497 1
13 90 1 -4.02593 1
13 91 1 -3.78489 1
13 92 1 -1.83616 1
13 93 1 -2.66754 1
13 94 1 0.979876 1
13 95 1 -3.72551 1
14 64 1 -2.95514 1
14 65 1 6.19146 1
14 66 1 0.47243 1
14 67 1 -0.0715048 1
14 68 1 -2.00388 1
14 69 1 2.46406 1
14 70 1 -1.97447 1
14 71 1 0.804198 1
14 72 1 1.47662 1
14 73 1 -0.0369255 1
14 74 1 0.251623 1
14 75 1 2.30691 1
14 76 1 -1.93617 1
14 77 1 2.83672 1
14 78 1 -2.97594 1
14 79 1 -1.1164 1
14 80 1 -1.27692 1
14 81 1 2.02321 0
14 82 1 4.65416 1
14 83 1 0.377645 1
14 84 1 0.585728 1
14 85 1 -2.20394 1
14 86 1 2.30827 1
14 87 1 -1.33296 1
14 88 1 -0.321281 1
14 89 1 -0.198429 1
14 90 1 0.17713 1
14 91 1 3.88308 1
14 92 1 2.37355 1
14 93 1 1.42102 1
14 94 1 5.54449 1
14 95 1 0.861162 1
14 104 1 -1.8859 1
14 119 1 2.53129 1
119 81 1 5.05285 1
119 99 1 -1.4933 1
15 64 1 -1.23987 1
15 65 1 1.45046 1
15 66 1 -4.15965 1
15 67 1 -1.29604 1
15 68 1 0.805759 1
15 69 1 -2.01835 1
15 70 1 6.86105 1
15 71 1 -0.83728 1
15 72 1 -1.31285 1
15 73 1 0.0840278 1
15 74 1 1.55573 1
15 75 1 -1.38069 1
15 76 1 -0.486752 1
15 77 1 -0.305494 1
15 78 1 -2.66639 1
15 79 1 0.326928 1
15 80 1 1.78964 1
15 81 1 0.635894 1
15 82 1 -3.3884 1
15 83 1 -0.466486 1
15 84 1 2.15655 1
15 85 1 -1.52202 1
15 86 1 1.93635 1
15 87 1 -5.44746 1
15 88 1 0.0262766 1
15 89 1 2.58414 1
15 90 1 0.197879 1
15 91 1 -4.54646 1
15 92 1 2.00505 1
15 93 1 -2.13568 1
15 94 1 1.75902 1
15 95 1 2.62461 1
15 20 1 0.283642 1
16 64 1 4.10576 1
16 65 1 0.831264 1
16 66 1 -3.05245 1
16 67 1 -3.22655 1
16 68 1 0.455793 1
16 69 1 -0.575405 1
16 70 1 1.8082 1
16 71 1 4.32474 1
16 72 1 -0.653033 1
16 73 1 -2.34019 1
16 74 1 -0.429438 1
16 75 1 1.14658 1
16 76 1 0.76921 1
16 77 1 1.36206 1
16 78 1 -1.89536 1
16 79 1 -0.244883 0
16 80 1 -0.750204 1
16 81 1 2.77733 1
16 82 1 -2.45796 1
16 83 1 2.43439 1
16 84 1 -1.87636 1
16 85 1 -1.46266 1
16 86 1 -1.67813 1
16 87 1 -1.97049 1
16 88 1 0.468042 1
16 89 1 1.92199 1
16 90 1 -1.60073 1
16 91 1 1.7596 1
16 92 1 4.84983 1
16 93 1 -2.28171 1
16 94 1 -0.911504 1
16 95 1 -2.62494 1
16 26 1 -0.344142 1
16 151 1 0.9159 1
151 79 1 -0.361722 1
17 64 1 -2.74363 1
17 65 1 -0.844353 1
17 66 1 -2.33935 1
17 67 1 4.54161 1
17 68 1 -1.97175 1
17 69 1 1.16713 1
17 70 1 0.620237 1
17 71 1 2.0418 1
17 72 1 -5.33395 0
17 73 1 0.781879 1
17 74 1 3.32967 1
17 75 1 0.35571 1
17 76 1 -0.859933 1
17 77 1 3.28741 1
17 78 1 -0.401035 1
17 79 1 -2.13318 1
17 80 1 5.09884 1
17 81 1 2.8641 1
17 82 1 -0.5715 1
17 83 1 -0.828059 1
17 84 1 -3.83082 1
17 85 1 1.45867 1
17 86 1 0.932937 1
17 87 1 -2.62909 1
17 88 1 -6.24643 1
17 89 1 2.73992 1
17 90 1 -4.03292 1
17 91 1 5.35853 1
17 92 1 0.260698 1
17 93 1 3.82812 1
17 94 1 3.55504 1
17 95 1 1.73806 1
17 146 1 2.54278 1
146 72 1 -4.62106 1
18 64 1 2.42586 1
18 65 1 -1.67468 1
18 66 1 1.81058 1
18 67 1 0.798276 1
18 68 1 -0.146993 1
18 69 1 0.217773 1
18 70 1 2.09332 1
18 71 1 0.477369 1
18 72 1 2.4125 1
18 73 1 -0.0465786 1
18 74 1 1.79379 1
18 75 1 -0.199072 1
18 76 1 4.71959 1
18 77 1 -0.744651 1
18 78 1 2.96511 1
18 79 1 1.18255 1
18 80 1 -4.94263 1
18 81 1 1.69296 1
18 82 1 -2.2973 1
18 83 1 3.12836 1
18 84 1 -1.7634 1
18 85 1 1.00303 1
18 86 1 5.8901 1
18 87 1 -2.28605 1
18 88 1 0.60185 1
18 89 1 -3.15704 1
18 90 1 0.468143 1
18 91 1 1.50313 1
18 92 1 -2.03497 1
18 93 1 -0.820503 1
18 94 1 -1.43009 1
18 95 1 0.630344 1
18 25 1 -0.417042 1
18 18 1 0.310122 1
18 139 1 0.650745 1
19 64 1 4.42623 1
19 65 1 -1.51748 1
19 66 1 4.72063 1
19 67 1 -0.691942 1
19 68 1 -4.35559 1
19 69 1 1.34212 1
19 70 1 -0.342933 1
19 71 1 -1.45516 1
19 72 1 2.02222 1
19 73 1 2.13918 1
19 74 1 -1.37484 1
19 75 1 0.913634 1
19 76 1 -1.84561 1
19 77 1 -2.53307 1
19 78 1 -3.08844 1
19 79 1 4.23609 1
19 80 1 0.400604 1
19 81 1 -3.09673 1
19 82 1 0.162769 1
19 83 1 -4.1892 1
19 84 1 0.935586 1
19 85 1 1.68433 1
19 86 1 0.272024 1
19 87 1 3.08912 1
19 88 1 0.270779 1
19 89 1 5.18899 1
19 90 1 -1.04468 1
19 91 1 -0.747447 1
19 92 1 0.115742 1
19 93 1 -3.2615 1
19 94 1 -2.01267 1
19 95 1 -6.32358 1
20 64 1 2.18272 1
20 65 1 -1.07346 1
20 66 1 -2.46159 1
20 67 1 1.16313 1
20 68 1 -1.79527 1
20 69 1 1.07505 1
20 70 1 -3.92731 1
20 71 1 3.58427 1
20 72 1 2.78449 1
20 73 1 1.73763 1
20 74 1 2.79606 1
20 75 1 2.49803 1
20 76 1 0.0854834 1
20 77 1 -0.283738 1
20 78 1 1.9194 1
20 79 1 1.99363 1
20 80 1 0.258353 1
20 81 1 1.04234 1
20 82 1 2.371 1
20 83 1 2.39788 1
20 84 1 2.67141 1
20 85 1 -4.5191 1
20 86 1 0.20267 1
20 87 1 -0.226179 1
20 88 1 1.44904 1
20 89 1 0.859053 1
20 90 1 3.27891 1
20 91 1 0.788826 0
20 92 1 0.776127 1
20 93 1 0.38367 0
20 94 1 3.20927 0
20 95 1 -1.2286 1
20 96 1 -4.2705 1
20 98 1 0.143385 1
20 103 1 0.919199 1
20 109 1 0.244894 1
103 91 1 0.875264 0
103 105 1 1.76285 1
103 112 1 -1.25223 0
103 123 1 -1.04602 1
103 140 1 -1.58557 1
140 112 1 2.20392 1
123 91 1 0.656303 1
123 113 1 0.34187 0
123 136 1 1.39596 1
123 137 1 -0.511699 1
136 113 1 -1.80409 1
105 91 1 2.806 0
105 129 1 -0.263394 1
129 91 1 -0.645273 0
129 135 1 2.06448 1
129 116 1 1.61128 1
135 91 1 -0.997066 1
98 93 1 -0.312719 1
98 99 1 4.40603 1
98 15 1 0.642406 1
96 94 1 1.36901 1
96 20 1 0.269797 1
21 64 1 2.60192 1
21 65 1 6.77514 1
21 66 1 -2.68393 1
21 67 1 -5.20978 1
21 68 1 -2.01715 1
21 69 1 1.57133 1
21 70 1 -0.607429 1
21 71 1 -3.35657 1
21 72 1 -8.31343 1
21 73 1 -1.74379 1
21 74 1 -1.39115 1
21 75 1 1.56653 1
21 76 1 -1.94595 1
21 77 1 -0.795716 1
21 78 1 -1.18678 1
21 79 1 -1.62307 1
21 80 1 2.43951 1
21 81 1 -2.03728 1
21 82 1 -1.67718 1
21 83 1 -0.56308 1
21 84 1 5.076 1
21 85 1 -0.588523 1
21 86 1 1.43828 1
21 87 1 -0.471214 1
21 88 1 4.13768 1
21 89 1 -0.157952 1
21 90 1 1.22547 1
21 91 1 1.07002 0
21 92 1 1.1698 1
21 93 1 0.484739 1
21 94 1 -4.51629 1
21 95 1 -0.344892 1
21 143 1 3.03233 1
143 91 1 -0.885076 1
22 64 1 1.98355 1
22 65 1 -0.00185361 1
22 66 1 0.506249 1
22 67 1 4.58876 1
22 68 1 -0.960581 1
22 69 1 -1.31315 1
22 70 1 -2.42675 1
22 71 1 0.558189 1
22 72 1 -4.38989 1
22 73 1 -0.636984 1
22 74 1 -4.41742 1
22 75 1 -2.23141 1
22 76 1 1.67549 1
22 77 1 0.0570966 1
22 78 1 4.52172 1
22 79 1 5.88468 1
22 80 1 0.182788 1
22 81 1 -1.15995 1
22 82 1 -0.101947 1
22 83 1 -0.985419 1
22 84 1 -2.12957 1
22 85 1 0.579645 1
22 86 1 -0.0877945 1
22 87 1 5.94469 1
22 88 1 -3.47746 1
22 89 1 -0.836749 1
22 90 1 2.24363 1
22 91 1 0.745852 1
22 92 1 1.62939 1
22 93 1 1.86892 1
22 94 1 4.49862 1
22 95 1 3.01569 1
23 64 1 -2.08967 1
23 65 1 1.21989 1
23 66 1 0.608888 1
23 67 1 1.85186 1
23 68 1 -1.91001 1
23 69 1 1.73725 1
23 70 1 4.36661 1
23 71 1 -3.13875 1
23 72 1 -0.286423 1
23 73 1 -0.937897 1
23 74 1 2.3241 1
23 75 1 0.79604 1
23 76 1 1.79774 1
23 77 1 2.3041 1
23 78 1 -0.498649 1
23 79 1 -4.70386 1
23 80 1 0.917629 1
23 81 1 1.80229 1
23 82 1 -2.39085 1
23 83 1 1.59048 1
23 84 1 3.69658 1
23 85 1 -2.20838 1
23 86 1 -8.44895 1
23 87 1 0.622842 1
23 88 1 2.09072 1
23 89 1 -0.320891 1
23 90 1 -2.45385 1
23 91 1 -1.40625 1
23 92 1 0.892467 1
23 93 1 2.47976 1
23 94 1 -3.07625 1
23 95 1 0.0134982 1
23 107 1 0.966972 1
23 27 1 -0.609871 1
24 64 1 -1.41143 1
24 65 1 2.41114 1
24 66 1 -1.26355 1
24 67 1 4.87281 1
24 68 1 -5.20124 1
24 69 1 3.45195 1
24 70 1 -0.261058 1
24 71 1 4.07979 1
24 72 1 1.15288 1
24 73 1 1.77135 1
24 74 1 0.0820861 1
24 75 1 0.848568 1
24 76 1 -0.165284 1
24 77 1 -0.63659 1
24 78 1 -4.3642 1
24 79 1 -1.62826 1
24 80 1 3.45141 1
24 81 1 1.82143 1
24 82 1 1.18029 1
24 83 1 -3.68467 1
24 84 1 -4.23418 1
24 85 1 -1.1289 1
24 86 1 -4.58373 1
24 87 1 2.90743 1
24 88 1 -2.73369 1
24 89 1 6.42089 1
24 90 1 3.23797 1
24 91 1 -2.75725 1
24 92 1 -0.244882 1
24 93 1 0.3496 1
24 94 1 -1.08268 1
24 95 1 -1.13909 1
24 5 1 0.79984 1
25 64 1 0.762127 1
25 65 1 1.10667 1
25 66 1 -0.542534 1
25 67 1 -1.44187 1
25 68 1 2.39969 1
25 69 1 -4.94237 1
25 70 1 0.907458 0
25 71 1 -2.29129 1
25 72 1 2.00769 1
25 73 1 0.512693 1
25 74 1 1.92745 1
25 75 1 -2.75897 1
25 76 1 -0.17596 1
25 77 1 -0.556745 1
25 78 1 2.30363 1
25 79 1 0.586433 1
25 80 1 -0.662517 1
25 81 1 -3.31197 1
25 82 1 -0.815012 1
25 83 1 4.26827 1
25 84 1 -1.61628 1
25 85 1 -1.73298 1
25 86 1 1.30985 1
25 87 1 2.18849 1
25 88 1 -0.326384 1
25 89 1 0.732705 1
25 90 1 -2.08562 1
25 91 1 1.41817 1
25 92 1 2.01962 1
25 93 1 -0.884434 1
25 94 1 -1.80054 1
25 95 1 -3.14472 1
25 8 1 0.52594 1
25 6 1 -1.17779 1
25 121 1 -2.26439 1
121 70 1 6.59225 1
26 64 1 -2.63017 1
26 65 1 2.63596 1
26 66 1 0.261175 1
26 67 1 1.77053 1
26 68 1 0.748805 1
26 69 1 3.41949 1
26 70 1 -3.17451 1
26 71 1 1.54363 1
26 72 1 -2.23724 1
26 73 1 1.22257 1
26 74 1 -6.1962 1
26 75 1 1.91618 1
26 76 1 0.635899 1
26 77 1 -4.67837 1
26 78 1 2.78205 1
26 79 1 -0.371356 1
26 80 1 0.0480679 1
26 81 1 3.782 1
26 82 1 1.89525 1
26 83 1 0.879809 1
26 84 1 -4.32517 1
26 85 1 1.39838 1
26 86 1 -4.07984 1
26 87 1 0.683647 1
26 88 1 -3.83293 1
26 89 1 -0.535883 1
26 90 1 -2.56515 1
26 91 1 -3.73909 1
26 92 1 0.490361 1
26 93 1 0.247472 1
26 94 1 2.35042 1
26 95 1 -0.813981 1
26 23 1 4.09108 1
26 15 1 3.44878 1
27 64 1 -3.7134 1
27 65 1 3.49129 1
27 66 1 2.99334 1
27 67 1 -0.298147 1
27 68 1 1.66326 1
27 69 1 2.36859 1
27 70 1 3.83374 1
27 71 1 -6.38417 1
27 72 1 -0.574991 1
27 73 1 1.15045 1
27 74 1 -2.66827 1
27 75 1 1.92006 1
27 76 1 -3.47848 1
27 77 1 -1.47467 1
27 78 1 -1.05963 1
27 79 1 0.868125 1
27 80 1 -2.11284 1
27 81 1 -1.96173 1
27 82 1 1.56212 1
27 83 1 0.300762 1
27 84 1 1.76849 1
27 85 1 0.246149 1
27 86 1 -2.36926 1
27 87 1 0.470664 1
27 88 1 -4.43632 1
27 89 1 -5.1271 1
27 90 1 3.16366 1
27 91 1 -1.89076 1
27 92 1 -0.342881 1
27 93 1 -0.506322 1
27 94 1 1.82781 1
27 95 1 -0.967023 1
27 9 1 1.52115 1
27 5 1 -2.23647 1
28 64 1 3.82361 1
28 65 1 -0.313724 1
28 66 1 -2.30146 1
28 67 1 4.72845 1
28 68 1 3.36995 1
28 69 1 2.32945 1
28 70 1 -0.203742 1
28 71 1 -1.66789 1
28 72 1 -6.52856 1
28 73 1 1.14585 1
28 74 1 -1.94821 1
28 75 1 -0.0583152 1
28 76 1 0.324298 1
28 77 1 2.61 1
28 78 1 -3.49024 1
28 79 1 0.810759 1
28 80 1 2.02027 1
28 81 1 -1.50015 1
28 82 1 3.52109 1
28 83 1 2.20153 1
28 84 1 3.56339 1
28 85 1 -6.61736 1
28 86 1 -2.78093 1
28 87 1 -1.44544 1
28 88 1 -3.4442 1
28 89 1 1.82089 1
28 90 1 -2.69393 1
28 91 1 -1.15502 1
28 92 1 3.88304 1
28 93 1 -3.21355 1
28 94 1 4.73058 1
28 95 1 -3.85406 1
29 64 1 -0.835441 1
29 65 1 -1.71819 1
29 66 1 -1.00963 1
29 67 1 1.21259 1
29 68 1 -6.81965 1
29 69 1 1.24876 1
29 70 1 -0.158579 1
29 71 1 -1.07797 1
29 72 1 0.0776657 1
29 73 1 -0.987591 1
29 74 1 0.460288 1
29 75 1 0.196688 1
29 76 1 -0.167291 1
29 77 1 1.79742 1
29 78 1 -4.22354 1
29 79 1 -2.9231 1
29 80 1 2.67081 1
29 81 1 1.86294 1
29 82 1 1.93151 1
29 83 1 -0.253356 1
29 84 1 2.21091 1
29 85 1 -1.05705 1
29 86 1 -2.01638 1
29 87 1 -4.87468 1
29 88 1 -1.52068 1
29 89 1 -2.42003 1
29 90 1 -1.395 1
29 91 1 0.169826 1
29 92 1 1.11966 1
29 93 1 1.02872 1
29 94 1 -3.40767 1
29 95 1 0.117897 1
29 113 1 0.937702 1
30 64 1 -0.260627 1
30 65 1 1.64571 1
30 66 1 4.78499 1
30 67 1 0.587612 1
30 68 1 1.48697 1
30 69 1 2.75063 1
30 70 1 1.10125 1
30 71 1 -2.98717 1
30 72 1 -0.650851 1
30 73 1 2.38764 1
30 74 1 -0.122641 1
30 75 1 3.85608 1
30 76 1 2.29578 1
30 77 1 -1.45037 1
30 78 1 2.30525 1
30 79 1 3.78658 1
30 80 1 -1.98946 1
30 81 1 -2.74675 1
30 82 1 4.4021 1
30 83 1 4.37127 1
30 84 1 2.27867 1
30 85 1 -2.37515 1
30 86 1 -0.311384 1
30 87 1 -2.47641 1
30 88 1 0.563547 1
30 89 1 -1.37846 1
30 90 1 1.58013 1
30 91 1 4.72737 1
30 92 1 -1.33969 1
30 93 1 1.12021 1
30 94 1 1.7913 1
30 95 1 -0.790838 1
30 28 1 0.39537 1
31 64 1 2.85395 1
31 65 1 -0.152613 1
31 66 1 -2.88832 1
31 67 1 5.33646 1
31 68 1 2.897 1
31 69 1 0.220973 1
31 70 1 -3.09735 1
31 71 1 1.55916 1
31 72 1 -3.09859 1
31 73 1 -2.86555 1
31 74 1 3.40877 1
31 75 1 2.01548 1
31 76 1 1.80212 1
31 77 1 -0.423606 1
31 78 1 -2.54694 1
31 79 1 0.945755 1
31 80 1 -1.08705 1
31 81 1 -2.9875 1
31 82 1 -0.192952 1
31 83 1 -0.445809 1
31 84 1 -3.36789 1
31 85 1 -2.97646 1
31 86 1 0.995604 1
31 87 1 -3.145 0
31 88 1 4.13314 1
31 89 1 -1.2314 1
31 90 1 -0.137521 1
31 91 1 -2.45031 1
31 92 1 0.734762 1
31 93 1 1.04363 1
31 94 1 0.353955 1
31 95 1 -1.77872 1
31 122 1 1.51239 1
122 87 1 0.617532 1
32 64 1 7.82434 1
32 65 1 0.753033 1
32 66 1 -2.91663 1
32 67 1 1.49563 1
32 68 1 0.477049 1
32 69 1 1.62964 1
32 70 1 0.148235 1
32 71 1 2.69052 1
32 72 1 -3.51811 1
32 73 1 0.744826 1
32 74 1 -1.69735 1
32 75 1 3.2973 1
32 76 1 -1.85812 1
32 77 1 3.38825 1
32 78 1 -0.320768 1
32 79 1 2.14654 1
32 80 1 -0.340346 1
32 81 1 -2.59243 1
32 82 1 -1.72576 1
32 83 1 -3.20249 1
32 84 1 1.49079 1
32 85 1 -3.40243 1
32 86 1 0.388131 1
32 87 1 -0.57836 1
32 88 1 -1.63249 1
32 89 1 -3.60978 1
32 90 1 0.912966 1
32 91 1 -2.7021 1
32 92 1 2.09391 1
32 93 1 0.697299 1
32 94 1 -0.533416 1
32 95 1 -1.73985 1
33 64 1 2.6764 1
33 65 1 -5.4194 1
33 66 1 -1.23428 1
33 67 1 -2.60703 1
33 68 1 -0.66558 1
33 69 1 -2.01764 1
33 70 1 3.3597 1
33 71 1 3.93997 1
33 72 1 1.90611 1
33 73 1 2.97094 1
33 74 1 2.53104 1
33 75 1 -5.62566 1
33 76 1 -1.52885 1
33 77 1 1.90843 1
33 78 1 -3.6496 1
33 79 1 -3.23857 1
33 80 1 0.443663 1
33 81 1 -1.45067 1
33 82 1 1.70783 1
33 83 1 0.775492 1
33 84 1 1.00698 1
33 85 1 1.66726 1
33 86 1 3.03198 1
33 87 1 1.51658 1
33 88 1 2.73399 1
33 89 1 5.39893 1
33 90 1 -2.13595 1
33 91 1 -0.660868 1
33 92 1 1.70691 1
33 93 1 1.67367 1
33 94 1 0.275491 1
33 95 1 -0.550175 1
33 20 1 -2.94016 1
33 107 1 0.691151 1
33 13 1 0.331634 1
34 64 1 -0.0131814 1
34 65 1 -1.07702 1
34 66 1 1.95003 1
34 67 1 0.347454 1
34 68 1 0.454436 1
34 69 1 -0.623247 1
34 70 1 -1.81377 1
34 71 1 -1.02626 1
34 72 1 -2.30196 1
34 73 1 -3.44152 1
34 74 1 1.03753 1
34 75 1 6.99809 1
34 76 1 -1.4561 1
34 77 1 -1.07823 1
34 78 1 -1.6548 1
34 79 1 2.24625 1
34 80 1 2.15833 1
34 81 1 -1.55458 1
34 82 1 0.219151 1
34 83 1 1.37088 1
34 84 1 0.239093 1
34 85 1 -0.218044 1
34 86 1 0.0889089 1
34 87 1 0.0140369 1
34 88 1 1.00574 1
34 89 1 -1.39608 1
34 90 1 -6.08318 1
34 91 1 3.06026 1
34 92 1 1.45212 1
34 93 1 -2.39124 1
34 94 1 3.04639 1
34 95 1 2.19419 1
34 113 1 -1.36968 1
35 64 1 -0.0704097 1
35 65 1 -0.98251 1
35 66 1 -0.646905 1
35 67 1 2.86219 1
35 68 1 0.446896 1
35 69 1 3.51884 1
35 70 1 2.30293 1
35 71 1 2.81811 1
35 72 1 3.03917 1
35 73 1 6.95726 1
35 74 1 1.36059 1
35 75 1 -0.398111 1
35 76 1 -3.23293 1
35 77 1 0.160392 1
35 78 1 -0.87711 1
35 79 1 1.10658 1
35 80 1 -7.30124 1
35 81 1 -0.634938 1
35 82 1 2.55909 0
35 83 1 0.639097 1
35 84 1 4.47069 1
35 85 1 -4.03096 1
35 86 1 -1.3971 1
35 87 1 -1.7214 1
35 88 1 -0.0912404 1
35 89 1 1.4092 0
35 90 1 -0.918105 1
35 91 1 -1.16474 1
35 92 1 -2.90994 1
35 93 1 -2.89319 1
35 94 1 -1.06315 1
35 95 1 -0.0206791 1
35 130 1 0.663935 1
35 133 1 4.09089 1
133 82 1 2.09254 1
130 89 1 1.81927 1
36 64 1 0.171109 1
36 65 1 1.74967 1
36 66 1 0.000410737 1
36 67 1 -0.814916 1
36 68 1 -4.96158 1
36 69 1 -2.39189 1
36 70 1 -0.577057 1
36 71 1 1.04316 1
36 72 1 -1.1862 1
36 73 1 -0.0101104 1
36 74 1 -1.15527 1
36 75 1 0.621391 1
36 76 1 1.6962 1
36 77 1 -4.73032 1
36 78 1 0.698346 1
36 79 1 2.62959 1
36 80 1 2.14756 1
36 81 1 -0.624986 1
36 82 1 -1.53688 0
36 83 1 0.111526 1
36 84 1 2.99393 1
36 85 1 -3.41942 1
36 86 1 1.10345 1
36 87 1 -0.332177 1
36 88 1 0.129783 1
36 89 1 1.01061 1
36 90 1 -2.83324 1
36 91 1 1.75637 1
36 92 1 4.29931 1
36 93 1 0.103369 1
36 94 1 -2.33394 1
36 95 1 6.09238 1
36 109 1 0.312528 0
36 24 1 -1.42725 1
36 117 1 1.66407 1
117 109 1 0.807991 1
109 82 1 1.17974 1
109 31 1 0.534253 1
37 64 1 -3.13075 1
37 65 1 2.11881 1
37 66 1 -2.39215 1
37 67 1 -1.98515 1
37 68 1 -4.23025 1
37 69 1 3.31361 1
37 70 1 -3.47692 1
37 71 1 -0.848923 1
37 72 1 2.79261 1
37 73 1 2.27498 1
37 74 1 -0.379349 1
37 75 1 0.802473 1
37 76 1 3.50231 0
37 77 1 4.09437 1
37 78 1 -1.61056 1
37 79 1 1.40865 1
37 80 1 3.50321 1
37 81 1 0.478169 1
37 82 1 3.9158 1
37 83 1 1.36506 1
37 84 1 -3.76282 1
37 85 1 1.5665 1
37 86 1 -1.16045 1
37 87 1 1.91085 1
37 88 1 -2.93047 1
37 89 1 -2.3348 1
37 90 1 -1.18085 1
37 91 1 2.07667 1
37 92 1 2.84404 1
37 93 1 0.524165 1
37 94 1 -3.16543 1
37 95 1 0.379789 1
37 142 1 1.8942 1
142 76 1 -1.1509 1
142 147 1 -2.04439 1
38 64 1 0.396442 1
38 65 1 -1.71121 1
38 66 1 -1.00938 1
38 67 1 -0.758903 1
38 68 1 -1.88395 1
38 69 1 -5.29908 1
38 70 1 -0.291697 1
38 71 1 0.0978284 1
38 72 1 1.12354 1
38 73 1 1.44733 1
38 74 1 -1.46483 1
38 75 1 1.50266 1
38 76 1 1.98486 1
38 77 1 -0.995013 1
38 78 1 -1.37883 1
38 79 1 -0.73931 1
38 80 1 -4.55464 1
38 81 1 -0.700498 1
38 82 1 1.8738 1
38 83 1 -0.895262 1
38 84 1 -2.00538 1
38 85 1 -3.89957 1
38 86 1 0.0898822 1
38 87 1 -0.676768 1
38 88 1 1.46126 1
38 89 1 3.7963 1
38 90 1 0.648338 1
38 91 1 2.60847 1
38 92 1 2.48465 0
38 93 1 -2.13354 1
38 94 1 0.0142424 1
38 95 1 -3.02387 1
38 148 1 2.48312 1
148 92 1 3.63317 1
39 64 1 1.39827 1
39 65 1 -1.72156 1
39 66 1 2.15631 1
39 67 1 -0.126614 1
39 68 1 1.33053 1
39 69 1 -0.426282 1
39 70 1 1.8754 1
39 71 1 -0.846466 1
39 72 1 -2.54293 1
39 73 1 -4.77682 1
39 74 1 1.03865 1
39 75 1 2.03849 0
39 76 1 4.05714 1
39 77 1 -0.275689 1
39 78 1 -2.60548 1
39 79 1 -3.23587 1
39 80 1 2.1906 1
39 81 1 -3.27258 1
39 82 1 0.270749 1
39 83 1 0.246111 1
39 84 1 -2.50882 1
39 85 1 -0.108429 1
39 86 1 2.20037 1
39 87 1 1.66386 1
39 88 1 -1.41653 1
39 89 1 0.114482 1
39 90 1 3.38373 1
39 91 1 -0.792705 1
39 92 1 3.8028 1
39 93 1 1.60556 1
39 94 1 -4.24645 1
39 95 1 -1.23076 1
39 2 1 -4.11116 1
39 112 1 3.47119 1
39 13 1 -0.890449 1
39 104 1 -0.418673 1
112 75 1 -2.36858 1
112 138 1 -1.13206 1
40 64 1 -5.41773 1
40 65 1 -1.21191 1
40 66 1 2.14329 1
40 67 1 0.245036 1
40 68 1 2.01211 1
40 69 1 2.21208 1
40 70 1 -1.62786 1
40 71 1 0.0582824 1
40 72 1 2.81955 1
40 73 1 1.87812 1
40 74 1 -2.18676 1
40 75 1 0.828102 1
40 76 1 -1.29177 1
40 77 1 3.16758 1
40 78 1 1.83754 1
40 79 1 -1.35087 1
40 80 1 -0.540174 1
40 81 1 -0.015037 1
40 82 1 1.56874 1
40 83 1 -3.36186 1
40 84 1 -0.102132 1
40 85 1 1.85474 1
40 86 1 2.63986 1
40 87 1 1.72879 1
40 88 1 0.594134 1
40 89 1 -0.408242 1
40 90 1 -1.60285 1
40 91 1 -1.57017 1
40 92 1 -3.0317 1
40 93 1 1.74268 1
40 94 1 0.02604 1
40 95 1 1.63529 1
40 2 1 -0.37291 1
40 134 1 1.26925 1
41 64 1 5.12651 1
41 65 1 -0.751645 1
41 66 1 0.448481 1
41 67 1 0.85433 1
41 68 1 2.63206 1
41 69 1 -0.351192 1
41 70 1 0.857221 1
41 71 1 0.706739 1
41 72 1 3.96689 1
41 73 1 -4.56525 1
41 74 1 -0.0963844 1
41 75 1 1.96685 1
41 76 1 -2.90949 1
41 77 1 -0.64864 1
41 78 1 -3.05416 1
41 79 1 0.946765 1
41 80 1 1.57339 1
41 81 1 2.90497 1
41 82 1 -2.00368 1
41 83 1 1.4684 1
41 84 1 -3.33625 1
41 85 1 -0.325792 1
41 86 1 0.395641 1
41 87 1 1.38295 1
41 88 1 3.03261 1
41 89 1 -3.78923 1
41 90 1 -1.96638 1
41 91 1 -0.880359 1
41 92 1 0.563564 1
41 93 1 -0.692598 1
41 94 1 -1.46441 1
41 95 1 -0.110747 1
41 11 1 3.09019 1
41 29 1 -1.06294 1
41 97 1 -2.12908 1
42 64 1 1.26997 1
42 65 1 0.195567 1
42 66 1 -0.230263 1
42 67 1 -0.00477103 1
42 68 1 -1.97712 1
42 69 1 -0.395515 1
42 70 1 -1.58764 1
42 71 1 -1.27706 1
42 72 1 -1.59665 1
42 73 1 -2.54717 1
42 74 1 2.9855 1
42 75 1 -0.944722 1
42 76 1 -2.09618 1
42 77 1 0.00352528 1
42 78 1 -2.02235 1
42 79 1 1.27384 1
42 80 1 -1.28575 1
42 81 1 2.25174 1
42 82 1 2.60196 1
42 83 1 3.11304 1
42 84 1 1.41926 1
42 85 1 -0.160724 1
42 86 1 1.15256 1
42 87 1 -2.55752 1
42 88 1 -0.798691 1
42 89 1 -1.00069 1
42 90 1 1.07024 1
42 91 1 2.8123 1
42 92 1 -1.44055 1
42 93 1 2.44423 1
42 94 1 -1.84141 1
42 95 1 2.6676 1
43 64 1 3.58649 1
43 65 1 -3.66144 1
43 66 1 2.48195 1
43 67 1 1.48986 1
43 68 1 0.132396 1
43 69 1 -1.89415 1
43 70 1 0.882553 1
43 71 1 -2.95001 1
43 72 1 -0.577603 1
43 73 1 -6.7573 1
43 74 1 2.04235 1
43 75 1 -2.60866 1
43 76 1 -0.759071 1
43 77 1 1.48977 1
43 78 1 0.371071 1
43 79 1 -3.01528 1
43 80 1 -0.351994 1
43 81 1 1.95189 1
43 82 1 2.17038 1
43 83 1 -1.23812 1
43 84 1 -0.85917 1
43 85 1 2.60525 1
43 86 1 1.10231 1
43 87 1 4.27755 1
43 88 1 0.400713 1
43 89 1 3.8269 1
43 90 1 -0.390491 1
43 91 1 -4.24709 1
43 92 1 3.92706 1
43 93 1 2.02898 1
43 94 1 -4.37067 1
43 95 1 1.77688 1
44 64 1 1.12036 1
44 65 1 -3.4499 1
44 66 1 0.718771 1
44 67 1 -3.45589 1
44 68 1 -0.356933 1
44 69 1 -1.20295 1
44 70 1 3.92411 1
44 71 1 1.87217 1
44 72 1 -2.06281 1
44 73 1 1.10206 1
44 74 1 -2.23429 1
44 75 1 -3.04765 1
44 76 1 -0.0884351 1
44 77 1 2.49682 1
44 78 1 2.29978 1
44 79 1 0.665096 1
44 80 1 4.96465 1
44 81 1 -2.23633 1
44 82 1 0.156977 1
44 83 1 -1.85407 1
44 84 1 0.0753676 1
44 85 1 -0.100381 1
44 86 1 1.25379 1
44 87 1 1.98231 1
44 88 1 0.570339 1
44 89 1 1.12734 1
44 90 1 -0.416784 1
44 91 1 -0.496792 1
44 92 1 -0.64051 1
44 93 1 3.41813 1
44 94 1 -2.71674 1
44 95 1 -0.200504 1
44 8 1 -0.307694 1
44 29 1 1.84997 1
45 64 1 -1.18464 1
45 65 1 2.83119 1
45 66 1 -0.613794 1
45 67 1 1.99092 1
45 68 1 -1.83293 1
45 69 1 -7.28575 1
45 70 1 -3.80786 1
45 71 1 0.548957 1
45 72 1 -6.08647 1
45 73 1 2.79949 1
45 74 1 3.11126 1
45 75 1 3.84647 1
45 76 1 -1.29857 1
45 77 1 -0.080431 1
45 78 1 -2.49295 1
45 79 1 2.92397 1
45 80 1 -2.82923 1
45 81 1 0.769032 1
45 82 1 -0.970996 1
45 83 1 -3.63631 1
45 84 1 3.16509 1
45 85 1 -2.54128 1
45 86 1 1.62138 1
45 87 1 1.05559 1
45 88 1 0.11939 1
45 89 1 -4.95137 1
45 90 1 0.454162 1
45 91 1 4.33498 1
45 92 1 -2.96969 1
45 93 1 -5.68939 1
45 94 1 2.4305 1
45 95 1 -3.91273 1
45 9 1 3.88313 1
45 20 1 -0.939249 1
46 64 1 -0.675314 1
46 65 1 -1.57167 1
46 66 1 3.8604 1
46 67 1 2.61982 1
46 68 1 -6.09741 1
46 69 1 -1.91132 1
46 70 1 0.992387 1
46 71 1 -1.0086 1
46 72 1 2.07554 1
46 73 1 -2.66348 1
46 74 1 -1.03585 1
46 75 1 2.64804 1
46 76 1 -4.46636 1
46 77 1 2.46092 1
46 78 1 -1.69217 1
46 79 1 0.0990083 1
46 80 1 4.05226 1
46 81 1 0.219056 1
46 82 1 0.585837 1
46 83 1 0.88113 1
46 84 1 -0.777228 1
46 85 1 2.22178 1
46 86 1 -0.483041 1
46 87 1 3.62063 1
46 88 1 -1.38536 1
46 89 1 -3.39778 1
46 90 1 -2.67832 1
46 91 1 0.674224 1
46 92 1 2.32842 1
46 93 1 -1.87816 1
46 94 1 -1.50854 1
46 95 1 -0.515396 1
46 24 1 1.50945 1
47 64 1 -0.550626 1
47 65 1 -0.326386 1
47 66 1 -3.09814 1
47 67 1 5.09478 1
47 68 1 -1.38618 1
47 69 1 2.9984 1
47 70 1 -2.25584 1
47 71 1 0.43634 1
47 72 1 0.762558 1
47 73 1 5.28173 0
47 74 1 -1.61819 1
47 75 1 -1.68747 1
47 76 1 -3.05838 1
47 77 1 -7.82473 1
47 78 1 -2.80692 1
47 79 1 1.79254 1
47 80 1 3.38444 1
47 81 1 -6.38491 1
47 82 1 0.601904 1
47 83 1 -0.384466 1
47 84 1 -3.44209 1
47 85 1 0.319469 1
47 86 1 -3.5377 1
47 87 1 4.17539 1
47 88 1 1.75328 1
47 89 1 1.15779 1
47 90 1 6.27826 1
47 91 1 0.60674 1
47 92 1 -1.19155 1
47 93 1 1.0425 1
47 94 1 1.8748 1
47 95 1 -1.00905 1
47 4 1 -0.0798433 1
47 137 1 1.67563 1
137 73 1 3.61555 1
48 64 1 -0.126494 1
48 65 1 -0.200903 1
48 66 1 -0.0144948 1
48 67 1 -1.30019 1
48 68 1 -5.50288 1
48 69 1 -3.44813 1
48 70 1 0.319377 1
48 71 1 0.774594 1
48 72 1 -3.52381 1
48 73 1 3.81323 1
48 74 1 4.91764 1
48 75 1 -4.63084 1
48 76 1 1.82325 1
48 77 1 -3.19938 1
48 78 1 -0.220527 1
48 79 1 2.39385 1
48 80 1 0.252809 1
48 81 1 -3.30301 1
48 82 1 0.753806 1
48 83 1 0.752335 1
48 84 1 0.93303 1
48 85 1 1.37364 1
48 86 1 -1.48982 1
48 87 1 -1.39722 1
48 88 1 -1.8597 1
48 89 1 0.177064 1
48 90 1 2.70592 1
48 91 1 0.955617 1
48 92 1 -5.94563 1
48 93 1 0.530613 1
48 94 1 3.44679 1
48 95 1 2.63712 1
48 16 1 1.06652 1
48 12 1 0.80161 1
48 14 1 -2.46281 1
48 30 1 0.39954 1
49 64 1 0.802915 1
49 65 1 -2.53948 1
49 66 1 0.850318 1
49 67 1 -1.07169 1
49 68 1 -2.49929 1
49 69 1 0.153407 1
49 70 1 1.83839 1
49 71 1 -3.98235 1
49 72 1 -0.268225 1
49 73 1 0.57899 1
49 74 1 3.20373 1
49 75 1 2.33044 1
49 76 1 -6.61215 1
49 77 1 -3.62727 1
49 78 1 -1.01145 1
49 79 1 0.985757 1
49 80 1 4.90585 1
49 81 1 -4.32058 1
49 82 1 1.17273 1
49 83 1 -2.35499 1
49 84 1 3.32426 1
49 85 1 -2.63182 1
49 86 1 -1.08729 1
49 87 1 -0.925445 1
49 88 1 -0.903287 1
49 89 1 1.22013 1
49 90 1 -0.979407 1
49 91 1 1.48605 1
49 92 1 2.16085 1
49 93 1 -1.31101 1
49 94 1 0.503649 1
49 95 1 3.69546 1
49 19 1 -1.91331 1
49 31 1 -0.848156 1
49 15 1 0.325057 1
50 64 1 -5.03409 1
50 65 1 -1.9876 1
50 66 1 1.62916 1
50 67 1 -0.824598 1
50 68 1 3.21344 1
50 69 1 -0.79546 1
50 70 1 0.382536 1
50 71 1 7.07288 1
50 72 1 -1.49202 1
50 73 1 4.92926 1
50 74 1 -2.71008 1
50 75 1 2.1492 1
50 76 1 -0.250756 1
50 77 1 0.497078 1
50 78 1 2.91056 1
50 79 1 -2.39881 1
50 80 1 1.58753 1
50 81 1 0.996607 1
50 82 1 -1.01075 1
50 83 1 3.47211 1
50 84 1 -1.52091 1
50 85 1 1.07772 1
50 86 1 2.553 1
50 87 1 -3.05987 1
50 88 1 -2.85873 1
50 89 1 0.43289 1
50 90 1 -0.0495619 1
50 91 1 0.351024 1
50 92 1 0.136293 1
50 93 1 -0.354656 1
50 94 1 -3.64943 1
50 95 1 1.49997 1
50 4 1 6.00869 1
50 22 1 -0.976281 1
51 64 1 -1.48784 1
51 65 1 2.71858 1
51 66 1 2.7608 1
51 67 1 -1.63503 1
51 68 1 -0.453726 1
51 69 1 -2.05901 1
51 70 1 2.55094 1
51 71 1 3.42203 1
51 72 1 -4.865 1
51 73 1 -2.82895 0
51 74 1 -2.00515 1
51 75 1 4.85319 1
51 76 1 -2.02442 1
51 77 1 2.40194 1
51 78 1 4.25975 1
51 79 1 1.16229 1
51 80 1 0.666081 1
51 81 1 -3.44833 1
51 82 1 -0.227323 1
51 83 1 4.08337 1
51 84 1 -3.22426 1
51 85 1 -2.3996 1
51 86 1 -0.133876 1
51 87 1 1.42943 1
51 88 1 1.12528 1
51 89 1 0.263306 1
51 90 1 2.29075 1
51 91 1 -0.186492 1
51 92 1 2.2079 1
51 93 1 4.41911 1
51 94 1 -4.86731 1
51 95 1 -2.7811 1
51 116 1 0.119127 1
51 12 1 -0.573243 1
116 73 1 -0.747855 0
116 134 1 0.902433 1
134 73 1 2.23214 1
52 64 1 -2.21069 1
52 65 1 3.96329 1
52 66 1 1.07807 1
52 67 1 -0.0922271 1
52 68 1 1.1181 1
52 69 1 5.80553 1
52 70 1 3.00237 1
52 71 1 -1.48809 1
52 72 1 -1.60337 1
52 73 1 3.55923 1
52 74 1 3.47808 1
52 75 1 1.26037 1
52 76 1 -3.46833 1
52 77 1 0.830596 1
52 78 1 2.48409 1
52 79 1 1.13442 1
52 80 1 -0.0485839 1
52 81 1 0.223114 1
52 82 1 -1.86344 1
52 83 1 -2.41511 1
52 84 1 0.861899 1
52 85 1 -1.43011 1
52 86 1 -3.59021 1
52 87 1 -0.0221713 1
52 88 1 2.377 1
52 89 1 -1.73527 1
52 90 1 -0.68416 1
52 91 1 -0.937187 1
52 92 1 0.676617 1
52 93 1 -2.26351 0
52 94 1 1.45152 1
52 95 1 -0.620829 1
52 115 1 -0.546086 1
52 139 1 -0.441265 1
139 93 1 -1.33255 1
53 64 1 -2.58812 1
53 65 1 0.835109 1
53 66 1 -0.520443 1
53 67 1 -1.35439 1
53 68 1 2.37731 1
53 69 1 0.665725 1
53 70 1 -1.05545 0
53 71 1 -0.267848 1
53 72 1 -1.5832 1
53 73 1 -0.244632 1
53 74 1 -1.41005 1
53 75 1 -2.43114 1
53 76 1 0.231761 1
53 77 1 2.60757 1
53 78 1 0.23507 1
53 79 1 -0.525918 1
53 80 1 1.13154 1
53 81 1 1.47434 1
53 82 1 1.7516 1
53 83 1 0.567039 1
53 84 1 1.0662 1
53 85 1 1.72708 1
53 86 1 2.58271 1
53 87 1 0.00581463 1
53 88 1 -0.192789 1
53 89 1 0.0256248 1
53 90 1 -3.2027 1
53 91 1 0.120227 1
53 92 1 2.40829 1
53 93 1 0.126319 1
53 94 1 -0.0513589 1
53 95 1 -3.28519 1
53 20 1 4.43458 1
53 23 1 0.634649 1
53 149 1 0.83869 1
149 70 1 -1.9574 0
149 153 1 1.60096 1
153 70 1 -1.76134 1
54 64 1 1.74708 1
54 65 1 -0.92767 1
54 66 1 -2.72493 1
54 67 1 0.551479 1
54 68 1 2.7591 1
54 69 1 -3.56525 1
54 70 1 0.335084 1
54 71 1 3.89058 1
54 72 1 0.687394 1
54 73 1 1.62466 1
54 74 1 -0.393827 1
54 75 1 -2.71102 1
54 76 1 -2.08901 1
54 77 1 3.26126 1
54 78 1 0.821701 1
54 79 1 1.27576 1
54 80 1 -0.363232 1
54 81 1 3.41439 1
54 82 1 -2.38462 1
54 83 1 6.49875 1
54 84 1 1.7753 1
54 85 1 -0.0935931 1
54 86 1 -3.6167 1
54 87 1 -1.87056 1
54 88 1 2.02626 1
54 89 1 3.52825 1
54 90 1 -2.69093 1
54 91 1 3.41973 1
54 92 1 -0.893188 1
54 93 1 0.920815 1
54 94 1 -4.35668 1
54 95 1 -2.70948 1
54 30 1 -0.574077 1
54 144 1 0.29497 1
55 64 1 -0.211843 1
55 65 1 -3.12857 1
55 66 1 -3.2956 1
55 67 1 -1.41587 1
55 68 1 -2.51618 1
55 69 1 2.58873 1
55 70 1 2.62363 1
55 71 1 -5.23745 1
55 72 1 2.10968 1
55 73 1 0.74839 1
55 74 1 2.22683 1
55 75 1 -2.79711 1
55 76 1 -4.43178 1
55 77 1 2.72633 1
55 78 1 0.678985 1
55 79 1 1.83103 1
55 80 1 -1.46542 1
55 81 1 1.77039 1
55 82 1 -0.603759 1
55 83 1 -0.37269 1
55 84 1 -0.517115 1
55 85 1 -5.87764 1
55 86 1 0.830654 1
55 87 1 0.939855 1
55 88 1 -3.09131 1
55 89 1 -1.75287 1
55 90 1 1.27398 1
55 91 1 1.71104 1
55 92 1 5.96207 1
55 93 1 -4.4328 1
55 94 1 -4.25216 1
55 95 1 -0.674344 0
55 28 1 4.73276 1
55 114 1 0.794678 1
55 0 1 -0.81821 1
114 95 1 -1.16812 1
56 64 1 3.25601 1
56 65 1 -4.58097 1
56 66 1 1.25205 1
56 67 1 -1.92885 1
56 68 1 -0.895806 0
56 69 1 -0.784343 1
56 70 1 -0.33668 1
56 71 1 1.88497 1
56 72 1 -0.376775 1
56 73 1 -1.32803 1
56 74 1 3.912 1
56 75 1 3.93065 1
56 76 1 -3.83688 1
56 77 1 -0.366489 1
56 78 1 -1.83062 1
56 79 1 0.312037 1
56 80 1 -1.60585 1
56 81 1 4.07426 1
56 82 1 2.30293 1
56 83 1 -1.84665 1
56 84 1 -1.22678 1
56 85 1 -0.775726 1
56 86 1 2.30665 1
56 87 1 -1.22561 1
56 88 1 0.125363 1
56 89 1 -1.90194 1
56 90 1 -0.856707 1
56 91 1 -1.24313 1
56 92 1 1.5532 1
56 93 1 4.42155 1
56 94 1 -2.13868 1
56 95 1 -0.473161 1
56 3 1 -2.84511 1
56 126 1 3.10619 1
126 68 1 1.18098 1
126 11 1 -2.79967 1
57 64 1 -3.26802 1
57 65 1 3.42073 1
57 66 1 -1.63152 1
57 67 1 -1.73609 1
57 68 1 2.73035 1
57 69 1 -1.18024 0
57 70 1 0.477253 1
57 71 1 2.14346 1
57 72 1 1.26164 1
57 73 1 -1.41886 1
57 74 1 1.93856 1
57 75 1 3.06617 1
57 76 1 2.36785 1
57 77 1 -4.9053 1
57 78 1 -0.751982 1
57 79 1 -2.50823 1
57 80 1 1.13665 1
57 81 1 3.43692 1
57 82 1 4.22618 1
57 83 1 -2.84295 1
57 84 1 -0.682982 1
57 85 1 -2.2216 1
57 86 1 -1.07686 1
57 87 1 1.41111 1
57 88 1 -0.129049 1
57 89 1 -0.0640353 1
57 90 1 0.158666 1
57 91 1 -2.56137 1
57 92 1 -2.84917 1
57 93 1 -0.105538 1
57 94 1 -1.4932 1
57 95 1 3.34187 1
57 104 1 3.68013 1
57 22 1 1.043 1
104 69 1 2.2995 1
104 1 1 0.0321582 1
104 107 1 0.133724 1
58 64 1 3.53735 1
58 65 1 -1.6361 1
58 66 1 -2.17207 1
58 67 1 -1.0442 1
58 68 1 -1.0927 1
58 69 1 -0.358274 1
58 70 1 -0.955937 1
58 71 1 1.22926 1
58 72 1 -0.00574956 1
58 73 1 -2.2862 1
58 74 1 2.50666 1
58 75 1 2.95642 1
58 76 1 3.12973 1
58 77 1 1.70987 1
58 78 1 -1.90201 1
58 79 1 0.580136 0
58 80 1 -3.79554 1
58 81 1 3.95608 1
58 82 1 -0.0184587 1
58 83 1 0.930033 1
58 84 1 -2.20114 1
58 85 1 0.975091 1
58 86 1 1.82787 1
58 87 1 -2.32574 1
58 88 1 -2.04347 1
58 89 1 -1.78124 1
58 90 1 -2.01355 1
58 91 1 -3.3389 1
58 92 1 0.0628391 1
58 93 1 1.91626 1
58 94 1 -1.61122 1
58 95 1 2.19935 1
58 128 1 1.64909 1
128 79 1 1.04387 0
128 131 1 -0.513364 1
131 79 1 0.7996 1
59 64 1 -1.59236 1
59 65 1 1.72981 1
59 66 1 1.94808 1
59 67 1 -2.12939 1
59 68 1 1.2531 1
59 69 1 -1.30541 1
59 70 1 -1.35542 1
59 71 1 1.6675 1
59 72 1 -0.179783 1
59 73 1 -0.195223 1
59 74 1 0.617531 1
59 75 1 -1.19042 1
59 76 1 2.01832 1
59 77 1 0.547306 0
59 78 1 1.42312 1
59 79 1 -2.51456 1
59 80 1 -0.58042 1
59 81 1 1.22409 1
59 82 1 -5.50312 1
59 83 1 3.75623 1
59 84 1 0.0465094 1
59 85 1 -2.60805 1
59 86 1 -3.20041 1
59 87 1 0.799833 1
59 88 1 4.33487 1
59 89 1 -0.90435 1
59 90 1 0.992604 1
59 91 1 -2.29804 1
59 92 1 2.75201 1
59 93 1 3.19311 1
59 94 1 -5.54222 1
59 95 1 1.9374 1
59 97 1 0.987481 1
59 5 1 -2.92324 1
59 11 1 -1.86143 1
59 13 1 0.963097 1
97 77 1 -6.62001 1
97 22 1 -2.08139 1
97 2 1 -5.57911 0
97 99 1 3.04337 1
97 7 1 3.52723 0
97 102 1 2.1204 1
97 17 1 2.16452 1
102 7 1 4.49529 1
99 2 1 1.497 0
99 108 1 4.12789 1
99 15 1 -0.298154 1
108 2 1 -0.79346 0
108 125 1 4.33496 1
125 2 1 0.427525 1
60 64 1 2.98115 1
60 65 1 0.690006 1
60 66 1 1.68637 1
60 67 1 -0.778098 1
60 68 1 0.483856 1
60 69 1 1.97567 1
60 70 1 -2.91979 1
60 71 1 0.757742 1
60 72 1 0.180311 0
60 73 1 0.982872 1
60 74 1 1.11073 1
60 75 1 -0.473424 1
60 76 1 -0.795281 1
60 77 1 4.30505 1
60 78 1 -2.39327 1
60 79 1 0.181256 1
60 80 1 -5.27721 1
60 81 1 -1.50535 1
60 82 1 -1.14617 1
60 83 1 0.336887 1
60 84 1 -3.72906 1
60 85 1 3.33118 1
60 86 1 2.0306 1
60 87 1 0.285799 1
60 88 1 -4.81363 1
60 89 1 0.0720591 1
60 90 1 -2.01554 1
60 91 1 0.115423 1
60 92 1 -1.21094 1
60 93 1 2.47656 1
60 94 1 -1.32517 1
60 95 1 0.849247 1
60 24 1 -2.0692 1
60 0 1 3.50308 1
60 115 1 2.83671 1
60 3 1 -0.726721 1
115 72 1 -1.6794 1
115 18 1 0.498417 1
115 14 1 1.03048 1
61 64 1 -0.0461571 1
61 65 1 -0.467426 1
61 66 1 2.47118 1
61 67 1 0.116888 1
61 68 1 -2.67122 1
61 69 1 3.52087 1
61 70 1 1.02919 1
61 71 1 -0.715388 1
61 72 1 -0.611948 1
61 73 1 1.18708 1
61 74 1 2.95094 1
61 75 1 4.0278 1
61 76 1 0.683375 1
61 77 1 -0.517853 0
61 78 1 -1.10684 1
61 79 1 -0.364006 1
61 80 1 -0.576625 1
61 81 1 -1.04711 1
61 82 1 -0.237035 1
61 83 1 -0.0440752 1
61 84 1 -2.57938 1
61 85 1 -1.63661 1
61 86 1 -0.0525263 1
61 87 1 1.56724 1
61 88 1 0.101128 1
61 89 1 1.23951 1
61 90 1 -1.49583 1
61 91 1 1.62456 1
61 92 1 -0.569705 1
61 93 1 -1.16433 1
61 94 1 0.977123 1
61 95 1 -1.27839 1
61 107 1 -0.0449618 1
61 113 1 -1.9184 1
61 14 1 -3.16958 1
107 77 1 -5.47031 0
107 113 1 0.0121859 1
107 14 1 -1.32596 1
113 77 1 -2.26757 1
113 23 1 -2.03061 1
113 147 1 0.773946 1
62 64 1 0.0048148 1
62 65 1 -2.15333 1
62 66 1 2.36805 1
62 67 1 -1.08119 1
62 68 1 1.57276 1
62 69 1 -1.40063 1
62 70 1 1.77392 1
62 71 1 -2.23778 1
62 72 1 0.809889 1
62 73 1 1.65507 1
62 74 1 3.99909 1
62 75 1 -0.612371 1
62 76 1 3.84316 1
62 77 1 -4.20605 1
62 78 1 -1.15628 1
62 79 1 -2.11915 1
62 80 1 -1.73265 1
62 81 1 0.146777 1
62 82 1 -1.31147 1
62 83 1 1.41961 1
62 84 1 -2.09821 0
62 85 1 -0.141234 1
62 86 1 4.03181 1
62 87 1 -1.44885 1
62 88 1 -0.0782427 1
62 89 1 -2.86777 1
62 90 1 -6.4061 1
62 91 1 1.06865 1
62 92 1 -0.454588 1
62 93 1 -1.60292 1
62 94 1 1.3637 1
62 95 1 -1.1668 1
62 5 1 0.522468 1
62 138 1 2.09807 0
62 152 1 0.537467 1
152 138 1 2.08259 1
138 84 1 0.648 1
63 64 1 2.2888 1
63 65 1 -1.43711 1
63 66 1 3.15408 1
63 67 1 0.57232 1
63 68 1 -0.437494 1
63 69 1 -4.39919 1
63 70 1 -0.752674 1
63 71 1 1.80937 1
63 72 1 -1.08615 1
63 73 1 0.915334 1
63 74 1 -6.90907 1
63 75 1 1.7687 1
63 76 1 -2.96596 0
63 77 1 1.03627 1
63 78 1 -0.051302 1
63 79 1 -0.236291 1
63 80 1 -0.0114992 1
63 81 1 -0.431008 1
63 82 1 1.73762 1
63 83 1 -3.55302 1
63 84 1 -1.70231 1
63 85 1 -3.15442 1
63 86 1 4.76953 1
63 87 1 -2.4097 0
63 88 1 -0.345328 1
63 89 1 -2.78373 1
63 90 1 2.01897 1
63 91 1 -0.922105 1
63 92 1 0.401638 1
63 93 1 2.27001 1
63 94 1 -2.55242 1
63 95 1 -0.126428 1
63 141 1 1.94256 1
63 144 1 0.110517 1
144 76 1 -1.46984 0
144 147 1 0.763961 1
147 76 1 -3.04985 1
141 87 1 -7.63046 1
141 10 1 -0.819802 1
