154 64 32
3.07744 -1.02429 -7.59429 4.37132 -3.99204 1.99014 1.20841 0.871964 -0.0900737 2.70057 2.48238 4.38347 -4.33943 -3.8826 0.0970428 -2.82132 0.804476 1.44824 -1.48482 -1.52216 -1.62074 0.0562856 -1.17914 1.10713 -5.10487 -0.111672 4.21433 1.23665 -2.02145 -2.63409 -3.95562 1.6837 0.185158 0.687231 2.01328 2.23122 -2.93646 0.203426 -0.215613 -1.47347 -0.504047 1.72642 -0.888337 -4.89172 -3.14756 -1.45489 -3.38286 3.3676 -0.758006 3.27136 0.765342 -3.49886 -4.09145 -1.16875 -1.24238 3.76122 -1.28036 1.10197 1.3468 -1.88192 2.82875 -1.55734 -0.925948 -3.10572 -5.36805 -0.472385 2.91949 1.24495 -4.35328 2.29957 -2.663 -2.2072 -3.78104 -3.20386 2.40965 3.59149 -0.947636 0.594371 0.459047 -4.22449 0.0167087 0.797429 -2.23439 0.594695 2.20087 0.490351 -3.23694 0.469289 4.37937 -0.178834 -0.977316 2.74216 -1.63638 0.225384 0.102285 -0.761587 -2.28868 0.00127367 -0.951037 -1.48974 2.54461 -3.27694 -5.90109 -3.34696 -2.82334 0.0967162 -1.81015 -2.93427 -2.00735 1.0434 -0.730858 1.52491 2.6418 -3.35766 0.427902 -1.2578 -2.77628 -0.238756 -0.444288 -1.8934 1.54613 -0.0391459 0.545118 1.51388 1.24784 3.71596 1.17652 0.274074 1.61003 1.79018 -0.179632 -1.53238 -0.862504 -1.23016 -0.596366 -1.13823 -1.2454 -1.27544 -2.21609 -0.908675 -0.0790678 0.398459 -1.31083 0.169533 0.0851718 0.606122 -0.497747 -0.196978 0.586993 -1.96105 -0.846103 0.266554 -0.521449 -0.535596 
0 64 1 -4.92791 1
0 65 1 2.7008 1
0 66 1 3.51931 1
0 67 1 0.718354 1
0 68 1 -0.460678 1
0 69 1 2.02188 1
0 70 1 0.629725 1
0 71 1 0.0103307 1
0 72 1 -0.0627144 1
0 73 1 -2.02057 1
0 74 1 -3.03113 1
0 75 1 0.616036 1
0 76 1 3.31351 1
0 77 1 1.0407 1
0 78 1 -2.67599 1
0 79 1 2.0342 1
0 80 1 3.11015 1
0 81 1 3.21867 1
0 82 1 4.21875 1
0 83 1 1.62102 1
0 84 1 -1.1823 1
0 85 1 3.07757 1
0 86 1 -2.51912 1
0 87 1 -1.49689 1
0 88 1 -0.642419 1
0 89 1 2.54209 1
0 90 1 5.64352 1
0 91 1 4.68386 1
0 92 1 -3.10291 1
0 93 1 -2.05897 1
0 94 1 1.9982 1
0 95 1 1.37958 1
0 10 1 -2.36711 1
1 64 1 -0.834795 1
1 65 1 -2.82408 1
1 66 1 1.81699 1
1 67 1 -3.54622 1
1 68 1 4.38876 1
1 69 1 -1.3181 1
1 70 1 1.79717 1
1 71 1 -1.04355 1
1 72 1 -1.14286 1
1 73 1 -1.69124 1
1 74 1 -3.27612 1
1 75 1 3.65773 1
1 76 1 -1.66847 1
1 77 1 6.18777 1
1 78 1 -1.72257 1
1 79 1 -0.566971 1
1 80 1 -3.36993 1
1 81 1 1.79835 1
1 82 1 -0.684757 1
1 83 1 -5.07563 1
1 84 1 -0.822839 1
1 85 1 -1.60907 1
1 86 1 1.99742 1
1 87 1 -0.810998 1
1 88 1 0.1514 1
1 89 1 3.24703 1
1 90 1 -2.24642 1
1 91 1 -1.98187 1
1 92 1 -1.86337 1
1 93 1 0.906493 1
1 94 1 -0.805336 1
1 95 1 -5.4166 1
1 27 1 1.33684 1
2 64 1 0.627478 1
2 65 1 -0.0186967 1
2 66 1 -3.12214 1
2 67 1 -1.35201 1
2 68 1 -2.54819 1
2 69 1 1.93973 1
2 70 1 -1.48466 1
2 71 1 4.31928 1
2 72 1 -2.07176 1
2 73 1 -3.02282 1
2 74 1 -3.77854 1
2 75 1 -0.323287 1
2 76 1 -4.12025 1
2 77 1 -1.26392 1
2 78 1 -1.18057 1
2 79 1 -3.15781 1
2 80 1 -4.90771 1
2 81 1 -4.52345 1
2 82 1 -0.522764 1
2 83 1 -2.48268 1
2 84 1 -0.673713 1
2 85 1 3.94634 1
2 86 1 -0.112405 1
2 87 1 -1.04276 1
2 88 1 0.0230898 1
2 89 1 -3.35204 1
2 90 1 -3.52909 1
2 91 1 -0.645865 1
2 92 1 1.64848 1
2 93 1 -3.41784 1
2 94 1 3.72033 1
2 95 1 -0.429108 1
2 100 1 -1.1847 1
2 6 1 4.0819 1
2 110 1 0.334469 1
3 64 1 -3.36148 1
3 65 1 -0.315244 1
3 66 1 0.156853 1
3 67 1 1.46464 1
3 68 1 4.47291 1
3 69 1 -3.1595 1
3 70 1 -0.579927 1
3 71 1 1.1268 1
3 72 1 8.41173 1
3 73 1 -0.357904 1
3 74 1 0.489911 1
3 75 1 1.9836 1
3 76 1 0.933048 1
3 77 1 -0.324015 1
3 78 1 -0.430778 1
3 79 1 0.324407 1
3 80 1 -3.57476 1
3 81 1 -1.60343 1
3 82 1 6.52142 1
3 83 1 1.36633 1
3 84 1 0.810862 1
3 85 1 -4.18631 1
3 86 1 -0.414149 1
3 87 1 1.87038 1
3 88 1 -1.59222 1
3 89 1 1.86547 1
3 90 1 0.591774 1
3 91 1 1.74503 1
3 92 1 -0.279771 1
3 93 1 -2.07083 1
3 94 1 -3.04695 1
3 95 1 2.09881 0
3 110 1 1.32565 1
110 95 1 -1.62987 0
110 111 1 -1.5823 0
110 132 1 2.03835 1
110 152 1 0.0775775 1
132 111 1 2.42249 1
111 95 1 -2.31318 1
4 64 1 1.59738 1
4 65 1 -0.623221 1
4 66 1 -1.42393 1
4 67 1 3.11405 1
4 68 1 -0.453919 1
4 69 1 2.97958 1
4 70 1 0.190165 1
4 71 1 -0.719931 1
4 72 1 0.685912 1
4 73 1 -1.61956 0
4 74 1 0.688198 1
4 75 1 -4.82078 0
4 76 1 1.31063 1
4 77 1 2.34484 1
4 78 1 0.896969 1
4 79 1 3.2087 1
4 80 1 -4.12061 1
4 81 1 0.237876 1
4 82 1 0.121572 1
4 83 1 -2.57577 1
4 84 1 -0.419439 1
4 85 1 2.44523 1
4 86 1 2.51271 1
4 87 1 -0.923071 1
4 88 1 -2.55335 1
4 89 1 -1.06595 1
4 90 1 3.58458 1
4 91 1 -5.6544 1
4 92 1 -1.87528 1
4 93 1 -0.0186261 0
4 94 1 -1.77034 1
4 95 1 1.99311 1
4 101 1 2.85472 1
4 17 1 4.01728 1
4 118 1 0.970872 1
4 145 1 1.51247 1
145 93 1 0.553723 1
118 73 1 -2.34467 1
101 75 1 1.00552 1
5 64 1 -2.65492 1
5 65 1 2.35253 1
5 66 1 -1.99565 1
5 67 1 6.32444 1
5 68 1 3.43044 1
5 69 1 4.02065 1
5 70 1 -1.90246 1
5 71 1 -0.272838 1
5 72 1 0.888847 1
5 73 1 -1.35031 1
5 74 1 -1.64742 1
5 75 1 2.15923 1
5 76 1 4.09172 1
5 77 1 0.88985 1
5 78 1 0.292167 1
5 79 1 0.33612 1
5 80 1 2.53302 1
5 81 1 -2.08696 1
5 82 1 1.14431 1
5 83 1 4.67999 1
5 84 1 0.795215 1
5 85 1 2.43711 1
5 86 1 -3.16194 1
5 87 1 0.771517 1
5 88 1 -1.26556 1
5 89 1 -2.96902 1
5 90 1 -1.82868 1
5 91 1 -0.370228 1
5 92 1 -0.798145 1
5 93 1 1.87904 1
5 94 1 -1.9228 1
5 95 1 0.32282 1
5 28 1 1.60425 1
6 64 1 0.345317 1
6 65 1 -1.52133 1
6 66 1 2.46693 1
6 67 1 2.79107 1
6 68 1 -4.89896 1
6 69 1 -1.65009 1
6 70 1 -2.05064 1
6 71 1 -0.059045 1
6 72 1 2.22462 1
6 73 1 -3.09704 1
6 74 1 -4.03601 1
6 75 1 1.58685 1
6 76 1 3.17123 1
6 77 1 -0.550759 1
6 78 1 -1.03014 1
6 79 1 -1.21719 1
6 80 1 3.22766 1
6 81 1 -0.52246 1
6 82 1 1.94487 1
6 83 1 1.6126 1
6 84 1 2.57784 1
6 85 1 -2.09175 1
6 86 1 0.280742 1
6 87 1 2.89298 1
6 88 1 -2.84878 1
6 89 1 -1.77319 1
6 90 1 4.99949 1
6 91 1 -1.99372 1
6 92 1 3.49254 1
6 93 1 -3.64443 1
6 94 1 -3.79078 1
6 95 1 2.74 1
6 26 1 1.00319 1
7 64 1 3.855 1
7 65 1 1.42525 1
7 66 1 -0.0763015 1
7 67 1 -5.46087 1
7 68 1 -3.11338 1
7 69 1 -1.66545 1
7 70 1 4.80381 1
7 71 1 1.45909 1
7 72 1 3.47187 1
7 73 1 -0.796546 1
7 74 1 -1.84676 1
7 75 1 -0.649709 1
7 76 1 2.98549 1
7 77 1 0.302278 1
7 78 1 2.89015 1
7 79 1 2.9495 1
7 80 1 -0.737674 1
7 81 1 1.64863 1
7 82 1 -3.16502 0
7 83 1 2.15599 0
7 84 1 -2.53997 1
7 85 1 4.43448 1
7 86 1 1.52232 1
7 87 1 3.48813 1
7 88 1 -3.08323 1
7 89 1 -2.80048 1
7 90 1 1.31989 1
7 91 1 -2.42352 1
7 92 1 1.48255 1
7 93 1 -1.89778 1
7 94 1 -0.236039 1
7 95 1 2.99988 1
7 100 1 -0.638825 1
7 127 1 1.74647 1
127 82 1 -4.11328 1
100 83 1 2.43474 1
100 24 1 -1.11514 0
100 106 1 3.33149 1
106 24 1 -6.11761 1
106 6 1 -1.62875 1
8 64 1 2.61914 1
8 65 1 -3.10121 1
8 66 1 -0.809501 1
8 67 1 1.73668 1
8 68 1 -0.970586 1
8 69 1 2.97456 1
8 70 1 1.76144 1
8 71 1 2.95718 1
8 72 1 3.69699 1
8 73 1 -1.76333 1
8 74 1 0.851876 1
8 75 1 -1.7432 1
8 76 1 -0.772586 1
8 77 1 3.24687 1
8 78 1 0.284986 1
8 79 1 -2.12504 1
8 80 1 0.939913 1
8 81 1 -1.57472 1
8 82 1 0.705561 1
8 83 1 -4.02461 1
8 84 1 3.17227 1
8 85 1 8.56154 1
8 86 1 4.60188 1
8 87 1 1.43881 1
8 88 1 -0.334832 1
8 89 1 4.29901 1
8 90 1 -0.276 1
8 91 1 -0.986053 1
8 92 1 2.39556 1
8 93 1 5.31798 1
8 94 1 5.04091 1
8 95 1 -0.155719 1
8 17 1 -0.777026 1
9 64 1 -3.13218 1
9 65 1 -3.44428 1
9 66 1 1.45748 1
9 67 1 0.17396 1
9 68 1 -1.22001 1
9 69 1 1.21402 1
9 70 1 -6.35641 1
9 71 1 -1.05724 1
9 72 1 2.20805 1
9 73 1 -1.64054 1
9 74 1 0.104704 1
9 75 1 1.19849 1
9 76 1 2.17091 1
9 77 1 -0.247761 1
9 78 1 2.66881 1
9 79 1 1.80253 1
9 80 1 -0.849303 1
9 81 1 0.331178 1
9 82 1 -3.29161 1
9 83 1 0.121599 1
9 84 1 2.32367 1
9 85 1 2.05903 1
9 86 1 -1.03669 1
9 87 1 0.201014 1
9 88 1 -0.0957052 1
9 89 1 4.91624 1
9 90 1 -1.40129 1
9 91 1 0.391624 1
9 92 1 -0.73058 1
9 93 1 -0.269281 1
9 94 1 -3.79793 1
9 95 1 0.831852 1
9 103 1 -0.860488 1
9 130 1 -1.12178 1
10 64 1 0.0333409 1
10 65 1 -0.0160534 1
10 66 1 6.22369 1
10 67 1 -4.33953 1
10 68 1 2.74985 1
10 69 1 -0.831552 1
10 70 1 -0.701977 1
10 71 1 0.0506064 1
10 72 1 5.70281 1
10 73 1 3.40483 1
10 74 1 1.18188 0
10 75 1 -0.065474 1
10 76 1 2.74875 1
10 77 1 1.201 1
10 78 1 -0.950966 1
10 79 1 -5.23459 1
10 80 1 -2.20625 1
10 81 1 3.92439 1
10 82 1 1.76316 1
10 83 1 1.55649 1
10 84 1 4.5149 1
10 85 1 2.8558 1
10 86 1 -0.972806 1
10 87 1 -0.0876985 1
10 88 1 3.72974 1
10 89 1 0.642806 1
10 90 1 -0.545046 1
10 91 1 3.95445 1
10 92 1 0.197404 1
10 93 1 -1.53518 1
10 94 1 3.72657 1
10 95 1 5.73764 1
10 124 1 1.20068 1
124 74 1 0.140963 1
11 64 1 3.24849 1
11 65 1 0.618212 1
11 66 1 3.11888 1
11 67 1 -1.01631 1
11 68 1 5.26786 1
11 69 1 0.347832 1
11 70 1 2.58586 1
11 71 1 1.22689 1
11 72 1 -3.63981 1
11 73 1 0.843031 1
11 74 1 -0.8551 0
11 75 1 -1.31168 1
11 76 1 -1.7332 1
11 77 1 -0.490438 1
11 78 1 -0.947491 1
11 79 1 -0.607157 1
11 80 1 -3.29965 1
11 81 1 0.615033 1
11 82 1 5.83679 1
11 83 1 1.63157 1
11 84 1 1.22307 1
11 85 1 -1.62307 1
11 86 1 -4.34807 1
11 87 1 -1.15139 1
11 88 1 -4.52466 1
11 89 1 -0.300519 1
11 90 1 -1.74429 1
11 91 1 -0.488314 1
11 92 1 -1.95776 1
11 93 1 3.53252 1
11 94 1 -0.960058 1
11 95 1 -4.5857 1
11 120 1 -4.12307 1
11 109 1 0.175644 1
120 74 1 -2.99115 1
120 13 1 -0.0724519 0
120 150 1 1.93561 1
150 13 1 0.614759 1
12 64 1 -1.01789 1
12 65 1 -1.01648 1
12 66 1 -0.242922 1
12 67 1 -3.10266 1
12 68 1 0.120537 1
12 69 1 1.8464 1
12 70 1 -0.559073 1
12 71 1 2.30386 1
12 72 1 2.42599 1
12 73 1 -3.86516 1
12 74 1 -3.94051 1
12 75 1 -2.17149 1
12 76 1 -0.532655 1
12 77 1 1.63013 1
12 78 1 -0.594735 1
12 79 1 -0.669668 1
12 80 1 -3.87096 1
12 81 1 -2.19168 1
12 82 1 2.69243 1
12 83 1 0.162557 1
12 84 1 1.30624 1
12 85 1 -1.91341 1
12 86 1 -1.19023 1
12 87 1 0.278605 1
12 88 1 -3.80454 1
12 89 1 2.55888 1
12 90 1 -0.614302 1
12 91 1 -1.61553 1
12 92 1 2.36369 1
12 93 1 -2.52774 1
12 94 1 2.31921 1
12 95 1 -2.46552 1
12 17 1 -0.221066 1
12 18 1 0.131951 1
12 144 1 -1.1829 1
13 64 1 0.376972 1
13 65 1 -4.6725 1
13 66 1 -1.31324 1
13 67 1 1.62508 1
13 68 1 1.70906 1
13 69 1 -2.6226 1
13 70 1 0.323504 1
13 71 1 1.85364 1
13 72 1 0.881836 1
13 73 1 -3.77055 1
13 74 1 -3.04272 1
13 75 1 -1.48199 1
13 76 1 -1.03511 1
13 77 1 -0.85049 1
13 78 1 2.00864 1
13 79 1 1.48427 1
13 80 1 1.03428 1
13 81 1 0.660435 1
13 82 1 0.246592 1
13 83 1 2.12882 1
13 84 1 -2.59934 1
13 85 1 6.18016 1
13 86 1 5.79248 1
13 87 1 7.00886 1
13 88 1 3.44378 1
13 89 1 -0.0104746 1
13 90 1 -4.24926 1
13 91 1 -4.21069 1
13 92 1 -1.7419 1
13 93 1 -2.69838 1
13 94 1 1.31417 1
13 95 1 -3.57038 1
14 64 1 -2.69694 1
14 65 1 6.09316 1
14 66 1 0.315902 1
14 67 1 -0.21613 1
14 68 1 -1.97018 1
14 69 1 2.72942 1
14 70 1 -1.91134 1
14 71 1 1.18405 1
14 72 1 1.69159 1
14 73 1 -0.172732 1
14 74 1 0.290587 1
14 75 1 2.35631 1
14 76 1 -2.55713 1
14 77 1 2.86777 1
14 78 1 -2.93036 1
14 79 1 -1.36745 1
14 80 1 -1.32437 1
14 81 1 1.81524 0
14 82 1 4.73456 1
14 83 1 -0.113107 1
14 84 1 0.655227 1
14 85 1 -1.95875 1
14 86 1 2.30287 1
14 87 1 -1.29943 1
14 88 1 -0.715096 1
14 89 1 -0.875297 1
14 90 1 0.606679 1
14 91 1 3.64142 1
14 92 1 3.04771 1
14 93 1 1.37166 1
14 94 1 5.94844 1
14 95 1 0.795202 1
14 104 1 -2.0585 1
14 119 1 2.35534 1
119 81 1 5.04095 1
119 99 1 -1.35319 1
15 64 1 -0.910206 1
15 65 1 1.37687 1
15 66 1 -3.87042 1
15 67 1 -1.42563 1
15 68 1 0.835888 1
15 69 1 -2.15964 1
15 70 1 6.83213 1
15 71 1 -1.01577 1
15 72 1 -1.20766 1
15 73 1 -0.131871 1
15 74 1 1.6869 1
15 75 1 -0.992423 1
15 76 1 -0.611399 1
15 77 1 -0.270062 1
15 78 1 -2.44298 1
15 79 1 0.465666 1
15 80 1 1.63427 1
15 81 1 0.52558 1
15 82 1 -3.39344 1
15 83 1 -0.276624 1
15 84 1 1.86503 1
15 85 1 -1.43693 1
15 86 1 1.27325 1
15 87 1 -5.86923 1
15 88 1 0.289382 1
15 89 1 2.67825 1
15 90 1 0.425627 1
15 91 1 -4.75682 1
15 92 1 2.49356 1
15 93 1 -2.12549 1
15 94 1 0.92082 1
15 95 1 2.657 1
15 20 1 -0.252514 1
16 64 1 3.98865 1
16 65 1 0.361381 1
16 66 1 -2.6585 1
16 67 1 -3.74982 1
16 68 1 0.600315 1
16 69 1 -0.761343 1
16 70 1 1.59012 1
16 71 1 3.96135 1
16 72 1 -0.643803 1
16 73 1 -2.02629 1
16 74 1 -0.175529 1
16 75 1 1.34599 1
16 76 1 0.640123 1
16 77 1 1.21245 1
16 78 1 -1.63065 1
16 79 1 -0.441635 0
16 80 1 -0.922833 1
16 81 1 2.78413 1
16 82 1 -2.63608 1
16 83 1 2.48323 1
16 84 1 -1.67389 1
16 85 1 -1.5345 1
16 86 1 -1.60493 1
16 87 1 -1.89136 1
16 88 1 0.36001 1
16 89 1 1.85918 1
16 90 1 -1.89122 1
16 91 1 2.04315 1
16 92 1 4.69963 1
16 93 1 -2.1869 1
16 94 1 -1.2163 1
16 95 1 -2.17698 1
16 26 1 -0.158305 1
16 151 1 0.829434 1
151 79 1 -0.489826 1
17 64 1 -3.04009 1
17 65 1 -0.667706 1
17 66 1 -2.40971 1
17 67 1 4.38418 1
17 68 1 -1.61127 1
17 69 1 1.59554 1
17 70 1 0.593961 1
17 71 1 2.21192 1
17 72 1 -5.35933 0
17 73 1 1.02284 1
17 74 1 3.55754 1
17 75 1 0.295628 1
17 76 1 -0.822277 1
17 77 1 3.09969 1
17 78 1 -0.716881 1
17 79 1 -2.27661 1
17 80 1 4.92806 1
17 81 1 2.71129 1
17 82 1 -0.851278 1
17 83 1 -0.94858 1
17 84 1 -3.91357 1
17 85 1 1.5805 1
17 86 1 0.52988 1
17 87 1 -2.80698 1
17 88 1 -6.39551 1
17 89 1 3.05561 1
17 90 1 -3.76606 1
17 91 1 5.80033 1
17 92 1 0.239027 1
17 93 1 3.72959 1
17 94 1 3.49413 1
17 95 1 1.92657 1
17 146 1 2.10748 1
146 72 1 -5.24998 1
18 64 1 2.28796 1
18 65 1 -2.2881 1
18 66 1 2.08841 1
18 67 1 0.851071 1
18 68 1 -0.275066 1
18 69 1 -0.0227952 1
18 70 1 1.90336 1
18 71 1 0.149333 1
18 72 1 2.55404 1
18 73 1 0.196277 1
18 74 1 1.97846 1
18 75 1 0.0593207 1
18 76 1 4.83229 1
18 77 1 -1.27338 1
18 78 1 3.13012 1
18 79 1 1.11976 1
18 80 1 -5.02012 1
18 81 1 2.2113 1
18 82 1 -2.49018 1
18 83 1 2.97176 1
18 84 1 -1.83252 1
18 85 1 1.15393 1
18 86 1 5.99111 1
18 87 1 -1.90298 1
18 88 1 0.807367 1
18 89 1 -2.82735 1
18 90 1 0.565187 1
18 91 1 1.14438 1
18 92 1 -2.04017 1
18 93 1 -0.561668 1
18 94 1 -1.28631 1
18 95 1 0.534957 1
18 25 1 -0.680287 1
18 18 1 0.181606 1
18 139 1 0.209036 1
19 64 1 5.15747 1
19 65 1 -1.88775 1
19 66 1 4.38799 1
19 67 1 -0.83004 1
19 68 1 -3.91744 1
19 69 1 1.42897 1
19 70 1 -0.136484 1
19 71 1 -1.288 1
19 72 1 2.08856 1
19 73 1 1.99725 1
19 74 1 -1.52862 1
19 75 1 1.25976 1
19 76 1 -1.86245 1
19 77 1 -2.68378 1
19 78 1 -2.50132 1
19 79 1 3.93673 1
19 80 1 0.04643 1
19 81 1 -2.93277 1
19 82 1 0.375324 1
19 83 1 -4.32652 1
19 84 1 0.780778 1
19 85 1 1.69312 1
19 86 1 -0.0515005 1
19 87 1 3.33575 1
19 88 1 0.597016 1
19 89 1 4.71609 1
19 90 1 -1.30941 1
19 91 1 -0.712976 1
19 92 1 -0.264729 1
19 93 1 -3.03893 1
19 94 1 -2.03683 1
19 95 1 -6.78337 1
20 64 1 2.07152 1
20 65 1 -0.407879 1
20 66 1 -2.3614 1
20 67 1 1.28734 1
20 68 1 -1.4016 1
20 69 1 1.33826 1
20 70 1 -4.12786 1
20 71 1 3.47891 1
20 72 1 3.10008 1
20 73 1 1.51902 1
20 74 1 2.77344 1
20 75 1 2.64303 1
20 76 1 -0.0358696 1
20 77 1 -0.589615 1
20 78 1 2.03064 1
20 79 1 1.89416 1
20 80 1 0.609433 1
20 81 1 1.28282 1
20 82 1 2.67537 1
20 83 1 2.5404 1
20 84 1 2.61915 1
20 85 1 -4.10289 1
20 86 1 0.540616 1
20 87 1 -0.05141 1
20 88 1 1.75029 1
20 89 1 0.997945 1
20 90 1 3.16045 1
20 91 1 0.348135 0
20 92 1 1.49884 1
20 93 1 1.04414 0
20 94 1 3.36744 0
20 95 1 -0.799228 1
20 96 1 -4.18462 1
20 98 1 -0.0580205 1
20 103 1 1.26878 1
20 109 1 0.381872 1
103 91 1 1.05008 0
103 105 1 2.39435 1
103 112 1 -1.72921 0
103 123 1 -0.815699 1
103 140 1 -1.73388 1
140 112 1 2.11584 1
123 91 1 0.78884 1
123 113 1 0.490771 0
123 136 1 1.45845 1
123 137 1 -0.65502 1
136 113 1 -1.80395 1
105 91 1 2.66066 0
105 129 1 -0.569519 1
129 91 1 -0.445891 0
129 135 1 2.2365 1
129 116 1 1.61523 1
135 91 1 -1.12944 1
98 93 1 -0.560039 1
98 99 1 4.3611 1
98 15 1 0.0592405 1
96 94 1 1.65994 1
96 20 1 0.371669 1
21 64 1 2.67607 1
21 65 1 6.88541 1
21 66 1 -2.35233 1
21 67 1 -4.60306 1
21 68 1 -2.09281 1
21 69 1 1.48135 1
21 70 1 -0.626692 1
21 71 1 -3.34142 1
21 72 1 -7.91111 1
21 73 1 -1.96511 1
21 74 1 -1.38204 1
21 75 1 1.34965 1
21 76 1 -1.84831 1
21 77 1 -1.19242 1
21 78 1 -1.21279 1
21 79 1 -1.63428 1
21 80 1 2.01055 1
21 81 1 -1.94335 1
21 82 1 -1.66618 1
21 83 1 -0.556183 1
21 84 1 5.32141 1
21 85 1 -0.52829 1
21 86 1 1.22313 1
21 87 1 -0.711575 1
21 88 1 4.07329 1
21 89 1 0.549069 1
21 90 1 1.59124 1
21 91 1 1.06367 0
21 92 1 1.46005 1
21 93 1 0.977654 1
21 94 1 -4.34436 1
21 95 1 -0.171054 1
21 143 1 3.18858 1
143 91 1 -1.10524 1
22 64 1 2.20902 1
22 65 1 0.0224475 1
22 66 1 0.186799 1
22 67 1 4.80277 1
22 68 1 -0.971626 1
22 69 1 -1.60678 1
22 70 1 -2.38161 1
22 71 1 0.955126 1
22 72 1 -5.0058 1
22 73 1 -0.388949 1
22 74 1 -4.71528 1
22 75 1 -2.258 1
22 76 1 1.94054 1
22 77 1 -0.350222 1
22 78 1 4.46825 1
22 79 1 5.53514 1
22 80 1 0.0623779 1
22 81 1 -0.737116 1
22 82 1 0.321341 1
22 83 1 -0.854687 1
22 84 1 -2.24013 1
22 85 1 0.694544 1
22 86 1 0.0218407 1
22 87 1 5.97277 1
22 88 1 -2.83173 1
22 89 1 -0.533413 1
22 90 1 3.03118 1
22 91 1 0.399496 1
22 92 1 1.57103 1
22 93 1 2.12321 1
22 94 1 4.20021 1
22 95 1 3.07282 1
23 64 1 -2.26444 1
23 65 1 1.05405 1
23 66 1 1.08738 1
23 67 1 1.51745 1
23 68 1 -2.09134 1
23 69 1 2.00401 1
23 70 1 4.73114 1
23 71 1 -3.41751 1
23 72 1 -0.197297 1
23 73 1 -1.17874 1
23 74 1 2.34235 1
23 75 1 0.734195 1
23 76 1 2.0161 1
23 77 1 2.45317 1
23 78 1 -0.269941 1
23 79 1 -4.40626 1
23 80 1 1.02961 1
23 81 1 1.74912 1
23 82 1 -2.16245 1
23 83 1 1.35327 1
23 84 1 3.48253 1
23 85 1 -2.40525 1
23 86 1 -8.37341 1
23 87 1 0.468391 1
23 88 1 2.23215 1
23 89 1 -0.0637941 1
23 90 1 -2.52409 1
23 91 1 -1.36206 1
23 92 1 0.802697 1
23 93 1 2.8718 1
23 94 1 -2.94987 1
23 95 1 0.307433 1
23 107 1 1.0756 1
23 27 1 -0.844649 1
24 64 1 -1.50635 1
24 65 1 2.69728 1
24 66 1 -1.03019 1
24 67 1 4.91394 1
24 68 1 -5.26901 1
24 69 1 3.13775 1
24 70 1 0.334699 1
24 71 1 4.05552 1
24 72 1 0.713538 1
24 73 1 1.73458 1
24 74 1 -0.266851 1
24 75 1 1.10307 1
24 76 1 -0.201369 1
24 77 1 -0.581083 1
24 78 1 -4.32361 1
24 79 1 -1.73342 1
24 80 1 3.61853 1
24 81 1 1.5715 1
24 82 1 0.727198 1
24 83 1 -3.77963 1
24 84 1 -3.89685 1
24 85 1 -1.11215 1
24 86 1 -4.89569 1
24 87 1 2.59902 1
24 88 1 -2.31362 1
24 89 1 6.32157 1
24 90 1 3.13415 1
24 91 1 -2.56963 1
24 92 1 -0.369496 1
24 93 1 0.323779 1
24 94 1 -1.0883 1
24 95 1 -1.41634 1
24 5 1 0.690955 1
25 64 1 0.586705 1
25 65 1 1.42983 1
25 66 1 -0.804522 1
25 67 1 -1.65761 1
25 68 1 2.42219 1
25 69 1 -4.90965 1
25 70 1 0.672025 0
25 71 1 -1.87732 1
25 72 1 2.21085 1
25 73 1 0.297648 1
25 74 1 1.66571 1
25 75 1 -2.47748 1
25 76 1 -0.257307 1
25 77 1 -0.476723 1
25 78 1 2.1438 1
25 79 1 0.229444 1
25 80 1 -0.829306 1
25 81 1 -3.22133 1
25 82 1 -0.706545 1
25 83 1 4.33295 1
25 84 1 -1.46644 1
25 85 1 -2.10687 1
25 86 1 1.19488 1
25 87 1 2.06713 1
25 88 1 -0.264027 1
25 89 1 0.794914 1
25 90 1 -1.97399 1
25 91 1 1.18741 1
25 92 1 2.28924 1
25 93 1 -0.708158 1
25 94 1 -1.6612 1
25 95 1 -3.32099 1
25 8 1 0.559927 1
25 6 1 -1.62387 1
25 121 1 -2.15948 1
121 70 1 6.70329 1
26 64 1 -2.49924 1
26 65 1 2.16163 1
26 66 1 0.216302 1
26 67 1 1.38943 1
26 68 1 0.863129 1
26 69 1 2.97815 1
26 70 1 -3.17177 1
26 71 1 1.51452 1
26 72 1 -2.3014 1
26 73 1 1.08722 1
26 74 1 -6.84336 1
26 75 1 1.95805 1
26 76 1 0.523836 1
26 77 1 -4.27794 1
26 78 1 2.93502 1
26 79 1 -0.756094 1
26 80 1 0.048774 1
26 81 1 3.95615 1
26 82 1 1.82159 1
26 83 1 1.0028 1
26 84 1 -4.28145 1
26 85 1 1.20971 1
26 86 1 -3.82941 1
26 87 1 0.513126 1
26 88 1 -3.67909 1
26 89 1 -0.685359 1
26 90 1 -2.71098 1
26 91 1 -3.75604 1
26 92 1 0.169848 1
26 93 1 0.374194 1
26 94 1 1.82142 1
26 95 1 -0.829812 1
26 23 1 3.99163 1
26 15 1 2.98968 1
27 64 1 -3.83139 1
27 65 1 3.56417 1
27 66 1 3.32127 1
27 67 1 -0.672936 1
27 68 1 1.77711 1
27 69 1 2.23637 1
27 70 1 3.77383 1
27 71 1 -6.19587 1
27 72 1 -0.731143 1
27 73 1 1.05807 1
27 74 1 -2.02497 1
27 75 1 2.28877 1
27 76 1 -3.35054 1
27 77 1 -1.22565 1
27 78 1 -0.540683 1
27 79 1 1.50146 1
27 80 1 -2.33103 1
27 81 1 -1.78634 1
27 82 1 1.7587 1
27 83 1 -0.148804 1
27 84 1 1.64104 1
27 85 1 0.0454317 1
27 86 1 -2.21507 1
27 87 1 0.346667 1
27 88 1 -4.36144 1
27 89 1 -5.57404 1
27 90 1 2.89283 1
27 91 1 -1.88685 1
27 92 1 -0.551491 1
27 93 1 -0.276269 1
27 94 1 1.91273 1
27 95 1 -1.04275 1
27 9 1 1.11121 1
27 5 1 -2.35121 1
28 64 1 3.97694 1
28 65 1 -0.793362 1
28 66 1 -1.95914 1
28 67 1 4.87249 1
28 68 1 3.72593 1
28 69 1 2.45254 1
28 70 1 0.142653 1
28 71 1 -0.981962 1
28 72 1 -7.0378 1
28 73 1 1.1205 1
28 74 1 -2.29908 1
28 75 1 0.0970271 1
28 76 1 0.415945 1
28 77 1 2.24512 1
28 78 1 -3.10508 1
28 79 1 0.788817 1
28 80 1 2.26108 1
28 81 1 -1.69995 1
28 82 1 3.47253 1
28 83 1 1.8451 1
28 84 1 3.50724 1
28 85 1 -6.80502 1
28 86 1 -2.78914 1
28 87 1 -0.649065 1
28 88 1 -3.62048 1
28 89 1 1.51426 1
28 90 1 -2.10253 1
28 91 1 -1.07917 1
28 92 1 4.11262 1
28 93 1 -2.92174 1
28 94 1 4.96958 1
28 95 1 -3.71609 1
29 64 1 -0.787066 1
29 65 1 -1.33384 1
29 66 1 -0.466015 1
29 67 1 1.11421 1
29 68 1 -7.06938 1
29 69 1 0.78477 1
29 70 1 -0.210292 1
29 71 1 -1.24048 1
29 72 1 -0.237152 1
29 73 1 -1.00318 1
29 74 1 0.556595 1
29 75 1 0.569726 1
29 76 1 0.148785 1
29 77 1 1.81989 1
29 78 1 -3.84718 1
29 79 1 -2.83153 1
29 80 1 2.71302 1
29 81 1 1.21092 1
29 82 1 1.91868 1
29 83 1 0.128462 1
29 84 1 1.5743 1
29 85 1 -1.04849 1
29 86 1 -2.39683 1
29 87 1 -4.70552 1
29 88 1 -1.69443 1
29 89 1 -2.3107 1
29 90 1 -1.19276 1
29 91 1 0.11012 1
29 92 1 1.18647 1
29 93 1 1.30075 1
29 94 1 -3.5226 1
29 95 1 0.101025 1
29 113 1 1.07207 1
30 64 1 -0.29914 1
30 65 1 1.36088 1
30 66 1 4.50276 1
30 67 1 0.268637 1
30 68 1 1.62926 1
30 69 1 2.49551 1
30 70 1 1.13155 1
30 71 1 -2.84601 1
30 72 1 -0.637002 1
30 73 1 2.20124 1
30 74 1 -0.283184 1
30 75 1 3.70665 1
30 76 1 3.08522 1
30 77 1 -1.28376 1
30 78 1 1.87483 1
30 79 1 3.65708 1
30 80 1 -2.1824 1
30 81 1 -2.87979 1
30 82 1 3.67269 1
30 83 1 4.06284 1
30 84 1 2.19113 1
30 85 1 -2.17119 1
30 86 1 -0.412678 1
30 87 1 -2.09064 1
30 88 1 1.08452 1
30 89 1 -1.40925 1
30 90 1 1.79269 1
30 91 1 5.22314 1
30 92 1 -1.56846 1
30 93 1 1.50766 1
30 94 1 1.73395 1
30 95 1 -0.211874 1
30 28 1 0.731793 1
31 64 1 2.73428 1
31 65 1 -0.539116 1
31 66 1 -2.86292 1
31 67 1 5.4464 1
31 68 1 2.71105 1
31 69 1 -0.376644 1
31 70 1 -2.82935 1
31 71 1 1.69577 1
31 72 1 -2.96071 1
31 73 1 -2.56771 1
31 74 1 3.18732 1
31 75 1 2.3112 1
31 76 1 1.50375 1
31 77 1 -0.578074 1
31 78 1 -2.80047 1
31 79 1 1.12027 1
31 80 1 -1.04264 1
31 81 1 -2.89298 1
31 82 1 -0.697383 1
31 83 1 -0.441896 1
31 84 1 -3.47558 1
31 85 1 -3.8362 1
31 86 1 1.15958 1
31 87 1 -2.9455 0
31 88 1 4.24359 1
31 89 1 -1.30226 1
31 90 1 -0.664544 1
31 91 1 -2.52861 1
31 92 1 0.341887 1
31 93 1 1.11319 1
31 94 1 0.272523 1
31 95 1 -2.00516 1
31 122 1 1.55023 1
31 10 1 -1.05069 1
122 87 1 0.491851 1
32 64 1 7.62629 1
32 65 1 0.904845 1
32 66 1 -3.38324 1
32 67 1 1.60756 1
32 68 1 0.630504 1
32 69 1 2.4127 1
32 70 1 0.0827151 1
32 71 1 2.76339 1
32 72 1 -3.79601 1
32 73 1 0.633834 1
32 74 1 -1.38627 1
32 75 1 2.97531 1
32 76 1 -1.69956 1
32 77 1 3.34701 1
32 78 1 -0.426286 1
32 79 1 2.05183 1
32 80 1 -0.487669 1
32 81 1 -2.76138 1
32 82 1 -1.7207 1
32 83 1 -3.74629 1
32 84 1 1.52529 1
32 85 1 -3.29312 1
32 86 1 0.604747 1
32 87 1 -0.404972 1
32 88 1 -1.52016 1
32 89 1 -3.17872 1
32 90 1 1.62637 1
32 91 1 -2.433 1
32 92 1 1.97902 1
32 93 1 0.922972 1
32 94 1 0.0253994 1
32 95 1 -1.64547 1
33 64 1 2.9392 1
33 65 1 -5.50083 1
33 66 1 -0.801832 1
33 67 1 -2.36852 1
33 68 1 -0.604678 1
33 69 1 -1.67916 1
33 70 1 3.30939 1
33 71 1 3.78328 1
33 72 1 1.42043 1
33 73 1 2.99882 1
33 74 1 2.51204 1
33 75 1 -5.60235 1
33 76 1 -1.66281 1
33 77 1 1.27302 1
33 78 1 -3.1219 1
33 79 1 -3.01537 1
33 80 1 0.268006 1
33 81 1 -1.43191 1
33 82 1 1.39321 1
33 83 1 0.864198 1
33 84 1 1.17757 1
33 85 1 1.49941 1
33 86 1 2.76629 1
33 87 1 1.45053 1
33 88 1 2.81484 1
33 89 1 5.4588 1
33 90 1 -2.07743 1
33 91 1 -0.235016 1
33 92 1 2.15962 1
33 93 1 1.78175 1
33 94 1 -0.209188 1
33 95 1 -0.625977 1
33 20 1 -2.70994 1
33 107 1 0.418509 1
33 13 1 -0.0791147 1
34 64 1 -0.503552 1
34 65 1 -0.344915 1
34 66 1 1.47726 1
34 67 1 0.552393 1
34 68 1 0.766911 1
34 69 1 -0.851607 1
34 70 1 -2.00673 1
34 71 1 -1.39644 1
34 72 1 -2.37633 1
34 73 1 -3.49321 1
34 74 1 0.964659 1
34 75 1 7.03729 1
34 76 1 -1.17894 1
34 77 1 -0.823243 1
34 78 1 -1.50015 1
34 79 1 1.83833 1
34 80 1 2.43589 1
34 81 1 -1.27744 1
34 82 1 0.109799 1
34 83 1 1.55472 1
34 84 1 -0.03702 1
34 85 1 -0.215953 1
34 86 1 0.0706216 1
34 87 1 -0.208547 1
34 88 1 1.33211 1
34 89 1 -1.32809 1
34 90 1 -6.05356 1
34 91 1 2.96322 1
34 92 1 1.55353 1
34 93 1 -2.08934 1
34 94 1 3.3252 1
34 95 1 2.19437 1
34 113 1 -1.34724 1
35 64 1 -0.460323 1
35 65 1 -0.740237 1
35 66 1 -0.640248 1
35 67 1 3.60384 1
35 68 1 0.453527 1
35 69 1 3.665 1
35 70 1 2.41319 1
35 71 1 2.77741 1
35 72 1 2.87642 1
35 73 1 7.08852 1
35 74 1 1.62817 1
35 75 1 -0.235436 1
35 76 1 -3.39561 1
35 77 1 0.145369 1
35 78 1 -1.24654 1
35 79 1 1.29651 1
35 80 1 -6.55747 1
35 81 1 -1.12977 1
35 82 1 2.80339 0
35 83 1 0.643257 1
35 84 1 4.07812 1
35 85 1 -4.23736 1
35 86 1 -1.3544 1
35 87 1 -1.71574 1
35 88 1 -0.0932216 1
35 89 1 1.67702 0
35 90 1 -0.941358 1
35 91 1 -1.1501 1
35 92 1 -3.02186 1
35 93 1 -3.06869 1
35 94 1 -0.959216 1
35 95 1 -0.148538 1
35 130 1 1.07913 1
35 133 1 3.64414 1
133 82 1 2.04398 1
130 89 1 1.553 1
36 64 1 0.155174 1
36 65 1 1.64429 1
36 66 1 0.173736 1
36 67 1 -0.501594 1
36 68 1 -5.20329 1
36 69 1 -2.39073 1
36 70 1 -0.750137 1
36 71 1 1.01193 1
36 72 1 -1.52122 1
36 73 1 0.477251 1
36 74 1 -0.780716 1
36 75 1 0.462147 1
36 76 1 1.80869 1
36 77 1 -4.98114 1
36 78 1 0.699669 1
36 79 1 2.86319 1
36 80 1 2.0006 1
36 81 1 -0.560141 1
36 82 1 -1.0924 0
36 83 1 -0.515207 1
36 84 1 2.79071 1
36 85 1 -3.45164 1
36 86 1 1.34397 1
36 87 1 -0.216489 1
36 88 1 -0.134297 1
36 89 1 0.797211 1
36 90 1 -3.1264 1
36 91 1 1.95191 1
36 92 1 3.94764 1
36 93 1 0.18361 1
36 94 1 -2.04621 1
36 95 1 5.91274 1
36 109 1 0.470476 0
36 24 1 -1.60557 1
36 117 1 1.6934 1
117 109 1 0.882613 1
117 4 1 0.345655 1
109 82 1 0.749115 1
109 31 1 0.347045 1
37 64 1 -3.33275 1
37 65 1 2.03152 1
37 66 1 -2.60869 1
37 67 1 -1.93921 1
37 68 1 -4.25561 1
37 69 1 3.47047 1
37 70 1 -3.61236 1
37 71 1 -1.31178 1
37 72 1 2.66596 1
37 73 1 2.56034 1
37 74 1 -0.867172 1
37 75 1 0.412197 1
37 76 1 3.40948 0
37 77 1 3.59614 1
37 78 1 -1.09061 1
37 79 1 1.54226 1
37 80 1 4.1857 1
37 81 1 1.26779 1
37 82 1 4.14311 1
37 83 1 1.2028 1
37 84 1 -4.1791 1
37 85 1 1.57266 1
37 86 1 -1.25242 1
37 87 1 1.71107 1
37 88 1 -2.58614 1
37 89 1 -2.16487 1
37 90 1 -0.78814 1
37 91 1 1.87937 1
37 92 1 2.99616 1
37 93 1 -0.180252 1
37 94 1 -3.05106 1
37 95 1 0.151169 1
37 142 1 1.31876 1
142 76 1 -1.75775 1
142 147 1 -2.02144 1
38 64 1 0.275097 1
38 65 1 -1.86659 1
38 66 1 -1.09446 1
38 67 1 -0.739011 1
38 68 1 -1.82055 1
38 69 1 -5.47193 1
38 70 1 0.144916 1
38 71 1 0.433833 1
38 72 1 0.865631 1
38 73 1 1.42788 1
38 74 1 -1.76355 1
38 75 1 1.3059 1
38 76 1 2.06751 1
38 77 1 -1.07463 1
38 78 1 -1.5149 1
38 79 1 -0.56316 1
38 80 1 -4.42805 1
38 81 1 -0.923114 1
38 82 1 2.13091 1
38 83 1 -0.879411 1
38 84 1 -2.14977 1
38 85 1 -3.6145 1
38 86 1 -0.11818 1
38 87 1 -0.639572 1
38 88 1 0.972749 1
38 89 1 3.476 1
38 90 1 0.232883 1
38 91 1 2.47214 1
38 92 1 2.26258 0
38 93 1 -1.88624 1
38 94 1 -0.0331291 1
38 95 1 -3.03932 1
38 148 1 2.16945 1
148 92 1 3.59231 1
39 64 1 1.29376 1
39 65 1 -1.63981 1
39 66 1 1.91337 1
39 67 1 -0.167991 1
39 68 1 1.24903 1
39 69 1 -0.178619 1
39 70 1 1.87679 1
39 71 1 -0.439795 1
39 72 1 -2.76049 1
39 73 1 -4.68524 1
39 74 1 1.32452 1
39 75 1 2.21241 0
39 76 1 3.78159 1
39 77 1 -0.127095 1
39 78 1 -2.67405 1
39 79 1 -3.39271 1
39 80 1 2.29482 1
39 81 1 -3.24095 1
39 82 1 -0.134267 1
39 83 1 -0.16215 1
39 84 1 -2.76707 1
39 85 1 -0.456286 1
39 86 1 2.07011 1
39 87 1 1.03494 1
39 88 1 -1.44959 1
39 89 1 0.132617 1
39 90 1 3.20535 1
39 91 1 -0.564363 1
39 92 1 3.90158 1
39 93 1 1.628 1
39 94 1 -4.55055 1
39 95 1 -1.71058 1
39 2 1 -4.4692 1
39 112 1 3.66674 1
39 13 1 -1.35714 1
39 104 1 -0.241286 1
112 75 1 -2.34596 1
112 138 1 -1.44844 1
40 64 1 -5.20483 1
40 65 1 -1.45775 1
40 66 1 1.98294 1
40 67 1 -0.129697 1
40 68 1 1.98496 1
40 69 1 2.18521 1
40 70 1 -1.43941 1
40 71 1 0.0195147 1
40 72 1 3.05835 1
40 73 1 1.69945 1
40 74 1 -2.16953 1
40 75 1 0.561814 1
40 76 1 -1.80499 1
40 77 1 3.23294 1
40 78 1 1.94714 1
40 79 1 -1.079 1
40 80 1 -0.919093 1
40 81 1 0.291632 1
40 82 1 1.37253 1
40 83 1 -3.30393 1
40 84 1 -0.416022 1
40 85 1 1.73725 1
40 86 1 2.32742 1
40 87 1 1.97004 1
40 88 1 0.929251 1
40 89 1 -0.803531 1
40 90 1 -1.88531 1
40 91 1 -1.77124 1
40 92 1 -3.36564 1
40 93 1 1.79525 1
40 94 1 -0.0932581 1
40 95 1 1.64791 1
40 2 1 -0.344014 1
40 134 1 1.19178 1
41 64 1 5.1426 1
41 65 1 -0.831189 1
41 66 1 0.883743 1
41 67 1 0.6863 1
41 68 1 2.8821 1
41 69 1 -0.521076 1
41 70 1 1.00583 1
41 71 1 0.580039 1
41 72 1 3.60772 1
41 73 1 -4.46815 1
41 74 1 0.181465 1
41 75 1 2.52645 1
41 76 1 -2.99307 1
41 77 1 -0.739021 1
41 78 1 -2.33361 1
41 79 1 1.15084 1
41 80 1 1.53692 1
41 81 1 2.97108 1
41 82 1 -2.03527 1
41 83 1 1.76092 1
41 84 1 -2.90899 1
41 85 1 -0.123944 1
41 86 1 0.443152 1
41 87 1 1.36588 1
41 88 1 3.1296 1
41 89 1 -3.348 1
41 90 1 -2.20867 1
41 91 1 -0.609957 1
41 92 1 0.394036 1
41 93 1 -1.07991 1
41 94 1 -1.25884 1
41 95 1 -0.284347 1
41 11 1 3.09306 1
41 29 1 -1.55764 1
41 97 1 -2.1585 1
42 64 1 0.965636 1
42 65 1 0.63683 1
42 66 1 -0.198999 1
42 67 1 -0.630882 1
42 68 1 -2.01655 1
42 69 1 0.277786 1
42 70 1 -1.21133 1
42 71 1 -1.55315 1
42 72 1 -1.32216 1
42 73 1 -2.74133 1
42 74 1 3.14615 1
42 75 1 -1.36541 1
42 76 1 -2.02842 1
42 77 1 0.168427 1
42 78 1 -2.0277 1
42 79 1 1.24177 1
42 80 1 -1.07743 1
42 81 1 2.53458 1
42 82 1 2.97022 1
42 83 1 3.27931 1
42 84 1 1.69182 1
42 85 1 0.379661 1
42 86 1 1.29594 1
42 87 1 -2.58864 1
42 88 1 -1.11934 1
42 89 1 -0.933859 1
42 90 1 1.03809 1
42 91 1 2.46568 1
42 92 1 -1.59366 1
42 93 1 2.39463 1
42 94 1 -2.14482 1
42 95 1 2.43342 1
43 64 1 3.44835 1
43 65 1 -3.84041 1
43 66 1 2.92068 1
43 67 1 1.45942 1
43 68 1 0.159342 1
43 69 1 -2.09323 1
43 70 1 0.555413 1
43 71 1 -2.82097 1
43 72 1 -0.450995 1
43 73 1 -6.5741 1
43 74 1 2.43931 1
43 75 1 -2.58636 1
43 76 1 -0.82035 1
43 77 1 1.32295 1
43 78 1 0.456044 1
43 79 1 -2.66213 1
43 80 1 -0.618714 1
43 81 1 1.95064 1
43 82 1 2.19155 1
43 83 1 -1.11882 1
43 84 1 -0.680474 1
43 85 1 3.00417 1
43 86 1 0.940753 1
43 87 1 4.1569 1
43 88 1 0.443631 1
43 89 1 3.79119 1
43 90 1 -0.81247 1
43 91 1 -4.22854 1
43 92 1 4.11003 1
43 93 1 2.0763 1
43 94 1 -4.25665 1
43 95 1 1.73289 1
44 64 1 0.743585 1
44 65 1 -3.70932 1
44 66 1 0.798968 1
44 67 1 -3.55239 1
44 68 1 -0.799454 1
44 69 1 -1.11223 1
44 70 1 3.50244 1
44 71 1 2.17765 1
44 72 1 -2.34517 1
44 73 1 1.05095 1
44 74 1 -2.5748 1
44 75 1 -3.10845 1
44 76 1 0.0862724 1
44 77 1 2.54533 1
44 78 1 2.60337 1
44 79 1 0.911737 1
44 80 1 4.99527 1
44 81 1 -2.29417 1
44 82 1 -0.416408 1
44 83 1 -1.47998 1
44 84 1 -0.00890055 1
44 85 1 -0.530368 1
44 86 1 1.18475 1
44 87 1 1.93033 1
44 88 1 0.181487 1
44 89 1 1.42488 1
44 90 1 -0.2153 1
44 91 1 -0.0401324 1
44 92 1 -0.698139 1
44 93 1 3.05455 1
44 94 1 -2.46082 1
44 95 1 -0.729895 1
44 8 1 -0.599309 1
44 29 1 1.56104 1
45 64 1 -0.774902 1
45 65 1 2.70402 1
45 66 1 -0.617149 1
45 67 1 2.21124 1
45 68 1 -1.97026 1
45 69 1 -6.92261 1
45 70 1 -3.31302 1
45 71 1 0.278249 1
45 72 1 -5.90432 1
45 73 1 3.07167 1
45 74 1 3.18714 1
45 75 1 3.68294 1
45 76 1 -0.886454 1
45 77 1 0.491678 1
45 78 1 -2.65857 1
45 79 1 2.94989 1
45 80 1 -2.49407 1
45 81 1 0.590383 1
45 82 1 -0.880569 1
45 83 1 -3.34489 1
45 84 1 2.50158 1
45 85 1 -2.51824 1
45 86 1 2.09386 1
45 87 1 1.02487 1
45 88 1 0.203707 1
45 89 1 -4.71457 1
45 90 1 0.653599 1
45 91 1 4.55484 1
45 92 1 -3.10087 1
45 93 1 -6.24804 1
45 94 1 2.38283 1
45 95 1 -4.06303 1
45 9 1 4.53457 1
45 20 1 -1.00424 1
46 64 1 -0.82823 1
46 65 1 -1.16042 1
46 66 1 3.85764 1
46 67 1 2.82615 1
46 68 1 -5.61379 1
46 69 1 -1.75212 1
46 70 1 1.27873 1
46 71 1 -1.39859 1
46 72 1 2.42623 1
46 73 1 -3.03638 1
46 74 1 -0.878307 1
46 75 1 2.33049 1
46 76 1 -4.28822 1
46 77 1 2.27716 1
46 78 1 -1.61204 1
46 79 1 0.225526 1
46 80 1 4.07579 1
46 81 1 0.110284 1
46 82 1 0.950313 1
46 83 1 1.06083 1
46 84 1 -0.333972 1
46 85 1 2.30135 1
46 86 1 -0.891859 1
46 87 1 3.61412 1
46 88 1 -1.35011 1
46 89 1 -3.13279 1
46 90 1 -2.71158 1
46 91 1 0.366434 1
46 92 1 1.67612 1
46 93 1 -1.4898 1
46 94 1 -1.42493 1
46 95 1 -0.537518 1
46 24 1 1.81384 1
47 64 1 -0.372454 1
47 65 1 -1.20619 1
47 66 1 -2.87304 1
47 67 1 4.57697 1
47 68 1 -1.56506 1
47 69 1 2.80002 1
47 70 1 -2.5243 1
47 71 1 0.836486 1
47 72 1 0.967391 1
47 73 1 5.39378 0
47 74 1 -1.63276 1
47 75 1 -1.67401 1
47 76 1 -2.84211 1
47 77 1 -7.79198 1
47 78 1 -2.68823 1
47 79 1 1.59856 1
47 80 1 3.33 1
47 81 1 -6.37993 1
47 82 1 0.762949 1
47 83 1 -0.289234 1
47 84 1 -3.9237 1
47 85 1 0.104709 1
47 86 1 -3.77556 1
47 87 1 4.25751 1
47 88 1 1.51068 1
47 89 1 1.10537 1
47 90 1 6.24293 1
47 91 1 0.670162 1
47 92 1 -1.09509 1
47 93 1 0.568118 1
47 94 1 1.86466 1
47 95 1 -1.20611 1
47 4 1 0.10885 1
47 137 1 1.6209 1
137 73 1 3.31257 1
48 64 1 -0.62222 1
48 65 1 0.107118 1
48 66 1 -0.0533436 1
48 67 1 -1.433 1
48 68 1 -5.58117 1
48 69 1 -3.75162 1
48 70 1 -0.0387247 1
48 71 1 0.439171 1
48 72 1 -3.36759 1
48 73 1 3.66261 1
48 74 1 4.83072 1
48 75 1 -4.21408 1
48 76 1 1.38683 1
48 77 1 -2.87591 1
48 78 1 -0.350335 1
48 79 1 2.49873 1
48 80 1 -0.0690088 1
48 81 1 -3.25024 1
48 82 1 0.673008 1
48 83 1 0.531205 1
48 84 1 0.617717 1
48 85 1 1.18223 1
48 86 1 -1.22183 1
48 87 1 -1.21469 1
48 88 1 -1.66428 1
48 89 1 0.203294 1
48 90 1 2.63297 1
48 91 1 0.932892 1
48 92 1 -5.72989 1
48 93 1 0.117676 1
48 94 1 3.52474 1
48 95 1 2.62493 1
48 16 1 1.29949 1
48 12 1 0.808693 1
48 14 1 -2.32525 1
48 30 1 0.249751 1
49 64 1 0.640447 1
49 65 1 -2.61765 1
49 66 1 0.774315 1
49 67 1 -0.795013 1
49 68 1 -3.09938 1
49 69 1 0.292506 1
49 70 1 1.22272 1
49 71 1 -3.81318 1
49 72 1 -0.667587 1
49 73 1 0.406759 1
49 74 1 3.20194 1
49 75 1 2.49088 1
49 76 1 -6.7856 1
49 77 1 -3.84089 1
49 78 1 -1.00209 1
49 79 1 1.19857 1
49 80 1 4.51458 1
49 81 1 -4.40308 1
49 82 1 1.40669 1
49 83 1 -2.2184 1
49 84 1 3.32739 1
49 85 1 -2.6176 1
49 86 1 -0.774216 1
49 87 1 -0.781228 1
49 88 1 -0.608424 1
49 89 1 1.48022 1
49 90 1 -1.23883 1
49 91 1 1.35974 1
49 92 1 2.37984 1
49 93 1 -0.805978 1
49 94 1 0.595082 1
49 95 1 3.91376 1
49 19 1 -1.95867 1
49 31 1 -0.977006 1
49 15 1 -0.166223 1
50 64 1 -5.00883 1
50 65 1 -2.38291 1
50 66 1 1.59522 1
50 67 1 -1.27115 1
50 68 1 2.8731 1
50 69 1 -1.33136 1
50 70 1 0.233772 1
50 71 1 7.20629 1
50 72 1 -1.37569 1
50 73 1 5.10537 1
50 74 1 -3.15914 1
50 75 1 2.01358 1
50 76 1 -0.718465 1
50 77 1 0.302018 1
50 78 1 2.91361 1
50 79 1 -2.10007 1
50 80 1 1.82982 1
50 81 1 1.11534 1
50 82 1 -0.757225 1
50 83 1 3.33527 1
50 84 1 -1.86882 1
50 85 1 1.09797 1
50 86 1 2.89786 1
50 87 1 -3.15266 1
50 88 1 -3.07604 1
50 89 1 0.53274 1
50 90 1 -0.0414487 1
50 91 1 0.381836 1
50 92 1 -0.0693093 1
50 93 1 0.155742 1
50 94 1 -3.34744 1
50 95 1 1.53822 1
50 4 1 5.92844 1
50 22 1 -0.943458 1
51 64 1 -1.29676 1
51 65 1 2.75027 1
51 66 1 2.84521 1
51 67 1 -1.1025 1
51 68 1 -0.629009 1
51 69 1 -1.8648 1
51 70 1 2.29709 1
51 71 1 3.37641 1
51 72 1 -4.68578 1
51 73 1 -2.97691 0
51 74 1 -2.12793 1
51 75 1 5.01243 1
51 76 1 -2.02714 1
51 77 1 2.68431 1
51 78 1 4.72362 1
51 79 1 0.98528 1
51 80 1 0.945481 1
51 81 1 -3.02596 1
51 82 1 -0.0929728 1
51 83 1 3.49962 1
51 84 1 -3.51553 1
51 85 1 -2.60543 1
51 86 1 -0.232904 1
51 87 1 1.18646 1
51 88 1 1.26076 1
51 89 1 0.32068 1
51 90 1 2.0246 1
51 91 1 -0.0918221 1
51 92 1 2.62078 1
51 93 1 4.94437 1
51 94 1 -5.01052 1
51 95 1 -2.50301 1
51 116 1 0.43335 1
51 12 1 -0.94034 1
116 73 1 -0.397578 0
116 134 1 1.42484 1
134 73 1 2.47212 1
52 64 1 -2.50218 1
52 65 1 4.06285 1
52 66 1 1.47183 1
52 67 1 0.478032 1
52 68 1 1.32534 1
52 69 1 5.9823 1
52 70 1 2.4345 1
52 71 1 -1.70506 1
52 72 1 -1.35415 1
52 73 1 3.8852 1
52 74 1 3.23846 1
52 75 1 1.66717 1
52 76 1 -3.38777 1
52 77 1 0.724783 1
52 78 1 2.27558 1
52 79 1 0.787797 1
52 80 1 -0.125993 1
52 81 1 0.0437364 1
52 82 1 -2.10611 1
52 83 1 -2.80808 1
52 84 1 1.10244 1
52 85 1 -1.50761 1
52 86 1 -3.53306 1
52 87 1 -0.146297 1
52 88 1 2.17451 1
52 89 1 -1.5567 1
52 90 1 -0.525041 1
52 91 1 -1.30656 1
52 92 1 0.615098 1
52 93 1 -2.15654 0
52 94 1 1.66972 1
52 95 1 -0.615839 1
52 115 1 -0.305347 1
52 139 1 -0.368706 1
139 93 1 -1.27283 1
53 64 1 -2.01779 1
53 65 1 0.803348 1
53 66 1 -0.452429 1
53 67 1 -1.11628 1
53 68 1 2.53601 1
53 69 1 0.669921 1
53 70 1 -0.64472 0
53 71 1 -0.239985 1
53 72 1 -1.09653 1
53 73 1 -0.0410062 1
53 74 1 -1.89583 1
53 75 1 -2.24514 1
53 76 1 -0.0233521 1
53 77 1 2.04262 1
53 78 1 0.0970274 1
53 79 1 -0.813418 1
53 80 1 1.06017 1
53 81 1 1.28387 1
53 82 1 1.52624 1
53 83 1 0.491749 1
53 84 1 0.931491 1
53 85 1 1.51832 1
53 86 1 2.14159 1
53 87 1 0.336917 1
53 88 1 -0.268319 1
53 89 1 -0.168193 1
53 90 1 -2.89132 1
53 91 1 0.423725 1
53 92 1 2.39398 1
53 93 1 0.10596 1
53 94 1 0.0193726 1
53 95 1 -3.1037 1
53 20 1 4.36973 1
53 23 1 0.582091 1
53 149 1 0.80919 1
149 70 1 -2.05492 0
149 153 1 1.0787 1
153 70 1 -1.67633 1
54 64 1 1.56296 1
54 65 1 -0.521728 1
54 66 1 -2.49857 1
54 67 1 0.725111 1
54 68 1 2.64966 1
54 69 1 -3.48639 1
54 70 1 0.605425 1
54 71 1 3.85795 1
54 72 1 0.467854 1
54 73 1 1.37695 1
54 74 1 -0.472595 1
54 75 1 -2.86781 1
54 76 1 -1.78292 1
54 77 1 2.91416 1
54 78 1 0.529036 1
54 79 1 1.19696 1
54 80 1 -0.15941 1
54 81 1 3.40021 1
54 82 1 -2.51318 1
54 83 1 6.2543 1
54 84 1 1.90542 1
54 85 1 -0.279093 1
54 86 1 -3.78946 1
54 87 1 -1.79632 1
54 88 1 2.12279 1
54 89 1 3.85551 1
54 90 1 -2.27303 1
54 91 1 3.11446 1
54 92 1 -1.3461 1
54 93 1 0.996737 1
54 94 1 -3.89165 1
54 95 1 -3.12678 1
54 30 1 -0.532685 1
54 144 1 0.403507 1
55 64 1 0.0430397 1
55 65 1 -2.89721 1
55 66 1 -2.67891 1
55 67 1 -1.5835 1
55 68 1 -2.37986 1
55 69 1 2.91966 1
55 70 1 2.92471 1
55 71 1 -5.04912 1
55 72 1 2.00212 1
55 73 1 0.905728 1
55 74 1 2.15409 1
55 75 1 -2.41561 1
55 76 1 -4.32011 1
55 77 1 2.86665 1
55 78 1 0.778654 1
55 79 1 1.55925 1
55 80 1 -1.64836 1
55 81 1 1.97495 1
55 82 1 -0.774667 1
55 83 1 -0.532207 1
55 84 1 -0.378695 1
55 85 1 -6.02495 1
55 86 1 1.21172 1
55 87 1 1.26852 1
55 88 1 -3.41335 1
55 89 1 -1.71292 1
55 90 1 1.33343 1
55 91 1 1.53556 1
55 92 1 5.98599 1
55 93 1 -4.3842 1
55 94 1 -3.77944 1
55 95 1 -1.11255 0
55 28 1 4.46869 1
55 114 1 0.780652 1
55 0 1 -1.19487 1
114 95 1 -1.34605 1
56 64 1 3.38213 1
56 65 1 -4.48685 1
56 66 1 1.03021 1
56 67 1 -1.92631 1
56 68 1 -0.57014 0
56 69 1 -0.898465 1
56 70 1 -0.189599 1
56 71 1 1.68679 1
56 72 1 -0.141292 1
56 73 1 -1.59054 1
56 74 1 3.89786 1
56 75 1 4.23846 1
56 76 1 -3.81056 1
56 77 1 -0.768445 1
56 78 1 -1.80981 1
56 79 1 0.109168 1
56 80 1 -1.57118 1
56 81 1 4.27383 1
56 82 1 2.41952 1
56 83 1 -1.99903 1
56 84 1 -0.777792 1
56 85 1 -0.794206 1
56 86 1 2.57572 1
56 87 1 -0.718464 1
56 88 1 -0.32101 1
56 89 1 -1.81993 1
56 90 1 -0.59143 1
56 91 1 -1.47875 1
56 92 1 1.6284 1
56 93 1 4.47623 1
56 94 1 -2.40106 1
56 95 1 -1.16054 1
56 3 1 -2.7528 1
56 126 1 4.05412 1
126 68 1 1.48607 1
126 11 1 -2.62358 1
57 64 1 -4.04818 1
57 65 1 3.56594 1
57 66 1 -2.26877 1
57 67 1 -2.25835 1
57 68 1 2.86981 1
57 69 1 -0.507001 0
57 70 1 0.542717 1
57 71 1 2.16032 1
57 72 1 1.62051 1
57 73 1 -1.56115 1
57 74 1 2.13429 1
57 75 1 3.20307 1
57 76 1 2.50373 1
57 77 1 -5.01062 1
57 78 1 -0.282446 1
57 79 1 -2.90521 1
57 80 1 0.777079 1
57 81 1 3.72428 1
57 82 1 3.86448 1
57 83 1 -2.93151 1
57 84 1 -0.917852 1
57 85 1 -1.93476 1
57 86 1 -0.720587 1
57 87 1 1.30731 1
57 88 1 -0.151284 1
57 89 1 0.432208 1
57 90 1 0.99446 1
57 91 1 -2.24591 1
57 92 1 -2.72041 1
57 93 1 -0.450836 1
57 94 1 -1.78021 1
57 95 1 3.05929 1
57 104 1 3.8519 1
57 22 1 1.13086 1
104 69 1 2.13933 1
104 1 1 0.164141 1
104 107 1 0.319202 1
58 64 1 3.69501 1
58 65 1 -1.45351 1
58 66 1 -1.97765 1
58 67 1 -0.752536 1
58 68 1 -1.42665 1
58 69 1 -0.428989 1
58 70 1 -1.14185 1
58 71 1 1.28183 1
58 72 1 -0.394912 1
58 73 1 -2.00642 1
58 74 1 2.39712 1
58 75 1 3.22785 1
58 76 1 3.31986 1
58 77 1 1.88529 1
58 78 1 -1.9769 1
58 79 1 0.329191 0
58 80 1 -3.60625 1
58 81 1 4.39366 1
58 82 1 0.37883 1
58 83 1 0.54881 1
58 84 1 -1.95907 1
58 85 1 1.00311 1
58 86 1 1.45931 1
58 87 1 -2.42058 1
58 88 1 -2.37417 1
58 89 1 -1.53671 1
58 90 1 -1.76857 1
58 91 1 -2.99781 1
58 92 1 0.64107 1
58 93 1 1.83385 1
58 94 1 -1.47826 1
58 95 1 1.69295 1
58 128 1 1.98739 1
128 79 1 1.04153 0
128 131 1 -0.101583 1
131 79 1 1.10974 1
59 64 1 -1.59499 1
59 65 1 1.66476 1
59 66 1 1.97703 1
59 67 1 -1.88962 1
59 68 1 1.68006 1
59 69 1 -1.45904 1
59 70 1 -1.4819 1
59 71 1 1.55653 1
59 72 1 0.111985 1
59 73 1 0.182378 1
59 74 1 0.829798 1
59 75 1 -1.28888 1
59 76 1 2.38616 1
59 77 1 1.02504 0
59 78 1 1.6753 1
59 79 1 -2.26518 1
59 80 1 -0.931372 1
59 81 1 1.11933 1
59 82 1 -5.19745 1
59 83 1 3.82855 1
59 84 1 0.374323 1
59 85 1 -2.78839 1
59 86 1 -3.47095 1
59 87 1 0.861414 1
59 88 1 4.07853 1
59 89 1 -0.941571 1
59 90 1 1.0044 1
59 91 1 -2.3636 1
59 92 1 2.27558 1
59 93 1 3.18821 1
59 94 1 -5.73141 1
59 95 1 2.12101 1
59 97 1 0.930442 1
59 5 1 -2.969 1
59 11 1 -1.9234 1
59 13 1 0.704961 1
97 77 1 -7.08537 1
97 22 1 -1.88533 1
97 2 1 -5.92553 0
97 99 1 2.76872 1
97 7 1 3.25631 0
97 102 1 2.04719 1
97 17 1 2.62535 1
102 7 1 4.29221 1
99 2 1 1.32806 0
99 108 1 4.60814 1
99 15 1 -0.0823371 1
108 2 1 -0.689765 0
108 125 1 4.58578 1
125 2 1 -0.0636823 1
60 64 1 3.47105 1
60 65 1 0.805745 1
60 66 1 1.29366 1
60 67 1 -0.796528 1
60 68 1 0.930933 1
60 69 1 1.67742 1
60 70 1 -2.79323 1
60 71 1 0.8909 1
60 72 1 0.350982 0
60 73 1 0.532732 1
60 74 1 1.64664 1
60 75 1 -0.442512 1
60 76 1 -0.997721 1
60 77 1 4.78081 1
60 78 1 -2.41035 1
60 79 1 0.437605 1
60 80 1 -5.31652 1
60 81 1 -1.72878 1
60 82 1 -1.19006 1
60 83 1 0.490707 1
60 84 1 -3.72314 1
60 85 1 3.78727 1
60 86 1 1.94845 1
60 87 1 0.0400386 1
60 88 1 -5.12627 1
60 89 1 0.0511866 1
60 90 1 -1.93875 1
60 91 1 0.395803 1
60 92 1 -1.15408 1
60 93 1 2.14471 1
60 94 1 -1.20338 1
60 95 1 0.950519 1
60 24 1 -2.09527 1
60 0 1 3.34834 1
60 115 1 2.86584 1
60 3 1 -0.797174 1
115 72 1 -1.55287 1
115 18 1 0.399121 1
115 14 1 0.57813 1
61 64 1 -0.0163916 1
61 65 1 -0.192527 1
61 66 1 2.35064 1
61 67 1 0.589771 1
61 68 1 -3.09379 1
61 69 1 3.49314 1
61 70 1 1.19093 1
61 71 1 -1.00372 1
61 72 1 -0.764986 1
61 73 1 1.44184 1
61 74 1 3.08828 1
61 75 1 3.96911 1
61 76 1 1.08676 1
61 77 1 -0.823568 0
61 78 1 -0.868005 1
61 79 1 -0.330217 1
61 80 1 -0.505747 1
61 81 1 -0.644582 1
61 82 1 -0.290204 1
61 83 1 0.0894335 1
61 84 1 -2.18507 1
61 85 1 -1.16741 1
61 86 1 -0.168874 1
61 87 1 1.93693 1
61 88 1 -0.0108089 1
61 89 1 1.28745 1
61 90 1 -1.68652 1
61 91 1 1.56688 1
61 92 1 -0.737097 1
61 93 1 -0.763911 1
61 94 1 1.04541 1
61 95 1 -1.29966 1
61 107 1 0.233826 1
61 113 1 -2.20537 1
61 14 1 -2.97017 1
107 77 1 -5.72535 0
107 113 1 0.19546 1
107 14 1 -1.05983 1
107 20 1 0.252192 1
113 77 1 -2.57851 1
113 23 1 -1.90322 1
113 147 1 0.845991 1
62 64 1 0.249748 1
62 65 1 -1.92544 1
62 66 1 2.6268 1
62 67 1 -1.07996 1
62 68 1 1.66961 1
62 69 1 -1.5227 1
62 70 1 1.68781 1
62 71 1 -2.10857 1
62 72 1 1.17736 1
62 73 1 1.80586 1
62 74 1 3.54749 1
62 75 1 -0.767406 1
62 76 1 3.38106 1
62 77 1 -4.17465 1
62 78 1 -0.988254 1
62 79 1 -2.12897 1
62 80 1 -1.43145 1
62 81 1 -0.0736945 1
62 82 1 -1.52166 1
62 83 1 1.7309 1
62 84 1 -1.77119 0
62 85 1 0.199199 1
62 86 1 4.64383 1
62 87 1 -1.61952 1
62 88 1 -0.295846 1
62 89 1 -2.62085 1
62 90 1 -6.50043 1
62 91 1 0.829703 1
62 92 1 -0.43368 1
62 93 1 -1.77982 1
62 94 1 1.28872 1
62 95 1 -1.07129 1
62 5 1 0.911869 1
62 138 1 2.20949 0
62 152 1 0.695685 1
152 138 1 1.96718 1
138 84 1 0.812406 1
63 64 1 2.23133 1
63 65 1 -1.21459 1
63 66 1 2.79363 1
63 67 1 0.393121 1
63 68 1 -0.519043 1
63 69 1 -4.37137 1
63 70 1 -0.984019 1
63 71 1 1.71029 1
63 72 1 -0.802667 1
63 73 1 0.668974 1
63 74 1 -6.94925 1
63 75 1 1.63121 1
63 76 1 -2.59876 0
63 77 1 0.851436 1
63 78 1 0.154348 1
63 79 1 0.0122875 1
63 80 1 0.447267 1
63 81 1 -0.693825 1
63 82 1 2.08387 1
63 83 1 -3.53345 1
63 84 1 -2.22707 1
63 85 1 -2.88838 1
63 86 1 4.79496 1
63 87 1 -2.56729 0
63 88 1 -0.343966 1
63 89 1 -2.67646 1
63 90 1 2.18466 1
63 91 1 -1.03947 1
63 92 1 0.890891 1
63 93 1 2.31471 1
63 94 1 -2.40869 1
63 95 1 -0.10159 1
63 141 1 2.39799 1
63 144 1 0.459887 1
144 76 1 -1.37102 0
144 147 1 1.29627 1
147 76 1 -2.17749 1
141 87 1 -7.44818 1
141 10 1 -1.00027 1
