107 64 32
-1.53212 -1.16167 -2.08044 0.799039 -2.17476 1.50242 -1.18922 -1.41908 -0.662395 1.65588 2.08804 -0.902764 -1.50409 -1.95061 -0.68119 -2.29041 -0.782798 -0.408994 -1.59013 0.254911 -2.15043 -2.03227 -0.862995 0.238823 1.24039 0.65027 1.12114 0.500576 -1.68191 0.585233 -2.23036 0.451142 0.388861 2.67779 -0.528037 0.525642 0.373625 -0.330937 0.0996263 -1.41259 -0.605555 -0.663355 -0.636741 -0.729327 -1.80315 0.113149 -0.138063 1.23486 0.530895 -0.461928 1.57428 -2.86039 -1.00474 -0.837359 2.39816 0.413518 -0.487544 1.44038 -0.762774 -0.405548 -0.296165 0.386506 0.265261 -1.31551 -1.63011 1.83137 1.05657 0.60516 -1.5662 -1.31393 -2.07857 -2.10999 -0.204549 -0.241651 -0.148057 0.480611 -1.09446 0.627448 -0.659287 -2.79677 1.40546 -0.501894 1.46333 0.469096 0.883997 0.0325514 -0.316322 0.813375 0.97338 -2.18813 -1.43828 0.0174296 -1.00588 1.1581 -0.54307 -0.837304 -0.4475 -0.039296 -0.862113 0.487545 1.02053 -0.0856147 -1.01905 -0.933326 -0.298649 -0.0617034 -0.0107111 
0 64 1 -2.00277 1
0 65 1 -1.6906 1
0 66 1 0.25032 1
0 67 1 -1.37506 1
0 68 1 2.92244 1
0 69 1 0.525334 1
0 70 1 -0.971262 1
0 71 1 -0.362891 1
0 72 1 -1.83821 1
0 73 1 1.51541 1
0 74 1 0.302785 1
0 75 1 0.761945 1
0 76 1 -0.791956 1
0 77 1 1.66117 1
0 78 1 0.423704 1
0 79 1 2.64816 1
0 80 1 -0.488689 1
0 81 1 0.486277 1
0 82 1 -0.168206 1
0 83 1 -0.784519 1
0 84 1 -1.09573 1
0 85 1 0.300377 1
0 86 1 -1.20283 1
0 87 1 -0.401901 1
0 88 1 0.569915 1
0 89 1 1.69057 1
0 90 1 0.703487 1
0 91 1 0.258812 1
0 92 1 -1.42095 1
0 93 1 1.04246 1
0 94 1 1.16103 1
0 95 1 1.9818 1
1 64 1 -0.211164 1
1 65 1 -0.0417758 1
1 66 1 0.0582101 1
1 67 1 0.117403 1
1 68 1 1.12463 1
1 69 1 2.2376 1
1 70 1 1.56962 1
1 71 1 -1.37944 1
1 72 1 0.46926 1
1 73 1 -0.055683 1
1 74 1 -0.0107405 1
1 75 1 -1.32166 1
1 76 1 0.400984 1
1 77 1 3.49312 1
1 78 1 -1.41969 1
1 79 1 -1.316 1
1 80 1 -1.89133 1
1 81 1 -0.295781 1
1 82 1 1.05007 1
1 83 1 -1.98386 1
1 84 1 -0.0203606 1
1 85 1 -0.118867 1
1 86 1 0.461918 1
1 87 1 -0.411595 1
1 88 1 -1.26145 1
1 89 1 1.30097 1
1 90 1 1.05751 1
1 91 1 0.235709 1
1 92 1 -0.998824 1
1 93 1 1.15439 1
1 94 1 -1.33201 1
1 95 1 -1.29287 1
2 64 1 0.506689 1
2 65 1 0.77422 1
2 66 1 -0.856424 1
2 67 1 -0.254505 1
2 68 1 -1.05378 1
2 69 1 0.690367 1
2 70 1 0.766732 1
2 71 1 0.317775 1
2 72 1 -0.515658 1
2 73 1 -1.28822 1
2 74 1 -0.296735 1
2 75 1 -0.584694 1
2 76 1 -2.77164 1
2 77 1 -0.38307 1
2 78 1 -1.10334 1
2 79 1 -1.31415 1
2 80 1 0.0188908 1
2 81 1 -2.88905 1
2 82 1 -0.513098 1
2 83 1 -0.960895 1
2 84 1 1.31467 1
2 85 1 0.974107 1
2 86 1 -2.23782 1
2 87 1 -0.0177671 1
2 88 1 -0.954169 1
2 89 1 -3.42696 1
2 90 1 -1.52574 1
2 91 1 -1.32841 1
2 92 1 1.23226 1
2 93 1 0.558566 1
2 94 1 0.752642 1
2 95 1 0.427197 1
3 64 1 -0.437358 1
3 65 1 -0.85017 1
3 66 1 -1.88996 1
3 67 1 -0.65299 1
3 68 1 2.3979 1
3 69 1 -0.942685 1
3 70 1 2.13165 1
3 71 1 1.49978 1
3 72 1 3.05681 1
3 73 1 1.10122 1
3 74 1 0.769933 1
3 75 1 0.65728 1
3 76 1 3.14601 1
3 77 1 -1.40384 1
3 78 1 -1.37064 1
3 79 1 -1.05363 1
3 80 1 0.191719 1
3 81 1 2.09101 1
3 82 1 2.71511 1
3 83 1 -0.753979 1
3 84 1 -0.973657 1
3 85 1 -0.540484 1
3 86 1 0.93854 1
3 87 1 -0.155503 1
3 88 1 1.67405 1
3 89 1 -0.412663 1
3 90 1 -0.847066 1
3 91 1 -0.861721 1
3 92 1 -1.1053 1
3 93 1 -0.67255 1
3 94 1 -0.252 1
3 95 1 1.04398 1
4 64 1 0.21081 1
4 65 1 -0.0720432 1
4 66 1 -0.491481 1
4 67 1 1.03274 1
4 68 1 0.308301 1
4 69 1 -0.420864 1
4 70 1 0.206966 1
4 71 1 0.787764 1
4 72 1 -0.324731 1
4 73 1 0.392235 1
4 74 1 0.0410253 1
4 75 1 -1.48393 0
4 76 1 1.21453 1
4 77 1 1.77534 1
4 78 1 0.228435 1
4 79 1 -1.11019 1
4 80 1 -2.47078 1
4 81 1 -1.64122 1
4 82 1 -1.11016 1
4 83 1 1.70145 1
4 84 1 0.700507 1
4 85 1 2.29185 1
4 86 1 -1.55115 1
4 87 1 -2.65269 1
4 88 1 1.68983 1
4 89 1 -0.729474 1
4 90 1 1.0049 1
4 91 1 -1.94513 1
4 92 1 -0.778163 1
4 93 1 1.1193 1
4 94 1 0.388071 1
4 95 1 0.622679 1
4 101 1 1.23834 1
101 75 1 -0.447484 1
5 64 1 0.35276 1
5 65 1 0.898291 1
5 66 1 -0.575863 1
5 67 1 1.54159 1
5 68 1 -0.343111 1
5 69 1 1.00531 1
5 70 1 -1.45855 1
5 71 1 -0.000290452 1
5 72 1 -0.29321 1
5 73 1 -1.45206 1
5 74 1 1.04209 1
5 75 1 0.60208 1
5 76 1 0.961148 1
5 77 1 0.481856 1
5 78 1 -1.95367 1
5 79 1 2.42069 1
5 80 1 1.93045 1
5 81 1 -0.680566 1
5 82 1 1.44945 1
5 83 1 1.42635 1
5 84 1 1.62351 1
5 85 1 0.411504 1
5 86 1 -1.53237 1
5 87 1 -0.287792 1
5 88 1 -0.787151 1
5 89 1 0.378524 1
5 90 1 -0.667718 1
5 91 1 0.0204784 1
5 92 1 -1.60767 1
5 93 1 -0.447059 1
5 94 1 -0.840758 1
5 95 1 -1.04023 1
6 64 1 0.114533 1
6 65 1 -1.53608 1
6 66 1 1.32329 1
6 67 1 0.372799 1
6 68 1 -3.14742 1
6 69 1 -0.781482 1
6 70 1 -2.28071 1
6 71 1 -0.63822 1
6 72 1 0.143684 1
6 73 1 -0.436745 1
6 74 1 -1.17285 1
6 75 1 -0.404057 1
6 76 1 3.48195 1
6 77 1 -0.970647 1
6 78 1 0.299141 1
6 79 1 -1.30687 1
6 80 1 0.937558 1
6 81 1 0.757021 1
6 82 1 -0.247006 1
6 83 1 0.763112 1
6 84 1 1.29745 1
6 85 1 -0.380393 1
6 86 1 -0.129985 1
6 87 1 0.611748 1
6 88 1 -0.13152 1
6 89 1 -2.21328 1
6 90 1 1.1904 1
6 91 1 -0.959342 1
6 92 1 1.80358 1
6 93 1 0.941532 1
6 94 1 -1.13209 1
6 95 1 1.82793 1
7 64 1 0.240719 1
7 65 1 -1.27779 1
7 66 1 -1.24186 1
7 67 1 -0.874567 1
7 68 1 -1.32611 1
7 69 1 -2.18132 1
7 70 1 1.93256 1
7 71 1 -0.285837 1
7 72 1 2.35757 1
7 73 1 0.361484 1
7 74 1 -0.163668 1
7 75 1 -0.799491 1
7 76 1 1.99903 1
7 77 1 1.0031 1
7 78 1 -0.0921216 1
7 79 1 -0.0502024 1
7 80 1 -0.923035 1
7 81 1 -1.88938 1
7 82 1 -1.90327 1
7 83 1 -0.23 0
7 84 1 -0.621279 1
7 85 1 -0.221079 1
7 86 1 2.05033 1
7 87 1 -1.32589 1
7 88 1 -0.82204 1
7 89 1 0.0138487 1
7 90 1 0.579821 1
7 91 1 -1.7655 1
7 92 1 0.0935936 1
7 93 1 -0.506343 1
7 94 1 1.2535 1
7 95 1 1.87673 1
7 100 1 0.0531314 1
100 83 1 -0.500898 1
100 24 1 -0.913678 0
100 106 1 1.29204 1
106 24 1 -0.524073 1
8 64 1 3.66538 1
8 65 1 -1.68427 1
8 66 1 0.0889229 1
8 67 1 -0.332693 1
8 68 1 -1.07019 1
8 69 1 1.14256 1
8 70 1 0.00757827 1
8 71 1 -0.0862506 1
8 72 1 0.127113 1
8 73 1 1.96161 1
8 74 1 -0.36915 1
8 75 1 -2.13258 1
8 76 1 -1.19666 1
8 77 1 1.15413 1
8 78 1 -0.264334 1
8 79 1 -0.0939388 1
8 80 1 -0.738586 1
8 81 1 0.549681 1
8 82 1 -0.0840017 1
8 83 1 -1.8236 1
8 84 1 0.558702 1
8 85 1 2.68103 1
8 86 1 4.00338 1
8 87 1 -0.0892879 1
8 88 1 -0.883891 1
8 89 1 3.32827 1
8 90 1 -0.636201 1
8 91 1 -1.1618 1
8 92 1 1.92834 1
8 93 1 2.24023 1
8 94 1 1.43867 1
8 95 1 -0.846571 1
9 64 1 1.25713 1
9 65 1 -0.972357 1
9 66 1 0.0356435 1
9 67 1 0.397553 1
9 68 1 -1.00017 1
9 69 1 -1.59921 1
9 70 1 -1.92983 1
9 71 1 -1.04629 1
9 72 1 0.804733 1
9 73 1 -0.783169 1
9 74 1 1.13209 1
9 75 1 -1.55364 1
9 76 1 0.931018 1
9 77 1 -0.511094 1
9 78 1 0.300668 1
9 79 1 0.885991 1
9 80 1 -0.166099 1
9 81 1 0.318482 1
9 82 1 -0.884115 1
9 83 1 -0.585523 1
9 84 1 2.76766 1
9 85 1 2.16968 1
9 86 1 -2.77907 1
9 87 1 0.344993 1
9 88 1 -1.91507 1
9 89 1 2.68891 1
9 90 1 0.18057 1
9 91 1 -0.278544 1
9 92 1 -0.426743 1
9 93 1 -0.192054 1
9 94 1 -2.46504 1
9 95 1 -1.33779 1
10 64 1 -0.109765 1
10 65 1 1.02856 1
10 66 1 1.21925 1
10 67 1 -0.433508 1
10 68 1 1.55688 1
10 69 1 0.484642 1
10 70 1 0.752615 1
10 71 1 -1.08648 1
10 72 1 0.0930512 1
10 73 1 1.25076 1
10 74 1 0.250471 1
10 75 1 0.890094 1
10 76 1 -0.639952 1
10 77 1 0.606654 1
10 78 1 -3.13272 1
10 79 1 -0.580961 1
10 80 1 0.611067 1
10 81 1 0.161161 1
10 82 1 0.0857578 1
10 83 1 1.03443 1
10 84 1 0.92541 1
10 85 1 1.43591 1
10 86 1 0.494068 1
10 87 1 0.657512 1
10 88 1 1.12293 1
10 89 1 0.426437 1
10 90 1 -1.32887 1
10 91 1 1.13801 1
10 92 1 3.21145 1
10 93 1 0.683326 1
10 94 1 2.92379 1
10 95 1 1.12666 1
11 64 1 1.10433 1
11 65 1 1.13749 1
11 66 1 -0.359899 1
11 67 1 -2.11608 1
11 68 1 1.37226 1
11 69 1 -0.644519 1
11 70 1 0.208735 1
11 71 1 0.0249591 1
11 72 1 0.868772 1
11 73 1 -0.111704 1
11 74 1 -1.53915 1
11 75 1 0.317404 1
11 76 1 -0.840262 1
11 77 1 2.03956 1
11 78 1 -1.34746 1
11 79 1 -1.18842 1
11 80 1 1.24548 1
11 81 1 -0.151075 1
11 82 1 0.362705 1
11 83 1 1.03075 1
11 84 1 2.77383 1
11 85 1 -1.64054 1
11 86 1 -1.21387 1
11 87 1 -0.808049 1
11 88 1 -1.38368 1
11 89 1 -1.36924 1
11 90 1 -0.443675 1
11 91 1 -0.860733 1
11 92 1 -0.651169 1
11 93 1 1.75589 1
11 94 1 0.450259 1
11 95 1 -1.21694 1
12 64 1 -1.28297 1
12 65 1 1.72696 1
12 66 1 -0.487792 1
12 67 1 -0.778861 1
12 68 1 0.719728 1
12 69 1 0.942049 1
12 70 1 0.0316346 1
12 71 1 -0.00116085 1
12 72 1 -0.568893 1
12 73 1 0.600285 1
12 74 1 1.1511 1
12 75 1 -0.454354 1
12 76 1 1.37839 1
12 77 1 0.680359 1
12 78 1 -0.395726 1
12 79 1 -1.41204 1
12 80 1 -0.0933025 1
12 81 1 -0.279575 1
12 82 1 -0.830817 1
12 83 1 1.58214 1
12 84 1 -1.03419 1
12 85 1 -0.790143 1
12 86 1 0.837444 1
12 87 1 1.0031 1
12 88 1 0.10317 1
12 89 1 -0.301807 1
12 90 1 1.34164 1
12 91 1 -0.859397 1
12 92 1 0.202953 1
12 93 1 -2.65214 1
12 94 1 -2.52656 1
12 95 1 0.66699 1
13 64 1 -0.833719 1
13 65 1 -1.21784 1
13 66 1 0.407175 1
13 67 1 -0.626261 1
13 68 1 1.32408 1
13 69 1 -1.03328 1
13 70 1 1.32936 1
13 71 1 3.13819 1
13 72 1 -0.225154 1
13 73 1 -2.36428 1
13 74 1 0.0155903 1
13 75 1 0.531985 1
13 76 1 -0.0256315 1
13 77 1 -0.373942 1
13 78 1 -0.936932 1
13 79 1 -1.32005 1
13 80 1 -0.846656 1
13 81 1 -0.345432 1
13 82 1 0.212903 1
13 83 1 -1.33948 1
13 84 1 -1.41925 1
13 85 1 -0.88728 1
13 86 1 3.62431 1
13 87 1 2.19717 1
13 88 1 0.777368 1
13 89 1 0.655458 1
13 90 1 -3.13215 1
13 91 1 -0.589758 1
13 92 1 -1.07086 1
13 93 1 -1.33386 1
13 94 1 0.19546 1
13 95 1 -0.958536 1
14 64 1 -3.14889 1
14 65 1 -0.0771763 1
14 66 1 -1.34729 1
14 67 1 -1.59859 1
14 68 1 -0.910233 1
14 69 1 2.55819 1
14 70 1 -0.0948181 1
14 71 1 2.1211 1
14 72 1 -0.342495 1
14 73 1 -1.7354 1
14 74 1 2.27708 1
14 75 1 0.9922 1
14 76 1 -0.712171 1
14 77 1 0.0137593 1
14 78 1 -1.23583 1
14 79 1 0.879591 1
14 80 1 1.47554 1
14 81 1 0.647575 1
14 82 1 1.75619 1
14 83 1 -2.71898 1
14 84 1 0.800521 1
14 85 1 -0.708816 1
14 86 1 1.67402 1
14 87 1 0.127045 1
14 88 1 -1.38867 1
14 89 1 -1.43911 1
14 90 1 1.47303 1
14 91 1 2.75222 1
14 92 1 0.284011 1
14 93 1 1.06288 1
14 94 1 3.07767 1
14 95 1 -0.295008 1
15 64 1 -0.049815 1
15 65 1 -0.601467 1
15 66 1 -1.12277 1
15 67 1 0.733122 1
15 68 1 0.88412 1
15 69 1 0.901455 1
15 70 1 2.23991 1
15 71 1 -0.347794 1
15 72 1 -2.4823 1
15 73 1 1.2678 1
15 74 1 -0.864549 1
15 75 1 -1.30572 1
15 76 1 0.15158 1
15 77 1 1.45135 1
15 78 1 -1.49701 1
15 79 1 -0.909114 1
15 80 1 0.792252 1
15 81 1 1.12544 1
15 82 1 -0.915878 1
15 83 1 0.455574 1
15 84 1 0.52087 1
15 85 1 -0.262252 1
15 86 1 1.40881 1
15 87 1 -0.713701 1
15 88 1 1.14537 1
15 89 1 0.618093 1
15 90 1 0.0591597 1
15 91 1 -0.570505 1
15 92 1 -0.315771 1
15 93 1 0.171863 1
15 94 1 2.67745 1
15 95 1 0.628331 1
16 64 1 0.5773 1
16 65 1 -2.48247 1
16 66 1 -2.63638 1
16 67 1 -2.17316 1
16 68 1 1.4378 1
16 69 1 -0.232991 1
16 70 1 0.640823 1
16 71 1 0.3586 1
16 72 1 -1.17813 1
16 73 1 -1.24318 1
16 74 1 0.171334 1
16 75 1 -0.894174 1
16 76 1 -1.4919 1
16 77 1 0.853339 1
16 78 1 -0.85776 1
16 79 1 -0.632755 1
16 80 1 -2.82722 1
16 81 1 2.35783 1
16 82 1 -0.72207 1
16 83 1 1.43331 1
16 84 1 0.983271 1
16 85 1 0.553151 1
16 86 1 -1.56824 1
16 87 1 -0.350765 1
16 88 1 1.46781 1
16 89 1 1.01802 1
16 90 1 -1.54914 1
16 91 1 0.77968 1
16 92 1 0.638683 1
16 93 1 -0.0327767 1
16 94 1 1.05931 1
16 95 1 -1.44947 1
17 64 1 -2.81144 1
17 65 1 -0.962614 1
17 66 1 -0.324829 1
17 67 1 -0.361637 1
17 68 1 -0.716254 1
17 69 1 0.754049 1
17 70 1 1.64661 1
17 71 1 1.91919 1
17 72 1 -3.08565 1
17 73 1 1.6994 1
17 74 1 1.36849 1
17 75 1 0.126015 1
17 76 1 -2.2216 1
17 77 1 0.404166 1
17 78 1 1.90672 1
17 79 1 -2.613 1
17 80 1 0.683262 1
17 81 1 1.01972 1
17 82 1 -2.40153 1
17 83 1 -1.84229 1
17 84 1 -2.14236 1
17 85 1 -0.155768 1
17 86 1 2.0228 1
17 87 1 0.0725793 1
17 88 1 -0.0376594 1
17 89 1 -1.28412 1
17 90 1 -2.10604 1
17 91 1 0.65607 1
17 92 1 -0.0575794 1
17 93 1 0.0241339 1
17 94 1 0.886005 1
17 95 1 -1.0697 1
18 64 1 1.19126 1
18 65 1 0.421686 1
18 66 1 0.305605 1
18 67 1 -1.55955 1
18 68 1 0.198746 1
18 69 1 -0.594673 1
18 70 1 -0.446615 1
18 71 1 0.40228 1
18 72 1 1.34562 1
18 73 1 -0.197227 1
18 74 1 2.45825 1
18 75 1 0.11113 1
18 76 1 0.705676 1
18 77 1 1.4535 1
18 78 1 0.420033 1
18 79 1 -1.11414 1
18 80 1 0.851057 1
18 81 1 1.46097 1
18 82 1 -1.70025 1
18 83 1 -0.561867 1
18 84 1 -0.183215 1
18 85 1 -1.40718 1
18 86 1 0.652851 1
18 87 1 -0.0301905 1
18 88 1 1.52749 1
18 89 1 0.719367 1
18 90 1 -0.638092 1
18 91 1 0.108102 1
18 92 1 -0.44803 1
18 93 1 0.465307 1
18 94 1 -0.0552788 1
18 95 1 0.0208037 1
18 25 1 -1.32162 1
19 64 1 -0.398372 1
19 65 1 0.26521 1
19 66 1 1.30155 1
19 67 1 -1.47886 1
19 68 1 -1.08579 1
19 69 1 1.01445 1
19 70 1 -0.690615 1
19 71 1 -0.0554733 1
19 72 1 1.35198 1
19 73 1 2.04908 1
19 74 1 0.176263 1
19 75 1 -1.968 1
19 76 1 -0.507966 1
19 77 1 -0.657148 1
19 78 1 -1.44683 1
19 79 1 0.976593 1
19 80 1 -0.389193 1
19 81 1 -1.18846 1
19 82 1 -0.137229 1
19 83 1 -1.70226 1
19 84 1 0.425041 1
19 85 1 -0.955676 1
19 86 1 0.496892 1
19 87 1 1.82193 1
19 88 1 1.59747 1
19 89 1 2.42876 1
19 90 1 -1.22643 1
19 91 1 0.682782 1
19 92 1 0.768071 1
19 93 1 -1.87565 1
19 94 1 -1.80599 1
19 95 1 -1.61663 1
20 64 1 0.952989 1
20 65 1 -0.0804338 1
20 66 1 1.0664 1
20 67 1 -0.780031 1
20 68 1 0.399645 1
20 69 1 -0.613318 1
20 70 1 -1.87748 1
20 71 1 -1.21263 1
20 72 1 -0.427089 1
20 73 1 0.199963 1
20 74 1 0.975169 1
20 75 1 0.684453 1
20 76 1 0.286619 1
20 77 1 -0.704378 1
20 78 1 1.74011 1
20 79 1 1.30585 1
20 80 1 -0.121592 1
20 81 1 -0.705218 1
20 82 1 1.86355 1
20 83 1 1.63379 1
20 84 1 1.2395 1
20 85 1 -0.296006 1
20 86 1 0.44795 1
20 87 1 -0.630965 1
20 88 1 1.03541 1
20 89 1 0.666939 1
20 90 1 0.612588 1
20 91 1 -1.58955 0
20 92 1 -2.00981 1
20 93 1 2.20808 0
20 94 1 0.212364 0
20 95 1 0.0821448 1
20 96 1 -0.453083 1
20 98 1 0.832028 1
20 103 1 0.90518 1
103 91 1 -1.75387 0
103 105 1 0.867026 1
105 91 1 0.186787 1
98 93 1 0.470187 1
98 99 1 0.140989 1
96 94 1 0.256591 1
21 64 1 -0.773811 1
21 65 1 0.394447 1
21 66 1 -0.715633 1
21 67 1 -1.53058 1
21 68 1 0.265607 1
21 69 1 2.19473 1
21 70 1 -1.51182 1
21 71 1 -2.06422 1
21 72 1 -0.948348 1
21 73 1 0.0322777 1
21 74 1 -0.85781 1
21 75 1 -1.09948 1
21 76 1 0.37215 1
21 77 1 2.19228 1
21 78 1 -0.746174 1
21 79 1 -1.77364 1
21 80 1 -0.0354944 1
21 81 1 0.770296 1
21 82 1 0.234422 1
21 83 1 0.137644 1
21 84 1 2.13035 1
21 85 1 0.537676 1
21 86 1 1.71792 1
21 87 1 0.222606 1
21 88 1 1.24528 1
21 89 1 2.13988 1
21 90 1 1.56806 1
21 91 1 0.329433 1
21 92 1 0.962092 1
21 93 1 -0.0746173 1
21 94 1 -0.326667 1
21 95 1 0.0254136 1
22 64 1 0.748254 1
22 65 1 0.814875 1
22 66 1 1.39289 1
22 67 1 1.31431 1
22 68 1 -1.37243 1
22 69 1 -0.157886 1
22 70 1 -0.0182933 1
22 71 1 0.867454 1
22 72 1 -1.69129 1
22 73 1 -1.09609 1
22 74 1 -0.787975 1
22 75 1 1.12662 1
22 76 1 0.403222 1
22 77 1 0.283603 1
22 78 1 2.66632 1
22 79 1 2.12903 1
22 80 1 -1.129 1
22 81 1 -2.34007 1
22 82 1 1.05037 1
22 83 1 -0.362197 1
22 84 1 -0.976213 1
22 85 1 -0.663626 1
22 86 1 0.452562 1
22 87 1 2.59694 1
22 88 1 0.0281448 1
22 89 1 0.301684 1
22 90 1 1.41093 1
22 91 1 0.00491837 1
22 92 1 1.86639 1
22 93 1 0.790924 1
22 94 1 -0.432578 1
22 95 1 3.18092 1
23 64 1 -0.209806 1
23 65 1 -0.288308 1
23 66 1 1.27245 1
23 67 1 -0.317714 1
23 68 1 -1.2127 1
23 69 1 0.2413 1
23 70 1 1.0732 1
23 71 1 -2.39515 1
23 72 1 0.531808 1
23 73 1 -0.228735 1
23 74 1 0.297693 1
23 75 1 0.436642 1
23 76 1 1.25699 1
23 77 1 1.83152 1
23 78 1 1.30185 1
23 79 1 -3.43146 1
23 80 1 0.184971 1
23 81 1 -0.500948 1
23 82 1 -2.14804 1
23 83 1 1.0621 1
23 84 1 1.37563 1
23 85 1 0.410827 1
23 86 1 -4.66159 1
23 87 1 0.950679 1
23 88 1 1.11147 1
23 89 1 0.321215 1
23 90 1 -0.554446 1
23 91 1 -0.722012 1
23 92 1 -0.494602 1
23 93 1 -0.00302725 1
23 94 1 0.673664 1
23 95 1 -1.27845 1
24 64 1 -2.03604 1
24 65 1 -0.335654 1
24 66 1 -2.14379 1
24 67 1 2.88234 1
24 68 1 -2.06083 1
24 69 1 1.43938 1
24 70 1 -2.04909 1
24 71 1 2.40606 1
24 72 1 -0.577426 1
24 73 1 0.203682 1
24 74 1 0.657713 1
24 75 1 0.690324 1
24 76 1 1.50004 1
24 77 1 -1.53778 1
24 78 1 -2.25032 1
24 79 1 -0.0216415 1
24 80 1 -0.826817 1
24 81 1 -0.486142 1
24 82 1 2.53925 1
24 83 1 -2.93281 1
24 84 1 -1.73888 1
24 85 1 0.512471 1
24 86 1 -1.85851 1
24 87 1 1.99443 1
24 88 1 -0.944334 1
24 89 1 0.107467 1
24 90 1 2.05426 1
24 91 1 1.43662 1
24 92 1 0.1747 1
24 93 1 0.568949 1
24 94 1 0.514227 1
24 95 1 0.568813 1
24 5 1 2.8674 1
25 64 1 -1.71536 1
25 65 1 0.357916 1
25 66 1 -0.267193 1
25 67 1 0.225441 1
25 68 1 1.98045 1
25 69 1 -2.81312 1
25 70 1 1.68574 1
25 71 1 -0.936847 1
25 72 1 -0.693416 1
25 73 1 -1.38445 1
25 74 1 0.23883 1
25 75 1 -0.650349 1
25 76 1 1.7971 1
25 77 1 1.52237 1
25 78 1 0.361625 1
25 79 1 -2.4725 1
25 80 1 1.95257 1
25 81 1 0.311234 1
25 82 1 -0.925057 1
25 83 1 0.591188 1
25 84 1 -1.3622 1
25 85 1 -3.02622 1
25 86 1 1.30278 1
25 87 1 0.933668 1
25 88 1 1.32276 1
25 89 1 1.25253 1
25 90 1 -1.45365 1
25 91 1 -1.81673 1
25 92 1 -0.814644 1
25 93 1 -0.213271 1
25 94 1 -0.184308 1
25 95 1 -0.578693 1
25 8 1 0.811377 1
25 6 1 0.221233 1
26 64 1 0.0456672 1
26 65 1 0.284216 1
26 66 1 -0.0977598 1
26 67 1 0.630009 1
26 68 1 1.75313 1
26 69 1 3.71071 1
26 70 1 -0.253208 1
26 71 1 0.708618 1
26 72 1 -1.65133 1
26 73 1 0.175691 1
26 74 1 -1.04323 1
26 75 1 1.72175 1
26 76 1 -0.438771 1
26 77 1 -2.32276 1
26 78 1 -0.486006 1
26 79 1 -1.93829 1
26 80 1 -1.50215 1
26 81 1 2.82335 1
26 82 1 -0.997676 1
26 83 1 1.52669 1
26 84 1 -0.711452 1
26 85 1 -0.40689 1
26 86 1 -2.12354 1
26 87 1 2.11059 1
26 88 1 -0.015313 1
26 89 1 -0.415329 1
26 90 1 -0.947831 1
26 91 1 -1.13557 1
26 92 1 -0.0914708 1
26 93 1 -1.87453 1
26 94 1 0.880972 1
26 95 1 -0.32001 1
26 23 1 0.806041 1
27 64 1 -2.87115 1
27 65 1 1.41851 1
27 66 1 -0.425361 1
27 67 1 -0.0762833 1
27 68 1 -2.08126 1
27 69 1 -0.413379 1
27 70 1 0.551723 1
27 71 1 -1.96755 1
27 72 1 -2.4069 1
27 73 1 0.955292 1
27 74 1 0.204503 1
27 75 1 2.52307 1
27 76 1 -0.912463 1
27 77 1 -2.2472 1
27 78 1 3.58932 1
27 79 1 0.503707 1
27 80 1 0.339622 1
27 81 1 0.894678 1
27 82 1 0.1682 1
27 83 1 -0.803226 1
27 84 1 1.05133 1
27 85 1 -0.537157 1
27 86 1 0.400474 1
27 87 1 1.04192 1
27 88 1 -2.91659 1
27 89 1 -0.803381 1
27 90 1 0.41365 1
27 91 1 0.0134712 1
27 92 1 -3.01929 1
27 93 1 -1.08236 1
27 94 1 2.4504 1
27 95 1 0.622044 1
27 9 1 1.76004 1
28 64 1 0.262043 1
28 65 1 0.3678 1
28 66 1 -0.0697716 1
28 67 1 1.63129 1
28 68 1 0.817264 1
28 69 1 1.76329 1
28 70 1 -0.427153 1
28 71 1 -0.826747 1
28 72 1 -0.432149 1
28 73 1 0.36861 1
28 74 1 0.0708937 1
28 75 1 -0.276037 1
28 76 1 -0.754282 1
28 77 1 -1.65937 1
28 78 1 1.21388 1
28 79 1 0.965191 1
28 80 1 2.50336 1
28 81 1 -0.854459 1
28 82 1 1.53426 1
28 83 1 -0.129588 1
28 84 1 0.40989 1
28 85 1 -2.42929 1
28 86 1 -0.866332 1
28 87 1 -0.124685 1
28 88 1 -3.21198 1
28 89 1 -0.105719 1
28 90 1 -0.64794 1
28 91 1 -1.24794 1
28 92 1 2.58285 1
28 93 1 -0.967825 1
28 94 1 -0.832894 1
28 95 1 0.280599 1
29 64 1 0.243128 1
29 65 1 -0.481422 1
29 66 1 0.253231 1
29 67 1 1.5326 1
29 68 1 -0.316005 1
29 69 1 1.05179 1
29 70 1 -0.528809 1
29 71 1 0.736429 1
29 72 1 0.15349 1
29 73 1 1.31024 1
29 74 1 0.380196 1
29 75 1 1.87582 1
29 76 1 0.947577 1
29 77 1 0.0958641 1
29 78 1 -1.7914 1
29 79 1 0.529517 1
29 80 1 -0.517141 1
29 81 1 1.06515 1
29 82 1 -0.390747 1
29 83 1 -0.031194 1
29 84 1 0.597331 1
29 85 1 -0.162931 1
29 86 1 -1.0726 1
29 87 1 -2.93592 1
29 88 1 0.470803 1
29 89 1 -0.522116 1
29 90 1 -1.31374 1
29 91 1 0.860327 1
29 92 1 1.18057 1
29 93 1 -0.185271 1
29 94 1 -0.531589 1
29 95 1 0.200226 1
30 64 1 0.798724 1
30 65 1 0.366264 1
30 66 1 0.021642 1
30 67 1 -0.262538 1
30 68 1 0.804859 1
30 69 1 0.296479 1
30 70 1 -0.926339 1
30 71 1 1.36439 1
30 72 1 -0.099554 1
30 73 1 3.36361 1
30 74 1 0.831204 1
30 75 1 0.209316 1
30 76 1 -0.307467 1
30 77 1 -0.813316 1
30 78 1 -0.318896 1
30 79 1 -0.0868556 1
30 80 1 0.967076 1
30 81 1 -1.56545 1
30 82 1 0.649317 1
30 83 1 3.34595 1
30 84 1 1.92103 1
30 85 1 -1.4563 1
30 86 1 0.0301344 1
30 87 1 -3.29034 1
30 88 1 0.361091 1
30 89 1 -1.49529 1
30 90 1 0.889916 1
30 91 1 0.524388 1
30 92 1 -0.148003 1
30 93 1 1.80013 1
30 94 1 1.2413 1
30 95 1 0.325628 1
31 64 1 1.60505 1
31 65 1 0.635712 1
31 66 1 -1.2221 1
31 67 1 3.28437 1
31 68 1 4.1708 1
31 69 1 0.336368 1
31 70 1 -0.228455 1
31 71 1 0.0503777 1
31 72 1 -2.02672 1
31 73 1 -1.13931 1
31 74 1 -1.04868 1
31 75 1 -0.983895 1
31 76 1 -1.29084 1
31 77 1 0.0347786 1
31 78 1 0.658475 1
31 79 1 -0.26306 1
31 80 1 -0.711764 1
31 81 1 0.765135 1
31 82 1 2.2331 1
31 83 1 0.304614 1
31 84 1 -1.25679 1
31 85 1 0.651559 1
31 86 1 -0.0804856 1
31 87 1 1.52695 1
31 88 1 1.73496 1
31 89 1 1.15808 1
31 90 1 1.26795 1
31 91 1 -1.50069 1
31 92 1 -1.65655 1
31 93 1 0.761449 1
31 94 1 -0.65962 1
31 95 1 -1.56747 1
32 64 1 1.60375 1
32 65 1 0.434106 1
32 66 1 -1.9832 1
32 67 1 0.246845 1
32 68 1 0.796047 1
32 69 1 2.14983 1
32 70 1 1.25717 1
32 71 1 2.32527 1
32 72 1 -3.02929 1
32 73 1 -0.0189683 1
32 74 1 -0.676353 1
32 75 1 0.397949 1
32 76 1 -1.63662 1
32 77 1 -0.0815916 1
32 78 1 -2.26138 1
32 79 1 1.83694 1
32 80 1 1.55115 1
32 81 1 -1.91277 1
32 82 1 -0.0181225 1
32 83 1 0.504814 1
32 84 1 -0.290042 1
32 85 1 -1.99855 1
32 86 1 -0.62411 1
32 87 1 1.08464 1
32 88 1 0.0565423 1
32 89 1 -1.26463 1
32 90 1 1.22737 1
32 91 1 0.375121 1
32 92 1 1.98656 1
32 93 1 -2.06545 1
32 94 1 1.84181 1
32 95 1 -0.282714 1
33 64 1 2.42892 1
33 65 1 -2.61648 1
33 66 1 -0.625963 1
33 67 1 -1.15771 1
33 68 1 -1.599 1
33 69 1 -1.44109 1
33 70 1 2.24585 1
33 71 1 0.50765 1
33 72 1 0.356997 1
33 73 1 1.50199 1
33 74 1 1.51512 1
33 75 1 -1.84189 1
33 76 1 -1.48453 1
33 77 1 2.32314 1
33 78 1 -0.912478 1
33 79 1 -0.576721 1
33 80 1 0.345187 1
33 81 1 -1.13398 1
33 82 1 0.0454405 1
33 83 1 0.623478 1
33 84 1 1.29626 1
33 85 1 2.26048 1
33 86 1 -0.551166 1
33 87 1 1.14473 1
33 88 1 2.15595 1
33 89 1 1.88298 1
33 90 1 -0.323314 1
33 91 1 1.22987 1
33 92 1 0.940673 1
33 93 1 0.806313 1
33 94 1 1.09857 1
33 95 1 0.190611 1
34 64 1 0.720662 1
34 65 1 1.4977 1
34 66 1 -1.04508 1
34 67 1 0.564045 1
34 68 1 1.30796 1
34 69 1 -0.00715975 1
34 70 1 -1.19154 1
34 71 1 0.126279 1
34 72 1 0.0888635 1
34 73 1 -0.0526822 1
34 74 1 0.597436 1
34 75 1 2.09336 1
34 76 1 -2.1645 1
34 77 1 -0.427021 1
34 78 1 -0.265679 1
34 79 1 0.425993 1
34 80 1 1.21159 1
34 81 1 -0.585026 1
34 82 1 0.779128 1
34 83 1 0.533847 1
34 84 1 0.360648 1
34 85 1 0.110627 1
34 86 1 0.524056 1
34 87 1 -0.543528 1
34 88 1 2.32846 1
34 89 1 -1.08323 1
34 90 1 0.37776 1
34 91 1 0.203303 1
34 92 1 -1.37794 1
34 93 1 -2.52136 1
34 94 1 0.00212041 1
34 95 1 -0.25547 1
35 64 1 -1.33572 1
35 65 1 2.30352 1
35 66 1 0.987397 1
35 67 1 0.18449 1
35 68 1 0.121099 1
35 69 1 1.04444 1
35 70 1 0.863573 1
35 71 1 1.18056 1
35 72 1 0.0545354 1
35 73 1 1.6017 1
35 74 1 1.59421 1
35 75 1 -2.16393 1
35 76 1 0.980118 1
35 77 1 0.881464 1
35 78 1 -1.24831 1
35 79 1 -1.55491 1
35 80 1 -3.61048 1
35 81 1 0.484472 1
35 82 1 3.42252 1
35 83 1 -0.744186 1
35 84 1 0.32135 1
35 85 1 -1.4795 1
35 86 1 -1.03269 1
35 87 1 0.0626794 1
35 88 1 -1.54178 1
35 89 1 1.26433 1
35 90 1 -1.66967 1
35 91 1 -3.35557 1
35 92 1 0.195163 1
35 93 1 0.744023 1
35 94 1 -0.0450919 1
35 95 1 0.234994 1
36 64 1 -1.47215 1
36 65 1 0.935758 1
36 66 1 -0.510864 1
36 67 1 -0.362106 1
36 68 1 -0.301817 1
36 69 1 1.32806 1
36 70 1 -0.0388814 1
36 71 1 1.65339 1
36 72 1 -0.749143 1
36 73 1 1.75733 1
36 74 1 1.25771 1
36 75 1 0.48003 1
36 76 1 -0.110021 1
36 77 1 -1.44989 1
36 78 1 2.09035 1
36 79 1 2.15283 1
36 80 1 -1.67019 1
36 81 1 0.222402 1
36 82 1 -0.51931 1
36 83 1 -1.6409 1
36 84 1 -0.161226 1
36 85 1 0.62362 1
36 86 1 -0.085708 1
36 87 1 -1.67875 1
36 88 1 1.57477 1
36 89 1 -1.03504 1
36 90 1 -1.45573 1
36 91 1 -0.73954 1
36 92 1 2.71689 1
36 93 1 -0.711067 1
36 94 1 -1.22143 1
36 95 1 3.0028 1
37 64 1 -2.02238 1
37 65 1 -1.08342 1
37 66 1 -2.17195 1
37 67 1 -2.72887 1
37 68 1 -0.815 1
37 69 1 1.43644 1
37 70 1 -0.819004 1
37 71 1 -0.797341 1
37 72 1 0.0894495 1
37 73 1 -0.195183 1
37 74 1 -1.04863 1
37 75 1 -1.04832 1
37 76 1 1.12547 1
37 77 1 1.62045 1
37 78 1 -0.128863 1
37 79 1 0.230678 1
37 80 1 1.01081 1
37 81 1 0.475604 1
37 82 1 3.48922 1
37 83 1 -0.144956 1
37 84 1 -0.755256 1
37 85 1 1.22488 1
37 86 1 -1.03535 1
37 87 1 -0.218481 1
37 88 1 -1.47512 1
37 89 1 0.954299 1
37 90 1 -0.210251 1
37 91 1 -1.4648 1
37 92 1 1.40616 1
37 93 1 -1.81538 1
37 94 1 -1.05044 1
37 95 1 -0.436164 1
38 64 1 -0.323318 1
38 65 1 -0.897143 1
38 66 1 -2.06618 1
38 67 1 -0.533714 1
38 68 1 0.497408 1
38 69 1 -0.348408 1
38 70 1 2.00113 1
38 71 1 0.113705 1
38 72 1 0.963494 1
38 73 1 -0.146057 1
38 74 1 -0.0133897 1
38 75 1 0.674169 1
38 76 1 2.74562 1
38 77 1 -0.658756 1
38 78 1 0.72341 1
38 79 1 -0.909538 1
38 80 1 -2.11808 1
38 81 1 -1.0168 1
38 82 1 -2.25722 1
38 83 1 0.13669 1
38 84 1 -0.00947689 1
38 85 1 -0.321343 1
38 86 1 -0.860477 1
38 87 1 0.957565 1
38 88 1 0.866794 1
38 89 1 1.86461 1
38 90 1 -1.86332 1
38 91 1 -0.141901 1
38 92 1 -0.522463 1
38 93 1 0.0236554 1
38 94 1 -1.12634 1
38 95 1 -0.797279 1
39 64 1 0.0906149 1
39 65 1 0.304258 1
39 66 1 -1.05095 1
39 67 1 -0.838809 1
39 68 1 -0.994563 1
39 69 1 1.86648 1
39 70 1 -1.46064 1
39 71 1 -0.157173 1
39 72 1 0.46455 1
39 73 1 0.385775 1
39 74 1 1.59648 1
39 75 1 0.638907 1
39 76 1 -0.177172 1
39 77 1 -2.84123 1
39 78 1 0.402346 1
39 79 1 -0.597156 1
39 80 1 -0.0969227 1
39 81 1 -1.0155 1
39 82 1 -0.762843 1
39 83 1 0.94033 1
39 84 1 1.75846 1
39 85 1 -0.452152 1
39 86 1 0.401643 1
39 87 1 -0.360551 1
39 88 1 -0.128791 1
39 89 1 1.17757 1
39 90 1 1.88395 1
39 91 1 -1.64971 1
39 92 1 2.10771 1
39 93 1 -0.127669 1
39 94 1 -0.00528432 1
39 95 1 0.807345 1
39 2 1 -1.97004 1
40 64 1 -3.33157 1
40 65 1 -0.576799 1
40 66 1 -0.00114551 1
40 67 1 1.38345 1
40 68 1 1.49608 1
40 69 1 -1.77962 1
40 70 1 -0.838855 1
40 71 1 1.38982 1
40 72 1 1.59508 1
40 73 1 -0.758549 1
40 74 1 -0.493319 1
40 75 1 0.365306 1
40 76 1 -0.137274 1
40 77 1 -1.0611 1
40 78 1 1.62702 1
40 79 1 -0.867225 1
40 80 1 0.880919 1
40 81 1 0.130237 1
40 82 1 0.608762 1
40 83 1 -0.173288 1
40 84 1 0.234979 1
40 85 1 1.83786 1
40 86 1 2.22051 1
40 87 1 -0.0903025 1
40 88 1 -0.891542 1
40 89 1 -0.449887 1
40 90 1 1.02214 1
40 91 1 -0.0961548 1
40 92 1 -0.00963869 1
40 93 1 1.74869 1
40 94 1 -0.691756 1
40 95 1 1.18977 1
41 64 1 1.52227 1
41 65 1 0.236788 1
41 66 1 2.24442 1
41 67 1 -2.46258 1
41 68 1 -0.217034 1
41 69 1 0.157069 1
41 70 1 0.4892 1
41 71 1 2.67616 1
41 72 1 3.33056 1
41 73 1 -1.29864 1
41 74 1 -0.903517 1
41 75 1 1.23898 1
41 76 1 0.393491 1
41 77 1 -0.719792 1
41 78 1 -1.78087 1
41 79 1 -2.09603 1
41 80 1 1.8368 1
41 81 1 0.215013 1
41 82 1 0.594908 1
41 83 1 0.421687 1
41 84 1 0.207907 1
41 85 1 -1.43731 1
41 86 1 0.494335 1
41 87 1 -0.552221 1
41 88 1 3.65221 1
41 89 1 -0.810328 1
41 90 1 -0.909574 1
41 91 1 1.18871 1
41 92 1 -1.05619 1
41 93 1 1.2812 1
41 94 1 1.07125 1
41 95 1 -2.63795 1
41 11 1 -0.444807 1
42 64 1 0.639386 1
42 65 1 -0.988436 1
42 66 1 0.248474 1
42 67 1 0.891946 1
42 68 1 1.06798 1
42 69 1 -2.05971 1
42 70 1 0.717275 1
42 71 1 0.270733 1
42 72 1 -2.66463 1
42 73 1 -1.04762 1
42 74 1 1.5982 1
42 75 1 2.37643 1
42 76 1 -1.07356 1
42 77 1 0.822609 1
42 78 1 -1.98852 1
42 79 1 -1.28206 1
42 80 1 0.149379 1
42 81 1 0.387643 1
42 82 1 1.11421 1
42 83 1 1.35685 1
42 84 1 0.360527 1
42 85 1 0.446977 1
42 86 1 -0.166579 1
42 87 1 0.81158 1
42 88 1 0.526877 1
42 89 1 0.236646 1
42 90 1 1.00029 1
42 91 1 1.27093 1
42 92 1 -0.0567471 1
42 93 1 0.918951 1
42 94 1 -0.8228 1
42 95 1 -1.41377 1
43 64 1 0.239275 1
43 65 1 -0.595217 1
43 66 1 0.678563 1
43 67 1 0.3976 1
43 68 1 -0.255263 1
43 69 1 -3.13126 1
43 70 1 1.20702 1
43 71 1 -1.13646 1
43 72 1 -1.21623 1
43 73 1 -1.38155 1
43 74 1 0.324521 1
43 75 1 -1.24703 1
43 76 1 1.95879 1
43 77 1 0.746697 1
43 78 1 -0.222048 1
43 79 1 -0.0804329 1
43 80 1 -0.275183 1
43 81 1 0.355581 1
43 82 1 1.08263 1
43 83 1 -0.300282 1
43 84 1 0.688155 1
43 85 1 1.83873 1
43 86 1 -1.92291 1
43 87 1 2.71531 1
43 88 1 -0.513225 1
43 89 1 1.30033 1
43 90 1 -0.519463 1
43 91 1 -0.963345 1
43 92 1 1.11918 1
43 93 1 1.42545 1
43 94 1 -0.499672 1
43 95 1 0.408963 1
44 64 1 0.434608 1
44 65 1 -2.8697 1
44 66 1 0.878606 1
44 67 1 -1.07365 1
44 68 1 0.405225 1
44 69 1 1.04304 1
44 70 1 -0.107155 1
44 71 1 -0.338656 1
44 72 1 -2.10732 1
44 73 1 0.596308 1
44 74 1 -1.67256 1
44 75 1 -0.317001 1
44 76 1 0.298087 1
44 77 1 -0.387423 1
44 78 1 -0.050331 1
44 79 1 -0.2654 1
44 80 1 1.00738 1
44 81 1 1.65572 1
44 82 1 1.41707 1
44 83 1 -1.28348 1
44 84 1 -0.0572311 1
44 85 1 1.03276 1
44 86 1 0.0797797 1
44 87 1 -1.53784 1
44 88 1 -0.527314 1
44 89 1 -2.30581 1
44 90 1 0.447006 1
44 91 1 0.73394 1
44 92 1 -0.0881388 1
44 93 1 1.67201 1
44 94 1 -0.799336 1
44 95 1 -0.852558 1
45 64 1 1.69901 1
45 65 1 -0.115864 1
45 66 1 0.370569 1
45 67 1 -2.07691 1
45 68 1 -1.67704 1
45 69 1 -4.15762 1
45 70 1 0.36729 1
45 71 1 -1.35664 1
45 72 1 -0.753989 1
45 73 1 1.91455 1
45 74 1 2.75371 1
45 75 1 1.52847 1
45 76 1 0.0451082 1
45 77 1 0.0102443 1
45 78 1 -2.40436 1
45 79 1 0.783787 1
45 80 1 -0.754798 1
45 81 1 0.324617 1
45 82 1 0.599743 1
45 83 1 -0.590392 1
45 84 1 1.07051 1
45 85 1 -0.725927 1
45 86 1 0.398318 1
45 87 1 -0.820861 1
45 88 1 -1.69705 1
45 89 1 -0.0225522 1
45 90 1 -0.543762 1
45 91 1 1.49107 1
45 92 1 -2.04218 1
45 93 1 -2.17021 1
45 94 1 0.789897 1
45 95 1 -0.158769 1
45 9 1 0.753504 1
46 64 1 -0.0588378 1
46 65 1 1.27325 1
46 66 1 0.0173944 1
46 67 1 0.677111 1
46 68 1 -1.1562 1
46 69 1 -1.44501 1
46 70 1 0.431662 1
46 71 1 -0.704855 1
46 72 1 -0.562935 1
46 73 1 -1.54242 1
46 74 1 -2.42172 1
46 75 1 -1.61548 1
46 76 1 -0.905295 1
46 77 1 0.454485 1
46 78 1 -0.737474 1
46 79 1 -0.230645 1
46 80 1 0.317416 1
46 81 1 -1.16064 1
46 82 1 -0.975407 1
46 83 1 1.6097 1
46 84 1 -0.339069 1
46 85 1 1.10588 1
46 86 1 -1.58471 1
46 87 1 -1.24322 1
46 88 1 -0.807866 1
46 89 1 -1.87785 1
46 90 1 -0.185188 1
46 91 1 -1.34701 1
46 92 1 -1.29091 1
46 93 1 0.416174 1
46 94 1 0.00652498 1
46 95 1 0.229267 1
47 64 1 1.64721 1
47 65 1 0.381249 1
47 66 1 -1.14755 1
47 67 1 2.51402 1
47 68 1 -0.779432 1
47 69 1 3.29491 1
47 70 1 -0.697738 1
47 71 1 1.14182 1
47 72 1 0.720456 1
47 73 1 0.866657 1
47 74 1 -0.195321 1
47 75 1 -0.0343173 1
47 76 1 -0.70672 1
47 77 1 -3.57487 1
47 78 1 0.00340478 1
47 79 1 -0.712801 1
47 80 1 0.445432 1
47 81 1 -2.15849 1
47 82 1 1.91678 1
47 83 1 -0.765557 1
47 84 1 -0.859882 1
47 85 1 2.9725 1
47 86 1 -0.53386 1
47 87 1 0.176888 1
47 88 1 -1.95944 1
47 89 1 0.101081 1
47 90 1 0.963038 1
47 91 1 0.237599 1
47 92 1 2.80246 1
47 93 1 -1.99967 1
47 94 1 0.028668 1
47 95 1 -0.494434 1
47 4 1 -1.7028 1
48 64 1 -0.953451 1
48 65 1 -0.373342 1
48 66 1 -1.14333 1
48 67 1 -2.02354 1
48 68 1 -1.58941 1
48 69 1 -1.26512 1
48 70 1 0.249557 1
48 71 1 2.48766 1
48 72 1 0.282273 1
48 73 1 1.1797 1
48 74 1 2.57005 1
48 75 1 -1.63126 1
48 76 1 -0.466094 1
48 77 1 -1.47041 1
48 78 1 0.805019 1
48 79 1 0.652278 1
48 80 1 1.68524 1
48 81 1 -1.19923 1
48 82 1 -0.385124 1
48 83 1 0.868306 1
48 84 1 -0.0335209 1
48 85 1 1.34404 1
48 86 1 1.05151 1
48 87 1 -0.792647 1
48 88 1 -1.37026 1
48 89 1 0.861674 1
48 90 1 0.101704 1
48 91 1 0.528383 1
48 92 1 -2.60909 1
48 93 1 -0.237685 1
48 94 1 -1.34547 1
48 95 1 -0.377341 1
48 16 1 0.322852 1
48 12 1 0.905119 1
49 64 1 0.767441 1
49 65 1 -0.5152 1
49 66 1 -1.88622 1
49 67 1 2.05185 1
49 68 1 1.28741 1
49 69 1 2.442 1
49 70 1 0.107472 1
49 71 1 -2.06203 1
49 72 1 -2.04528 1
49 73 1 1.68343 1
49 74 1 0.516398 1
49 75 1 -0.00593605 1
49 76 1 -2.76044 1
49 77 1 -0.760332 1
49 78 1 0.201589 1
49 79 1 1.58874 1
49 80 1 2.86746 1
49 81 1 -1.72298 1
49 82 1 0.849564 1
49 83 1 1.67648 1
49 84 1 0.915172 1
49 85 1 -1.57325 1
49 86 1 -0.196338 1
49 87 1 -1.91944 1
49 88 1 -2.80993 1
49 89 1 0.344571 1
49 90 1 1.60401 1
49 91 1 1.74581 1
49 92 1 -1.4873 1
49 93 1 1.37811 1
49 94 1 0.098614 1
49 95 1 1.67143 1
49 19 1 -0.229321 1
50 64 1 -2.79916 1
50 65 1 -1.6681 1
50 66 1 0.620701 1
50 67 1 0.783201 1
50 68 1 0.100725 1
50 69 1 0.162329 1
50 70 1 1.65555 1
50 71 1 1.98016 1
50 72 1 -1.4316 1
50 73 1 1.90854 1
50 74 1 1.42331 1
50 75 1 1.21553 1
50 76 1 -1.63172 1
50 77 1 1.06905 1
50 78 1 1.03094 1
50 79 1 -2.52379 1
50 80 1 0.468653 1
50 81 1 -0.982512 1
50 82 1 0.476437 1
50 83 1 3.22984 1
50 84 1 -0.854994 1
50 85 1 1.6194 1
50 86 1 0.776978 1
50 87 1 -1.56465 1
50 88 1 -1.48309 1
50 89 1 0.0264337 1
50 90 1 0.0509773 1
50 91 1 0.646464 1
50 92 1 -0.36493 1
50 93 1 2.71721 1
50 94 1 -0.191354 1
50 95 1 0.848642 1
50 4 1 -1.0683 1
51 64 1 -1.64007 1
51 65 1 1.50272 1
51 66 1 -0.465097 1
51 67 1 -2.1191 1
51 68 1 -0.483283 1
51 69 1 -1.74274 1
51 70 1 -0.38842 1
51 71 1 1.97128 1
51 72 1 -0.311779 1
51 73 1 0.147003 1
51 74 1 -0.958794 1
51 75 1 3.71382 1
51 76 1 -0.328256 1
51 77 1 0.105742 1
51 78 1 -1.44186 1
51 79 1 1.16855 1
51 80 1 0.637672 1
51 81 1 -1.26142 1
51 82 1 -1.40573 1
51 83 1 1.1551 1
51 84 1 -1.16535 1
51 85 1 0.328872 1
51 86 1 -0.678639 1
51 87 1 0.127776 1
51 88 1 -0.587702 1
51 89 1 -1.07801 1
51 90 1 -0.184992 1
51 91 1 0.134849 1
51 92 1 -1.3055 1
51 93 1 1.27809 1
51 94 1 -2.68496 1
51 95 1 0.22579 1
52 64 1 -1.11193 1
52 65 1 1.16533 1
52 66 1 2.06431 1
52 67 1 0.236549 1
52 68 1 -1.74187 1
52 69 1 2.51003 1
52 70 1 0.623114 1
52 71 1 -1.63709 1
52 72 1 -1.31755 1
52 73 1 1.94562 1
52 74 1 1.98109 1
52 75 1 -0.345333 1
52 76 1 -2.12181 1
52 77 1 -0.521068 1
52 78 1 -0.492503 1
52 79 1 -0.865667 1
52 80 1 -1.42171 1
52 81 1 -0.185102 1
52 82 1 -0.892718 1
52 83 1 -1.00946 1
52 84 1 -0.806885 1
52 85 1 -1.91282 1
52 86 1 -0.716238 1
52 87 1 1.64082 1
52 88 1 -0.73882 1
52 89 1 1.23349 1
52 90 1 -1.9923 1
52 91 1 0.749201 1
52 92 1 -1.76541 1
52 93 1 -0.672702 1
52 94 1 -0.170775 1
52 95 1 -0.916104 1
52 14 1 0.16768 1
53 64 1 -1.32412 1
53 65 1 1.01067 1
53 66 1 0.867884 1
53 67 1 -2.27919 1
53 68 1 -0.341422 1
53 69 1 3.57865 1
53 70 1 0.608568 1
53 71 1 -0.514245 1
53 72 1 1.35941 1
53 73 1 0.870656 1
53 74 1 0.71342 1
53 75 1 -1.3297 1
53 76 1 0.285888 1
53 77 1 1.02665 1
53 78 1 0.931447 1
53 79 1 0.0567747 1
53 80 1 -1.06228 1
53 81 1 -2.03615 1
53 82 1 0.342399 1
53 83 1 0.350143 1
53 84 1 1.85536 1
53 85 1 -1.21505 1
53 86 1 -0.42374 1
53 87 1 -0.829647 1
53 88 1 -2.68568 1
53 89 1 -1.0438 1
53 90 1 -1.67949 1
53 91 1 -1.20923 1
53 92 1 -0.673543 1
53 93 1 1.19592 1
53 94 1 -0.177887 1
53 95 1 -2.62127 1
53 20 1 0.176279 1
54 64 1 0.140253 1
54 65 1 1.28517 1
54 66 1 0.390414 1
54 67 1 0.443365 1
54 68 1 -0.743869 1
54 69 1 -0.708347 1
54 70 1 -0.446545 1
54 71 1 0.863251 1
54 72 1 0.415889 1
54 73 1 -0.410656 1
54 74 1 0.499389 1
54 75 1 -1.5244 1
54 76 1 0.0732388 1
54 77 1 1.09552 1
54 78 1 0.363464 1
54 79 1 -1.30358 1
54 80 1 0.419254 1
54 81 1 -1.56282 1
54 82 1 -1.5085 1
54 83 1 1.21389 1
54 84 1 0.72866 1
54 85 1 0.628462 1
54 86 1 -1.87137 1
54 87 1 0.648141 1
54 88 1 2.97176 1
54 89 1 -0.608916 1
54 90 1 -0.863372 1
54 91 1 0.323217 1
54 92 1 -0.152492 1
54 93 1 0.105826 1
54 94 1 -0.374443 1
54 95 1 1.32383 1
54 30 1 1.28978 1
55 64 1 0.192031 1
55 65 1 -1.05873 1
55 66 1 1.20169 1
55 67 1 0.789903 1
55 68 1 -1.11092 1
55 69 1 2.02689 1
55 70 1 2.25121 1
55 71 1 -3.85323 1
55 72 1 0.944497 1
55 73 1 -0.175672 1
55 74 1 2.33429 1
55 75 1 -3.25143 1
55 76 1 -3.69305 1
55 77 1 2.0747 1
55 78 1 -2.41467 1
55 79 1 -0.659312 1
55 80 1 0.0742144 1
55 81 1 -0.807064 1
55 82 1 0.307299 1
55 83 1 -1.32873 1
55 84 1 -0.922127 1
55 85 1 0.100752 1
55 86 1 0.543944 1
55 87 1 2.68297 1
55 88 1 -0.76945 1
55 89 1 -2.62829 1
55 90 1 0.704675 1
55 91 1 0.634875 1
55 92 1 1.78379 1
55 93 1 -1.67686 1
55 94 1 -0.196016 1
55 95 1 -1.77963 1
55 28 1 0.201822 1
56 64 1 1.92266 1
56 65 1 0.784722 1
56 66 1 0.443141 1
56 67 1 0.793086 1
56 68 1 0.520041 1
56 69 1 0.750295 1
56 70 1 0.241902 1
56 71 1 1.55851 1
56 72 1 0.26939 1
56 73 1 -1.78628 1
56 74 1 -0.280268 1
56 75 1 2.27178 1
56 76 1 -0.0685802 1
56 77 1 0.220943 1
56 78 1 -0.827916 1
56 79 1 0.537648 1
56 80 1 -1.9531 1
56 81 1 1.19048 1
56 82 1 0.501714 1
56 83 1 -0.740507 1
56 84 1 0.0970716 1
56 85 1 -1.94224 1
56 86 1 -0.279976 1
56 87 1 -1.97905 1
56 88 1 1.59695 1
56 89 1 -2.88682 1
56 90 1 0.093992 1
56 91 1 -1.36912 1
56 92 1 1.03478 1
56 93 1 1.68403 1
56 94 1 -1.54387 1
56 95 1 0.641289 1
56 3 1 0.673768 1
57 64 1 -0.671983 1
57 65 1 1.94042 1
57 66 1 -1.06519 1
57 67 1 1.81662 1
57 68 1 3.01188 1
57 69 1 -0.0283943 0
57 70 1 0.718888 1
57 71 1 -0.221134 1
57 72 1 -0.233169 1
57 73 1 -1.66544 1
57 74 1 0.905213 1
57 75 1 2.51536 1
57 76 1 1.41573 1
57 77 1 -2.57778 1
57 78 1 -0.502367 1
57 79 1 -1.30107 1
57 80 1 2.65787 1
57 81 1 0.407371 1
57 82 1 0.170094 1
57 83 1 -1.10823 1
57 84 1 0.499514 1
57 85 1 -3.35295 1
57 86 1 -0.712278 1
57 87 1 -0.603136 1
57 88 1 -0.864088 1
57 89 1 1.76534 1
57 90 1 0.756444 1
57 91 1 0.622774 1
57 92 1 -1.43095 1
57 93 1 0.947815 1
57 94 1 2.22492 1
57 95 1 -0.106632 1
57 104 1 0.547653 1
104 69 1 -1.26486 1
58 64 1 0.192457 1
58 65 1 -0.871309 1
58 66 1 -0.720508 1
58 67 1 -0.200354 1
58 68 1 1.31565 1
58 69 1 -0.758417 1
58 70 1 -0.352889 1
58 71 1 0.389424 1
58 72 1 0.386968 1
58 73 1 -1.44718 1
58 74 1 1.9747 1
58 75 1 2.80894 1
58 76 1 0.589467 1
58 77 1 -2.59041 1
58 78 1 -0.215277 1
58 79 1 -1.08184 1
58 80 1 -0.0338 1
58 81 1 1.07626 1
58 82 1 0.701797 1
58 83 1 -0.660575 1
58 84 1 0.954546 1
58 85 1 0.812457 1
58 86 1 0.348463 1
58 87 1 -1.42892 1
58 88 1 -1.67031 1
58 89 1 -0.892782 1
58 90 1 -0.485018 1
58 91 1 -0.285802 1
58 92 1 0.852475 1
58 93 1 0.489487 1
58 94 1 -2.63097 1
58 95 1 1.35592 1
59 64 1 -0.377952 1
59 65 1 -0.54491 1
59 66 1 0.419361 1
59 67 1 -0.309548 1
59 68 1 -0.833001 1
59 69 1 -0.721577 1
59 70 1 -1.62813 1
59 71 1 -0.0292848 1
59 72 1 -1.28611 1
59 73 1 -0.890057 1
59 74 1 1.03295 1
59 75 1 1.51227 1
59 76 1 2.80038 1
59 77 1 -1.31092 0
59 78 1 -0.923208 1
59 79 1 0.113976 1
59 80 1 0.445619 1
59 81 1 -1.36082 1
59 82 1 -0.983035 1
59 83 1 1.6339 1
59 84 1 0.554043 1
59 85 1 -0.0124268 1
59 86 1 -0.584007 1
59 87 1 2.13413 1
59 88 1 0.500374 1
59 89 1 -0.192682 1
59 90 1 1.54004 1
59 91 1 -0.0712235 1
59 92 1 1.13786 1
59 93 1 0.681802 1
59 94 1 0.218318 1
59 95 1 1.98214 1
59 97 1 1.49127 1
59 5 1 -0.340286 1
97 77 1 -0.762944 1
97 22 1 -1.2968 1
97 2 1 -0.165964 0
97 99 1 -0.239574 1
97 7 1 -0.438564 0
97 102 1 1.32789 1
102 7 1 0.901773 1
99 2 1 1.13752 1
60 64 1 1.31526 1
60 65 1 -0.229074 1
60 66 1 -0.947751 1
60 67 1 -0.0901827 1
60 68 1 1.70233 1
60 69 1 1.65705 1
60 70 1 -1.27003 1
60 71 1 -1.41444 1
60 72 1 -1.71512 1
60 73 1 -1.19831 1
60 74 1 -1.04178 1
60 75 1 0.310309 1
60 76 1 0.163677 1
60 77 1 3.37194 1
60 78 1 -0.808903 1
60 79 1 -1.24451 1
60 80 1 -2.14103 1
60 81 1 1.36868 1
60 82 1 -1.15421 1
60 83 1 2.04435 1
60 84 1 -1.04196 1
60 85 1 0.142452 1
60 86 1 1.38777 1
60 87 1 -0.307691 1
60 88 1 -1.25886 1
60 89 1 -1.09971 1
60 90 1 -1.4043 1
60 91 1 0.770976 1
60 92 1 -0.85981 1
60 93 1 0.372588 1
60 94 1 -0.154399 1
60 95 1 -1.59311 1
60 24 1 0.751424 1
61 64 1 -0.657695 1
61 65 1 -0.229873 1
61 66 1 -0.0310702 1
61 67 1 -1.44891 1
61 68 1 -2.42782 1
61 69 1 1.01737 1
61 70 1 -0.158266 1
61 71 1 -0.0330028 1
61 72 1 -0.0190142 1
61 73 1 -0.646513 1
61 74 1 0.861003 1
61 75 1 0.131008 1
61 76 1 1.60809 1
61 77 1 -2.81335 1
61 78 1 1.36398 1
61 79 1 -0.301569 1
61 80 1 -0.227073 1
61 81 1 0.47474 1
61 82 1 1.01508 1
61 83 1 0.201202 1
61 84 1 0.934386 1
61 85 1 -0.262536 1
61 86 1 -0.495082 1
61 87 1 1.0631 1
61 88 1 1.26765 1
61 89 1 0.976604 1
61 90 1 -0.715785 1
61 91 1 0.686965 1
61 92 1 -0.896912 1
61 93 1 -0.295054 1
61 94 1 1.5256 1
61 95 1 2.63184 1
62 64 1 1.38223 1
62 65 1 -0.999304 1
62 66 1 0.579511 1
62 67 1 0.0424764 1
62 68 1 -1.13186 1
62 69 1 1.23431 1
62 70 1 -0.868858 1
62 71 1 -0.680515 1
62 72 1 -0.349222 1
62 73 1 1.63595 1
62 74 1 2.30544 1
62 75 1 -0.280268 1
62 76 1 -0.994613 1
62 77 1 -1.20761 1
62 78 1 0.461121 1
62 79 1 1.18024 1
62 80 1 0.187493 1
62 81 1 -0.849818 1
62 82 1 -0.314305 1
62 83 1 1.7084 1
62 84 1 -1.59575 1
62 85 1 0.25805 1
62 86 1 1.80528 1
62 87 1 -0.576342 1
62 88 1 -0.0777911 1
62 89 1 0.196829 1
62 90 1 -2.79167 1
62 91 1 0.423086 1
62 92 1 -1.30035 1
62 93 1 1.27037 1
62 94 1 -0.376991 1
62 95 1 0.754338 1
62 5 1 -0.739339 1
63 64 1 1.45196 1
63 65 1 0.815998 1
63 66 1 1.72681 1
63 67 1 1.96719 1
63 68 1 0.245366 1
63 69 1 -3.02847 1
63 70 1 0.271461 1
63 71 1 1.29672 1
63 72 1 0.0370632 1
63 73 1 -0.505754 1
63 74 1 -0.400238 1
63 75 1 -0.219509 1
63 76 1 -1.68472 1
63 77 1 1.8484 1
63 78 1 -0.280889 1
63 79 1 -1.36396 1
63 80 1 1.16578 1
63 81 1 0.92953 1
63 82 1 1.33313 1
63 83 1 -2.03993 1
63 84 1 -2.33749 1
63 85 1 -3.044 1
63 86 1 2.63225 1
63 87 1 -0.761085 1
63 88 1 -0.652461 1
63 89 1 -1.14558 1
63 90 1 0.760099 1
63 91 1 0.284224 1
63 92 1 -0.888549 1
63 93 1 0.27081 1
63 94 1 -0.765196 1
63 95 1 1.79867 1
