155 64 32
2.7245 -1.22448 -7.15875 5.12024 -4.30991 1.99219 0.679711 0.875528 -0.316688 2.69035 2.26574 4.41078 -3.82406 -4.53731 -0.633663 -2.95145 0.985402 1.29644 -0.772501 -1.41751 -0.988581 0.24573 -0.485588 1.48685 -6.03604 -0.689292 4.8322 0.507871 -2.60904 -3.19432 -3.3755 2.00928 0.0923074 1.06494 2.00062 1.66773 -3.00222 0.299214 -0.633015 -0.919311 0.185964 1.5559 -1.23063 -4.21035 -3.28344 -1.47295 -3.40024 4.07174 -1.01653 3.14931 0.504773 -3.06317 -4.08376 -0.961707 -1.19956 3.47496 -1.60584 1.24778 1.03987 -2.20841 2.78024 -1.76489 -0.626629 -3.53444 -4.94602 -0.966493 2.11396 1.52437 -4.08193 2.00392 -2.80212 -1.84744 -4.37737 -2.52822 2.89724 3.48057 -0.592919 0.902526 0.331941 -4.03457 -0.373459 1.20984 -2.5906 0.325793 1.82891 1.55552 -3.554 0.380264 4.55962 -0.33727 -0.935082 3.18611 -1.24732 -0.340814 0.137335 -0.581791 -2.20158 -0.0481188 -0.826341 -2.3999 3.13858 -3.3329 -5.79616 -3.4113 -2.61828 0.325914 -1.58805 -2.83659 -2.56565 0.839429 -1.43426 1.54024 3.21853 -3.71446 0.496979 -1.12604 -2.71355 0.135009 -0.537931 -1.52942 1.64956 0.470922 -0.0580076 1.23285 0.847238 3.82521 1.39351 0.157113 1.18275 1.58027 -1.07776 -1.43353 -0.355523 -1.59355 -0.653266 -0.997585 -1.36254 -0.739377 -2.35244 -0.917169 0.483646 0.0780618 -1.44038 -0.349169 -0.0659407 0.568572 -0.550114 0.33889 0.609435 -2.22189 -1.47912 -0.0805196 -0.0468412 -0.663295 0.0500445 
0 64 1 -4.04227 1
0 65 1 2.69829 1
0 66 1 3.73773 1
0 67 1 0.514773 1
0 68 1 -1.04583 1
0 69 1 1.62407 1
0 70 1 0.196424 1
0 71 1 -0.218925 1
0 72 1 -0.111763 1
0 73 1 -2.63997 1
0 74 1 -3.05875 1
0 75 1 0.755444 1
0 76 1 2.90028 1
0 77 1 0.312148 1
0 78 1 -2.06096 1
0 79 1 1.63741 1
0 80 1 3.39103 1
0 81 1 3.34537 1
0 82 1 4.44335 1
0 83 1 1.66275 1
0 84 1 -2.08191 1
0 85 1 3.37658 1
0 86 1 -2.44761 1
0 87 1 -1.13747 1
0 88 1 0.037792 1
0 89 1 2.58305 1
0 90 1 5.74059 1
0 91 1 4.98273 1
0 92 1 -3.13669 1
0 93 1 -2.23946 1
0 94 1 2.68988 1
0 95 1 1.29527 1
0 10 1 -2.81266 1
1 64 1 -0.608031 1
1 65 1 -2.91208 1
1 66 1 1.67343 1
1 67 1 -2.92048 1
1 68 1 4.62205 1
1 69 1 -1.68727 1
1 70 1 1.87334 1
1 71 1 -0.60762 1
1 72 1 -1.04001 1
1 73 1 -2.5224 1
1 74 1 -3.3776 1
1 75 1 3.68101 1
1 76 1 -1.09092 1
1 77 1 5.95572 1
1 78 1 -1.7729 1
1 79 1 -0.776857 1
1 80 1 -3.4332 1
1 81 1 1.26883 1
1 82 1 -1.13315 1
1 83 1 -5.85629 1
1 84 1 -0.734128 1
1 85 1 -1.57854 1
1 86 1 1.81759 1
1 87 1 -1.20363 1
1 88 1 -0.328386 1
1 89 1 3.26674 1
1 90 1 -1.56855 1
1 91 1 -2.24625 1
1 92 1 -2.14367 1
1 93 1 0.94219 1
1 94 1 -1.16349 1
1 95 1 -5.27342 1
1 27 1 1.4374 1
2 64 1 0.0474488 1
2 65 1 -0.0482726 1
2 66 1 -2.88249 1
2 67 1 -2.13078 1
2 68 1 -2.16668 1
2 69 1 2.05984 1
2 70 1 -1.26035 1
2 71 1 4.31043 1
2 72 1 -1.40782 1
2 73 1 -3.37329 1
2 74 1 -3.65392 1
2 75 1 -0.445224 1
2 76 1 -4.03652 1
2 77 1 -1.66883 1
2 78 1 -1.32028 1
2 79 1 -2.86851 1
2 80 1 -5.33205 1
2 81 1 -4.05818 1
2 82 1 -0.368718 1
2 83 1 -2.82834 1
2 84 1 -0.274844 1
2 85 1 3.31432 1
2 86 1 0.0986659 1
2 87 1 -1.07529 1
2 88 1 0.424027 1
2 89 1 -3.86965 1
2 90 1 -4.0502 1
2 91 1 -0.821749 1
2 92 1 1.45798 1
2 93 1 -3.49939 1
2 94 1 3.76307 1
2 95 1 -0.233335 1
2 100 1 -1.18273 1
2 6 1 3.88482 1
2 110 1 -0.17223 1
3 64 1 -2.90936 1
3 65 1 -0.0720327 1
3 66 1 -0.383447 1
3 67 1 1.79017 1
3 68 1 4.93738 1
3 69 1 -3.09304 1
3 70 1 -1.06448 1
3 71 1 0.915535 1
3 72 1 8.44477 1
3 73 1 -0.0614679 1
3 74 1 0.170585 1
3 75 1 2.6331 1
3 76 1 0.46553 1
3 77 1 -1.38558 1
3 78 1 -0.857258 1
3 79 1 0.451328 1
3 80 1 -3.55396 1
3 81 1 -1.78911 1
3 82 1 6.43236 1
3 83 1 1.96258 1
3 84 1 0.754193 1
3 85 1 -4.45667 1
3 86 1 0.406878 1
3 87 1 1.85606 1
3 88 1 -1.91127 1
3 89 1 1.87884 1
3 90 1 -0.107924 1
3 91 1 2.21628 1
3 92 1 0.0246622 1
3 93 1 -2.10019 1
3 94 1 -2.59516 1
3 95 1 2.20915 0
3 110 1 1.18469 1
110 95 1 -1.90344 0
110 111 1 -1.01295 0
110 132 1 1.92297 1
110 152 1 0.374723 1
110 126 1 -0.561699 1
132 111 1 3.55736 1
111 95 1 -3.02 1
4 64 1 1.44645 1
4 65 1 -0.568285 1
4 66 1 -1.37602 1
4 67 1 3.31241 1
4 68 1 -0.173129 1
4 69 1 2.173 1
4 70 1 0.156004 1
4 71 1 -0.349693 1
4 72 1 0.908015 1
4 73 1 -1.37855 0
4 74 1 1.0169 1
4 75 1 -4.8152 0
4 76 1 1.08844 1
4 77 1 2.70315 1
4 78 1 0.602292 1
4 79 1 2.69806 1
4 80 1 -3.44417 1
4 81 1 0.455277 1
4 82 1 -0.291637 1
4 83 1 -2.43151 1
4 84 1 -0.41941 1
4 85 1 2.52726 1
4 86 1 3.20539 1
4 87 1 -0.984174 1
4 88 1 -3.26039 1
4 89 1 -0.98942 1
4 90 1 3.31061 1
4 91 1 -5.16544 1
4 92 1 -2.18966 1
4 93 1 -0.327097 0
4 94 1 -2.04919 1
4 95 1 1.97513 1
4 101 1 3.12464 1
4 17 1 3.72234 1
4 118 1 0.604537 1
4 145 1 1.13897 1
145 93 1 0.372946 1
118 73 1 -3.18569 1
101 75 1 1.30489 1
5 64 1 -2.97082 1
5 65 1 3.36477 1
5 66 1 -2.3761 1
5 67 1 6.52813 1
5 68 1 3.1396 1
5 69 1 4.14282 1
5 70 1 -1.96711 1
5 71 1 0.302643 1
5 72 1 1.51673 1
5 73 1 -0.706611 1
5 74 1 -2.19116 1
5 75 1 2.19849 1
5 76 1 3.98288 1
5 77 1 0.767141 1
5 78 1 0.576896 1
5 79 1 0.400664 1
5 80 1 2.16314 1
5 81 1 -1.80848 1
5 82 1 1.4382 1
5 83 1 3.99033 1
5 84 1 1.05532 1
5 85 1 1.94031 1
5 86 1 -3.28522 1
5 87 1 0.600702 1
5 88 1 -0.711668 1
5 89 1 -3.30652 1
5 90 1 -1.62807 1
5 91 1 -0.532333 1
5 92 1 -0.477406 1
5 93 1 1.23863 1
5 94 1 -1.37621 1
5 95 1 0.974285 1
5 28 1 2.40706 1
6 64 1 0.395734 1
6 65 1 -1.29375 1
6 66 1 3.17526 1
6 67 1 2.05241 1
6 68 1 -4.41715 1
6 69 1 -2.56092 1
6 70 1 -2.39349 1
6 71 1 0.272553 1
6 72 1 2.25082 1
6 73 1 -3.25661 1
6 74 1 -4.31669 1
6 75 1 1.47336 1
6 76 1 3.22805 1
6 77 1 -0.185123 1
6 78 1 -0.964936 1
6 79 1 -1.79871 1
6 80 1 3.55633 1
6 81 1 -0.959773 1
6 82 1 2.41478 1
6 83 1 1.32322 1
6 84 1 2.34241 1
6 85 1 -2.36582 1
6 86 1 -0.0513074 1
6 87 1 2.79828 1
6 88 1 -2.56963 1
6 89 1 -2.08778 1
6 90 1 5.75958 1
6 91 1 -2.18913 1
6 92 1 3.75732 1
6 93 1 -4.17668 1
6 94 1 -3.26597 1
6 95 1 2.62492 1
6 26 1 0.943023 1
7 64 1 3.6949 1
7 65 1 1.17812 1
7 66 1 0.127851 1
7 67 1 -4.62016 1
7 68 1 -3.86407 1
7 69 1 -1.20098 1
7 70 1 4.47796 1
7 71 1 1.43719 1
7 72 1 4.00694 1
7 73 1 -0.529696 1
7 74 1 -1.66747 1
7 75 1 -0.518275 1
7 76 1 3.03344 1
7 77 1 0.823324 1
7 78 1 2.3656 1
7 79 1 2.75998 1
7 80 1 -0.875681 1
7 81 1 1.90741 1
7 82 1 -2.98733 0
7 83 1 1.0205 0
7 84 1 -2.60468 1
7 85 1 4.67801 1
7 86 1 1.70059 1
7 87 1 3.63465 1
7 88 1 -3.05017 1
7 89 1 -3.14226 1
7 90 1 1.1329 1
7 91 1 -2.75223 1
7 92 1 1.91191 1
7 93 1 -1.73384 1
7 94 1 -0.478035 1
7 95 1 2.82834 1
7 100 1 -0.385079 1
7 127 1 1.95145 1
127 82 1 -4.59744 1
100 83 1 2.5551 1
100 24 1 -1.5198 0
100 106 1 2.86967 1
106 24 1 -5.80002 1
106 6 1 -1.19151 1
8 64 1 2.33849 1
8 65 1 -2.89474 1
8 66 1 -0.776288 1
8 67 1 1.18668 1
8 68 1 -1.13113 1
8 69 1 3.14224 1
8 70 1 1.64824 1
8 71 1 2.87117 1
8 72 1 3.54723 1
8 73 1 -1.23718 1
8 74 1 0.669419 1
8 75 1 -1.75722 1
8 76 1 -0.781776 1
8 77 1 3.23326 1
8 78 1 0.0500531 1
8 79 1 -2.24246 1
8 80 1 0.573298 1
8 81 1 -2.49519 1
8 82 1 1.0414 1
8 83 1 -4.16424 1
8 84 1 3.51533 1
8 85 1 9.12839 1
8 86 1 4.18136 1
8 87 1 1.40413 1
8 88 1 -0.677597 1
8 89 1 4.53748 1
8 90 1 -0.395885 1
8 91 1 -1.72548 1
8 92 1 2.29843 1
8 93 1 4.94961 1
8 94 1 5.65146 1
8 95 1 -0.260972 1
8 17 1 -1.14543 1
9 64 1 -2.90726 1
9 65 1 -2.73403 1
9 66 1 1.56659 1
9 67 1 0.529223 1
9 68 1 -1.82627 1
9 69 1 0.758355 1
9 70 1 -6.36275 1
9 71 1 -0.93493 1
9 72 1 2.08109 1
9 73 1 -1.2802 1
9 74 1 0.560437 1
9 75 1 1.18668 1
9 76 1 2.5345 1
9 77 1 -0.194085 1
9 78 1 3.6116 1
9 79 1 1.44271 1
9 80 1 -1.65852 1
9 81 1 0.371915 1
9 82 1 -3.15583 1
9 83 1 0.35545 1
9 84 1 2.65342 1
9 85 1 2.06795 1
9 86 1 -0.999308 1
9 87 1 0.0957187 1
9 88 1 0.0729508 1
9 89 1 4.04824 1
9 90 1 -2.2021 1
9 91 1 0.766303 1
9 92 1 -0.913614 1
9 93 1 -0.0800474 1
9 94 1 -3.55369 1
9 95 1 0.772023 1
9 103 1 -0.402902 1
9 130 1 -1.09694 1
10 64 1 0.396688 1
10 65 1 -0.259956 1
10 66 1 6.20731 1
10 67 1 -4.40832 1
10 68 1 2.85859 1
10 69 1 -0.871597 1
10 70 1 -1.25494 1
10 71 1 0.166506 1
10 72 1 5.32197 1
10 73 1 3.99921 1
10 74 1 1.55799 0
10 75 1 0.426524 1
10 76 1 2.50446 1
10 77 1 0.972537 1
10 78 1 -0.67888 1
10 79 1 -5.48702 1
10 80 1 -1.85454 1
10 81 1 3.86427 1
10 82 1 1.60796 1
10 83 1 2.40268 1
10 84 1 4.54555 1
10 85 1 2.82999 1
10 86 1 -1.32048 1
10 87 1 -0.462845 1
10 88 1 3.86725 1
10 89 1 0.972782 1
10 90 1 -0.287888 1
10 91 1 4.20876 1
10 92 1 0.339006 1
10 93 1 -1.83543 1
10 94 1 3.32719 1
10 95 1 5.04446 1
10 124 1 1.48933 1
124 74 1 -0.0354947 1
11 64 1 2.93892 1
11 65 1 0.590489 1
11 66 1 3.46309 1
11 67 1 -1.06389 1
11 68 1 5.36415 1
11 69 1 0.10679 1
11 70 1 2.63287 1
11 71 1 1.45374 1
11 72 1 -3.12881 1
11 73 1 0.553045 1
11 74 1 -0.499149 0
11 75 1 -1.35456 1
11 76 1 -1.80057 1
11 77 1 -1.01984 1
11 78 1 -0.721831 1
11 79 1 -0.864548 1
11 80 1 -2.74211 1
11 81 1 0.0115418 1
11 82 1 5.55446 0
11 83 1 1.43629 1
11 84 1 1.33852 1
11 85 1 -1.31141 1
11 86 1 -4.10117 1
11 87 1 -1.09689 1
11 88 1 -5.24913 1
11 89 1 0.0412206 1
11 90 1 -1.19135 1
11 91 1 -0.821774 1
11 92 1 -2.22113 1
11 93 1 2.78828 1
11 94 1 -0.439676 1
11 95 1 -3.86661 1
11 120 1 -4.52333 1
11 109 1 -0.865625 1
11 154 1 0.840639 1
154 82 1 5.62078 1
120 74 1 -3.08573 1
120 13 1 -0.416511 0
120 150 1 1.93575 1
150 13 1 0.572281 1
12 64 1 -1.68464 1
12 65 1 -1.06826 1
12 66 1 -0.0909517 1
12 67 1 -2.521 1
12 68 1 0.547882 1
12 69 1 1.70708 1
12 70 1 -0.0255398 1
12 71 1 1.53237 1
12 72 1 1.96917 1
12 73 1 -4.08272 1
12 74 1 -3.07212 1
12 75 1 -1.75632 1
12 76 1 -0.578 1
12 77 1 1.82275 1
12 78 1 -0.735688 1
12 79 1 -1.12391 1
12 80 1 -4.08328 1
12 81 1 -2.45533 1
12 82 1 3.06641 1
12 83 1 0.561999 1
12 84 1 1.11407 1
12 85 1 -2.98389 1
12 86 1 -1.89995 1
12 87 1 0.0713157 1
12 88 1 -3.5052 1
12 89 1 2.28099 1
12 90 1 -0.98345 1
12 91 1 -1.92596 1
12 92 1 2.19649 1
12 93 1 -2.50507 1
12 94 1 2.7454 1
12 95 1 -2.11474 1
12 17 1 0.0126053 1
12 18 1 0.0574331 1
12 144 1 -1.50871 1
13 64 1 0.058425 1
13 65 1 -4.43806 1
13 66 1 -1.13619 1
13 67 1 1.83073 1
13 68 1 1.66897 1
13 69 1 -2.78538 1
13 70 1 -0.00606134 1
13 71 1 1.63302 1
13 72 1 0.710337 1
13 73 1 -3.08588 1
13 74 1 -3.49348 1
13 75 1 -0.963048 1
13 76 1 -0.931476 1
13 77 1 -0.892377 1
13 78 1 1.42622 1
13 79 1 1.51822 1
13 80 1 1.8497 1
13 81 1 0.647694 1
13 82 1 0.369502 1
13 83 1 2.99989 1
13 84 1 -2.32673 1
13 85 1 6.39736 1
13 86 1 5.60034 1
13 87 1 7.49809 1
13 88 1 3.66436 1
13 89 1 0.494409 1
13 90 1 -4.1534 1
13 91 1 -4.79499 1
13 92 1 -1.22138 1
13 93 1 -3.06996 1
13 94 1 1.33031 1
13 95 1 -3.61868 1
14 64 1 -2.37159 1
14 65 1 6.1594 1
14 66 1 -0.0915052 1
14 67 1 -0.349162 1
14 68 1 -2.06624 1
14 69 1 1.99945 1
14 70 1 -1.28341 1
14 71 1 1.47428 1
14 72 1 1.83895 1
14 73 1 0.362859 1
14 74 1 0.838773 1
14 75 1 2.40728 1
14 76 1 -3.19473 1
14 77 1 3.06499 1
14 78 1 -2.21046 1
14 79 1 -1.37261 1
14 80 1 -0.805715 1
14 81 1 2.11379 0
14 82 1 4.66267 1
14 83 1 -0.089917 1
14 84 1 1.0449 1
14 85 1 -1.55757 1
14 86 1 2.2531 1
14 87 1 -0.629225 1
14 88 1 -1.46714 1
14 89 1 -0.343312 1
14 90 1 0.382523 1
14 91 1 4.13319 1
14 92 1 3.49136 1
14 93 1 1.42544 1
14 94 1 5.7432 1
14 95 1 1.06214 1
14 104 1 -1.92902 1
14 119 1 2.31212 1
119 81 1 5.60925 1
119 99 1 -1.13095 1
15 64 1 -0.270959 1
15 65 1 0.796166 1
15 66 1 -3.39854 1
15 67 1 -1.18419 1
15 68 1 1.07049 1
15 69 1 -1.95248 1
15 70 1 7.2646 1
15 71 1 -0.877332 1
15 72 1 -1.04391 1
15 73 1 -0.48083 1
15 74 1 1.77432 1
15 75 1 -1.10752 1
15 76 1 -0.599863 1
15 77 1 0.735622 1
15 78 1 -2.69073 1
15 79 1 0.22503 1
15 80 1 2.09704 1
15 81 1 -0.105369 1
15 82 1 -3.38613 1
15 83 1 -0.491475 1
15 84 1 0.960438 1
15 85 1 -1.38426 1
15 86 1 1.14898 1
15 87 1 -5.73552 1
15 88 1 0.212576 1
15 89 1 2.37707 1
15 90 1 -0.0134652 1
15 91 1 -4.73587 1
15 92 1 1.86365 1
15 93 1 -2.24585 1
15 94 1 1.2342 1
15 95 1 2.25202 1
15 20 1 -0.177324 1
16 64 1 3.72764 1
16 65 1 0.0613174 1
16 66 1 -2.49853 1
16 67 1 -4.0826 1
16 68 1 1.20525 1
16 69 1 -0.638101 1
16 70 1 1.68599 1
16 71 1 3.92176 1
16 72 1 -1.02188 1
16 73 1 -2.16583 1
16 74 1 -0.579234 1
16 75 1 1.38922 1
16 76 1 0.720788 1
16 77 1 1.60604 1
16 78 1 -2.08745 1
16 79 1 -0.0958052 0
16 80 1 -0.527123 1
16 81 1 2.79974 1
16 82 1 -2.8035 1
16 83 1 2.99027 1
16 84 1 -1.4873 1
16 85 1 -2.04394 1
16 86 1 -0.84408 1
16 87 1 -2.08435 1
16 88 1 0.295337 1
16 89 1 1.75909 1
16 90 1 -2.18338 1
16 91 1 1.96947 1
16 92 1 4.53929 1
16 93 1 -1.38337 1
16 94 1 -1.02578 1
16 95 1 -2.59107 1
16 26 1 -0.554016 1
16 151 1 0.163431 1
151 79 1 -0.326516 1
17 64 1 -2.97596 1
17 65 1 -0.589579 1
17 66 1 -1.78829 1
17 67 1 4.17014 1
17 68 1 -2.20978 1
17 69 1 1.89167 1
17 70 1 0.34527 1
17 71 1 2.20664 1
17 72 1 -5.17261 0
17 73 1 1.7915 1
17 74 1 3.23829 1
17 75 1 -0.262876 1
17 76 1 -0.752319 1
17 77 1 3.18424 1
17 78 1 -0.666458 1
17 79 1 -2.45413 1
17 80 1 5.42693 1
17 81 1 2.87126 1
17 82 1 -0.476381 1
17 83 1 -0.769952 1
17 84 1 -3.52342 1
17 85 1 1.407 1
17 86 1 0.0555568 1
17 87 1 -2.58641 1
17 88 1 -6.06595 1
17 89 1 2.89889 1
17 90 1 -3.78652 1
17 91 1 5.77987 1
17 92 1 0.198628 1
17 93 1 3.9445 1
17 94 1 3.30514 1
17 95 1 1.37185 1
17 146 1 2.02164 1
146 72 1 -4.6418 1
18 64 1 2.59641 1
18 65 1 -2.34804 1
18 66 1 2.54874 1
18 67 1 0.564693 1
18 68 1 -0.202667 1
18 69 1 0.198357 1
18 70 1 2.07817 1
18 71 1 0.0135076 1
18 72 1 2.29476 1
18 73 1 0.00832317 1
18 74 1 1.69523 1
18 75 1 -0.459443 1
18 76 1 5.02168 1
18 77 1 -2.05635 1
18 78 1 3.22392 1
18 79 1 1.2996 1
18 80 1 -5.48966 1
18 81 1 2.61957 1
18 82 1 -2.53252 1
18 83 1 2.91492 1
18 84 1 -1.55866 1
18 85 1 0.636217 1
18 86 1 6.37829 1
18 87 1 -1.4905 1
18 88 1 1.50431 1
18 89 1 -2.66415 1
18 90 1 0.208353 1
18 91 1 1.20544 1
18 92 1 -2.20089 1
18 93 1 0.150956 1
18 94 1 -0.8084 1
18 95 1 0.832425 1
18 25 1 -0.351226 1
18 18 1 -0.56395 1
18 139 1 0.836353 1
19 64 1 5.3129 1
19 65 1 -1.57288 1
19 66 1 4.25363 1
19 67 1 -0.728065 1
19 68 1 -3.50154 1
19 69 1 1.91067 1
19 70 1 -0.0056418 1
19 71 1 -1.78099 1
19 72 1 2.03537 1
19 73 1 1.95013 1
19 74 1 -1.01018 1
19 75 1 0.795736 1
19 76 1 -2.36654 1
19 77 1 -3.11451 1
19 78 1 -2.71858 1
19 79 1 4.38603 1
19 80 1 -0.182816 1
19 81 1 -3.13426 1
19 82 1 0.251063 1
19 83 1 -4.76087 1
19 84 1 0.700813 1
19 85 1 1.35266 1
19 86 1 0.0512828 1
19 87 1 3.19266 1
19 88 1 -0.550913 1
19 89 1 4.33472 1
19 90 1 -1.11475 1
19 91 1 -1.35248 1
19 92 1 -0.399029 1
19 93 1 -4.20988 1
19 94 1 -2.13426 1
19 95 1 -6.26453 1
20 64 1 2.38023 1
20 65 1 -0.105592 1
20 66 1 -2.31621 1
20 67 1 1.11877 1
20 68 1 -1.38671 1
20 69 1 1.40832 1
20 70 1 -3.84389 1
20 71 1 3.7928 1
20 72 1 2.41856 1
20 73 1 2.0826 1
20 74 1 2.95214 1
20 75 1 2.97292 1
20 76 1 -0.155774 1
20 77 1 -0.590377 1
20 78 1 1.26914 1
20 79 1 1.4957 1
20 80 1 0.666406 1
20 81 1 1.24384 1
20 82 1 2.5566 1
20 83 1 2.27286 1
20 84 1 2.88946 1
20 85 1 -4.2387 1
20 86 1 0.196254 1
20 87 1 -0.0923116 1
20 88 1 1.3785 1
20 89 1 -0.0721087 1
20 90 1 3.45834 1
20 91 1 0.391245 0
20 92 1 1.36634 1
20 93 1 1.26529 0
20 94 1 4.07297 0
20 95 1 -0.817273 1
20 96 1 -4.14764 1
20 98 1 0.790942 1
20 103 1 1.12472 1
20 109 1 0.328064 1
103 91 1 0.693979 0
103 105 1 3.09293 1
103 112 1 -1.97017 0
103 123 1 -1.11128 1
103 140 1 -1.82802 1
140 112 1 2.31836 1
123 91 1 0.955035 1
123 113 1 0.899145 0
123 136 1 1.00246 1
123 137 1 -0.19186 1
136 113 1 -2.26496 1
105 91 1 2.89605 0
105 129 1 0.593719 1
129 91 1 -0.511078 0
129 135 1 2.69099 1
129 116 1 1.562 1
135 91 1 -1.18465 1
98 93 1 0.334292 1
98 99 1 4.87626 1
98 15 1 0.196037 1
96 94 1 1.19481 1
96 20 1 -0.237724 1
21 64 1 2.58619 1
21 65 1 6.3295 1
21 66 1 -2.82827 1
21 67 1 -4.45015 1
21 68 1 -1.90026 1
21 69 1 1.63063 1
21 70 1 -0.964383 1
21 71 1 -3.487 1
21 72 1 -7.93656 1
21 73 1 -1.94142 1
21 74 1 -0.584515 1
21 75 1 1.34769 1
21 76 1 -1.46044 1
21 77 1 -1.33187 1
21 78 1 -1.52979 1
21 79 1 -1.44451 1
21 80 1 1.83801 1
21 81 1 -1.47596 1
21 82 1 -0.927391 1
21 83 1 -1.05957 1
21 84 1 5.83191 1
21 85 1 -0.0691922 1
21 86 1 0.793156 1
21 87 1 -0.965825 1
21 88 1 4.15202 1
21 89 1 1.02986 1
21 90 1 1.18949 1
21 91 1 0.757565 0
21 92 1 1.76687 1
21 93 1 1.62078 1
21 94 1 -3.90706 1
21 95 1 -0.539394 1
21 143 1 2.32126 1
143 91 1 -1.6973 1
22 64 1 1.776 1
22 65 1 0.0655599 1
22 66 1 -0.373007 1
22 67 1 4.68589 1
22 68 1 -0.105631 1
22 69 1 -1.61696 1
22 70 1 -2.50155 1
22 71 1 0.741746 1
22 72 1 -4.49022 1
22 73 1 -0.046935 1
22 74 1 -5.7178 1
22 75 1 -2.26207 1
22 76 1 1.61231 1
22 77 1 -0.523436 1
22 78 1 4.30099 1
22 79 1 5.95181 1
22 80 1 -0.465964 1
22 81 1 -0.543648 1
22 82 1 0.868288 1
22 83 1 -0.808287 1
22 84 1 -1.94455 1
22 85 1 0.851387 1
22 86 1 0.442532 1
22 87 1 6.13052 1
22 88 1 -2.89111 1
22 89 1 -1.00641 1
22 90 1 2.3452 1
22 91 1 0.481306 1
22 92 1 1.89059 1
22 93 1 1.76488 1
22 94 1 4.21047 1
22 95 1 2.86862 1
23 64 1 -2.56071 1
23 65 1 1.54781 1
23 66 1 1.13562 1
23 67 1 2.01541 1
23 68 1 -2.60221 1
23 69 1 1.8179 1
23 70 1 5.07363 1
23 71 1 -3.51089 1
23 72 1 -0.0385488 1
23 73 1 -1.83759 1
23 74 1 2.60963 1
23 75 1 1.02615 1
23 76 1 2.18925 1
23 77 1 2.52257 1
23 78 1 0.123035 1
23 79 1 -3.51583 1
23 80 1 1.18976 1
23 81 1 1.48443 1
23 82 1 -2.18859 1
23 83 1 1.6487 1
23 84 1 4.11727 1
23 85 1 -2.42794 1
23 86 1 -8.67771 1
23 87 1 0.43726 1
23 88 1 2.2425 1
23 89 1 0.519972 1
23 90 1 -2.7456 1
23 91 1 -1.83833 1
23 92 1 1.22249 1
23 93 1 3.07831 1
23 94 1 -2.73513 1
23 95 1 0.849429 1
23 107 1 1.24256 1
23 27 1 -0.771439 1
24 64 1 -1.58548 1
24 65 1 2.40517 1
24 66 1 -1.44704 1
24 67 1 4.92546 1
24 68 1 -4.68968 1
24 69 1 3.16208 1
24 70 1 0.71136 1
24 71 1 4.67349 1
24 72 1 1.15008 1
24 73 1 0.952736 1
24 74 1 -0.590551 1
24 75 1 1.14521 1
24 76 1 -0.266489 1
24 77 1 -0.297301 1
24 78 1 -3.6148 1
24 79 1 -1.86918 1
24 80 1 3.95328 1
24 81 1 1.51466 1
24 82 1 -0.188761 1
24 83 1 -3.17799 1
24 84 1 -4.18706 1
24 85 1 -1.93484 1
24 86 1 -5.27258 1
24 87 1 2.37702 1
24 88 1 -2.28375 1
24 89 1 6.37036 1
24 90 1 3.19336 1
24 91 1 -2.985 1
24 92 1 -1.47035 1
24 93 1 0.262321 1
24 94 1 -1.35309 1
24 95 1 -1.53748 1
24 5 1 0.730573 1
25 64 1 0.898591 1
25 65 1 1.5107 1
25 66 1 -1.00779 1
25 67 1 -1.64386 1
25 68 1 2.48433 1
25 69 1 -4.18117 1
25 70 1 1.236 0
25 71 1 -1.71334 1
25 72 1 2.48055 1
25 73 1 0.2778 1
25 74 1 1.7003 1
25 75 1 -3.49384 1
25 76 1 -1.03394 1
25 77 1 -0.103588 1
25 78 1 2.84533 1
25 79 1 0.404084 1
25 80 1 -0.631437 1
25 81 1 -2.71177 1
25 82 1 -0.924213 1
25 83 1 4.34712 1
25 84 1 -1.77954 1
25 85 1 -1.98535 1
25 86 1 1.6319 1
25 87 1 2.21446 1
25 88 1 -0.000676602 1
25 89 1 0.748547 1
25 90 1 -1.66402 1
25 91 1 1.22796 1
25 92 1 2.04072 1
25 93 1 -1.16928 1
25 94 1 -2.09762 1
25 95 1 -3.12162 1
25 8 1 0.432681 1
25 6 1 -1.94692 1
25 121 1 -2.60263 1
121 70 1 6.84477 1
26 64 1 -2.08467 1
26 65 1 2.02199 1
26 66 1 0.193509 1
26 67 1 0.763845 1
26 68 1 0.345408 1
26 69 1 2.5927 1
26 70 1 -3.35054 1
26 71 1 1.51959 1
26 72 1 -2.61135 1
26 73 1 0.703826 1
26 74 1 -6.73524 1
26 75 1 2.32876 1
26 76 1 0.354167 1
26 77 1 -4.02958 1
26 78 1 2.7426 1
26 79 1 -1.06553 1
26 80 1 0.349527 1
26 81 1 4.38834 1
26 82 1 1.91121 1
26 83 1 1.28664 1
26 84 1 -4.91313 1
26 85 1 1.73699 1
26 86 1 -4.12776 1
26 87 1 0.913928 1
26 88 1 -3.91284 1
26 89 1 -0.416425 1
26 90 1 -2.64788 1
26 91 1 -3.37646 1
26 92 1 0.31369 1
26 93 1 -0.452272 1
26 94 1 2.12201 1
26 95 1 -0.787238 1
26 23 1 3.72565 1
26 15 1 2.74836 1
27 64 1 -4.04152 1
27 65 1 3.66669 1
27 66 1 3.14515 1
27 67 1 -0.0841776 1
27 68 1 1.5597 1
27 69 1 1.73331 1
27 70 1 3.90814 1
27 71 1 -5.94913 1
27 72 1 -1.22318 1
27 73 1 1.48076 1
27 74 1 -1.75031 1
27 75 1 2.91688 1
27 76 1 -2.99841 1
27 77 1 -1.12407 1
27 78 1 -0.330584 1
27 79 1 1.6185 1
27 80 1 -2.15865 1
27 81 1 -1.80811 1
27 82 1 1.46602 1
27 83 1 -0.353273 1
27 84 1 1.02933 1
27 85 1 0.0370001 1
27 86 1 -1.75983 1
27 87 1 0.414521 1
27 88 1 -4.06833 1
27 89 1 -4.68591 1
27 90 1 2.45006 1
27 91 1 -2.29649 1
27 92 1 -0.782474 1
27 93 1 -0.343175 1
27 94 1 2.81521 1
27 95 1 -0.393944 1
27 9 1 1.56852 1
27 5 1 -1.87851 1
28 64 1 3.69512 1
28 65 1 -0.427525 1
28 66 1 -1.96025 1
28 67 1 4.73212 1
28 68 1 4.09104 1
28 69 1 2.73609 1
28 70 1 0.143031 1
28 71 1 -0.623121 1
28 72 1 -6.94379 1
28 73 1 0.721816 1
28 74 1 -1.59063 1
28 75 1 0.784946 1
28 76 1 0.606743 1
28 77 1 2.39511 1
28 78 1 -2.76549 1
28 79 1 0.316751 1
28 80 1 2.03621 1
28 81 1 -1.25528 1
28 82 1 3.60456 1
28 83 1 2.40859 1
28 84 1 3.75715 1
28 85 1 -7.22391 1
28 86 1 -1.89251 1
28 87 1 -0.408562 1
28 88 1 -3.35543 1
28 89 1 1.49943 1
28 90 1 -2.08815 1
28 91 1 -1.08571 1
28 92 1 4.16411 1
28 93 1 -2.46354 1
28 94 1 5.52379 1
28 95 1 -3.32742 1
29 64 1 -1.23474 1
29 65 1 -1.36911 1
29 66 1 -1.08115 1
29 67 1 1.54529 1
29 68 1 -6.45688 1
29 69 1 0.663447 1
29 70 1 -1.01108 1
29 71 1 -1.07875 1
29 72 1 -0.453384 1
29 73 1 -1.09538 1
29 74 1 0.0262105 1
29 75 1 0.439279 1
29 76 1 0.683171 1
29 77 1 1.80414 1
29 78 1 -4.07162 1
29 79 1 -2.52981 1
29 80 1 3.13347 1
29 81 1 1.3653 1
29 82 1 2.38759 1
29 83 1 -0.497834 1
29 84 1 1.70006 1
29 85 1 -1.43065 1
29 86 1 -2.631 1
29 87 1 -5.03267 1
29 88 1 -1.67332 1
29 89 1 -2.68346 1
29 90 1 -1.45205 1
29 91 1 0.207637 1
29 92 1 1.64115 1
29 93 1 1.35265 1
29 94 1 -3.19361 1
29 95 1 -0.142395 1
29 113 1 1.24295 1
30 64 1 -0.647005 1
30 65 1 2.28884 1
30 66 1 4.49624 1
30 67 1 0.394427 1
30 68 1 1.49073 1
30 69 1 2.4167 1
30 70 1 1.66347 1
30 71 1 -2.72977 1
30 72 1 -0.547291 1
30 73 1 2.39284 1
30 74 1 -0.416783 1
30 75 1 3.36485 1
30 76 1 3.44392 1
30 77 1 -1.5855 1
30 78 1 2.00807 1
30 79 1 3.86891 1
30 80 1 -1.6904 1
30 81 1 -2.06686 1
30 82 1 3.5866 1
30 83 1 3.86545 1
30 84 1 1.9709 1
30 85 1 -2.19803 1
30 86 1 -1.25747 1
30 87 1 -1.92085 1
30 88 1 1.37093 1
30 89 1 -1.89953 1
30 90 1 0.878746 1
30 91 1 5.17729 1
30 92 1 -1.9352 1
30 93 1 1.10277 1
30 94 1 1.25659 1
30 95 1 -0.32519 1
30 28 1 0.701979 1
31 64 1 3.16986 1
31 65 1 -1.27775 1
31 66 1 -2.91749 1
31 67 1 5.89631 1
31 68 1 2.62663 1
31 69 1 -0.720247 1
31 70 1 -2.35763 1
31 71 1 2.13424 1
31 72 1 -2.96193 1
31 73 1 -2.39372 1
31 74 1 3.46137 1
31 75 1 1.93367 1
31 76 1 1.0462 1
31 77 1 -0.088973 1
31 78 1 -2.21066 1
31 79 1 0.824128 1
31 80 1 -0.784858 1
31 81 1 -3.17239 1
31 82 1 -0.542396 1
31 83 1 -1.25559 1
31 84 1 -3.74371 1
31 85 1 -3.68134 1
31 86 1 1.66868 1
31 87 1 -3.04731 0
31 88 1 4.58058 1
31 89 1 -1.50287 1
31 90 1 -0.576754 1
31 91 1 -3.26249 1
31 92 1 0.047711 1
31 93 1 0.472944 1
31 94 1 0.00740739 1
31 95 1 -2.05435 1
31 122 1 2.22411 1
31 10 1 -0.713089 1
122 87 1 0.231493 1
32 64 1 8.41973 1
32 65 1 0.791206 1
32 66 1 -3.28783 1
32 67 1 1.41434 1
32 68 1 1.14174 1
32 69 1 2.6039 1
32 70 1 0.761287 1
32 71 1 2.99866 1
32 72 1 -4.59959 1
32 73 1 1.48934 1
32 74 1 -1.24058 1
32 75 1 2.98948 1
32 76 1 -1.63966 1
32 77 1 3.68324 1
32 78 1 -0.606862 1
32 79 1 1.40276 1
32 80 1 -1.18787 1
32 81 1 -2.82196 1
32 82 1 -2.8526 1
32 83 1 -3.98491 1
32 84 1 1.24627 1
32 85 1 -2.9372 1
32 86 1 0.462278 1
32 87 1 -0.504627 1
32 88 1 -1.06423 1
32 89 1 -3.31123 1
32 90 1 2.32602 1
32 91 1 -2.33501 1
32 92 1 2.52652 1
32 93 1 1.3225 1
32 94 1 0.69599 1
32 95 1 -1.55672 1
33 64 1 3.17083 1
33 65 1 -5.30998 1
33 66 1 -1.25613 1
33 67 1 -2.30267 1
33 68 1 -0.592856 1
33 69 1 -1.76058 1
33 70 1 3.58738 1
33 71 1 4.39567 1
33 72 1 1.26833 1
33 73 1 2.87533 1
33 74 1 1.9783 1
33 75 1 -6.40088 1
33 76 1 -2.49914 1
33 77 1 1.7848 1
33 78 1 -3.33683 1
33 79 1 -3.65406 1
33 80 1 0.835905 1
33 81 1 -1.84532 1
33 82 1 0.975277 1
33 83 1 -0.0465782 1
33 84 1 1.45075 1
33 85 1 2.21073 1
33 86 1 2.82716 1
33 87 1 2.11759 1
33 88 1 2.36497 1
33 89 1 5.52597 1
33 90 1 -2.23151 1
33 91 1 -0.356476 1
33 92 1 3.1173 1
33 93 1 2.08113 1
33 94 1 -0.629822 1
33 95 1 -0.945591 1
33 20 1 -2.59687 1
33 107 1 0.088475 1
33 13 1 0.464998 1
34 64 1 -0.516962 1
34 65 1 -0.104049 1
34 66 1 1.35049 1
34 67 1 0.763903 1
34 68 1 0.718703 1
34 69 1 -1.62031 1
34 70 1 -1.97423 1
34 71 1 -2.02743 1
34 72 1 -2.29155 1
34 73 1 -3.67332 1
34 74 1 1.62832 1
34 75 1 6.80024 1
34 76 1 -0.563277 1
34 77 1 -0.62619 1
34 78 1 -1.98213 1
34 79 1 2.25766 1
34 80 1 2.26207 1
34 81 1 -1.59618 1
34 82 1 0.353872 1
34 83 1 1.14916 1
34 84 1 0.516461 1
34 85 1 -0.203614 1
34 86 1 -0.640084 1
34 87 1 -0.394214 1
34 88 1 1.51198 1
34 89 1 -1.90224 1
34 90 1 -6.08827 1
34 91 1 2.94627 1
34 92 1 2.31105 1
34 93 1 -3.28028 1
34 94 1 3.82054 1
34 95 1 2.3418 1
34 113 1 -0.268543 1
35 64 1 0.395599 1
35 65 1 -0.973559 1
35 66 1 -0.528547 1
35 67 1 3.91615 1
35 68 1 0.276171 1
35 69 1 3.95141 1
35 70 1 2.35167 1
35 71 1 2.65016 1
35 72 1 2.73595 1
35 73 1 7.69304 1
35 74 1 1.26691 1
35 75 1 -0.182403 1
35 76 1 -4.1986 1
35 77 1 0.0880184 1
35 78 1 -0.950287 1
35 79 1 1.88252 1
35 80 1 -6.68455 1
35 81 1 -1.10107 1
35 82 1 3.52381 0
35 83 1 -0.226992 1
35 84 1 4.21634 1
35 85 1 -4.54802 1
35 86 1 -1.30121 1
35 87 1 -1.81 1
35 88 1 0.3367 1
35 89 1 1.27766 0
35 90 1 -0.857386 1
35 91 1 -1.21498 1
35 92 1 -2.74104 1
35 93 1 -3.2257 1
35 94 1 -1.4225 1
35 95 1 0.23662 1
35 130 1 1.32396 1
35 133 1 3.8745 1
133 82 1 2.11551 1
130 89 1 1.86227 1
36 64 1 0.422036 1
36 65 1 1.56659 1
36 66 1 0.239308 1
36 67 1 -0.322402 1
36 68 1 -5.52982 1
36 69 1 -2.52676 1
36 70 1 -1.38839 1
36 71 1 0.822109 1
36 72 1 -2.07023 1
36 73 1 0.231213 1
36 74 1 -0.958252 1
36 75 1 0.124566 1
36 76 1 1.79804 1
36 77 1 -4.99954 1
36 78 1 1.01771 1
36 79 1 2.74839 1
36 80 1 2.32901 1
36 81 1 -0.855636 1
36 82 1 -1.32532 0
36 83 1 -0.953436 1
36 84 1 2.78058 1
36 85 1 -2.98341 1
36 86 1 1.4143 1
36 87 1 -0.506806 1
36 88 1 -0.111083 1
36 89 1 0.432662 1
36 90 1 -3.22416 1
36 91 1 1.40875 1
36 92 1 3.95971 1
36 93 1 0.322693 1
36 94 1 -2.06571 1
36 95 1 5.83273 1
36 109 1 -0.00345431 0
36 24 1 -1.9567 1
36 117 1 2.21343 1
117 109 1 1.07854 1
117 4 1 -0.0183101 1
109 82 1 0.319671 1
109 31 1 0.539236 1
37 64 1 -3.72034 1
37 65 1 1.77395 1
37 66 1 -2.66204 1
37 67 1 -2.57636 1
37 68 1 -4.21626 1
37 69 1 3.38483 1
37 70 1 -4.00678 1
37 71 1 -1.01072 1
37 72 1 3.08967 1
37 73 1 2.43999 1
37 74 1 -0.702798 1
37 75 1 0.346575 1
37 76 1 3.41098 0
37 77 1 3.89205 1
37 78 1 -0.76807 1
37 79 1 1.94016 1
37 80 1 4.61249 1
37 81 1 1.39365 1
37 82 1 4.51679 1
37 83 1 1.81584 1
37 84 1 -4.30613 1
37 85 1 0.711881 1
37 86 1 -0.874315 1
37 87 1 1.93145 1
37 88 1 -2.42366 1
37 89 1 -2.6688 1
37 90 1 -1.20614 1
37 91 1 1.57261 1
37 92 1 2.96752 1
37 93 1 0.81818 1
37 94 1 -3.11403 1
37 95 1 0.374375 1
37 142 1 1.56545 1
142 76 1 -1.91365 1
142 147 1 -1.27401 1
38 64 1 0.13335 1
38 65 1 -1.84673 1
38 66 1 -1.0216 1
38 67 1 -0.9713 1
38 68 1 -1.43483 1
38 69 1 -5.38765 1
38 70 1 0.148988 1
38 71 1 0.972261 1
38 72 1 1.81954 1
38 73 1 1.56473 1
38 74 1 -2.01354 1
38 75 1 1.29094 1
38 76 1 2.33707 1
38 77 1 -0.550159 1
38 78 1 -0.681636 1
38 79 1 -0.707556 1
38 80 1 -3.4873 1
38 81 1 -0.833028 1
38 82 1 2.99799 1
38 83 1 0.0275312 1
38 84 1 -1.91438 1
38 85 1 -3.3698 1
38 86 1 0.144302 1
38 87 1 -0.319716 1
38 88 1 1.63277 1
38 89 1 3.68947 1
38 90 1 -0.128947 1
38 91 1 1.67793 1
38 92 1 1.35199 0
38 93 1 -1.28236 1
38 94 1 -0.407291 1
38 95 1 -2.9134 1
38 148 1 2.05675 1
148 92 1 3.44887 1
39 64 1 1.49328 1
39 65 1 -1.64858 1
39 66 1 1.5188 1
39 67 1 -0.317597 1
39 68 1 1.38889 1
39 69 1 -0.131859 1
39 70 1 1.23068 1
39 71 1 -0.755519 1
39 72 1 -2.76306 1
39 73 1 -5.01563 1
39 74 1 0.952652 1
39 75 1 2.75618 0
39 76 1 3.79875 1
39 77 1 0.404796 1
39 78 1 -2.94057 1
39 79 1 -3.36777 1
39 80 1 1.48268 1
39 81 1 -3.32753 1
39 82 1 -0.544525 1
39 83 1 -0.339037 1
39 84 1 -2.81528 1
39 85 1 -0.601329 1
39 86 1 1.58997 1
39 87 1 0.660465 1
39 88 1 -1.60625 1
39 89 1 -0.0435601 1
39 90 1 3.62699 1
39 91 1 -0.90506 1
39 92 1 4.44222 1
39 93 1 1.73082 1
39 94 1 -4.99123 1
39 95 1 -2.14221 1
39 2 1 -4.74198 1
39 112 1 3.79041 1
39 13 1 -1.47799 1
39 104 1 0.132392 1
112 75 1 -2.22425 1
112 138 1 -1.38317 1
40 64 1 -5.31185 1
40 65 1 -1.74624 1
40 66 1 2.67581 1
40 67 1 -0.333149 1
40 68 1 2.81294 1
40 69 1 2.04863 1
40 70 1 -1.40029 1
40 71 1 0.243344 1
40 72 1 2.95492 1
40 73 1 1.42243 1
40 74 1 -2.44162 1
40 75 1 0.733859 1
40 76 1 -2.88791 1
40 77 1 2.80995 1
40 78 1 1.58532 1
40 79 1 -1.38293 1
40 80 1 -0.705292 1
40 81 1 -0.0514415 1
40 82 1 1.33081 1
40 83 1 -3.58301 1
40 84 1 -0.282965 1
40 85 1 1.65261 1
40 86 1 2.74613 1
40 87 1 2.10378 1
40 88 1 0.590614 1
40 89 1 -1.35072 1
40 90 1 -2.20625 1
40 91 1 -1.63354 1
40 92 1 -3.60643 1
40 93 1 1.76707 1
40 94 1 -0.425945 1
40 95 1 1.23386 1
40 2 1 -0.712631 1
40 134 1 0.513281 1
41 64 1 5.34484 1
41 65 1 -1.15048 1
41 66 1 1.21431 1
41 67 1 0.780411 1
41 68 1 2.55177 1
41 69 1 -0.946284 1
41 70 1 0.923556 1
41 71 1 0.485917 1
41 72 1 3.8476 1
41 73 1 -4.92513 1
41 74 1 0.220948 1
41 75 1 2.795 1
41 76 1 -3.82796 1
41 77 1 -1.77288 1
41 78 1 -2.58477 1
41 79 1 1.57673 1
41 80 1 2.01397 1
41 81 1 3.21345 1
41 82 1 -1.45824 1
41 83 1 2.29959 1
41 84 1 -3.29617 1
41 85 1 -0.527947 1
41 86 1 0.543581 1
41 87 1 1.16757 1
41 88 1 2.97912 1
41 89 1 -3.25845 1
41 90 1 -2.81025 1
41 91 1 -1.07746 1
41 92 1 -0.241102 1
41 93 1 -1.04128 1
41 94 1 -1.5102 1
41 95 1 -1.01868 1
41 11 1 3.44014 1
41 29 1 -1.01585 1
41 97 1 -1.9075 1
42 64 1 1.01389 1
42 65 1 0.368477 1
42 66 1 0.1768 1
42 67 1 -0.261613 1
42 68 1 -2.70361 1
42 69 1 0.770876 1
42 70 1 -1.34365 1
42 71 1 -0.792323 1
42 72 1 -1.26255 1
42 73 1 -3.18949 1
42 74 1 3.39112 1
42 75 1 -1.52344 1
42 76 1 -2.31321 1
42 77 1 -0.183092 1
42 78 1 -2.41025 1
42 79 1 1.42224 1
42 80 1 -0.6439 1
42 81 1 2.7121 1
42 82 1 2.51891 1
42 83 1 2.85725 1
42 84 1 1.8639 1
42 85 1 1.0894 1
42 86 1 1.5794 1
42 87 1 -2.44583 1
42 88 1 -0.684154 1
42 89 1 -1.54168 1
42 90 1 1.46742 1
42 91 1 2.69997 1
42 92 1 -1.04977 1
42 93 1 2.44143 1
42 94 1 -2.52021 1
42 95 1 1.24722 1
43 64 1 2.81294 1
43 65 1 -3.84241 1
43 66 1 2.8284 1
43 67 1 1.72923 1
43 68 1 -0.362869 1
43 69 1 -1.8409 1
43 70 1 -0.0961896 1
43 71 1 -2.91645 1
43 72 1 -0.682589 1
43 73 1 -6.69081 1
43 74 1 2.59574 1
43 75 1 -2.6975 1
43 76 1 -0.841284 1
43 77 1 0.707846 1
43 78 1 0.129493 1
43 79 1 -3.14413 1
43 80 1 -0.723382 1
43 81 1 1.96973 1
43 82 1 2.15372 1
43 83 1 -2.38893 1
43 84 1 -0.208097 1
43 85 1 3.06559 1
43 86 1 1.01542 1
43 87 1 5.17022 1
43 88 1 0.165658 1
43 89 1 3.77489 1
43 90 1 -1.07166 1
43 91 1 -3.85519 1
43 92 1 4.38158 1
43 93 1 1.80413 1
43 94 1 -4.37855 1
43 95 1 1.66027 1
44 64 1 0.58398 1
44 65 1 -3.69986 1
44 66 1 1.32344 1
44 67 1 -3.07107 1
44 68 1 -0.743807 1
44 69 1 -1.61375 1
44 70 1 3.87906 1
44 71 1 2.40132 1
44 72 1 -2.03903 1
44 73 1 1.63541 1
44 74 1 -2.54989 1
44 75 1 -2.96335 1
44 76 1 0.0548328 1
44 77 1 2.86557 1
44 78 1 2.87061 1
44 79 1 1.13203 1
44 80 1 4.72851 1
44 81 1 -2.34297 1
44 82 1 -0.239346 1
44 83 1 -1.57473 1
44 84 1 -0.0451473 1
44 85 1 0.125894 1
44 86 1 1.07597 1
44 87 1 2.35794 1
44 88 1 0.0312514 1
44 89 1 1.62007 1
44 90 1 0.145154 1
44 91 1 -0.268342 1
44 92 1 -0.78765 1
44 93 1 3.61347 1
44 94 1 -1.92032 1
44 95 1 -1.26841 1
44 8 1 -0.697488 1
44 29 1 1.67417 1
45 64 1 -0.354833 1
45 65 1 2.68895 1
45 66 1 -0.747973 1
45 67 1 2.35305 1
45 68 1 -1.82652 1
45 69 1 -7.23209 1
45 70 1 -3.23605 1
45 71 1 0.752249 1
45 72 1 -5.83321 1
45 73 1 3.05152 1
45 74 1 3.13032 1
45 75 1 3.54804 1
45 76 1 -1.35641 1
45 77 1 0.248027 1
45 78 1 -2.52399 1
45 79 1 2.95164 1
45 80 1 -1.89543 1
45 81 1 0.1662 1
45 82 1 -0.867873 1
45 83 1 -3.93778 1
45 84 1 2.51621 1
45 85 1 -2.13249 1
45 86 1 1.87374 1
45 87 1 0.444128 1
45 88 1 0.588238 1
45 89 1 -4.39536 1
45 90 1 0.434798 1
45 91 1 4.30723 1
45 92 1 -2.77539 1
45 93 1 -6.8978 1
45 94 1 2.512 1
45 95 1 -3.71568 1
45 9 1 4.49478 1
45 20 1 -1.12503 1
46 64 1 -1.05285 1
46 65 1 -0.561711 1
46 66 1 4.14747 1
46 67 1 2.73103 1
46 68 1 -5.38743 1
46 69 1 -1.74691 1
46 70 1 1.34375 1
46 71 1 -1.52691 1
46 72 1 2.24209 1
46 73 1 -3.71199 1
46 74 1 -0.928172 1
46 75 1 1.68465 1
46 76 1 -5.04501 1
46 77 1 2.79883 1
46 78 1 -1.19466 1
46 79 1 -0.155313 1
46 80 1 3.92024 1
46 81 1 0.605044 1
46 82 1 1.62424 1
46 83 1 1.27466 1
46 84 1 0.115433 1
46 85 1 2.17899 1
46 86 1 -1.04729 1
46 87 1 3.57476 1
46 88 1 -1.14069 1
46 89 1 -3.43777 1
46 90 1 -2.58732 1
46 91 1 -0.0324871 1
46 92 1 1.87972 1
46 93 1 -1.39216 1
46 94 1 -2.06293 1
46 95 1 -0.41055 1
46 24 1 1.21226 1
47 64 1 -0.5999 1
47 65 1 -0.728407 1
47 66 1 -2.67344 1
47 67 1 3.57956 1
47 68 1 -1.5439 1
47 69 1 2.77004 1
47 70 1 -2.43873 1
47 71 1 0.898309 1
47 72 1 0.481712 1
47 73 1 5.01156 0
47 74 1 -2.09947 1
47 75 1 -1.61073 1
47 76 1 -2.05418 1
47 77 1 -8.61465 1
47 78 1 -2.75602 1
47 79 1 1.22149 1
47 80 1 3.84617 1
47 81 1 -5.78296 1
47 82 1 1.02897 1
47 83 1 -0.41596 1
47 84 1 -3.95887 1
47 85 1 -0.326139 1
47 86 1 -3.30999 1
47 87 1 4.49743 1
47 88 1 1.88612 1
47 89 1 1.06866 1
47 90 1 6.09061 1
47 91 1 0.487217 1
47 92 1 -0.258119 1
47 93 1 -0.312733 1
47 94 1 1.24777 1
47 95 1 -1.08185 1
47 4 1 -0.140975 1
47 137 1 1.82333 1
137 73 1 3.61439 1
48 64 1 -0.910774 1
48 65 1 -0.307242 1
48 66 1 0.871772 1
48 67 1 -1.85956 1
48 68 1 -5.34828 1
48 69 1 -3.83149 1
48 70 1 0.416037 1
48 71 1 0.885434 1
48 72 1 -3.73461 1
48 73 1 3.90065 1
48 74 1 4.85901 1
48 75 1 -4.18451 1
48 76 1 1.28432 1
48 77 1 -2.48214 1
48 78 1 -0.427861 1
48 79 1 2.42626 1
48 80 1 0.387254 1
48 81 1 -3.19006 1
48 82 1 0.61968 1
48 83 1 0.621971 1
48 84 1 0.841627 1
48 85 1 0.371217 1
48 86 1 -1.22046 1
48 87 1 -1.70243 1
48 88 1 -2.59053 1
48 89 1 0.135253 1
48 90 1 2.47578 1
48 91 1 0.770466 1
48 92 1 -5.7314 1
48 93 1 -0.692736 1
48 94 1 3.75231 1
48 95 1 2.90178 1
48 16 1 2.52829 1
48 12 1 0.625389 1
48 14 1 -2.22838 1
48 30 1 0.580634 1
49 64 1 0.496068 1
49 65 1 -2.7474 1
49 66 1 0.888469 1
49 67 1 -0.800856 1
49 68 1 -3.15746 1
49 69 1 -0.439817 1
49 70 1 1.03726 1
49 71 1 -3.51488 1
49 72 1 -0.458523 1
49 73 1 0.559572 1
49 74 1 3.74738 1
49 75 1 2.72278 1
49 76 1 -6.4227 1
49 77 1 -4.12611 1
49 78 1 -1.28271 1
49 79 1 2.17463 1
49 80 1 4.92553 1
49 81 1 -4.19237 1
49 82 1 1.2755 1
49 83 1 -1.99596 1
49 84 1 2.92696 1
49 85 1 -3.10599 1
49 86 1 -0.974977 1
49 87 1 -0.694161 1
49 88 1 -0.846333 1
49 89 1 1.1565 1
49 90 1 -1.21598 1
49 91 1 1.34023 1
49 92 1 3.12081 1
49 93 1 -0.717048 1
49 94 1 0.00257749 1
49 95 1 4.27425 1
49 19 1 -2.12197 1
49 31 1 -0.476444 1
49 15 1 -0.0518401 1
50 64 1 -5.12217 1
50 65 1 -1.94371 1
50 66 1 1.81639 1
50 67 1 -0.744845 1
50 68 1 2.84239 1
50 69 1 -1.11402 1
50 70 1 0.636531 1
50 71 1 6.98358 1
50 72 1 -0.92578 1
50 73 1 5.04491 1
50 74 1 -2.9303 1
50 75 1 2.00298 1
50 76 1 -1.48415 1
50 77 1 0.410765 1
50 78 1 2.5078 1
50 79 1 -2.13622 1
50 80 1 1.51198 1
50 81 1 0.480259 1
50 82 1 -1.2663 1
50 83 1 3.22561 1
50 84 1 -1.79003 1
50 85 1 1.52644 1
50 86 1 3.29124 1
50 87 1 -3.58392 1
50 88 1 -3.01548 1
50 89 1 0.619576 1
50 90 1 -0.378738 1
50 91 1 0.566829 1
50 92 1 0.275332 1
50 93 1 -0.0948735 1
50 94 1 -3.51074 1
50 95 1 1.76794 1
50 4 1 6.17805 1
50 22 1 -0.358975 1
51 64 1 -2.1837 1
51 65 1 2.55552 1
51 66 1 3.53027 1
51 67 1 -0.905139 1
51 68 1 -0.660669 1
51 69 1 -1.16512 1
51 70 1 1.857 1
51 71 1 4.10663 1
51 72 1 -4.39476 1
51 73 1 -2.70613 0
51 74 1 -1.71244 1
51 75 1 4.67816 1
51 76 1 -2.71126 1
51 77 1 2.52454 1
51 78 1 4.83346 1
51 79 1 0.804925 1
51 80 1 0.917031 1
51 81 1 -3.02823 1
51 82 1 0.041363 1
51 83 1 4.11375 1
51 84 1 -2.5881 1
51 85 1 -2.33087 1
51 86 1 0.281739 1
51 87 1 0.637455 1
51 88 1 1.6404 1
51 89 1 0.595597 1
51 90 1 1.64996 1
51 91 1 -0.818496 1
51 92 1 2.7246 1
51 93 1 5.27346 1
51 94 1 -4.8029 1
51 95 1 -2.65837 1
51 116 1 0.374137 1
51 12 1 -0.711616 1
116 73 1 0.487564 0
116 134 1 2.08993 1
134 73 1 2.75515 1
52 64 1 -1.92861 1
52 65 1 3.57952 1
52 66 1 1.76778 1
52 67 1 0.262009 1
52 68 1 1.09102 1
52 69 1 5.93183 1
52 70 1 2.90148 1
52 71 1 -1.7449 1
52 72 1 -1.01029 1
52 73 1 3.56343 1
52 74 1 2.74942 1
52 75 1 1.99487 1
52 76 1 -3.05418 1
52 77 1 0.841853 1
52 78 1 2.2795 1
52 79 1 0.289401 1
52 80 1 0.604055 1
52 81 1 0.0284764 1
52 82 1 -2.31248 1
52 83 1 -2.0671 1
52 84 1 1.47719 1
52 85 1 -1.65177 1
52 86 1 -4.10892 1
52 87 1 -0.268019 1
52 88 1 2.24372 1
52 89 1 -1.25565 1
52 90 1 -0.788115 1
52 91 1 -0.991985 1
52 92 1 0.453042 1
52 93 1 -2.56727 0
52 94 1 1.8153 1
52 95 1 -0.33367 1
52 115 1 -0.245283 1
52 139 1 -0.352662 1
139 93 1 -1.36009 1
53 64 1 -1.8685 1
53 65 1 1.24011 1
53 66 1 -0.873293 1
53 67 1 -1.52528 1
53 68 1 1.89294 1
53 69 1 0.838554 1
53 70 1 -0.207431 0
53 71 1 -0.482192 1
53 72 1 -1.10371 1
53 73 1 0.129454 1
53 74 1 -1.61878 1
53 75 1 -1.99914 1
53 76 1 0.418658 1
53 77 1 1.82911 1
53 78 1 -0.206168 1
53 79 1 -1.37626 1
53 80 1 1.22509 1
53 81 1 1.79616 1
53 82 1 2.0103 1
53 83 1 0.673564 1
53 84 1 0.770005 1
53 85 1 1.67995 1
53 86 1 1.72488 1
53 87 1 0.364245 1
53 88 1 -0.211549 1
53 89 1 -0.572384 1
53 90 1 -2.68554 1
53 91 1 0.884729 1
53 92 1 2.09445 1
53 93 1 -0.0578915 1
53 94 1 0.482763 1
53 95 1 -3.32261 1
53 20 1 4.96536 1
53 23 1 1.08826 1
53 149 1 0.789884 1
149 70 1 -2.14892 0
149 153 1 1.0999 1
153 70 1 -1.30681 1
54 64 1 1.37916 1
54 65 1 0.153615 1
54 66 1 -3.03785 1
54 67 1 2.21611 1
54 68 1 2.89033 1
54 69 1 -3.64546 1
54 70 1 0.429304 1
54 71 1 3.8989 1
54 72 1 0.897244 1
54 73 1 1.12742 1
54 74 1 -0.429286 1
54 75 1 -2.68563 1
54 76 1 -1.87999 1
54 77 1 2.81313 1
54 78 1 0.19923 1
54 79 1 1.3527 1
54 80 1 0.429001 1
54 81 1 3.2555 1
54 82 1 -2.61357 1
54 83 1 5.70655 1
54 84 1 2.17811 1
54 85 1 -0.606655 1
54 86 1 -3.38225 1
54 87 1 -1.35799 1
54 88 1 2.44652 1
54 89 1 3.63069 1
54 90 1 -2.58079 1
54 91 1 3.76738 1
54 92 1 -1.11027 1
54 93 1 1.69386 1
54 94 1 -3.46663 1
54 95 1 -2.27891 1
54 30 1 -0.37167 1
54 144 1 0.84304 1
55 64 1 -0.808383 1
55 65 1 -3.00465 1
55 66 1 -2.31759 1
55 67 1 -1.53182 1
55 68 1 -0.86311 1
55 69 1 2.62325 1
55 70 1 3.22523 1
55 71 1 -5.30099 1
55 72 1 1.68155 1
55 73 1 0.854322 1
55 74 1 2.32063 1
55 75 1 -2.40461 1
55 76 1 -3.84322 1
55 77 1 2.65457 1
55 78 1 0.428654 1
55 79 1 1.65774 1
55 80 1 -1.51363 1
55 81 1 1.64729 1
55 82 1 -0.583518 1
55 83 1 0.377005 1
55 84 1 -0.536626 1
55 85 1 -5.57405 1
55 86 1 1.51683 1
55 87 1 1.05405 1
55 88 1 -3.17005 1
55 89 1 -1.31981 1
55 90 1 1.13084 1
55 91 1 1.3672 1
55 92 1 6.91972 1
55 93 1 -4.07255 1
55 94 1 -4.07431 1
55 95 1 -1.54176 0
55 28 1 4.28052 1
55 114 1 0.682976 1
55 0 1 -1.23109 1
114 95 1 -0.893105 1
56 64 1 3.20071 1
56 65 1 -4.42935 1
56 66 1 0.749717 1
56 67 1 -1.78297 1
56 68 1 0.250292 0
56 69 1 -0.46844 1
56 70 1 -0.290438 1
56 71 1 1.9039 1
56 72 1 -0.643473 1
56 73 1 -1.74977 1
56 74 1 3.95241 1
56 75 1 3.73223 1
56 76 1 -3.60775 1
56 77 1 -0.448094 1
56 78 1 -1.17677 1
56 79 1 -0.211399 1
56 80 1 -1.25672 1
56 81 1 4.32721 1
56 82 1 2.0782 1
56 83 1 -2.16524 1
56 84 1 -0.737571 1
56 85 1 -0.813887 1
56 86 1 2.68771 1
56 87 1 -0.784324 1
56 88 1 0.158941 1
56 89 1 -0.543535 1
56 90 1 -1.14135 1
56 91 1 -2.21135 1
56 92 1 0.869891 1
56 93 1 4.477 1
56 94 1 -2.68139 1
56 95 1 -1.20428 1
56 3 1 -2.35061 1
56 126 1 4.17 1
126 68 1 2.09063 1
126 11 1 -2.76736 1
57 64 1 -4.38774 1
57 65 1 3.65377 1
57 66 1 -1.61543 1
57 67 1 -2.04224 1
57 68 1 2.56043 1
57 69 1 -0.0455904 0
57 70 1 0.787911 1
57 71 1 1.99408 1
57 72 1 1.77813 1
57 73 1 -1.7577 1
57 74 1 2.65989 1
57 75 1 3.09014 1
57 76 1 2.81403 1
57 77 1 -5.29211 1
57 78 1 -0.0830996 1
57 79 1 -2.7413 1
57 80 1 0.757626 1
57 81 1 3.66371 1
57 82 1 3.87959 1
57 83 1 -2.74797 1
57 84 1 -0.737262 1
57 85 1 -2.24019 1
57 86 1 -0.425918 1
57 87 1 0.741063 1
57 88 1 0.0804622 1
57 89 1 0.941214 1
57 90 1 1.33346 1
57 91 1 -2.39553 1
57 92 1 -2.23842 1
57 93 1 -0.822083 1
57 94 1 -2.17602 1
57 95 1 2.95557 1
57 104 1 3.64637 1
57 22 1 0.689114 1
104 69 1 2.40348 1
104 1 1 0.413545 1
104 107 1 0.428393 1
58 64 1 4.07886 1
58 65 1 -0.840579 1
58 66 1 -1.70977 1
58 67 1 -0.660852 1
58 68 1 -1.20306 1
58 69 1 -0.613712 1
58 70 1 -1.37917 1
58 71 1 1.87327 1
58 72 1 -0.395014 1
58 73 1 -1.68003 1
58 74 1 2.78403 1
58 75 1 3.67041 1
58 76 1 2.99047 1
58 77 1 2.26341 1
58 78 1 -2.00094 1
58 79 1 -0.30263 0
58 80 1 -3.82148 1
58 81 1 4.55564 1
58 82 1 0.800016 1
58 83 1 -0.0198448 1
58 84 1 -1.88307 1
58 85 1 1.04352 1
58 86 1 1.25428 1
58 87 1 -1.46648 1
58 88 1 -3.45439 1
58 89 1 -1.73596 1
58 90 1 -0.935307 1
58 91 1 -2.83348 1
58 92 1 0.237587 1
58 93 1 1.74269 1
58 94 1 -1.79799 1
58 95 1 2.281 1
58 128 1 2.28953 1
128 79 1 1.06214 0
128 131 1 0.122949 1
131 79 1 1.83502 1
59 64 1 -2.00359 1
59 65 1 1.65007 1
59 66 1 2.26149 1
59 67 1 -2.39082 1
59 68 1 1.8786 1
59 69 1 -1.98951 1
59 70 1 -0.872732 1
59 71 1 1.33088 1
59 72 1 -0.447124 1
59 73 1 0.384107 1
59 74 1 1.41494 1
59 75 1 -1.28706 1
59 76 1 2.61829 1
59 77 1 1.43734 0
59 78 1 1.72883 1
59 79 1 -2.51041 1
59 80 1 -1.0339 1
59 81 1 1.77112 1
59 82 1 -4.84209 1
59 83 1 3.74493 1
59 84 1 0.0559899 1
59 85 1 -2.50464 1
59 86 1 -3.72543 1
59 87 1 1.15156 1
59 88 1 3.53788 1
59 89 1 -0.609993 1
59 90 1 0.934377 1
59 91 1 -2.76161 1
59 92 1 2.07688 1
59 93 1 3.16695 1
59 94 1 -5.43677 1
59 95 1 1.61946 1
59 97 1 0.697825 1
59 5 1 -3.10413 1
59 11 1 -1.27652 1
59 13 1 0.616051 1
97 77 1 -6.62919 1
97 22 1 -1.83951 1
97 2 1 -6.89359 0
97 99 1 2.79544 1
97 7 1 3.77507 0
97 102 1 2.00677 1
97 17 1 3.17632 1
102 7 1 3.59467 1
99 2 1 1.32439 0
99 108 1 4.39837 1
99 15 1 0.264551 1
108 2 1 -1.06856 0
108 125 1 4.60926 1
125 2 1 0.0491169 1
60 64 1 3.25877 1
60 65 1 0.685922 1
60 66 1 0.91728 1
60 67 1 -1.12058 1
60 68 1 0.969689 1
60 69 1 1.14426 1
60 70 1 -2.12913 1
60 71 1 0.746936 1
60 72 1 0.293323 0
60 73 1 0.0776931 1
60 74 1 1.60416 1
60 75 1 -0.274538 1
60 76 1 -1.41393 1
60 77 1 4.76045 1
60 78 1 -2.80118 1
60 79 1 0.260691 1
60 80 1 -4.72782 1
60 81 1 -1.49433 1
60 82 1 -1.06257 1
60 83 1 0.0268464 1
60 84 1 -3.85216 1
60 85 1 3.70743 1
60 86 1 3.03722 1
60 87 1 0.319017 1
60 88 1 -5.33803 1
60 89 1 0.19575 1
60 90 1 -1.6644 1
60 91 1 0.625756 1
60 92 1 -1.03048 1
60 93 1 1.721 1
60 94 1 -0.987768 1
60 95 1 0.856263 1
60 24 1 -2.39174 1
60 0 1 3.86084 1
60 115 1 2.25771 1
60 3 1 -0.527643 1
115 72 1 -0.912981 1
115 18 1 -0.0562742 1
115 14 1 0.491379 1
61 64 1 0.407307 1
61 65 1 -0.650491 1
61 66 1 2.26717 1
61 67 1 0.640624 1
61 68 1 -3.45468 1
61 69 1 3.62156 1
61 70 1 1.49282 1
61 71 1 -0.467847 1
61 72 1 -0.915815 1
61 73 1 1.63484 1
61 74 1 3.21302 1
61 75 1 4.55867 1
61 76 1 1.24594 1
61 77 1 -0.654457 0
61 78 1 -0.673225 1
61 79 1 -0.179881 1
61 80 1 -1.35997 1
61 81 1 -1.12052 1
61 82 1 -0.120927 1
61 83 1 0.168388 1
61 84 1 -2.46086 1
61 85 1 -1.76004 1
61 86 1 -0.932374 1
61 87 1 2.84956 1
61 88 1 -0.103318 1
61 89 1 1.15804 1
61 90 1 -1.2339 1
61 91 1 1.36925 1
61 92 1 -0.175545 1
61 93 1 -0.70571 1
61 94 1 1.31362 1
61 95 1 -1.97877 1
61 107 1 0.0759965 1
61 113 1 -2.58914 1
61 14 1 -2.19752 1
107 77 1 -5.94085 0
107 113 1 -0.246336 1
107 14 1 -1.44632 1
107 20 1 0.693509 1
113 77 1 -2.56737 1
113 23 1 -1.91849 1
113 147 1 0.900335 1
62 64 1 -0.0134125 1
62 65 1 -1.16338 1
62 66 1 2.70193 1
62 67 1 -1.4318 1
62 68 1 1.58157 1
62 69 1 -1.94078 1
62 70 1 1.18482 1
62 71 1 -2.65782 1
62 72 1 2.61578 1
62 73 1 1.84813 1
62 74 1 2.74617 1
62 75 1 -0.662861 1
62 76 1 3.17948 1
62 77 1 -3.95379 1
62 78 1 -1.31858 1
62 79 1 -1.86238 1
62 80 1 -1.73665 1
62 81 1 0.0458272 1
62 82 1 -1.164 1
62 83 1 1.59869 1
62 84 1 -1.84733 0
62 85 1 0.774693 1
62 86 1 4.43683 1
62 87 1 -1.46422 1
62 88 1 0.293688 1
62 89 1 -3.52275 1
62 90 1 -6.20034 1
62 91 1 0.314461 1
62 92 1 -0.625149 1
62 93 1 -1.84894 1
62 94 1 1.69636 1
62 95 1 -1.25658 1
62 5 1 0.652396 1
62 138 1 1.76371 0
62 152 1 1.08799 1
152 138 1 1.53494 1
138 84 1 0.426009 1
63 64 1 2.12443 1
63 65 1 -0.826924 1
63 66 1 3.48121 1
63 67 1 -0.253119 1
63 68 1 -0.775869 1
63 69 1 -4.0349 1
63 70 1 -0.864191 1
63 71 1 2.05279 1
63 72 1 -0.603467 1
63 73 1 1.26396 1
63 74 1 -6.82749 1
63 75 1 1.33811 1
63 76 1 -2.67117 0
63 77 1 0.801986 1
63 78 1 0.448735 1
63 79 1 -0.358506 1
63 80 1 1.06535 1
63 81 1 -1.36544 1
63 82 1 1.50781 1
63 83 1 -4.0652 1
63 84 1 -2.46998 1
63 85 1 -2.83206 1
63 86 1 4.03247 1
63 87 1 -2.67156 0
63 88 1 -0.149787 1
63 89 1 -2.35181 1
63 90 1 2.7314 1
63 91 1 -1.49663 1
63 92 1 0.85577 1
63 93 1 2.0214 1
63 94 1 -1.8341 1
63 95 1 -0.427595 1
63 141 1 2.797 1
63 144 1 0.581517 1
144 76 1 -1.92226 0
144 147 1 1.45722 1
147 76 1 -2.65718 1
141 87 1 -7.27462 1
141 10 1 -0.894926 1
