156 64 32
3.30614 -1.6244 -7.15862 4.80228 -4.60565 2.3552 0.63465 1.27244 -0.363971 2.50708 2.48926 4.50826 -3.6616 -4.52548 -0.736986 -2.81765 0.985193 0.65271 -0.476339 -1.59955 -1.06494 0.248967 -0.6897 1.82661 -6.13865 -0.769887 4.35835 0.388261 -2.61388 -2.73164 -3.55503 1.2623 0.0075114 0.674186 1.72375 2.43869 -2.92014 0.577826 -0.305442 -1.46302 0.0392555 1.50349 -0.890236 -4.19127 -2.96636 -1.32567 -3.06921 4.04943 -1.1181 3.10055 0.384184 -2.9055 -4.7138 -1.10615 -0.985197 3.63866 -1.43513 1.1911 1.58249 -1.83658 3.07345 -1.8591 -0.888748 -3.19322 -5.22764 -1.48843 2.20448 1.94035 -4.36139 1.58588 -3.00784 -2.28061 -4.10369 -2.71536 2.30557 3.65631 -0.81528 1.04855 0.00557766 -4.17176 -0.21296 1.01642 -2.76647 0.700238 1.95497 1.59448 -3.36456 0.477314 4.57519 -0.351137 -0.661009 3.55011 -1.30394 -0.777996 0.272824 -0.882551 -2.18521 -0.390861 -0.626988 -2.40093 2.76104 -3.20621 -5.51361 -3.51556 -2.83026 0.492866 -1.8008 -3.52818 -2.02171 0.390277 -1.88804 1.87624 3.42271 -3.64361 0.589598 -1.28498 -2.69302 -0.0583835 -0.52119 -1.39326 1.66305 0.350169 -0.0587725 1.11442 1.65308 3.63361 1.47213 0.521524 0.715173 2.01981 -0.804759 -1.82957 -0.299891 -1.13574 -0.935882 -0.817495 -1.45257 -0.50738 -2.23408 -0.893884 0.934349 -0.0778605 -1.51482 -0.109774 0.132093 0.32031 -0.921416 0.7086 0.323468 -2.21756 -1.19654 -0.430808 -0.182939 -0.353936 0.0803614 0.0591766 
0 64 1 -3.68488 1
0 65 1 2.61984 1
0 66 1 3.30004 1
0 67 1 0.819522 1
0 68 1 -0.957158 1
0 69 1 1.74001 1
0 70 1 0.527538 1
0 71 1 0.0234124 1
0 72 1 0.0507953 1
0 73 1 -2.11899 1
0 74 1 -3.11708 1
0 75 1 1.08292 1
0 76 1 3.18415 1
0 77 1 0.468551 1
0 78 1 -1.87575 1
0 79 1 1.6664 1
0 80 1 3.12688 1
0 81 1 3.11424 1
0 82 1 4.72747 1
0 83 1 1.49518 1
0 84 1 -1.7672 1
0 85 1 3.36985 1
0 86 1 -2.61122 1
0 87 1 -1.43238 1
0 88 1 0.0634866 1
0 89 1 2.43786 1
0 90 1 5.40563 1
0 91 1 4.81857 1
0 92 1 -2.98232 1
0 93 1 -2.0869 1
0 94 1 2.23221 1
0 95 1 1.05057 1
0 10 1 -3.03955 1
1 64 1 -0.496461 1
1 65 1 -3.14389 1
1 66 1 2.16217 1
1 67 1 -2.91804 1
1 68 1 4.09954 1
1 69 1 -2.22296 1
1 70 1 2.11754 1
1 71 1 -0.616706 1
1 72 1 -1.05002 1
1 73 1 -2.92127 1
1 74 1 -3.16076 1
1 75 1 3.42099 1
1 76 1 -1.09346 1
1 77 1 6.05538 1
1 78 1 -1.60144 1
1 79 1 -0.81572 1
1 80 1 -3.76964 1
1 81 1 1.42302 1
1 82 1 -1.28427 1
1 83 1 -5.99319 1
1 84 1 -0.908338 1
1 85 1 -1.72926 1
1 86 1 1.80363 1
1 87 1 -1.40009 1
1 88 1 -0.500027 1
1 89 1 3.52072 1
1 90 1 -1.42732 1
1 91 1 -2.30531 1
1 92 1 -2.23988 1
1 93 1 0.892512 1
1 94 1 -1.17513 1
1 95 1 -5.30644 1
1 27 1 1.45819 1
2 64 1 -0.287789 1
2 65 1 -0.0848782 1
2 66 1 -3.03721 1
2 67 1 -2.32729 1
2 68 1 -2.28182 1
2 69 1 1.53982 1
2 70 1 -1.45089 1
2 71 1 3.88385 1
2 72 1 -1.63636 1
2 73 1 -3.48083 1
2 74 1 -3.75319 1
2 75 1 -0.250586 1
2 76 1 -4.1648 1
2 77 1 -1.87869 1
2 78 1 -1.26652 1
2 79 1 -3.04907 1
2 80 1 -5.32375 1
2 81 1 -4.47779 1
2 82 1 -0.307646 1
2 83 1 -2.88259 1
2 84 1 -0.084778 1
2 85 1 3.46604 1
2 86 1 0.319799 1
2 87 1 -0.812195 1
2 88 1 0.227711 1
2 89 1 -4.03214 1
2 90 1 -4.15232 1
2 91 1 -0.319946 1
2 92 1 1.46579 1
2 93 1 -3.58122 1
2 94 1 3.66921 1
2 95 1 -0.127728 1
2 100 1 -1.36817 1
2 6 1 3.78912 1
2 110 1 -0.660642 1
3 64 1 -3.06109 1
3 65 1 -0.203813 1
3 66 1 -0.345386 1
3 67 1 1.13914 1
3 68 1 4.77925 1
3 69 1 -2.66851 1
3 70 1 -1.44107 1
3 71 1 0.743404 1
3 72 1 8.76474 1
3 73 1 -0.232633 1
3 74 1 0.122235 1
3 75 1 2.94186 1
3 76 1 0.773839 1
3 77 1 -1.93873 1
3 78 1 -0.978596 1
3 79 1 0.440093 1
3 80 1 -3.64498 1
3 81 1 -1.87561 1
3 82 1 6.62972 1
3 83 1 2.03498 1
3 84 1 0.488653 1
3 85 1 -4.55838 1
3 86 1 0.887617 1
3 87 1 1.986 1
3 88 1 -1.48944 1
3 89 1 2.13601 1
3 90 1 0.242615 1
3 91 1 2.72386 1
3 92 1 0.0631244 1
3 93 1 -1.71002 1
3 94 1 -2.61475 1
3 95 1 2.60126 0
3 110 1 1.86715 1
110 95 1 -2.13019 0
110 111 1 -1.04101 0
110 132 1 2.09232 1
110 152 1 0.119273 1
110 126 1 -0.606913 1
132 111 1 3.93442 1
111 95 1 -2.55337 1
4 64 1 1.52771 1
4 65 1 -0.510936 1
4 66 1 -0.877016 1
4 67 1 3.06036 1
4 68 1 -0.499033 1
4 69 1 2.43378 1
4 70 1 0.397465 1
4 71 1 -0.551125 1
4 72 1 -0.0601998 1
4 73 1 -1.56608 0
4 74 1 0.925655 1
4 75 1 -5.00545 0
4 76 1 0.921424 1
4 77 1 2.71282 1
4 78 1 0.501982 1
4 79 1 2.74971 1
4 80 1 -3.45541 1
4 81 1 0.434623 1
4 82 1 -0.448633 1
4 83 1 -2.78143 1
4 84 1 -0.680157 1
4 85 1 2.10325 1
4 86 1 2.9205 1
4 87 1 -0.802249 1
4 88 1 -2.84669 1
4 89 1 -1.08496 1
4 90 1 3.50834 1
4 91 1 -4.84067 1
4 92 1 -2.47403 1
4 93 1 -0.2395 0
4 94 1 -1.96245 1
4 95 1 2.40195 1
4 101 1 2.91624 1
4 17 1 3.40845 1
4 118 1 0.93612 1
4 145 1 0.684611 1
145 93 1 0.374795 1
118 73 1 -2.77044 1
101 75 1 0.987533 1
5 64 1 -3.53119 1
5 65 1 3.35754 1
5 66 1 -2.3572 1
5 67 1 6.49191 1
5 68 1 3.06381 1
5 69 1 3.9797 1
5 70 1 -1.5422 1
5 71 1 -0.0640396 1
5 72 1 0.989279 1
5 73 1 -0.780728 1
5 74 1 -2.89792 1
5 75 1 2.26907 1
5 76 1 3.99506 1
5 77 1 0.34121 1
5 78 1 0.878014 1
5 79 1 0.443525 1
5 80 1 1.83345 1
5 81 1 -1.67196 1
5 82 1 1.39221 1
5 83 1 4.2372 1
5 84 1 1.39223 1
5 85 1 1.84215 1
5 86 1 -3.16562 1
5 87 1 0.888721 1
5 88 1 -0.53716 1
5 89 1 -3.26451 1
5 90 1 -1.58499 1
5 91 1 -0.374781 1
5 92 1 -0.523875 1
5 93 1 0.757282 1
5 94 1 -1.31205 1
5 95 1 0.409723 1
5 28 1 2.26552 1
6 64 1 0.837998 1
6 65 1 -1.36932 1
6 66 1 2.92939 1
6 67 1 2.37732 1
6 68 1 -4.4406 1
6 69 1 -2.44186 1
6 70 1 -2.64598 1
6 71 1 0.663364 1
6 72 1 2.36602 1
6 73 1 -3.27335 1
6 74 1 -4.54652 1
6 75 1 1.24545 1
6 76 1 3.46133 1
6 77 1 -0.508382 1
6 78 1 -0.836462 1
6 79 1 -1.7186 1
6 80 1 4.08357 1
6 81 1 -0.564539 1
6 82 1 2.17284 1
6 83 1 1.40257 1
6 84 1 2.57917 1
6 85 1 -2.65329 1
6 86 1 -0.151571 1
6 87 1 2.8081 1
6 88 1 -2.36344 1
6 89 1 -1.85364 1
6 90 1 5.73399 1
6 91 1 -2.37375 1
6 92 1 3.63363 1
6 93 1 -3.80589 1
6 94 1 -2.67218 1
6 95 1 2.56175 1
6 26 1 1.02059 1
7 64 1 3.68028 1
7 65 1 0.966533 1
7 66 1 0.0993275 1
7 67 1 -4.97572 1
7 68 1 -4.17749 1
7 69 1 -1.2003 1
7 70 1 4.90709 1
7 71 1 1.63089 1
7 72 1 3.63126 1
7 73 1 -0.984001 1
7 74 1 -2.44707 1
7 75 1 -0.713907 1
7 76 1 3.22451 1
7 77 1 1.10468 1
7 78 1 2.82332 1
7 79 1 2.63314 1
7 80 1 -0.437426 1
7 81 1 1.41509 1
7 82 1 -2.88794 0
7 83 1 0.994153 0
7 84 1 -2.97758 1
7 85 1 4.63454 1
7 86 1 1.76464 1
7 87 1 3.49245 1
7 88 1 -2.59463 1
7 89 1 -3.3548 1
7 90 1 1.43558 1
7 91 1 -2.57939 1
7 92 1 1.71012 1
7 93 1 -1.49733 1
7 94 1 -0.131551 1
7 95 1 2.80093 1
7 100 1 -0.454012 1
7 127 1 2.24915 1
127 82 1 -4.65618 1
100 83 1 2.44479 1
100 24 1 -1.39163 0
100 106 1 3.07151 1
106 24 1 -6.07443 1
106 6 1 -1.40318 1
8 64 1 2.40976 1
8 65 1 -2.94799 1
8 66 1 -0.582543 1
8 67 1 1.24844 1
8 68 1 -1.45242 1
8 69 1 3.49603 1
8 70 1 1.70409 1
8 71 1 2.22177 1
8 72 1 3.45133 1
8 73 1 -1.75108 1
8 74 1 0.384063 1
8 75 1 -2.81706 1
8 76 1 -0.664522 1
8 77 1 3.43856 1
8 78 1 -0.0392064 1
8 79 1 -1.69193 1
8 80 1 0.370689 1
8 81 1 -2.55662 1
8 82 1 0.62577 1
8 83 1 -4.19493 1
8 84 1 3.0476 1
8 85 1 8.89279 1
8 86 1 3.82821 1
8 87 1 1.63109 1
8 88 1 -0.608787 1
8 89 1 4.27788 1
8 90 1 -0.079872 1
8 91 1 -1.66088 1
8 92 1 2.54282 1
8 93 1 4.5779 1
8 94 1 5.47408 1
8 95 1 -0.147854 1
8 17 1 -0.909383 1
9 64 1 -3.29097 1
9 65 1 -2.88116 1
9 66 1 1.43121 1
9 67 1 0.525254 1
9 68 1 -1.77206 1
9 69 1 0.828457 1
9 70 1 -6.29942 1
9 71 1 -0.890249 1
9 72 1 1.88566 1
9 73 1 -1.47157 1
9 74 1 0.032858 1
9 75 1 1.21236 1
9 76 1 2.68242 1
9 77 1 -0.0124552 1
9 78 1 3.28496 1
9 79 1 1.6418 1
9 80 1 -1.36357 1
9 81 1 0.131277 1
9 82 1 -2.89888 1
9 83 1 0.155331 1
9 84 1 2.55586 1
9 85 1 2.12141 1
9 86 1 -0.750678 1
9 87 1 0.170345 1
9 88 1 0.401807 1
9 89 1 3.88968 1
9 90 1 -2.10303 1
9 91 1 0.429596 1
9 92 1 -1.00795 1
9 93 1 0.141964 1
9 94 1 -3.73633 1
9 95 1 1.27361 1
9 103 1 -0.92779 1
9 130 1 -1.76343 1
10 64 1 1.07102 1
10 65 1 -0.0403241 1
10 66 1 5.94384 1
10 67 1 -4.3868 1
10 68 1 3.02879 1
10 69 1 -0.940662 1
10 70 1 -1.13341 1
10 71 1 -0.080031 1
10 72 1 5.44369 1
10 73 1 3.80022 1
10 74 1 1.37817 0
10 75 1 0.585064 1
10 76 1 2.88646 1
10 77 1 0.974379 1
10 78 1 -0.482193 1
10 79 1 -5.57916 1
10 80 1 -2.10294 1
10 81 1 4.27886 1
10 82 1 1.80743 1
10 83 1 2.96091 1
10 84 1 4.57706 1
10 85 1 2.73158 1
10 86 1 -1.23427 1
10 87 1 -0.333204 1
10 88 1 3.50705 1
10 89 1 0.989285 1
10 90 1 0.140184 1
10 91 1 3.81693 1
10 92 1 -0.0816572 1
10 93 1 -1.52563 1
10 94 1 3.28084 1
10 95 1 5.31524 1
10 124 1 1.67172 1
124 74 1 0.26931 1
124 12 1 0.394982 1
11 64 1 3.14176 1
11 65 1 0.571079 1
11 66 1 3.46687 1
11 67 1 -0.622152 1
11 68 1 5.27485 1
11 69 1 0.368341 1
11 70 1 2.61347 1
11 71 1 1.21279 1
11 72 1 -3.38259 1
11 73 1 0.429067 1
11 74 1 -0.0621593 0
11 75 1 -0.996216 1
11 76 1 -2.027 1
11 77 1 -0.899669 1
11 78 1 -1.34151 1
11 79 1 -0.722808 1
11 80 1 -2.94225 1
11 81 1 0.131525 1
11 82 1 5.89094 0
11 83 1 1.38613 1
11 84 1 1.58607 1
11 85 1 -1.02981 1
11 86 1 -3.68617 1
11 87 1 -1.40886 1
11 88 1 -5.52666 1
11 89 1 0.154178 1
11 90 1 -1.00411 1
11 91 1 -0.734674 1
11 92 1 -1.73605 1
11 93 1 3.22669 1
11 94 1 -0.26118 1
11 95 1 -4.01089 1
11 120 1 -4.24066 1
11 109 1 -0.490153 1
11 154 1 1.02409 1
154 82 1 5.33616 1
120 74 1 -3.46303 1
120 13 1 -0.16045 0
120 150 1 1.7154 1
150 13 1 0.214969 1
12 64 1 -1.49535 1
12 65 1 -1.26032 1
12 66 1 -0.165414 1
12 67 1 -2.67027 1
12 68 1 0.498813 1
12 69 1 1.60971 1
12 70 1 -0.126065 1
12 71 1 1.78103 1
12 72 1 2.23469 1
12 73 1 -4.30334 1
12 74 1 -3.56547 1
12 75 1 -1.63415 1
12 76 1 -0.779865 1
12 77 1 1.58142 1
12 78 1 -0.960814 1
12 79 1 -1.91686 1
12 80 1 -4.45898 1
12 81 1 -2.5558 1
12 82 1 3.30082 1
12 83 1 0.704167 1
12 84 1 0.607913 1
12 85 1 -2.58515 1
12 86 1 -1.80987 1
12 87 1 0.0136026 1
12 88 1 -3.39585 1
12 89 1 2.5137 1
12 90 1 -0.874072 1
12 91 1 -1.94732 1
12 92 1 2.51595 1
12 93 1 -2.37933 1
12 94 1 2.50648 1
12 95 1 -2.44509 1
12 17 1 0.683225 1
12 18 1 0.21558 1
12 144 1 -1.44282 1
13 64 1 0.113099 1
13 65 1 -4.526 1
13 66 1 -0.894534 1
13 67 1 1.99815 1
13 68 1 1.20275 1
13 69 1 -2.5084 1
13 70 1 0.0830553 1
13 71 1 1.62317 1
13 72 1 0.475413 1
13 73 1 -3.29737 1
13 74 1 -3.52678 1
13 75 1 -1.19284 1
13 76 1 -1.10699 1
13 77 1 -1.29132 1
13 78 1 1.35012 1
13 79 1 1.29036 1
13 80 1 1.76357 1
13 81 1 0.839792 1
13 82 1 0.798865 1
13 83 1 3.1416 1
13 84 1 -2.57149 1
13 85 1 7.03745 1
13 86 1 5.30339 1
13 87 1 7.63792 1
13 88 1 3.70519 1
13 89 1 0.0406106 1
13 90 1 -3.73317 1
13 91 1 -4.30045 1
13 92 1 -1.34457 1
13 93 1 -3.26963 1
13 94 1 1.25931 1
13 95 1 -4.1267 1
14 64 1 -2.79902 1
14 65 1 6.23067 1
14 66 1 -0.0684418 1
14 67 1 -0.511919 1
14 68 1 -1.30899 1
14 69 1 2.01055 1
14 70 1 -1.56138 1
14 71 1 1.86306 1
14 72 1 1.85232 1
14 73 1 0.412825 1
14 74 1 0.525956 1
14 75 1 2.82507 1
14 76 1 -3.31948 1
14 77 1 2.65387 1
14 78 1 -1.84941 1
14 79 1 -1.55585 1
14 80 1 -0.910993 1
14 81 1 1.90733 0
14 82 1 4.81407 1
14 83 1 -0.0999067 1
14 84 1 1.13634 1
14 85 1 -1.28149 1
14 86 1 2.53682 1
14 87 1 -1.03381 1
14 88 1 -1.20276 1
14 89 1 -0.191179 1
14 90 1 0.74531 1
14 91 1 4.108 1
14 92 1 3.71965 1
14 93 1 2.07099 1
14 94 1 5.83099 1
14 95 1 1.18442 1
14 104 1 -1.18171 1
14 119 1 2.7422 1
119 81 1 5.35956 1
119 99 1 -0.780188 1
15 64 1 -0.246922 1
15 65 1 0.852952 1
15 66 1 -3.66948 1
15 67 1 -1.52212 1
15 68 1 1.46324 1
15 69 1 -1.12393 1
15 70 1 7.19161 1
15 71 1 -1.03518 1
15 72 1 -1.05322 1
15 73 1 -0.15094 1
15 74 1 1.764 1
15 75 1 -1.07055 1
15 76 1 -0.822506 1
15 77 1 0.779144 1
15 78 1 -2.64293 1
15 79 1 0.248601 1
15 80 1 2.01406 1
15 81 1 0.427659 1
15 82 1 -3.98779 1
15 83 1 -0.377389 1
15 84 1 1.04987 1
15 85 1 -1.54096 1
15 86 1 1.07761 1
15 87 1 -5.76176 1
15 88 1 0.24531 1
15 89 1 2.65363 1
15 90 1 0.371085 1
15 91 1 -4.57335 1
15 92 1 1.7433 1
15 93 1 -2.21376 1
15 94 1 0.746415 1
15 95 1 2.42296 1
15 20 1 -0.215851 1
16 64 1 3.77108 1
16 65 1 -0.145443 1
16 66 1 -2.84506 1
16 67 1 -4.29042 1
16 68 1 1.3581 1
16 69 1 -0.616169 1
16 70 1 1.64412 1
16 71 1 4.48435 1
16 72 1 -1.22615 1
16 73 1 -2.32953 1
16 74 1 -0.0813551 1
16 75 1 1.36709 1
16 76 1 0.747494 1
16 77 1 1.26043 1
16 78 1 -1.86663 1
16 79 1 0.335784 0
16 80 1 -0.574342 1
16 81 1 2.57307 1
16 82 1 -2.79557 1
16 83 1 2.95819 1
16 84 1 -1.69339 1
16 85 1 -1.9661 1
16 86 1 -0.782349 1
16 87 1 -1.96543 1
16 88 1 0.155804 1
16 89 1 1.56647 1
16 90 1 -1.83694 1
16 91 1 2.7122 1
16 92 1 4.43845 1
16 93 1 -1.48454 1
16 94 1 -1.44783 1
16 95 1 -2.73935 1
16 26 1 -0.896903 1
16 151 1 0.644086 1
151 79 1 -0.800722 1
17 64 1 -2.79756 1
17 65 1 -0.488406 1
17 66 1 -2.03419 1
17 67 1 4.19589 1
17 68 1 -1.54296 1
17 69 1 1.57196 1
17 70 1 -0.00559355 1
17 71 1 2.79025 1
17 72 1 -5.16423 0
17 73 1 2.03609 1
17 74 1 2.88485 1
17 75 1 0.484246 1
17 76 1 -0.953017 1
17 77 1 3.18005 1
17 78 1 -0.524258 1
17 79 1 -2.77276 1
17 80 1 5.32882 1
17 81 1 2.68112 1
17 82 1 -0.885971 1
17 83 1 -0.9729 1
17 84 1 -4.04333 1
17 85 1 1.5563 1
17 86 1 0.271755 1
17 87 1 -3.22719 1
17 88 1 -5.62247 1
17 89 1 2.9268 1
17 90 1 -3.53923 1
17 91 1 5.75809 1
17 92 1 -0.291415 1
17 93 1 3.87034 1
17 94 1 3.1345 1
17 95 1 0.992062 1
17 146 1 2.03494 1
146 72 1 -4.67458 1
18 64 1 2.66147 1
18 65 1 -2.24825 1
18 66 1 2.97723 1
18 67 1 1.14014 1
18 68 1 -0.311722 1
18 69 1 0.125994 1
18 70 1 1.92 1
18 71 1 0.00536561 1
18 72 1 1.84035 1
18 73 1 0.161858 1
18 74 1 1.54081 1
18 75 1 -0.431058 1
18 76 1 5.5481 1
18 77 1 -1.45233 1
18 78 1 3.60399 1
18 79 1 1.55447 1
18 80 1 -5.09915 1
18 81 1 2.37854 1
18 82 1 -2.91655 1
18 83 1 3.29129 1
18 84 1 -1.38509 1
18 85 1 0.73327 1
18 86 1 6.09819 1
18 87 1 -1.61427 1
18 88 1 1.9456 1
18 89 1 -3.04934 1
18 90 1 0.29091 1
18 91 1 0.879428 1
18 92 1 -2.2413 1
18 93 1 0.408472 1
18 94 1 -0.984397 1
18 95 1 0.39726 1
18 25 1 -0.0108739 1
18 18 1 -0.577937 1
18 139 1 0.725861 1
19 64 1 4.69939 1
19 65 1 -1.95924 1
19 66 1 4.53195 1
19 67 1 -0.813305 1
19 68 1 -3.08426 1
19 69 1 2.27044 1
19 70 1 -0.318397 1
19 71 1 -1.59818 1
19 72 1 1.84329 1
19 73 1 1.49036 1
19 74 1 -0.685056 1
19 75 1 0.817589 1
19 76 1 -2.44009 1
19 77 1 -3.16251 1
19 78 1 -2.19607 1
19 79 1 4.41756 1
19 80 1 -0.0266541 1
19 81 1 -3.37676 1
19 82 1 0.0817407 1
19 83 1 -4.68867 1
19 84 1 0.529838 1
19 85 1 2.08793 1
19 86 1 0.0798444 1
19 87 1 3.55605 1
19 88 1 -0.541303 1
19 89 1 4.80803 1
19 90 1 -1.15988 1
19 91 1 -1.56293 1
19 92 1 -0.269964 1
19 93 1 -4.1411 1
19 94 1 -2.33137 1
19 95 1 -6.26336 1
20 64 1 2.23207 1
20 65 1 -0.352325 1
20 66 1 -2.26007 1
20 67 1 0.617912 1
20 68 1 -1.03254 1
20 69 1 0.831201 1
20 70 1 -3.82919 1
20 71 1 3.78411 1
20 72 1 2.07808 1
20 73 1 2.09798 1
20 74 1 2.64382 1
20 75 1 2.82336 1
20 76 1 -0.223924 1
20 77 1 -0.89726 1
20 78 1 1.51834 1
20 79 1 1.96789 1
20 80 1 0.379608 1
20 81 1 1.3151 1
20 82 1 2.76874 1
20 83 1 1.98949 1
20 84 1 3.14383 1
20 85 1 -4.09823 1
20 86 1 0.523966 1
20 87 1 -0.430161 1
20 88 1 1.67346 1
20 89 1 0.303094 1
20 90 1 3.44141 1
20 91 1 0.568061 0
20 92 1 1.1889 1
20 93 1 1.31716 0
20 94 1 3.40342 0
20 95 1 -0.115709 1
20 96 1 -4.29506 1
20 98 1 0.635456 1
20 103 1 0.765691 1
20 109 1 0.10385 1
103 91 1 0.425712 0
103 105 1 2.93095 1
103 112 1 -2.06674 0
103 123 1 -0.430109 1
103 140 1 -1.93274 1
140 112 1 1.97347 1
123 91 1 0.58623 1
123 113 1 0.865499 0
123 136 1 0.803587 1
123 137 1 -0.00157818 1
136 113 1 -1.99814 1
105 91 1 2.71142 0
105 129 1 0.434342 1
129 91 1 -0.527431 0
129 135 1 2.69038 1
129 116 1 1.93972 1
135 91 1 -1.2776 1
98 93 1 0.0267912 1
98 99 1 5.06746 1
98 15 1 0.391791 1
96 94 1 1.17143 1
96 20 1 -0.351399 0
96 155 1 1.07405 1
155 20 1 -0.581309 1
21 64 1 2.91028 1
21 65 1 6.46863 1
21 66 1 -3.04259 1
21 67 1 -4.34427 1
21 68 1 -2.46265 1
21 69 1 1.90829 1
21 70 1 -1.21202 1
21 71 1 -3.23372 1
21 72 1 -7.98573 1
21 73 1 -1.49112 1
21 74 1 -0.270831 1
21 75 1 1.2815 1
21 76 1 -1.5783 1
21 77 1 -1.09967 1
21 78 1 -1.69156 1
21 79 1 -1.68494 1
21 80 1 1.70927 1
21 81 1 -1.65866 1
21 82 1 -0.844713 1
21 83 1 -1.07172 1
21 84 1 5.86442 1
21 85 1 0.0726043 1
21 86 1 1.03195 1
21 87 1 -0.833873 1
21 88 1 4.04109 1
21 89 1 1.06462 1
21 90 1 0.787759 1
21 91 1 0.445578 0
21 92 1 1.85741 1
21 93 1 1.32128 1
21 94 1 -4.03108 1
21 95 1 -0.791782 1
21 143 1 2.73428 1
143 91 1 -1.41949 1
22 64 1 1.601 1
22 65 1 -0.128344 1
22 66 1 -0.388947 1
22 67 1 5.00796 1
22 68 1 0.10196 1
22 69 1 -1.70028 1
22 70 1 -2.6802 1
22 71 1 1.66983 1
22 72 1 -4.93761 1
22 73 1 -0.101055 1
22 74 1 -6.10736 1
22 75 1 -2.00461 1
22 76 1 1.47738 1
22 77 1 -0.363273 1
22 78 1 4.71915 1
22 79 1 5.79168 1
22 80 1 0.0313701 1
22 81 1 -0.528752 1
22 82 1 1.17553 1
22 83 1 -0.420186 1
22 84 1 -1.94799 1
22 85 1 0.957909 1
22 86 1 0.655332 1
22 87 1 6.16674 1
22 88 1 -2.76702 1
22 89 1 -1.20712 1
22 90 1 2.03531 1
22 91 1 0.739986 1
22 92 1 2.11348 1
22 93 1 2.09819 1
22 94 1 4.14772 1
22 95 1 2.83351 1
23 64 1 -2.55426 1
23 65 1 1.5255 1
23 66 1 0.95581 1
23 67 1 2.32015 1
23 68 1 -2.50507 1
23 69 1 1.58752 1
23 70 1 4.93599 1
23 71 1 -3.6782 1
23 72 1 0.206512 1
23 73 1 -1.72524 1
23 74 1 2.37332 1
23 75 1 0.937618 1
23 76 1 2.21817 1
23 77 1 2.93929 1
23 78 1 -0.271043 1
23 79 1 -3.55855 1
23 80 1 0.893297 1
23 81 1 1.11752 1
23 82 1 -2.24448 1
23 83 1 1.15556 1
23 84 1 4.03562 1
23 85 1 -2.35489 1
23 86 1 -8.69358 1
23 87 1 0.190292 1
23 88 1 2.07234 1
23 89 1 -0.1469 1
23 90 1 -3.00819 1
23 91 1 -2.10959 1
23 92 1 1.45186 1
23 93 1 3.15247 1
23 94 1 -2.91221 1
23 95 1 0.392664 1
23 107 1 1.48923 1
23 27 1 -0.872677 1
24 64 1 -1.73598 1
24 65 1 2.47742 1
24 66 1 -1.39545 1
24 67 1 4.97513 1
24 68 1 -5.14997 1
24 69 1 2.82514 1
24 70 1 0.516062 1
24 71 1 5.22867 1
24 72 1 1.0098 1
24 73 1 1.14506 1
24 74 1 -0.536716 1
24 75 1 0.782949 1
24 76 1 -0.742496 1
24 77 1 -0.581021 1
24 78 1 -3.45736 1
24 79 1 -1.88284 1
24 80 1 3.75144 1
24 81 1 1.80106 1
24 82 1 -0.141829 1
24 83 1 -3.1884 1
24 84 1 -3.81838 1
24 85 1 -2.10908 1
24 86 1 -5.15682 1
24 87 1 2.28432 1
24 88 1 -1.93859 1
24 89 1 6.54592 1
24 90 1 3.03486 1
24 91 1 -2.98821 1
24 92 1 -1.53694 1
24 93 1 0.828889 1
24 94 1 -1.83187 1
24 95 1 -1.42285 1
24 5 1 0.771291 1
25 64 1 1.06828 1
25 65 1 1.45514 1
25 66 1 -1.37344 1
25 67 1 -1.55088 1
25 68 1 3.07819 1
25 69 1 -4.15575 1
25 70 1 1.32287 0
25 71 1 -1.80863 1
25 72 1 2.59765 1
25 73 1 0.321339 1
25 74 1 1.52323 1
25 75 1 -3.38266 1
25 76 1 -0.507223 1
25 77 1 -0.177508 1
25 78 1 3.08791 1
25 79 1 0.876101 1
25 80 1 -0.882474 1
25 81 1 -2.23695 1
25 82 1 -0.468818 1
25 83 1 4.14801 1
25 84 1 -2.15137 1
25 85 1 -2.04427 1
25 86 1 1.54745 1
25 87 1 1.89763 1
25 88 1 -0.346126 1
25 89 1 0.690237 1
25 90 1 -2.14864 1
25 91 1 1.30906 1
25 92 1 1.54491 1
25 93 1 -0.665035 1
25 94 1 -1.41691 1
25 95 1 -3.08274 1
25 8 1 0.848008 1
25 6 1 -2.14731 1
25 121 1 -2.01323 1
121 70 1 6.76139 1
26 64 1 -2.05184 1
26 65 1 1.93405 1
26 66 1 0.256958 1
26 67 1 0.834698 1
26 68 1 0.0431903 1
26 69 1 2.27772 1
26 70 1 -3.55512 1
26 71 1 1.28637 1
26 72 1 -2.69174 1
26 73 1 0.741593 1
26 74 1 -6.9366 1
26 75 1 2.5514 1
26 76 1 0.113536 1
26 77 1 -4.23065 1
26 78 1 2.65157 1
26 79 1 -1.16492 1
26 80 1 -0.0727828 1
26 81 1 4.94587 1
26 82 1 1.91978 1
26 83 1 1.92956 1
26 84 1 -4.84664 1
26 85 1 1.67778 1
26 86 1 -4.0143 1
26 87 1 0.600918 1
26 88 1 -3.8935 1
26 89 1 -0.447956 1
26 90 1 -2.58789 1
26 91 1 -3.69306 1
26 92 1 -0.0299325 1
26 93 1 -0.732023 1
26 94 1 2.00944 1
26 95 1 -0.768468 1
26 23 1 3.92477 1
26 15 1 1.90231 1
27 64 1 -4.03085 1
27 65 1 3.60698 1
27 66 1 3.16125 1
27 67 1 -0.195758 1
27 68 1 1.32943 1
27 69 1 1.48613 1
27 70 1 4.24174 1
27 71 1 -6.28467 1
27 72 1 -1.0661 1
27 73 1 1.2659 1
27 74 1 -1.77329 1
27 75 1 2.88807 1
27 76 1 -3.4763 1
27 77 1 -0.863343 1
27 78 1 -0.405357 1
27 79 1 1.51493 1
27 80 1 -1.86088 1
27 81 1 -2.16607 1
27 82 1 1.5534 1
27 83 1 -0.301071 1
27 84 1 1.32771 1
27 85 1 -0.358843 1
27 86 1 -1.7305 1
27 87 1 0.082768 1
27 88 1 -4.83272 1
27 89 1 -4.79148 1
27 90 1 2.4113 1
27 91 1 -2.52651 1
27 92 1 -0.579936 1
27 93 1 -0.203845 1
27 94 1 2.7294 1
27 95 1 -0.29573 1
27 9 1 1.9638 1
27 5 1 -1.93862 1
28 64 1 3.45171 1
28 65 1 -0.681892 1
28 66 1 -1.60219 1
28 67 1 4.86161 1
28 68 1 4.45165 1
28 69 1 2.40108 1
28 70 1 0.40058 1
28 71 1 -0.177761 1
28 72 1 -7.1532 1
28 73 1 0.769544 1
28 74 1 -1.52568 1
28 75 1 1.03066 1
28 76 1 0.462212 1
28 77 1 2.59356 1
28 78 1 -2.82556 1
28 79 1 0.489608 1
28 80 1 1.91605 1
28 81 1 -1.13353 1
28 82 1 3.42536 1
28 83 1 2.45514 1
28 84 1 4.32096 1
28 85 1 -7.0302 1
28 86 1 -2.08857 1
28 87 1 -0.498851 1
28 88 1 -3.69882 1
28 89 1 1.2725 1
28 90 1 -2.52322 1
28 91 1 -0.940167 1
28 92 1 4.34916 1
28 93 1 -2.43173 1
28 94 1 5.53364 1
28 95 1 -3.28369 1
29 64 1 -1.28183 1
29 65 1 -0.760638 1
29 66 1 -1.66596 1
29 67 1 1.42748 1
29 68 1 -5.76507 1
29 69 1 0.780243 1
29 70 1 -1.09748 1
29 71 1 -1.24602 1
29 72 1 -0.528563 1
29 73 1 -0.891977 1
29 74 1 0.189142 1
29 75 1 0.803703 1
29 76 1 0.242177 1
29 77 1 1.96849 1
29 78 1 -3.84761 1
29 79 1 -2.57708 1
29 80 1 3.0243 1
29 81 1 1.20539 1
29 82 1 2.54982 1
29 83 1 -0.33915 1
29 84 1 1.63545 1
29 85 1 -1.17358 1
29 86 1 -2.44749 1
29 87 1 -4.60776 1
29 88 1 -1.93856 1
29 89 1 -2.51675 1
29 90 1 -1.73849 1
29 91 1 0.460747 1
29 92 1 2.01321 1
29 93 1 1.4902 1
29 94 1 -2.75545 1
29 95 1 -0.0352337 1
29 113 1 1.40541 1
30 64 1 -0.0883513 1
30 65 1 2.8754 1
30 66 1 4.88657 1
30 67 1 0.100766 1
30 68 1 1.38782 1
30 69 1 2.03364 1
30 70 1 1.48783 1
30 71 1 -3.3782 1
30 72 1 -0.734718 1
30 73 1 2.55243 1
30 74 1 -0.32418 1
30 75 1 3.13243 1
30 76 1 2.98966 1
30 77 1 -1.54642 1
30 78 1 2.23528 1
30 79 1 3.35107 1
30 80 1 -1.89549 1
30 81 1 -1.77795 1
30 82 1 3.10873 1
30 83 1 3.65148 1
30 84 1 1.8401 1
30 85 1 -2.2801 1
30 86 1 -1.74333 1
30 87 1 -1.55593 1
30 88 1 0.845107 1
30 89 1 -2.44041 1
30 90 1 1.00212 1
30 91 1 5.13122 1
30 92 1 -2.31601 1
30 93 1 1.51247 1
30 94 1 1.35131 1
30 95 1 -0.200445 1
30 28 1 0.513947 1
31 64 1 3.43471 1
31 65 1 -0.642941 1
31 66 1 -3.37501 1
31 67 1 5.37552 1
31 68 1 3.16018 1
31 69 1 -0.505856 1
31 70 1 -1.99844 1
31 71 1 1.51008 1
31 72 1 -2.23917 1
31 73 1 -2.62894 1
31 74 1 3.11173 1
31 75 1 1.82747 1
31 76 1 0.989166 1
31 77 1 -0.425694 1
31 78 1 -2.76467 1
31 79 1 1.18573 1
31 80 1 -0.679321 1
31 81 1 -3.2186 1
31 82 1 -0.373968 1
31 83 1 -1.34999 1
31 84 1 -3.81459 1
31 85 1 -3.68677 1
31 86 1 1.75497 1
31 87 1 -2.75828 0
31 88 1 4.27498 1
31 89 1 -1.00379 1
31 90 1 -0.915822 1
31 91 1 -3.21612 1
31 92 1 0.477915 1
31 93 1 -0.105672 1
31 94 1 0.480474 1
31 95 1 -2.33589 1
31 122 1 1.96242 1
31 10 1 -0.310081 1
122 87 1 0.0649058 1
32 64 1 8.47679 1
32 65 1 0.754789 1
32 66 1 -3.52761 1
32 67 1 1.85555 1
32 68 1 1.47014 1
32 69 1 2.51945 1
32 70 1 0.304983 1
32 71 1 2.72234 1
32 72 1 -4.7687 1
32 73 1 1.75925 1
32 74 1 -2.08871 1
32 75 1 3.26594 1
32 76 1 -1.32213 1
32 77 1 3.50343 1
32 78 1 -0.723414 1
32 79 1 1.91608 1
32 80 1 -1.43382 1
32 81 1 -2.03663 1
32 82 1 -2.85724 1
32 83 1 -4.01829 1
32 84 1 1.31038 1
32 85 1 -3.12072 1
32 86 1 1.07989 1
32 87 1 -0.861488 1
32 88 1 -0.813199 1
32 89 1 -3.29393 1
32 90 1 2.59093 1
32 91 1 -2.29985 1
32 92 1 2.53007 1
32 93 1 0.465178 1
32 94 1 1.17928 1
32 95 1 -1.23955 1
33 64 1 3.11895 1
33 65 1 -5.79897 1
33 66 1 -1.48131 1
33 67 1 -2.07829 1
33 68 1 -0.94748 1
33 69 1 -2.02589 1
33 70 1 3.32019 1
33 71 1 3.92316 1
33 72 1 1.2696 1
33 73 1 3.26503 1
33 74 1 1.85007 1
33 75 1 -6.39953 1
33 76 1 -2.50881 1
33 77 1 2.27348 1
33 78 1 -3.11333 1
33 79 1 -3.77955 1
33 80 1 0.705098 1
33 81 1 -1.93819 1
33 82 1 0.660804 1
33 83 1 -0.0152889 1
33 84 1 1.35559 1
33 85 1 2.24768 1
33 86 1 2.96846 1
33 87 1 2.55749 1
33 88 1 2.94838 1
33 89 1 5.58822 1
33 90 1 -2.28832 1
33 91 1 -0.729561 1
33 92 1 2.81689 1
33 93 1 2.19091 1
33 94 1 -0.59375 1
33 95 1 -0.662442 1
33 20 1 -1.89501 1
33 107 1 0.127341 1
33 13 1 0.600798 1
34 64 1 -0.564899 1
34 65 1 0.220181 1
34 66 1 1.2877 1
34 67 1 0.737008 1
34 68 1 0.983594 1
34 69 1 -1.85052 1
34 70 1 -2.15126 1
34 71 1 -1.80276 1
34 72 1 -2.24826 1
34 73 1 -4.28134 1
34 74 1 1.11602 1
34 75 1 6.81514 1
34 76 1 -0.41713 1
34 77 1 -0.334946 1
34 78 1 -1.35152 1
34 79 1 2.33639 1
34 80 1 2.42341 1
34 81 1 -1.7236 1
34 82 1 0.247134 1
34 83 1 1.05816 1
34 84 1 0.400196 1
34 85 1 -0.481299 1
34 86 1 -0.653931 1
34 87 1 -0.18468 1
34 88 1 1.41478 1
34 89 1 -1.94011 1
34 90 1 -6.14232 1
34 91 1 3.0266 1
34 92 1 3.00421 1
34 93 1 -2.95776 1
34 94 1 3.85634 1
34 95 1 1.98656 1
34 113 1 0.197532 1
35 64 1 0.104384 1
35 65 1 -0.862576 1
35 66 1 -0.406482 1
35 67 1 4.41719 1
35 68 1 0.362152 1
35 69 1 3.62228 1
35 70 1 3.16064 1
35 71 1 3.10779 1
35 72 1 2.93477 1
35 73 1 7.49603 1
35 74 1 0.960361 1
35 75 1 -0.29339 1
35 76 1 -4.65492 1
35 77 1 0.0516028 1
35 78 1 -1.32362 1
35 79 1 1.87974 1
35 80 1 -6.68777 1
35 81 1 -0.710414 1
35 82 1 3.59682 0
35 83 1 -0.845508 1
35 84 1 4.32902 1
35 85 1 -4.82457 1
35 86 1 -1.2415 1
35 87 1 -2.11012 1
35 88 1 -0.161796 1
35 89 1 0.882556 0
35 90 1 -1.07277 1
35 91 1 -1.00912 1
35 92 1 -3.13762 1
35 93 1 -3.05964 1
35 94 1 -1.17231 1
35 95 1 -0.260476 1
35 130 1 1.84556 1
35 133 1 4.12434 1
133 82 1 2.00419 1
130 89 1 2.11527 1
36 64 1 0.962844 1
36 65 1 0.963151 1
36 66 1 0.24341 1
36 67 1 -0.614282 1
36 68 1 -5.02282 1
36 69 1 -2.66542 1
36 70 1 -1.54024 1
36 71 1 0.885783 1
36 72 1 -2.43848 1
36 73 1 0.306232 1
36 74 1 -1.3523 1
36 75 1 0.0173189 1
36 76 1 1.75066 1
36 77 1 -5.06158 1
36 78 1 0.966453 1
36 79 1 2.90498 1
36 80 1 2.41844 1
36 81 1 -0.953502 1
36 82 1 -0.811042 0
36 83 1 -0.707217 1
36 84 1 2.71094 1
36 85 1 -3.06251 1
36 86 1 1.09764 1
36 87 1 -0.253355 1
36 88 1 -0.0511738 1
36 89 1 0.240024 1
36 90 1 -3.31483 1
36 91 1 1.79106 1
36 92 1 4.04286 1
36 93 1 0.56604 1
36 94 1 -2.20351 1
36 95 1 6.06978 1
36 109 1 -0.00437191 0
36 24 1 -2.20625 1
36 117 1 2.66858 1
117 109 1 0.934624 1
117 4 1 0.213603 1
109 82 1 0.236474 1
109 31 1 0.60933 1
37 64 1 -3.51503 1
37 65 1 1.61129 1
37 66 1 -2.6313 1
37 67 1 -2.86441 1
37 68 1 -4.71266 1
37 69 1 3.48957 1
37 70 1 -3.37611 1
37 71 1 -1.63845 1
37 72 1 3.05361 1
37 73 1 2.57849 1
37 74 1 -0.55352 1
37 75 1 0.628414 1
37 76 1 3.35412 0
37 77 1 3.8916 1
37 78 1 -0.39954 1
37 79 1 1.95976 1
37 80 1 4.71806 1
37 81 1 1.59401 1
37 82 1 4.58934 1
37 83 1 2.22936 1
37 84 1 -4.07984 1
37 85 1 0.82576 1
37 86 1 -0.899633 1
37 87 1 1.51065 1
37 88 1 -2.72264 1
37 89 1 -2.52965 1
37 90 1 -1.38102 1
37 91 1 1.50467 1
37 92 1 3.25508 1
37 93 1 0.680079 1
37 94 1 -3.25138 1
37 95 1 0.325386 1
37 142 1 1.5969 1
142 76 1 -1.55918 1
142 147 1 -1.42813 1
38 64 1 0.196667 1
38 65 1 -1.56823 1
38 66 1 -0.583346 1
38 67 1 -1.11506 1
38 68 1 -1.50913 1
38 69 1 -5.11248 1
38 70 1 -0.0881331 1
38 71 1 0.226138 1
38 72 1 1.69617 1
38 73 1 1.48766 1
38 74 1 -2.37876 1
38 75 1 1.7606 1
38 76 1 2.3945 1
38 77 1 -0.918354 1
38 78 1 -0.811216 1
38 79 1 -0.893726 1
38 80 1 -3.66905 1
38 81 1 -0.812333 1
38 82 1 3.06258 1
38 83 1 0.124576 1
38 84 1 -2.17283 1
38 85 1 -4.0212 1
38 86 1 -0.0106331 1
38 87 1 -0.193214 1
38 88 1 1.6708 1
38 89 1 3.50909 1
38 90 1 -0.0916372 1
38 91 1 1.55173 1
38 92 1 1.67512 0
38 93 1 -0.732335 1
38 94 1 -0.577469 1
38 95 1 -3.16263 1
38 148 1 2.35337 1
148 92 1 3.8027 1
39 64 1 1.4568 1
39 65 1 -1.50447 1
39 66 1 1.40603 1
39 67 1 -0.0722316 1
39 68 1 1.69632 1
39 69 1 0.372824 1
39 70 1 1.48082 1
39 71 1 -0.515759 1
39 72 1 -3.09041 1
39 73 1 -5.1273 1
39 74 1 1.03927 1
39 75 1 2.39367 0
39 76 1 3.95629 1
39 77 1 0.0167441 1
39 78 1 -2.98119 1
39 79 1 -3.32005 1
39 80 1 1.35206 1
39 81 1 -3.55813 1
39 82 1 -0.447055 1
39 83 1 -0.878468 1
39 84 1 -3.04725 1
39 85 1 -0.188047 1
39 86 1 1.4496 1
39 87 1 0.438365 1
39 88 1 -1.491 1
39 89 1 0.107798 1
39 90 1 3.08679 1
39 91 1 -0.980222 1
39 92 1 4.32521 1
39 93 1 1.31083 1
39 94 1 -4.86837 1
39 95 1 -2.06716 1
39 2 1 -4.8038 1
39 112 1 3.40437 1
39 13 1 -1.87013 1
39 104 1 0.541989 1
112 75 1 -2.31602 1
112 138 1 -1.31087 1
40 64 1 -5.56581 1
40 65 1 -1.4238 1
40 66 1 2.91968 1
40 67 1 -0.315167 1
40 68 1 2.29693 1
40 69 1 2.10392 1
40 70 1 -1.12558 1
40 71 1 0.0263603 1
40 72 1 3.12858 1
40 73 1 1.85477 1
40 74 1 -2.46818 1
40 75 1 1.21799 1
40 76 1 -3.05282 1
40 77 1 2.66656 1
40 78 1 1.8354 1
40 79 1 -1.24382 1
40 80 1 -0.489495 1
40 81 1 -0.102947 1
40 82 1 1.60882 1
40 83 1 -3.91361 1
40 84 1 -0.0122538 1
40 85 1 1.81889 1
40 86 1 2.74782 1
40 87 1 1.69724 1
40 88 1 1.23455 1
40 89 1 -1.2387 1
40 90 1 -1.69265 1
40 91 1 -1.64386 1
40 92 1 -3.93042 1
40 93 1 1.95863 1
40 94 1 -0.323221 1
40 95 1 1.48545 1
40 2 1 -0.69139 1
40 134 1 0.561292 1
41 64 1 5.22122 1
41 65 1 -1.31122 1
41 66 1 1.57098 1
41 67 1 0.515732 1
41 68 1 2.40601 1
41 69 1 -1.03313 1
41 70 1 0.306044 1
41 71 1 0.751859 1
41 72 1 4.09069 1
41 73 1 -5.17182 1
41 74 1 0.424457 1
41 75 1 3.05239 1
41 76 1 -3.80068 1
41 77 1 -1.22857 1
41 78 1 -1.82042 1
41 79 1 1.95689 1
41 80 1 1.77223 1
41 81 1 3.04149 1
41 82 1 -1.16883 1
41 83 1 2.0474 1
41 84 1 -3.03648 1
41 85 1 -0.239527 1
41 86 1 0.674776 1
41 87 1 1.76259 1
41 88 1 3.44217 1
41 89 1 -2.97222 1
41 90 1 -2.61066 1
41 91 1 -1.38494 1
41 92 1 -0.434158 1
41 93 1 -1.11068 1
41 94 1 -1.38174 1
41 95 1 -1.44194 1
41 11 1 3.2089 1
41 29 1 -1.11783 1
41 97 1 -1.60126 1
42 64 1 1.07304 1
42 65 1 0.351588 1
42 66 1 -0.0103838 1
42 67 1 -0.193887 1
42 68 1 -2.24686 1
42 69 1 0.653822 1
42 70 1 -1.23733 1
42 71 1 -0.942591 1
42 72 1 -1.10889 1
42 73 1 -3.53849 1
42 74 1 3.17763 1
42 75 1 -1.63584 1
42 76 1 -2.38628 1
42 77 1 -0.133816 1
42 78 1 -2.39042 1
42 79 1 1.39761 1
42 80 1 -1.03715 1
42 81 1 2.79965 1
42 82 1 2.70214 1
42 83 1 2.51438 1
42 84 1 1.66995 1
42 85 1 1.07418 1
42 86 1 2.01109 1
42 87 1 -2.13053 1
42 88 1 -0.83651 1
42 89 1 -1.52228 1
42 90 1 1.36118 1
42 91 1 2.2936 1
42 92 1 -0.908363 1
42 93 1 2.55344 1
42 94 1 -2.29679 1
42 95 1 0.803707 1
43 64 1 2.85199 1
43 65 1 -3.4634 1
43 66 1 2.81041 1
43 67 1 1.62322 1
43 68 1 -0.455024 1
43 69 1 -1.70067 1
43 70 1 -0.168666 1
43 71 1 -2.21838 1
43 72 1 -0.56542 1
43 73 1 -6.51572 1
43 74 1 2.48023 1
43 75 1 -2.14727 1
43 76 1 -0.583874 1
43 77 1 0.493374 1
43 78 1 -0.0401888 1
43 79 1 -3.02665 1
43 80 1 -0.540334 1
43 81 1 1.68275 1
43 82 1 2.18063 1
43 83 1 -2.65356 1
43 84 1 -0.50057 1
43 85 1 2.85523 1
43 86 1 1.01129 1
43 87 1 5.23408 1
43 88 1 0.529286 1
43 89 1 3.72232 1
43 90 1 -1.30578 1
43 91 1 -4.05042 1
43 92 1 4.83102 1
43 93 1 2.06912 1
43 94 1 -4.38216 1
43 95 1 1.1693 1
44 64 1 0.834407 1
44 65 1 -3.75927 1
44 66 1 1.57035 1
44 67 1 -2.54079 1
44 68 1 -0.343014 1
44 69 1 -1.60574 1
44 70 1 3.58252 1
44 71 1 1.70258 1
44 72 1 -1.96699 1
44 73 1 1.51066 1
44 74 1 -2.57495 1
44 75 1 -2.63819 1
44 76 1 0.535085 1
44 77 1 2.81325 1
44 78 1 2.93849 1
44 79 1 1.07838 1
44 80 1 4.5678 1
44 81 1 -2.19558 1
44 82 1 -0.380413 1
44 83 1 -1.35922 1
44 84 1 0.260955 1
44 85 1 -0.789349 1
44 86 1 1.5857 1
44 87 1 2.11834 1
44 88 1 -0.0531712 1
44 89 1 1.76281 1
44 90 1 0.167693 1
44 91 1 -0.122448 1
44 92 1 -0.792766 1
44 93 1 3.63255 1
44 94 1 -1.81639 1
44 95 1 -1.3658 1
44 8 1 -0.29515 1
44 29 1 2.01643 1
45 64 1 0.0289444 1
45 65 1 2.84199 1
45 66 1 -0.980761 1
45 67 1 2.05956 1
45 68 1 -1.90177 1
45 69 1 -7.32182 1
45 70 1 -3.17906 1
45 71 1 0.775011 1
45 72 1 -6.23074 1
45 73 1 2.82201 1
45 74 1 3.36712 1
45 75 1 3.55868 1
45 76 1 -1.25374 1
45 77 1 0.279655 1
45 78 1 -2.79893 1
45 79 1 3.01233 1
45 80 1 -1.78783 1
45 81 1 -0.1218 1
45 82 1 -0.630388 1
45 83 1 -4.07526 1
45 84 1 2.33197 1
45 85 1 -2.45099 1
45 86 1 1.76645 1
45 87 1 0.622625 1
45 88 1 0.58229 1
45 89 1 -4.60236 1
45 90 1 0.548807 1
45 91 1 3.76644 1
45 92 1 -3.05099 1
45 93 1 -6.78436 1
45 94 1 2.32695 1
45 95 1 -3.55537 1
45 9 1 4.80212 1
45 20 1 -0.729564 1
46 64 1 -0.678085 1
46 65 1 -0.435003 1
46 66 1 4.26324 1
46 67 1 2.80428 1
46 68 1 -5.42013 1
46 69 1 -1.52365 1
46 70 1 1.91785 1
46 71 1 -1.4973 1
46 72 1 1.99416 1
46 73 1 -3.80701 1
46 74 1 -0.480291 1
46 75 1 1.31911 1
46 76 1 -5.07856 1
46 77 1 3.63155 1
46 78 1 -0.969143 1
46 79 1 -0.65483 1
46 80 1 3.85332 1
46 81 1 0.829143 1
46 82 1 1.49467 1
46 83 1 1.26135 1
46 84 1 0.0978867 1
46 85 1 2.03191 1
46 86 1 -0.415111 1
46 87 1 3.06405 1
46 88 1 -1.3881 1
46 89 1 -3.71084 1
46 90 1 -2.53972 1
46 91 1 0.0625818 1
46 92 1 1.51274 1
46 93 1 -1.09481 1
46 94 1 -2.10001 1
46 95 1 -0.286086 1
46 24 1 1.22509 1
47 64 1 -1.05033 1
47 65 1 -1.3725 1
47 66 1 -2.76398 1
47 67 1 2.6718 1
47 68 1 -1.72945 1
47 69 1 3.55033 1
47 70 1 -2.43774 1
47 71 1 0.994442 1
47 72 1 0.123433 1
47 73 1 5.05698 0
47 74 1 -2.32344 1
47 75 1 -1.84125 1
47 76 1 -1.8796 1
47 77 1 -9.31882 1
47 78 1 -2.80877 1
47 79 1 1.33292 1
47 80 1 3.69198 1
47 81 1 -5.46204 1
47 82 1 1.51027 1
47 83 1 -0.227389 1
47 84 1 -4.49247 1
47 85 1 -0.360071 1
47 86 1 -3.29267 1
47 87 1 4.32306 1
47 88 1 2.4388 1
47 89 1 0.612582 1
47 90 1 6.35862 1
47 91 1 0.575781 1
47 92 1 -0.571858 1
47 93 1 -0.162256 1
47 94 1 0.994788 1
47 95 1 -1.49212 1
47 4 1 0.275181 1
47 137 1 1.75379 1
137 73 1 4.02232 1
48 64 1 -0.981932 1
48 65 1 -0.13017 1
48 66 1 0.684114 1
48 67 1 -1.79245 1
48 68 1 -5.02675 1
48 69 1 -3.30726 1
48 70 1 0.165951 1
48 71 1 0.922981 1
48 72 1 -3.68842 1
48 73 1 3.34427 1
48 74 1 5.09747 1
48 75 1 -3.79571 1
48 76 1 1.1396 1
48 77 1 -2.39295 1
48 78 1 -0.182777 1
48 79 1 2.20433 1
48 80 1 0.0112865 1
48 81 1 -3.57005 1
48 82 1 0.365849 1
48 83 1 0.433241 1
48 84 1 0.665789 1
48 85 1 0.748539 1
48 86 1 -1.12217 1
48 87 1 -1.34218 1
48 88 1 -1.73623 1
48 89 1 0.0967846 1
48 90 1 2.50746 1
48 91 1 1.18605 1
48 92 1 -5.44406 1
48 93 1 -0.527825 1
48 94 1 3.80178 1
48 95 1 2.93721 1
48 16 1 2.17832 1
48 12 1 0.761827 1
48 14 1 -2.43194 1
48 30 1 1.05507 1
49 64 1 0.657304 1
49 65 1 -2.77278 1
49 66 1 0.862815 1
49 67 1 -1.10338 1
49 68 1 -3.32522 1
49 69 1 -0.261285 1
49 70 1 1.1663 1
49 71 1 -3.3301 1
49 72 1 -0.293729 1
49 73 1 0.835973 1
49 74 1 3.80717 1
49 75 1 3.02993 1
49 76 1 -6.45264 1
49 77 1 -4.14326 1
49 78 1 -1.44701 1
49 79 1 2.6713 1
49 80 1 5.03032 1
49 81 1 -4.66484 1
49 82 1 0.801088 1
49 83 1 -2.32244 1
49 84 1 2.77734 1
49 85 1 -2.84635 1
49 86 1 -0.720189 1
49 87 1 -0.721772 1
49 88 1 -0.122743 1
49 89 1 1.88751 1
49 90 1 -1.22852 1
49 91 1 1.19171 1
49 92 1 2.99037 1
49 93 1 -1.33792 1
49 94 1 0.406525 1
49 95 1 4.35304 1
49 19 1 -2.59304 1
49 31 1 -0.136728 1
49 15 1 0.0816951 1
50 64 1 -5.19655 1
50 65 1 -2.33621 1
50 66 1 1.34035 1
50 67 1 -1.39944 1
50 68 1 2.1878 1
50 69 1 -1.39454 1
50 70 1 0.930606 1
50 71 1 7.29833 1
50 72 1 -1.03397 1
50 73 1 4.74817 1
50 74 1 -2.28295 1
50 75 1 2.20374 1
50 76 1 -1.62024 1
50 77 1 0.619008 1
50 78 1 2.369 1
50 79 1 -1.7677 1
50 80 1 1.6513 1
50 81 1 0.0515272 1
50 82 1 -1.4218 1
50 83 1 2.85502 1
50 84 1 -1.73559 1
50 85 1 1.95228 1
50 86 1 3.18408 1
50 87 1 -4.05472 1
50 88 1 -3.19901 1
50 89 1 1.05836 1
50 90 1 -0.195797 1
50 91 1 0.710365 1
50 92 1 0.172308 1
50 93 1 0.371636 1
50 94 1 -3.23865 1
50 95 1 2.07638 1
50 4 1 6.22954 1
50 22 1 -0.0267343 1
51 64 1 -2.4536 1
51 65 1 2.49131 1
51 66 1 3.43511 1
51 67 1 -0.793141 1
51 68 1 -0.230625 1
51 69 1 -1.15243 1
51 70 1 2.02991 1
51 71 1 3.84389 1
51 72 1 -4.25947 1
51 73 1 -2.89796 0
51 74 1 -1.63383 1
51 75 1 5.03158 1
51 76 1 -2.80225 1
51 77 1 1.8108 1
51 78 1 4.7398 1
51 79 1 0.844237 1
51 80 1 0.708987 1
51 81 1 -3.18837 1
51 82 1 0.228782 1
51 83 1 4.18968 1
51 84 1 -2.99764 1
51 85 1 -2.13767 1
51 86 1 -0.140107 1
51 87 1 0.736992 1
51 88 1 1.95392 1
51 89 1 0.523572 1
51 90 1 2.04462 1
51 91 1 -1.50618 1
51 92 1 2.53406 1
51 93 1 4.77415 1
51 94 1 -4.77646 1
51 95 1 -2.77088 1
51 116 1 0.597075 1
51 12 1 -0.642002 1
116 73 1 0.733951 0
116 134 1 1.9109 1
134 73 1 2.54575 1
52 64 1 -1.99728 1
52 65 1 3.80707 1
52 66 1 1.88088 1
52 67 1 0.0529579 1
52 68 1 1.56462 1
52 69 1 6.13071 1
52 70 1 3.30184 1
52 71 1 -2.54107 1
52 72 1 -1.38628 1
52 73 1 3.23094 1
52 74 1 2.69556 1
52 75 1 1.88115 1
52 76 1 -3.3843 1
52 77 1 0.349444 1
52 78 1 2.54325 1
52 79 1 0.260849 1
52 80 1 0.917314 1
52 81 1 0.0275215 1
52 82 1 -1.95434 1
52 83 1 -2.65539 1
52 84 1 0.803587 1
52 85 1 -1.85922 1
52 86 1 -4.14477 1
52 87 1 -0.410198 1
52 88 1 2.20717 1
52 89 1 -1.1057 1
52 90 1 -0.832298 1
52 91 1 -0.840491 1
52 92 1 0.530164 1
52 93 1 -2.18857 0
52 94 1 1.91112 1
52 95 1 -0.392694 1
52 115 1 -0.378878 1
52 139 1 -0.547238 1
139 93 1 -1.21414 1
53 64 1 -1.94771 1
53 65 1 1.17097 1
53 66 1 -0.909509 1
53 67 1 -1.72118 1
53 68 1 2.02734 1
53 69 1 0.553059 1
53 70 1 -0.0141111 0
53 71 1 -0.481575 1
53 72 1 -1.66249 1
53 73 1 0.141803 1
53 74 1 -1.8062 1
53 75 1 -2.11334 1
53 76 1 0.0352604 1
53 77 1 2.09078 1
53 78 1 -0.118951 1
53 79 1 -1.31844 1
53 80 1 1.53628 1
53 81 1 1.74661 1
53 82 1 1.68415 1
53 83 1 1.18795 1
53 84 1 1.12371 1
53 85 1 2.10004 1
53 86 1 1.28695 1
53 87 1 -0.158162 1
53 88 1 -0.136969 1
53 89 1 -0.897377 1
53 90 1 -2.88889 1
53 91 1 1.17122 1
53 92 1 2.60818 1
53 93 1 -0.413993 1
53 94 1 0.363853 1
53 95 1 -3.28308 1
53 20 1 5.08701 1
53 23 1 1.31061 1
53 149 1 0.433323 1
149 70 1 -1.71368 0
149 153 1 1.24685 1
153 70 1 -0.728656 1
54 64 1 1.02697 1
54 65 1 0.0927187 1
54 66 1 -2.37988 1
54 67 1 2.09212 1
54 68 1 2.45968 1
54 69 1 -3.71589 1
54 70 1 0.799693 1
54 71 1 4.04593 1
54 72 1 0.921903 1
54 73 1 0.912923 1
54 74 1 0.0207267 1
54 75 1 -2.69622 1
54 76 1 -1.58452 1
54 77 1 2.93086 1
54 78 1 0.060893 1
54 79 1 1.47284 1
54 80 1 0.480966 1
54 81 1 3.72586 1
54 82 1 -2.63893 1
54 83 1 5.78437 1
54 84 1 2.55149 1
54 85 1 -0.775771 1
54 86 1 -3.82945 1
54 87 1 -0.842851 1
54 88 1 2.49941 1
54 89 1 4.08511 1
54 90 1 -2.90645 1
54 91 1 3.41924 1
54 92 1 -1.70154 1
54 93 1 1.79234 1
54 94 1 -3.10389 1
54 95 1 -2.47794 1
54 30 1 -0.536014 1
54 144 1 0.821445 1
55 64 1 -0.507091 1
55 65 1 -3.01598 1
55 66 1 -2.09427 1
55 67 1 -1.5862 1
55 68 1 -0.685222 1
55 69 1 2.07515 1
55 70 1 3.4009 1
55 71 1 -5.29006 1
55 72 1 1.92084 1
55 73 1 0.608995 1
55 74 1 2.33629 1
55 75 1 -3.33641 1
55 76 1 -4.0153 1
55 77 1 1.99441 1
55 78 1 0.366564 1
55 79 1 2.18892 1
55 80 1 -1.59767 1
55 81 1 1.74827 1
55 82 1 -0.815313 1
55 83 1 0.711585 1
55 84 1 -0.794403 1
55 85 1 -5.60775 1
55 86 1 1.58312 1
55 87 1 1.242 1
55 88 1 -3.65708 1
55 89 1 -0.975749 1
55 90 1 1.24237 1
55 91 1 1.33036 1
55 92 1 7.0065 1
55 93 1 -3.85876 1
55 94 1 -3.71896 1
55 95 1 -2.14168 0
55 28 1 4.22658 1
55 114 1 0.704471 1
55 0 1 -1.02521 1
114 95 1 -0.374927 1
56 64 1 3.6607 1
56 65 1 -4.92087 1
56 66 1 0.724718 1
56 67 1 -1.79671 1
56 68 1 0.278506 0
56 69 1 -0.395772 1
56 70 1 -0.270729 1
56 71 1 1.73392 1
56 72 1 -0.684144 1
56 73 1 -1.86888 1
56 74 1 3.92216 1
56 75 1 4.41981 1
56 76 1 -3.44601 1
56 77 1 -0.95536 1
56 78 1 -1.34269 1
56 79 1 -0.752492 1
56 80 1 -1.0353 1
56 81 1 4.11828 1
56 82 1 2.3772 1
56 83 1 -2.06472 1
56 84 1 -0.66698 1
56 85 1 -1.1469 1
56 86 1 2.77306 1
56 87 1 -0.960931 1
56 88 1 -0.239834 1
56 89 1 -0.209194 1
56 90 1 -1.27395 1
56 91 1 -2.17299 1
56 92 1 0.652824 1
56 93 1 4.07072 1
56 94 1 -2.12291 1
56 95 1 -0.573559 1
56 3 1 -2.54331 1
56 126 1 3.75557 1
126 68 1 1.90164 1
126 11 1 -2.49206 1
57 64 1 -4.53021 1
57 65 1 3.9194 1
57 66 1 -1.57981 1
57 67 1 -1.76161 1
57 68 1 2.45311 1
57 69 1 -0.493402 0
57 70 1 1.06004 1
57 71 1 2.24697 1
57 72 1 1.23046 1
57 73 1 -2.21301 1
57 74 1 2.87546 1
57 75 1 2.87968 1
57 76 1 3.16855 1
57 77 1 -5.18236 1
57 78 1 0.189645 1
57 79 1 -2.69086 1
57 80 1 0.749084 1
57 81 1 3.48079 1
57 82 1 4.15159 1
57 83 1 -2.26729 1
57 84 1 -0.677098 1
57 85 1 -2.23554 1
57 86 1 -0.0334349 1
57 87 1 0.759473 1
57 88 1 0.147629 1
57 89 1 0.993462 1
57 90 1 1.29117 1
57 91 1 -2.54637 1
57 92 1 -2.64499 1
57 93 1 -0.748358 1
57 94 1 -1.92454 1
57 95 1 2.76572 1
57 104 1 3.8421 1
57 22 1 0.210746 1
104 69 1 2.11068 1
104 1 1 0.725095 1
104 107 1 0.509902 1
58 64 1 4.20654 1
58 65 1 -1.00251 1
58 66 1 -1.91452 1
58 67 1 -0.488138 1
58 68 1 -1.46826 1
58 69 1 -0.278942 1
58 70 1 -1.57394 1
58 71 1 1.81491 1
58 72 1 -0.165292 1
58 73 1 -1.80153 1
58 74 1 2.62988 1
58 75 1 3.43479 1
58 76 1 3.21186 1
58 77 1 2.86105 1
58 78 1 -1.56821 1
58 79 1 -0.270774 0
58 80 1 -3.81584 1
58 81 1 4.57772 1
58 82 1 0.581145 1
58 83 1 -0.324413 1
58 84 1 -1.96071 1
58 85 1 0.886478 1
58 86 1 0.860314 1
58 87 1 -1.80497 1
58 88 1 -3.40631 1
58 89 1 -2.14517 1
58 90 1 -1.02895 1
58 91 1 -2.76495 1
58 92 1 -0.00979285 1
58 93 1 1.86038 1
58 94 1 -2.08307 1
58 95 1 1.89608 1
58 128 1 2.08103 1
128 79 1 0.914682 0
128 131 1 0.344342 1
131 79 1 1.46252 1
59 64 1 -2.13746 1
59 65 1 1.78547 1
59 66 1 2.2034 1
59 67 1 -2.38914 1
59 68 1 1.42788 1
59 69 1 -1.95868 1
59 70 1 -0.954601 1
59 71 1 1.42696 1
59 72 1 -0.436622 1
59 73 1 0.573741 1
59 74 1 1.42746 1
59 75 1 -1.03499 1
59 76 1 2.67726 1
59 77 1 1.48466 0
59 78 1 2.08869 1
59 79 1 -2.75946 1
59 80 1 -0.738343 1
59 81 1 1.64706 1
59 82 1 -5.05229 1
59 83 1 3.50345 1
59 84 1 0.14326 1
59 85 1 -2.61383 1
59 86 1 -3.60456 1
59 87 1 1.10176 1
59 88 1 3.23328 1
59 89 1 -0.355998 1
59 90 1 0.786059 1
59 91 1 -2.62426 1
59 92 1 2.11859 1
59 93 1 3.11187 1
59 94 1 -5.25083 1
59 95 1 1.07092 1
59 97 1 0.417281 1
59 5 1 -3.32108 1
59 11 1 -1.76733 1
59 13 1 0.399318 1
97 77 1 -6.54374 1
97 22 1 -1.45899 1
97 2 1 -7.02066 0
97 99 1 2.52289 1
97 7 1 4.13302 0
97 102 1 1.97772 1
97 17 1 3.05513 1
102 7 1 3.71298 1
99 2 1 1.05277 0
99 108 1 4.85637 1
99 15 1 0.39159 1
108 2 1 -1.05115 0
108 125 1 4.79013 1
125 2 1 0.307431 1
60 64 1 2.96329 1
60 65 1 0.71225 1
60 66 1 0.897126 1
60 67 1 -1.02961 1
60 68 1 1.39742 1
60 69 1 1.01394 1
60 70 1 -2.21942 1
60 71 1 0.730429 1
60 72 1 0.116579 0
60 73 1 -0.078962 1
60 74 1 1.68064 1
60 75 1 -0.0636235 1
60 76 1 -1.54133 1
60 77 1 4.8263 1
60 78 1 -2.69698 1
60 79 1 0.266362 1
60 80 1 -4.61807 1
60 81 1 -1.28086 1
60 82 1 -0.755098 1
60 83 1 0.473806 1
60 84 1 -3.56349 1
60 85 1 3.44507 1
60 86 1 3.24544 1
60 87 1 0.0624658 1
60 88 1 -5.48169 1
60 89 1 0.178971 1
60 90 1 -1.91487 1
60 91 1 0.910693 1
60 92 1 -0.53689 1
60 93 1 2.19537 1
60 94 1 -1.53706 1
60 95 1 1.19482 1
60 24 1 -2.14786 1
60 0 1 4.04936 1
60 115 1 2.38093 1
60 3 1 -0.334083 1
115 72 1 -1.12482 1
115 18 1 -0.00314936 1
115 14 1 0.0394273 1
61 64 1 0.395865 1
61 65 1 -0.435672 1
61 66 1 2.14239 1
61 67 1 0.866426 1
61 68 1 -3.6005 1
61 69 1 3.21396 1
61 70 1 1.54716 1
61 71 1 -0.474511 1
61 72 1 -0.799259 1
61 73 1 1.54881 1
61 74 1 3.4503 1
61 75 1 4.27371 1
61 76 1 1.40364 1
61 77 1 -0.530355 0
61 78 1 -0.666666 1
61 79 1 -0.266041 1
61 80 1 -1.5941 1
61 81 1 -0.656572 1
61 82 1 -0.119549 1
61 83 1 -0.121645 1
61 84 1 -2.35756 1
61 85 1 -1.13933 1
61 86 1 -1.24865 1
61 87 1 2.60455 1
61 88 1 -0.197732 1
61 89 1 1.27062 1
61 90 1 -1.39116 1
61 91 1 1.21574 1
61 92 1 0.0252159 1
61 93 1 -0.637046 1
61 94 1 1.12885 1
61 95 1 -2.2129 1
61 107 1 -0.365897 1
61 113 1 -2.28593 1
61 14 1 -2.7827 1
107 77 1 -5.75385 0
107 113 1 0.0773368 1
107 14 1 -1.75198 1
107 20 1 0.389796 1
113 77 1 -2.94351 1
113 23 1 -2.00945 1
113 147 1 0.758672 1
62 64 1 -0.357662 1
62 65 1 -0.78014 1
62 66 1 2.96267 1
62 67 1 -1.33879 1
62 68 1 1.68659 1
62 69 1 -1.99782 1
62 70 1 1.20386 1
62 71 1 -2.65568 1
62 72 1 2.93203 1
62 73 1 1.84164 1
62 74 1 2.90124 1
62 75 1 -1.00669 1
62 76 1 3.31919 1
62 77 1 -3.8161 1
62 78 1 -0.938709 1
62 79 1 -2.18202 1
62 80 1 -1.88061 1
62 81 1 0.0407395 1
62 82 1 -1.15398 1
62 83 1 2.03704 1
62 84 1 -2.08121 0
62 85 1 0.0816556 1
62 86 1 4.12456 1
62 87 1 -1.00853 1
62 88 1 0.163027 1
62 89 1 -3.86823 1
62 90 1 -6.5651 1
62 91 1 0.0123324 1
62 92 1 -0.837923 1
62 93 1 -2.17281 1
62 94 1 1.71192 1
62 95 1 -1.07233 1
62 5 1 0.536402 1
62 138 1 1.85515 0
62 152 1 1.2972 1
152 138 1 1.59014 1
138 84 1 0.480718 1
63 64 1 1.88251 1
63 65 1 -0.826941 1
63 66 1 4.09061 1
63 67 1 -0.599971 1
63 68 1 -0.399945 1
63 69 1 -3.84838 1
63 70 1 -0.839693 1
63 71 1 2.01956 1
63 72 1 -0.453242 1
63 73 1 1.40951 1
63 74 1 -6.94257 1
63 75 1 1.13684 1
63 76 1 -3.08519 0
63 77 1 0.672461 1
63 78 1 0.709455 1
63 79 1 -0.386518 1
63 80 1 1.12128 1
63 81 1 -1.28286 1
63 82 1 1.80029 1
63 83 1 -4.47209 1
63 84 1 -2.44989 1
63 85 1 -3.10529 1
63 86 1 3.99761 1
63 87 1 -2.51586 0
63 88 1 0.0814564 1
63 89 1 -2.78781 1
63 90 1 2.22322 1
63 91 1 -1.56339 1
63 92 1 0.250582 1
63 93 1 1.80401 1
63 94 1 -2.05623 1
63 95 1 -0.295737 1
63 141 1 2.98396 1
63 144 1 0.29211 1
144 76 1 -2.46213 0
144 147 1 1.43251 1
147 76 1 -2.94597 1
147 9 1 0.496129 1
141 87 1 -6.95161 1
141 10 1 -1.21468 1
