164 64 32
3.36246 -2.13246 -6.0581 5.4912 -4.36875 2.86375 0.534968 1.66273 -0.803261 2.62008 1.97365 4.50241 -4.28344 -5.08133 -1.46921 -2.75818 0.467835 0.963311 -0.903978 -2.39866 -0.749392 0.213973 -0.288648 0.0547611 -6.34855 -0.876051 4.05238 0.852185 -2.45721 -3.13886 -4.01969 1.50781 -0.243535 0.742774 2.28259 2.00417 -3.57601 1.53517 -0.63148 -0.661722 0.331919 0.858269 -1.38177 -4.05436 -3.39741 -0.212515 -4.13629 3.52611 -0.390984 3.3867 0.0519869 -2.54477 -4.49082 -1.36035 -0.459298 3.86013 -2.16066 2.19523 0.826665 -0.754373 3.91675 -2.31909 -1.47111 -2.82449 -4.41116 -1.28603 3.45408 2.27655 -4.55527 2.37474 -3.2489 -2.51615 -4.23234 -2.64245 2.17639 4.33034 -1.96964 0.676902 -0.916434 -3.4335 0.582235 0.590137 -3.23282 0.51243 2.51888 0.976038 -3.31803 -0.424828 3.97539 -0.945319 -1.47938 2.44769 -2.10865 -0.93173 0.589092 -1.50162 -1.78999 0.389798 -0.974948 -2.24242 1.83079 -2.39192 -6.09184 -3.38026 -4.49502 0.76262 -1.73466 -4.02953 -2.29402 0.01383 -1.84907 1.09494 3.05275 -3.34439 -0.372142 -0.852643 -2.92082 0.080974 -1.07331 -2.00503 2.43873 0.524056 0.587509 0.986029 1.11304 3.60623 0.826377 0.222979 1.20248 3.24922 -0.733919 -1.97273 -0.93809 -0.831799 -1.11166 -0.570699 -0.971165 -1.07555 -1.5795 -1.58277 1.4274 0.640463 -1.63441 -0.811679 0.102717 0.784994 -1.14085 0.0509425 0.261056 -3.0958 -1.83839 -0.571457 -0.0513426 -0.633324 -0.224541 -0.710545 0.428288 0.0202336 -0.424384 -0.372979 -0.252481 0.0361013 0.169515 -0.305796 
0 64 1 -2.75673 1
0 65 1 2.16877 1
0 66 1 2.77901 1
0 67 1 0.603234 1
0 68 1 -1.5185 1
0 69 1 1.64277 1
0 70 1 1.50345 1
0 71 1 0.326355 1
0 72 1 0.235223 1
0 73 1 -2.42526 1
0 74 1 -3.33308 1
0 75 1 1.26954 1
0 76 1 3.21734 1
0 77 1 0.480035 1
0 78 1 -2.74835 1
0 79 1 1.83636 1
0 80 1 2.80717 1
0 81 1 2.64559 1
0 82 1 5.43169 1
0 83 1 1.84619 1
0 84 1 -1.01642 1
0 85 1 3.73678 1
0 86 1 -1.21741 1
0 87 1 -1.37399 1
0 88 1 0.261494 1
0 89 1 1.53464 1
0 90 1 4.89345 1
0 91 1 5.09711 1
0 92 1 -3.22969 1
0 93 1 -0.734596 1
0 94 1 2.28297 1
0 95 1 0.59886 1
0 10 1 -2.84767 1
1 64 1 -0.699819 1
1 65 1 -3.44722 1
1 66 1 1.961 1
1 67 1 -4.14934 1
1 68 1 4.38562 1
1 69 1 -2.62159 1
1 70 1 2.49027 1
1 71 1 -0.930102 1
1 72 1 -1.4437 1
1 73 1 -2.31452 1
1 74 1 -3.64021 1
1 75 1 4.0041 1
1 76 1 -1.73525 1
1 77 1 6.17021 1
1 78 1 -1.27445 1
1 79 1 -1.37629 1
1 80 1 -4.0828 1
1 81 1 2.19522 1
1 82 1 -2.01337 1
1 83 1 -5.86931 1
1 84 1 -0.527996 1
1 85 1 -1.23479 1
1 86 1 2.54848 1
1 87 1 -1.40871 1
1 88 1 -0.309565 1
1 89 1 3.69717 1
1 90 1 -1.40685 1
1 91 1 -2.21284 1
1 92 1 -1.27394 1
1 93 1 0.824615 1
1 94 1 -2.34823 1
1 95 1 -5.47822 1
1 27 1 1.99696 1
2 64 1 -0.253972 1
2 65 1 -0.61522 1
2 66 1 -3.95054 1
2 67 1 -2.11121 1
2 68 1 -2.1351 1
2 69 1 1.89173 1
2 70 1 -0.415036 1
2 71 1 3.21143 1
2 72 1 -1.20233 1
2 73 1 -3.77557 1
2 74 1 -3.57952 1
2 75 1 -0.62298 1
2 76 1 -3.96848 1
2 77 1 -2.1205 1
2 78 1 -1.14791 1
2 79 1 -2.83963 1
2 80 1 -4.73291 1
2 81 1 -3.34171 1
2 82 1 -1.11165 1
2 83 1 -2.87814 1
2 84 1 0.240361 1
2 85 1 2.74263 1
2 86 1 -0.561747 1
2 87 1 -0.485328 1
2 88 1 -0.0407877 1
2 89 1 -3.66073 1
2 90 1 -4.78793 1
2 91 1 -0.069087 1
2 92 1 1.61423 1
2 93 1 -2.85866 1
2 94 1 3.93232 1
2 95 1 -0.155624 1
2 100 1 -1.31646 1
2 6 1 4.58355 1
2 110 1 -1.11299 1
3 64 1 -3.37961 1
3 65 1 -0.824208 1
3 66 1 0.310309 1
3 67 1 1.41508 1
3 68 1 4.60975 1
3 69 1 -2.73452 1
3 70 1 -2.43479 1
3 71 1 1.17204 1
3 72 1 9.03202 1
3 73 1 -1.57712 1
3 74 1 -0.123421 1
3 75 1 3.24062 1
3 76 1 0.0637025 1
3 77 1 -1.08601 1
3 78 1 -1.83728 1
3 79 1 0.168441 1
3 80 1 -3.55924 1
3 81 1 -1.74937 1
3 82 1 6.95058 1
3 83 1 2.53794 1
3 84 1 -0.0519969 1
3 85 1 -4.5308 1
3 86 1 1.13818 1
3 87 1 2.55622 1
3 88 1 -1.28028 1
3 89 1 2.68723 1
3 90 1 -0.00411874 1
3 91 1 2.56948 1
3 92 1 0.0610213 1
3 93 1 -0.752631 1
3 94 1 -3.02328 1
3 95 1 3.58978 0
3 110 1 2.39423 1
110 95 1 -2.01051 0
110 111 1 -0.938157 0
110 132 1 2.31773 1
110 152 1 0.399899 1
110 126 1 -0.767687 1
110 20 1 -1.02094 1
132 111 1 4.38187 1
111 95 1 -2.23548 1
4 64 1 2.08136 1
4 65 1 -0.610078 1
4 66 1 -0.720259 1
4 67 1 3.66221 1
4 68 1 -0.271918 1
4 69 1 2.69528 1
4 70 1 -0.162634 1
4 71 1 -0.267652 1
4 72 1 -0.0170242 1
4 73 1 -1.38027 0
4 74 1 -0.410377 1
4 75 1 -5.27231 0
4 76 1 -0.337381 1
4 77 1 2.71525 1
4 78 1 -0.690763 1
4 79 1 2.02055 1
4 80 1 -3.36159 1
4 81 1 0.47981 1
4 82 1 -0.0484759 1
4 83 1 -2.53082 1
4 84 1 0.151643 1
4 85 1 2.37007 1
4 86 1 3.42117 1
4 87 1 -1.56198 1
4 88 1 -2.08815 1
4 89 1 -0.741648 1
4 90 1 2.57964 1
4 91 1 -4.44989 1
4 92 1 -2.13745 1
4 93 1 -0.479489 0
4 94 1 -2.54597 1
4 95 1 1.32215 1
4 101 1 2.94011 1
4 17 1 3.84484 1
4 118 1 1.40952 1
4 145 1 0.729823 1
145 93 1 0.507336 1
118 73 1 -2.9076 1
101 75 1 1.1429 1
5 64 1 -3.18615 1
5 65 1 3.74796 1
5 66 1 -2.13696 1
5 67 1 7.83745 1
5 68 1 2.99648 1
5 69 1 3.10128 1
5 70 1 -1.11455 1
5 71 1 -0.10098 1
5 72 1 0.226204 1
5 73 1 -0.747913 1
5 74 1 -3.09634 1
5 75 1 2.20179 1
5 76 1 4.39626 1
5 77 1 0.663561 1
5 78 1 0.672813 1
5 79 1 -0.421722 1
5 80 1 1.89332 1
5 81 1 -0.731644 1
5 82 1 0.909703 1
5 83 1 3.79377 1
5 84 1 2.44599 1
5 85 1 1.77837 1
5 86 1 -3.11032 1
5 87 1 0.796162 1
5 88 1 0.314496 1
5 89 1 -3.70691 1
5 90 1 -1.04172 1
5 91 1 -0.763902 1
5 92 1 -0.68098 1
5 93 1 1.62529 1
5 94 1 -2.18046 1
5 95 1 1.56657 1
5 28 1 1.58381 1
6 64 1 -0.133448 1
6 65 1 -1.5343 1
6 66 1 2.80193 1
6 67 1 1.94725 1
6 68 1 -4.61328 1
6 69 1 -0.978089 1
6 70 1 -2.96666 1
6 71 1 1.10197 1
6 72 1 2.84526 1
6 73 1 -3.51626 1
6 74 1 -4.26905 1
6 75 1 1.85741 1
6 76 1 4.55541 1
6 77 1 0.00279812 1
6 78 1 -0.95579 1
6 79 1 -1.84574 1
6 80 1 3.50887 1
6 81 1 -1.1635 1
6 82 1 2.14482 1
6 83 1 1.16756 1
6 84 1 1.70458 1
6 85 1 -2.68266 1
6 86 1 0.0782397 1
6 87 1 2.76812 1
6 88 1 -1.66211 1
6 89 1 -2.24887 1
6 90 1 6.10124 1
6 91 1 -1.51395 1
6 92 1 3.25387 1
6 93 1 -4.00197 1
6 94 1 -2.24228 1
6 95 1 2.67292 1
6 26 1 0.754417 1
7 64 1 4.45768 1
7 65 1 2.49875 1
7 66 1 0.643308 1
7 67 1 -5.1556 1
7 68 1 -3.07385 1
7 69 1 -1.44207 1
7 70 1 4.66515 1
7 71 1 3.29432 1
7 72 1 3.76579 1
7 73 1 -1.13989 1
7 74 1 -2.38926 1
7 75 1 -0.60009 1
7 76 1 2.80939 1
7 77 1 1.15977 1
7 78 1 3.63814 1
7 79 1 3.33266 1
7 80 1 0.388275 1
7 81 1 1.92334 1
7 82 1 -3.15525 0
7 83 1 1.1546 0
7 84 1 -3.98236 1
7 85 1 4.40373 1
7 86 1 1.46034 1
7 87 1 3.79139 1
7 88 1 -3.354 1
7 89 1 -2.39857 1
7 90 1 1.66697 1
7 91 1 -2.69212 1
7 92 1 1.43001 1
7 93 1 -1.07673 1
7 94 1 -1.30577 1
7 95 1 2.77056 1
7 100 1 -0.595744 1
7 127 1 2.67893 1
127 82 1 -5.39269 1
100 83 1 2.32308 1
100 24 1 -1.85633 0
100 106 1 3.4421 1
106 24 1 -6.7034 1
106 6 1 -1.42532 1
8 64 1 2.47405 1
8 65 1 -3.24628 1
8 66 1 -0.658194 1
8 67 1 0.909647 1
8 68 1 -1.34748 1
8 69 1 3.60579 1
8 70 1 1.96506 1
8 71 1 2.07974 1
8 72 1 2.91268 1
8 73 1 -1.6564 1
8 74 1 -0.615028 1
8 75 1 -2.3776 1
8 76 1 -0.674487 1
8 77 1 3.4846 1
8 78 1 -0.521006 1
8 79 1 -2.34227 1
8 80 1 0.130056 1
8 81 1 -2.70958 1
8 82 1 0.764618 1
8 83 1 -3.34043 1
8 84 1 2.43524 1
8 85 1 8.9435 1
8 86 1 3.64109 1
8 87 1 2.15312 1
8 88 1 -1.76195 1
8 89 1 3.57491 1
8 90 1 0.651796 1
8 91 1 -1.21855 1
8 92 1 2.0532 1
8 93 1 4.93724 1
8 94 1 4.94395 1
8 95 1 0.186731 1
8 17 1 -0.611764 1
9 64 1 -3.75047 1
9 65 1 -2.12623 1
9 66 1 2.33615 1
9 67 1 -0.0664119 1
9 68 1 -1.17428 1
9 69 1 -0.203864 1
9 70 1 -6.25235 1
9 71 1 -0.800067 1
9 72 1 1.68199 1
9 73 1 -1.09202 1
9 74 1 -0.656295 1
9 75 1 2.20028 1
9 76 1 2.76763 1
9 77 1 0.415701 1
9 78 1 3.56485 1
9 79 1 1.26078 0
9 80 1 -1.12651 1
9 81 1 -0.214 1
9 82 1 -2.29639 1
9 83 1 0.127287 1
9 84 1 2.95237 1
9 85 1 1.331 1
9 86 1 0.108229 1
9 87 1 0.0726212 1
9 88 1 1.13492 1
9 89 1 4.09636 1
9 90 1 -1.32955 1
9 91 1 0.374845 1
9 92 1 -0.827759 1
9 93 1 -0.43367 1
9 94 1 -4.11761 1
9 95 1 2.20446 1
9 103 1 -1.59538 1
9 130 1 -0.655952 1
9 157 1 0.581824 1
157 79 1 0.294213 1
10 64 1 1.1932 1
10 65 1 0.187632 1
10 66 1 5.86936 1
10 67 1 -4.71666 1
10 68 1 3.69768 1
10 69 1 -0.677627 1
10 70 1 -0.926794 1
10 71 1 -1.03276 1
10 72 1 5.21641 1
10 73 1 3.59843 1
10 74 1 0.5065 0
10 75 1 0.819887 1
10 76 1 2.94276 1
10 77 1 1.05637 1
10 78 1 0.616036 1
10 79 1 -6.10878 1
10 80 1 -1.41821 1
10 81 1 4.80126 1
10 82 1 1.22728 1
10 83 1 3.37679 1
10 84 1 5.17162 1
10 85 1 2.18492 1
10 86 1 -1.49293 1
10 87 1 -1.45212 1
10 88 1 3.36643 1
10 89 1 0.854643 1
10 90 1 0.134429 1
10 91 1 3.10723 1
10 92 1 -1.40134 1
10 93 1 -1.3263 1
10 94 1 3.23143 1
10 95 1 4.96057 1
10 124 1 1.92007 1
124 74 1 0.436571 1
124 12 1 1.96913 1
11 64 1 4.15571 1
11 65 1 0.995634 1
11 66 1 2.96871 1
11 67 1 -1.14511 1
11 68 1 3.98807 1
11 69 1 1.31531 1
11 70 1 3.08525 1
11 71 1 0.993626 1
11 72 1 -4.71507 1
11 73 1 0.443812 1
11 74 1 -0.21837 0
11 75 1 -1.04928 1
11 76 1 -2.10013 1
11 77 1 -1.13239 1
11 78 1 -1.35324 1
11 79 1 -1.64048 1
11 80 1 -3.22637 1
11 81 1 -0.192787 1
11 82 1 4.91814 0
11 83 1 2.20703 1
11 84 1 1.81041 1
11 85 1 -0.211197 1
11 86 1 -3.81559 1
11 87 1 -1.21686 1
11 88 1 -5.1437 1
11 89 1 0.36303 1
11 90 1 0.049039 1
11 91 1 -0.918903 1
11 92 1 -2.28599 1
11 93 1 3.89838 1
11 94 1 -1.47103 1
11 95 1 -3.66216 1
11 120 1 -4.59389 1
11 109 1 -1.11909 1
11 154 1 0.496475 1
154 82 1 5.79353 1
120 74 1 -3.67986 1
120 13 1 -0.3755 0
120 150 1 2.59002 1
150 13 1 2.40802 1
12 64 1 -2.21004 1
12 65 1 -1.71969 1
12 66 1 -0.100108 1
12 67 1 -3.31886 1
12 68 1 1.17227 1
12 69 1 1.1414 1
12 70 1 0.285343 1
12 71 1 1.72261 1
12 72 1 2.95903 1
12 73 1 -4.37845 1
12 74 1 -3.8306 1
12 75 1 -1.21179 1
12 76 1 -0.928739 1
12 77 1 1.0671 1
12 78 1 -1.79939 1
12 79 1 -1.63744 1
12 80 1 -4.47286 1
12 81 1 -2.46816 1
12 82 1 3.38043 1
12 83 1 1.20036 1
12 84 1 0.650914 1
12 85 1 -1.72458 1
12 86 1 -2.13356 1
12 87 1 0.78872 1
12 88 1 -3.63477 1
12 89 1 2.26448 1
12 90 1 -1.00191 1
12 91 1 -2.29255 1
12 92 1 2.41569 1
12 93 1 -2.85078 1
12 94 1 2.77736 1
12 95 1 -1.75362 1
12 17 1 0.385147 1
12 18 1 0.141261 1
12 144 1 -1.30698 1
13 64 1 -1.0655 1
13 65 1 -4.80086 1
13 66 1 -1.59402 1
13 67 1 0.925566 1
13 68 1 2.53275 1
13 69 1 -2.62039 1
13 70 1 0.0848704 1
13 71 1 0.748101 1
13 72 1 0.575839 1
13 73 1 -3.11768 1
13 74 1 -3.00915 1
13 75 1 -0.289548 1
13 76 1 -1.2231 1
13 77 1 -0.835133 1
13 78 1 1.52897 1
13 79 1 2.28231 1
13 80 1 1.4792 1
13 81 1 0.476781 1
13 82 1 0.988596 1
13 83 1 3.88173 1
13 84 1 -2.36499 1
13 85 1 6.72448 1
13 86 1 5.41354 1
13 87 1 7.91767 1
13 88 1 3.37837 1
13 89 1 -0.215108 1
13 90 1 -4.52169 1
13 91 1 -3.84563 1
13 92 1 -1.59461 1
13 93 1 -3.86464 1
13 94 1 0.712966 1
13 95 1 -4.32177 1
13 29 1 -1.06935 1
14 64 1 -2.65208 1
14 65 1 5.90941 1
14 66 1 0.414634 1
14 67 1 0.348998 1
14 68 1 -0.929524 1
14 69 1 1.72071 1
14 70 1 -2.25541 1
14 71 1 1.7342 1
14 72 1 1.83573 1
14 73 1 -0.145402 1
14 74 1 -0.100126 1
14 75 1 2.75984 1
14 76 1 -2.60568 1
14 77 1 2.4676 1
14 78 1 -2.81684 1
14 79 1 -0.577926 1
14 80 1 -0.979189 1
14 81 1 0.442388 0
14 82 1 4.63366 1
14 83 1 -0.145035 1
14 84 1 1.31781 1
14 85 1 -1.67236 1
14 86 1 2.28613 1
14 87 1 -0.906312 1
14 88 1 -1.67886 1
14 89 1 -0.849641 1
14 90 1 0.365862 1
14 91 1 4.34537 1
14 92 1 4.32661 1
14 93 1 2.60434 1
14 94 1 6.44841 1
14 95 1 0.99338 1
14 104 1 -1.57714 1
14 119 1 2.36936 1
119 81 1 5.75285 1
119 99 1 -1.00595 1
15 64 1 -0.164772 1
15 65 1 0.642277 1
15 66 1 -4.362 1
15 67 1 -1.31368 1
15 68 1 1.49699 1
15 69 1 -2.08772 1
15 70 1 7.32075 1
15 71 1 -0.860668 1
15 72 1 -1.01705 1
15 73 1 0.363806 1
15 74 1 1.89952 1
15 75 1 -0.977523 1
15 76 1 -0.437257 1
15 77 1 1.27033 1
15 78 1 -2.34385 1
15 79 1 0.376006 1
15 80 1 1.94674 1
15 81 1 -0.266909 1
15 82 1 -4.39584 1
15 83 1 0.208714 1
15 84 1 0.770116 1
15 85 1 -1.81703 1
15 86 1 0.874841 1
15 87 1 -5.78671 1
15 88 1 0.681888 1
15 89 1 2.60925 1
15 90 1 0.939346 1
15 91 1 -4.88228 1
15 92 1 1.42888 1
15 93 1 -2.32104 1
15 94 1 0.854016 1
15 95 1 0.804537 1
15 20 1 -1.23764 1
16 64 1 3.05798 1
16 65 1 -0.272376 1
16 66 1 -2.6035 1
16 67 1 -4.77872 1
16 68 1 0.387936 1
16 69 1 -0.590678 1
16 70 1 2.50932 1
16 71 1 4.91211 1
16 72 1 -0.795482 1
16 73 1 -1.90333 1
16 74 1 -0.196268 1
16 75 1 1.41458 1
16 76 1 0.617542 1
16 77 1 1.14611 1
16 78 1 -1.89494 1
16 79 1 -0.495478 0
16 80 1 0.113247 1
16 81 1 2.95711 1
16 82 1 -2.18259 1
16 83 1 2.4298 1
16 84 1 -1.50169 1
16 85 1 -1.71788 1
16 86 1 -0.536329 1
16 87 1 -1.43574 1
16 88 1 1.16046 1
16 89 1 1.35736 1
16 90 1 -2.47957 1
16 91 1 2.68679 1
16 92 1 4.53478 1
16 93 1 -1.06629 1
16 94 1 -0.155361 1
16 95 1 -2.86824 1
16 26 1 -0.734608 1
16 151 1 1.18789 1
151 79 1 -0.878985 1
17 64 1 -2.85263 1
17 65 1 -0.76203 1
17 66 1 -1.09609 1
17 67 1 4.33532 1
17 68 1 -0.845774 1
17 69 1 2.07941 1
17 70 1 0.332269 1
17 71 1 2.59325 1
17 72 1 -5.51435 0
17 73 1 2.72593 1
17 74 1 3.06357 1
17 75 1 -0.189371 1
17 76 1 -0.706328 1
17 77 1 3.26553 1
17 78 1 -0.897014 1
17 79 1 -3.32914 1
17 80 1 4.84111 1
17 81 1 2.32331 1
17 82 1 -0.247128 1
17 83 1 -1.57405 1
17 84 1 -3.34179 1
17 85 1 2.08093 1
17 86 1 1.0771 1
17 87 1 -2.90579 1
17 88 1 -5.85395 1
17 89 1 3.42881 1
17 90 1 -3.07179 1
17 91 1 5.66848 1
17 92 1 -0.408736 1
17 93 1 4.13656 1
17 94 1 4.70273 1
17 95 1 1.95449 1
17 146 1 1.72426 1
146 72 1 -4.14558 1
18 64 1 2.39276 1
18 65 1 -3.53301 1
18 66 1 3.10027 1
18 67 1 0.685219 1
18 68 1 -0.354872 1
18 69 1 0.194851 1
18 70 1 2.33571 1
18 71 1 -0.266329 1
18 72 1 1.9196 1
18 73 1 0.227316 1
18 74 1 2.07397 1
18 75 1 -1.58143 1
18 76 1 5.27384 1
18 77 1 -2.46098 1
18 78 1 3.42481 1
18 79 1 1.38903 1
18 80 1 -5.44197 1
18 81 1 2.81936 1
18 82 1 -3.02378 1
18 83 1 4.11671 1
18 84 1 -2.61175 1
18 85 1 1.38193 1
18 86 1 5.64894 1
18 87 1 -1.94542 1
18 88 1 1.60408 1
18 89 1 -2.77582 1
18 90 1 1.12624 1
18 91 1 0.3521 1
18 92 1 -1.25369 1
18 93 1 -0.0543151 1
18 94 1 -1.09629 1
18 95 1 0.639526 1
18 25 1 -0.0928567 1
18 18 1 -1.22171 1
18 139 1 1.28817 1
19 64 1 5.38869 1
19 65 1 -1.74826 1
19 66 1 4.64661 1
19 67 1 -1.46442 1
19 68 1 -3.29937 1
19 69 1 1.85681 1
19 70 1 0.383015 1
19 71 1 -1.93007 1
19 72 1 2.56069 1
19 73 1 2.06396 1
19 74 1 -0.279069 1
19 75 1 1.1326 1
19 76 1 -2.75672 1
19 77 1 -3.32623 1
19 78 1 -0.897166 1
19 79 1 4.4631 1
19 80 1 1.03376 1
19 81 1 -3.45828 1
19 82 1 0.25246 1
19 83 1 -3.5477 1
19 84 1 0.661663 1
19 85 1 1.74985 1
19 86 1 -0.0856536 1
19 87 1 3.65726 1
19 88 1 -0.858489 1
19 89 1 4.19891 1
19 90 1 -1.17116 1
19 91 1 -1.60142 1
19 92 1 -0.68767 1
19 93 1 -3.47071 1
19 94 1 -2.43712 1
19 95 1 -6.02377 1
20 64 1 2.39626 1
20 65 1 -1.35772 1
20 66 1 -1.38255 1
20 67 1 0.804738 1
20 68 1 -0.447636 1
20 69 1 0.769155 1
20 70 1 -3.50837 1
20 71 1 3.26124 1
20 72 1 2.05982 1
20 73 1 2.33814 1
20 74 1 2.2981 1
20 75 1 3.27644 1
20 76 1 0.627655 1
20 77 1 -1.07559 1
20 78 1 1.10896 1
20 79 1 1.0137 1
20 80 1 0.428987 1
20 81 1 0.204074 1
20 82 1 2.69073 1
20 83 1 2.13187 1
20 84 1 3.21994 1
20 85 1 -4.9341 1
20 86 1 0.163805 1
20 87 1 -0.871051 1
20 88 1 1.06948 1
20 89 1 0.0248211 1
20 90 1 3.37812 1
20 91 1 0.920218 0
20 92 1 0.793585 1
20 93 1 1.76125 0
20 94 1 2.80055 0
20 95 1 -0.038776 1
20 96 1 -4.3606 1
20 98 1 1.49794 1
20 103 1 -0.374553 1
20 109 1 -0.989339 1
103 91 1 0.925633 0
103 105 1 2.89379 1
103 112 1 -1.99119 0
103 123 1 -0.981604 1
103 140 1 -1.68478 1
140 112 1 1.21539 1
123 91 1 -0.108282 1
123 113 1 0.63898 0
123 136 1 1.29618 1
123 137 1 0.242569 1
136 113 1 -1.54437 1
105 91 1 2.12182 0
105 129 1 0.525242 1
129 91 1 -0.175739 0
129 135 1 3.08869 1
129 116 1 2.20465 1
135 91 1 -1.50272 1
98 93 1 0.15103 1
98 99 1 4.98954 1
98 15 1 0.871145 1
96 94 1 0.876567 1
96 20 1 -0.0506194 0
96 155 1 2.04209 1
155 20 1 -0.665884 1
21 64 1 2.4594 1
21 65 1 7.0649 1
21 66 1 -2.94892 1
21 67 1 -4.53689 1
21 68 1 -2.53887 1
21 69 1 1.62845 1
21 70 1 -0.998915 1
21 71 1 -3.97198 1
21 72 1 -7.19928 1
21 73 1 -1.26483 1
21 74 1 0.324037 1
21 75 1 1.27888 1
21 76 1 -1.62226 1
21 77 1 -1.74097 1
21 78 1 -1.33238 1
21 79 1 -1.45436 1
21 80 1 1.55639 1
21 81 1 -1.28628 1
21 82 1 -1.3393 1
21 83 1 -1.08135 1
21 84 1 7.16514 1
21 85 1 -0.184762 1
21 86 1 0.352394 1
21 87 1 -0.128991 1
21 88 1 4.40218 1
21 89 1 0.54719 1
21 90 1 0.286155 1
21 91 1 0.14789 0
21 92 1 2.56307 1
21 93 1 1.58382 1
21 94 1 -3.89611 1
21 95 1 -1.66287 1
21 143 1 2.17274 1
143 91 1 -2.1425 1
22 64 1 1.53894 1
22 65 1 -0.401497 1
22 66 1 -0.346124 1
22 67 1 5.02054 1
22 68 1 0.615956 1
22 69 1 -1.34644 1
22 70 1 -3.23835 1
22 71 1 1.46259 1
22 72 1 -5.12724 1
22 73 1 0.300935 1
22 74 1 -5.55459 1
22 75 1 -1.27925 1
22 76 1 1.31254 1
22 77 1 -0.253976 1
22 78 1 4.57202 1
22 79 1 5.46157 1
22 80 1 -0.354395 1
22 81 1 -1.01808 1
22 82 1 0.739285 1
22 83 1 -0.169811 1
22 84 1 -1.71077 1
22 85 1 0.691653 1
22 86 1 0.26651 1
22 87 1 6.14386 1
22 88 1 -3.61374 1
22 89 1 -0.666081 1
22 90 1 2.63927 1
22 91 1 -0.4871 1
22 92 1 1.31032 1
22 93 1 1.94154 1
22 94 1 4.9465 1
22 95 1 2.84188 1
23 64 1 -2.52627 1
23 65 1 1.9111 1
23 66 1 1.3706 1
23 67 1 2.4702 1
23 68 1 -2.61971 1
23 69 1 1.44133 1
23 70 1 4.48181 1
23 71 1 -3.71737 1
23 72 1 -0.205759 1
23 73 1 -2.42221 1
23 74 1 1.99808 1
23 75 1 1.5169 1
23 76 1 3.33584 1
23 77 1 2.99648 1
23 78 1 -0.165334 1
23 79 1 -4.14001 1
23 80 1 0.938387 1
23 81 1 -0.331371 1
23 82 1 -1.32189 1
23 83 1 1.30501 1
23 84 1 4.30299 1
23 85 1 -1.96645 1
23 86 1 -9.0478 1
23 87 1 1.53359 1
23 88 1 2.35147 1
23 89 1 -1.06831 1
23 90 1 -2.752 1
23 91 1 -1.98165 1
23 92 1 1.10041 1
23 93 1 3.06579 1
23 94 1 -2.74714 1
23 95 1 1.05903 1
23 107 1 1.38664 1
23 27 1 -0.464293 1
24 64 1 -0.738751 1
24 65 1 1.06628 1
24 66 1 -0.566021 1
24 67 1 4.81637 1
24 68 1 -5.62552 1
24 69 1 3.02967 1
24 70 1 1.13506 1
24 71 1 4.12415 1
24 72 1 1.32789 1
24 73 1 1.9505 1
24 74 1 0.847681 1
24 75 1 -0.172791 1
24 76 1 -0.708853 1
24 77 1 0.0643327 1
24 78 1 -3.99572 1
24 79 1 -1.16242 1
24 80 1 4.35437 1
24 81 1 1.50306 1
24 82 1 -1.12591 1
24 83 1 -3.64764 1
24 84 1 -3.92434 1
24 85 1 -2.01584 1
24 86 1 -3.96175 1
24 87 1 2.3683 1
24 88 1 -1.01788 1
24 89 1 7.04227 1
24 90 1 3.02612 1
24 91 1 -2.80709 1
24 92 1 -0.918775 1
24 93 1 0.505228 1
24 94 1 -2.57789 1
24 95 1 -1.69222 1
24 5 1 0.405286 1
25 64 1 0.579672 1
25 65 1 2.09984 1
25 66 1 -2.39849 1
25 67 1 -0.412498 1
25 68 1 3.59339 1
25 69 1 -4.35517 1
25 70 1 0.244565 0
25 71 1 -2.05766 1
25 72 1 2.83886 1
25 73 1 -0.0362479 1
25 74 1 1.29128 1
25 75 1 -3.90839 1
25 76 1 -0.788841 1
25 77 1 -0.78661 1
25 78 1 2.86195 1
25 79 1 -0.0894461 1
25 80 1 -1.07503 1
25 81 1 -2.15776 1
25 82 1 -0.737824 1
25 83 1 3.91241 1
25 84 1 -1.57686 1
25 85 1 -1.76284 1
25 86 1 3.1348 1
25 87 1 1.67967 1
25 88 1 -0.688602 1
25 89 1 1.00057 1
25 90 1 -2.57585 1
25 91 1 1.49165 1
25 92 1 1.41332 1
25 93 1 -0.542921 1
25 94 1 -1.17349 1
25 95 1 -3.59876 1
25 8 1 0.397315 1
25 6 1 -2.13456 1
25 121 1 -2.06309 1
25 23 1 0.447648 1
121 70 1 8.02491 1
26 64 1 -2.40962 1
26 65 1 1.38231 1
26 66 1 0.407734 1
26 67 1 0.955064 1
26 68 1 0.430835 1
26 69 1 1.6726 1
26 70 1 -3.97693 1
26 71 1 1.79295 1
26 72 1 -2.08579 1
26 73 1 1.05704 1
26 74 1 -7.2217 1
26 75 1 2.63256 1
26 76 1 1.38305 1
26 77 1 -4.06352 1
26 78 1 3.06388 1
26 79 1 -1.36452 1
26 80 1 -1.29776 1
26 81 1 4.19842 1
26 82 1 1.59202 1
26 83 1 1.15435 1
26 84 1 -4.98789 1
26 85 1 1.85513 1
26 86 1 -3.61531 1
26 87 1 1.0461 1
26 88 1 -4.09663 1
26 89 1 0.289227 1
26 90 1 -3.20408 1
26 91 1 -4.36306 1
26 92 1 0.0654927 1
26 93 1 -0.551117 1
26 94 1 2.4382 1
26 95 1 -0.224654 1
26 23 1 3.61349 1
26 15 1 1.29135 1
26 161 1 0.0696372 1
27 64 1 -3.88805 1
27 65 1 3.34183 1
27 66 1 2.61537 1
27 67 1 -1.0427 1
27 68 1 2.09242 1
27 69 1 2.00216 1
27 70 1 4.0469 1
27 71 1 -6.14054 1
27 72 1 -1.13165 1
27 73 1 0.944631 1
27 74 1 -2.17102 1
27 75 1 4.34975 1
27 76 1 -3.2554 1
27 77 1 -0.639197 1
27 78 1 0.196029 1
27 79 1 1.46837 1
27 80 1 -1.9774 1
27 81 1 -2.27178 1
27 82 1 1.70087 1
27 83 1 0.609602 1
27 84 1 0.984934 1
27 85 1 -0.103307 1
27 86 1 -2.01583 1
27 87 1 0.581463 1
27 88 1 -5.4604 1
27 89 1 -5.41707 1
27 90 1 3.06457 1
27 91 1 -2.7218 1
27 92 1 -0.750719 1
27 93 1 -0.86966 1
27 94 1 2.6748 1
27 95 1 -0.659078 1
27 9 1 2.96816 1
27 5 1 -1.85604 1
28 64 1 3.28255 1
28 65 1 -1.35708 1
28 66 1 -2.11518 1
28 67 1 5.50337 1
28 68 1 3.85906 1
28 69 1 1.89116 1
28 70 1 -0.356496 1
28 71 1 0.296452 1
28 72 1 -7.13933 1
28 73 1 -0.11728 1
28 74 1 -1.47269 1
28 75 1 1.15175 1
28 76 1 1.22351 1
28 77 1 1.89439 1
28 78 1 -3.24488 1
28 79 1 0.787763 1
28 80 1 1.89243 1
28 81 1 -1.94263 1
28 82 1 3.46677 1
28 83 1 1.80802 1
28 84 1 4.18617 1
28 85 1 -6.35821 1
28 86 1 -2.11327 1
28 87 1 -0.310112 1
28 88 1 -3.16292 1
28 89 1 0.923898 1
28 90 1 -2.06746 1
28 91 1 -0.404706 1
28 92 1 4.84066 1
28 93 1 -2.63536 1
28 94 1 4.59009 1
28 95 1 -3.32409 1
29 64 1 -1.85331 1
29 65 1 -0.733195 1
29 66 1 -1.47595 1
29 67 1 1.13792 1
29 68 1 -6.71245 1
29 69 1 0.795278 1
29 70 1 -1.66744 1
29 71 1 -0.419902 1
29 72 1 0.11429 1
29 73 1 -1.55623 1
29 74 1 0.257814 1
29 75 1 0.24631 1
29 76 1 -1.42329 1
29 77 1 1.11722 1
29 78 1 -4.51749 1
29 79 1 -3.38525 1
29 80 1 2.37219 1
29 81 1 1.16748 1
29 82 1 2.89062 1
29 83 1 -0.420841 1
29 84 1 1.88287 1
29 85 1 -1.46639 1
29 86 1 -2.21409 1
29 87 1 -4.46267 1
29 88 1 -2.07622 1
29 89 1 -2.85029 1
29 90 1 -1.73807 1
29 91 1 0.453436 1
29 92 1 1.8469 1
29 93 1 1.94669 1
29 94 1 -3.22099 1
29 95 1 -0.30214 1
29 113 1 1.38471 1
30 64 1 0.517405 1
30 65 1 4.20566 1
30 66 1 4.46443 1
30 67 1 0.505049 1
30 68 1 1.44799 1
30 69 1 3.30201 1
30 70 1 1.70106 1
30 71 1 -2.87883 1
30 72 1 -0.106713 1
30 73 1 3.25148 1
30 74 1 -0.348933 1
30 75 1 2.44274 1
30 76 1 4.08236 1
30 77 1 -2.06553 1
30 78 1 2.30429 1
30 79 1 2.80929 1
30 80 1 -1.68168 1
30 81 1 -0.208818 1
30 82 1 4.10924 1
30 83 1 4.15527 1
30 84 1 1.51767 1
30 85 1 -1.95163 1
30 86 1 -1.87561 1
30 87 1 -2.97054 1
30 88 1 0.833305 1
30 89 1 -2.52027 1
30 90 1 2.20467 1
30 91 1 4.2428 1
30 92 1 -2.26616 1
30 93 1 1.33072 1
30 94 1 1.43564 1
30 95 1 -1.32373 1
30 28 1 0.902515 1
30 159 1 0.787842 1
31 64 1 3.33778 1
31 65 1 -0.335367 1
31 66 1 -3.18029 1
31 67 1 4.98804 1
31 68 1 3.23105 1
31 69 1 -0.765768 1
31 70 1 -2.28647 1
31 71 1 2.30205 1
31 72 1 -3.46457 1
31 73 1 -1.88198 1
31 74 1 3.87196 1
31 75 1 1.00835 1
31 76 1 0.549052 1
31 77 1 0.277856 1
31 78 1 -2.74543 1
31 79 1 1.22611 1
31 80 1 -1.474 1
31 81 1 -2.05942 1
31 82 1 -0.409991 1
31 83 1 -0.759605 1
31 84 1 -3.13894 1
31 85 1 -4.02675 1
31 86 1 0.919326 1
31 87 1 -2.72568 0
31 88 1 3.85828 1
31 89 1 -1.25011 1
31 90 1 -0.544251 1
31 91 1 -3.20118 1
31 92 1 0.34309 1
31 93 1 -0.766247 1
31 94 1 1.08522 1
31 95 1 -1.77092 1
31 122 1 2.00211 1
31 10 1 -1.29465 1
122 87 1 -1.6116 1
32 64 1 7.85134 1
32 65 1 1.12697 1
32 66 1 -3.42567 1
32 67 1 1.25926 1
32 68 1 0.749229 1
32 69 1 2.64219 1
32 70 1 -0.375171 1
32 71 1 2.34233 1
32 72 1 -5.55121 1
32 73 1 2.08151 1
32 74 1 -1.9142 1
32 75 1 2.8005 1
32 76 1 -2.21704 1
32 77 1 4.01999 1
32 78 1 -0.226006 1
32 79 1 1.15274 1
32 80 1 -0.885256 1
32 81 1 -2.20018 1
32 82 1 -3.23902 1
32 83 1 -4.05797 1
32 84 1 1.6656 1
32 85 1 -2.10721 1
32 86 1 1.31606 1
32 87 1 -1.29955 1
32 88 1 -0.753656 1
32 89 1 -3.6162 1
32 90 1 2.73684 1
32 91 1 -2.1214 1
32 92 1 1.54383 1
32 93 1 0.963766 1
32 94 1 1.95473 1
32 95 1 -1.0954 1
33 64 1 2.52882 1
33 65 1 -5.81929 1
33 66 1 -1.00034 1
33 67 1 -1.66855 1
33 68 1 -1.03265 1
33 69 1 -2.50694 1
33 70 1 2.42572 1
33 71 1 3.91775 1
33 72 1 1.65998 1
33 73 1 3.02847 1
33 74 1 2.59734 1
33 75 1 -5.59342 1
33 76 1 -2.74153 1
33 77 1 1.59111 1
33 78 1 -3.04087 1
33 79 1 -3.63876 1
33 80 1 0.507402 1
33 81 1 -2.05614 1
33 82 1 0.867595 1
33 83 1 -0.511811 1
33 84 1 1.3391 1
33 85 1 2.86364 1
33 86 1 3.25164 1
33 87 1 2.0129 1
33 88 1 2.93127 1
33 89 1 5.65445 1
33 90 1 -2.68183 1
33 91 1 -1.56973 1
33 92 1 2.94069 1
33 93 1 1.59514 1
33 94 1 -0.206573 1
33 95 1 -0.782786 1
33 20 1 -2.17766 1
33 107 1 -0.630054 1
33 13 1 0.807967 1
34 64 1 -0.204389 1
34 65 1 -0.106588 1
34 66 1 1.29881 1
34 67 1 0.970539 1
34 68 1 0.569413 1
34 69 1 -1.77783 1
34 70 1 -2.65626 1
34 71 1 -2.76067 1
34 72 1 -2.37508 1
34 73 1 -4.82848 1
34 74 1 1.78881 1
34 75 1 7.00294 1
34 76 1 -0.791156 1
34 77 1 -0.597739 1
34 78 1 -1.33894 1
34 79 1 2.39315 1
34 80 1 2.6519 1
34 81 1 -1.4381 1
34 82 1 0.377479 1
34 83 1 0.620388 1
34 84 1 0.272173 1
34 85 1 -1.26662 1
34 86 1 -1.60608 1
34 87 1 -0.532461 1
34 88 1 1.1279 1
34 89 1 -2.67714 1
34 90 1 -5.27371 1
34 91 1 2.56455 1
34 92 1 2.86341 1
34 93 1 -2.35715 1
34 94 1 3.71673 1
34 95 1 2.1782 1
34 113 1 0.462843 1
35 64 1 -0.0881877 1
35 65 1 -0.976238 1
35 66 1 -0.558025 1
35 67 1 5.12227 1
35 68 1 1.08485 1
35 69 1 3.63997 1
35 70 1 2.90638 1
35 71 1 3.64123 1
35 72 1 2.97574 1
35 73 1 7.25137 1
35 74 1 0.521467 1
35 75 1 -1.25848 1
35 76 1 -4.239 1
35 77 1 0.832317 1
35 78 1 -1.26242 1
35 79 1 2.48429 1
35 80 1 -6.50021 1
35 81 1 0.0173915 1
35 82 1 3.35242 0
35 83 1 -1.25568 1
35 84 1 4.69629 1
35 85 1 -5.19401 1
35 86 1 -0.921289 1
35 87 1 -1.97316 1
35 88 1 0.348985 1
35 89 1 0.572152 0
35 90 1 -0.674447 1
35 91 1 -0.389238 1
35 92 1 -2.76019 1
35 93 1 -3.41699 1
35 94 1 -1.17402 1
35 95 1 0.596144 1
35 130 1 1.11758 1
35 133 1 5.03476 1
133 82 1 1.96232 1
130 89 1 1.41931 1
36 64 1 0.882177 1
36 65 1 1.77228 1
36 66 1 0.717268 1
36 67 1 -0.848526 1
36 68 1 -5.33429 1
36 69 1 -2.14217 1
36 70 1 -1.07477 1
36 71 1 1.68076 1
36 72 1 -1.93811 1
36 73 1 -0.208913 1
36 74 1 -2.01026 1
36 75 1 -0.395133 1
36 76 1 1.43446 1
36 77 1 -6.162 1
36 78 1 1.25849 1
36 79 1 3.2394 1
36 80 1 2.55819 1
36 81 1 -0.32288 1
36 82 1 -1.81626 0
36 83 1 -0.235099 1
36 84 1 2.73074 1
36 85 1 -2.69693 1
36 86 1 0.419577 1
36 87 1 -0.495138 1
36 88 1 -0.780226 1
36 89 1 -0.194658 1
36 90 1 -3.55132 1
36 91 1 1.85146 1
36 92 1 3.58821 1
36 93 1 0.517696 1
36 94 1 -1.18153 1
36 95 1 6.89246 1
36 109 1 -0.508351 0
36 24 1 -1.46387 1
36 117 1 2.59862 1
117 109 1 1.29188 1
117 4 1 0.552126 1
109 82 1 0.175379 1
109 31 1 1.08723 1
37 64 1 -3.506 1
37 65 1 1.68003 1
37 66 1 -2.84498 1
37 67 1 -2.49774 1
37 68 1 -4.07361 1
37 69 1 3.03156 1
37 70 1 -3.65763 1
37 71 1 -1.54565 1
37 72 1 3.01839 1
37 73 1 3.66633 1
37 74 1 0.00359172 1
37 75 1 -0.496698 1
37 76 1 3.61891 0
37 77 1 3.85703 1
37 78 1 -0.0963264 1
37 79 1 1.60279 1
37 80 1 4.25882 1
37 81 1 1.20198 1
37 82 1 4.11954 1
37 83 1 2.0377 1
37 84 1 -4.80781 1
37 85 1 0.834955 1
37 86 1 -0.946229 1
37 87 1 0.517318 1
37 88 1 -2.1105 1
37 89 1 -3.53245 1
37 90 1 -1.10862 1
37 91 1 1.61552 1
37 92 1 3.2607 1
37 93 1 0.50631 1
37 94 1 -1.96388 1
37 95 1 0.922787 1
37 142 1 2.23255 1
142 76 1 -1.67737 1
142 147 1 -0.976319 1
38 64 1 0.336997 1
38 65 1 -2.82084 1
38 66 1 -1.14195 1
38 67 1 -0.419543 1
38 68 1 -2.85544 1
38 69 1 -3.75396 1
38 70 1 0.18111 1
38 71 1 0.0741563 1
38 72 1 2.24188 1
38 73 1 0.719887 1
38 74 1 -1.45637 1
38 75 1 1.56412 1
38 76 1 2.0623 1
38 77 1 -1.15815 1
38 78 1 -1.25674 1
38 79 1 -0.237249 1
38 80 1 -3.2735 1
38 81 1 -1.07176 1
38 82 1 2.31104 1
38 83 1 -0.451553 1
38 84 1 -1.66507 1
38 85 1 -2.90548 1
38 86 1 0.163979 1
38 87 1 -0.311768 1
38 88 1 1.52324 1
38 89 1 3.06887 1
38 90 1 0.241545 1
38 91 1 1.80931 1
38 92 1 1.75932 0
38 93 1 -1.64 1
38 94 1 -1.16893 1
38 95 1 -3.9428 1
38 148 1 2.39861 1
148 92 1 3.92306 1
39 64 1 1.83476 1
39 65 1 -1.8396 1
39 66 1 -0.0283109 1
39 67 1 -0.368375 1
39 68 1 2.13442 1
39 69 1 0.518485 1
39 70 1 1.15007 1
39 71 1 -1.22418 1
39 72 1 -3.35116 1
39 73 1 -5.26688 1
39 74 1 0.929505 1
39 75 1 3.15127 0
39 76 1 3.89823 1
39 77 1 0.0454879 1
39 78 1 -2.98517 1
39 79 1 -2.2523 1
39 80 1 0.600287 1
39 81 1 -3.11839 1
39 82 1 -0.173849 1
39 83 1 -1.95524 1
39 84 1 -2.96164 1
39 85 1 0.361374 1
39 86 1 0.913095 1
39 87 1 -0.552839 1
39 88 1 -1.37552 1
39 89 1 -0.79603 1
39 90 1 3.86549 1
39 91 1 -0.559807 1
39 92 1 4.58072 1
39 93 1 1.15958 1
39 94 1 -5.25963 1
39 95 1 -2.85426 1
39 2 1 -5.21624 1
39 112 1 4.11434 1
39 13 1 -1.39391 1
39 104 1 -0.301461 1
112 75 1 -2.42016 1
112 138 1 -0.482023 1
112 153 1 0.819958 1
40 64 1 -5.17444 1
40 65 1 -1.35109 1
40 66 1 1.81546 1
40 67 1 -0.845351 1
40 68 1 1.81591 1
40 69 1 2.09695 1
40 70 1 -1.62584 1
40 71 1 0.668929 1
40 72 1 3.09249 1
40 73 1 2.44175 1
40 74 1 -3.91387 1
40 75 1 1.88871 1
40 76 1 -2.57333 1
40 77 1 3.0049 1
40 78 1 1.99311 1
40 79 1 -0.650601 1
40 80 1 -0.66155 1
40 81 1 0.0888618 1
40 82 1 1.72325 1
40 83 1 -2.38025 1
40 84 1 -0.649016 1
40 85 1 1.92603 1
40 86 1 1.61008 1
40 87 1 1.33295 1
40 88 1 0.999253 1
40 89 1 -1.34655 1
40 90 1 -1.90551 1
40 91 1 -2.13241 1
40 92 1 -4.31098 1
40 93 1 1.04368 1
40 94 1 -1.13035 1
40 95 1 1.76333 1
40 2 1 0.173487 1
40 134 1 0.0923324 1
41 64 1 6.29761 1
41 65 1 -1.28639 1
41 66 1 1.43205 1
41 67 1 0.770094 1
41 68 1 2.36973 1
41 69 1 -1.02484 1
41 70 1 0.687236 1
41 71 1 1.34182 1
41 72 1 3.49723 1
41 73 1 -5.93758 1
41 74 1 0.689687 1
41 75 1 2.5742 1
41 76 1 -4.61662 1
41 77 1 -1.64567 1
41 78 1 -2.64838 1
41 79 1 1.65464 1
41 80 1 1.32648 1
41 81 1 3.28317 1
41 82 1 -1.1309 1
41 83 1 2.07286 1
41 84 1 -3.03915 1
41 85 1 0.621128 1
41 86 1 1.32962 1
41 87 1 1.8433 1
41 88 1 3.92557 1
41 89 1 -2.50882 1
41 90 1 -2.00728 1
41 91 1 0.297224 1
41 92 1 -0.925322 1
41 93 1 -0.491385 1
41 94 1 -1.17653 1
41 95 1 -1.08769 1
41 11 1 3.34771 1
41 29 1 -1.58244 1
41 97 1 -2.35074 1
42 64 1 0.687327 1
42 65 1 0.0990963 1
42 66 1 0.127812 1
42 67 1 0.0997447 1
42 68 1 -3.61298 1
42 69 1 0.948796 1
42 70 1 -1.82458 1
42 71 1 -0.857658 1
42 72 1 -1.18769 1
42 73 1 -3.66618 1
42 74 1 2.98544 1
42 75 1 -1.65894 1
42 76 1 -2.98989 1
42 77 1 -0.731039 1
42 78 1 -2.1041 1
42 79 1 2.1251 1
42 80 1 -2.09231 1
42 81 1 2.33213 1
42 82 1 4.26648 1
42 83 1 2.78459 1
42 84 1 2.42225 1
42 85 1 -0.114714 1
42 86 1 2.40779 1
42 87 1 -1.78116 1
42 88 1 -0.885268 1
42 89 1 -0.708909 1
42 90 1 1.27256 1
42 91 1 1.85062 1
42 92 1 -0.614284 1
42 93 1 2.93631 1
42 94 1 -3.09026 1
42 95 1 0.508461 1
43 64 1 1.75835 1
43 65 1 -3.9636 1
43 66 1 3.497 1
43 67 1 1.39441 1
43 68 1 0.0753423 1
43 69 1 -2.24084 1
43 70 1 0.947822 1
43 71 1 -2.75938 1
43 72 1 -0.0153154 1
43 73 1 -6.66247 1
43 74 1 1.83957 1
43 75 1 -2.10952 1
43 76 1 -0.518965 1
43 77 1 -0.106612 1
43 78 1 0.850457 1
43 79 1 -2.84111 1
43 80 1 -0.448114 1
43 81 1 2.72978 1
43 82 1 2.29123 1
43 83 1 -2.34384 1
43 84 1 -0.791956 1
43 85 1 3.16519 1
43 86 1 1.12694 1
43 87 1 5.62451 1
43 88 1 1.35575 1
43 89 1 3.39847 1
43 90 1 -1.16003 1
43 91 1 -3.61015 1
43 92 1 4.27603 1
43 93 1 1.98533 1
43 94 1 -3.79742 1
43 95 1 0.419969 1
44 64 1 1.16431 1
44 65 1 -4.17223 1
44 66 1 0.580983 1
44 67 1 -2.47572 1
44 68 1 -0.536344 1
44 69 1 -0.484496 1
44 70 1 3.2646 1
44 71 1 2.14933 1
44 72 1 -1.94043 1
44 73 1 2.54062 1
44 74 1 -2.48229 1
44 75 1 -3.3567 1
44 76 1 0.399826 1
44 77 1 3.14352 1
44 78 1 1.50387 1
44 79 1 0.086305 1
44 80 1 4.85528 1
44 81 1 -2.10319 1
44 82 1 -0.134068 1
44 83 1 -0.96164 1
44 84 1 0.735433 1
44 85 1 -0.971442 1
44 86 1 1.55251 1
44 87 1 2.40791 1
44 88 1 -0.286879 1
44 89 1 1.657 1
44 90 1 0.376574 1
44 91 1 -0.0953936 0
44 92 1 -0.674704 1
44 93 1 3.38687 1
44 94 1 -2.08471 1
44 95 1 -1.33656 1
44 8 1 -0.350723 1
44 29 1 2.0513 1
44 162 1 0.685507 1
162 91 1 0.119361 1
45 64 1 0.166527 1
45 65 1 2.37844 1
45 66 1 0.0523544 1
45 67 1 1.79621 1
45 68 1 -1.80605 1
45 69 1 -7.88597 1
45 70 1 -3.76121 1
45 71 1 0.635212 1
45 72 1 -6.05188 1
45 73 1 3.41564 1
45 74 1 3.4725 1
45 75 1 4.28801 1
45 76 1 -1.08849 1
45 77 1 0.757566 1
45 78 1 -2.80294 1
45 79 1 3.15417 1
45 80 1 -2.0263 1
45 81 1 1.70094 1
45 82 1 -0.275075 1
45 83 1 -4.98063 1
45 84 1 2.02877 1
45 85 1 -2.46065 1
45 86 1 1.13739 1
45 87 1 -0.210689 1
45 88 1 0.685307 1
45 89 1 -4.61369 1
45 90 1 0.370144 1
45 91 1 4.54713 1
45 92 1 -2.80657 1
45 93 1 -6.60545 1
45 94 1 3.65247 1
45 95 1 -4.30904 1
45 9 1 3.78741 1
45 20 1 -0.43115 1
45 17 1 -0.533935 1
46 64 1 -0.557412 1
46 65 1 0.243514 1
46 66 1 2.46625 1
46 67 1 2.84776 1
46 68 1 -4.28613 1
46 69 1 -1.23363 1
46 70 1 1.18293 1
46 71 1 -2.11244 1
46 72 1 2.88218 1
46 73 1 -4.69179 1
46 74 1 -1.19184 1
46 75 1 1.87314 1
46 76 1 -5.23026 1
46 77 1 3.91374 1
46 78 1 -1.39717 1
46 79 1 0.0571505 1
46 80 1 2.81334 1
46 81 1 0.970871 1
46 82 1 0.0450825 1
46 83 1 2.08917 1
46 84 1 -0.727077 1
46 85 1 1.91774 1
46 86 1 -0.676297 1
46 87 1 3.81749 1
46 88 1 -0.34105 1
46 89 1 -4.59114 1
46 90 1 -2.56064 1
46 91 1 0.0860254 1
46 92 1 1.15312 1
46 93 1 -0.564204 1
46 94 1 -1.70474 1
46 95 1 -0.705847 1
46 24 1 1.69807 1
47 64 1 -2.23847 1
47 65 1 -0.636693 1
47 66 1 -2.40168 1
47 67 1 2.5962 1
47 68 1 -1.03391 1
47 69 1 4.02477 1
47 70 1 -2.61259 1
47 71 1 1.17732 1
47 72 1 -0.255773 1
47 73 1 6.37733 0
47 74 1 -2.34507 1
47 75 1 -2.4767 1
47 76 1 -1.90677 1
47 77 1 -8.88158 1
47 78 1 -2.35586 1
47 79 1 1.16775 1
47 80 1 3.71679 1
47 81 1 -5.37684 1
47 82 1 2.34247 1
47 83 1 -0.39897 1
47 84 1 -4.15475 1
47 85 1 -1.99655 1
47 86 1 -3.69917 1
47 87 1 5.21143 1
47 88 1 2.14617 1
47 89 1 0.753794 1
47 90 1 6.44888 1
47 91 1 0.771938 1
47 92 1 -0.533604 1
47 93 1 0.261999 1
47 94 1 1.41845 1
47 95 1 -1.89281 1
47 4 1 -0.120462 1
47 137 1 2.02528 1
137 73 1 3.0139 0
137 156 1 0.811344 1
137 163 1 0.975623 1
163 73 1 3.03763 1
156 73 1 2.88427 1
48 64 1 -1.33952 1
48 65 1 -0.781254 1
48 66 1 0.565394 1
48 67 1 -2.26758 1
48 68 1 -5.67885 1
48 69 1 -4.08467 1
48 70 1 0.152099 1
48 71 1 -0.448743 1
48 72 1 -4.86268 1
48 73 1 3.5384 1
48 74 1 5.26978 1
48 75 1 -3.63321 1
48 76 1 0.621772 1
48 77 1 -1.90635 1
48 78 1 0.306143 1
48 79 1 2.99933 1
48 80 1 0.193421 1
48 81 1 -3.37733 1
48 82 1 0.859294 1
48 83 1 -0.37981 1
48 84 1 0.169351 1
48 85 1 0.409487 1
48 86 1 -1.30774 1
48 87 1 -1.66226 1
48 88 1 -2.71666 1
48 89 1 -0.289636 1
48 90 1 1.38461 1
48 91 1 0.997417 1
48 92 1 -4.55252 1
48 93 1 0.0107942 1
48 94 1 3.84209 1
48 95 1 1.66552 1
48 16 1 1.91089 1
48 12 1 0.778385 1
48 14 1 -1.20655 1
48 30 1 0.494377 1
49 64 1 0.569045 1
49 65 1 -3.5154 1
49 66 1 1.09873 1
49 67 1 -0.574126 1
49 68 1 -4.66442 1
49 69 1 -0.0371863 1
49 70 1 0.437342 1
49 71 1 -3.26215 1
49 72 1 -1.40897 1
49 73 1 0.80265 1
49 74 1 3.48662 1
49 75 1 1.81227 1
49 76 1 -6.35028 1
49 77 1 -2.74695 1
49 78 1 -1.3779 0
49 79 1 1.97275 1
49 80 1 4.85132 1
49 81 1 -4.42257 1
49 82 1 1.54569 1
49 83 1 -2.73472 1
49 84 1 3.00511 1
49 85 1 -2.8323 1
49 86 1 -0.492453 1
49 87 1 -1.01885 1
49 88 1 0.0763242 1
49 89 1 1.34422 1
49 90 1 -1.63048 1
49 91 1 1.57085 1
49 92 1 3.24729 1
49 93 1 -0.75334 1
49 94 1 0.268862 1
49 95 1 4.65055 1
49 19 1 -1.90546 1
49 31 1 0.850697 1
49 15 1 -0.741695 1
49 158 1 0.703637 1
158 78 1 -1.12047 1
50 64 1 -6.00232 1
50 65 1 -2.19411 1
50 66 1 1.08482 1
50 67 1 -1.33119 1
50 68 1 1.81432 1
50 69 1 -1.04724 1
50 70 1 1.19324 1
50 71 1 6.00989 1
50 72 1 -1.40803 1
50 73 1 4.58051 1
50 74 1 -2.84575 1
50 75 1 2.12457 1
50 76 1 -0.868177 1
50 77 1 0.250279 1
50 78 1 2.61184 1
50 79 1 -1.63019 1
50 80 1 1.48367 1
50 81 1 0.198313 1
50 82 1 -1.28328 1
50 83 1 3.18259 1
50 84 1 -1.21736 1
50 85 1 2.08156 1
50 86 1 2.91464 1
50 87 1 -3.11187 1
50 88 1 -3.34826 1
50 89 1 0.990595 1
50 90 1 -0.121312 1
50 91 1 0.500302 1
50 92 1 0.600455 1
50 93 1 -1.13925 1
50 94 1 -2.94881 1
50 95 1 2.22453 1
50 4 1 5.7157 1
50 22 1 -0.411187 1
51 64 1 -1.86858 1
51 65 1 3.5991 1
51 66 1 2.73232 1
51 67 1 0.525804 1
51 68 1 0.432747 1
51 69 1 -0.937207 1
51 70 1 1.20106 1
51 71 1 4.29846 1
51 72 1 -5.18857 1
51 73 1 -2.93489 0
51 74 1 -2.06639 1
51 75 1 4.81278 1
51 76 1 -1.60336 1
51 77 1 2.0935 1
51 78 1 4.59987 1
51 79 1 -0.572543 1
51 80 1 0.767027 1
51 81 1 -3.23275 1
51 82 1 -0.538346 1
51 83 1 4.6391 1
51 84 1 -2.91399 1
51 85 1 -1.13349 1
51 86 1 -0.234945 1
51 87 1 0.852793 1
51 88 1 1.19393 1
51 89 1 -0.0382174 1
51 90 1 0.995625 1
51 91 1 -1.49014 1
51 92 1 1.59183 1
51 93 1 5.33458 1
51 94 1 -4.69263 1
51 95 1 -1.87105 1
51 116 1 0.644234 1
51 12 1 -0.666952 1
116 73 1 0.553421 0
116 134 1 2.70428 1
134 73 1 3.40013 1
52 64 1 -2.8802 1
52 65 1 3.84551 1
52 66 1 2.52282 1
52 67 1 -0.367838 1
52 68 1 1.13033 1
52 69 1 6.09132 1
52 70 1 3.86748 1
52 71 1 -2.11883 1
52 72 1 -1.22075 1
52 73 1 3.48579 1
52 74 1 3.72316 1
52 75 1 1.82264 1
52 76 1 -3.59713 1
52 77 1 -0.73311 1
52 78 1 2.97962 1
52 79 1 0.464785 1
52 80 1 -0.84359 1
52 81 1 -0.346224 1
52 82 1 -1.70883 1
52 83 1 -2.15233 1
52 84 1 1.41767 1
52 85 1 -1.94094 1
52 86 1 -4.34616 1
52 87 1 -0.65584 1
52 88 1 1.5052 1
52 89 1 0.0332224 1
52 90 1 -1.0221 1
52 91 1 -0.703358 1
52 92 1 0.0229729 1
52 93 1 -2.07994 0
52 94 1 2.17344 1
52 95 1 -0.229833 1
52 115 1 -0.351791 1
52 139 1 0.0143341 1
139 93 1 -0.832941 1
53 64 1 -2.65647 1
53 65 1 0.410914 1
53 66 1 -1.09804 1
53 67 1 -2.23828 1
53 68 1 2.06149 1
53 69 1 0.91387 1
53 70 1 0.661483 0
53 71 1 -0.00829933 1
53 72 1 -2.09401 1
53 73 1 0.636023 1
53 74 1 -1.8883 1
53 75 1 -1.90802 1
53 76 1 -0.956613 1
53 77 1 1.76886 1
53 78 1 0.426342 1
53 79 1 -0.75165 1
53 80 1 1.33711 1
53 81 1 2.19012 1
53 82 1 2.47541 1
53 83 1 0.182646 1
53 84 1 0.737258 1
53 85 1 1.98453 1
53 86 1 0.709506 1
53 87 1 -0.830619 1
53 88 1 -0.643879 1
53 89 1 -0.388936 1
53 90 1 -2.51151 1
53 91 1 0.222325 1
53 92 1 2.50376 1
53 93 1 -0.277839 1
53 94 1 -0.0460521 1
53 95 1 -2.80691 1
53 20 1 5.18013 1
53 23 1 2.39496 1
53 149 1 0.326064 1
149 70 1 -3.01892 0
149 153 1 0.000907399 1
149 126 1 -0.439167 1
153 70 1 -1.19529 1
54 64 1 1.00211 1
54 65 1 0.474824 1
54 66 1 -1.97579 1
54 67 1 2.32815 1
54 68 1 2.69072 1
54 69 1 -3.93408 1
54 70 1 1.89693 1
54 71 1 4.73178 1
54 72 1 1.01927 1
54 73 1 0.739048 1
54 74 1 -0.0392673 1
54 75 1 -1.16595 1
54 76 1 -2.09585 1
54 77 1 3.04836 1
54 78 1 0.982167 1
54 79 1 0.777003 1
54 80 1 0.782904 1
54 81 1 3.44939 1
54 82 1 -3.06695 1
54 83 1 5.73015 1
54 84 1 1.8956 1
54 85 1 -1.14829 1
54 86 1 -4.20096 1
54 87 1 -0.129296 1
54 88 1 1.90788 1
54 89 1 3.77878 1
54 90 1 -2.27472 1
54 91 1 3.95098 1
54 92 1 -0.881981 1
54 93 1 1.9434 1
54 94 1 -3.96476 1
54 95 1 -2.90119 1
54 30 1 0.286056 1
54 144 1 -0.35151 1
55 64 1 -0.308822 1
55 65 1 -2.33813 1
55 66 1 -2.26706 1
55 67 1 0.00876376 1
55 68 1 -0.875295 1
55 69 1 2.08239 1
55 70 1 3.31781 1
55 71 1 -4.99265 1
55 72 1 1.46076 1
55 73 1 0.647402 1
55 74 1 2.33033 1
55 75 1 -3.26274 1
55 76 1 -4.62153 1
55 77 1 1.50383 1
55 78 1 0.562686 1
55 79 1 3.63188 1
55 80 1 -1.17171 1
55 81 1 1.01607 1
55 82 1 -0.934131 1
55 83 1 1.09622 1
55 84 1 -0.739296 1
55 85 1 -4.89056 1
55 86 1 1.36844 1
55 87 1 0.397249 1
55 88 1 -3.5876 1
55 89 1 -0.576164 1
55 90 1 1.07917 1
55 91 1 0.911611 1
55 92 1 7.40841 1
55 93 1 -4.24424 1
55 94 1 -3.60511 1
55 95 1 -1.86198 0
55 28 1 4.93363 1
55 114 1 -0.88739 1
55 0 1 -0.994683 1
55 2 1 0.839468 1
114 95 1 -0.430322 1
56 64 1 3.65891 1
56 65 1 -5.25597 1
56 66 1 0.895706 1
56 67 1 -1.45989 1
56 68 1 1.29614 0
56 69 1 -1.17196 1
56 70 1 -0.270686 1
56 71 1 1.54383 1
56 72 1 -1.09846 1
56 73 1 -1.3757 1
56 74 1 3.59805 1
56 75 1 4.70105 1
56 76 1 -3.3799 1
56 77 1 -1.68015 1
56 78 1 -0.77385 1
56 79 1 -0.507608 1
56 80 1 -1.77805 1
56 81 1 3.7332 1
56 82 1 2.0864 1
56 83 1 -1.83108 1
56 84 1 -0.636282 1
56 85 1 -0.0323622 1
56 86 1 2.25301 1
56 87 1 -0.543909 1
56 88 1 0.594788 1
56 89 1 1.39356 1
56 90 1 -0.551249 1
56 91 1 -1.50395 1
56 92 1 1.48346 1
56 93 1 3.33174 1
56 94 1 -2.5926 1
56 95 1 -1.78503 1
56 3 1 -2.68812 1
56 126 1 4.18174 1
126 68 1 2.3904 1
126 11 1 -2.72431 1
57 64 1 -4.46622 1
57 65 1 4.02585 1
57 66 1 -1.58648 1
57 67 1 -0.661394 1
57 68 1 1.4575 1
57 69 1 -0.91562 0
57 70 1 1.18819 1
57 71 1 2.51908 1
57 72 1 1.56876 1
57 73 1 -3.80928 1
57 74 1 2.44807 1
57 75 1 4.00114 1
57 76 1 3.07543 1
57 77 1 -4.5474 1
57 78 1 0.167483 1
57 79 1 -1.69014 1
57 80 1 1.42429 1
57 81 1 3.3387 1
57 82 1 4.03539 1
57 83 1 -2.26935 1
57 84 1 -0.564833 1
57 85 1 -2.04697 1
57 86 1 -0.573691 1
57 87 1 0.818613 1
57 88 1 -0.178845 1
57 89 1 0.603461 1
57 90 1 1.20825 1
57 91 1 -3.27568 1
57 92 1 -1.6694 1
57 93 1 -1.37854 1
57 94 1 -1.86252 1
57 95 1 2.65177 1
57 104 1 4.01152 1
57 22 1 0.180444 1
104 69 1 2.10843 1
104 1 1 1.28918 1
104 107 1 0.986553 1
58 64 1 4.51135 1
58 65 1 -1.31155 1
58 66 1 -1.99649 1
58 67 1 -0.26888 1
58 68 1 -2.74058 1
58 69 1 -0.332415 1
58 70 1 -2.32584 1
58 71 1 2.21742 1
58 72 1 -0.078528 1
58 73 1 -1.71864 1
58 74 1 3.03603 1
58 75 1 2.81233 1
58 76 1 4.16951 1
58 77 1 2.72769 1
58 78 1 -2.16995 1
58 79 1 -0.774835 0
58 80 1 -3.74207 1
58 81 1 4.19253 1
58 82 1 1.05696 1
58 83 1 -0.418955 1
58 84 1 -1.82282 1
58 85 1 0.62458 1
58 86 1 1.78613 1
58 87 1 -2.96317 1
58 88 1 -2.60793 1
58 89 1 -1.97346 1
58 90 1 -2.14086 1
58 91 1 -3.79997 1
58 92 1 0.270781 1
58 93 1 0.231539 1
58 94 1 -2.15547 1
58 95 1 1.41544 1
58 128 1 1.6715 1
128 79 1 1.36075 0
128 131 1 1.05793 1
131 79 1 1.94099 0
131 160 1 1.02452 1
160 79 1 1.27562 1
59 64 1 -1.48969 1
59 65 1 2.058 1
59 66 1 1.92308 1
59 67 1 -3.26219 1
59 68 1 1.74253 1
59 69 1 -2.26285 1
59 70 1 -1.69597 1
59 71 1 1.87966 1
59 72 1 0.160494 1
59 73 1 -0.27808 1
59 74 1 2.21159 1
59 75 1 -1.44312 1
59 76 1 2.89807 1
59 77 1 0.78412 0
59 78 1 1.67996 1
59 79 1 -3.70841 1
59 80 1 -0.736937 1
59 81 1 1.07424 1
59 82 1 -4.86017 1
59 83 1 4.46522 1
59 84 1 -0.267915 1
59 85 1 -2.14313 1
59 86 1 -3.19611 1
59 87 1 1.48175 1
59 88 1 2.82057 1
59 89 1 0.73773 1
59 90 1 1.15646 1
59 91 1 -2.56293 1
59 92 1 2.28927 1
59 93 1 3.27894 1
59 94 1 -5.86357 1
59 95 1 0.194712 1
59 97 1 0.707381 1
59 5 1 -3.8718 1
59 11 1 -2.13058 1
59 13 1 0.186043 1
97 77 1 -6.72905 1
97 22 1 -0.541127 1
97 2 1 -7.07483 0
97 99 1 3.21348 1
97 7 1 4.72958 0
97 102 1 3.03605 1
97 17 1 2.83481 1
102 7 1 3.73945 1
99 2 1 0.674418 0
99 108 1 4.48428 1
99 15 1 1.41108 1
108 2 1 -1.32209 0
108 125 1 4.94183 1
125 2 1 1.41875 1
60 64 1 2.24971 1
60 65 1 0.157914 1
60 66 1 1.4088 1
60 67 1 -0.929485 1
60 68 1 1.29025 1
60 69 1 0.959955 1
60 70 1 -1.51558 1
60 71 1 0.342815 1
60 72 1 0.15021 0
60 73 1 -0.244774 1
60 74 1 1.89466 1
60 75 1 -0.345341 1
60 76 1 -1.22532 1
60 77 1 4.37808 1
60 78 1 -2.92435 1
60 79 1 0.108321 1
60 80 1 -5.61386 1
60 81 1 -1.6824 1
60 82 1 -1.41513 1
60 83 1 1.38238 1
60 84 1 -3.55186 1
60 85 1 3.69879 1
60 86 1 3.12474 1
60 87 1 0.32606 1
60 88 1 -6.16599 1
60 89 1 -0.149066 1
60 90 1 -2.59916 1
60 91 1 0.862778 1
60 92 1 -0.920046 1
60 93 1 2.23156 1
60 94 1 -1.39552 1
60 95 1 0.817756 1
60 24 1 -1.18632 1
60 0 1 4.2817 1
60 115 1 1.81065 1
60 3 1 -0.41205 1
115 72 1 -1.99447 1
115 18 1 1.08859 1
115 14 1 0.241422 1
61 64 1 -0.238922 1
61 65 1 0.606443 1
61 66 1 2.50636 1
61 67 1 1.16055 1
61 68 1 -4.08982 1
61 69 1 3.23103 1
61 70 1 2.25793 1
61 71 1 -0.202733 1
61 72 1 -1.4453 1
61 73 1 1.27245 1
61 74 1 2.84628 1
61 75 1 4.04255 1
61 76 1 0.883562 1
61 77 1 -1.83323 0
61 78 1 -0.970043 1
61 79 1 -1.12302 1
61 80 1 -2.50869 1
61 81 1 -0.21499 1
61 82 1 -1.31625 1
61 83 1 0.0823257 1
61 84 1 -2.58887 1
61 85 1 -1.80603 1
61 86 1 -0.97697 1
61 87 1 3.49767 1
61 88 1 -0.603564 1
61 89 1 0.510942 1
61 90 1 -1.73365 1
61 91 1 0.140446 1
61 92 1 -0.625295 1
61 93 1 0.0848775 1
61 94 1 1.21208 1
61 95 1 -2.30541 1
61 107 1 -0.309829 1
61 113 1 -2.3885 1
61 14 1 -2.85607 1
107 77 1 -6.39932 0
107 113 1 -0.203738 1
107 14 1 -1.30637 1
107 20 1 0.236718 1
113 77 1 -2.46449 0
113 23 1 -1.09359 1
113 147 1 1.2478 1
113 159 1 1.19108 1
159 77 1 -2.16535 0
159 161 1 1.14118 1
161 77 1 -2.50513 1
62 64 1 -1.4197 1
62 65 1 -1.36462 1
62 66 1 1.92394 1
62 67 1 -1.15571 1
62 68 1 1.93777 1
62 69 1 -2.9269 1
62 70 1 0.864232 1
62 71 1 -3.26326 1
62 72 1 3.86101 1
62 73 1 1.47215 1
62 74 1 2.39299 1
62 75 1 -0.984212 1
62 76 1 2.44895 1
62 77 1 -3.82686 1
62 78 1 -1.76749 1
62 79 1 -3.04575 1
62 80 1 -1.17045 1
62 81 1 0.304687 1
62 82 1 -1.46538 1
62 83 1 2.18346 1
62 84 1 -1.9323 0
62 85 1 0.807714 1
62 86 1 3.82164 1
62 87 1 -1.46818 1
62 88 1 0.176407 1
62 89 1 -4.16614 1
62 90 1 -6.30931 1
62 91 1 -0.306153 1
62 92 1 -0.688079 1
62 93 1 -1.97949 1
62 94 1 1.11081 1
62 95 1 -0.998214 1
62 5 1 0.668522 1
62 138 1 2.12386 0
62 152 1 1.17335 1
152 138 1 1.95851 1
138 84 1 -0.485882 1
63 64 1 1.96525 1
63 65 1 -1.28051 1
63 66 1 5.1292 1
63 67 1 -1.00025 1
63 68 1 -1.29023 1
63 69 1 -4.38954 1
63 70 1 -1.57554 1
63 71 1 1.79134 1
63 72 1 -0.204151 1
63 73 1 2.10996 1
63 74 1 -7.15898 1
63 75 1 0.468259 1
63 76 1 -1.92869 0
63 77 1 0.072079 1
63 78 1 0.0963472 1
63 79 1 -0.0469986 1
63 80 1 1.03242 1
63 81 1 -1.41969 1
63 82 1 1.87171 1
63 83 1 -4.59472 1
63 84 1 -1.77686 1
63 85 1 -2.51164 1
63 86 1 3.76078 1
63 87 1 -2.37114 0
63 88 1 -0.850837 1
63 89 1 -2.92295 1
63 90 1 1.59351 1
63 91 1 -1.60924 1
63 92 1 0.495217 1
63 93 1 1.51085 1
63 94 1 -1.64494 1
63 95 1 -1.4478 1
63 141 1 3.31857 1
63 144 1 -0.421291 1
144 76 1 -1.89576 0
144 147 1 3.02081 1
147 76 1 -3.11493 1
147 9 1 0.243581 1
141 87 1 -7.41413 1
141 10 1 -0.551089 1
