167 64 32
3.424 -1.56266 -6.26421 5.193 -4.99531 3.00565 0.131734 2.17193 -0.523628 3.32695 2.95472 6.09859 -3.23233 -5.29788 -2.38142 -3.24857 0.333262 0.694637 -0.297883 -2.244 -1.0818 0.838654 -0.570953 0.796034 -6.37122 -0.716849 3.68302 0.41694 -3.08495 -2.75325 -4.12092 0.735622 -0.26399 -0.156129 2.1434 2.29738 -3.60302 1.40323 -0.878718 -1.20628 -0.165229 1.03532 -1.5941 -3.74193 -2.98066 -1.24567 -5.12845 3.82254 0.400083 2.90702 -0.346279 -3.48399 -4.41955 -1.45967 -0.402895 3.17525 -2.72554 2.13361 1.01039 -1.89316 2.71089 -2.36919 -1.54103 -3.5629 -5.2568 -2.4437 3.95425 2.18566 -5.1218 3.01318 -2.75631 -2.4799 -4.00888 -2.82008 3.10477 4.16731 -1.16026 -0.241476 -0.703626 -4.0288 1.06381 0.905069 -3.77341 1.2786 2.45635 1.63536 -3.07648 0.663431 4.71378 -0.356726 -1.0985 2.23936 -1.58649 -0.484253 -0.840351 -0.769508 -1.35061 -0.498145 -0.82495 -2.97686 1.19932 -3.04275 -6.23522 -2.90735 -4.05945 0.0456557 -1.3418 -3.60026 -2.12415 -0.388303 -1.09796 1.39681 3.49908 -3.85679 0.766619 -1.10908 -2.72921 0.553654 -1.3117 -1.57093 2.79269 0.00409519 -0.0437339 0.188536 0.4711 4.37314 1.02112 0.508996 0.920187 3.9427 -0.434488 -1.7091 -1.02042 -1.26579 -1.29085 -1.14919 -0.67037 -0.510991 -2.13144 -1.65116 1.46671 1.00439 -1.8493 -1.14744 0.147767 0.594956 -0.683729 -0.0326604 1.13815 -3.08823 -0.904867 -0.535245 0.337634 -0.516371 0.337969 -0.92965 0.952104 1.45241 -0.370969 0.42062 -0.88491 0.205268 -0.0383231 0.793282 0.451266 -0.126608 -0.072334 
0 64 1 -2.74944 1
0 65 1 0.918252 1
0 66 1 3.31213 1
0 67 1 1.0035 1
0 68 1 -2.63345 1
0 69 1 2.05866 1
0 70 1 1.30091 1
0 71 1 1.08635 1
0 72 1 0.0140107 1
0 73 1 -2.27529 1
0 74 1 -2.89144 1
0 75 1 1.45276 1
0 76 1 3.31419 1
0 77 1 0.23467 1
0 78 1 -2.00658 1
0 79 1 1.2182 1
0 80 1 3.35347 1
0 81 1 2.95639 1
0 82 1 5.2752 1
0 83 1 1.77114 1
0 84 1 -1.34595 1
0 85 1 3.81833 1
0 86 1 -1.56312 1
0 87 1 -1.63291 1
0 88 1 0.0299596 1
0 89 1 1.80276 1
0 90 1 5.08139 1
0 91 1 5.52921 1
0 92 1 -4.27975 1
0 93 1 -1.72832 1
0 94 1 2.49645 1
0 95 1 0.587878 1
0 10 1 -3.33952 1
1 64 1 -0.680013 1
1 65 1 -4.08796 1
1 66 1 2.80557 1
1 67 1 -3.93306 1
1 68 1 4.30572 1
1 69 1 -1.92678 1
1 70 1 2.7337 1
1 71 1 -1.01146 1
1 72 1 -1.32604 1
1 73 1 -1.94331 1
1 74 1 -3.32568 1
1 75 1 3.51494 1
1 76 1 -1.43719 1
1 77 1 5.97903 1
1 78 1 -1.69662 1
1 79 1 -1.07999 1
1 80 1 -3.10843 1
1 81 1 1.90496 1
1 82 1 -1.46017 1
1 83 1 -6.28238 1
1 84 1 -1.68324 1
1 85 1 -0.695911 1
1 86 1 2.41166 1
1 87 1 -0.050422 1
1 88 1 -0.295887 1
1 89 1 3.19238 1
1 90 1 -2.33929 1
1 91 1 -1.88306 1
1 92 1 -1.92898 1
1 93 1 1.08029 1
1 94 1 -2.10133 1
1 95 1 -6.17101 1
1 27 1 2.05186 1
2 64 1 0.154781 1
2 65 1 -0.834012 1
2 66 1 -2.99454 1
2 67 1 -2.39975 1
2 68 1 -1.71081 1
2 69 1 2.03091 1
2 70 1 -0.87292 1
2 71 1 3.51382 1
2 72 1 -0.508738 1
2 73 1 -3.30485 1
2 74 1 -2.79615 1
2 75 1 -0.35237 1
2 76 1 -3.83845 1
2 77 1 -1.8031 1
2 78 1 -1.95347 1
2 79 1 -3.34818 1
2 80 1 -5.16108 1
2 81 1 -3.75718 1
2 82 1 -1.3037 1
2 83 1 -2.96262 1
2 84 1 0.733174 1
2 85 1 3.41258 1
2 86 1 0.131399 1
2 87 1 -0.760773 1
2 88 1 0.864081 1
2 89 1 -4.45328 1
2 90 1 -5.00322 1
2 91 1 -0.86563 1
2 92 1 1.50199 1
2 93 1 -3.53599 1
2 94 1 3.07332 1
2 95 1 0.0207373 1
2 100 1 -0.830452 1
2 6 1 3.77422 1
2 110 1 -0.139259 1
3 64 1 -2.67131 1
3 65 1 -0.777566 1
3 66 1 0.462803 1
3 67 1 1.25292 1
3 68 1 5.46437 1
3 69 1 -2.58841 1
3 70 1 -2.1171 1
3 71 1 0.306988 1
3 72 1 9.06686 1
3 73 1 -1.03531 1
3 74 1 -0.448945 1
3 75 1 3.65201 1
3 76 1 0.355318 1
3 77 1 -1.17292 1
3 78 1 -1.74609 1
3 79 1 0.285936 1
3 80 1 -4.08981 1
3 81 1 -1.11173 1
3 82 1 6.78622 1
3 83 1 2.32192 1
3 84 1 -0.0886 1
3 85 1 -3.81028 1
3 86 1 0.962636 1
3 87 1 3.69582 1
3 88 1 -1.13292 1
3 89 1 2.20335 1
3 90 1 1.04593 1
3 91 1 2.623 1
3 92 1 -0.458642 1
3 93 1 -1.15013 1
3 94 1 -2.31239 1
3 95 1 3.00035 0
3 110 1 1.90021 1
110 95 1 -1.28944 0
110 111 1 -1.16573 0
110 132 1 1.95444 1
110 152 1 -0.566379 1
110 126 1 -0.908464 1
110 20 1 -0.14867 1
110 16 1 1.36654 1
132 111 1 3.78293 1
111 95 1 -2.7081 1
4 64 1 1.56228 1
4 65 1 -0.168368 1
4 66 1 -0.322368 1
4 67 1 3.38694 1
4 68 1 0.252671 1
4 69 1 2.34976 1
4 70 1 -0.615712 1
4 71 1 -0.39459 1
4 72 1 -1.03296 1
4 73 1 -1.27068 0
4 74 1 -0.192537 1
4 75 1 -5.98953 0
4 76 1 -0.0595169 1
4 77 1 3.66011 1
4 78 1 -0.329926 1
4 79 1 1.91148 1
4 80 1 -3.9366 1
4 81 1 0.779436 1
4 82 1 0.0967235 1
4 83 1 -2.03767 1
4 84 1 -0.0650548 1
4 85 1 2.22539 1
4 86 1 3.68021 1
4 87 1 -1.04308 1
4 88 1 -2.92408 1
4 89 1 -0.616594 1
4 90 1 3.19665 1
4 91 1 -3.52378 1
4 92 1 -1.76507 1
4 93 1 -0.601799 0
4 94 1 -2.9268 1
4 95 1 1.94143 1
4 101 1 2.01736 1
4 17 1 2.68021 1
4 118 1 2.45442 1
4 145 1 0.572661 1
145 93 1 -0.313826 1
118 73 1 -2.89297 1
101 75 1 0.746026 1
5 64 1 -2.51078 1
5 65 1 4.32579 1
5 66 1 -2.26953 1
5 67 1 8.02198 1
5 68 1 2.97205 1
5 69 1 3.59201 1
5 70 1 -1.37281 1
5 71 1 -0.529819 1
5 72 1 0.48274 1
5 73 1 -0.395442 1
5 74 1 -2.9322 1
5 75 1 3.00881 1
5 76 1 3.50442 1
5 77 1 -0.017863 1
5 78 1 0.891013 1
5 79 1 0.41487 1
5 80 1 2.45622 1
5 81 1 -0.654533 1
5 82 1 0.901 1
5 83 1 3.38027 1
5 84 1 3.49419 1
5 85 1 2.76032 1
5 86 1 -2.93034 1
5 87 1 1.10791 1
5 88 1 0.801286 1
5 89 1 -3.13628 1
5 90 1 -1.90025 1
5 91 1 -0.661944 1
5 92 1 -1.21591 1
5 93 1 1.50407 1
5 94 1 -2.33212 1
5 95 1 0.163105 1
5 28 1 1.71347 1
6 64 1 -0.257867 1
6 65 1 -0.795522 1
6 66 1 3.40855 1
6 67 1 3.08666 1
6 68 1 -4.10497 1
6 69 1 -1.88793 1
6 70 1 -3.52524 1
6 71 1 0.695255 1
6 72 1 2.63069 1
6 73 1 -3.04801 1
6 74 1 -4.4472 1
6 75 1 1.13211 1
6 76 1 4.48708 1
6 77 1 -0.58684 1
6 78 1 -0.58534 1
6 79 1 -1.15583 1
6 80 1 3.34533 1
6 81 1 -1.76791 1
6 82 1 1.77569 1
6 83 1 1.52497 1
6 84 1 2.71192 1
6 85 1 -3.84524 1
6 86 1 0.123891 1
6 87 1 3.62255 1
6 88 1 -1.15755 1
6 89 1 -2.42995 1
6 90 1 6.08886 1
6 91 1 -0.820172 1
6 92 1 3.64853 1
6 93 1 -3.98193 1
6 94 1 -2.69269 1
6 95 1 4.0197 1
6 26 1 0.500989 1
7 64 1 4.11152 1
7 65 1 2.51811 1
7 66 1 0.715805 1
7 67 1 -5.82103 1
7 68 1 -3.32841 1
7 69 1 -1.67323 1
7 70 1 5.13776 1
7 71 1 3.27097 1
7 72 1 3.36433 1
7 73 1 -1.46427 1
7 74 1 -3.3547 1
7 75 1 0.112073 0
7 76 1 1.7729 1
7 77 1 1.75752 1
7 78 1 3.8258 1
7 79 1 2.97318 1
7 80 1 -0.128394 1
7 81 1 1.40009 1
7 82 1 -3.32989 0
7 83 1 1.68435 0
7 84 1 -2.9858 1
7 85 1 3.74819 1
7 86 1 0.783133 1
7 87 1 4.82511 1
7 88 1 -3.24311 1
7 89 1 -2.64013 1
7 90 1 0.659228 1
7 91 1 -2.47568 1
7 92 1 1.98198 1
7 93 1 -1.2355 1
7 94 1 -1.2663 1
7 95 1 2.17846 1
7 100 1 -0.0723966 1
7 127 1 2.46837 1
7 164 1 1.03531 1
164 75 1 -0.247428 1
127 82 1 -5.30456 1
100 83 1 3.02932 0
100 24 1 -1.48424 0
100 106 1 3.97343 1
100 166 1 1.1045 1
166 83 1 3.15348 1
106 24 1 -5.89038 1
106 6 1 -1.58691 1
8 64 1 2.15808 1
8 65 1 -3.73381 1
8 66 1 -0.0881287 1
8 67 1 0.651034 1
8 68 1 -1.07095 1
8 69 1 3.60557 1
8 70 1 1.97814 1
8 71 1 2.67173 1
8 72 1 3.2642 1
8 73 1 -1.47142 1
8 74 1 -1.71519 1
8 75 1 -2.21498 1
8 76 1 -0.434057 1
8 77 1 3.33288 1
8 78 1 0.391394 1
8 79 1 -2.88641 1
8 80 1 0.655116 1
8 81 1 -2.68254 1
8 82 1 -0.15783 1
8 83 1 -3.49529 1
8 84 1 2.23542 1
8 85 1 9.37229 1
8 86 1 4.45959 1
8 87 1 2.38859 1
8 88 1 -1.58273 1
8 89 1 4.28541 1
8 90 1 0.577502 1
8 91 1 -1.80383 1
8 92 1 2.35191 1
8 93 1 4.0274 1
8 94 1 4.8665 1
8 95 1 -0.28853 1
8 17 1 -0.290941 1
9 64 1 -4.19353 1
9 65 1 -2.00557 1
9 66 1 1.63154 1
9 67 1 0.122621 1
9 68 1 -1.12592 1
9 69 1 -0.0457775 1
9 70 1 -7.30697 1
9 71 1 -1.71476 1
9 72 1 1.95171 1
9 73 1 -0.741428 1
9 74 1 -0.0186731 1
9 75 1 1.16845 1
9 76 1 3.3149 1
9 77 1 1.80673 1
9 78 1 3.69511 1
9 79 1 0.46527 0
9 80 1 -0.854683 1
9 81 1 -0.517458 1
9 82 1 -3.02511 1
9 83 1 -0.206367 1
9 84 1 3.30639 1
9 85 1 2.13657 1
9 86 1 -0.377619 1
9 87 1 -0.365649 1
9 88 1 1.07581 1
9 89 1 3.38779 1
9 90 1 -1.31561 1
9 91 1 0.838587 1
9 92 1 -1.69361 1
9 93 1 -0.28223 1
9 94 1 -4.30156 1
9 95 1 1.56936 1
9 103 1 -2.41891 1
9 130 1 -1.3054 1
9 157 1 1.18196 1
157 79 1 0.792495 1
10 64 1 1.26727 1
10 65 1 -0.0194293 1
10 66 1 6.06956 1
10 67 1 -4.26249 1
10 68 1 3.25525 1
10 69 1 -1.00884 1
10 70 1 -0.933672 1
10 71 1 -1.22247 1
10 72 1 4.78219 1
10 73 1 4.48791 1
10 74 1 1.5754 0
10 75 1 0.80139 1
10 76 1 2.44558 1
10 77 1 0.919085 1
10 78 1 0.10983 1
10 79 1 -6.6323 1
10 80 1 -1.99766 1
10 81 1 4.12006 1
10 82 1 2.01861 1
10 83 1 2.97118 1
10 84 1 5.2848 1
10 85 1 2.34333 1
10 86 1 -0.944657 1
10 87 1 -0.272439 1
10 88 1 2.80103 1
10 89 1 0.882803 1
10 90 1 -0.658652 1
10 91 1 2.33988 1
10 92 1 -1.61336 1
10 93 1 -1.78734 1
10 94 1 3.64918 1
10 95 1 4.86729 0
10 124 1 1.6024 1
10 165 1 1.05335 1
165 95 1 4.92849 1
124 74 1 -0.100057 1
124 12 1 2.03273 1
11 64 1 3.91882 1
11 65 1 0.914572 1
11 66 1 3.79796 1
11 67 1 -0.725241 1
11 68 1 3.87763 1
11 69 1 1.44194 1
11 70 1 3.3898 1
11 71 1 1.00344 1
11 72 1 -4.54269 1
11 73 1 0.713246 1
11 74 1 0.0297073 0
11 75 1 -1.29834 1
11 76 1 -2.46152 1
11 77 1 -0.150641 1
11 78 1 -1.17617 1
11 79 1 -1.50751 1
11 80 1 -2.74435 1
11 81 1 -0.506503 1
11 82 1 5.40093 0
11 83 1 2.86234 1
11 84 1 1.48902 1
11 85 1 -0.634763 1
11 86 1 -3.76596 1
11 87 1 -0.451961 1
11 88 1 -5.19504 1
11 89 1 0.529709 1
11 90 1 0.00685517 1
11 91 1 -1.45955 1
11 92 1 -2.47407 1
11 93 1 3.45404 1
11 94 1 -1.56456 1
11 95 1 -3.95027 1
11 120 1 -3.77765 1
11 109 1 -0.992341 1
11 154 1 0.804624 1
154 82 1 5.19214 1
120 74 1 -3.44743 1
120 13 1 -0.329685 0
120 150 1 3.45936 1
150 13 1 1.77579 0
150 163 1 1.72698 1
163 13 1 1.30544 1
12 64 1 -1.56165 1
12 65 1 -1.79192 1
12 66 1 0.35035 1
12 67 1 -2.94454 1
12 68 1 1.32387 1
12 69 1 0.869139 1
12 70 1 0.523833 1
12 71 1 1.14015 1
12 72 1 3.22581 1
12 73 1 -4.50146 1
12 74 1 -2.39921 1
12 75 1 -0.822151 1
12 76 1 -0.698117 1
12 77 1 1.16052 1
12 78 1 -2.15772 1
12 79 1 -2.65994 1
12 80 1 -4.47431 1
12 81 1 -1.84705 1
12 82 1 4.02709 1
12 83 1 1.62576 1
12 84 1 1.21541 1
12 85 1 -2.21712 1
12 86 1 -2.43752 1
12 87 1 -0.459854 1
12 88 1 -2.96864 1
12 89 1 2.51499 1
12 90 1 -1.06827 1
12 91 1 -1.34934 1
12 92 1 1.95337 1
12 93 1 -2.98255 1
12 94 1 2.82158 1
12 95 1 -2.99604 1
12 17 1 0.909149 1
12 18 1 0.375134 1
12 144 1 -2.08029 1
13 64 1 -0.175548 1
13 65 1 -4.85699 1
13 66 1 -1.48284 1
13 67 1 0.804836 1
13 68 1 2.53631 1
13 69 1 -2.38916 1
13 70 1 0.243036 1
13 71 1 1.38552 1
13 72 1 -0.608139 1
13 73 1 -2.72966 1
13 74 1 -2.12692 1
13 75 1 -0.504712 1
13 76 1 -0.507989 1
13 77 1 -1.24765 1
13 78 1 1.80369 1
13 79 1 2.86426 1
13 80 1 1.13733 1
13 81 1 0.214875 1
13 82 1 1.11667 1
13 83 1 4.53651 1
13 84 1 -3.39412 1
13 85 1 6.21004 1
13 86 1 5.35911 1
13 87 1 7.27684 1
13 88 1 3.03482 1
13 89 1 -0.467584 1
13 90 1 -4.42181 1
13 91 1 -4.86203 1
13 92 1 -2.56441 1
13 93 1 -3.43045 1
13 94 1 0.224025 1
13 95 1 -4.29313 1
14 64 1 -2.60753 1
14 65 1 6.49286 1
14 66 1 0.319219 1
14 67 1 0.691613 1
14 68 1 -1.26491 1
14 69 1 1.57029 1
14 70 1 -1.57683 1
14 71 1 0.816126 1
14 72 1 2.3111 1
14 73 1 0.93793 1
14 74 1 -0.138867 1
14 75 1 2.89357 1
14 76 1 -2.37574 1
14 77 1 2.11062 1
14 78 1 -2.78992 1
14 79 1 -0.375589 1
14 80 1 -0.910406 1
14 81 1 0.67783 0
14 82 1 4.60259 1
14 83 1 0.50326 1
14 84 1 1.06672 1
14 85 1 -1.84582 1
14 86 1 2.39204 1
14 87 1 -1.22227 1
14 88 1 -2.08815 1
14 89 1 -0.845556 1
14 90 1 -0.119784 1
14 91 1 4.16788 1
14 92 1 4.33209 1
14 93 1 1.59057 1
14 94 1 6.06662 1
14 95 1 1.45128 1
14 104 1 -1.56303 1
14 119 1 2.77609 1
119 81 1 5.00935 1
119 99 1 -0.916762 1
15 64 1 0.330145 1
15 65 1 2.1066 1
15 66 1 -4.84608 1
15 67 1 -1.38213 1
15 68 1 1.32465 1
15 69 1 -3.01446 1
15 70 1 7.46758 1
15 71 1 -1.827 1
15 72 1 -1.25832 1
15 73 1 1.50536 1
15 74 1 1.5715 1
15 75 1 -1.4164 1
15 76 1 -0.714374 1
15 77 1 1.97259 1
15 78 1 -2.31263 1
15 79 1 -0.102576 1
15 80 1 2.53764 1
15 81 1 -0.336717 1
15 82 1 -5.00972 1
15 83 1 0.341445 1
15 84 1 1.2111 1
15 85 1 -0.603697 1
15 86 1 0.966037 1
15 87 1 -6.18472 1
15 88 1 0.919091 1
15 89 1 2.73861 1
15 90 1 -0.0441428 1
15 91 1 -4.44915 1
15 92 1 1.7002 1
15 93 1 -2.73021 1
15 94 1 -0.0167089 1
15 95 1 0.413595 1
15 20 1 -1.09329 1
16 64 1 3.35672 1
16 65 1 0.223352 1
16 66 1 -1.86923 1
16 67 1 -4.61811 1
16 68 1 0.794663 1
16 69 1 -0.163882 1
16 70 1 2.75358 1
16 71 1 4.96131 1
16 72 1 -0.991677 1
16 73 1 -2.06139 1
16 74 1 -0.337094 1
16 75 1 2.39539 1
16 76 1 0.977381 1
16 77 1 0.739599 1
16 78 1 -1.6331 1
16 79 1 -0.639901 0
16 80 1 0.901976 1
16 81 1 2.5224 1
16 82 1 -2.17206 1
16 83 1 2.85493 1
16 84 1 -1.27534 1
16 85 1 -1.76266 1
16 86 1 -0.503077 1
16 87 1 -1.9037 1
16 88 1 0.879962 1
16 89 1 1.06179 1
16 90 1 -3.32603 1
16 91 1 3.60345 1
16 92 1 4.62999 1
16 93 1 -1.13432 1
16 94 1 -0.913852 1
16 95 1 -2.2425 1
16 26 1 -1.96378 1
16 151 1 1.18321 1
151 79 1 -0.360307 1
17 64 1 -3.03309 1
17 65 1 -0.908932 1
17 66 1 -0.7734 1
17 67 1 3.91703 1
17 68 1 -0.401787 1
17 69 1 2.13157 1
17 70 1 0.552159 1
17 71 1 2.68659 1
17 72 1 -5.76294 0
17 73 1 3.24201 1
17 74 1 3.40375 1
17 75 1 -1.15203 1
17 76 1 -0.617017 1
17 77 1 2.80203 1
17 78 1 -1.03375 1
17 79 1 -4.18994 1
17 80 1 4.6047 1
17 81 1 3.61666 1
17 82 1 0.806472 1
17 83 1 -1.0845 1
17 84 1 -3.32694 1
17 85 1 1.76254 1
17 86 1 0.361482 1
17 87 1 -1.9555 1
17 88 1 -5.90733 1
17 89 1 3.78977 1
17 90 1 -3.59458 1
17 91 1 6.2079 1
17 92 1 0.356849 1
17 93 1 3.54921 1
17 94 1 3.09462 1
17 95 1 1.94299 1
17 146 1 2.33782 1
146 72 1 -3.35353 1
18 64 1 2.15458 1
18 65 1 -3.3502 1
18 66 1 3.73892 1
18 67 1 1.31998 1
18 68 1 -0.987929 1
18 69 1 1.20489 1
18 70 1 2.52553 1
18 71 1 -0.869538 1
18 72 1 1.97719 1
18 73 1 -0.15455 1
18 74 1 2.28821 1
18 75 1 -1.33366 1
18 76 1 4.98208 1
18 77 1 -1.45845 1
18 78 1 2.48657 1
18 79 1 1.17719 1
18 80 1 -6.34772 1
18 81 1 2.63979 1
18 82 1 -3.4072 1
18 83 1 3.70769 1
18 84 1 -2.34444 1
18 85 1 1.73259 1
18 86 1 5.33288 1
18 87 1 -2.20529 1
18 88 1 0.473886 1
18 89 1 -2.52873 1
18 90 1 0.556241 1
18 91 1 0.117678 1
18 92 1 -1.58019 1
18 93 1 0.668477 1
18 94 1 -0.457299 1
18 95 1 0.393079 1
18 25 1 1.13361 1
18 18 1 -0.725815 1
18 139 1 0.353735 1
19 64 1 5.72424 1
19 65 1 -1.20859 1
19 66 1 4.41696 1
19 67 1 -0.658682 1
19 68 1 -3.29325 1
19 69 1 2.45651 1
19 70 1 0.189755 1
19 71 1 -1.7337 1
19 72 1 3.03471 1
19 73 1 1.57231 1
19 74 1 -0.568848 1
19 75 1 0.492665 1
19 76 1 -3.39207 1
19 77 1 -2.35487 1
19 78 1 -1.60534 1
19 79 1 4.86418 1
19 80 1 0.224845 1
19 81 1 -3.45093 1
19 82 1 0.210232 1
19 83 1 -3.81929 1
19 84 1 1.64543 1
19 85 1 1.98576 1
19 86 1 -0.720638 1
19 87 1 3.2642 1
19 88 1 -0.866151 1
19 89 1 4.70591 1
19 90 1 -0.361366 1
19 91 1 -0.75669 1
19 92 1 -0.158868 1
19 93 1 -5.40479 1
19 94 1 -3.01693 1
19 95 1 -6.83892 1
20 64 1 2.22555 1
20 65 1 -1.12049 1
20 66 1 -1.61115 1
20 67 1 1.03008 1
20 68 1 -1.03979 1
20 69 1 1.19769 1
20 70 1 -3.42684 1
20 71 1 3.51574 1
20 72 1 1.64427 1
20 73 1 2.92647 1
20 74 1 2.0475 1
20 75 1 3.49987 1
20 76 1 0.128582 1
20 77 1 -1.77239 1
20 78 1 0.957419 1
20 79 1 2.69974 1
20 80 1 0.185473 1
20 81 1 0.517691 1
20 82 1 2.94977 1
20 83 1 1.64227 1
20 84 1 2.60601 1
20 85 1 -5.51417 1
20 86 1 0.137594 1
20 87 1 -0.642768 1
20 88 1 1.37573 1
20 89 1 -0.0398671 1
20 90 1 2.85938 1
20 91 1 1.25206 0
20 92 1 0.351777 1
20 93 1 2.20236 0
20 94 1 2.44869 0
20 95 1 -0.323596 1
20 96 1 -4.33071 1
20 98 1 1.33916 1
20 103 1 -0.115419 1
20 109 1 -0.775315 1
103 91 1 0.913892 0
103 105 1 2.91516 1
103 112 1 -2.50296 0
103 123 1 -1.60122 1
103 140 1 -2.37054 1
140 112 1 2.14626 1
123 91 1 -0.154785 1
123 113 1 -0.126825 0
123 136 1 0.616794 1
123 137 1 0.46795 1
136 113 1 -1.91297 1
105 91 1 2.46916 0
105 129 1 0.486067 1
129 91 1 0.277859 0
129 135 1 2.63395 1
129 116 1 1.17054 1
135 91 1 -1.89624 1
98 93 1 1.28968 1
98 99 1 5.38445 1
98 15 1 1.06966 1
96 94 1 1.94454 1
96 20 1 -0.251095 0
96 155 1 1.57669 1
155 20 1 -0.448053 1
21 64 1 1.937 1
21 65 1 7.74178 1
21 66 1 -3.79476 1
21 67 1 -4.802 1
21 68 1 -1.91565 1
21 69 1 1.01305 1
21 70 1 -1.57229 1
21 71 1 -4.39903 1
21 72 1 -7.74295 1
21 73 1 -0.699163 1
21 74 1 -0.0439989 1
21 75 1 1.36747 1
21 76 1 -1.94868 1
21 77 1 -1.73311 1
21 78 1 -0.963995 1
21 79 1 -1.97605 1
21 80 1 1.19784 1
21 81 1 -1.68176 1
21 82 1 -1.36601 1
21 83 1 -1.45711 1
21 84 1 6.58245 1
21 85 1 0.0962085 1
21 86 1 0.462018 1
21 87 1 -0.530898 1
21 88 1 5.01262 1
21 89 1 0.381405 1
21 90 1 0.875113 1
21 91 1 -0.757903 0
21 92 1 2.29583 1
21 93 1 1.17609 1
21 94 1 -3.85607 1
21 95 1 -0.959409 1
21 143 1 2.61191 1
143 91 1 -2.97959 1
22 64 1 1.701 1
22 65 1 -0.0827655 1
22 66 1 -0.19471 1
22 67 1 5.35551 1
22 68 1 0.152024 1
22 69 1 -2.32615 1
22 70 1 -2.11904 1
22 71 1 0.727343 1
22 72 1 -4.30333 1
22 73 1 0.180806 1
22 74 1 -5.88146 1
22 75 1 -1.15038 1
22 76 1 1.60786 1
22 77 1 -0.0747444 1
22 78 1 4.85171 1
22 79 1 5.56087 1
22 80 1 0.166959 1
22 81 1 -0.495164 1
22 82 1 1.0515 1
22 83 1 -1.00426 1
22 84 1 -1.51787 1
22 85 1 1.2588 1
22 86 1 -0.418011 1
22 87 1 6.71252 1
22 88 1 -3.74989 1
22 89 1 -0.935364 1
22 90 1 2.16771 1
22 91 1 -0.057155 1
22 92 1 1.76357 1
22 93 1 2.39717 1
22 94 1 4.80251 1
22 95 1 3.08395 1
23 64 1 -3.58539 1
23 65 1 2.75425 1
23 66 1 1.5522 1
23 67 1 1.89826 1
23 68 1 -1.8091 1
23 69 1 1.76231 1
23 70 1 3.87224 1
23 71 1 -4.02432 1
23 72 1 -0.00205768 1
23 73 1 -1.40369 1
23 74 1 1.97829 1
23 75 1 1.52947 1
23 76 1 2.70183 1
23 77 1 2.68221 1
23 78 1 0.746277 1
23 79 1 -4.76392 1
23 80 1 0.952438 1
23 81 1 0.0336479 1
23 82 1 -2.71121 1
23 83 1 1.30924 1
23 84 1 3.88966 1
23 85 1 -2.05458 1
23 86 1 -10.5305 1
23 87 1 0.405973 1
23 88 1 2.71689 1
23 89 1 -0.364043 1
23 90 1 -3.53168 1
23 91 1 -1.53351 1
23 92 1 1.20424 1
23 93 1 2.20619 1
23 94 1 -2.68754 1
23 95 1 0.307939 1
23 107 1 1.82302 1
23 27 1 -0.474485 1
24 64 1 -0.937386 1
24 65 1 1.75716 1
24 66 1 -1.01048 1
24 67 1 4.79152 1
24 68 1 -5.34416 1
24 69 1 3.45749 1
24 70 1 0.913284 1
24 71 1 4.54173 1
24 72 1 1.23282 1
24 73 1 1.7629 1
24 74 1 0.754243 1
24 75 1 0.902919 1
24 76 1 -0.728902 1
24 77 1 -0.553053 1
24 78 1 -3.90038 1
24 79 1 -1.10873 1
24 80 1 4.49352 1
24 81 1 2.28115 1
24 82 1 -1.54364 1
24 83 1 -2.79426 1
24 84 1 -3.69194 1
24 85 1 -2.05389 1
24 86 1 -4.0167 1
24 87 1 3.10859 1
24 88 1 -2.08591 1
24 89 1 7.02965 1
24 90 1 2.95479 1
24 91 1 -3.42608 1
24 92 1 -0.0533416 1
24 93 1 0.570063 1
24 94 1 -2.08587 1
24 95 1 -3.2567 1
24 5 1 -0.0991515 1
25 64 1 0.177081 1
25 65 1 1.50701 1
25 66 1 -2.60667 1
25 67 1 -1.88831 1
25 68 1 4.06426 1
25 69 1 -3.80335 1
25 70 1 0.870063 0
25 71 1 -1.91882 1
25 72 1 2.93531 1
25 73 1 1.58776 1
25 74 1 2.00369 1
25 75 1 -3.49375 1
25 76 1 -1.00726 1
25 77 1 -0.915842 1
25 78 1 3.67372 1
25 79 1 -0.0196415 1
25 80 1 -1.09768 1
25 81 1 -2.00941 1
25 82 1 0.270633 1
25 83 1 4.32562 1
25 84 1 -2.38997 1
25 85 1 -1.62936 1
25 86 1 2.42686 1
25 87 1 2.00454 1
25 88 1 -1.01719 1
25 89 1 0.378734 1
25 90 1 -2.65421 1
25 91 1 2.21829 1
25 92 1 2.31773 1
25 93 1 -1.16296 1
25 94 1 -1.17057 1
25 95 1 -3.70206 1
25 8 1 0.916013 1
25 6 1 -2.8036 1
25 121 1 -1.12794 1
121 70 1 7.15747 1
26 64 1 -3.06882 1
26 65 1 1.5302 1
26 66 1 0.417666 1
26 67 1 0.925799 1
26 68 1 0.282513 1
26 69 1 1.888 1
26 70 1 -2.57645 1
26 71 1 1.08417 1
26 72 1 -2.37412 1
26 73 1 1.431 1
26 74 1 -7.98164 1
26 75 1 2.70318 1
26 76 1 0.749347 1
26 77 1 -3.36404 1
26 78 1 2.70158 1
26 79 1 -1.24978 1
26 80 1 -0.962286 1
26 81 1 4.68748 1
26 82 1 1.71207 1
26 83 1 1.53029 1
26 84 1 -5.42989 1
26 85 1 1.55905 1
26 86 1 -3.5374 1
26 87 1 1.18821 1
26 88 1 -4.56727 1
26 89 1 0.0327573 1
26 90 1 -3.11319 1
26 91 1 -4.79159 1
26 92 1 0.114606 1
26 93 1 -0.486066 1
26 94 1 2.30597 1
26 95 1 -0.495165 1
26 23 1 3.99781 1
26 15 1 1.32999 1
26 161 1 -0.0341084 1
27 64 1 -3.55397 1
27 65 1 3.04514 1
27 66 1 3.60198 1
27 67 1 -1.04365 1
27 68 1 1.60136 1
27 69 1 1.50611 1
27 70 1 4.32077 1
27 71 1 -6.17027 1
27 72 1 -0.560848 1
27 73 1 1.24405 1
27 74 1 -2.49034 1
27 75 1 4.3671 1
27 76 1 -3.57296 1
27 77 1 -0.862714 1
27 78 1 -0.121661 1
27 79 1 0.835648 1
27 80 1 -1.36621 1
27 81 1 -1.14131 1
27 82 1 1.60269 1
27 83 1 0.832161 1
27 84 1 0.707599 1
27 85 1 -0.857422 1
27 86 1 -1.6465 1
27 87 1 0.242081 1
27 88 1 -6.08815 1
27 89 1 -4.74276 1
27 90 1 4.22209 1
27 91 1 -1.70863 1
27 92 1 -1.09987 1
27 93 1 -0.258365 1
27 94 1 2.25026 1
27 95 1 -0.61357 1
27 9 1 2.849 1
27 5 1 -1.93545 1
28 64 1 3.46439 1
28 65 1 -0.864839 1
28 66 1 -1.60914 1
28 67 1 5.91873 1
28 68 1 5.06215 1
28 69 1 1.5795 1
28 70 1 -0.945577 1
28 71 1 0.162217 1
28 72 1 -8.13134 1
28 73 1 0.611422 1
28 74 1 -1.55921 1
28 75 1 1.29625 1
28 76 1 1.87553 1
28 77 1 2.25403 1
28 78 1 -3.03198 1
28 79 1 1.66517 1
28 80 1 2.08424 1
28 81 1 -1.28089 1
28 82 1 3.59956 1
28 83 1 1.83458 1
28 84 1 4.95347 1
28 85 1 -7.28427 1
28 86 1 -2.51799 1
28 87 1 0.0806927 1
28 88 1 -2.79097 1
28 89 1 0.964063 1
28 90 1 -2.85128 1
28 91 1 -0.464135 1
28 92 1 4.22839 1
28 93 1 -2.08244 1
28 94 1 4.24422 1
28 95 1 -2.17744 1
29 64 1 -0.844895 1
29 65 1 -0.028959 1
29 66 1 -1.41629 1
29 67 1 1.21899 1
29 68 1 -7.49752 1
29 69 1 1.12591 1
29 70 1 -1.60256 1
29 71 1 -0.0287506 1
29 72 1 -0.442493 1
29 73 1 -1.36067 1
29 74 1 -0.0988842 1
29 75 1 0.483343 1
29 76 1 -1.21495 1
29 77 1 1.35128 1
29 78 1 -4.66025 1
29 79 1 -2.419 1
29 80 1 2.48282 1
29 81 1 0.91108 1
29 82 1 2.51276 1
29 83 1 0.544395 1
29 84 1 1.12527 1
29 85 1 -2.36552 1
29 86 1 -2.52362 1
29 87 1 -3.27107 1
29 88 1 -1.15824 1
29 89 1 -3.58723 1
29 90 1 -1.43724 1
29 91 1 0.267589 1
29 92 1 2.23983 1
29 93 1 0.142271 1
29 94 1 -2.76434 1
29 95 1 0.0742607 1
29 113 1 1.39328 1
30 64 1 -0.354961 1
30 65 1 4.36215 1
30 66 1 5.09003 1
30 67 1 0.79791 1
30 68 1 2.15614 1
30 69 1 2.65084 1
30 70 1 1.91944 1
30 71 1 -2.35337 1
30 72 1 0.0115313 1
30 73 1 2.71467 1
30 74 1 -1.14796 1
30 75 1 2.31416 1
30 76 1 3.44232 1
30 77 1 -1.67725 1
30 78 1 3.03659 1
30 79 1 3.53256 1
30 80 1 -2.31287 1
30 81 1 -1.01994 1
30 82 1 4.13078 1
30 83 1 3.26538 1
30 84 1 0.566459 1
30 85 1 -1.9106 1
30 86 1 -1.71327 1
30 87 1 -1.72414 1
30 88 1 1.39357 1
30 89 1 -2.07801 1
30 90 1 1.36674 1
30 91 1 5.67776 1
30 92 1 -1.56731 1
30 93 1 2.23437 1
30 94 1 2.2993 1
30 95 1 -1.80098 1
30 28 1 -0.570124 1
31 64 1 3.73274 1
31 65 1 -0.23688 1
31 66 1 -3.8093 1
31 67 1 5.79284 1
31 68 1 3.60678 1
31 69 1 -0.066294 1
31 70 1 -2.07452 1
31 71 1 2.85235 1
31 72 1 -3.39359 1
31 73 1 -1.99437 1
31 74 1 4.82343 1
31 75 1 0.88909 1
31 76 1 -0.429936 1
31 77 1 0.310056 1
31 78 1 -3.02832 1
31 79 1 1.73588 1
31 80 1 -0.783842 1
31 81 1 -2.46122 1
31 82 1 -0.315426 1
31 83 1 -0.684357 1
31 84 1 -3.40859 1
31 85 1 -4.04212 1
31 86 1 0.183112 1
31 87 1 -2.00535 0
31 88 1 2.91121 1
31 89 1 -0.405272 1
31 90 1 -1.00958 1
31 91 1 -3.53269 1
31 92 1 -0.580006 1
31 93 1 -0.649938 1
31 94 1 1.37549 1
31 95 1 -1.98216 1
31 122 1 2.34096 1
31 10 1 -1.71249 1
122 87 1 -0.950086 1
32 64 1 7.78711 1
32 65 1 1.30156 1
32 66 1 -3.63447 1
32 67 1 1.30987 1
32 68 1 -0.550945 1
32 69 1 3.52654 1
32 70 1 -0.0711751 1
32 71 1 3.04576 1
32 72 1 -4.33942 1
32 73 1 1.70239 1
32 74 1 -0.942476 1
32 75 1 3.49314 1
32 76 1 -1.85622 1
32 77 1 4.77545 1
32 78 1 -0.0504853 1
32 79 1 0.895679 1
32 80 1 -0.672007 1
32 81 1 -1.58731 1
32 82 1 -2.65079 1
32 83 1 -2.8915 1
32 84 1 2.62164 1
32 85 1 -1.4848 1
32 86 1 0.376521 1
32 87 1 -1.34255 1
32 88 1 -0.74732 1
32 89 1 -3.29389 1
32 90 1 2.30323 1
32 91 1 -1.80034 1
32 92 1 2.12764 1
32 93 1 0.671536 1
32 94 1 1.11818 1
32 95 1 -1.44291 1
33 64 1 1.81541 1
33 65 1 -6.38221 1
33 66 1 -0.627115 1
33 67 1 -1.36991 1
33 68 1 -1.00056 1
33 69 1 -1.7573 1
33 70 1 2.86714 1
33 71 1 4.32436 1
33 72 1 2.53768 1
33 73 1 3.89812 1
33 74 1 1.24438 1
33 75 1 -5.5609 1
33 76 1 -3.2425 1
33 77 1 2.25829 1
33 78 1 -2.83662 1
33 79 1 -3.00153 1
33 80 1 -0.418771 1
33 81 1 -2.38116 1
33 82 1 0.839221 1
33 83 1 -0.500209 1
33 84 1 0.62947 1
33 85 1 2.52894 1
33 86 1 3.60079 1
33 87 1 2.02214 1
33 88 1 2.95567 1
33 89 1 4.88757 1
33 90 1 -2.18735 1
33 91 1 -1.16787 1
33 92 1 2.39058 1
33 93 1 1.83314 1
33 94 1 -0.901517 1
33 95 1 -0.200819 1
33 20 1 -3.70951 1
33 107 1 -0.533666 1
33 13 1 1.36968 1
33 113 1 -1.03339 1
34 64 1 -0.680354 1
34 65 1 -0.553475 1
34 66 1 1.75397 1
34 67 1 1.38377 1
34 68 1 0.530171 1
34 69 1 -2.5043 1
34 70 1 -1.96423 1
34 71 1 -2.53223 1
34 72 1 -3.04965 1
34 73 1 -5.11908 1
34 74 1 2.26417 1
34 75 1 7.32169 1
34 76 1 -0.865224 1
34 77 1 -0.327118 1
34 78 1 -1.32523 1
34 79 1 1.70882 1
34 80 1 2.42971 1
34 81 1 -2.28239 1
34 82 1 0.303517 1
34 83 1 1.07476 1
34 84 1 0.349173 1
34 85 1 -0.84377 1
34 86 1 -1.99112 1
34 87 1 0.254676 1
34 88 1 0.856114 1
34 89 1 -1.30997 1
34 90 1 -4.95182 1
34 91 1 2.26375 1
34 92 1 2.90069 1
34 93 1 -3.16372 1
34 94 1 2.6236 1
34 95 1 2.373 1
34 113 1 0.348078 1
35 64 1 -0.206905 1
35 65 1 -0.628151 1
35 66 1 0.542447 1
35 67 1 5.43749 1
35 68 1 2.19198 1
35 69 1 2.98549 1
35 70 1 2.52338 1
35 71 1 4.72965 1
35 72 1 2.8624 1
35 73 1 6.77524 1
35 74 1 -0.522915 1
35 75 1 -1.29709 1
35 76 1 -3.9597 1
35 77 1 0.833544 1
35 78 1 -1.32978 1
35 79 1 3.11579 1
35 80 1 -7.20389 1
35 81 1 0.264266 1
35 82 1 3.61816 0
35 83 1 -1.16838 1
35 84 1 5.42313 1
35 85 1 -5.42821 1
35 86 1 -0.867377 1
35 87 1 -2.32483 1
35 88 1 0.191942 1
35 89 1 0.567626 0
35 90 1 -0.151323 1
35 91 1 0.446106 1
35 92 1 -2.93055 1
35 93 1 -2.94444 1
35 94 1 -1.67315 1
35 95 1 0.61122 1
35 130 1 2.47012 1
35 133 1 5.4142 1
133 82 1 2.7272 1
130 89 1 1.38955 1
36 64 1 0.532568 1
36 65 1 1.83363 1
36 66 1 1.83117 1
36 67 1 -0.826764 1
36 68 1 -4.6694 1
36 69 1 -2.59022 1
36 70 1 -2.3445 1
36 71 1 1.03257 1
36 72 1 -2.00987 1
36 73 1 -0.275055 1
36 74 1 -1.47314 1
36 75 1 -0.381567 1
36 76 1 0.399322 1
36 77 1 -5.82889 1
36 78 1 1.34346 1
36 79 1 3.17607 1
36 80 1 2.87833 1
36 81 1 0.0882283 1
36 82 1 -1.25937 0
36 83 1 -0.317828 1
36 84 1 2.35835 1
36 85 1 -2.47846 1
36 86 1 0.652107 1
36 87 1 0.460024 1
36 88 1 -1.38378 1
36 89 1 0.696389 1
36 90 1 -3.44681 1
36 91 1 2.20146 1
36 92 1 4.0097 1
36 93 1 1.43997 1
36 94 1 -0.75766 1
36 95 1 7.68083 1
36 109 1 0.338628 0
36 24 1 -2.52239 1
36 117 1 2.65554 1
117 109 1 1.6868 1
117 4 1 0.329974 1
109 82 1 0.677739 1
109 31 1 0.984949 1
37 64 1 -4.5817 1
37 65 1 1.29955 1
37 66 1 -3.63588 1
37 67 1 -2.69512 1
37 68 1 -3.61538 1
37 69 1 3.19996 1
37 70 1 -5.01678 1
37 71 1 -2.36673 1
37 72 1 3.05283 1
37 73 1 3.10011 1
37 74 1 0.218058 1
37 75 1 0.1325 1
37 76 1 2.80107 0
37 77 1 4.00935 1
37 78 1 -1.17815 1
37 79 1 1.88944 1
37 80 1 3.80605 1
37 81 1 1.47203 1
37 82 1 3.45084 1
37 83 1 2.05214 1
37 84 1 -3.84562 1
37 85 1 0.679233 1
37 86 1 -0.834954 1
37 87 1 1.28107 1
37 88 1 -0.850399 1
37 89 1 -3.16596 1
37 90 1 -0.443231 1
37 91 1 1.74722 1
37 92 1 3.66582 1
37 93 1 0.517597 1
37 94 1 -2.80477 1
37 95 1 0.940948 1
37 142 1 2.57241 1
142 76 1 -1.40079 1
142 147 1 -1.52454 1
38 64 1 0.208452 1
38 65 1 -1.46306 1
38 66 1 -1.11927 1
38 67 1 -1.06625 1
38 68 1 -1.67297 1
38 69 1 -4.67944 1
38 70 1 -0.157869 1
38 71 1 -0.757426 1
38 72 1 2.29014 1
38 73 1 1.5873 1
38 74 1 -1.82691 1
38 75 1 1.86703 1
38 76 1 2.73516 1
38 77 1 -1.22081 1
38 78 1 -0.935429 1
38 79 1 -1.30369 1
38 80 1 -3.56402 1
38 81 1 -1.50165 1
38 82 1 2.02722 1
38 83 1 -0.105704 1
38 84 1 -2.28537 1
38 85 1 -3.14344 1
38 86 1 -0.00538835 1
38 87 1 0.187243 0
38 88 1 1.46351 1
38 89 1 3.35492 1
38 90 1 0.723675 1
38 91 1 1.40959 1
38 92 1 1.34515 0
38 93 1 -1.05923 1
38 94 1 -0.649973 1
38 95 1 -3.86599 1
38 148 1 1.70263 1
38 162 1 0.651453 1
162 87 1 0.160609 1
148 92 1 3.58666 1
39 64 1 2.02556 1
39 65 1 -1.57083 1
39 66 1 0.420691 1
39 67 1 -0.630919 1
39 68 1 1.002 1
39 69 1 0.880885 1
39 70 1 1.20943 1
39 71 1 -1.77803 1
39 72 1 -2.90416 1
39 73 1 -5.2501 1
39 74 1 1.01674 1
39 75 1 3.20785 0
39 76 1 4.52586 1
39 77 1 0.215667 1
39 78 1 -3.37218 1
39 79 1 -2.51896 1
39 80 1 0.268212 1
39 81 1 -2.86452 1
39 82 1 -0.692721 1
39 83 1 -1.83095 1
39 84 1 -2.96647 1
39 85 1 -0.0671602 1
39 86 1 1.17132 1
39 87 1 -0.668719 1
39 88 1 -1.28444 1
39 89 1 -0.592622 1
39 90 1 3.5928 1
39 91 1 -1.4706 1
39 92 1 3.99762 1
39 93 1 0.587796 1
39 94 1 -4.92739 1
39 95 1 -3.07169 1
39 2 1 -3.35275 1
39 112 1 4.03503 1
39 13 1 -0.873027 1
39 104 1 0.152727 1
112 75 1 -2.87607 1
112 138 1 -1.10639 1
112 153 1 -0.189562 1
40 64 1 -4.92474 1
40 65 1 -1.41615 1
40 66 1 2.93007 1
40 67 1 0.644098 1
40 68 1 1.432 1
40 69 1 1.99924 1
40 70 1 -0.973374 1
40 71 1 1.20519 1
40 72 1 2.40153 1
40 73 1 1.9657 1
40 74 1 -3.9902 1
40 75 1 2.65998 1
40 76 1 -2.9974 1
40 77 1 3.43947 1
40 78 1 2.75216 1
40 79 1 -1.25678 1
40 80 1 -0.196309 1
40 81 1 0.719263 1
40 82 1 2.34842 1
40 83 1 -3.05437 1
40 84 1 -0.798065 1
40 85 1 1.24098 1
40 86 1 2.36121 1
40 87 1 1.57963 1
40 88 1 1.6712 1
40 89 1 -1.72197 1
40 90 1 -1.13344 1
40 91 1 -1.56317 1
40 92 1 -4.11431 1
40 93 1 0.995252 1
40 94 1 -1.21503 1
40 95 1 2.36084 1
40 2 1 0.506019 1
40 134 1 0.882081 1
41 64 1 4.51244 1
41 65 1 -1.45188 1
41 66 1 0.763289 1
41 67 1 0.671456 1
41 68 1 2.53465 1
41 69 1 -1.07788 1
41 70 1 -0.0818534 1
41 71 1 0.92027 1
41 72 1 4.2024 1
41 73 1 -5.65585 1
41 74 1 0.111721 1
41 75 1 3.20509 1
41 76 1 -4.68631 1
41 77 1 -1.33826 1
41 78 1 -3.50806 1
41 79 1 2.3939 1
41 80 1 1.73809 1
41 81 1 3.82941 1
41 82 1 -1.00348 1
41 83 1 2.54806 1
41 84 1 -3.59812 1
41 85 1 0.483241 1
41 86 1 1.59324 1
41 87 1 1.6119 1
41 88 1 4.08579 1
41 89 1 -2.49067 1
41 90 1 -1.68903 1
41 91 1 0.630717 1
41 92 1 -0.105523 1
41 93 1 -0.980467 1
41 94 1 -1.09039 1
41 95 1 -1.03114 1
41 11 1 3.82503 1
41 29 1 -1.97396 1
41 97 1 -2.39513 1
42 64 1 0.791952 1
42 65 1 -0.67293 1
42 66 1 0.407091 1
42 67 1 1.14345 1
42 68 1 -3.12125 1
42 69 1 0.318543 1
42 70 1 -1.47418 1
42 71 1 -1.24491 1
42 72 1 -1.07414 1
42 73 1 -3.04632 1
42 74 1 3.46813 1
42 75 1 -2.12756 1
42 76 1 -2.75261 1
42 77 1 -0.0870375 1
42 78 1 -2.2292 1
42 79 1 1.38846 1
42 80 1 -1.81004 1
42 81 1 2.72355 1
42 82 1 4.36805 1
42 83 1 2.75416 1
42 84 1 1.99676 1
42 85 1 -0.534633 1
42 86 1 1.85437 1
42 87 1 -1.33609 1
42 88 1 -0.954584 1
42 89 1 -0.0983935 1
42 90 1 2.93449 1
42 91 1 1.67402 1
42 92 1 -1.03576 1
42 93 1 2.01354 1
42 94 1 -3.59455 1
42 95 1 0.842116 1
43 64 1 2.19523 1
43 65 1 -3.71635 1
43 66 1 2.86022 1
43 67 1 0.903574 1
43 68 1 -0.405874 1
43 69 1 -2.38919 1
43 70 1 0.427125 1
43 71 1 -2.12044 1
43 72 1 0.152489 1
43 73 1 -6.65069 1
43 74 1 2.83923 1
43 75 1 -1.80696 1
43 76 1 -1.13731 1
43 77 1 -0.348051 1
43 78 1 0.831273 1
43 79 1 -3.25668 1
43 80 1 0.617537 1
43 81 1 2.25607 1
43 82 1 2.20017 1
43 83 1 -2.50338 1
43 84 1 -1.36247 1
43 85 1 2.88389 1
43 86 1 1.3253 1
43 87 1 5.17086 1
43 88 1 1.11947 1
43 89 1 4.00851 1
43 90 1 -0.787238 1
43 91 1 -4.05706 1
43 92 1 4.40314 1
43 93 1 2.1315 1
43 94 1 -2.84532 1
43 95 1 1.83048 1
44 64 1 0.224906 1
44 65 1 -4.42398 1
44 66 1 -0.0829511 1
44 67 1 -2.25444 1
44 68 1 -0.230007 1
44 69 1 -0.467724 1
44 70 1 3.6073 1
44 71 1 2.01079 1
44 72 1 -2.37882 1
44 73 1 2.44088 1
44 74 1 -2.35312 1
44 75 1 -3.10068 1
44 76 1 0.252778 1
44 77 1 3.07893 1
44 78 1 2.39009 1
44 79 1 0.304981 1
44 80 1 4.98215 1
44 81 1 -2.22237 1
44 82 1 0.837789 1
44 83 1 -0.969808 1
44 84 1 0.18245 1
44 85 1 -0.68437 1
44 86 1 1.42702 1
44 87 1 2.78533 1
44 88 1 0.426697 1
44 89 1 2.22999 1
44 90 1 0.470399 1
44 91 1 -0.491973 1
44 92 1 -0.733434 1
44 93 1 3.75965 1
44 94 1 -1.71576 1
44 95 1 -1.16886 1
44 8 1 -0.948408 1
44 29 1 2.19521 1
45 64 1 -1.10982 1
45 65 1 1.82327 1
45 66 1 -0.635544 1
45 67 1 2.50437 1
45 68 1 -0.0556055 1
45 69 1 -7.24825 1
45 70 1 -3.79056 1
45 71 1 0.429773 1
45 72 1 -5.61989 1
45 73 1 3.9184 1
45 74 1 2.73507 1
45 75 1 4.47293 1
45 76 1 -1.56521 1
45 77 1 -0.0672113 1
45 78 1 -2.71807 1
45 79 1 3.10444 1
45 80 1 -2.4107 1
45 81 1 0.933443 1
45 82 1 0.309166 1
45 83 1 -4.31094 1
45 84 1 1.78877 1
45 85 1 -2.92151 1
45 86 1 0.952166 1
45 87 1 0.82598 1
45 88 1 1.22716 1
45 89 1 -4.57249 1
45 90 1 0.681883 1
45 91 1 4.22993 1
45 92 1 -3.56993 1
45 93 1 -6.64473 1
45 94 1 2.51216 1
45 95 1 -4.79008 1
45 9 1 4.82935 1
45 20 1 -0.119903 1
45 17 1 -0.0799138 1
46 64 1 -0.384785 1
46 65 1 -0.958832 1
46 66 1 2.70993 1
46 67 1 2.92585 1
46 68 1 -5.02242 1
46 69 1 -1.41963 1
46 70 1 1.3438 1
46 71 1 -2.42258 1
46 72 1 3.40677 1
46 73 1 -4.09121 1
46 74 1 -0.680089 1
46 75 1 0.90117 1
46 76 1 -5.9634 1
46 77 1 4.14062 1
46 78 1 -0.821209 1
46 79 1 -0.0496522 1
46 80 1 3.49398 1
46 81 1 0.556778 1
46 82 1 -0.0334872 1
46 83 1 2.36287 1
46 84 1 -0.104933 1
46 85 1 1.90054 1
46 86 1 -1.135 1
46 87 1 3.9081 1
46 88 1 0.0602906 1
46 89 1 -4.4264 1
46 90 1 -2.84242 1
46 91 1 0.160728 1
46 92 1 1.21192 1
46 93 1 -1.41079 1
46 94 1 -0.175757 1
46 95 1 -0.0800152 1
46 24 1 2.83186 1
47 64 1 -1.43873 1
47 65 1 -0.538988 1
47 66 1 -1.76987 1
47 67 1 3.60442 1
47 68 1 -0.938237 1
47 69 1 3.64365 1
47 70 1 -2.68153 1
47 71 1 1.63208 1
47 72 1 -0.457278 1
47 73 1 5.98074 0
47 74 1 -1.24064 1
47 75 1 -2.15617 1
47 76 1 -2.48951 1
47 77 1 -9.06183 1
47 78 1 -2.55598 1
47 79 1 0.90423 1
47 80 1 3.87966 1
47 81 1 -4.50293 1
47 82 1 2.9639 1
47 83 1 -0.615544 1
47 84 1 -4.18219 1
47 85 1 -1.96617 1
47 86 1 -3.20332 1
47 87 1 5.10439 1
47 88 1 3.11581 1
47 89 1 0.297325 1
47 90 1 5.96359 1
47 91 1 1.13867 1
47 92 1 -0.62305 1
47 93 1 0.548751 1
47 94 1 2.0436 1
47 95 1 -2.28415 1
47 4 1 -0.100139 1
47 137 1 1.55482 1
137 73 1 3.86559 0
137 156 1 0.158799 1
156 73 1 3.37672 1
48 64 1 -1.16728 1
48 65 1 -0.921918 1
48 66 1 1.28332 1
48 67 1 -3.0509 1
48 68 1 -6.3208 1
48 69 1 -4.10497 1
48 70 1 0.215405 1
48 71 1 0.745212 1
48 72 1 -5.22437 1
48 73 1 3.53639 1
48 74 1 5.11715 1
48 75 1 -4.12942 1
48 76 1 0.421107 1
48 77 1 -1.25794 1
48 78 1 0.198934 1
48 79 1 3.16599 1
48 80 1 0.334687 1
48 81 1 -3.01583 1
48 82 1 0.508964 1
48 83 1 -0.370045 1
48 84 1 0.433319 1
48 85 1 0.811289 1
48 86 1 -1.7292 1
48 87 1 -0.584061 1
48 88 1 -3.19159 1
48 89 1 -0.780711 1
48 90 1 2.22543 1
48 91 1 1.06467 1
48 92 1 -4.85502 1
48 93 1 0.231328 1
48 94 1 4.21973 1
48 95 1 2.32703 1
48 16 1 1.26288 1
48 12 1 0.497215 1
48 14 1 -1.43044 1
48 30 1 0.729658 1
49 64 1 -0.353505 1
49 65 1 -4.3237 1
49 66 1 0.656389 1
49 67 1 -0.559659 1
49 68 1 -4.21988 1
49 69 1 0.323213 1
49 70 1 0.640506 1
49 71 1 -2.87459 1
49 72 1 -1.85716 1
49 73 1 0.853812 1
49 74 1 3.96501 1
49 75 1 1.85472 1
49 76 1 -5.98157 1
49 77 1 -3.2552 1
49 78 1 -1.32694 0
49 79 1 2.00968 1
49 80 1 4.58733 1
49 81 1 -4.0916 1
49 82 1 1.53647 1
49 83 1 -1.59436 1
49 84 1 2.75652 1
49 85 1 -2.43898 1
49 86 1 -0.694626 1
49 87 1 -0.524212 1
49 88 1 0.88334 1
49 89 1 1.64592 1
49 90 1 -1.0135 1
49 91 1 1.48289 1
49 92 1 3.08078 1
49 93 1 -0.489681 1
49 94 1 0.0933823 1
49 95 1 4.90234 1
49 19 1 -1.72074 1
49 31 1 0.00710934 1
49 15 1 -1.0596 1
49 158 1 0.789857 1
49 26 1 -0.912305 1
158 78 1 -1.01225 1
50 64 1 -4.30598 1
50 65 1 -1.92022 1
50 66 1 0.577622 1
50 67 1 -0.74536 1
50 68 1 2.10234 1
50 69 1 -0.849295 1
50 70 1 0.949734 1
50 71 1 6.94935 1
50 72 1 -1.77745 1
50 73 1 3.77547 1
50 74 1 -2.41406 1
50 75 1 2.6022 1
50 76 1 -0.867674 1
50 77 1 0.728074 1
50 78 1 2.01528 1
50 79 1 -1.44548 1
50 80 1 1.83373 1
50 81 1 0.290505 1
50 82 1 -1.21323 1
50 83 1 2.74171 1
50 84 1 -1.21101 1
50 85 1 2.75841 1
50 86 1 2.75329 1
50 87 1 -2.4896 1
50 88 1 -3.37675 1
50 89 1 0.495051 1
50 90 1 -0.104716 1
50 91 1 0.129515 1
50 92 1 0.710992 1
50 93 1 -1.17942 1
50 94 1 -2.2303 1
50 95 1 2.78383 1
50 4 1 4.9312 1
50 22 1 -0.368325 1
51 64 1 -2.01413 1
51 65 1 3.00796 1
51 66 1 4.32804 1
51 67 1 -0.376976 1
51 68 1 -0.158588 1
51 69 1 -0.618379 1
51 70 1 1.49279 1
51 71 1 4.7815 1
51 72 1 -5.34271 1
51 73 1 -3.19783 0
51 74 1 -1.50109 1
51 75 1 4.45141 1
51 76 1 -2.56183 1
51 77 1 1.97205 1
51 78 1 4.36813 1
51 79 1 -0.618349 1
51 80 1 0.51561 1
51 81 1 -2.2141 1
51 82 1 -0.298145 1
51 83 1 4.64211 1
51 84 1 -2.24142 1
51 85 1 -1.45159 1
51 86 1 -1.09816 1
51 87 1 0.859783 1
51 88 1 0.563925 1
51 89 1 -0.235489 1
51 90 1 0.214674 1
51 91 1 -1.1781 1
51 92 1 1.17365 1
51 93 1 4.75525 1
51 94 1 -4.96241 1
51 95 1 -3.09268 1
51 116 1 1.01033 1
51 12 1 -0.603471 1
116 73 1 -0.101064 0
116 134 1 2.22633 1
134 73 1 2.79587 1
52 64 1 -3.47344 1
52 65 1 4.11885 1
52 66 1 1.65043 1
52 67 1 -0.435561 1
52 68 1 0.124095 1
52 69 1 6.27942 1
52 70 1 3.85273 1
52 71 1 -1.27166 1
52 72 1 -1.53267 1
52 73 1 3.40947 1
52 74 1 3.3407 1
52 75 1 2.33682 1
52 76 1 -3.81613 1
52 77 1 -0.0249845 1
52 78 1 2.97705 1
52 79 1 -0.0327231 1
52 80 1 -0.262856 1
52 81 1 -1.53245 1
52 82 1 -2.12251 1
52 83 1 -2.26223 1
52 84 1 1.57295 1
52 85 1 -1.0842 1
52 86 1 -5.21449 1
52 87 1 -0.767863 1
52 88 1 0.821035 1
52 89 1 0.635039 1
52 90 1 -1.19503 1
52 91 1 -0.549416 1
52 92 1 0.24622 1
52 93 1 -2.64397 0
52 94 1 1.94562 1
52 95 1 0.438789 1
52 115 1 0.841569 1
52 139 1 1.0966 1
139 93 1 -0.88425 1
53 64 1 -2.16823 1
53 65 1 0.186559 1
53 66 1 -0.748775 1
53 67 1 -1.49218 1
53 68 1 1.39649 1
53 69 1 0.895162 1
53 70 1 0.701441 0
53 71 1 -0.187362 1
53 72 1 -1.5767 1
53 73 1 0.533458 1
53 74 1 -0.899728 1
53 75 1 -3.05152 1
53 76 1 -0.523913 1
53 77 1 1.31596 1
53 78 1 0.0321471 1
53 79 1 -0.453565 1
53 80 1 0.325509 1
53 81 1 0.726381 1
53 82 1 2.96198 1
53 83 1 0.803452 1
53 84 1 1.53427 1
53 85 1 1.57418 1
53 86 1 0.427594 1
53 87 1 -0.162801 1
53 88 1 0.10313 1
53 89 1 -0.106143 1
53 90 1 -3.35643 1
53 91 1 0.633728 1
53 92 1 3.05668 1
53 93 1 -1.21657 1
53 94 1 -0.416147 1
53 95 1 -2.19805 1
53 20 1 5.60997 1
53 23 1 0.86236 1
53 149 1 -0.260244 1
149 70 1 -2.361 0
149 153 1 0.180717 1
149 126 1 -0.37134 1
153 70 1 -0.431111 1
54 64 1 1.76988 1
54 65 1 0.901738 1
54 66 1 -1.14385 1
54 67 1 2.28411 1
54 68 1 2.35735 1
54 69 1 -4.8489 1
54 70 1 1.30297 1
54 71 1 5.1093 1
54 72 1 0.845762 1
54 73 1 1.51473 1
54 74 1 -0.127172 1
54 75 1 -1.89309 1
54 76 1 -1.15097 1
54 77 1 1.98292 1
54 78 1 0.501084 1
54 79 1 1.33652 1
54 80 1 0.900498 1
54 81 1 3.24379 1
54 82 1 -2.96721 1
54 83 1 6.08331 1
54 84 1 1.67766 1
54 85 1 -0.49101 1
54 86 1 -3.48109 1
54 87 1 1.07061 1
54 88 1 1.82856 1
54 89 1 4.26763 1
54 90 1 -2.13009 1
54 91 1 3.44345 1
54 92 1 -1.11246 1
54 93 1 2.08202 1
54 94 1 -3.63753 1
54 95 1 -2.66091 1
54 30 1 0.10218 1
54 144 1 0.0539763 1
55 64 1 -0.517855 1
55 65 1 -2.98069 1
55 66 1 -2.83763 1
55 67 1 0.0572688 1
55 68 1 -0.935437 1
55 69 1 1.63615 1
55 70 1 3.0748 1
55 71 1 -4.93269 1
55 72 1 1.70893 1
55 73 1 0.263664 1
55 74 1 2.61982 1
55 75 1 -3.48583 1
55 76 1 -4.028 1
55 77 1 1.68264 1
55 78 1 0.411432 1
55 79 1 3.5004 1
55 80 1 -1.19509 1
55 81 1 1.69689 1
55 82 1 -0.224649 1
55 83 1 0.983581 1
55 84 1 -0.832344 1
55 85 1 -4.76825 1
55 86 1 1.36261 1
55 87 1 -0.243891 1
55 88 1 -3.69897 1
55 89 1 -0.949365 1
55 90 1 0.491616 1
55 91 1 1.43736 1
55 92 1 7.1572 1
55 93 1 -4.25562 1
55 94 1 -3.21308 1
55 95 1 -1.10363 0
55 28 1 4.24977 1
55 114 1 -0.332907 1
55 0 1 -2.28669 1
55 2 1 0.265966 1
114 95 1 -0.496398 1
56 64 1 3.31071 1
56 65 1 -5.43685 1
56 66 1 0.80091 1
56 67 1 -1.28987 1
56 68 1 1.24027 0
56 69 1 -0.864198 1
56 70 1 -0.735235 1
56 71 1 2.37612 1
56 72 1 -0.328005 1
56 73 1 -0.521093 1
56 74 1 4.08241 1
56 75 1 4.44101 1
56 76 1 -3.92634 1
56 77 1 -2.20521 1
56 78 1 -1.16999 1
56 79 1 -0.774365 1
56 80 1 -0.984493 1
56 81 1 4.81902 1
56 82 1 1.79963 1
56 83 1 -2.13343 1
56 84 1 -1.50248 1
56 85 1 -0.858552 1
56 86 1 2.00403 1
56 87 1 -0.67352 1
56 88 1 -0.181447 1
56 89 1 0.499689 1
56 90 1 -0.734419 1
56 91 1 -1.14444 1
56 92 1 0.267332 1
56 93 1 3.01927 1
56 94 1 -2.40366 1
56 95 1 -1.24323 1
56 3 1 -1.68228 1
56 126 1 3.53288 1
126 68 1 2.89675 1
126 11 1 -2.66951 1
57 64 1 -4.24462 1
57 65 1 3.99215 1
57 66 1 -1.31179 1
57 67 1 -1.20632 1
57 68 1 2.23118 1
57 69 1 -0.837437 0
57 70 1 0.458998 1
57 71 1 2.46594 1
57 72 1 1.88626 1
57 73 1 -3.10971 1
57 74 1 2.59794 1
57 75 1 4.15589 1
57 76 1 2.95656 1
57 77 1 -5.53741 1
57 78 1 0.696499 1
57 79 1 -2.31933 1
57 80 1 0.949637 1
57 81 1 3.78715 1
57 82 1 3.92538 1
57 83 1 -2.36138 1
57 84 1 -0.167984 1
57 85 1 -2.54912 1
57 86 1 -0.88347 1
57 87 1 0.891417 1
57 88 1 0.337384 1
57 89 1 0.423975 1
57 90 1 0.50856 1
57 91 1 -2.69221 1
57 92 1 -1.88604 1
57 93 1 -1.96105 1
57 94 1 -1.59081 1
57 95 1 2.43302 1
57 104 1 4.15862 1
57 22 1 0.531795 1
104 69 1 2.32695 1
104 1 1 1.36497 1
104 107 1 1.097 1
58 64 1 5.46699 1
58 65 1 -1.55409 1
58 66 1 -0.635138 1
58 67 1 -0.498212 1
58 68 1 -3.14086 1
58 69 1 -0.0511088 1
58 70 1 -1.56078 1
58 71 1 2.91713 1
58 72 1 -0.186018 1
58 73 1 -1.37935 1
58 74 1 2.16536 1
58 75 1 2.96742 1
58 76 1 3.47765 1
58 77 1 1.26321 1
58 78 1 -2.19548 1
58 79 1 -0.60281 0
58 80 1 -4.26798 1
58 81 1 3.71371 1
58 82 1 1.0903 1
58 83 1 -0.384633 1
58 84 1 -2.50064 1
58 85 1 0.640069 1
58 86 1 2.01085 1
58 87 1 -2.20807 1
58 88 1 -3.02023 1
58 89 1 -2.40354 1
58 90 1 -1.44658 1
58 91 1 -2.35447 1
58 92 1 0.119974 1
58 93 1 1.60856 1
58 94 1 -2.01971 1
58 95 1 1.63724 1
58 128 1 1.94154 1
128 79 1 2.0735 0
128 131 1 1.08179 1
131 79 1 2.00057 0
131 160 1 0.564657 1
160 79 1 1.64612 1
59 64 1 -2.64596 1
59 65 1 2.52071 1
59 66 1 2.19806 1
59 67 1 -2.6807 1
59 68 1 1.40614 1
59 69 1 -2.20391 1
59 70 1 -1.36656 1
59 71 1 1.64516 1
59 72 1 0.477651 1
59 73 1 -0.956486 1
59 74 1 2.46642 1
59 75 1 -1.20475 1
59 76 1 2.76906 1
59 77 1 0.771235 0
59 78 1 2.01136 1
59 79 1 -3.48331 1
59 80 1 0.29852 1
59 81 1 2.31137 1
59 82 1 -4.71573 1
59 83 1 4.45657 1
59 84 1 -0.247842 1
59 85 1 -2.63112 1
59 86 1 -3.66289 1
59 87 1 1.56675 1
59 88 1 2.91689 1
59 89 1 -0.206662 1
59 90 1 0.258961 1
59 91 1 -2.12855 1
59 92 1 2.4763 1
59 93 1 2.558 1
59 94 1 -5.0666 1
59 95 1 0.631995 1
59 97 1 0.466101 1
59 5 1 -2.90115 1
59 11 1 -1.68579 1
59 13 1 1.34276 1
97 77 1 -7.39016 1
97 22 1 -1.32554 1
97 2 1 -6.78752 0
97 99 1 2.8264 1
97 7 1 4.91273 0
97 102 1 3.04235 1
97 17 1 2.4128 1
102 7 1 3.43122 1
99 2 1 0.751143 0
99 108 1 4.2102 1
99 15 1 2.03585 1
108 2 1 -1.23102 0
108 125 1 5.25124 1
125 2 1 1.97453 1
60 64 1 2.31892 1
60 65 1 0.308009 1
60 66 1 1.01271 1
60 67 1 -0.199557 1
60 68 1 1.52394 1
60 69 1 0.873911 1
60 70 1 -1.68561 1
60 71 1 -0.102778 1
60 72 1 -0.0421745 0
60 73 1 1.16592 1
60 74 1 1.5421 1
60 75 1 0.529694 1
60 76 1 -1.45956 1
60 77 1 4.62141 1
60 78 1 -3.69696 1
60 79 1 0.432228 1
60 80 1 -5.84319 1
60 81 1 -1.76859 1
60 82 1 -2.35874 1
60 83 1 1.47818 1
60 84 1 -3.57613 1
60 85 1 3.44679 1
60 86 1 2.34605 1
60 87 1 0.063908 1
60 88 1 -5.91855 1
60 89 1 -0.941728 1
60 90 1 -1.34871 1
60 91 1 0.660726 1
60 92 1 -0.170503 1
60 93 1 1.83001 1
60 94 1 -1.92811 1
60 95 1 0.579393 1
60 24 1 -1.65151 1
60 0 1 4.04576 1
60 115 1 3.06127 1
60 3 1 -0.253354 1
115 72 1 -1.01604 1
115 18 1 1.66371 1
115 14 1 0.260243 1
61 64 1 -0.451688 1
61 65 1 0.866939 1
61 66 1 1.88797 1
61 67 1 1.21482 1
61 68 1 -2.74598 1
61 69 1 3.05394 1
61 70 1 2.23866 1
61 71 1 0.18782 1
61 72 1 -0.880532 1
61 73 1 1.21774 1
61 74 1 3.76893 1
61 75 1 4.95863 1
61 76 1 2.05729 1
61 77 1 -1.56198 0
61 78 1 -1.94105 1
61 79 1 -0.167744 1
61 80 1 -2.52553 1
61 81 1 -0.385397 1
61 82 1 -0.834692 1
61 83 1 -0.227829 1
61 84 1 -2.82763 1
61 85 1 -1.76434 1
61 86 1 -0.581281 1
61 87 1 2.80136 1
61 88 1 -0.640859 1
61 89 1 0.598929 1
61 90 1 -1.86495 1
61 91 1 0.740512 1
61 92 1 -0.51073 1
61 93 1 -0.0213391 1
61 94 1 0.800826 1
61 95 1 -1.81267 1
61 107 1 0.156469 1
61 113 1 -2.49037 1
61 14 1 -2.38165 1
107 77 1 -6.49463 0
107 113 1 -0.378411 1
107 14 1 -2.03567 1
107 20 1 0.690115 1
113 77 1 -2.15026 0
113 23 1 -1.30637 1
113 147 1 1.07464 1
113 159 1 1.06019 1
159 77 1 -2.1879 0
159 161 1 0.865689 1
161 77 1 -2.03255 1
62 64 1 -0.600757 1
62 65 1 -1.92411 1
62 66 1 2.75657 1
62 67 1 -0.84254 1
62 68 1 1.67556 1
62 69 1 -2.0541 1
62 70 1 0.60219 1
62 71 1 -2.92089 1
62 72 1 3.67917 1
62 73 1 1.60735 1
62 74 1 2.50184 1
62 75 1 -1.29955 1
62 76 1 2.36101 1
62 77 1 -3.69834 1
62 78 1 -2.60388 1
62 79 1 -2.93237 1
62 80 1 -0.811284 1
62 81 1 0.735606 1
62 82 1 -1.59923 1
62 83 1 2.21549 1
62 84 1 -2.19252 0
62 85 1 1.29876 1
62 86 1 3.6661 1
62 87 1 -1.0497 1
62 88 1 0.299991 1
62 89 1 -3.06077 1
62 90 1 -6.36195 1
62 91 1 0.559183 1
62 92 1 -0.559807 1
62 93 1 -1.3708 1
62 94 1 1.61458 1
62 95 1 -0.510031 1
62 5 1 1.18758 1
62 138 1 2.1814 0
62 152 1 0.881313 1
152 138 1 2.20396 1
138 84 1 -1.18811 1
63 64 1 1.87026 1
63 65 1 -0.685096 1
63 66 1 5.71018 1
63 67 1 -0.804595 1
63 68 1 -0.748661 1
63 69 1 -5.46555 1
63 70 1 -1.62048 1
63 71 1 1.35632 1
63 72 1 -1.12136 1
63 73 1 2.72719 1
63 74 1 -6.77187 1
63 75 1 0.770999 1
63 76 1 -1.59394 0
63 77 1 0.369099 1
63 78 1 0.817404 1
63 79 1 -0.455355 1
63 80 1 1.28299 1
63 81 1 -1.69309 1
63 82 1 1.56296 1
63 83 1 -4.18561 1
63 84 1 -1.78677 1
63 85 1 -3.53337 1
63 86 1 4.06116 1
63 87 1 -2.67838 0
63 88 1 -1.00181 1
63 89 1 -2.49725 1
63 90 1 2.09458 1
63 91 1 -2.0279 1
63 92 1 0.475486 1
63 93 1 1.41943 1
63 94 1 -0.643212 1
63 95 1 -1.57366 1
63 141 1 3.24986 1
63 144 1 0.694517 1
144 76 1 -2.59775 0
144 147 1 3.74857 1
147 76 1 -2.66529 1
147 9 1 0.757689 1
141 87 1 -7.37404 1
141 10 1 0.0236086 1
