108 64 32
-1.05462 -1.00001 -2.19703 1.37016 -2.01513 1.88357 -1.18527 -0.971818 -0.443159 1.81618 2.02604 -0.355783 -2.2997 -1.8852 -0.86522 -2.85185 -1.3517 -0.633357 -1.24112 -0.17682 -1.608 -1.18134 -0.466004 0.170367 1.43055 0.257218 1.09163 0.393689 -1.75436 0.193806 -2.7512 -0.517845 0.134441 2.30161 -0.73178 0.473682 -0.0373563 -0.238417 0.144142 -2.01319 -0.723699 -0.858443 -0.903274 -1.05459 -1.95127 -0.242129 -0.458827 1.11257 0.643203 -0.386479 1.96006 -2.71692 -0.681854 0.132396 2.09808 0.648636 -0.0200299 1.35248 0.089059 -0.705579 0.141278 -0.265828 0.309605 -1.25497 -1.15914 1.8906 1.61605 0.303066 -2.71042 -1.42702 -2.17881 -1.95592 -0.0215247 -0.610604 -0.102274 0.489665 -1.2986 0.630481 -0.958552 -2.34527 1.00839 0.120818 0.974793 -0.101566 0.457144 0.350932 -0.642981 1.02152 0.888314 -1.65785 -1.28687 0.114298 -0.803939 1.06908 -1.37189 -0.731449 -0.523851 0.555564 -0.82517 0.879904 1.38102 0.534955 -0.696271 -1.51489 -0.0477083 0.295169 0.0805408 -0.0587752 
0 64 1 -2.31549 1
0 65 1 -1.86618 1
0 66 1 0.353138 1
0 67 1 -1.23032 1
0 68 1 2.36072 1
0 69 1 0.391579 1
0 70 1 -0.981883 1
0 71 1 -0.999288 1
0 72 1 -2.58285 1
0 73 1 1.5029 1
0 74 1 -0.575111 1
0 75 1 0.5473 1
0 76 1 -0.912315 1
0 77 1 1.52559 1
0 78 1 0.383394 1
0 79 1 2.30416 1
0 80 1 -0.126679 1
0 81 1 0.376773 1
0 82 1 0.0489183 1
0 83 1 -0.862913 1
0 84 1 -1.14455 1
0 85 1 0.528721 1
0 86 1 -1.44548 1
0 87 1 -0.365847 1
0 88 1 0.684027 1
0 89 1 1.39586 1
0 90 1 0.199492 1
0 91 1 1.11075 1
0 92 1 -1.46146 1
0 93 1 0.893146 1
0 94 1 1.55053 1
0 95 1 1.51961 1
1 64 1 -0.137797 1
1 65 1 -0.0307252 1
1 66 1 -0.0242162 1
1 67 1 -0.263243 1
1 68 1 1.39321 1
1 69 1 1.79137 1
1 70 1 1.54409 1
1 71 1 -1.01021 1
1 72 1 0.258623 1
1 73 1 -0.319171 1
1 74 1 -0.301414 1
1 75 1 -1.25993 1
1 76 1 0.27556 1
1 77 1 3.40744 1
1 78 1 -1.01367 1
1 79 1 -0.799825 1
1 80 1 -1.79519 1
1 81 1 -0.571875 1
1 82 1 1.01665 1
1 83 1 -2.21624 1
1 84 1 0.102553 1
1 85 1 0.11588 1
1 86 1 0.384427 1
1 87 1 -0.264138 1
1 88 1 -1.59581 1
1 89 1 1.15538 1
1 90 1 1.21974 1
1 91 1 0.646385 1
1 92 1 -0.97891 1
1 93 1 1.60181 1
1 94 1 -1.27177 1
1 95 1 -0.790502 1
2 64 1 0.704449 1
2 65 1 0.771049 1
2 66 1 -0.855539 1
2 67 1 0.091608 1
2 68 1 -1.14427 1
2 69 1 0.977783 1
2 70 1 0.769992 1
2 71 1 0.591526 1
2 72 1 -0.376623 1
2 73 1 -1.16026 1
2 74 1 -0.208321 1
2 75 1 -1.2026 1
2 76 1 -2.82115 1
2 77 1 -0.344553 1
2 78 1 -1.26135 1
2 79 1 -1.64661 1
2 80 1 0.547969 1
2 81 1 -2.79743 1
2 82 1 0.384751 1
2 83 1 -0.631881 1
2 84 1 1.28806 1
2 85 1 1.3937 1
2 86 1 -1.893 1
2 87 1 -0.372113 1
2 88 1 -1.23331 1
2 89 1 -3.64153 1
2 90 1 -1.42157 1
2 91 1 -1.12782 1
2 92 1 0.961577 1
2 93 1 0.305522 1
2 94 1 1.37476 1
2 95 1 -0.0558044 1
3 64 1 -1.08614 1
3 65 1 -0.84454 1
3 66 1 -1.53967 1
3 67 1 -0.150754 1
3 68 1 1.64865 1
3 69 1 -0.983329 1
3 70 1 1.15716 1
3 71 1 1.28551 1
3 72 1 3.48067 1
3 73 1 0.836742 1
3 74 1 0.385371 1
3 75 1 1.14274 1
3 76 1 3.32806 1
3 77 1 -1.25725 1
3 78 1 -0.858458 1
3 79 1 -1.0439 1
3 80 1 0.558515 1
3 81 1 3.00017 1
3 82 1 2.93396 1
3 83 1 -0.568268 1
3 84 1 -0.812419 1
3 85 1 -0.484613 1
3 86 1 1.50577 1
3 87 1 -0.181492 1
3 88 1 1.8271 1
3 89 1 -0.240225 1
3 90 1 -0.788868 1
3 91 1 -0.945075 1
3 92 1 -1.17986 1
3 93 1 -1.00689 1
3 94 1 -0.28051 1
3 95 1 0.575266 1
4 64 1 0.203453 1
4 65 1 -0.124824 1
4 66 1 -1.00466 1
4 67 1 0.941863 1
4 68 1 1.13439 1
4 69 1 -0.314218 1
4 70 1 0.16892 1
4 71 1 0.280308 1
4 72 1 0.145112 1
4 73 1 -0.0880608 1
4 74 1 0.766026 1
4 75 1 -1.22959 0
4 76 1 0.720439 1
4 77 1 2.05543 1
4 78 1 0.365951 1
4 79 1 -0.791934 1
4 80 1 -2.33583 1
4 81 1 -1.51555 1
4 82 1 -0.85962 1
4 83 1 1.16733 1
4 84 1 1.13203 1
4 85 1 2.66709 1
4 86 1 -1.90378 1
4 87 1 -2.53023 1
4 88 1 1.22396 1
4 89 1 -0.856095 1
4 90 1 0.847191 1
4 91 1 -1.64909 1
4 92 1 -1.25241 1
4 93 1 0.978196 1
4 94 1 0.103169 1
4 95 1 0.38047 1
4 101 1 0.94704 1
101 75 1 -0.862266 1
5 64 1 0.269229 1
5 65 1 0.0650701 1
5 66 1 -0.797984 1
5 67 1 1.89222 1
5 68 1 0.419675 1
5 69 1 1.2212 1
5 70 1 -1.34226 1
5 71 1 -0.716732 1
5 72 1 0.070605 1
5 73 1 -1.8279 1
5 74 1 0.998756 1
5 75 1 0.606994 1
5 76 1 1.28574 1
5 77 1 0.396665 1
5 78 1 -1.84882 1
5 79 1 2.41507 1
5 80 1 2.43623 1
5 81 1 -0.740373 1
5 82 1 2.11569 1
5 83 1 1.93993 1
5 84 1 1.51003 1
5 85 1 0.711946 1
5 86 1 -1.23816 1
5 87 1 -0.583879 1
5 88 1 -0.801294 1
5 89 1 0.16231 1
5 90 1 -0.954228 1
5 91 1 -0.340687 1
5 92 1 -1.26689 1
5 93 1 -0.319268 1
5 94 1 -0.978878 1
5 95 1 -0.974274 1
6 64 1 0.43787 1
6 65 1 -1.7913 1
6 66 1 2.01408 1
6 67 1 0.187332 1
6 68 1 -2.61158 1
6 69 1 -0.796874 1
6 70 1 -1.69639 1
6 71 1 -0.230547 1
6 72 1 0.161788 1
6 73 1 -0.0345995 1
6 74 1 -0.920833 1
6 75 1 -0.484071 1
6 76 1 3.27242 1
6 77 1 -0.393114 1
6 78 1 -0.161749 1
6 79 1 -2.10544 1
6 80 1 1.06485 1
6 81 1 0.978524 1
6 82 1 -0.374542 1
6 83 1 -0.12194 1
6 84 1 1.24538 1
6 85 1 0.423696 1
6 86 1 -0.371723 1
6 87 1 1.08424 1
6 88 1 0.232513 1
6 89 1 -1.9594 1
6 90 1 1.03769 1
6 91 1 -0.577941 1
6 92 1 1.39553 1
6 93 1 1.16108 1
6 94 1 -0.987916 1
6 95 1 1.57989 1
7 64 1 -0.0266885 1
7 65 1 -1.04388 1
7 66 1 -0.971282 1
7 67 1 -0.999678 1
7 68 1 -1.59935 1
7 69 1 -1.8953 1
7 70 1 1.87019 1
7 71 1 -0.226043 1
7 72 1 2.13758 1
7 73 1 0.71998 1
7 74 1 0.0641746 1
7 75 1 -1.44874 1
7 76 1 1.8051 1
7 77 1 0.781508 1
7 78 1 0.17444 1
7 79 1 0.146967 1
7 80 1 -0.692622 1
7 81 1 -2.01398 1
7 82 1 -2.06048 1
7 83 1 -0.408618 0
7 84 1 -0.852337 1
7 85 1 0.21392 1
7 86 1 2.18872 1
7 87 1 -0.310268 1
7 88 1 -0.900113 1
7 89 1 -0.200525 1
7 90 1 0.368352 1
7 91 1 -1.34572 1
7 92 1 -0.678257 1
7 93 1 -0.15707 1
7 94 1 0.712152 1
7 95 1 1.76985 1
7 100 1 -0.135541 1
100 83 1 -1.07894 1
100 24 1 -0.683572 0
100 106 1 1.5734 1
106 24 1 -0.852552 1
8 64 1 3.17457 1
8 65 1 -1.78491 1
8 66 1 -0.54052 1
8 67 1 0.250564 1
8 68 1 -1.34489 1
8 69 1 0.798948 1
8 70 1 -0.191643 1
8 71 1 0.451346 1
8 72 1 0.295846 1
8 73 1 2.28562 1
8 74 1 0.117485 1
8 75 1 -2.69359 1
8 76 1 -1.21712 1
8 77 1 0.871569 1
8 78 1 -0.122707 1
8 79 1 -0.222375 1
8 80 1 -0.871852 1
8 81 1 0.120671 1
8 82 1 -0.598749 1
8 83 1 -1.68399 1
8 84 1 0.855301 1
8 85 1 2.33514 1
8 86 1 4.68061 1
8 87 1 -0.0270178 1
8 88 1 -0.407557 1
8 89 1 3.39951 1
8 90 1 -0.467612 1
8 91 1 -1.10119 1
8 92 1 2.22829 1
8 93 1 2.15959 1
8 94 1 1.43269 1
8 95 1 -0.995853 1
9 64 1 1.14377 1
9 65 1 -0.865833 1
9 66 1 -0.0122024 1
9 67 1 0.928489 1
9 68 1 -0.403747 1
9 69 1 -1.05954 1
9 70 1 -2.28929 1
9 71 1 -1.25773 1
9 72 1 0.340161 1
9 73 1 -0.970839 1
9 74 1 1.24266 1
9 75 1 -1.60386 1
9 76 1 1.42413 1
9 77 1 -0.288433 1
9 78 1 0.328066 1
9 79 1 0.394787 1
9 80 1 0.0205433 1
9 81 1 -0.0857481 1
9 82 1 -1.10884 1
9 83 1 -1.16147 1
9 84 1 2.31853 1
9 85 1 2.39494 1
9 86 1 -2.62588 1
9 87 1 0.706076 1
9 88 1 -1.60689 1
9 89 1 2.37701 1
9 90 1 0.205953 1
9 91 1 -0.70297 1
9 92 1 -1.03012 1
9 93 1 0.383604 1
9 94 1 -2.51202 1
9 95 1 -0.581162 1
10 64 1 -0.146122 1
10 65 1 0.459302 1
10 66 1 1.3555 1
10 67 1 0.342721 1
10 68 1 1.81666 1
10 69 1 0.407273 1
10 70 1 0.438927 1
10 71 1 -0.975091 1
10 72 1 0.0546268 1
10 73 1 1.5013 1
10 74 1 -0.408958 1
10 75 1 0.0745542 1
10 76 1 -0.735616 1
10 77 1 1.85411 1
10 78 1 -2.76806 1
10 79 1 -0.755602 1
10 80 1 0.769545 1
10 81 1 0.522475 1
10 82 1 0.674608 1
10 83 1 0.846874 1
10 84 1 0.62017 1
10 85 1 1.16742 1
10 86 1 0.406923 1
10 87 1 0.971403 1
10 88 1 1.13754 1
10 89 1 -0.124489 1
10 90 1 -0.491014 1
10 91 1 1.29652 1
10 92 1 3.24971 1
10 93 1 0.0210342 1
10 94 1 3.04668 1
10 95 1 1.17131 1
11 64 1 1.45093 1
11 65 1 1.02995 1
11 66 1 -0.0872122 1
11 67 1 -2.83878 1
11 68 1 1.56931 1
11 69 1 -0.57598 1
11 70 1 0.332674 1
11 71 1 -0.414104 1
11 72 1 0.761752 1
11 73 1 -0.627902 1
11 74 1 -1.34039 1
11 75 1 0.449168 1
11 76 1 -0.866356 1
11 77 1 1.76333 1
11 78 1 -1.17399 1
11 79 1 -1.30506 1
11 80 1 1.69363 1
11 81 1 0.224476 1
11 82 1 1.06934 1
11 83 1 0.701293 1
11 84 1 2.82122 1
11 85 1 -1.52489 1
11 86 1 -1.34742 1
11 87 1 -0.92369 1
11 88 1 -1.27179 1
11 89 1 -1.20788 1
11 90 1 -0.511915 1
11 91 1 -0.478805 1
11 92 1 -0.848952 1
11 93 1 1.35975 1
11 94 1 0.746393 1
11 95 1 -0.520925 1
12 64 1 -1.81366 1
12 65 1 2.05382 1
12 66 1 -0.373931 1
12 67 1 -0.458654 1
12 68 1 0.942172 1
12 69 1 0.423622 1
12 70 1 0.0560101 1
12 71 1 0.121952 1
12 72 1 -0.279908 1
12 73 1 1.09789 1
12 74 1 0.777353 1
12 75 1 -0.900826 1
12 76 1 1.1032 1
12 77 1 0.911934 1
12 78 1 -0.884298 1
12 79 1 -1.75618 1
12 80 1 -0.830284 1
12 81 1 -0.479365 1
12 82 1 -0.883608 1
12 83 1 0.86553 1
12 84 1 -1.22311 1
12 85 1 -1.16812 1
12 86 1 0.786407 1
12 87 1 1.17688 1
12 88 1 0.708492 1
12 89 1 0.0829924 1
12 90 1 0.688263 1
12 91 1 -0.858924 1
12 92 1 0.832754 1
12 93 1 -1.9841 1
12 94 1 -1.72643 1
12 95 1 1.01406 1
13 64 1 -1.33765 1
13 65 1 -1.22007 1
13 66 1 0.0583476 1
13 67 1 -0.409833 1
13 68 1 2.005 1
13 69 1 -0.826851 1
13 70 1 0.673083 1
13 71 1 2.90776 1
13 72 1 -0.934892 1
13 73 1 -2.58367 1
13 74 1 0.36288 1
13 75 1 1.16567 1
13 76 1 0.455532 1
13 77 1 -0.315483 1
13 78 1 -1.1507 1
13 79 1 -1.0516 1
13 80 1 -0.920181 1
13 81 1 -1.38556 1
13 82 1 0.233115 1
13 83 1 -1.43294 1
13 84 1 -1.32687 1
13 85 1 -1.18041 1
13 86 1 2.54208 1
13 87 1 2.34894 1
13 88 1 0.878841 1
13 89 1 0.379132 1
13 90 1 -3.35291 1
13 91 1 -0.747474 1
13 92 1 -1.52008 1
13 93 1 -0.820631 1
13 94 1 0.500529 1
13 95 1 -1.07443 1
14 64 1 -2.72589 1
14 65 1 0.251087 1
14 66 1 -1.32195 1
14 67 1 -1.21697 1
14 68 1 -0.986999 1
14 69 1 2.2938 1
14 70 1 -0.516325 1
14 71 1 2.16948 1
14 72 1 -0.346053 1
14 73 1 -1.2831 1
14 74 1 2.00597 1
14 75 1 0.765534 1
14 76 1 -0.188891 1
14 77 1 0.402121 1
14 78 1 -1.83809 1
14 79 1 0.93673 1
14 80 1 2.00499 1
14 81 1 0.801732 1
14 82 1 1.99469 1
14 83 1 -2.56439 1
14 84 1 0.743082 1
14 85 1 -0.890728 1
14 86 1 1.78085 1
14 87 1 -0.2626 1
14 88 1 -1.49823 1
14 89 1 -2.00129 1
14 90 1 1.87081 1
14 91 1 2.7639 1
14 92 1 1.04466 1
14 93 1 1.30488 1
14 94 1 3.85001 1
14 95 1 -0.184552 1
15 64 1 -0.399593 1
15 65 1 0.0694864 1
15 66 1 -1.12639 1
15 67 1 0.166384 1
15 68 1 0.959415 1
15 69 1 1.52189 1
15 70 1 2.02652 1
15 71 1 -0.229822 1
15 72 1 -3.07211 1
15 73 1 1.47521 1
15 74 1 -0.646395 1
15 75 1 -2.41095 1
15 76 1 -0.0733767 1
15 77 1 1.31406 1
15 78 1 -1.15029 1
15 79 1 -0.477742 1
15 80 1 1.07875 1
15 81 1 0.977421 1
15 82 1 -1.09795 1
15 83 1 0.48045 1
15 84 1 0.631729 1
15 85 1 -0.00398478 1
15 86 1 0.955616 1
15 87 1 -0.680753 1
15 88 1 1.35951 1
15 89 1 0.745216 1
15 90 1 0.057207 1
15 91 1 -1.07009 1
15 92 1 -0.904753 1
15 93 1 -0.0120654 1
15 94 1 2.13547 1
15 95 1 0.667398 1
16 64 1 0.134546 1
16 65 1 -2.5431 1
16 66 1 -3.03277 1
16 67 1 -1.59081 1
16 68 1 2.46679 1
16 69 1 0.835452 1
16 70 1 1.73256 1
16 71 1 0.984577 1
16 72 1 -0.94993 1
16 73 1 -0.963263 1
16 74 1 0.788971 1
16 75 1 -0.765799 1
16 76 1 -2.12349 1
16 77 1 1.26556 1
16 78 1 -0.279039 1
16 79 1 -1.08291 1
16 80 1 -2.80002 1
16 81 1 1.82756 1
16 82 1 -1.28779 1
16 83 1 0.830484 1
16 84 1 0.47036 1
16 85 1 0.808627 1
16 86 1 -1.56213 1
16 87 1 -0.455036 1
16 88 1 2.22354 1
16 89 1 0.81334 1
16 90 1 -1.03516 1
16 91 1 0.619192 1
16 92 1 0.579383 1
16 93 1 -0.280406 1
16 94 1 1.10467 1
16 95 1 -1.52739 1
17 64 1 -2.53215 1
17 65 1 -0.494754 1
17 66 1 -0.426097 1
17 67 1 -0.244006 1
17 68 1 -1.03704 1
17 69 1 1.18708 1
17 70 1 2.56405 1
17 71 1 1.857 1
17 72 1 -3.1352 1
17 73 1 1.10341 1
17 74 1 1.30841 1
17 75 1 0.478275 1
17 76 1 -2.4544 1
17 77 1 0.225049 1
17 78 1 1.50357 1
17 79 1 -3.08729 1
17 80 1 1.07759 1
17 81 1 1.88569 1
17 82 1 -1.82041 1
17 83 1 -0.896588 1
17 84 1 -1.79324 1
17 85 1 -0.0538765 1
17 86 1 2.3783 1
17 87 1 0.821916 1
17 88 1 -0.499261 1
17 89 1 -1.11814 1
17 90 1 -2.33892 1
17 91 1 1.07836 1
17 92 1 -0.120126 1
17 93 1 0.308081 1
17 94 1 0.61476 1
17 95 1 -0.889823 1
18 64 1 -0.0706109 1
18 65 1 0.245377 1
18 66 1 0.526594 1
18 67 1 -0.919772 1
18 68 1 -0.188503 1
18 69 1 -0.398773 1
18 70 1 -0.564041 1
18 71 1 0.43025 1
18 72 1 1.54616 1
18 73 1 -0.655448 1
18 74 1 1.66428 1
18 75 1 0.142596 1
18 76 1 0.891845 1
18 77 1 1.59914 1
18 78 1 0.493505 1
18 79 1 -1.33973 1
18 80 1 0.786611 1
18 81 1 1.57686 1
18 82 1 -1.3595 1
18 83 1 -0.703898 1
18 84 1 0.230507 1
18 85 1 -1.81627 1
18 86 1 0.1996 1
18 87 1 -0.4587 1
18 88 1 2.08097 1
18 89 1 1.42164 1
18 90 1 -0.395095 1
18 91 1 -0.0101925 1
18 92 1 -0.323241 1
18 93 1 0.622936 1
18 94 1 0.0160665 1
18 95 1 0.19681 1
18 25 1 -1.04572 1
19 64 1 -0.848215 1
19 65 1 0.387695 1
19 66 1 1.55524 1
19 67 1 -1.5468 1
19 68 1 -1.43474 1
19 69 1 1.6172 1
19 70 1 -1.17389 1
19 71 1 0.0801089 1
19 72 1 1.75601 1
19 73 1 1.30336 1
19 74 1 0.541945 1
19 75 1 -1.54304 1
19 76 1 -0.820358 1
19 77 1 -0.59131 1
19 78 1 -1.05851 1
19 79 1 1.35658 1
19 80 1 -0.866446 1
19 81 1 -1.71867 1
19 82 1 0.454089 1
19 83 1 -2.17017 1
19 84 1 1.70291 1
19 85 1 -1.03629 1
19 86 1 0.0367257 1
19 87 1 1.56308 1
19 88 1 0.847926 1
19 89 1 3.1789 1
19 90 1 -1.21112 1
19 91 1 0.265152 1
19 92 1 0.863952 1
19 93 1 -2.37696 1
19 94 1 -1.81216 1
19 95 1 -2.0959 1
20 64 1 1.43933 1
20 65 1 -0.216385 1
20 66 1 1.07994 1
20 67 1 -0.370316 1
20 68 1 -0.362754 1
20 69 1 -0.994064 1
20 70 1 -1.55537 1
20 71 1 -1.22854 1
20 72 1 0.211753 1
20 73 1 0.376223 1
20 74 1 1.09193 1
20 75 1 1.11684 1
20 76 1 0.432176 1
20 77 1 -0.181876 1
20 78 1 1.38935 1
20 79 1 0.87739 1
20 80 1 -0.455948 1
20 81 1 0.619777 1
20 82 1 2.17121 1
20 83 1 1.6995 1
20 84 1 0.696326 1
20 85 1 -0.798813 1
20 86 1 0.359629 1
20 87 1 0.10519 1
20 88 1 0.476616 1
20 89 1 0.681306 1
20 90 1 0.633863 1
20 91 1 -1.07588 0
20 92 1 -1.98249 1
20 93 1 2.40912 0
20 94 1 0.718092 0
20 95 1 0.534094 1
20 96 1 -0.746205 1
20 98 1 1.26941 1
20 103 1 2.06664 1
103 91 1 -1.68668 0
103 105 1 1.03885 1
105 91 1 -0.185622 1
98 93 1 -0.186557 1
98 99 1 0.119875 1
96 94 1 -0.0858112 1
21 64 1 -1.17792 1
21 65 1 0.273591 1
21 66 1 -1.09788 1
21 67 1 -1.82448 1
21 68 1 -0.30793 1
21 69 1 1.96341 1
21 70 1 -1.25438 1
21 71 1 -2.27234 1
21 72 1 -0.371395 1
21 73 1 0.207466 1
21 74 1 -1.14624 1
21 75 1 -1.63578 1
21 76 1 0.0306361 1
21 77 1 2.35966 1
21 78 1 -0.353851 1
21 79 1 -1.56478 1
21 80 1 -0.0124589 1
21 81 1 0.155645 1
21 82 1 -0.447117 1
21 83 1 -0.120417 1
21 84 1 2.76384 1
21 85 1 0.363173 1
21 86 1 1.76102 1
21 87 1 -0.0735351 1
21 88 1 2.24116 1
21 89 1 2.4309 1
21 90 1 1.5669 1
21 91 1 0.0447986 1
21 92 1 0.573914 1
21 93 1 -0.35377 1
21 94 1 -0.130807 1
21 95 1 0.676325 1
22 64 1 0.748103 1
22 65 1 1.26066 1
22 66 1 1.39275 1
22 67 1 0.929373 1
22 68 1 -1.38509 1
22 69 1 0.00861814 1
22 70 1 -0.446536 1
22 71 1 0.866948 1
22 72 1 -1.40111 1
22 73 1 -1.06055 1
22 74 1 -0.13099 1
22 75 1 1.3044 1
22 76 1 1.30923 1
22 77 1 0.146903 1
22 78 1 1.96825 1
22 79 1 2.14754 1
22 80 1 -1.29358 1
22 81 1 -2.39709 1
22 82 1 0.921286 1
22 83 1 -0.385294 1
22 84 1 -1.49486 1
22 85 1 -0.631018 1
22 86 1 0.0591384 1
22 87 1 2.59416 1
22 88 1 0.0132412 1
22 89 1 0.809528 1
22 90 1 1.75843 1
22 91 1 -0.255693 1
22 92 1 1.99874 1
22 93 1 0.864052 1
22 94 1 0.153687 1
22 95 1 2.64475 1
23 64 1 -0.747369 1
23 65 1 -0.217502 1
23 66 1 1.09408 1
23 67 1 -0.535261 1
23 68 1 -1.67447 1
23 69 1 0.425302 1
23 70 1 1.27069 1
23 71 1 -2.62686 1
23 72 1 0.145404 1
23 73 1 -0.233598 1
23 74 1 0.823455 1
23 75 1 0.00233366 1
23 76 1 0.947047 1
23 77 1 2.2833 1
23 78 1 1.28811 1
23 79 1 -3.14371 1
23 80 1 0.267884 1
23 81 1 -0.560247 1
23 82 1 -2.41816 1
23 83 1 0.624342 1
23 84 1 1.79159 1
23 85 1 0.026053 1
23 86 1 -4.48821 1
23 87 1 1.16106 1
23 88 1 0.974818 1
23 89 1 0.139634 1
23 90 1 -0.354906 1
23 91 1 -0.636381 1
23 92 1 0.168924 1
23 93 1 0.465013 1
23 94 1 0.938349 1
23 95 1 -0.594017 1
24 64 1 -1.18054 1
24 65 1 0.146949 1
24 66 1 -1.93737 1
24 67 1 2.33606 1
24 68 1 -2.70554 1
24 69 1 1.00598 1
24 70 1 -2.27436 1
24 71 1 2.77522 1
24 72 1 -0.854135 1
24 73 1 0.0592163 1
24 74 1 0.708996 1
24 75 1 0.830956 1
24 76 1 2.25705 1
24 77 1 -1.58882 1
24 78 1 -1.75909 1
24 79 1 -0.438248 1
24 80 1 -0.451551 1
24 81 1 -0.635682 1
24 82 1 2.81959 1
24 83 1 -2.64849 1
24 84 1 -1.51601 1
24 85 1 0.217029 1
24 86 1 -1.64232 1
24 87 1 1.67991 1
24 88 1 -1.36776 1
24 89 1 0.296844 1
24 90 1 2.00589 1
24 91 1 0.724904 1
24 92 1 0.894474 1
24 93 1 0.422853 1
24 94 1 0.911621 1
24 95 1 1.14663 1
24 5 1 3.02555 1
25 64 1 -1.68776 1
25 65 1 0.862392 1
25 66 1 -0.26318 1
25 67 1 -0.0365658 1
25 68 1 2.36662 1
25 69 1 -2.5045 1
25 70 1 2.06282 1
25 71 1 -1.53028 1
25 72 1 -0.462471 1
25 73 1 -1.55339 1
25 74 1 -0.0229026 1
25 75 1 -0.616476 1
25 76 1 2.56303 1
25 77 1 2.08937 1
25 78 1 0.243 1
25 79 1 -2.86861 1
25 80 1 1.54138 1
25 81 1 0.424042 1
25 82 1 -1.11375 1
25 83 1 0.907179 1
25 84 1 -1.37964 1
25 85 1 -2.63962 1
25 86 1 1.34547 1
25 87 1 0.991071 1
25 88 1 1.51362 1
25 89 1 0.875829 1
25 90 1 -0.595925 1
25 91 1 -1.62123 1
25 92 1 -0.591019 1
25 93 1 -0.694395 1
25 94 1 -0.913242 1
25 95 1 -0.576363 1
25 8 1 1.18136 1
25 6 1 0.69085 1
26 64 1 -0.0666999 1
26 65 1 1.08063 1
26 66 1 0.38126 1
26 67 1 0.540965 1
26 68 1 1.59886 1
26 69 1 2.93837 1
26 70 1 -0.45056 1
26 71 1 0.467677 1
26 72 1 -1.0619 1
26 73 1 0.395776 1
26 74 1 -0.114645 1
26 75 1 1.36224 1
26 76 1 -0.595758 1
26 77 1 -2.23522 1
26 78 1 -0.818144 1
26 79 1 -2.0032 1
26 80 1 -1.25876 1
26 81 1 3.07311 1
26 82 1 -0.481652 1
26 83 1 1.75976 1
26 84 1 -0.42131 1
26 85 1 -0.551099 1
26 86 1 -2.28718 1
26 87 1 2.06505 1
26 88 1 -0.444652 1
26 89 1 -0.51684 1
26 90 1 -1.39148 1
26 91 1 -1.60033 1
26 92 1 -0.797427 1
26 93 1 -1.75401 1
26 94 1 1.03361 1
26 95 1 0.0315013 1
26 23 1 0.969861 1
27 64 1 -3.00394 1
27 65 1 1.52071 1
27 66 1 -0.745899 1
27 67 1 0.0619525 1
27 68 1 -1.97631 1
27 69 1 -0.0759543 1
27 70 1 1.16287 1
27 71 1 -2.41913 1
27 72 1 -2.60437 1
27 73 1 0.910473 1
27 74 1 0.556573 1
27 75 1 1.72247 1
27 76 1 -0.862635 1
27 77 1 -1.67009 1
27 78 1 3.35596 1
27 79 1 0.476855 1
27 80 1 -0.24234 1
27 81 1 0.758177 1
27 82 1 0.438314 1
27 83 1 -0.448057 1
27 84 1 1.15792 1
27 85 1 -0.774767 1
27 86 1 -0.0797147 1
27 87 1 0.790924 1
27 88 1 -3.01058 1
27 89 1 -0.261775 1
27 90 1 0.470555 1
27 91 1 0.16105 1
27 92 1 -2.81316 1
27 93 1 -1.48113 1
27 94 1 2.73197 1
27 95 1 1.17739 1
27 9 1 1.50528 1
28 64 1 0.349436 1
28 65 1 0.243994 1
28 66 1 0.337823 1
28 67 1 1.33376 1
28 68 1 0.165017 1
28 69 1 2.28392 1
28 70 1 -0.992515 1
28 71 1 -1.03716 1
28 72 1 -0.735491 1
28 73 1 0.483725 1
28 74 1 -0.317097 1
28 75 1 -0.36652 1
28 76 1 -0.724188 1
28 77 1 -1.16147 1
28 78 1 1.22866 1
28 79 1 0.776638 1
28 80 1 3.45405 1
28 81 1 -1.47964 1
28 82 1 1.47501 1
28 83 1 -0.560034 1
28 84 1 0.764967 1
28 85 1 -2.51026 1
28 86 1 -1.20218 1
28 87 1 -0.286201 1
28 88 1 -3.46203 1
28 89 1 -0.647196 1
28 90 1 -0.576684 1
28 91 1 -1.2532 1
28 92 1 1.59582 1
28 93 1 -1.38354 1
28 94 1 -1.33395 1
28 95 1 -0.362656 1
28 31 1 -0.506085 1
29 64 1 0.244722 1
29 65 1 -0.59731 1
29 66 1 0.567244 1
29 67 1 1.72731 1
29 68 1 -0.674549 1
29 69 1 0.54509 1
29 70 1 -0.59503 1
29 71 1 0.166882 1
29 72 1 0.395714 1
29 73 1 1.26208 1
29 74 1 0.394609 1
29 75 1 1.84803 1
29 76 1 0.857647 1
29 77 1 0.727112 1
29 78 1 -2.34857 1
29 79 1 -0.138132 1
29 80 1 -0.256891 1
29 81 1 1.01261 1
29 82 1 -0.149417 1
29 83 1 0.269185 1
29 84 1 -0.0630718 1
29 85 1 -0.0154364 1
29 86 1 -1.41842 1
29 87 1 -3.00683 1
29 88 1 1.3524 1
29 89 1 -0.436437 1
29 90 1 -1.29143 1
29 91 1 1.11494 1
29 92 1 0.340951 1
29 93 1 -0.208654 1
29 94 1 -0.161033 1
29 95 1 0.11108 1
30 64 1 0.344037 1
30 65 1 0.956422 1
30 66 1 -0.109588 1
30 67 1 -0.426242 1
30 68 1 1.98707 1
30 69 1 -0.00237733 1
30 70 1 -0.611932 1
30 71 1 1.74225 1
30 72 1 -0.30509 1
30 73 1 3.56307 1
30 74 1 0.772634 1
30 75 1 0.0958108 1
30 76 1 0.0476137 1
30 77 1 -1.39933 1
30 78 1 -0.552613 1
30 79 1 -0.0634934 1
30 80 1 1.19437 1
30 81 1 -1.24925 1
30 82 1 0.71646 1
30 83 1 2.65156 1
30 84 1 1.55274 1
30 85 1 -2.19116 1
30 86 1 0.0592821 1
30 87 1 -3.31998 1
30 88 1 0.747902 1
30 89 1 -1.92974 1
30 90 1 0.755171 1
30 91 1 0.62872 1
30 92 1 0.458904 1
30 93 1 1.3316 1
30 94 1 1.28177 1
30 95 1 -0.491493 1
31 64 1 1.36634 1
31 65 1 0.137135 1
31 66 1 -1.14296 1
31 67 1 3.85853 1
31 68 1 4.5427 1
31 69 1 -0.0588691 1
31 70 1 -0.256161 1
31 71 1 1.04544 1
31 72 1 -1.83104 1
31 73 1 -1.71542 1
31 74 1 -1.29192 1
31 75 1 -1.06478 1
31 76 1 -0.814607 1
31 77 1 -0.699552 1
31 78 1 0.265284 1
31 79 1 -0.0180901 1
31 80 1 -0.11842 1
31 81 1 0.67215 1
31 82 1 2.72582 1
31 83 1 0.166884 1
31 84 1 -1.41068 1
31 85 1 0.282036 1
31 86 1 -0.116801 1
31 87 1 1.64951 1
31 88 1 1.85718 1
31 89 1 1.24834 1
31 90 1 0.928556 1
31 91 1 -1.38463 1
31 92 1 -2.15709 1
31 93 1 1.55218 1
31 94 1 -0.467881 1
31 95 1 -1.02811 1
32 64 1 1.34396 1
32 65 1 0.0843774 1
32 66 1 -2.03352 1
32 67 1 0.499903 1
32 68 1 1.31013 1
32 69 1 2.33997 1
32 70 1 0.856312 1
32 71 1 1.81537 1
32 72 1 -2.78303 1
32 73 1 -0.445853 1
32 74 1 -0.854589 1
32 75 1 0.731167 1
32 76 1 -1.55282 1
32 77 1 -0.027479 1
32 78 1 -2.52379 1
32 79 1 1.43244 1
32 80 1 0.800797 1
32 81 1 -1.79117 1
32 82 1 -0.0488146 1
32 83 1 0.568794 1
32 84 1 -0.317254 1
32 85 1 -2.10184 1
32 86 1 0.481225 1
32 87 1 0.981326 1
32 88 1 -0.417537 1
32 89 1 -1.43477 1
32 90 1 0.68464 1
32 91 1 0.52563 1
32 92 1 1.46606 1
32 93 1 -1.55804 1
32 94 1 1.61925 1
32 95 1 -0.861644 1
33 64 1 1.91412 1
33 65 1 -2.45393 1
33 66 1 -0.725641 1
33 67 1 -1.21244 1
33 68 1 -2.23405 1
33 69 1 -1.49506 1
33 70 1 3.16626 1
33 71 1 0.918115 1
33 72 1 -0.53275 1
33 73 1 0.533766 1
33 74 1 1.9331 1
33 75 1 -1.84518 1
33 76 1 -0.491022 1
33 77 1 1.95905 1
33 78 1 -1.58365 1
33 79 1 -0.881662 1
33 80 1 0.813859 1
33 81 1 -0.638317 1
33 82 1 -0.0987414 1
33 83 1 0.5617 1
33 84 1 1.11978 1
33 85 1 1.64805 1
33 86 1 -1.03257 1
33 87 1 1.04389 1
33 88 1 1.88142 1
33 89 1 1.75685 1
33 90 1 -0.827674 1
33 91 1 1.12255 1
33 92 1 0.977409 1
33 93 1 0.783075 1
33 94 1 1.13651 1
33 95 1 -0.499029 1
34 64 1 -0.29185 1
34 65 1 0.693858 1
34 66 1 -0.862946 1
34 67 1 0.763324 1
34 68 1 1.98795 1
34 69 1 0.242329 1
34 70 1 -1.3284 1
34 71 1 0.131239 1
34 72 1 0.586175 1
34 73 1 0.0588163 1
34 74 1 -0.0882249 1
34 75 1 1.21887 1
34 76 1 -1.87679 1
34 77 1 0.0349739 1
34 78 1 0.178894 1
34 79 1 -0.424343 1
34 80 1 0.836905 1
34 81 1 0.730639 1
34 82 1 0.132178 1
34 83 1 0.563986 1
34 84 1 0.0810943 1
34 85 1 -0.0631178 1
34 86 1 0.445148 1
34 87 1 -0.366032 1
34 88 1 2.29925 1
34 89 1 -0.949982 1
34 90 1 -0.478461 1
34 91 1 0.95338 1
34 92 1 -1.2097 1
34 93 1 -3.32416 1
34 94 1 0.239246 1
34 95 1 0.305209 1
35 64 1 -1.15417 1
35 65 1 2.30306 1
35 66 1 1.14219 1
35 67 1 0.261703 1
35 68 1 0.583896 1
35 69 1 1.4712 1
35 70 1 0.477527 1
35 71 1 0.48888 1
35 72 1 -0.226513 1
35 73 1 1.38948 1
35 74 1 0.936337 1
35 75 1 -1.78928 1
35 76 1 0.669712 1
35 77 1 1.1515 1
35 78 1 -1.92456 1
35 79 1 -1.85936 1
35 80 1 -3.26386 1
35 81 1 0.165199 1
35 82 1 3.0946 1
35 83 1 0.0481322 1
35 84 1 0.284879 1
35 85 1 -0.969453 1
35 86 1 -1.39394 1
35 87 1 -0.756908 1
35 88 1 -0.795933 1
35 89 1 1.08958 1
35 90 1 -2.23979 1
35 91 1 -2.62079 1
35 92 1 -0.495079 1
35 93 1 0.644804 1
35 94 1 0.0493338 1
35 95 1 -0.02962 1
36 64 1 -1.98317 1
36 65 1 1.1786 1
36 66 1 -1.06222 1
36 67 1 -0.237114 1
36 68 1 -0.649844 1
36 69 1 0.54315 1
36 70 1 0.122028 1
36 71 1 2.08228 1
36 72 1 -0.686434 1
36 73 1 1.48568 1
36 74 1 1.72367 1
36 75 1 0.452953 1
36 76 1 -0.234508 1
36 77 1 -1.33691 1
36 78 1 2.22911 1
36 79 1 2.1074 1
36 80 1 -0.768695 1
36 81 1 0.366706 1
36 82 1 1.01482 1
36 83 1 -1.61213 1
36 84 1 -0.64148 1
36 85 1 0.503406 1
36 86 1 -0.286239 1
36 87 1 -0.883733 1
36 88 1 0.991754 1
36 89 1 -1.01814 1
36 90 1 -1.60288 1
36 91 1 -0.849066 1
36 92 1 2.34682 1
36 93 1 0.00395144 1
36 94 1 -2.01439 1
36 95 1 2.51113 1
37 64 1 -2.89421 1
37 65 1 -0.979408 1
37 66 1 -2.277 1
37 67 1 -3.38361 1
37 68 1 -1.14906 1
37 69 1 1.24389 1
37 70 1 -0.733925 1
37 71 1 -1.01399 1
37 72 1 0.479382 1
37 73 1 0.39224 1
37 74 1 -1.19915 1
37 75 1 -0.207721 1
37 76 1 0.706025 1
37 77 1 1.30521 1
37 78 1 0.056659 1
37 79 1 0.305674 1
37 80 1 0.997876 1
37 81 1 0.960429 1
37 82 1 4.19982 1
37 83 1 0.497417 1
37 84 1 -0.784334 1
37 85 1 1.625 1
37 86 1 -0.834744 1
37 87 1 0.308161 1
37 88 1 -1.3913 1
37 89 1 0.998607 1
37 90 1 -0.250885 1
37 91 1 -1.7189 1
37 92 1 0.667863 1
37 93 1 -0.794667 1
37 94 1 -1.02687 1
37 95 1 -0.163826 1
38 64 1 -0.0733844 1
38 65 1 -0.948664 1
38 66 1 -1.79745 1
38 67 1 -0.508516 1
38 68 1 0.237319 1
38 69 1 -0.601782 1
38 70 1 1.58475 1
38 71 1 -0.164426 1
38 72 1 0.770087 1
38 73 1 -0.154872 1
38 74 1 0.59089 1
38 75 1 1.19249 1
38 76 1 2.61441 1
38 77 1 -0.897651 1
38 78 1 1.55487 1
38 79 1 -1.56479 1
38 80 1 -2.30244 1
38 81 1 -0.836867 1
38 82 1 -1.67943 1
38 83 1 -0.745281 1
38 84 1 0.349716 1
38 85 1 -0.484662 1
38 86 1 -0.394428 1
38 87 1 0.768374 1
38 88 1 0.972819 1
38 89 1 1.61311 1
38 90 1 -1.40371 1
38 91 1 0.792196 1
38 92 1 -0.416089 1
38 93 1 -0.726523 1
38 94 1 -0.72583 1
38 95 1 -0.691209 1
39 64 1 0.205173 1
39 65 1 -0.821796 1
39 66 1 -0.429566 1
39 67 1 -1.05382 1
39 68 1 -0.110417 1
39 69 1 0.877633 1
39 70 1 -1.04349 1
39 71 1 -0.0360455 1
39 72 1 0.198174 1
39 73 1 0.359809 1
39 74 1 0.817291 1
39 75 1 0.382083 1
39 76 1 -0.291263 1
39 77 1 -2.93355 1
39 78 1 0.511844 1
39 79 1 -0.605423 1
39 80 1 -0.82451 1
39 81 1 -1.88326 1
39 82 1 0.0367541 1
39 83 1 0.947525 1
39 84 1 2.30683 1
39 85 1 -0.202753 1
39 86 1 0.244426 1
39 87 1 0.667563 1
39 88 1 -0.372032 1
39 89 1 1.31993 1
39 90 1 1.80985 1
39 91 1 -2.05767 1
39 92 1 2.14258 1
39 93 1 -0.0853766 1
39 94 1 0.312719 1
39 95 1 0.763023 1
39 2 1 -2.62681 1
40 64 1 -3.65205 1
40 65 1 -0.105686 1
40 66 1 -0.449058 1
40 67 1 2.01037 1
40 68 1 1.94389 1
40 69 1 -1.35607 1
40 70 1 -1.48964 1
40 71 1 0.911208 1
40 72 1 1.36404 1
40 73 1 -0.300956 1
40 74 1 -0.827952 1
40 75 1 0.579038 1
40 76 1 0.358586 1
40 77 1 -1.70917 1
40 78 1 1.58065 1
40 79 1 -0.36292 1
40 80 1 1.21561 1
40 81 1 0.921684 1
40 82 1 0.550274 1
40 83 1 -0.526924 1
40 84 1 -0.0311148 1
40 85 1 1.93914 1
40 86 1 2.13602 1
40 87 1 -0.330238 1
40 88 1 -0.784544 1
40 89 1 -0.322153 1
40 90 1 1.30613 1
40 91 1 0.0366451 1
40 92 1 -0.260316 1
40 93 1 1.49385 1
40 94 1 -1.11365 1
40 95 1 1.79475 1
41 64 1 2.23129 1
41 65 1 0.0846045 1
41 66 1 2.26963 1
41 67 1 -2.13438 1
41 68 1 -0.687237 1
41 69 1 1.1331 1
41 70 1 0.199825 1
41 71 1 2.10115 1
41 72 1 3.03231 1
41 73 1 -1.27269 1
41 74 1 -1.41506 1
41 75 1 1.34925 1
41 76 1 0.687405 1
41 77 1 -1.44945 1
41 78 1 -1.53646 1
41 79 1 -1.72208 1
41 80 1 1.73726 1
41 81 1 0.208605 1
41 82 1 0.414239 1
41 83 1 0.45159 1
41 84 1 0.988202 1
41 85 1 -0.801454 1
41 86 1 0.326196 1
41 87 1 -1.14452 1
41 88 1 3.07541 1
41 89 1 -0.434868 1
41 90 1 -0.518941 1
41 91 1 0.849372 1
41 92 1 -0.681175 1
41 93 1 0.804465 1
41 94 1 0.640053 1
41 95 1 -1.65601 1
41 11 1 0.0563991 1
42 64 1 0.856728 1
42 65 1 -0.458252 1
42 66 1 0.876051 1
42 67 1 1.19161 1
42 68 1 1.37728 1
42 69 1 -1.14551 1
42 70 1 0.0375213 1
42 71 1 0.634836 1
42 72 1 -1.65596 1
42 73 1 -1.16057 1
42 74 1 1.6411 1
42 75 1 2.21115 1
42 76 1 -1.23652 1
42 77 1 1.01589 1
42 78 1 -1.51631 1
42 79 1 -1.55656 1
42 80 1 0.259342 1
42 81 1 1.27435 1
42 82 1 0.962091 1
42 83 1 1.59331 1
42 84 1 0.824087 1
42 85 1 0.540352 1
42 86 1 -0.0743722 1
42 87 1 0.0296756 1
42 88 1 1.38448 1
42 89 1 0.186236 1
42 90 1 1.21196 1
42 91 1 1.46296 1
42 92 1 -0.411996 1
42 93 1 0.96665 1
42 94 1 -0.514981 1
42 95 1 -1.68893 1
43 64 1 -0.437915 1
43 65 1 -0.889767 1
43 66 1 0.996227 1
43 67 1 0.415222 1
43 68 1 -0.347657 1
43 69 1 -2.86099 1
43 70 1 0.636113 1
43 71 1 -0.843613 1
43 72 1 -0.711543 1
43 73 1 -1.34299 1
43 74 1 0.197492 1
43 75 1 -1.18109 1
43 76 1 1.85151 1
43 77 1 0.227515 1
43 78 1 0.238119 1
43 79 1 0.181032 1
43 80 1 -0.418355 1
43 81 1 0.528904 1
43 82 1 0.683375 1
43 83 1 -0.0743705 1
43 84 1 1.06793 1
43 85 1 1.67565 1
43 86 1 -1.36333 1
43 87 1 3.41425 1
43 88 1 -0.31806 1
43 89 1 1.89838 1
43 90 1 -0.41065 1
43 91 1 -0.79432 1
43 92 1 0.568848 1
43 93 1 1.49557 1
43 94 1 -0.162753 1
43 95 1 0.151125 1
44 64 1 0.612964 1
44 65 1 -3.07424 1
44 66 1 0.998375 1
44 67 1 -1.14296 1
44 68 1 -0.122197 1
44 69 1 0.78752 1
44 70 1 -0.236592 1
44 71 1 -0.420595 1
44 72 1 -2.04056 1
44 73 1 0.400591 1
44 74 1 -1.34932 1
44 75 1 0.224477 1
44 76 1 0.551194 1
44 77 1 0.808417 1
44 78 1 0.0682906 1
44 79 1 0.484433 1
44 80 1 1.07837 1
44 81 1 1.41644 1
44 82 1 1.37142 1
44 83 1 -1.10171 1
44 84 1 0.209374 1
44 85 1 0.766723 1
44 86 1 0.641953 1
44 87 1 -1.32629 1
44 88 1 -0.590951 1
44 89 1 -1.55321 1
44 90 1 0.623674 1
44 91 1 0.369955 1
44 92 1 0.368317 1
44 93 1 2.17368 1
44 94 1 -0.292738 1
44 95 1 -0.204448 1
45 64 1 1.73079 1
45 65 1 -0.04278 1
45 66 1 0.831203 1
45 67 1 -1.84185 1
45 68 1 -1.40614 1
45 69 1 -4.19939 1
45 70 1 0.806059 1
45 71 1 -0.944493 1
45 72 1 -1.83527 1
45 73 1 1.44639 1
45 74 1 2.56055 1
45 75 1 1.49709 1
45 76 1 -0.268295 1
45 77 1 0.322632 1
45 78 1 -2.33477 1
45 79 1 0.382306 1
45 80 1 -1.20627 1
45 81 1 0.203376 1
45 82 1 0.652661 1
45 83 1 -0.678949 1
45 84 1 0.381979 1
45 85 1 -1.03925 1
45 86 1 0.687593 1
45 87 1 -0.458945 1
45 88 1 -1.30677 1
45 89 1 0.217065 1
45 90 1 -0.978249 1
45 91 1 1.06582 1
45 92 1 -1.67855 1
45 93 1 -1.73292 1
45 94 1 0.578801 1
45 95 1 -0.387962 1
45 9 1 0.925368 1
46 64 1 0.0296279 1
46 65 1 1.05341 1
46 66 1 0.197536 1
46 67 1 0.38725 1
46 68 1 -1.13964 1
46 69 1 -0.825891 1
46 70 1 0.562195 1
46 71 1 -1.0773 1
46 72 1 -0.388469 1
46 73 1 -1.67623 1
46 74 1 -2.18825 1
46 75 1 -1.67184 1
46 76 1 -1.30246 1
46 77 1 0.670136 1
46 78 1 -0.100429 1
46 79 1 -0.272122 1
46 80 1 0.336958 1
46 81 1 -1.13921 1
46 82 1 -0.7273 1
46 83 1 1.70983 1
46 84 1 -0.624787 1
46 85 1 0.199622 1
46 86 1 -1.85857 1
46 87 1 -1.19322 1
46 88 1 -0.350192 1
46 89 1 -1.5206 1
46 90 1 -0.180101 1
46 91 1 -1.23652 1
46 92 1 -1.97712 1
46 93 1 0.131789 1
46 94 1 0.29108 1
46 95 1 -0.393568 1
47 64 1 1.50401 1
47 65 1 0.411518 1
47 66 1 -1.48362 1
47 67 1 2.21852 1
47 68 1 -0.73623 1
47 69 1 2.61678 1
47 70 1 0.0438172 1
47 71 1 0.607163 1
47 72 1 0.544691 1
47 73 1 0.925453 1
47 74 1 0.402782 1
47 75 1 0.0967851 1
47 76 1 -0.859853 1
47 77 1 -3.35357 1
47 78 1 0.616332 1
47 79 1 -0.147182 1
47 80 1 -0.546315 1
47 81 1 -2.57213 1
47 82 1 1.82432 1
47 83 1 -0.205804 1
47 84 1 -0.945412 1
47 85 1 2.19564 1
47 86 1 -1.1249 1
47 87 1 0.560598 1
47 88 1 -1.73406 1
47 89 1 0.00271502 1
47 90 1 0.382905 1
47 91 1 0.0542153 1
47 92 1 2.87221 1
47 93 1 -1.67649 1
47 94 1 0.0741787 1
47 95 1 -0.703776 1
47 4 1 -1.56416 1
48 64 1 -0.75895 1
48 65 1 -0.532935 1
48 66 1 -0.802628 1
48 67 1 -1.77601 1
48 68 1 -1.4393 1
48 69 1 -1.37567 1
48 70 1 1.14773 1
48 71 1 2.27002 1
48 72 1 -0.258296 1
48 73 1 0.860088 1
48 74 1 2.87157 1
48 75 1 -1.30878 1
48 76 1 -0.558293 1
48 77 1 -1.49249 1
48 78 1 0.923747 1
48 79 1 1.0104 1
48 80 1 0.940318 1
48 81 1 -0.131134 1
48 82 1 -0.153077 1
48 83 1 0.474486 1
48 84 1 -0.0815463 1
48 85 1 0.889048 1
48 86 1 0.58411 1
48 87 1 -0.094358 1
48 88 1 -1.33711 1
48 89 1 0.46676 1
48 90 1 0.365338 1
48 91 1 0.617963 1
48 92 1 -2.22383 1
48 93 1 -0.810232 1
48 94 1 -1.384 1
48 95 1 -0.0520391 1
48 16 1 0.0685472 1
48 12 1 0.551895 1
49 64 1 1.0592 1
49 65 1 -0.624493 1
49 66 1 -1.54086 1
49 67 1 1.99723 1
49 68 1 0.860618 1
49 69 1 2.87234 1
49 70 1 0.0538188 1
49 71 1 -2.12233 1
49 72 1 -1.81603 1
49 73 1 0.70058 1
49 74 1 0.328624 1
49 75 1 0.388166 1
49 76 1 -2.84069 1
49 77 1 -0.74503 1
49 78 1 -0.215826 1
49 79 1 1.47351 1
49 80 1 2.94418 1
49 81 1 -2.05028 1
49 82 1 0.892225 1
49 83 1 1.41723 1
49 84 1 1.07249 1
49 85 1 -2.11714 1
49 86 1 0.281836 1
49 87 1 -1.4275 1
49 88 1 -2.1809 1
49 89 1 0.242636 1
49 90 1 1.26067 1
49 91 1 1.52864 1
49 92 1 -1.38112 1
49 93 1 0.632786 1
49 94 1 0.324749 1
49 95 1 1.29067 1
49 19 1 -0.38732 1
50 64 1 -2.82698 1
50 65 1 -1.45867 1
50 66 1 1.11713 1
50 67 1 0.0611292 1
50 68 1 -0.321538 1
50 69 1 0.0236441 1
50 70 1 1.80479 1
50 71 1 2.10913 1
50 72 1 -1.70116 1
50 73 1 2.35381 1
50 74 1 1.31597 1
50 75 1 1.62872 1
50 76 1 -1.31024 1
50 77 1 0.95033 1
50 78 1 0.550009 1
50 79 1 -2.50988 1
50 80 1 0.489125 1
50 81 1 -0.914412 1
50 82 1 -0.129662 1
50 83 1 3.1015 1
50 84 1 -0.807096 1
50 85 1 1.33419 1
50 86 1 0.408279 1
50 87 1 -2.10338 1
50 88 1 -1.58585 1
50 89 1 0.422216 1
50 90 1 -0.401418 1
50 91 1 0.842893 1
50 92 1 -0.27818 1
50 93 1 2.49107 1
50 94 1 -0.765395 1
50 95 1 0.499885 1
50 4 1 -1.49619 1
51 64 1 -1.50878 1
51 65 1 1.41363 1
51 66 1 -0.304927 1
51 67 1 -1.76686 1
51 68 1 -0.775923 1
51 69 1 -1.27646 1
51 70 1 -0.0304461 1
51 71 1 1.4614 1
51 72 1 -0.758427 1
51 73 1 -0.174767 1
51 74 1 -0.283965 1
51 75 1 3.7228 1
51 76 1 -0.386922 1
51 77 1 -0.446562 1
51 78 1 -1.28465 1
51 79 1 0.702352 1
51 80 1 0.771282 1
51 81 1 -1.7237 1
51 82 1 -1.34226 1
51 83 1 0.948583 1
51 84 1 -1.1311 1
51 85 1 0.200146 1
51 86 1 -0.547399 1
51 87 1 0.187398 1
51 88 1 -0.369489 1
51 89 1 -0.965693 1
51 90 1 -0.766963 1
51 91 1 -0.0237591 1
51 92 1 -1.10508 1
51 93 1 1.13645 1
51 94 1 -2.77096 1
51 95 1 0.326374 1
52 64 1 -1.14935 1
52 65 1 0.327616 1
52 66 1 1.80974 1
52 67 1 0.399374 1
52 68 1 -1.75675 1
52 69 1 2.61656 1
52 70 1 1.00668 1
52 71 1 -1.18837 1
52 72 1 -1.68945 1
52 73 1 1.91803 1
52 74 1 2.15864 1
52 75 1 0.28341 1
52 76 1 -1.85949 1
52 77 1 -0.200224 1
52 78 1 -0.935444 1
52 79 1 -1.04767 1
52 80 1 -1.39698 1
52 81 1 -0.19312 1
52 82 1 -1.57949 1
52 83 1 -0.715759 1
52 84 1 -0.757866 1
52 85 1 -2.17394 1
52 86 1 -0.567316 1
52 87 1 1.13347 1
52 88 1 -0.594519 1
52 89 1 1.08571 1
52 90 1 -1.57908 1
52 91 1 -0.0769324 1
52 92 1 -2.05595 1
52 93 1 -0.789723 1
52 94 1 0.099302 1
52 95 1 -0.430541 1
53 64 1 -1.21728 1
53 65 1 1.41164 1
53 66 1 0.848388 1
53 67 1 -2.41068 1
53 68 1 -0.301475 1
53 69 1 3.1609 1
53 70 1 0.049379 1
53 71 1 -0.0450037 1
53 72 1 1.03059 1
53 73 1 0.281766 1
53 74 1 0.721521 1
53 75 1 -1.43354 1
53 76 1 0.740592 1
53 77 1 0.909322 1
53 78 1 1.66867 1
53 79 1 0.631228 1
53 80 1 -1.54958 1
53 81 1 -1.99673 1
53 82 1 0.416971 1
53 83 1 0.784701 1
53 84 1 1.0701 1
53 85 1 -0.621098 1
53 86 1 0.477667 1
53 87 1 -0.439654 1
53 88 1 -2.40768 1
53 89 1 -1.02109 1
53 90 1 -1.81311 1
53 91 1 -1.02931 1
53 92 1 -0.575067 1
53 93 1 1.40595 1
53 94 1 0.043124 1
53 95 1 -2.51269 1
53 20 1 0.491079 1
54 64 1 0.176646 1
54 65 1 1.32921 1
54 66 1 0.52736 1
54 67 1 0.276375 1
54 68 1 -0.736449 1
54 69 1 -0.697515 1
54 70 1 -0.148237 1
54 71 1 0.914395 1
54 72 1 0.146773 1
54 73 1 -0.33211 1
54 74 1 0.00401572 1
54 75 1 -1.41584 1
54 76 1 -0.39183 1
54 77 1 1.63292 1
54 78 1 0.740916 1
54 79 1 -0.835265 1
54 80 1 0.0863914 1
54 81 1 -1.65971 1
54 82 1 -0.998525 1
54 83 1 1.62008 1
54 84 1 0.796521 1
54 85 1 0.179486 1
54 86 1 -1.92836 1
54 87 1 0.113619 1
54 88 1 3.07707 1
54 89 1 -0.111452 1
54 90 1 -1.04163 1
54 91 1 0.862663 1
54 92 1 0.452204 1
54 93 1 -0.397789 1
54 94 1 0.0884108 1
54 95 1 1.28671 1
54 30 1 0.925365 1
55 64 1 0.340983 1
55 65 1 -1.35408 1
55 66 1 1.60898 1
55 67 1 0.532187 1
55 68 1 -1.09014 1
55 69 1 1.71673 1
55 70 1 1.85838 1
55 71 1 -3.3078 1
55 72 1 1.09484 1
55 73 1 -0.312175 1
55 74 1 2.32788 1
55 75 1 -3.09822 1
55 76 1 -3.49609 1
55 77 1 1.9297 1
55 78 1 -2.3395 1
55 79 1 -0.279905 1
55 80 1 0.142968 1
55 81 1 -0.543416 1
55 82 1 -0.762046 1
55 83 1 -0.957537 1
55 84 1 -0.771894 1
55 85 1 0.378923 1
55 86 1 0.694852 1
55 87 1 2.02426 1
55 88 1 -1.07357 1
55 89 1 -2.58117 1
55 90 1 0.955833 1
55 91 1 -0.123262 1
55 92 1 1.62835 1
55 93 1 -1.19923 1
55 94 1 -0.704622 1
55 95 1 -2.29939 1
55 28 1 0.764874 1
56 64 1 2.0256 1
56 65 1 1.08541 1
56 66 1 -0.0939976 1
56 67 1 0.256334 1
56 68 1 0.757448 1
56 69 1 1.01717 1
56 70 1 0.225139 1
56 71 1 1.28945 1
56 72 1 0.253276 1
56 73 1 -1.38363 1
56 74 1 -0.525356 1
56 75 1 2.77983 1
56 76 1 -0.0398268 1
56 77 1 0.138592 1
56 78 1 -0.96731 1
56 79 1 0.570307 1
56 80 1 -1.86799 1
56 81 1 1.29181 1
56 82 1 0.981791 1
56 83 1 -0.539939 1
56 84 1 -0.580603 1
56 85 1 -1.27493 1
56 86 1 -0.45793 1
56 87 1 -2.39386 1
56 88 1 1.47364 1
56 89 1 -2.56162 1
56 90 1 -0.456835 1
56 91 1 -0.892654 1
56 92 1 1.28999 1
56 93 1 0.978601 1
56 94 1 -2.14863 1
56 95 1 0.735822 1
56 3 1 1.1721 1
57 64 1 -0.853563 1
57 65 1 1.7507 1
57 66 1 -1.24278 1
57 67 1 1.36527 1
57 68 1 3.0795 1
57 69 1 -0.108593 0
57 70 1 0.386759 1
57 71 1 -0.0660539 1
57 72 1 -0.475355 1
57 73 1 -2.10079 1
57 74 1 1.03495 1
57 75 1 2.32558 1
57 76 1 1.53359 1
57 77 1 -2.4135 1
57 78 1 -0.570842 1
57 79 1 -0.996287 1
57 80 1 2.96514 1
57 81 1 0.200413 1
57 82 1 -0.0534445 1
57 83 1 -1.19157 1
57 84 1 0.914044 1
57 85 1 -3.34072 1
57 86 1 -0.663277 1
57 87 1 0.577155 1
57 88 1 -0.767863 1
57 89 1 1.61148 1
57 90 1 0.519175 1
57 91 1 0.125285 1
57 92 1 -1.51457 1
57 93 1 1.39791 1
57 94 1 2.18893 1
57 95 1 0.495659 1
57 104 1 0.40142 1
104 69 1 -1.10135 1
58 64 1 0.0834152 1
58 65 1 -0.652096 1
58 66 1 -0.936977 1
58 67 1 -1.05735 1
58 68 1 1.42309 1
58 69 1 -0.494736 1
58 70 1 -0.663031 1
58 71 1 0.210011 1
58 72 1 0.281142 1
58 73 1 -1.64392 1
58 74 1 1.91986 1
58 75 1 2.95677 1
58 76 1 0.595045 1
58 77 1 -2.51896 1
58 78 1 -1.14263 1
58 79 1 -1.32859 1
58 80 1 -0.414848 1
58 81 1 0.69523 1
58 82 1 0.967599 1
58 83 1 -0.646429 1
58 84 1 1.18255 1
58 85 1 1.35344 1
58 86 1 -0.254263 1
58 87 1 -1.36133 1
58 88 1 -0.988025 1
58 89 1 -1.43269 1
58 90 1 -0.594016 1
58 91 1 -0.0897616 1
58 92 1 0.605717 1
58 93 1 0.428859 1
58 94 1 -3.21663 1
58 95 1 1.15475 1
59 64 1 -0.750456 1
59 65 1 -0.605358 1
59 66 1 0.544448 1
59 67 1 -0.33285 1
59 68 1 -0.574329 1
59 69 1 -0.749129 1
59 70 1 -1.6344 1
59 71 1 0.342445 1
59 72 1 -0.632921 1
59 73 1 -1.12905 1
59 74 1 0.925755 1
59 75 1 0.935984 1
59 76 1 2.79972 1
59 77 1 -0.855485 0
59 78 1 -1.31649 1
59 79 1 -0.111058 1
59 80 1 0.112207 1
59 81 1 -1.40661 1
59 82 1 -0.858953 1
59 83 1 1.46797 1
59 84 1 0.18353 1
59 85 1 -0.239018 1
59 86 1 -0.132621 1
59 87 1 1.66095 1
59 88 1 0.963247 1
59 89 1 -0.411884 1
59 90 1 1.68156 1
59 91 1 -0.188947 1
59 92 1 1.01728 1
59 93 1 0.932095 1
59 94 1 0.412386 1
59 95 1 2.08699 1
59 97 1 1.67407 1
59 5 1 -0.37285 1
97 77 1 -1.20589 1
97 22 1 -1.46773 1
97 2 1 -0.424082 0
97 99 1 0.485758 1
97 7 1 -0.867461 0
97 102 1 1.42255 1
102 7 1 0.521162 1
99 2 1 0.835444 1
60 64 1 1.41885 1
60 65 1 0.126661 1
60 66 1 -1.39297 1
60 67 1 -0.733663 1
60 68 1 1.85303 1
60 69 1 2.32354 1
60 70 1 -0.481161 1
60 71 1 -1.01165 1
60 72 1 -2.01541 1
60 73 1 -1.27691 1
60 74 1 -1.19487 1
60 75 1 0.85946 1
60 76 1 0.12703 1
60 77 1 3.01024 1
60 78 1 -1.05159 1
60 79 1 -1.39219 1
60 80 1 -1.74983 1
60 81 1 1.14437 1
60 82 1 -1.16371 1
60 83 1 2.04558 1
60 84 1 -1.32931 1
60 85 1 -0.083475 1
60 86 1 1.38536 1
60 87 1 -0.436144 1
60 88 1 -1.3848 1
60 89 1 -1.1378 1
60 90 1 -1.51504 1
60 91 1 1.14039 1
60 92 1 -0.809776 1
60 93 1 1.4243 1
60 94 1 0.0345597 1
60 95 1 -1.7594 1
60 24 1 0.456543 1
61 64 1 -1.10905 1
61 65 1 0.000166761 1
61 66 1 0.465139 1
61 67 1 -0.740628 1
61 68 1 -2.72106 1
61 69 1 1.07431 1
61 70 1 0.098654 1
61 71 1 0.496333 1
61 72 1 -0.0870423 1
61 73 1 -1.09342 1
61 74 1 0.765944 1
61 75 1 -0.00254494 1
61 76 1 0.757548 1
61 77 1 -2.31115 0
61 78 1 1.5134 1
61 79 1 -0.664527 1
61 80 1 -0.885067 1
61 81 1 0.668071 1
61 82 1 0.594603 1
61 83 1 0.144482 1
61 84 1 1.60785 1
61 85 1 -0.347457 1
61 86 1 -0.232255 1
61 87 1 0.743662 1
61 88 1 1.34426 1
61 89 1 1.58806 1
61 90 1 -0.47867 1
61 91 1 0.748896 1
61 92 1 -1.52079 1
61 93 1 -0.12269 1
61 94 1 1.39736 1
61 95 1 2.40671 1
61 107 1 1.00837 1
107 77 1 -1.95783 1
62 64 1 1.52769 1
62 65 1 -0.896856 1
62 66 1 0.353219 1
62 67 1 -0.503852 1
62 68 1 -1.64521 1
62 69 1 1.51481 1
62 70 1 -0.471592 1
62 71 1 -1.09061 1
62 72 1 -0.838771 1
62 73 1 1.59196 1
62 74 1 2.09151 1
62 75 1 -0.644412 1
62 76 1 -1.12084 1
62 77 1 -1.31058 1
62 78 1 -0.128412 1
62 79 1 1.33612 1
62 80 1 0.731201 1
62 81 1 -0.134602 1
62 82 1 -0.613386 1
62 83 1 1.41632 1
62 84 1 -1.34886 1
62 85 1 0.165456 1
62 86 1 2.06094 1
62 87 1 -0.467406 1
62 88 1 -0.480056 1
62 89 1 -0.537408 1
62 90 1 -3.68865 1
62 91 1 -0.257071 1
62 92 1 -0.878489 1
62 93 1 1.28185 1
62 94 1 -0.907909 1
62 95 1 0.87924 1
62 5 1 -0.41773 1
63 64 1 1.67177 1
63 65 1 0.459389 1
63 66 1 2.26202 1
63 67 1 2.45277 1
63 68 1 0.372393 1
63 69 1 -3.10722 1
63 70 1 0.347813 1
63 71 1 1.6312 1
63 72 1 0.321109 1
63 73 1 -0.45141 1
63 74 1 -0.747126 1
63 75 1 0.0976166 1
63 76 1 -1.46979 1
63 77 1 2.42743 1
63 78 1 -0.412997 1
63 79 1 -2.03205 1
63 80 1 1.07996 1
63 81 1 0.531635 1
63 82 1 1.74083 1
63 83 1 -2.10587 1
63 84 1 -2.6677 1
63 85 1 -3.18601 1
63 86 1 3.0061 1
63 87 1 -0.55152 1
63 88 1 -1.02264 1
63 89 1 -0.831837 1
63 90 1 1.10241 1
63 91 1 0.346754 1
63 92 1 -1.25856 1
63 93 1 0.501419 1
63 94 1 -1.56604 1
63 95 1 1.91586 1
