168 64 32
2.87513 -1.97255 -5.35054 5.00635 -5.44125 3.23132 0.19947 2.1577 -0.151623 3.74014 3.16841 5.75318 -3.71338 -4.83549 -2.2159 -3.05787 0.939303 0.51789 -0.233404 -1.73093 -0.963431 0.835089 -0.332579 0.725649 -6.75772 -0.800391 3.78572 0.845179 -2.7484 -2.43278 -3.90733 -0.0545668 -0.49024 -0.148633 2.11565 2.04579 -4.38179 1.19685 -0.806993 -1.23727 0.4523 1.24573 -1.19217 -3.25806 -3.43075 -1.19059 -4.9926 3.5112 -0.14272 2.73861 -0.237143 -4.03866 -4.54615 -1.6398 -0.971581 3.06455 -2.03073 2.33376 1.18498 -1.72136 2.24051 -1.95519 -1.29396 -4.24451 -5.5655 -3.06814 4.25873 2.15588 -5.18221 2.70638 -2.15843 -2.94724 -3.73891 -3.12674 2.51702 4.24305 -0.73928 0.337217 -1.22773 -4.67816 0.970089 0.706231 -3.68229 1.65497 2.37158 1.71878 -3.45868 0.243482 4.39949 -0.124711 -1.15432 2.02272 -1.72487 -0.246861 -0.373812 -0.939701 -1.5414 -0.755028 -0.461261 -2.46672 1.6269 -2.35382 -6.28931 -2.97725 -4.11495 1.03826 -1.46253 -3.85836 -2.04697 -0.0568963 -0.530625 1.41392 4.18078 -4.18596 0.799364 -1.01681 -2.81504 0.135034 -1.03506 -0.929569 3.2833 -0.125772 0.578694 0.475368 0.65957 4.23958 1.34787 0.299043 0.593163 3.94658 -0.332574 -0.773601 -0.700928 -1.07561 -0.20939 -0.913383 -0.495951 -0.722307 -2.74026 -0.877741 1.88416 0.654059 -0.722657 -1.13066 -0.112074 1.30971 -1.02749 0.065844 1.01449 -3.82413 -0.86319 -0.320788 -0.162191 -0.727884 0.0290974 -0.993786 0.6255 1.20813 0.0492687 0.0740887 -0.336424 0.147829 -0.83552 0.367878 0.610255 0.318459 0.417403 0.0582961 
0 64 1 -3.01817 1
0 65 1 0.0895413 1
0 66 1 3.10155 1
0 67 1 1.06611 1
0 68 1 -3.14847 1
0 69 1 2.48079 1
0 70 1 0.698536 1
0 71 1 0.666194 1
0 72 1 0.265652 1
0 73 1 -2.57272 1
0 74 1 -2.58858 1
0 75 1 0.937114 1
0 76 1 3.3747 1
0 77 1 1.00771 1
0 78 1 -2.52071 1
0 79 1 1.09104 1
0 80 1 3.33879 1
0 81 1 3.63579 1
0 82 1 5.16659 1
0 83 1 1.37195 1
0 84 1 -1.13544 1
0 85 1 3.12585 1
0 86 1 -1.00717 1
0 87 1 -1.55363 1
0 88 1 0.270942 1
0 89 1 2.65778 1
0 90 1 5.3023 1
0 91 1 6.07805 1
0 92 1 -4.41031 1
0 93 1 -2.08306 1
0 94 1 2.23717 1
0 95 1 0.974226 1
0 10 1 -2.45355 1
1 64 1 -1.28051 1
1 65 1 -3.89539 1
1 66 1 3.00006 1
1 67 1 -4.31081 1
1 68 1 3.97302 1
1 69 1 -1.76125 1
1 70 1 3.03649 1
1 71 1 -0.888871 1
1 72 1 -1.39532 1
1 73 1 -1.68602 1
1 74 1 -3.7182 1
1 75 1 3.99295 1
1 76 1 -1.76292 1
1 77 1 5.70408 1
1 78 1 -1.9578 1
1 79 1 -1.57987 1
1 80 1 -3.05329 1
1 81 1 1.73688 1
1 82 1 -1.28979 1
1 83 1 -5.8986 1
1 84 1 -1.88676 1
1 85 1 -0.537188 1
1 86 1 2.05339 1
1 87 1 -0.329934 1
1 88 1 -0.929894 1
1 89 1 3.35817 1
1 90 1 -2.17964 1
1 91 1 -1.47764 1
1 92 1 -1.23668 1
1 93 1 2.01668 1
1 94 1 -1.93817 1
1 95 1 -6.53954 1
1 27 1 1.39661 1
2 64 1 -0.0955922 1
2 65 1 -1.71709 1
2 66 1 -4.31674 1
2 67 1 -1.93497 1
2 68 1 -2.27133 1
2 69 1 1.74672 1
2 70 1 -0.766524 1
2 71 1 3.16518 1
2 72 1 -0.481116 1
2 73 1 -3.00897 1
2 74 1 -3.02233 1
2 75 1 -0.538341 1
2 76 1 -3.67359 1
2 77 1 -1.69185 1
2 78 1 -1.85098 1
2 79 1 -3.97462 1
2 80 1 -5.72693 1
2 81 1 -4.03972 1
2 82 1 -1.98165 1
2 83 1 -2.84585 1
2 84 1 0.917499 1
2 85 1 3.84245 1
2 86 1 0.357273 1
2 87 1 0.137437 1
2 88 1 0.419429 1
2 89 1 -4.15215 1
2 90 1 -4.63703 1
2 91 1 -0.957765 1
2 92 1 1.30301 1
2 93 1 -3.50427 1
2 94 1 2.64078 1
2 95 1 -0.0875314 1
2 100 1 -0.303028 1
2 6 1 3.82662 1
2 110 1 0.3477 1
3 64 1 -2.95001 1
3 65 1 -1.71001 1
3 66 1 0.705315 1
3 67 1 0.971335 1
3 68 1 5.76656 1
3 69 1 -2.77489 1
3 70 1 -1.98733 1
3 71 1 -0.408251 1
3 72 1 9.45108 1
3 73 1 -1.26909 1
3 74 1 -0.326165 1
3 75 1 2.92493 1
3 76 1 0.203928 1
3 77 1 -0.663444 1
3 78 1 -1.90901 1
3 79 1 -0.0634841 1
3 80 1 -3.61337 1
3 81 1 -1.6831 1
3 82 1 6.21272 1
3 83 1 1.91087 1
3 84 1 -0.0572867 1
3 85 1 -3.40715 1
3 86 1 0.685677 1
3 87 1 3.41122 1
3 88 1 -0.818209 1
3 89 1 1.79132 1
3 90 1 1.00649 1
3 91 1 3.06732 1
3 92 1 0.607723 1
3 93 1 -1.25924 1
3 94 1 -1.82451 1
3 95 1 3.23746 0
3 110 1 2.28533 1
110 95 1 -0.987281 0
110 111 1 -0.699289 0
110 132 1 2.2219 1
110 152 1 -0.327287 1
110 126 1 -0.838446 1
110 20 1 -0.5055 1
110 16 1 1.553 1
132 111 1 2.98952 1
111 95 1 -2.32153 1
4 64 1 1.1904 1
4 65 1 -0.00684135 1
4 66 1 -0.149723 1
4 67 1 3.52949 1
4 68 1 0.547396 1
4 69 1 1.44715 1
4 70 1 -0.895651 1
4 71 1 0.393438 1
4 72 1 -1.29581 1
4 73 1 -1.23662 0
4 74 1 0.226356 1
4 75 1 -5.58329 0
4 76 1 -0.101095 1
4 77 1 3.72778 1
4 78 1 -0.435886 1
4 79 1 2.44952 1
4 80 1 -4.23723 1
4 81 1 1.15216 1
4 82 1 0.706222 1
4 83 1 -1.9884 1
4 84 1 -1.2025 1
4 85 1 2.35428 1
4 86 1 3.27692 1
4 87 1 -1.41972 1
4 88 1 -3.07612 1
4 89 1 -1.22554 1
4 90 1 3.24948 1
4 91 1 -3.95134 1
4 92 1 -2.1207 1
4 93 1 -0.0799658 0
4 94 1 -2.93173 1
4 95 1 1.42288 1
4 101 1 2.65086 1
4 17 1 3.51779 1
4 118 1 2.81978 1
4 145 1 0.637227 1
145 93 1 -0.719855 1
118 73 1 -3.72914 1
101 75 1 0.701741 1
5 64 1 -1.76859 1
5 65 1 4.95435 1
5 66 1 -2.02039 1
5 67 1 8.67673 1
5 68 1 2.50385 1
5 69 1 4.16316 1
5 70 1 -1.17449 1
5 71 1 -0.394383 1
5 72 1 1.26726 1
5 73 1 -0.327531 1
5 74 1 -2.01614 1
5 75 1 3.27418 1
5 76 1 3.53932 1
5 77 1 -0.948374 1
5 78 1 1.00464 1
5 79 1 0.555493 1
5 80 1 2.14332 1
5 81 1 -0.752993 1
5 82 1 0.671019 1
5 83 1 3.89989 1
5 84 1 4.13039 1
5 85 1 2.18472 1
5 86 1 -2.06269 1
5 87 1 1.34218 1
5 88 1 0.752624 1
5 89 1 -3.73839 1
5 90 1 -1.81129 1
5 91 1 -0.701792 1
5 92 1 -1.47205 1
5 93 1 1.70862 1
5 94 1 -1.93179 1
5 95 1 0.183618 1
5 28 1 2.15944 1
6 64 1 0.461271 1
6 65 1 -0.507709 1
6 66 1 2.74837 1
6 67 1 3.57075 1
6 68 1 -4.74895 1
6 69 1 -2.73979 1
6 70 1 -3.83064 1
6 71 1 0.417218 1
6 72 1 2.87825 1
6 73 1 -2.45335 1
6 74 1 -4.27397 1
6 75 1 0.675818 1
6 76 1 4.62707 1
6 77 1 -1.12155 1
6 78 1 -0.679878 1
6 79 1 -1.24676 1
6 80 1 3.57198 1
6 81 1 -1.81209 1
6 82 1 1.18332 1
6 83 1 1.66988 1
6 84 1 3.02914 1
6 85 1 -3.96641 1
6 86 1 -0.044383 1
6 87 1 4.26601 1
6 88 1 -1.66963 1
6 89 1 -2.94472 1
6 90 1 5.21142 1
6 91 1 -1.22534 1
6 92 1 3.48866 1
6 93 1 -4.02723 1
6 94 1 -2.83133 1
6 95 1 3.31143 1
6 26 1 -0.141143 1
7 64 1 4.53668 1
7 65 1 2.88827 1
7 66 1 1.31265 1
7 67 1 -5.9776 1
7 68 1 -2.68781 1
7 69 1 -1.79244 1
7 70 1 6.00002 1
7 71 1 3.533 1
7 72 1 3.13749 1
7 73 1 -1.41531 1
7 74 1 -3.6897 1
7 75 1 -0.18614 0
7 76 1 0.918296 1
7 77 1 1.90399 1
7 78 1 3.5359 1
7 79 1 3.5542 1
7 80 1 -0.238574 1
7 81 1 1.29913 1
7 82 1 -3.89465 0
7 83 1 1.19129 0
7 84 1 -2.24422 1
7 85 1 3.10591 1
7 86 1 0.108802 1
7 87 1 5.03887 1
7 88 1 -2.94619 1
7 89 1 -3.67891 1
7 90 1 0.751172 1
7 91 1 -2.28639 1
7 92 1 2.3665 1
7 93 1 -1.45482 1
7 94 1 -0.139753 1
7 95 1 2.07831 1
7 100 1 0.0389124 1
7 127 1 2.03468 1
7 164 1 0.342978 1
164 75 1 -0.297737 1
127 82 1 -5.14958 1
100 83 1 2.66368 0
100 24 1 -1.65207 0
100 106 1 4.6615 1
100 166 1 1.3336 1
166 83 1 2.29169 1
106 24 1 -5.03903 1
106 6 1 -1.95762 1
8 64 1 2.38672 1
8 65 1 -3.95643 1
8 66 1 0.14342 1
8 67 1 0.978247 1
8 68 1 -1.29408 1
8 69 1 3.4156 1
8 70 1 2.41991 1
8 71 1 3.18947 1
8 72 1 3.49157 1
8 73 1 -2.01626 1
8 74 1 -1.91883 1
8 75 1 -2.22902 1
8 76 1 -0.371555 1
8 77 1 2.97735 1
8 78 1 0.503177 1
8 79 1 -2.95008 1
8 80 1 0.842174 1
8 81 1 -2.82147 1
8 82 1 -0.0582305 1
8 83 1 -2.88394 1
8 84 1 1.68184 1
8 85 1 9.48551 1
8 86 1 4.0374 1
8 87 1 2.40826 1
8 88 1 -1.24042 1
8 89 1 3.81921 1
8 90 1 0.967399 1
8 91 1 -1.04221 1
8 92 1 2.26972 1
8 93 1 4.60799 1
8 94 1 4.60128 1
8 95 1 0.446019 1
8 17 1 -0.314078 1
9 64 1 -3.86786 1
9 65 1 -1.81858 1
9 66 1 1.45513 1
9 67 1 0.186707 1
9 68 1 -1.37868 1
9 69 1 -0.722238 1
9 70 1 -6.91303 1
9 71 1 -2.32668 1
9 72 1 3.03737 1
9 73 1 -0.909107 1
9 74 1 -0.345583 1
9 75 1 2.25298 1
9 76 1 3.21907 1
9 77 1 1.56016 1
9 78 1 3.9586 1
9 79 1 0.355707 0
9 80 1 -0.233247 1
9 81 1 -0.515216 1
9 82 1 -3.22478 1
9 83 1 -0.613626 1
9 84 1 2.83973 1
9 85 1 1.80681 1
9 86 1 -0.431813 1
9 87 1 0.486728 1
9 88 1 1.3024 1
9 89 1 3.50342 1
9 90 1 -1.34304 1
9 91 1 0.759064 1
9 92 1 -1.71127 1
9 93 1 -0.829813 1
9 94 1 -4.78274 1
9 95 1 1.5756 1
9 103 1 -2.63942 1
9 130 1 -1.1719 1
9 157 1 1.31752 1
157 79 1 0.458988 1
10 64 1 1.37285 1
10 65 1 0.0281572 1
10 66 1 5.89493 1
10 67 1 -4.01153 1
10 68 1 3.21019 1
10 69 1 -1.31971 1
10 70 1 -1.18844 1
10 71 1 -1.05249 1
10 72 1 5.25456 1
10 73 1 4.60463 1
10 74 1 1.55662 0
10 75 1 0.919209 1
10 76 1 2.56605 1
10 77 1 0.850173 1
10 78 1 0.0593166 1
10 79 1 -5.74526 1
10 80 1 -2.11765 1
10 81 1 4.19611 1
10 82 1 1.34907 1
10 83 1 1.86392 1
10 84 1 5.41542 1
10 85 1 2.23213 1
10 86 1 -1.64689 1
10 87 1 -0.526872 1
10 88 1 2.77183 1
10 89 1 0.805284 1
10 90 1 -0.537607 1
10 91 1 2.40695 1
10 92 1 -1.72878 1
10 93 1 -1.72433 1
10 94 1 3.33187 1
10 95 1 5.05899 0
10 124 1 1.27973 1
10 165 1 0.725172 1
165 95 1 5.64777 1
124 74 1 0.0838743 1
124 12 1 1.8477 1
11 64 1 3.82236 1
11 65 1 1.79006 1
11 66 1 3.85623 1
11 67 1 -1.29345 1
11 68 1 2.921 1
11 69 1 1.4733 1
11 70 1 3.45387 1
11 71 1 0.409326 1
11 72 1 -4.79807 1
11 73 1 0.917358 1
11 74 1 -0.889321 0
11 75 1 -1.28325 1
11 76 1 -2.29393 1
11 77 1 -0.591272 1
11 78 1 -1.39334 1
11 79 1 -1.54805 1
11 80 1 -1.91583 1
11 81 1 -0.0654515 1
11 82 1 5.29416 0
11 83 1 3.05315 1
11 84 1 1.40563 1
11 85 1 -1.14107 1
11 86 1 -3.80808 1
11 87 1 -0.246731 1
11 88 1 -5.54369 1
11 89 1 0.184727 1
11 90 1 0.906486 1
11 91 1 -1.31495 1
11 92 1 -1.59236 1
11 93 1 3.84155 1
11 94 1 -1.36724 1
11 95 1 -4.10693 1
11 120 1 -5.01693 1
11 109 1 -1.13225 1
11 154 1 0.97402 1
11 8 1 -0.440303 1
154 82 1 5.17682 1
120 74 1 -3.44429 1
120 13 1 -0.422756 0
120 150 1 3.43955 1
150 13 1 2.07229 0
150 163 1 1.17126 1
163 13 1 1.75818 1
12 64 1 -1.62788 1
12 65 1 -1.2486 1
12 66 1 0.391996 1
12 67 1 -3.81553 1
12 68 1 0.639383 1
12 69 1 0.582239 1
12 70 1 0.097235 1
12 71 1 0.233954 1
12 72 1 3.39841 1
12 73 1 -4.33895 1
12 74 1 -2.26994 1
12 75 1 -0.56549 1
12 76 1 -0.602532 1
12 77 1 0.781302 1
12 78 1 -2.47216 1
12 79 1 -3.31783 1
12 80 1 -3.4036 1
12 81 1 -1.39247 1
12 82 1 3.50333 1
12 83 1 1.20781 1
12 84 1 1.28575 1
12 85 1 -1.64493 1
12 86 1 -3.43738 1
12 87 1 -0.690917 1
12 88 1 -2.84702 1
12 89 1 1.94767 1
12 90 1 -0.957999 1
12 91 1 -1.2993 1
12 92 1 1.87474 1
12 93 1 -3.02048 1
12 94 1 2.18972 1
12 95 1 -2.88979 1
12 17 1 0.0209412 1
12 18 1 0.195273 1
12 144 1 -1.77381 1
13 64 1 -0.3963 1
13 65 1 -4.59493 1
13 66 1 -1.53523 1
13 67 1 1.45645 1
13 68 1 1.75687 1
13 69 1 -2.46967 1
13 70 1 0.110064 1
13 71 1 1.49379 1
13 72 1 -0.384039 1
13 73 1 -2.55982 1
13 74 1 -1.69688 1
13 75 1 -0.721648 1
13 76 1 -0.552859 1
13 77 1 -1.79362 1
13 78 1 1.87439 1
13 79 1 3.12185 1
13 80 1 0.530076 1
13 81 1 0.42864 1
13 82 1 2.00387 1
13 83 1 4.03372 1
13 84 1 -2.99689 1
13 85 1 6.69498 1
13 86 1 4.72609 1
13 87 1 7.94307 1
13 88 1 2.95532 1
13 89 1 -0.509951 1
13 90 1 -5.13329 1
13 91 1 -4.88303 1
13 92 1 -2.60472 1
13 93 1 -3.30827 1
13 94 1 0.343019 1
13 95 1 -4.54478 1
14 64 1 -2.30878 1
14 65 1 6.75136 1
14 66 1 0.653874 1
14 67 1 0.762676 1
14 68 1 -1.34358 1
14 69 1 1.16564 1
14 70 1 -1.29944 1
14 71 1 0.93571 1
14 72 1 2.38216 1
14 73 1 0.735455 1
14 74 1 0.326122 1
14 75 1 3.04504 1
14 76 1 -2.70693 1
14 77 1 0.955314 1
14 78 1 -1.93053 1
14 79 1 -0.648653 1
14 80 1 -0.844462 1
14 81 1 0.74039 0
14 82 1 4.3119 1
14 83 1 0.95156 1
14 84 1 1.42821 1
14 85 1 -1.9585 1
14 86 1 2.722 1
14 87 1 -1.26375 1
14 88 1 -2.42719 1
14 89 1 -0.237842 1
14 90 1 -0.348347 1
14 91 1 3.86334 1
14 92 1 4.17467 1
14 93 1 0.973445 1
14 94 1 6.23628 1
14 95 1 1.49711 1
14 104 1 -1.27718 1
14 119 1 2.48489 1
14 126 1 0.773812 1
119 81 1 4.75541 1
119 99 1 -0.943448 1
15 64 1 0.334004 1
15 65 1 2.6997 1
15 66 1 -4.41575 1
15 67 1 -1.75446 1
15 68 1 1.01328 1
15 69 1 -3.02919 1
15 70 1 7.55814 1
15 71 1 -2.16712 1
15 72 1 -1.21003 1
15 73 1 1.73299 1
15 74 1 1.31463 1
15 75 1 -1.5257 1
15 76 1 -0.678618 1
15 77 1 1.48681 1
15 78 1 -2.15672 1
15 79 1 -0.658808 1
15 80 1 2.73009 1
15 81 1 -0.283887 1
15 82 1 -5.81953 1
15 83 1 0.378694 1
15 84 1 0.862064 1
15 85 1 -0.78115 1
15 86 1 0.454714 1
15 87 1 -6.54792 1
15 88 1 1.03006 1
15 89 1 3.07085 1
15 90 1 -0.0824968 1
15 91 1 -3.53764 1
15 92 1 1.25429 1
15 93 1 -2.81471 1
15 94 1 0.53395 1
15 95 1 0.134339 1
15 20 1 -1.25243 1
16 64 1 2.67415 1
16 65 1 0.460609 1
16 66 1 -1.55374 1
16 67 1 -4.02349 1
16 68 1 0.935325 1
16 69 1 0.304821 1
16 70 1 2.10277 1
16 71 1 5.05358 1
16 72 1 -1.07134 1
16 73 1 -1.67628 1
16 74 1 -0.480947 1
16 75 1 2.6632 1
16 76 1 1.76594 1
16 77 1 0.631975 1
16 78 1 -1.95969 1
16 79 1 -1.1887 0
16 80 1 0.545892 1
16 81 1 2.54793 1
16 82 1 -3.20695 1
16 83 1 2.46598 1
16 84 1 -1.24776 1
16 85 1 -1.88558 1
16 86 1 -0.778536 1
16 87 1 -1.40146 1
16 88 1 0.91291 1
16 89 1 1.27294 1
16 90 1 -3.57438 1
16 91 1 3.22834 1
16 92 1 4.50978 1
16 93 1 -1.39671 1
16 94 1 -0.680399 1
16 95 1 -3.39033 1
16 26 1 -1.65175 1
16 151 1 0.972857 1
151 79 1 -0.617736 1
17 64 1 -2.59441 1
17 65 1 -0.273108 1
17 66 1 -0.221779 1
17 67 1 4.23304 1
17 68 1 -0.777379 1
17 69 1 1.96869 1
17 70 1 0.761373 1
17 71 1 2.90793 1
17 72 1 -5.42518 0
17 73 1 3.30866 1
17 74 1 2.9373 1
17 75 1 -1.53605 1
17 76 1 -0.838472 1
17 77 1 2.2641 1
17 78 1 -1.19852 1
17 79 1 -4.21455 1
17 80 1 4.43101 1
17 81 1 3.68627 1
17 82 1 -0.0790204 1
17 83 1 -1.24172 1
17 84 1 -3.01148 1
17 85 1 2.46076 1
17 86 1 -0.594573 1
17 87 1 -2.87198 1
17 88 1 -5.50096 1
17 89 1 3.19863 1
17 90 1 -5.01579 1
17 91 1 6.02062 1
17 92 1 0.275527 1
17 93 1 3.29468 1
17 94 1 2.85371 1
17 95 1 1.75096 1
17 146 1 3.07598 1
146 72 1 -3.41293 1
146 30 1 -0.722222 1
18 64 1 1.9528 1
18 65 1 -3.34382 1
18 66 1 3.89491 1
18 67 1 1.70558 1
18 68 1 -0.881419 1
18 69 1 0.30091 1
18 70 1 2.97725 1
18 71 1 -0.593811 1
18 72 1 2.06438 1
18 73 1 -0.254324 1
18 74 1 2.26274 1
18 75 1 -2.2576 1
18 76 1 5.05481 1
18 77 1 -2.03949 1
18 78 1 3.04807 1
18 79 1 0.958543 1
18 80 1 -6.65535 1
18 81 1 3.33703 1
18 82 1 -3.20639 1
18 83 1 3.37136 1
18 84 1 -2.96648 1
18 85 1 2.29584 1
18 86 1 5.47285 1
18 87 1 -2.58727 1
18 88 1 -0.0814092 1
18 89 1 -2.82361 1
18 90 1 0.202968 1
18 91 1 -0.169919 1
18 92 1 -1.89833 1
18 93 1 1.14035 1
18 94 1 -1.17232 1
18 95 1 0.852226 1
18 25 1 -0.413733 1
18 18 1 -1.28613 1
18 139 1 1.02949 1
19 64 1 5.75355 1
19 65 1 -1.42443 1
19 66 1 5.32127 1
19 67 1 -1.09914 1
19 68 1 -2.34367 1
19 69 1 2.8812 1
19 70 1 1.07518 1
19 71 1 -1.89518 1
19 72 1 3.38207 1
19 73 1 1.71798 1
19 74 1 -0.853358 1
19 75 1 0.490759 1
19 76 1 -3.97675 1
19 77 1 -1.74432 1
19 78 1 -1.48223 1
19 79 1 5.10576 1
19 80 1 -0.247232 1
19 81 1 -2.98502 1
19 82 1 0.187932 1
19 83 1 -3.24309 1
19 84 1 2.02191 1
19 85 1 2.59623 1
19 86 1 -0.591768 1
19 87 1 3.96918 1
19 88 1 -0.649934 1
19 89 1 4.96158 1
19 90 1 -0.852387 1
19 91 1 -1.26798 1
19 92 1 -0.31896 1
19 93 1 -4.40003 1
19 94 1 -3.52062 1
19 95 1 -7.06153 1
20 64 1 2.29645 1
20 65 1 -0.705384 1
20 66 1 -2.30979 1
20 67 1 1.19263 1
20 68 1 -0.682791 1
20 69 1 1.5685 1
20 70 1 -3.37475 1
20 71 1 3.15392 1
20 72 1 2.03566 1
20 73 1 2.9241 1
20 74 1 1.79055 1
20 75 1 3.97625 1
20 76 1 -0.282845 1
20 77 1 -1.4274 1
20 78 1 1.60951 1
20 79 1 2.40689 1
20 80 1 0.364147 1
20 81 1 0.608057 1
20 82 1 3.19345 1
20 83 1 1.66594 1
20 84 1 3.27303 1
20 85 1 -5.34707 1
20 86 1 -0.433291 1
20 87 1 -1.10077 1
20 88 1 1.72613 1
20 89 1 0.0621322 1
20 90 1 2.85769 1
20 91 1 1.71852 0
20 92 1 0.153057 1
20 93 1 2.03943 0
20 94 1 2.70282 0
20 95 1 0.0956884 1
20 96 1 -4.08596 1
20 98 1 1.17283 1
20 103 1 0.0984091 1
20 109 1 -0.0126899 1
103 91 1 0.670198 0
103 105 1 2.35648 1
103 112 1 -2.44835 0
103 123 1 -2.57639 1
103 140 1 -1.70686 1
140 112 1 1.79484 1
123 91 1 -0.0986869 1
123 113 1 -0.677385 0
123 136 1 1.05513 1
123 137 1 0.879767 1
136 113 1 -1.65636 1
136 6 1 -0.0913116 1
105 91 1 2.24506 0
105 129 1 0.511877 1
129 91 1 1.30829 0
129 135 1 2.59881 1
129 116 1 0.776111 1
135 91 1 -2.09365 1
98 93 1 1.04961 1
98 99 1 5.28359 1
98 15 1 1.08079 1
96 94 1 2.40058 1
96 20 1 -0.0635931 0
96 155 1 0.580676 1
155 20 1 -1.52585 1
21 64 1 2.6218 1
21 65 1 7.77952 1
21 66 1 -4.36347 1
21 67 1 -4.47354 1
21 68 1 -1.79241 1
21 69 1 0.803276 1
21 70 1 -0.857329 1
21 71 1 -4.62385 1
21 72 1 -7.39965 1
21 73 1 -0.584421 1
21 74 1 0.206029 1
21 75 1 1.03218 1
21 76 1 -1.2805 1
21 77 1 -1.86569 1
21 78 1 -1.15224 1
21 79 1 -1.84244 1
21 80 1 1.3361 1
21 81 1 -1.72161 1
21 82 1 -0.737421 1
21 83 1 -1.54411 1
21 84 1 7.43462 1
21 85 1 0.306817 1
21 86 1 0.790937 1
21 87 1 -0.857997 1
21 88 1 5.48105 1
21 89 1 0.910513 1
21 90 1 1.39408 1
21 91 1 -0.499625 0
21 92 1 2.30193 1
21 93 1 1.77632 1
21 94 1 -3.93411 1
21 95 1 -0.58693 1
21 143 1 2.96496 1
143 91 1 -2.8364 1
22 64 1 1.26092 1
22 65 1 -0.601648 1
22 66 1 -0.098426 1
22 67 1 5.43958 1
22 68 1 -0.0877903 1
22 69 1 -2.64281 1
22 70 1 -1.47613 1
22 71 1 0.294821 1
22 72 1 -4.29581 1
22 73 1 0.262986 1
22 74 1 -6.24043 1
22 75 1 -1.60714 1
22 76 1 1.6691 1
22 77 1 -0.164349 1
22 78 1 4.68123 1
22 79 1 5.74912 1
22 80 1 -0.058758 1
22 81 1 -1.03977 1
22 82 1 1.05227 1
22 83 1 -0.584206 1
22 84 1 -1.8302 1
22 85 1 1.56035 1
22 86 1 -0.0771277 1
22 87 1 7.16499 1
22 88 1 -3.92052 1
22 89 1 -0.70748 1
22 90 1 1.91988 1
22 91 1 -0.1657 1
22 92 1 2.74506 1
22 93 1 2.5243 1
22 94 1 4.33824 1
22 95 1 2.3593 1
23 64 1 -3.19201 1
23 65 1 2.35736 1
23 66 1 1.65452 1
23 67 1 2.47525 1
23 68 1 -2.6529 1
23 69 1 1.61787 1
23 70 1 4.34136 1
23 71 1 -4.05555 1
23 72 1 0.0215027 1
23 73 1 -1.56588 1
23 74 1 2.12567 1
23 75 1 1.78297 1
23 76 1 2.87829 1
23 77 1 2.92256 1
23 78 1 0.939419 1
23 79 1 -4.8618 1
23 80 1 1.27208 1
23 81 1 -0.190567 1
23 82 1 -2.9908 1
23 83 1 0.54048 1
23 84 1 3.63671 1
23 85 1 -2.04244 1
23 86 1 -10.9837 1
23 87 1 0.422976 1
23 88 1 2.02355 1
23 89 1 -0.89619 1
23 90 1 -4.04681 1
23 91 1 -0.649952 1
23 92 1 1.52243 1
23 93 1 1.64418 1
23 94 1 -2.75069 1
23 95 1 0.57851 1
23 107 1 0.95336 1
23 27 1 -1.20498 1
24 64 1 -1.14178 1
24 65 1 1.66687 1
24 66 1 -1.32447 1
24 67 1 4.52969 1
24 68 1 -5.7948 1
24 69 1 3.00009 1
24 70 1 1.20923 1
24 71 1 4.41784 1
24 72 1 0.660143 1
24 73 1 1.43154 1
24 74 1 0.935564 1
24 75 1 1.34452 1
24 76 1 -1.59285 1
24 77 1 0.168712 1
24 78 1 -4.35195 1
24 79 1 -0.800644 1
24 80 1 3.91385 1
24 81 1 2.94726 1
24 82 1 -0.876229 1
24 83 1 -3.51603 1
24 84 1 -3.10705 1
24 85 1 -1.21527 1
24 86 1 -4.47463 1
24 87 1 3.90035 1
24 88 1 -1.61465 1
24 89 1 7.47533 1
24 90 1 3.57588 1
24 91 1 -3.70354 1
24 92 1 -0.0952666 1
24 93 1 -0.0815686 1
24 94 1 -2.266 1
24 95 1 -3.39713 1
24 5 1 -0.358124 1
25 64 1 -0.461917 1
25 65 1 1.70934 1
25 66 1 -2.32906 1
25 67 1 -1.58301 1
25 68 1 3.60545 1
25 69 1 -3.89197 1
25 70 1 0.719704 0
25 71 1 -1.71209 1
25 72 1 2.79178 1
25 73 1 1.79335 1
25 74 1 1.82152 1
25 75 1 -3.57242 1
25 76 1 -1.48745 1
25 77 1 -1.43401 1
25 78 1 4.28629 1
25 79 1 -0.262507 1
25 80 1 -1.96039 1
25 81 1 -2.00853 1
25 82 1 -0.581166 1
25 83 1 3.54271 1
25 84 1 -2.45079 1
25 85 1 -0.517479 1
25 86 1 3.31462 1
25 87 1 1.96415 1
25 88 1 -0.164032 1
25 89 1 0.416961 1
25 90 1 -2.84094 1
25 91 1 2.49791 1
25 92 1 2.44195 1
25 93 1 -0.964286 1
25 94 1 -1.5392 1
25 95 1 -3.61692 1
25 8 1 1.03094 1
25 6 1 -2.88558 1
25 121 1 -1.01875 1
121 70 1 6.19905 1
26 64 1 -2.90613 1
26 65 1 1.73262 1
26 66 1 0.185532 1
26 67 1 0.756825 1
26 68 1 0.224155 1
26 69 1 2.00138 1
26 70 1 -2.4668 1
26 71 1 0.701753 1
26 72 1 -3.37383 1
26 73 1 0.907672 1
26 74 1 -7.71552 1
26 75 1 3.13101 1
26 76 1 1.0117 1
26 77 1 -3.85953 1
26 78 1 2.4244 1
26 79 1 -0.867558 1
26 80 1 -1.62078 1
26 81 1 4.75802 1
26 82 1 1.36535 1
26 83 1 1.29469 1
26 84 1 -5.45387 1
26 85 1 1.45503 1
26 86 1 -3.1019 1
26 87 1 1.50103 1
26 88 1 -4.75266 1
26 89 1 0.450935 1
26 90 1 -2.98534 1
26 91 1 -4.29752 1
26 92 1 0.799228 1
26 93 1 -1.41179 1
26 94 1 2.23866 1
26 95 1 -0.101853 1
26 23 1 3.88872 1
26 15 1 1.49526 1
26 161 1 -0.841632 1
27 64 1 -3.58522 1
27 65 1 2.42317 1
27 66 1 3.3308 1
27 67 1 -0.51347 1
27 68 1 1.82267 1
27 69 1 1.22229 1
27 70 1 4.23877 1
27 71 1 -5.84381 1
27 72 1 -1.34643 1
27 73 1 1.14892 1
27 74 1 -2.51404 1
27 75 1 4.02964 1
27 76 1 -3.84726 1
27 77 1 -0.797803 1
27 78 1 0.380251 1
27 79 1 0.851772 1
27 80 1 -2.08411 1
27 81 1 -1.33357 1
27 82 1 1.8143 1
27 83 1 1.09394 1
27 84 1 0.626453 1
27 85 1 -0.257436 1
27 86 1 -2.29888 1
27 87 1 0.035314 1
27 88 1 -5.53336 1
27 89 1 -5.42475 1
27 90 1 4.71751 1
27 91 1 -1.45473 1
27 92 1 -0.920341 1
27 93 1 -0.563212 1
27 94 1 1.91602 1
27 95 1 -0.200647 1
27 9 1 2.37947 1
27 5 1 -1.24093 1
28 64 1 2.6823 1
28 65 1 -0.913283 1
28 66 1 -1.97309 1
28 67 1 6.00239 1
28 68 1 4.74432 1
28 69 1 1.48527 1
28 70 1 -0.979289 1
28 71 1 0.346686 1
28 72 1 -7.83691 1
28 73 1 0.895004 1
28 74 1 -0.781606 1
28 75 1 0.901915 1
28 76 1 0.98827 1
28 77 1 3.26856 1
28 78 1 -3.82193 1
28 79 1 2.30344 1
28 80 1 2.16603 1
28 81 1 -1.0432 1
28 82 1 4.54314 1
28 83 1 1.91737 1
28 84 1 4.45228 1
28 85 1 -6.38319 1
28 86 1 -1.43689 1
28 87 1 0.12824 1
28 88 1 -3.2072 1
28 89 1 1.33286 1
28 90 1 -3.27952 1
28 91 1 -0.737638 1
28 92 1 4.29043 1
28 93 1 -2.68572 1
28 94 1 4.22198 1
28 95 1 -2.12643 1
29 64 1 -0.780463 1
29 65 1 -0.141364 1
29 66 1 -1.68857 1
29 67 1 1.09498 1
29 68 1 -7.72957 1
29 69 1 1.26233 1
29 70 1 -1.81005 1
29 71 1 0.102827 1
29 72 1 -0.153358 1
29 73 1 -1.24078 1
29 74 1 -0.441709 1
29 75 1 0.607049 1
29 76 1 -1.25617 1
29 77 1 1.77305 1
29 78 1 -4.39859 1
29 79 1 -2.51304 1
29 80 1 2.57542 1
29 81 1 0.978636 1
29 82 1 2.1979 1
29 83 1 0.356419 1
29 84 1 0.681567 1
29 85 1 -2.25359 1
29 86 1 -2.68417 1
29 87 1 -2.96218 1
29 88 1 -1.62177 1
29 89 1 -3.30586 1
29 90 1 -1.61438 1
29 91 1 0.00921304 1
29 92 1 2.95548 1
29 93 1 0.625693 1
29 94 1 -2.97706 1
29 95 1 0.759054 1
29 113 1 1.21154 1
30 64 1 -0.574389 1
30 65 1 4.59812 1
30 66 1 5.24954 1
30 67 1 -0.0211112 1
30 68 1 2.53694 1
30 69 1 2.53483 1
30 70 1 2.45946 1
30 71 1 -2.03683 1
30 72 1 0.200816 1
30 73 1 2.81918 1
30 74 1 -1.41529 1
30 75 1 2.34417 1
30 76 1 3.00652 1
30 77 1 -1.0988 1
30 78 1 3.03527 1
30 79 1 4.1107 1
30 80 1 -1.84506 1
30 81 1 -0.589798 1
30 82 1 4.98058 1
30 83 1 3.18837 1
30 84 1 0.0892562 1
30 85 1 -2.01508 1
30 86 1 -2.46902 1
30 87 1 -1.50604 1
30 88 1 1.51957 1
30 89 1 -2.30871 1
30 90 1 0.583376 1
30 91 1 5.51294 1
30 92 1 -1.00683 1
30 93 1 1.89619 1
30 94 1 2.882 1
30 95 1 -1.42706 1
30 28 1 0.0750399 1
31 64 1 3.83247 1
31 65 1 -0.652944 1
31 66 1 -3.83623 1
31 67 1 6.70095 1
31 68 1 3.4308 1
31 69 1 -0.259771 1
31 70 1 -1.90179 1
31 71 1 2.47148 1
31 72 1 -2.74658 1
31 73 1 -1.72418 1
31 74 1 4.44996 1
31 75 1 0.656872 1
31 76 1 -0.585048 1
31 77 1 0.0342533 1
31 78 1 -3.30875 1
31 79 1 1.36606 1
31 80 1 -1.31472 1
31 81 1 -3.24885 1
31 82 1 -0.641005 1
31 83 1 -1.33738 1
31 84 1 -3.71486 1
31 85 1 -4.17048 1
31 86 1 -0.482829 1
31 87 1 -2.25852 0
31 88 1 3.35642 1
31 89 1 -1.18534 1
31 90 1 -0.990977 1
31 91 1 -3.59864 1
31 92 1 -0.394288 1
31 93 1 -0.981669 1
31 94 1 1.60463 1
31 95 1 -2.23301 1
31 122 1 2.47709 1
31 10 1 -1.31916 1
122 87 1 -1.02588 1
32 64 1 7.63545 1
32 65 1 1.70593 1
32 66 1 -3.8008 1
32 67 1 1.35187 1
32 68 1 -0.668183 1
32 69 1 4.11621 1
32 70 1 -0.788322 1
32 71 1 3.32551 1
32 72 1 -4.79589 1
32 73 1 1.69274 1
32 74 1 -0.908004 1
32 75 1 4.30305 1
32 76 1 -1.8768 1
32 77 1 4.9746 1
32 78 1 0.16859 1
32 79 1 1.2294 1
32 80 1 -0.366439 1
32 81 1 -1.26034 1
32 82 1 -2.81716 1
32 83 1 -2.95025 1
32 84 1 2.53477 1
32 85 1 -0.797465 1
32 86 1 -0.105063 1
32 87 1 -2.02991 1
32 88 1 -0.456644 1
32 89 1 -3.63073 1
32 90 1 2.9433 1
32 91 1 -2.51333 1
32 92 1 1.1857 1
32 93 1 1.36174 1
32 94 1 0.314766 1
32 95 1 -1.02973 1
33 64 1 1.86909 1
33 65 1 -6.67444 1
33 66 1 -1.10706 1
33 67 1 -1.67929 1
33 68 1 -0.52397 1
33 69 1 -1.79131 1
33 70 1 2.59984 1
33 71 1 4.32517 1
33 72 1 2.69539 1
33 73 1 4.03106 1
33 74 1 1.16805 1
33 75 1 -6.28925 1
33 76 1 -2.44727 1
33 77 1 1.65824 1
33 78 1 -2.77792 1
33 79 1 -2.58777 1
33 80 1 -0.75107 1
33 81 1 -2.51977 1
33 82 1 0.377512 1
33 83 1 -0.0249336 1
33 84 1 0.805725 1
33 85 1 2.12225 1
33 86 1 3.68872 1
33 87 1 1.71377 1
33 88 1 2.89069 1
33 89 1 4.79812 1
33 90 1 -2.00384 1
33 91 1 -1.73315 1
33 92 1 1.76229 1
33 93 1 2.07598 1
33 94 1 -0.608028 1
33 95 1 -0.512131 1
33 20 1 -3.28384 1
33 107 1 -0.339207 1
33 13 1 1.26008 1
33 113 1 -0.996474 1
34 64 1 -0.725968 1
34 65 1 -1.0124 1
34 66 1 2.47913 1
34 67 1 1.00914 1
34 68 1 0.308153 1
34 69 1 -2.91549 1
34 70 1 -1.86344 1
34 71 1 -2.75359 1
34 72 1 -2.87257 1
34 73 1 -4.20707 1
34 74 1 2.56547 1
34 75 1 7.43861 1
34 76 1 -0.252078 1
34 77 1 -0.131516 1
34 78 1 -0.824129 1
34 79 1 1.97761 1
34 80 1 2.06982 1
34 81 1 -2.21838 1
34 82 1 0.287789 1
34 83 1 1.37743 1
34 84 1 0.778614 1
34 85 1 -1.15511 1
34 86 1 -1.53293 1
34 87 1 -0.460309 1
34 88 1 -0.512089 1
34 89 1 -1.62616 1
34 90 1 -4.82599 1
34 91 1 2.33206 1
34 92 1 2.78052 1
34 93 1 -2.59519 1
34 94 1 1.93962 1
34 95 1 1.6953 1
34 113 1 0.710857 1
35 64 1 0.303814 1
35 65 1 -1.3548 1
35 66 1 0.923328 1
35 67 1 5.4754 1
35 68 1 2.67772 1
35 69 1 2.93106 1
35 70 1 2.56748 1
35 71 1 4.47236 1
35 72 1 4.0781 1
35 73 1 7.00899 1
35 74 1 -0.143216 1
35 75 1 -1.3676 1
35 76 1 -4.09478 1
35 77 1 1.18451 1
35 78 1 -1.81714 1
35 79 1 3.06062 1
35 80 1 -7.46295 1
35 81 1 -0.149082 1
35 82 1 3.48595 0
35 83 1 -0.945481 1
35 84 1 5.05732 1
35 85 1 -5.13159 1
35 86 1 -1.54559 1
35 87 1 -2.54238 1
35 88 1 -0.294426 1
35 89 1 1.18033 0
35 90 1 -0.23892 1
35 91 1 -0.0111713 1
35 92 1 -3.28754 1
35 93 1 -3.66888 1
35 94 1 -1.00655 1
35 95 1 0.901575 1
35 130 1 2.22173 1
35 133 1 5.79307 1
133 82 1 2.09307 1
130 89 1 1.41144 1
36 64 1 1.13715 1
36 65 1 1.82794 1
36 66 1 1.56689 1
36 67 1 -0.965012 1
36 68 1 -4.89848 1
36 69 1 -2.32177 1
36 70 1 -2.52417 1
36 71 1 1.67997 1
36 72 1 -1.75284 1
36 73 1 -0.413432 1
36 74 1 -2.08491 1
36 75 1 -0.456194 1
36 76 1 0.903531 1
36 77 1 -6.54845 1
36 78 1 1.53188 1
36 79 1 3.5673 1
36 80 1 2.42498 1
36 81 1 -0.915552 1
36 82 1 -2.10651 0
36 83 1 -0.111955 1
36 84 1 2.60662 1
36 85 1 -2.53474 1
36 86 1 1.11722 1
36 87 1 0.447373 1
36 88 1 -1.86169 1
36 89 1 0.966346 1
36 90 1 -3.2588 1
36 91 1 1.8577 1
36 92 1 4.12835 1
36 93 1 1.92364 1
36 94 1 -1.02261 1
36 95 1 7.5084 1
36 109 1 -0.0669621 0
36 24 1 -3.15938 1
36 117 1 2.59262 1
117 109 1 1.88422 1
117 4 1 0.737535 1
109 82 1 1.28539 0
109 31 1 1.18081 1
109 167 1 1.00302 1
167 82 1 1.38475 1
37 64 1 -5.32883 1
37 65 1 1.24758 1
37 66 1 -4.3436 1
37 67 1 -2.03043 1
37 68 1 -4.14122 1
37 69 1 2.78273 1
37 70 1 -5.43313 1
37 71 1 -2.45178 1
37 72 1 3.00919 1
37 73 1 3.18993 1
37 74 1 0.135776 1
37 75 1 -0.0176265 1
37 76 1 2.46935 0
37 77 1 3.70794 1
37 78 1 -0.684678 1
37 79 1 1.9326 1
37 80 1 4.1284 1
37 81 1 1.84729 1
37 82 1 3.77249 1
37 83 1 1.86566 1
37 84 1 -4.29202 1
37 85 1 0.401259 1
37 86 1 -0.911891 1
37 87 1 0.853524 1
37 88 1 -1.24575 1
37 89 1 -3.25602 1
37 90 1 -0.615775 1
37 91 1 1.38874 1
37 92 1 3.48478 1
37 93 1 1.17062 1
37 94 1 -2.58347 1
37 95 1 1.05402 1
37 142 1 2.38625 1
37 160 1 0.203994 1
142 76 1 -0.273048 1
142 147 1 -1.81632 1
38 64 1 0.417168 1
38 65 1 -2.00717 1
38 66 1 -1.17084 1
38 67 1 -1.44238 1
38 68 1 -2.41186 1
38 69 1 -4.26334 1
38 70 1 -0.495725 1
38 71 1 -0.520199 1
38 72 1 2.62463 1
38 73 1 1.46068 1
38 74 1 -1.26856 1
38 75 1 1.49811 1
38 76 1 3.16627 1
38 77 1 -0.670735 1
38 78 1 -1.56715 1
38 79 1 -0.776651 1
38 80 1 -2.80221 1
38 81 1 -1.22546 1
38 82 1 1.7965 1
38 83 1 -0.982054 1
38 84 1 -2.1676 1
38 85 1 -2.50052 1
38 86 1 -0.568 1
38 87 1 0.329782 0
38 88 1 1.87728 1
38 89 1 3.01748 1
38 90 1 0.0908119 1
38 91 1 2.10187 1
38 92 1 2.08977 0
38 93 1 -1.47267 1
38 94 1 -0.886758 1
38 95 1 -3.20935 1
38 148 1 2.39484 1
38 162 1 0.707953 1
162 87 1 0.125485 1
148 92 1 3.66957 1
39 64 1 2.41803 1
39 65 1 -2.00827 1
39 66 1 0.475591 1
39 67 1 -0.889058 1
39 68 1 0.946628 1
39 69 1 0.1703 1
39 70 1 0.962016 1
39 71 1 -1.55889 1
39 72 1 -3.22282 1
39 73 1 -4.24489 1
39 74 1 0.833868 1
39 75 1 3.4635 0
39 76 1 4.67186 1
39 77 1 0.477146 1
39 78 1 -3.00582 1
39 79 1 -2.89069 1
39 80 1 -0.622248 1
39 81 1 -2.78988 1
39 82 1 -0.965956 1
39 83 1 -1.58962 1
39 84 1 -3.0359 1
39 85 1 -0.234012 1
39 86 1 1.42101 1
39 87 1 -0.235795 1
39 88 1 -1.39689 1
39 89 1 -0.643393 1
39 90 1 3.6173 1
39 91 1 -0.712676 1
39 92 1 4.12781 1
39 93 1 -0.00533236 1
39 94 1 -4.08846 1
39 95 1 -3.48268 1
39 2 1 -3.70962 1
39 112 1 4.0018 1
39 13 1 -0.52594 1
39 104 1 0.89862 1
112 75 1 -2.98885 1
112 138 1 -1.48307 1
112 153 1 -0.971081 1
40 64 1 -5.26175 1
40 65 1 -1.6041 1
40 66 1 2.66683 1
40 67 1 1.15545 1
40 68 1 1.25938 1
40 69 1 2.53853 1
40 70 1 -1.61491 1
40 71 1 1.0899 1
40 72 1 2.38937 1
40 73 1 1.30163 1
40 74 1 -3.74206 1
40 75 1 2.86297 1
40 76 1 -3.26763 1
40 77 1 3.04394 1
40 78 1 3.36442 1
40 79 1 -1.13914 1
40 80 1 0.343206 1
40 81 1 1.11252 1
40 82 1 2.60104 1
40 83 1 -3.57444 1
40 84 1 -1.17461 1
40 85 1 0.532991 1
40 86 1 2.97441 1
40 87 1 1.33552 1
40 88 1 0.840526 1
40 89 1 -1.81357 1
40 90 1 -0.953137 1
40 91 1 -1.69446 1
40 92 1 -4.25603 1
40 93 1 1.48557 1
40 94 1 -0.746441 1
40 95 1 2.4255 1
40 2 1 0.150999 1
40 134 1 1.1076 1
41 64 1 4.29857 1
41 65 1 -0.771848 1
41 66 1 1.22303 1
41 67 1 0.297258 1
41 68 1 2.95023 1
41 69 1 -1.63461 1
41 70 1 -0.397138 1
41 71 1 0.705122 1
41 72 1 4.80773 1
41 73 1 -5.37636 1
41 74 1 0.807382 1
41 75 1 3.51655 1
41 76 1 -5.44226 1
41 77 1 -1.19586 1
41 78 1 -2.83902 1
41 79 1 2.21506 1
41 80 1 1.22812 1
41 81 1 3.79667 1
41 82 1 -2.2832 1
41 83 1 3.24716 1
41 84 1 -2.91915 1
41 85 1 0.921572 1
41 86 1 1.67252 1
41 87 1 0.50798 1
41 88 1 4.13238 1
41 89 1 -1.72614 1
41 90 1 -1.62641 1
41 91 1 0.781407 1
41 92 1 0.372867 1
41 93 1 -1.56042 1
41 94 1 -1.77421 1
41 95 1 -0.920913 1
41 11 1 3.2057 1
41 29 1 -2.48675 1
41 97 1 -2.06051 1
42 64 1 0.959042 1
42 65 1 -0.757742 1
42 66 1 0.185228 1
42 67 1 0.568141 1
42 68 1 -3.36011 1
42 69 1 0.878833 1
42 70 1 -0.773916 1
42 71 1 -1.19692 1
42 72 1 -1.79909 1
42 73 1 -2.70515 1
42 74 1 4.17591 1
42 75 1 -2.09734 1
42 76 1 -2.21587 1
42 77 1 -0.418496 1
42 78 1 -2.37949 1
42 79 1 1.01649 1
42 80 1 -1.78289 1
42 81 1 2.46793 1
42 82 1 4.20566 1
42 83 1 3.32851 1
42 84 1 1.59346 1
42 85 1 -0.939899 1
42 86 1 2.18685 1
42 87 1 -1.97331 1
42 88 1 -1.30988 1
42 89 1 0.273885 1
42 90 1 3.16423 1
42 91 1 1.06475 1
42 92 1 -0.768792 1
42 93 1 2.2847 1
42 94 1 -2.97615 1
42 95 1 1.23554 1
43 64 1 0.734769 1
43 65 1 -3.39009 1
43 66 1 2.38891 1
43 67 1 0.241706 1
43 68 1 -0.195081 1
43 69 1 -2.27831 1
43 70 1 0.904022 1
43 71 1 -2.72091 1
43 72 1 0.702368 1
43 73 1 -6.57658 1
43 74 1 3.51685 1
43 75 1 -1.99365 1
43 76 1 -1.29986 1
43 77 1 -0.399749 1
43 78 1 0.57457 1
43 79 1 -3.05126 1
43 80 1 0.0748841 1
43 81 1 1.80605 1
43 82 1 2.48855 1
43 83 1 -2.25964 1
43 84 1 -0.146658 1
43 85 1 2.76563 1
43 86 1 1.21561 1
43 87 1 6.07472 1
43 88 1 1.71031 1
43 89 1 4.66724 1
43 90 1 -0.241863 1
43 91 1 -3.37151 1
43 92 1 3.73947 1
43 93 1 1.65618 1
43 94 1 -2.88571 1
43 95 1 1.50722 1
44 64 1 0.428515 1
44 65 1 -4.5165 1
44 66 1 0.272361 1
44 67 1 -2.64473 1
44 68 1 -0.303426 1
44 69 1 -1.02251 1
44 70 1 3.37762 1
44 71 1 2.35506 1
44 72 1 -3.31866 1
44 73 1 2.12543 1
44 74 1 -2.03318 1
44 75 1 -2.97454 1
44 76 1 0.800028 1
44 77 1 3.11888 1
44 78 1 2.30059 1
44 79 1 0.377809 1
44 80 1 4.5217 1
44 81 1 -3.26428 1
44 82 1 0.485866 1
44 83 1 -1.22917 1
44 84 1 0.189633 1
44 85 1 -0.842998 1
44 86 1 2.03376 1
44 87 1 2.18459 1
44 88 1 0.528722 1
44 89 1 2.74033 1
44 90 1 1.11963 1
44 91 1 0.24081 1
44 92 1 -0.889635 1
44 93 1 4.2348 1
44 94 1 -1.9535 1
44 95 1 -0.55713 1
44 8 1 -0.526679 1
44 29 1 1.45014 1
45 64 1 -0.950451 1
45 65 1 0.915748 1
45 66 1 -0.414325 1
45 67 1 2.51997 1
45 68 1 -0.271732 1
45 69 1 -6.6832 1
45 70 1 -3.71306 1
45 71 1 0.70311 1
45 72 1 -5.39091 1
45 73 1 3.61726 1
45 74 1 3.1914 1
45 75 1 4.76032 1
45 76 1 -1.79597 1
45 77 1 0.283476 1
45 78 1 -2.5448 1
45 79 1 2.32438 1
45 80 1 -1.33086 1
45 81 1 0.979411 1
45 82 1 0.185416 1
45 83 1 -4.32458 1
45 84 1 1.72495 1
45 85 1 -2.73259 1
45 86 1 0.750796 1
45 87 1 1.03166 1
45 88 1 1.18404 1
45 89 1 -4.43272 1
45 90 1 1.28473 1
45 91 1 4.51381 1
45 92 1 -3.44192 1
45 93 1 -6.16367 1
45 94 1 2.6648 1
45 95 1 -5.00093 1
45 9 1 5.67533 1
45 20 1 -0.8121 1
45 17 1 -0.0159414 1
46 64 1 0.67469 1
46 65 1 -0.827857 1
46 66 1 2.27068 1
46 67 1 2.27924 1
46 68 1 -4.95049 1
46 69 1 -0.832749 1
46 70 1 1.15294 1
46 71 1 -2.94247 1
46 72 1 3.63558 1
46 73 1 -4.09443 1
46 74 1 -0.644408 1
46 75 1 1.228 1
46 76 1 -6.2772 1
46 77 1 3.94508 1
46 78 1 -0.223313 1
46 79 1 -0.362981 1
46 80 1 3.5161 1
46 81 1 0.835689 1
46 82 1 -0.767745 1
46 83 1 2.34155 1
46 84 1 -0.563723 1
46 85 1 2.01583 1
46 86 1 -1.14273 1
46 87 1 4.7789 1
46 88 1 0.717993 1
46 89 1 -5.09727 1
46 90 1 -3.08492 1
46 91 1 0.18512 1
46 92 1 0.704561 1
46 93 1 -2.05664 1
46 94 1 0.024566 1
46 95 1 -0.106461 1
46 24 1 2.91306 1
47 64 1 -1.23774 1
47 65 1 0.38206 1
47 66 1 -1.27193 1
47 67 1 3.14291 1
47 68 1 -0.461089 1
47 69 1 3.82102 1
47 70 1 -2.75208 1
47 71 1 1.18502 1
47 72 1 -0.422258 1
47 73 1 6.22616 0
47 74 1 -1.67061 1
47 75 1 -1.70913 1
47 76 1 -2.81704 1
47 77 1 -8.17264 1
47 78 1 -2.21569 1
47 79 1 0.874278 1
47 80 1 3.83046 1
47 81 1 -4.32199 1
47 82 1 2.81895 1
47 83 1 -0.419971 1
47 84 1 -4.53443 1
47 85 1 -2.08419 1
47 86 1 -3.13107 1
47 87 1 5.80213 1
47 88 1 3.15724 1
47 89 1 0.821411 1
47 90 1 5.60892 1
47 91 1 0.783622 1
47 92 1 -0.276859 1
47 93 1 0.908939 1
47 94 1 2.2365 1
47 95 1 -2.25419 1
47 4 1 0.246481 1
47 137 1 1.55178 1
137 73 1 3.86786 0
137 156 1 0.245675 1
156 73 1 3.22328 1
48 64 1 -1.1993 1
48 65 1 -1.85093 1
48 66 1 1.99974 1
48 67 1 -3.84863 1
48 68 1 -6.43468 1
48 69 1 -4.37069 1
48 70 1 -0.208599 1
48 71 1 1.49056 1
48 72 1 -5.43703 1
48 73 1 3.35447 1
48 74 1 5.41395 1
48 75 1 -4.57612 1
48 76 1 -0.295524 1
48 77 1 -0.856344 1
48 78 1 0.323896 1
48 79 1 2.37325 1
48 80 1 -0.108264 1
48 81 1 -3.23439 1
48 82 1 0.11742 1
48 83 1 -0.192598 1
48 84 1 0.449616 1
48 85 1 0.568356 1
48 86 1 -1.67368 1
48 87 1 -1.16007 1
48 88 1 -2.93484 1
48 89 1 -0.251765 1
48 90 1 1.58957 1
48 91 1 1.30116 1
48 92 1 -4.83147 1
48 93 1 0.634939 1
48 94 1 4.64835 1
48 95 1 2.24038 1
48 16 1 1.61 1
48 12 1 0.634374 1
48 14 1 -1.06553 1
48 30 1 1.75253 1
49 64 1 -0.892368 1
49 65 1 -4.30439 1
49 66 1 0.0168681 1
49 67 1 -0.674418 1
49 68 1 -4.28596 1
49 69 1 -0.290141 1
49 70 1 -0.166085 1
49 71 1 -3.11634 1
49 72 1 -1.87355 1
49 73 1 0.0797007 1
49 74 1 3.91487 1
49 75 1 2.04976 1
49 76 1 -6.60447 1
49 77 1 -3.51078 1
49 78 1 -2.13556 0
49 79 1 2.56716 1
49 80 1 4.58239 1
49 81 1 -4.58733 1
49 82 1 1.58193 1
49 83 1 -0.980056 1
49 84 1 1.86531 1
49 85 1 -2.58298 1
49 86 1 -0.773057 1
49 87 1 -0.544023 1
49 88 1 0.243685 1
49 89 1 1.57255 1
49 90 1 -1.86183 1
49 91 1 1.80698 1
49 92 1 3.41115 1
49 93 1 0.270549 1
49 94 1 0.515009 1
49 95 1 4.68331 1
49 19 1 -0.668156 1
49 31 1 -0.443855 1
49 15 1 -1.38711 1
49 158 1 1.58665 1
49 26 1 -0.679762 1
49 144 1 -1.17961 1
158 78 1 -0.958498 1
50 64 1 -4.68094 1
50 65 1 -1.74063 1
50 66 1 -0.0933454 1
50 67 1 -0.557681 1
50 68 1 1.66719 1
50 69 1 -1.07273 1
50 70 1 0.407888 1
50 71 1 7.35863 1
50 72 1 -2.26334 1
50 73 1 3.95531 1
50 74 1 -2.71479 1
50 75 1 2.40526 1
50 76 1 -1.28772 1
50 77 1 0.25592 1
50 78 1 1.72814 1
50 79 1 -2.24227 1
50 80 1 2.32655 1
50 81 1 -0.0101873 1
50 82 1 -1.56718 1
50 83 1 2.92722 1
50 84 1 -0.995086 1
50 85 1 3.02158 1
50 86 1 2.86663 1
50 87 1 -1.82871 1
50 88 1 -3.30808 1
50 89 1 0.77529 1
50 90 1 0.464015 1
50 91 1 -0.208365 1
50 92 1 0.477144 1
50 93 1 -1.62812 1
50 94 1 -1.63818 1
50 95 1 2.67798 1
50 4 1 5.1174 1
50 22 1 0.299109 1
51 64 1 -2.18404 1
51 65 1 2.72109 1
51 66 1 3.87978 1
51 67 1 -0.89897 1
51 68 1 -0.0983626 1
51 69 1 -0.834272 1
51 70 1 1.96483 1
51 71 1 5.48527 1
51 72 1 -5.85926 1
51 73 1 -3.22875 0
51 74 1 -1.46655 1
51 75 1 4.9678 1
51 76 1 -2.57159 1
51 77 1 1.88905 1
51 78 1 4.82773 1
51 79 1 -1.34942 1
51 80 1 0.552752 1
51 81 1 -2.52935 1
51 82 1 0.150052 1
51 83 1 4.51643 1
51 84 1 -2.46532 1
51 85 1 -0.401268 1
51 86 1 -1.4968 1
51 87 1 1.6968 1
51 88 1 0.486635 1
51 89 1 -0.665323 1
51 90 1 0.234251 1
51 91 1 -0.713799 1
51 92 1 1.2342 1
51 93 1 4.18407 1
51 94 1 -4.84585 1
51 95 1 -4.00765 1
51 116 1 1.30191 1
51 12 1 -1.2158 1
116 73 1 -0.480808 0
116 134 1 2.20928 1
134 73 1 3.38839 1
52 64 1 -3.78 1
52 65 1 3.59807 1
52 66 1 1.1723 1
52 67 1 0.135837 1
52 68 1 0.229408 1
52 69 1 6.42101 1
52 70 1 3.76211 1
52 71 1 -1.1887 1
52 72 1 -1.0381 1
52 73 1 3.28929 1
52 74 1 3.53637 1
52 75 1 2.55827 1
52 76 1 -4.55787 1
52 77 1 0.456155 1
52 78 1 3.26604 1
52 79 1 -1.09324 1
52 80 1 -0.232715 1
52 81 1 -1.06618 1
52 82 1 -2.51421 1
52 83 1 -1.90263 1
52 84 1 1.76989 1
52 85 1 -0.819858 1
52 86 1 -6.47648 1
52 87 1 -0.709166 1
52 88 1 0.648579 1
52 89 1 0.957938 1
52 90 1 -0.966775 1
52 91 1 -0.498798 1
52 92 1 1.28741 1
52 93 1 -2.43001 0
52 94 1 1.66805 1
52 95 1 0.580413 1
52 115 1 1.00922 1
52 139 1 1.31659 1
139 93 1 -1.23757 1
53 64 1 -2.82642 1
53 65 1 0.337419 1
53 66 1 -0.961696 1
53 67 1 -1.72771 1
53 68 1 1.76905 1
53 69 1 0.927065 1
53 70 1 0.567464 0
53 71 1 0.494244 1
53 72 1 -1.96809 1
53 73 1 0.568581 1
53 74 1 -0.624172 1
53 75 1 -3.75275 1
53 76 1 -0.191228 1
53 77 1 1.29968 1
53 78 1 0.00269328 1
53 79 1 0.0361995 1
53 80 1 1.05851 1
53 81 1 1.01632 1
53 82 1 2.80666 1
53 83 1 -0.136946 1
53 84 1 0.717942 1
53 85 1 1.96779 1
53 86 1 0.591567 1
53 87 1 0.195057 1
53 88 1 0.0174782 1
53 89 1 -0.163987 1
53 90 1 -3.59116 1
53 91 1 0.918244 1
53 92 1 2.59477 1
53 93 1 -1.14343 1
53 94 1 -0.43014 1
53 95 1 -2.30407 1
53 20 1 5.42968 1
53 23 1 1.3632 1
53 149 1 -0.277243 1
149 70 1 -2.38663 0
149 153 1 0.773597 1
149 126 1 0.279483 1
153 70 1 0.676015 1
54 64 1 2.15798 1
54 65 1 1.04218 1
54 66 1 -0.992476 1
54 67 1 2.32484 1
54 68 1 2.99467 1
54 69 1 -4.75119 1
54 70 1 1.31435 1
54 71 1 5.52036 1
54 72 1 1.44644 1
54 73 1 1.93944 1
54 74 1 -0.0582095 1
54 75 1 -1.97501 1
54 76 1 -2.15477 1
54 77 1 2.27057 1
54 78 1 0.107752 1
54 79 1 1.8543 1
54 80 1 1.31302 1
54 81 1 3.69656 1
54 82 1 -2.86471 1
54 83 1 5.92651 1
54 84 1 1.96653 1
54 85 1 -0.0128071 1
54 86 1 -3.40271 1
54 87 1 0.941653 1
54 88 1 1.9506 1
54 89 1 3.71526 1
54 90 1 -1.78997 1
54 91 1 4.05762 1
54 92 1 -1.65413 1
54 93 1 2.79567 1
54 94 1 -3.40915 1
54 95 1 -2.51402 1
54 30 1 -0.057625 1
54 144 1 0.528819 1
55 64 1 0.338254 1
55 65 1 -2.82851 1
55 66 1 -3.14041 1
55 67 1 -0.110595 1
55 68 1 -0.88388 1
55 69 1 1.94608 1
55 70 1 2.68659 1
55 71 1 -4.57021 1
55 72 1 2.50435 1
55 73 1 0.423872 1
55 74 1 2.53875 1
55 75 1 -3.07296 1
55 76 1 -4.65138 1
55 77 1 1.57524 1
55 78 1 0.531349 1
55 79 1 4.19768 1
55 80 1 -0.910604 1
55 81 1 1.93289 1
55 82 1 -0.129966 1
55 83 1 1.16578 1
55 84 1 -1.24136 1
55 85 1 -5.97178 1
55 86 1 1.6862 1
55 87 1 -0.392843 1
55 88 1 -3.88178 1
55 89 1 0.0344691 1
55 90 1 0.0271943 1
55 91 1 1.35234 1
55 92 1 7.09512 1
55 93 1 -4.24745 1
55 94 1 -3.86099 1
55 95 1 -0.973125 0
55 28 1 4.60601 1
55 114 1 0.0174005 1
55 0 1 -2.40914 1
55 2 1 0.629868 1
114 95 1 -0.804388 1
56 64 1 3.675 1
56 65 1 -6.40832 1
56 66 1 0.611433 1
56 67 1 -1.32336 1
56 68 1 1.42501 0
56 69 1 -1.86596 1
56 70 1 -0.290328 1
56 71 1 2.50566 1
56 72 1 -0.740789 1
56 73 1 0.17756 1
56 74 1 3.99582 1
56 75 1 4.51347 1
56 76 1 -4.12371 1
56 77 1 -2.88595 1
56 78 1 -0.948709 1
56 79 1 -1.15955 1
56 80 1 -1.46722 1
56 81 1 5.0963 1
56 82 1 2.38184 1
56 83 1 -2.29675 1
56 84 1 -2.2009 1
56 85 1 -0.419057 1
56 86 1 1.78923 1
56 87 1 0.263357 1
56 88 1 -0.550147 1
56 89 1 -0.166205 1
56 90 1 -1.33752 1
56 91 1 -1.05621 1
56 92 1 0.454914 1
56 93 1 3.79433 1
56 94 1 -2.24288 1
56 95 1 -1.53575 1
56 3 1 -1.62954 1
56 126 1 3.35999 1
126 68 1 2.56796 1
126 11 1 -2.86468 1
57 64 1 -4.18923 1
57 65 1 4.9367 1
57 66 1 -0.958177 1
57 67 1 -0.950148 1
57 68 1 1.41598 1
57 69 1 -0.870059 0
57 70 1 0.25055 1
57 71 1 3.16868 1
57 72 1 2.0624 1
57 73 1 -2.75337 1
57 74 1 2.28375 1
57 75 1 4.42345 1
57 76 1 3.9948 1
57 77 1 -5.32558 1
57 78 1 1.21185 1
57 79 1 -2.50757 1
57 80 1 1.10367 1
57 81 1 4.17851 1
57 82 1 4.63744 1
57 83 1 -1.93971 1
57 84 1 -0.879803 1
57 85 1 -2.53 1
57 86 1 -0.582174 1
57 87 1 1.05604 1
57 88 1 0.62317 1
57 89 1 0.869214 1
57 90 1 0.183906 1
57 91 1 -3.25885 1
57 92 1 -1.78832 1
57 93 1 -1.86165 1
57 94 1 -1.51632 1
57 95 1 3.08704 1
57 104 1 3.62245 1
57 22 1 -0.120764 1
104 69 1 2.40351 1
104 1 1 2.13634 1
104 107 1 0.454048 1
58 64 1 4.99584 1
58 65 1 -1.41812 1
58 66 1 -1.20042 1
58 67 1 -0.937162 1
58 68 1 -2.84386 1
58 69 1 0.172801 1
58 70 1 -1.49632 1
58 71 1 2.37521 1
58 72 1 0.15271 1
58 73 1 -1.24507 1
58 74 1 1.74315 1
58 75 1 2.82435 1
58 76 1 3.24337 1
58 77 1 1.00454 1
58 78 1 -2.93449 1
58 79 1 -0.774926 0
58 80 1 -4.1355 1
58 81 1 3.91406 1
58 82 1 1.08283 1
58 83 1 -0.716072 1
58 84 1 -2.32056 1
58 85 1 0.647539 1
58 86 1 1.87359 1
58 87 1 -2.7874 1
58 88 1 -3.42093 1
58 89 1 -2.5801 1
58 90 1 -1.80474 1
58 91 1 -2.74929 1
58 92 1 0.139793 1
58 93 1 2.26969 1
58 94 1 -1.71062 1
58 95 1 1.45817 1
58 128 1 1.2163 1
128 79 1 1.15672 0
128 131 1 1.82994 1
131 79 1 1.75392 0
131 160 1 -0.181378 1
160 79 1 2.52939 1
160 125 1 0.963081 1
59 64 1 -2.97636 1
59 65 1 2.29618 1
59 66 1 3.11809 1
59 67 1 -2.98548 1
59 68 1 1.87131 1
59 69 1 -2.18073 1
59 70 1 -1.2049 1
59 71 1 1.53184 1
59 72 1 1.22944 1
59 73 1 -0.136963 1
59 74 1 1.64396 1
59 75 1 -1.05469 1
59 76 1 3.53174 1
59 77 1 -0.164802 0
59 78 1 2.45959 1
59 79 1 -3.10474 1
59 80 1 0.618922 1
59 81 1 2.81774 1
59 82 1 -5.04137 1
59 83 1 4.88216 1
59 84 1 -0.178947 1
59 85 1 -3.11818 1
59 86 1 -4.80446 1
59 87 1 2.02366 1
59 88 1 2.55349 1
59 89 1 -0.508418 1
59 90 1 -0.593351 1
59 91 1 -1.72787 1
59 92 1 1.93307 1
59 93 1 2.47364 1
59 94 1 -5.38438 1
59 95 1 0.99872 1
59 97 1 0.499098 1
59 5 1 -2.91112 1
59 11 1 -1.9223 1
59 13 1 1.7053 1
97 77 1 -7.95745 1
97 22 1 -1.06315 1
97 2 1 -6.83984 0
97 99 1 2.76942 1
97 7 1 4.85492 0
97 102 1 2.80397 1
97 17 1 1.98706 1
102 7 1 3.16454 1
99 2 1 0.924536 0
99 108 1 4.66175 1
99 15 1 2.37599 1
108 2 1 -0.974475 0
108 125 1 5.82052 1
125 2 1 2.96368 1
125 28 1 -0.362823 1
60 64 1 2.36515 1
60 65 1 0.267806 1
60 66 1 1.64009 1
60 67 1 -0.602517 1
60 68 1 1.11632 1
60 69 1 1.15453 1
60 70 1 -1.54349 1
60 71 1 -0.616518 1
60 72 1 -0.128862 0
60 73 1 1.1308 1
60 74 1 1.89939 1
60 75 1 0.0793041 1
60 76 1 -1.48594 1
60 77 1 4.51454 1
60 78 1 -3.61496 1
60 79 1 1.18099 1
60 80 1 -5.25642 1
60 81 1 -1.68556 1
60 82 1 -1.97518 1
60 83 1 2.28587 1
60 84 1 -2.51307 1
60 85 1 3.93923 1
60 86 1 2.83007 1
60 87 1 -0.24123 1
60 88 1 -4.72259 1
60 89 1 -0.0998687 1
60 90 1 -2.26588 1
60 91 1 1.24097 1
60 92 1 -0.609283 1
60 93 1 2.32395 1
60 94 1 -1.64804 1
60 95 1 0.164748 1
60 24 1 -1.03861 1
60 0 1 3.85451 1
60 115 1 2.92257 1
60 3 1 -1.30935 1
115 72 1 -0.3489 1
115 18 1 1.57577 1
115 14 1 0.529345 1
115 19 1 -0.811343 1
61 64 1 -0.830611 1
61 65 1 0.531812 1
61 66 1 1.35745 1
61 67 1 0.85005 1
61 68 1 -3.35561 1
61 69 1 3.23697 1
61 70 1 1.6273 1
61 71 1 0.810905 1
61 72 1 -0.629027 1
61 73 1 0.841539 1
61 74 1 4.48681 1
61 75 1 5.39526 1
61 76 1 2.09683 1
61 77 1 -1.62811 0
61 78 1 -2.35372 1
61 79 1 -0.0496138 1
61 80 1 -3.02153 1
61 81 1 -0.423638 1
61 82 1 -0.960812 1
61 83 1 -0.982434 1
61 84 1 -2.21745 1
61 85 1 -1.82526 1
61 86 1 -0.585825 1
61 87 1 2.7521 1
61 88 1 -0.709758 1
61 89 1 0.452116 1
61 90 1 -1.19481 1
61 91 1 1.0983 1
61 92 1 -0.409151 1
61 93 1 0.0414792 1
61 94 1 0.600929 1
61 95 1 -2.51368 1
61 107 1 0.155777 1
61 113 1 -2.13782 1
61 14 1 -1.94868 1
107 77 1 -6.77944 0
107 113 1 -0.0327833 1
107 14 1 -2.89771 1
107 20 1 0.712322 1
113 77 1 -1.90123 0
113 23 1 -1.32166 1
113 147 1 0.448364 1
113 159 1 0.802703 1
159 77 1 -2.08689 0
159 161 1 0.747478 1
161 77 1 -1.32349 1
62 64 1 -0.445707 1
62 65 1 -1.64428 1
62 66 1 3.19721 1
62 67 1 -0.710956 1
62 68 1 1.57156 1
62 69 1 -1.80584 1
62 70 1 0.116753 1
62 71 1 -3.1505 1
62 72 1 3.98901 1
62 73 1 1.65669 1
62 74 1 3.05933 1
62 75 1 -0.662341 1
62 76 1 2.69166 1
62 77 1 -4.00824 1
62 78 1 -2.5888 1
62 79 1 -2.52973 1
62 80 1 -0.84064 1
62 81 1 0.468196 1
62 82 1 -1.5959 1
62 83 1 1.95632 1
62 84 1 -1.61845 0
62 85 1 1.635 1
62 86 1 3.61079 1
62 87 1 -1.94001 1
62 88 1 0.362701 1
62 89 1 -3.16147 1
62 90 1 -6.19 1
62 91 1 0.7358 1
62 92 1 -0.296923 1
62 93 1 -0.961342 1
62 94 1 1.5023 1
62 95 1 -0.975216 1
62 5 1 0.963767 1
62 138 1 1.7352 0
62 152 1 0.843277 1
152 138 1 2.43136 1
138 84 1 -1.2505 1
63 64 1 2.54202 1
63 65 1 -0.665802 1
63 66 1 5.14957 1
63 67 1 -1.52418 1
63 68 1 -0.738088 1
63 69 1 -5.80123 1
63 70 1 -2.06342 1
63 71 1 2.32577 1
63 72 1 -0.769145 1
63 73 1 2.64114 1
63 74 1 -6.5819 1
63 75 1 1.03976 1
63 76 1 -1.55573 0
63 77 1 0.624139 1
63 78 1 0.426877 1
63 79 1 -0.535987 1
63 80 1 0.992674 1
63 81 1 -1.93164 1
63 82 1 1.50627 1
63 83 1 -4.34004 1
63 84 1 -1.87326 1
63 85 1 -4.14632 1
63 86 1 5.70369 1
63 87 1 -2.12918 0
63 88 1 -0.578781 1
63 89 1 -3.24759 1
63 90 1 1.8065 1
63 91 1 -1.75915 1
63 92 1 0.966095 1
63 93 1 1.09207 1
63 94 1 -0.987927 1
63 95 1 -2.26751 1
63 141 1 3.17673 1
63 144 1 0.885517 1
144 76 1 -2.23943 0
144 147 1 3.81721 1
147 76 1 -2.79707 1
147 9 1 -0.383091 1
141 87 1 -7.16302 1
141 10 1 0.288261 1
