170 64 32
2.67235 -1.95105 -5.13581 5.09864 -5.28599 3.84309 0.116968 2.44008 0.178306 3.6953 3.60381 5.7926 -3.35257 -4.73371 -2.99815 -3.06119 1.43746 0.51616 -0.157871 -1.47793 -0.370278 0.669121 -1.09407 0.498471 -7.49037 0.16041 3.95858 0.575052 -2.92092 -3.71835 -3.85951 -0.301557 -0.447169 0.000712313 1.70553 2.30796 -4.63201 0.899754 -0.467289 -0.950998 -0.144624 1.33281 -0.97532 -2.45691 -4.09176 -1.93791 -5.07741 3.57096 0.0787746 3.40168 0.407387 -4.0783 -4.45662 -1.14793 -0.472953 2.90811 -2.59193 3.33197 1.33239 -1.41307 2.77086 -1.87616 -0.960893 -4.27372 -5.79289 -2.39294 4.83274 2.79652 -4.48919 3.07741 -2.47492 -3.30289 -3.93028 -2.50937 3.49769 4.28364 -0.603282 0.108316 -1.34464 -4.14815 1.57028 1.00036 -4.56162 1.56718 2.13388 1.85315 -3.52632 -0.300359 4.77488 0.77821 -0.805452 2.12566 -1.1149 -0.46172 0.0068299 -1.01407 -0.626634 -0.331829 -0.72671 -1.6917 1.66155 -3.37651 -5.94231 -2.05141 -4.50211 1.82515 -1.44234 -3.78314 -2.09322 -0.0280863 -1.51765 1.74861 2.7782 -4.39571 1.6233 -0.530335 -2.86962 -0.00626627 -0.316385 -1.18589 3.54947 -0.313292 -0.133415 0.718472 0.74653 4.24294 1.03888 0.358774 -0.0720705 3.93679 0.493993 -0.423588 -0.90496 -0.338137 -0.955377 -1.66926 -0.304982 -0.272568 -2.61804 -1.09646 2.05872 -0.718333 -0.310818 -1.67795 -0.0182835 0.53711 -0.635867 -0.714549 1.11505 -3.18405 -0.141443 -0.0685779 0.07846 -0.728165 0.812584 -0.041693 -0.0992981 2.12044 0.396948 0.513166 -0.683677 -0.0123824 0.179662 1.00575 1.05431 -0.100966 0.358256 0.824598 -0.113363 0.0211122 
0 64 1 -3.24117 1
0 65 1 -0.0561589 1
0 66 1 2.99012 1
0 67 1 1.41063 1
0 68 1 -2.34717 1
0 69 1 2.52221 1
0 70 1 1.02462 1
0 71 1 0.898433 1
0 72 1 -0.326206 1
0 73 1 -2.08469 1
0 74 1 -1.9975 1
0 75 1 1.68922 1
0 76 1 2.57907 1
0 77 1 1.10442 1
0 78 1 -1.95231 1
0 79 1 0.642063 1
0 80 1 3.50318 1
0 81 1 3.73213 1
0 82 1 5.63896 1
0 83 1 1.06451 1
0 84 1 -0.932124 1
0 85 1 3.69196 1
0 86 1 -0.371065 1
0 87 1 -2.74957 1
0 88 1 0.82876 1
0 89 1 2.97187 1
0 90 1 5.03378 1
0 91 1 5.2111 1
0 92 1 -3.99267 1
0 93 1 -2.02809 1
0 94 1 2.28486 1
0 95 1 0.384584 1
0 10 1 -2.38977 1
1 64 1 -1.44313 1
1 65 1 -4.33135 1
1 66 1 3.00168 1
1 67 1 -4.24239 1
1 68 1 4.78046 1
1 69 1 -1.64528 1
1 70 1 3.13234 1
1 71 1 -1.0394 1
1 72 1 -2.45871 1
1 73 1 -2.90954 1
1 74 1 -3.21354 1
1 75 1 3.77911 1
1 76 1 -1.87161 1
1 77 1 6.14108 1
1 78 1 -2.0704 1
1 79 1 -0.767784 1
1 80 1 -2.96677 1
1 81 1 0.899428 1
1 82 1 -1.34859 1
1 83 1 -5.49509 1
1 84 1 -2.46564 1
1 85 1 -0.532774 1
1 86 1 1.66145 1
1 87 1 0.0385304 1
1 88 1 -0.00619313 1
1 89 1 3.24609 1
1 90 1 -2.55287 1
1 91 1 -1.46467 1
1 92 1 -1.27366 1
1 93 1 2.06264 1
1 94 1 -2.53167 1
1 95 1 -6.2253 1
1 27 1 1.29551 1
2 64 1 0.524402 1
2 65 1 -1.99078 1
2 66 1 -4.44708 1
2 67 1 -2.72555 1
2 68 1 -2.41952 1
2 69 1 1.3883 1
2 70 1 -0.710442 1
2 71 1 3.37705 1
2 72 1 -1.51871 1
2 73 1 -2.51888 1
2 74 1 -2.39188 1
2 75 1 -1.16311 1
2 76 1 -3.79352 1
2 77 1 -2.17382 1
2 78 1 -0.994824 1
2 79 1 -3.51055 1
2 80 1 -5.2868 1
2 81 1 -3.91177 1
2 82 1 -1.77027 1
2 83 1 -2.12429 1
2 84 1 0.970382 1
2 85 1 3.58172 1
2 86 1 0.725495 1
2 87 1 -0.0893391 1
2 88 1 1.41655 1
2 89 1 -5.12293 1
2 90 1 -4.38099 1
2 91 1 -0.275735 1
2 92 1 1.80583 1
2 93 1 -2.4454 1
2 94 1 2.43289 1
2 95 1 -0.569126 1
2 100 1 -0.572034 1
2 6 1 4.55369 1
2 110 1 -0.668464 1
3 64 1 -2.22504 1
3 65 1 -2.62102 1
3 66 1 0.449774 1
3 67 1 0.641321 1
3 68 1 5.11018 1
3 69 1 -3.39936 1
3 70 1 -1.91544 1
3 71 1 -0.282097 1
3 72 1 9.18896 1
3 73 1 -0.92168 1
3 74 1 0.219227 1
3 75 1 3.38236 1
3 76 1 0.213505 1
3 77 1 -0.55622 1
3 78 1 -2.21261 1
3 79 1 0.864909 1
3 80 1 -2.85405 1
3 81 1 -1.25572 1
3 82 1 5.74576 1
3 83 1 2.03819 1
3 84 1 -0.821478 1
3 85 1 -3.88719 1
3 86 1 -0.175698 1
3 87 1 3.27363 1
3 88 1 -1.74284 1
3 89 1 2.2277 1
3 90 1 1.37693 1
3 91 1 3.03285 1
3 92 1 0.539768 1
3 93 1 -1.58478 1
3 94 1 -1.62629 1
3 95 1 3.58729 0
3 110 1 2.51007 1
110 95 1 -0.951553 0
110 111 1 -1.49471 0
110 132 1 1.83855 1
110 152 1 -0.778733 1
110 126 1 -1.00416 1
110 20 1 -0.880736 1
110 16 1 1.52196 1
132 111 1 2.84823 1
111 95 1 -2.02038 1
4 64 1 1.19735 1
4 65 1 0.48422 1
4 66 1 -0.419064 1
4 67 1 2.90849 1
4 68 1 0.879363 1
4 69 1 1.76073 1
4 70 1 -0.733 1
4 71 1 -0.677985 1
4 72 1 -1.06446 1
4 73 1 -1.1005 0
4 74 1 -0.194353 1
4 75 1 -6.6846 0
4 76 1 -0.0914267 1
4 77 1 4.64692 1
4 78 1 -1.14009 1
4 79 1 2.07623 1
4 80 1 -4.9406 1
4 81 1 1.29123 1
4 82 1 0.159403 1
4 83 1 -2.03514 1
4 84 1 -0.741782 1
4 85 1 1.21243 1
4 86 1 2.35237 1
4 87 1 -1.23549 1
4 88 1 -2.40657 1
4 89 1 -1.51583 1
4 90 1 3.06594 1
4 91 1 -3.8424 1
4 92 1 -1.28884 1
4 93 1 -0.540003 0
4 94 1 -3.7061 1
4 95 1 2.05692 1
4 101 1 2.35775 1
4 17 1 4.40691 1
4 118 1 1.90076 1
4 145 1 0.689235 1
145 93 1 -0.535274 1
118 73 1 -3.56066 1
101 75 1 1.3643 1
5 64 1 -1.33861 1
5 65 1 5.72549 1
5 66 1 -1.53937 1
5 67 1 8.70158 1
5 68 1 3.14275 1
5 69 1 4.58923 1
5 70 1 -1.09278 1
5 71 1 -0.690724 1
5 72 1 1.21083 1
5 73 1 -0.515761 1
5 74 1 -1.34484 1
5 75 1 3.25068 1
5 76 1 3.24493 1
5 77 1 -0.275007 1
5 78 1 0.598038 1
5 79 1 0.905157 1
5 80 1 2.29462 1
5 81 1 -0.221316 1
5 82 1 0.887384 1
5 83 1 4.19577 1
5 84 1 3.5301 1
5 85 1 2.30656 1
5 86 1 -1.39558 1
5 87 1 1.55867 1
5 88 1 0.0616346 1
5 89 1 -3.99126 1
5 90 1 -2.18498 1
5 91 1 -0.577816 1
5 92 1 -0.716034 1
5 93 1 2.37608 1
5 94 1 -2.16973 1
5 95 1 0.411437 1
5 28 1 2.63395 1
6 64 1 0.0544968 1
6 65 1 -0.830331 1
6 66 1 2.31869 1
6 67 1 3.69036 1
6 68 1 -4.72029 1
6 69 1 -3.18885 1
6 70 1 -3.68223 1
6 71 1 0.223735 1
6 72 1 2.11935 1
6 73 1 -2.39738 1
6 74 1 -4.65767 1
6 75 1 1.04636 1
6 76 1 4.8838 1
6 77 1 -1.19812 1
6 78 1 -0.804209 1
6 79 1 -1.77572 1
6 80 1 2.30074 1
6 81 1 -1.57903 1
6 82 1 1.3527 1
6 83 1 1.80217 1
6 84 1 2.15226 1
6 85 1 -4.71427 1
6 86 1 0.0815352 1
6 87 1 4.29209 1
6 88 1 -1.69869 1
6 89 1 -2.45234 1
6 90 1 4.88248 1
6 91 1 -0.482814 1
6 92 1 3.0857 1
6 93 1 -4.0047 1
6 94 1 -3.0031 1
6 95 1 2.8921 1
6 26 1 0.529763 1
7 64 1 4.14687 1
7 65 1 2.70543 1
7 66 1 1.14938 1
7 67 1 -5.77428 1
7 68 1 -2.22263 1
7 69 1 -2.89138 1
7 70 1 6.10587 1
7 71 1 3.1053 1
7 72 1 2.75276 1
7 73 1 -1.87511 1
7 74 1 -2.71564 1
7 75 1 0.387589 0
7 76 1 0.293374 1
7 77 1 2.30459 1
7 78 1 3.30174 1
7 79 1 2.41461 1
7 80 1 -0.548502 1
7 81 1 1.6849 1
7 82 1 -4.14665 0
7 83 1 0.652975 0
7 84 1 -2.65605 1
7 85 1 2.8617 1
7 86 1 0.616927 1
7 87 1 5.22982 1
7 88 1 -2.77679 1
7 89 1 -3.5385 1
7 90 1 1.49747 1
7 91 1 -2.03892 1
7 92 1 2.77706 1
7 93 1 -1.48691 1
7 94 1 0.266816 1
7 95 1 1.78581 1
7 100 1 0.380556 1
7 127 1 2.39217 1
7 164 1 1.33662 1
164 75 1 0.223533 1
127 82 1 -4.9378 1
100 83 1 2.97617 0
100 24 1 -1.56997 0
100 106 1 4.19068 1
100 166 1 0.830301 1
166 83 1 3.06999 1
106 24 1 -6.14307 1
106 6 1 -1.79992 1
8 64 1 2.05372 1
8 65 1 -4.49937 1
8 66 1 -0.234408 1
8 67 1 1.09966 1
8 68 1 -1.01885 1
8 69 1 3.41412 1
8 70 1 1.95078 1
8 71 1 3.07272 1
8 72 1 4.12312 1
8 73 1 -2.65615 1
8 74 1 -1.97205 1
8 75 1 -2.53699 1
8 76 1 0.277017 1
8 77 1 3.40066 1
8 78 1 0.670029 1
8 79 1 -2.36777 1
8 80 1 1.92363 1
8 81 1 -2.89163 1
8 82 1 -0.610527 1
8 83 1 -3.02268 1
8 84 1 1.77344 1
8 85 1 9.43264 1
8 86 1 4.12967 1
8 87 1 2.1621 1
8 88 1 -1.74106 1
8 89 1 4.10171 1
8 90 1 0.000333236 1
8 91 1 -0.621807 1
8 92 1 1.70403 1
8 93 1 4.06756 1
8 94 1 4.00042 1
8 95 1 -0.755164 1
8 17 1 -0.0965969 1
9 64 1 -4.29239 1
9 65 1 -2.18823 1
9 66 1 0.770195 1
9 67 1 0.45376 1
9 68 1 -0.843694 1
9 69 1 -0.714153 1
9 70 1 -6.49149 1
9 71 1 -1.75611 1
9 72 1 3.25358 1
9 73 1 -0.528314 1
9 74 1 -0.0798291 1
9 75 1 2.21199 1
9 76 1 2.98144 1
9 77 1 1.03575 1
9 78 1 4.11732 1
9 79 1 0.390119 0
9 80 1 -0.501377 1
9 81 1 0.0574399 1
9 82 1 -2.78829 1
9 83 1 -1.30149 1
9 84 1 2.68746 1
9 85 1 1.67472 1
9 86 1 -0.424307 1
9 87 1 -0.459827 1
9 88 1 1.85558 1
9 89 1 4.31264 1
9 90 1 -1.60512 1
9 91 1 0.578749 1
9 92 1 -2.4885 1
9 93 1 -0.714899 1
9 94 1 -5.32138 1
9 95 1 1.14042 1
9 103 1 -2.31419 1
9 130 1 -0.476516 1
9 157 1 0.863013 1
157 79 1 0.742869 1
10 64 1 1.96406 1
10 65 1 -0.92019 1
10 66 1 5.48305 1
10 67 1 -4.17803 1
10 68 1 3.28287 1
10 69 1 -0.798172 1
10 70 1 -1.2025 1
10 71 1 -1.15905 1
10 72 1 4.93905 1
10 73 1 4.03352 1
10 74 1 1.07807 0
10 75 1 0.842387 1
10 76 1 2.90303 1
10 77 1 1.9527 1
10 78 1 0.215597 1
10 79 1 -5.64009 1
10 80 1 -2.2928 1
10 81 1 4.02192 1
10 82 1 1.93902 1
10 83 1 2.3481 1
10 84 1 5.96215 1
10 85 1 2.44232 1
10 86 1 -2.26414 1
10 87 1 0.175133 1
10 88 1 2.64919 1
10 89 1 0.836457 1
10 90 1 -1.18519 1
10 91 1 2.48545 1
10 92 1 -0.740996 1
10 93 1 -1.10284 1
10 94 1 4.12268 1
10 95 1 4.99316 0
10 124 1 1.97112 1
10 165 1 0.354951 1
165 95 1 4.5999 1
124 74 1 0.0812744 1
124 12 1 1.29526 1
11 64 1 3.44171 1
11 65 1 1.19267 1
11 66 1 4.35883 1
11 67 1 -1.60826 1
11 68 1 2.34973 1
11 69 1 1.80423 1
11 70 1 3.47267 1
11 71 1 -0.0498911 1
11 72 1 -5.09878 1
11 73 1 0.648637 1
11 74 1 -0.564307 0
11 75 1 -1.55156 1
11 76 1 -1.96864 1
11 77 1 -0.248186 1
11 78 1 -1.52278 1
11 79 1 -1.7581 1
11 80 1 -2.29281 1
11 81 1 -0.217392 1
11 82 1 6.20839 0
11 83 1 3.1483 1
11 84 1 1.24303 1
11 85 1 -0.947536 1
11 86 1 -3.865 1
11 87 1 0.295407 1
11 88 1 -5.33732 1
11 89 1 0.573915 1
11 90 1 1.01039 1
11 91 1 -1.98805 1
11 92 1 -1.06151 1
11 93 1 3.32027 1
11 94 1 -2.04904 1
11 95 1 -5.37843 1
11 120 1 -5.11079 1
11 109 1 -1.29529 1
11 154 1 1.295 1
11 8 1 -0.517161 1
154 82 1 4.97649 1
120 74 1 -3.43405 1
120 13 1 -0.419382 0
120 150 1 3.75276 1
150 13 1 2.3103 0
150 163 1 1.53961 1
163 13 1 1.49356 1
12 64 1 -2.74334 1
12 65 1 -1.93533 0
12 66 1 0.473451 1
12 67 1 -3.59016 1
12 68 1 0.0365353 1
12 69 1 0.629704 1
12 70 1 0.759221 1
12 71 1 -0.15297 1
12 72 1 3.16721 1
12 73 1 -4.54208 1
12 74 1 -2.47917 1
12 75 1 -0.721175 1
12 76 1 -0.275162 1
12 77 1 0.631547 1
12 78 1 -2.99713 1
12 79 1 -3.88794 1
12 80 1 -2.85076 1
12 81 1 -2.29395 1
12 82 1 4.11673 1
12 83 1 0.829157 1
12 84 1 1.5856 1
12 85 1 -1.87079 1
12 86 1 -3.41847 1
12 87 1 -1.11447 1
12 88 1 -2.39016 1
12 89 1 1.25166 1
12 90 1 -1.59635 1
12 91 1 -1.884 1
12 92 1 2.55449 1
12 93 1 -3.29203 1
12 94 1 2.33974 1
12 95 1 -2.52819 1
12 17 1 -0.420608 1
12 18 1 0.00279942 1
12 144 1 -2.18966 1
12 167 1 0.905584 1
12 11 1 0.296069 1
167 65 1 -1.54451 1
13 64 1 0.054495 1
13 65 1 -4.52178 1
13 66 1 -1.76999 1
13 67 1 1.52798 1
13 68 1 2.40992 1
13 69 1 -2.96781 1
13 70 1 0.921924 1
13 71 1 1.15376 1
13 72 1 0.435334 1
13 73 1 -1.43686 1
13 74 1 -1.60881 1
13 75 1 -1.25774 1
13 76 1 -1.08871 1
13 77 1 -2.0422 1
13 78 1 2.36857 1
13 79 1 3.07982 1
13 80 1 0.245782 1
13 81 1 0.155053 1
13 82 1 2.30465 1
13 83 1 4.63177 1
13 84 1 -2.96385 1
13 85 1 6.71635 1
13 86 1 4.49315 1
13 87 1 6.3621 1
13 88 1 3.09573 1
13 89 1 -0.686509 1
13 90 1 -5.00764 1
13 91 1 -4.79512 1
13 92 1 -3.11891 1
13 93 1 -3.11463 1
13 94 1 -0.471354 1
13 95 1 -4.11298 1
14 64 1 -1.95963 1
14 65 1 7.15957 1
14 66 1 0.473168 1
14 67 1 0.578293 1
14 68 1 -1.7644 1
14 69 1 1.60527 1
14 70 1 -0.836101 1
14 71 1 0.794853 1
14 72 1 3.37417 1
14 73 1 1.41346 1
14 74 1 0.0847631 1
14 75 1 2.61423 1
14 76 1 -2.80219 1
14 77 1 0.424015 1
14 78 1 -1.8317 1
14 79 1 -0.558374 1
14 80 1 -1.09809 1
14 81 1 0.230298 0
14 82 1 3.56686 1
14 83 1 1.00382 1
14 84 1 0.73706 1
14 85 1 -1.42544 1
14 86 1 3.08828 1
14 87 1 -1.12869 1
14 88 1 -2.12338 1
14 89 1 1.23483 1
14 90 1 -0.902333 1
14 91 1 3.71137 1
14 92 1 4.53564 1
14 93 1 0.426258 1
14 94 1 5.82587 1
14 95 1 1.20575 1
14 104 1 -1.60152 1
14 119 1 2.41209 1
14 126 1 0.812799 1
119 81 1 5.41888 1
119 99 1 -0.280854 1
15 64 1 0.385402 1
15 65 1 2.17663 1
15 66 1 -4.24268 1
15 67 1 -1.21823 1
15 68 1 0.777836 1
15 69 1 -2.58038 1
15 70 1 7.04303 1
15 71 1 -0.988909 1
15 72 1 -1.82704 1
15 73 1 1.62242 1
15 74 1 1.46794 1
15 75 1 -1.0422 1
15 76 1 -0.383873 1
15 77 1 1.62719 1
15 78 1 -2.36613 1
15 79 1 -0.163985 1
15 80 1 2.23392 1
15 81 1 -0.180825 1
15 82 1 -5.6253 1
15 83 1 0.357981 1
15 84 1 0.913235 1
15 85 1 -0.793987 1
15 86 1 0.321059 1
15 87 1 -5.29304 1
15 88 1 1.84923 1
15 89 1 3.54861 1
15 90 1 0.0119494 1
15 91 1 -4.0631 1
15 92 1 1.96868 1
15 93 1 -1.76484 1
15 94 1 0.971359 1
15 95 1 -0.835684 1
15 20 1 -1.40164 1
16 64 1 3.34077 1
16 65 1 -0.0400124 1
16 66 1 -1.77421 1
16 67 1 -3.7207 1
16 68 1 0.45668 1
16 69 1 0.465733 1
16 70 1 2.52346 1
16 71 1 5.68669 1
16 72 1 -1.32849 1
16 73 1 -2.39001 1
16 74 1 -0.745466 1
16 75 1 3.0703 1
16 76 1 1.7806 1
16 77 1 0.277622 1
16 78 1 -2.64719 1
16 79 1 -1.37091 0
16 80 1 1.44521 1
16 81 1 2.75798 1
16 82 1 -4.44438 1
16 83 1 2.48933 1
16 84 1 -1.04955 1
16 85 1 -0.863689 1
16 86 1 -0.544345 1
16 87 1 -1.54743 1
16 88 1 1.21439 1
16 89 1 0.897157 1
16 90 1 -4.11076 1
16 91 1 2.85877 1
16 92 1 3.71301 1
16 93 1 -0.953533 1
16 94 1 -0.459082 1
16 95 1 -3.56386 1
16 26 1 -1.47434 1
16 151 1 1.20494 1
151 79 1 -0.427874 1
17 64 1 -1.74828 1
17 65 1 0.0191723 1
17 66 1 0.0946286 1
17 67 1 4.1319 1
17 68 1 -0.481208 1
17 69 1 2.55029 1
17 70 1 0.165129 1
17 71 1 2.89471 1
17 72 1 -5.88648 0
17 73 1 2.91074 1
17 74 1 3.47328 1
17 75 1 -1.13073 1
17 76 1 -1.48831 1
17 77 1 2.19354 1
17 78 1 -1.39225 1
17 79 1 -3.94092 1
17 80 1 5.10889 1
17 81 1 3.73282 1
17 82 1 -0.190718 1
17 83 1 -2.06067 1
17 84 1 -3.34815 1
17 85 1 2.28717 1
17 86 1 -0.504063 1
17 87 1 -3.06346 1
17 88 1 -5.33041 1
17 89 1 3.62892 1
17 90 1 -5.63447 1
17 91 1 5.85829 1
17 92 1 0.0704146 1
17 93 1 3.60813 1
17 94 1 3.17437 1
17 95 1 1.59176 1
17 146 1 2.41831 1
146 72 1 -4.19646 1
146 30 1 -0.39687 1
18 64 1 1.76678 1
18 65 1 -3.27316 1
18 66 1 4.41974 1
18 67 1 2.57415 1
18 68 1 -1.00169 1
18 69 1 0.147001 1
18 70 1 3.04745 1
18 71 1 -1.03953 1
18 72 1 1.49173 1
18 73 1 -0.245883 1
18 74 1 2.64171 1
18 75 1 -3.27872 1
18 76 1 5.21591 1
18 77 1 -1.7764 1
18 78 1 3.16079 1
18 79 1 1.15165 1
18 80 1 -6.89146 1
18 81 1 3.96157 1
18 82 1 -3.65948 1
18 83 1 3.56514 1
18 84 1 -3.04389 1
18 85 1 1.51534 1
18 86 1 5.20197 1
18 87 1 -1.88797 1
18 88 1 0.355575 1
18 89 1 -3.35991 1
18 90 1 0.294564 1
18 91 1 -0.275434 1
18 92 1 -2.02853 1
18 93 1 1.08201 1
18 94 1 -1.12409 1
18 95 1 1.18519 1
18 25 1 -0.363405 1
18 18 1 -0.982891 1
18 139 1 0.635339 1
19 64 1 5.92626 1
19 65 1 -0.30728 1
19 66 1 4.84212 1
19 67 1 -1.5992 1
19 68 1 -1.81265 1
19 69 1 2.27117 1
19 70 1 0.0723054 1
19 71 1 -2.0679 1
19 72 1 3.34307 1
19 73 1 1.74974 1
19 74 1 -0.203003 1
19 75 1 -0.219688 1
19 76 1 -3.51953 1
19 77 1 -1.23146 1
19 78 1 -1.68014 1
19 79 1 5.32927 1
19 80 1 -0.676597 1
19 81 1 -2.24148 1
19 82 1 0.351359 1
19 83 1 -2.64675 1
19 84 1 1.68469 1
19 85 1 2.58574 1
19 86 1 -0.970519 1
19 87 1 3.58213 1
19 88 1 -0.592236 1
19 89 1 4.801 1
19 90 1 -0.492236 1
19 91 1 -1.38785 1
19 92 1 -0.796193 1
19 93 1 -4.85404 1
19 94 1 -3.78976 1
19 95 1 -7.74485 1
20 64 1 1.92645 1
20 65 1 -1.31682 1
20 66 1 -3.13876 1
20 67 1 2.16002 1
20 68 1 -0.221566 1
20 69 1 1.35979 1
20 70 1 -3.16293 1
20 71 1 3.53188 1
20 72 1 1.17836 1
20 73 1 2.59024 1
20 74 1 2.12606 1
20 75 1 3.45655 1
20 76 1 -0.672287 1
20 77 1 -2.87085 1
20 78 1 2.34481 1
20 79 1 2.24252 1
20 80 1 -0.13942 1
20 81 1 -0.0902578 1
20 82 1 3.57 1
20 83 1 1.46785 1
20 84 1 4.08425 1
20 85 1 -5.35975 1
20 86 1 -0.00932775 1
20 87 1 -0.788204 1
20 88 1 1.45977 1
20 89 1 0.182015 1
20 90 1 3.04976 1
20 91 1 1.42132 0
20 92 1 0.00398493 1
20 93 1 1.66763 0
20 94 1 2.88593 0
20 95 1 -0.519892 1
20 96 1 -3.15986 1
20 98 1 1.74177 1
20 103 1 0.413439 1
20 109 1 -0.105794 1
103 91 1 0.702609 0
103 105 1 2.53467 1
103 112 1 -2.37555 0
103 123 1 -3.17985 1
103 140 1 -2.1193 1
140 112 1 1.83337 1
123 91 1 0.193227 1
123 113 1 -0.97561 0
123 136 1 1.07793 1
123 137 1 0.454023 1
136 113 1 -1.31693 1
136 6 1 0.00270057 1
105 91 1 1.45267 0
105 129 1 0.17416 1
129 91 1 1.27726 0
129 135 1 2.30044 1
129 116 1 1.67097 1
135 91 1 -2.32849 1
98 93 1 1.75571 1
98 99 1 6.16239 1
98 15 1 1.29615 1
96 94 1 1.55971 1
96 20 1 -0.460675 0
96 155 1 1.22082 1
155 20 1 -2.05371 1
21 64 1 2.58659 1
21 65 1 7.77983 1
21 66 1 -4.98071 1
21 67 1 -4.55821 1
21 68 1 -1.80529 1
21 69 1 1.13822 1
21 70 1 -1.3535 1
21 71 1 -4.60223 1
21 72 1 -7.84466 1
21 73 1 -1.20969 1
21 74 1 0.607439 1
21 75 1 1.89502 1
21 76 1 -0.771394 1
21 77 1 -2.11708 1
21 78 1 -1.23776 1
21 79 1 -1.26677 1
21 80 1 0.87902 1
21 81 1 -2.32371 1
21 82 1 -0.568154 1
21 83 1 -1.70139 1
21 84 1 7.45495 1
21 85 1 0.471891 1
21 86 1 0.985692 1
21 87 1 -0.199733 1
21 88 1 5.04254 1
21 89 1 1.523 1
21 90 1 0.00959601 1
21 91 1 -0.866631 0
21 92 1 2.18825 1
21 93 1 2.09158 1
21 94 1 -4.17943 1
21 95 1 0.234989 1
21 143 1 2.98425 1
143 91 1 -1.66951 1
22 64 1 1.45591 1
22 65 1 -0.294448 1
22 66 1 0.925537 1
22 67 1 5.43599 1
22 68 1 -0.273196 1
22 69 1 -1.73344 1
22 70 1 -2.03109 1
22 71 1 0.614538 1
22 72 1 -3.86907 1
22 73 1 1.81707 1
22 74 1 -6.16864 1
22 75 1 -2.35068 1
22 76 1 0.918749 1
22 77 1 0.0248589 1
22 78 1 4.06878 1
22 79 1 5.197 1
22 80 1 0.288 1
22 81 1 -1.03965 1
22 82 1 1.40328 1
22 83 1 -0.672007 1
22 84 1 -1.80613 1
22 85 1 2.46602 1
22 86 1 -0.0231745 1
22 87 1 6.82877 1
22 88 1 -4.05726 1
22 89 1 0.269382 1
22 90 1 2.50075 1
22 91 1 -0.0846141 1
22 92 1 2.40228 1
22 93 1 3.39045 1
22 94 1 4.32184 1
22 95 1 1.71598 1
23 64 1 -3.12108 1
23 65 1 2.629 1
23 66 1 1.96384 1
23 67 1 3.10192 1
23 68 1 -3.10978 1
23 69 1 1.29022 1
23 70 1 3.53304 1
23 71 1 -5.12749 1
23 72 1 -0.467835 1
23 73 1 -0.928159 1
23 74 1 2.68532 1
23 75 1 1.81783 1
23 76 1 3.34422 1
23 77 1 3.97004 1
23 78 1 0.877054 1
23 79 1 -4.16701 1
23 80 1 2.31416 1
23 81 1 -0.744949 1
23 82 1 -3.26313 1
23 83 1 0.520608 1
23 84 1 3.70711 1
23 85 1 -2.33639 1
23 86 1 -11.828 1
23 87 1 0.199354 1
23 88 1 1.80626 1
23 89 1 -1.51072 1
23 90 1 -4.56382 1
23 91 1 -1.22599 1
23 92 1 2.42823 1
23 93 1 1.83199 1
23 94 1 -3.29167 1
23 95 1 0.446814 1
23 107 1 0.850107 1
23 27 1 -0.402743 1
24 64 1 -2.07764 1
24 65 1 1.49823 1
24 66 1 -1.54327 1
24 67 1 5.55956 1
24 68 1 -6.27443 1
24 69 1 2.90546 0
24 70 1 1.34595 1
24 71 1 4.60983 1
24 72 1 1.09961 1
24 73 1 1.77001 1
24 74 1 1.40737 1
24 75 1 1.27393 1
24 76 1 -1.63235 1
24 77 1 0.210512 1
24 78 1 -4.8544 1
24 79 1 -0.940783 1
24 80 1 4.03923 1
24 81 1 1.95339 1
24 82 1 -1.28297 1
24 83 1 -3.3436 1
24 84 1 -3.43744 1
24 85 1 -1.54252 1
24 86 1 -5.12873 1
24 87 1 4.50378 1
24 88 1 -1.76984 1
24 89 1 7.82452 1
24 90 1 3.95773 1
24 91 1 -4.57468 1
24 92 1 -0.269595 1
24 93 1 -0.455524 1
24 94 1 -2.27736 1
24 95 1 -2.12601 1
24 5 1 1.14701 1
24 168 1 1.10365 1
168 69 1 2.82176 1
25 64 1 -0.317797 1
25 65 1 1.54773 1
25 66 1 -2.51088 1
25 67 1 -1.33695 1
25 68 1 3.61247 1
25 69 1 -4.1215 1
25 70 1 1.64562 0
25 71 1 -1.87902 1
25 72 1 2.54684 1
25 73 1 2.47658 1
25 74 1 1.79192 1
25 75 1 -2.84678 1
25 76 1 -0.833222 1
25 77 1 -1.02677 1
25 78 1 4.12384 1
25 79 1 1.27747 1
25 80 1 -1.04362 1
25 81 1 -2.39995 1
25 82 1 -0.690097 1
25 83 1 3.36911 1
25 84 1 -2.13854 1
25 85 1 -0.717737 1
25 86 1 3.35504 1
25 87 1 0.31373 1
25 88 1 -0.605169 1
25 89 1 -0.225008 1
25 90 1 -3.04058 1
25 91 1 1.99481 1
25 92 1 1.76947 1
25 93 1 -0.966174 1
25 94 1 -1.99475 1
25 95 1 -3.76334 1
25 8 1 0.985196 1
25 6 1 -2.58319 1
25 121 1 -0.697519 1
121 70 1 6.63153 1
26 64 1 -2.82508 1
26 65 1 1.41722 1
26 66 1 0.121232 1
26 67 1 1.60986 1
26 68 1 0.115687 1
26 69 1 1.79415 1
26 70 1 -1.82223 1
26 71 1 1.09625 1
26 72 1 -2.30395 1
26 73 1 0.878525 1
26 74 1 -7.6019 1
26 75 1 2.18912 1
26 76 1 0.770559 1
26 77 1 -3.22536 1
26 78 1 3.10795 1
26 79 1 -0.221737 1
26 80 1 -2.45903 1
26 81 1 3.75699 1
26 82 1 1.23088 1
26 83 1 1.8903 1
26 84 1 -6.2022 1
26 85 1 0.81586 1
26 86 1 -3.27358 1
26 87 1 1.87947 1
26 88 1 -4.88146 1
26 89 1 0.431916 1
26 90 1 -3.10566 1
26 91 1 -4.46499 1
26 92 1 0.70735 1
26 93 1 -2.07561 1
26 94 1 1.99292 1
26 95 1 -1.15368 1
26 23 1 4.3675 1
26 15 1 1.42194 1
26 161 1 0.0226683 1
27 64 1 -3.52685 1
27 65 1 3.26656 1
27 66 1 3.0246 1
27 67 1 -1.28491 1
27 68 1 1.98213 1
27 69 1 0.557204 1
27 70 1 4.78539 1
27 71 1 -5.95432 1
27 72 1 -0.839542 1
27 73 1 1.79181 1
27 74 1 -3.42323 1
27 75 1 4.46382 1
27 76 1 -4.08726 1
27 77 1 0.186872 1
27 78 1 0.357118 1
27 79 1 0.563114 1
27 80 1 -1.17299 1
27 81 1 -1.54872 1
27 82 1 2.26946 1
27 83 1 1.5523 1
27 84 1 1.3093 1
27 85 1 -0.974124 1
27 86 1 -3.33309 1
27 87 1 -0.815332 1
27 88 1 -5.75428 1
27 89 1 -5.66835 1
27 90 1 4.96242 1
27 91 1 -2.11004 1
27 92 1 -1.03273 1
27 93 1 -0.517897 1
27 94 1 1.16765 1
27 95 1 -0.397512 1
27 9 1 2.11671 1
27 5 1 -1.23239 1
28 64 1 2.75926 1
28 65 1 -1.07704 1
28 66 1 -2.21497 1
28 67 1 6.13154 1
28 68 1 4.54014 1
28 69 1 0.874583 1
28 70 1 -0.906975 1
28 71 1 0.934555 1
28 72 1 -8.02479 1
28 73 1 0.723395 1
28 74 1 -1.16544 1
28 75 1 0.940441 1
28 76 1 1.13678 1
28 77 1 3.16122 1
28 78 1 -4.13026 1
28 79 1 2.74155 1
28 80 1 2.2245 1
28 81 1 -1.68774 1
28 82 1 3.71989 1
28 83 1 1.78748 1
28 84 1 4.31245 1
28 85 1 -6.46695 1
28 86 1 -1.36171 1
28 87 1 0.776037 1
28 88 1 -3.77392 1
28 89 1 2.77001 1
28 90 1 -2.50541 1
28 91 1 -0.900324 1
28 92 1 4.14641 1
28 93 1 -2.34177 1
28 94 1 4.25726 1
28 95 1 -2.2899 1
29 64 1 -1.35407 1
29 65 1 0.620366 1
29 66 1 -1.48466 1
29 67 1 2.02213 1
29 68 1 -8.02409 1
29 69 1 1.13739 1
29 70 1 -2.12067 1
29 71 1 -0.423268 1
29 72 1 -0.361395 1
29 73 1 -1.07554 1
29 74 1 -0.812691 1
29 75 1 0.635546 1
29 76 1 -1.26519 1
29 77 1 1.81145 1
29 78 1 -3.93299 1
29 79 1 -2.38147 1
29 80 1 2.32799 1
29 81 1 1.27289 1
29 82 1 1.75781 1
29 83 1 0.16051 1
29 84 1 0.0309762 1
29 85 1 -1.84204 1
29 86 1 -2.48236 1
29 87 1 -2.88084 1
29 88 1 -1.65891 1
29 89 1 -3.71513 1
29 90 1 -0.93545 1
29 91 1 -0.127024 1
29 92 1 2.36512 1
29 93 1 0.528751 1
29 94 1 -2.84038 1
29 95 1 1.57581 1
29 113 1 1.01022 1
30 64 1 -0.528995 1
30 65 1 5.05571 1
30 66 1 4.37231 1
30 67 1 0.613768 1
30 68 1 1.85915 1
30 69 1 2.25214 1
30 70 1 3.00969 1
30 71 1 -1.91046 1
30 72 1 -0.466335 1
30 73 1 2.7648 1
30 74 1 -1.04189 1
30 75 1 2.05799 1
30 76 1 2.45221 1
30 77 1 -1.17023 1
30 78 1 2.41805 1
30 79 1 4.56347 1
30 80 1 -2.18073 1
30 81 1 -0.69208 1
30 82 1 5.39212 1
30 83 1 2.9035 1
30 84 1 0.328994 1
30 85 1 -2.52928 1
30 86 1 -2.97188 1
30 87 1 -2.29914 1
30 88 1 1.71198 1
30 89 1 -2.82868 1
30 90 1 -0.0918148 1
30 91 1 6.10407 1
30 92 1 -0.544215 1
30 93 1 2.19495 1
30 94 1 3.03004 1
30 95 1 -1.73487 1
30 28 1 0.5796 1
31 64 1 3.07722 1
31 65 1 -0.928677 1
31 66 1 -4.96369 1
31 67 1 6.95875 1
31 68 1 3.76589 1
31 69 1 0.0961844 1
31 70 1 -1.76564 1
31 71 1 1.90295 1
31 72 1 -4.14062 1
31 73 1 -1.12339 1
31 74 1 4.08773 1
31 75 1 1.1905 1
31 76 1 -0.997928 1
31 77 1 0.215247 1
31 78 1 -3.68113 1
31 79 1 0.476186 1
31 80 1 -1.03464 1
31 81 1 -3.3461 1
31 82 1 -0.360482 1
31 83 1 -1.59014 1
31 84 1 -3.59931 1
31 85 1 -3.92835 1
31 86 1 0.72341 1
31 87 1 -2.47081 0
31 88 1 2.69201 1
31 89 1 -1.18858 1
31 90 1 -0.950089 1
31 91 1 -3.75647 1
31 92 1 -0.538936 1
31 93 1 -0.949952 1
31 94 1 1.79906 1
31 95 1 -2.28764 1
31 122 1 2.37936 1
31 10 1 -1.35561 1
122 87 1 -1.50845 1
32 64 1 7.62855 1
32 65 1 0.644199 1
32 66 1 -4.55238 1
32 67 1 2.02627 1
32 68 1 0.0525788 1
32 69 1 3.27409 1
32 70 1 -0.580214 1
32 71 1 3.63888 1
32 72 1 -4.61886 1
32 73 1 1.65372 1
32 74 1 -0.951299 1
32 75 1 4.46854 1
32 76 1 -1.84808 1
32 77 1 5.12785 1
32 78 1 -0.210388 1
32 79 1 0.514868 1
32 80 1 -0.37622 1
32 81 1 -0.727447 1
32 82 1 -2.83633 1
32 83 1 -2.8401 1
32 84 1 2.8519 1
32 85 1 -0.752366 1
32 86 1 -0.3254 1
32 87 1 -1.36254 1
32 88 1 -0.251188 1
32 89 1 -3.17485 1
32 90 1 2.93588 1
32 91 1 -3.57757 1
32 92 1 1.1529 1
32 93 1 1.87172 1
32 94 1 0.472757 1
32 95 1 -1.42589 1
33 64 1 2.22958 1
33 65 1 -6.5992 1
33 66 1 -2.3936 1
33 67 1 -2.18156 1
33 68 1 -1.12161 1
33 69 1 -2.18719 1
33 70 1 1.90301 1
33 71 1 4.6397 1
33 72 1 2.62532 1
33 73 1 3.84875 1
33 74 1 0.855373 1
33 75 1 -6.82664 1
33 76 1 -3.34794 1
33 77 1 2.05183 1
33 78 1 -2.17085 1
33 79 1 -3.92545 1
33 80 1 -0.684561 1
33 81 1 -1.68885 1
33 82 1 0.752517 1
33 83 1 0.0506216 1
33 84 1 0.997779 1
33 85 1 1.2033 1
33 86 1 3.1186 1
33 87 1 1.97194 1
33 88 1 3.16479 1
33 89 1 4.8358 1
33 90 1 -2.93902 1
33 91 1 -1.15596 1
33 92 1 1.61269 1
33 93 1 2.80109 1
33 94 1 0.358377 1
33 95 1 0.31849 1
33 20 1 -3.14628 1
33 107 1 -0.501739 1
33 13 1 1.5212 1
33 113 1 -1.88849 1
34 64 1 -1.40115 1
34 65 1 -0.701605 1
34 66 1 2.37866 1
34 67 1 1.05428 1
34 68 1 0.0575094 1
34 69 1 -2.28965 1
34 70 1 -1.51126 1
34 71 1 -3.01889 1
34 72 1 -3.69956 1
34 73 1 -3.82905 1
34 74 1 2.69224 1
34 75 1 7.29434 1
34 76 1 -0.208992 1
34 77 1 1.19551 1
34 78 1 -0.15316 1
34 79 1 1.94019 1
34 80 1 2.07029 1
34 81 1 -2.08643 1
34 82 1 0.422581 1
34 83 1 2.15835 1
34 84 1 0.486162 1
34 85 1 -0.172457 1
34 86 1 -1.14145 1
34 87 1 -0.236686 1
34 88 1 0.232245 1
34 89 1 -1.48846 1
34 90 1 -4.6532 1
34 91 1 2.66531 1
34 92 1 2.73076 1
34 93 1 -2.30351 1
34 94 1 2.17643 1
34 95 1 1.79915 1
34 113 1 0.568738 1
35 64 1 0.475669 1
35 65 1 -0.446619 1
35 66 1 0.443358 1
35 67 1 5.39023 1
35 68 1 3.07386 1
35 69 1 2.8797 1
35 70 1 2.87776 1
35 71 1 3.98232 1
35 72 1 3.73387 1
35 73 1 6.96933 1
35 74 1 0.0686817 1
35 75 1 -1.48427 1
35 76 1 -4.04186 1
35 77 1 0.341737 1
35 78 1 -1.78946 1
35 79 1 2.97454 1
35 80 1 -7.14866 1
35 81 1 -0.830347 1
35 82 1 3.80176 0
35 83 1 -1.88754 1
35 84 1 5.44664 1
35 85 1 -4.83024 1
35 86 1 -1.06546 1
35 87 1 -2.19702 1
35 88 1 -0.730175 1
35 89 1 1.57732 0
35 90 1 -0.190191 1
35 91 1 -0.410137 1
35 92 1 -2.46302 1
35 93 1 -3.77995 1
35 94 1 -0.476487 1
35 95 1 0.464808 1
35 130 1 1.99048 1
35 133 1 5.68064 1
133 82 1 2.10101 1
130 89 1 1.57888 1
36 64 1 2.31926 1
36 65 1 2.59776 1
36 66 1 1.97225 1
36 67 1 -1.45675 1
36 68 1 -5.54291 1
36 69 1 -2.29837 1
36 70 1 -2.44608 1
36 71 1 1.82954 1
36 72 1 -2.16092 1
36 73 1 -0.535466 1
36 74 1 -1.67521 1
36 75 1 -0.339766 1
36 76 1 0.324305 1
36 77 1 -6.85165 1
36 78 1 1.05593 1
36 79 1 3.89415 1
36 80 1 2.99948 1
36 81 1 -0.414872 1
36 82 1 -1.69675 0
36 83 1 -0.20181 1
36 84 1 3.31243 1
36 85 1 -2.26068 1
36 86 1 1.47417 1
36 87 1 0.530528 1
36 88 1 -2.53746 1
36 89 1 0.630827 1
36 90 1 -3.74402 1
36 91 1 1.52698 1
36 92 1 4.55697 1
36 93 1 2.93564 1
36 94 1 -0.904498 1
36 95 1 7.52574 1
36 109 1 -0.453669 0
36 24 1 -2.6886 1
36 117 1 2.61441 1
117 109 1 1.77659 1
117 4 1 0.57039 1
109 82 1 1.06358 1
109 31 1 1.62885 1
37 64 1 -5.45059 1
37 65 1 1.54589 1
37 66 1 -4.36351 1
37 67 1 -2.36942 1
37 68 1 -3.57212 1
37 69 1 3.0207 1
37 70 1 -5.93158 1
37 71 1 -2.73827 1
37 72 1 3.21665 1
37 73 1 3.08416 1
37 74 1 -0.203646 1
37 75 1 -0.180061 1
37 76 1 2.15532 0
37 77 1 3.58858 1
37 78 1 -0.00558766 1
37 79 1 2.0833 1
37 80 1 3.53231 1
37 81 1 2.52195 1
37 82 1 3.34132 1
37 83 1 1.63894 1
37 84 1 -5.46223 1
37 85 1 0.889949 1
37 86 1 -0.304202 1
37 87 1 0.397154 1
37 88 1 -0.987184 1
37 89 1 -2.71857 1
37 90 1 -1.08516 1
37 91 1 1.46853 1
37 92 1 2.74579 1
37 93 1 0.60806 1
37 94 1 -2.70139 1
37 95 1 1.14867 1
37 142 1 2.85044 1
37 160 1 0.540474 1
142 76 1 0.23414 1
142 147 1 -1.44509 1
142 6 1 -0.258814 1
38 64 1 0.170268 1
38 65 1 -2.16008 1
38 66 1 -1.80185 1
38 67 1 -1.32682 1
38 68 1 -2.42366 1
38 69 1 -4.45702 1
38 70 1 -0.496693 1
38 71 1 -0.120029 1
38 72 1 1.80408 1
38 73 1 1.83478 1
38 74 1 -0.922386 1
38 75 1 3.05374 1
38 76 1 3.48953 1
38 77 1 -1.39707 1
38 78 1 -0.752687 1
38 79 1 -1.20574 1
38 80 1 -2.71687 1
38 81 1 -1.52181 1
38 82 1 1.60711 1
38 83 1 -1.1415 1
38 84 1 -1.98477 1
38 85 1 -2.45624 1
38 86 1 -0.850646 1
38 87 1 0.732396 0
38 88 1 2.0336 1
38 89 1 3.03058 1
38 90 1 0.0100407 1
38 91 1 2.06282 1
38 92 1 2.78216 0
38 93 1 -1.13815 1
38 94 1 -0.711599 1
38 95 1 -2.39808 1
38 148 1 2.65442 1
38 162 1 0.849236 1
162 87 1 0.577383 1
148 92 1 3.27035 1
39 64 1 2.92167 1
39 65 1 -1.64811 1
39 66 1 1.30955 1
39 67 1 -1.11573 1
39 68 1 0.734086 1
39 69 1 0.0868547 1
39 70 1 -0.0401985 1
39 71 1 -1.43351 1
39 72 1 -3.23421 1
39 73 1 -4.2289 1
39 74 1 0.995156 1
39 75 1 3.07791 0
39 76 1 4.68581 1
39 77 1 0.996292 1
39 78 1 -2.74325 1
39 79 1 -3.55431 1
39 80 1 -0.629086 1
39 81 1 -3.08589 1
39 82 1 -1.06843 1
39 83 1 -2.72748 1
39 84 1 -3.07744 1
39 85 1 0.382215 1
39 86 1 1.25249 1
39 87 1 0.00828262 1
39 88 1 -1.27416 1
39 89 1 -0.516764 1
39 90 1 3.97642 1
39 91 1 -0.233433 1
39 92 1 3.7922 1
39 93 1 0.6785 1
39 94 1 -4.19818 1
39 95 1 -3.19747 1
39 2 1 -4.17508 1
39 112 1 3.79539 1
39 13 1 -0.495898 1
39 104 1 0.701165 1
112 75 1 -2.28039 1
112 138 1 -1.46334 1
112 153 1 -0.691047 1
40 64 1 -5.44445 1
40 65 1 -1.42787 1
40 66 1 2.62464 1
40 67 1 0.781287 1
40 68 1 1.87678 1
40 69 1 2.20338 1
40 70 1 -1.62676 1
40 71 1 1.85428 1
40 72 1 1.99646 1
40 73 1 1.47063 1
40 74 1 -3.09199 1
40 75 1 2.52656 1
40 76 1 -2.83136 1
40 77 1 3.45613 1
40 78 1 3.56863 1
40 79 1 -1.25252 1
40 80 1 1.26725 1
40 81 1 1.05196 1
40 82 1 2.56859 1
40 83 1 -4.59522 1
40 84 1 -1.33634 1
40 85 1 0.641828 1
40 86 1 3.07958 1
40 87 1 1.56285 1
40 88 1 0.72074 1
40 89 1 -1.82984 1
40 90 1 -0.792181 1
40 91 1 -2.461 1
40 92 1 -4.82036 1
40 93 1 1.4329 1
40 94 1 -0.848046 1
40 95 1 2.55547 1
40 2 1 0.334777 1
40 134 1 0.184424 1
41 64 1 4.64558 1
41 65 1 -0.357408 1
41 66 1 1.07216 1
41 67 1 0.488549 1
41 68 1 2.91497 1
41 69 1 -1.31735 1
41 70 1 -0.884103 1
41 71 1 0.124716 1
41 72 1 5.40402 1
41 73 1 -5.97495 1
41 74 1 0.914337 1
41 75 1 2.95996 1
41 76 1 -5.28384 1
41 77 1 -1.02251 1
41 78 1 -3.43133 1
41 79 1 2.38557 1
41 80 1 1.79554 1
41 81 1 3.61828 1
41 82 1 -1.3179 1
41 83 1 2.72366 1
41 84 1 -2.9375 1
41 85 1 -0.0332362 1
41 86 1 1.63438 1
41 87 1 1.47884 1
41 88 1 3.37398 1
41 89 1 -2.39121 1
41 90 1 -1.82982 1
41 91 1 1.13044 1
41 92 1 0.899646 1
41 93 1 -1.00423 1
41 94 1 -0.914691 1
41 95 1 -0.345968 1
41 11 1 3.23641 1
41 29 1 -2.61986 1
41 97 1 -2.28694 1
42 64 1 0.405234 1
42 65 1 -0.412889 1
42 66 1 -0.97956 1
42 67 1 0.842943 1
42 68 1 -3.15307 1
42 69 1 0.783551 1
42 70 1 -0.866825 1
42 71 1 -0.720485 1
42 72 1 -0.595323 1
42 73 1 -2.25 1
42 74 1 4.565 1
42 75 1 -2.69215 1
42 76 1 -2.62449 1
42 77 1 0.0215554 1
42 78 1 -1.78981 1
42 79 1 1.33892 1
42 80 1 -1.82518 1
42 81 1 2.62573 1
42 82 1 4.33447 1
42 83 1 3.40781 1
42 84 1 1.31139 1
42 85 1 -0.285189 1
42 86 1 2.16568 1
42 87 1 -2.32833 1
42 88 1 -1.79251 1
42 89 1 -0.302782 1
42 90 1 3.00392 1
42 91 1 1.25753 1
42 92 1 -0.188629 1
42 93 1 2.13737 1
42 94 1 -3.07075 1
42 95 1 0.39778 1
43 64 1 1.39796 1
43 65 1 -2.73125 1
43 66 1 2.87509 1
43 67 1 0.220254 1
43 68 1 0.0130146 1
43 69 1 -1.63633 1
43 70 1 0.485532 1
43 71 1 -2.95833 1
43 72 1 0.777168 1
43 73 1 -7.12346 1
43 74 1 3.11317 1
43 75 1 -2.0072 1
43 76 1 -1.99818 1
43 77 1 -0.262256 1
43 78 1 1.06473 1
43 79 1 -3.02831 1
43 80 1 -0.0176254 1
43 81 1 1.74426 1
43 82 1 3.24539 1
43 83 1 -1.98847 1
43 84 1 -0.486173 1
43 85 1 2.76218 1
43 86 1 2.13868 1
43 87 1 6.37444 1
43 88 1 1.81901 1
43 89 1 3.80237 1
43 90 1 0.0927317 1
43 91 1 -3.12129 1
43 92 1 3.48649 1
43 93 1 2.25578 1
43 94 1 -2.63147 1
43 95 1 1.55997 1
44 64 1 0.741277 1
44 65 1 -4.46332 1
44 66 1 0.330196 1
44 67 1 -2.95967 1
44 68 1 0.188015 1
44 69 1 -1.24749 1
44 70 1 3.23135 1
44 71 1 2.76338 1
44 72 1 -2.57255 1
44 73 1 2.70643 1
44 74 1 -1.90416 1
44 75 1 -3.45071 1
44 76 1 0.90408 1
44 77 1 3.42341 1
44 78 1 2.27479 1
44 79 1 0.781686 1
44 80 1 4.59722 1
44 81 1 -3.34468 1
44 82 1 1.44631 1
44 83 1 -1.38049 1
44 84 1 0.245599 1
44 85 1 -0.83105 1
44 86 1 3.07082 1
44 87 1 2.20253 1
44 88 1 0.837637 1
44 89 1 2.30439 1
44 90 1 2.50481 1
44 91 1 1.56992 1
44 92 1 -1.88415 1
44 93 1 3.75903 1
44 94 1 -2.15949 1
44 95 1 -0.803327 1
44 8 1 -1.03629 1
44 29 1 2.03533 1
45 64 1 -1.84765 1
45 65 1 0.534585 1
45 66 1 -0.0116367 1
45 67 1 2.9496 1
45 68 1 -0.645045 1
45 69 1 -6.68559 1
45 70 1 -3.55465 1
45 71 1 0.886759 1
45 72 1 -4.83814 1
45 73 1 3.29421 1
45 74 1 3.05581 1
45 75 1 4.52605 1
45 76 1 -1.75257 1
45 77 1 0.142842 1
45 78 1 -3.23473 1
45 79 1 2.10818 1
45 80 1 -1.66908 1
45 81 1 0.772233 1
45 82 1 0.214416 1
45 83 1 -4.52437 1
45 84 1 1.13839 1
45 85 1 -3.13189 1
45 86 1 0.38622 1
45 87 1 1.21975 1
45 88 1 1.59223 1
45 89 1 -4.44312 1
45 90 1 1.85982 1
45 91 1 5.08315 1
45 92 1 -3.38819 1
45 93 1 -7.12675 1
45 94 1 2.47891 1
45 95 1 -4.50873 1
45 9 1 5.81473 1
45 20 1 0.671507 1
45 17 1 0.00770627 1
46 64 1 0.447926 1
46 65 1 -0.538005 1
46 66 1 2.23641 1
46 67 1 1.71063 1
46 68 1 -5.33561 1
46 69 1 -1.02399 1
46 70 1 0.448274 1
46 71 1 -3.24891 1
46 72 1 3.79807 1
46 73 1 -3.84324 1
46 74 1 -0.760769 1
46 75 1 1.06917 0
46 76 1 -5.88491 1
46 77 1 3.78013 1
46 78 1 -0.101711 1
46 79 1 0.0983409 1
46 80 1 3.26264 1
46 81 1 2.05716 1
46 82 1 -1.01576 1
46 83 1 3.00073 1
46 84 1 -0.982492 1
46 85 1 1.44347 1
46 86 1 -1.76952 1
46 87 1 4.32182 1
46 88 1 0.489517 1
46 89 1 -4.84802 1
46 90 1 -3.29751 1
46 91 1 -0.11715 1
46 92 1 0.125677 1
46 93 1 -1.94479 1
46 94 1 0.912546 1
46 95 1 -0.684283 1
46 24 1 2.58962 1
46 169 1 1.02581 1
169 75 1 0.890486 1
47 64 1 -0.73442 1
47 65 1 0.0816659 1
47 66 1 -0.920548 1
47 67 1 2.55978 1
47 68 1 -0.318092 1
47 69 1 4.08926 1
47 70 1 -2.51115 1
47 71 1 0.529726 1
47 72 1 -0.546927 1
47 73 1 6.97393 0
47 74 1 -1.56391 1
47 75 1 -1.47351 1
47 76 1 -3.04678 1
47 77 1 -8.45774 1
47 78 1 -2.80353 1
47 79 1 1.31716 1
47 80 1 4.3429 1
47 81 1 -4.81646 1
47 82 1 3.03729 1
47 83 1 0.595222 1
47 84 1 -4.4243 1
47 85 1 -0.919597 1
47 86 1 -2.98386 1
47 87 1 5.78874 1
47 88 1 2.89466 1
47 89 1 0.595251 1
47 90 1 5.59533 1
47 91 1 0.906916 1
47 92 1 -0.302914 1
47 93 1 -0.00493342 1
47 94 1 2.27248 1
47 95 1 -2.69776 1
47 4 1 -0.141541 1
47 137 1 1.60984 1
137 73 1 3.62649 0
137 156 1 0.32534 1
156 73 1 3.16755 1
48 64 1 -1.28094 1
48 65 1 -2.13652 1
48 66 1 2.41181 1
48 67 1 -3.53038 1
48 68 1 -7.26173 1
48 69 1 -4.93592 1
48 70 1 0.502518 1
48 71 1 1.18784 1
48 72 1 -6.04695 1
48 73 1 4.0368 1
48 74 1 4.22405 1
48 75 1 -4.97253 1
48 76 1 0.45083 1
48 77 1 -0.296106 1
48 78 1 -0.607056 1
48 79 1 2.26864 1
48 80 1 0.169794 1
48 81 1 -2.92547 1
48 82 1 -0.458509 1
48 83 1 -0.329487 1
48 84 1 0.034396 1
48 85 1 0.812451 1
48 86 1 -1.38542 1
48 87 1 -0.533538 1
48 88 1 -2.44479 1
48 89 1 -0.951748 1
48 90 1 2.12537 1
48 91 1 1.18681 1
48 92 1 -4.6976 1
48 93 1 0.787192 1
48 94 1 4.97246 1
48 95 1 3.27944 1
48 16 1 1.27209 1
48 12 1 0.949304 1
48 14 1 -1.0854 1
48 30 1 0.932454 1
49 64 1 -0.883568 1
49 65 1 -4.5714 1
49 66 1 0.57561 1
49 67 1 -0.402555 1
49 68 1 -4.47547 1
49 69 1 0.626663 1
49 70 1 0.446256 1
49 71 1 -2.67323 1
49 72 1 -1.34228 1
49 73 1 0.698051 1
49 74 1 3.76469 1
49 75 1 1.57304 1
49 76 1 -6.7547 1
49 77 1 -4.21984 1
49 78 1 -1.21673 0
49 79 1 2.69344 1
49 80 1 4.67494 1
49 81 1 -4.73515 1
49 82 1 1.53042 1
49 83 1 -1.46385 1
49 84 1 2.08814 1
49 85 1 -2.62994 1
49 86 1 -1.208 1
49 87 1 -1.21134 1
49 88 1 0.466047 1
49 89 1 1.6071 1
49 90 1 -2.38586 1
49 91 1 2.01623 1
49 92 1 3.3645 1
49 93 1 0.314445 1
49 94 1 1.16764 1
49 95 1 4.0265 1
49 19 1 -0.892633 1
49 31 1 -0.764179 1
49 15 1 -2.19864 1
49 158 1 0.234071 1
49 26 1 -1.1343 1
49 144 1 -1.22629 1
158 78 1 -0.655698 1
50 64 1 -4.60002 1
50 65 1 -1.6949 1
50 66 1 0.460597 1
50 67 1 -0.3286 1
50 68 1 1.59063 1
50 69 1 -1.5393 1
50 70 1 0.224321 1
50 71 1 7.94724 1
50 72 1 -2.625 1
50 73 1 3.91883 1
50 74 1 -1.39351 1
50 75 1 2.2214 1
50 76 1 -0.940217 1
50 77 1 0.0809915 1
50 78 1 1.99567 1
50 79 1 -1.8846 1
50 80 1 1.9779 1
50 81 1 0.0973124 1
50 82 1 -2.4988 1
50 83 1 2.27948 1
50 84 1 -1.06589 1
50 85 1 2.94169 1
50 86 1 3.05938 1
50 87 1 -2.66509 1
50 88 1 -3.25645 1
50 89 1 0.868172 1
50 90 1 0.522878 1
50 91 1 0.190173 1
50 92 1 0.195968 1
50 93 1 -2.56639 1
50 94 1 -2.49684 1
50 95 1 2.54179 1
50 4 1 4.77267 1
50 22 1 0.233675 1
51 64 1 -2.12254 1
51 65 1 2.8913 1
51 66 1 4.05969 1
51 67 1 -1.1188 1
51 68 1 0.0441878 1
51 69 1 -0.483937 1
51 70 1 1.73169 1
51 71 1 5.99382 1
51 72 1 -4.9136 1
51 73 1 -2.59962 0
51 74 1 -2.00105 1
51 75 1 3.92192 1
51 76 1 -2.60282 1
51 77 1 2.59242 1
51 78 1 5.0732 1
51 79 1 -1.49285 1
51 80 1 0.911681 1
51 81 1 -3.25805 1
51 82 1 -0.49361 1
51 83 1 4.57674 1
51 84 1 -2.11974 1
51 85 1 -0.401765 1
51 86 1 -1.69592 1
51 87 1 1.72621 1
51 88 1 0.244216 1
51 89 1 -0.71282 1
51 90 1 0.434955 1
51 91 1 -1.14547 1
51 92 1 1.33244 1
51 93 1 3.70677 1
51 94 1 -4.63326 1
51 95 1 -4.3842 1
51 116 1 0.671376 1
51 12 1 -1.383 1
116 73 1 -0.653129 0
116 134 1 2.73089 1
134 73 1 3.32405 1
52 64 1 -3.41973 1
52 65 1 3.84911 1
52 66 1 0.668388 1
52 67 1 0.203356 1
52 68 1 0.981934 1
52 69 1 6.34056 1
52 70 1 3.91239 1
52 71 1 -0.941017 1
52 72 1 -1.48689 1
52 73 1 2.82422 1
52 74 1 3.26802 1
52 75 1 2.0431 1
52 76 1 -4.86584 1
52 77 1 0.519153 1
52 78 1 2.9742 1
52 79 1 -0.467511 1
52 80 1 -1.0394 1
52 81 1 -0.772274 1
52 82 1 -2.2383 1
52 83 1 -1.62079 1
52 84 1 0.10675 1
52 85 1 -0.143287 1
52 86 1 -6.73857 1
52 87 1 -0.935334 1
52 88 1 0.350828 1
52 89 1 0.633237 1
52 90 1 -0.865363 1
52 91 1 0.130009 1
52 92 1 1.05951 1
52 93 1 -3.24116 0
52 94 1 2.31293 1
52 95 1 0.33404 1
52 115 1 0.901153 1
52 139 1 1.23005 1
52 23 1 -1.23566 1
139 93 1 -0.736054 1
53 64 1 -2.58009 1
53 65 1 0.453903 1
53 66 1 -1.11757 1
53 67 1 -1.86793 1
53 68 1 1.08502 1
53 69 1 1.17002 1
53 70 1 0.790191 0
53 71 1 0.263693 1
53 72 1 -1.7883 1
53 73 1 -0.135694 1
53 74 1 -0.257374 1
53 75 1 -3.75296 1
53 76 1 0.24651 1
53 77 1 1.97489 1
53 78 1 -0.276213 1
53 79 1 0.385741 1
53 80 1 1.55798 1
53 81 1 1.26087 1
53 82 1 3.66729 1
53 83 1 -1.20524 1
53 84 1 0.94269 1
53 85 1 2.09512 1
53 86 1 0.937974 1
53 87 1 0.110141 1
53 88 1 -0.362095 1
53 89 1 -0.247981 1
53 90 1 -3.66275 1
53 91 1 0.238316 1
53 92 1 2.82215 1
53 93 1 -1.25341 1
53 94 1 -0.935186 1
53 95 1 -2.5822 1
53 20 1 5.37781 1
53 23 1 1.03374 1
53 149 1 -0.255471 1
149 70 1 -2.42385 0
149 153 1 1.40461 1
149 126 1 -0.251689 1
153 70 1 0.771985 1
54 64 1 1.85708 1
54 65 1 0.444798 1
54 66 1 -1.65141 1
54 67 1 3.18395 1
54 68 1 4.03497 1
54 69 1 -4.38836 1
54 70 1 1.79999 1
54 71 1 5.43143 1
54 72 1 1.30781 1
54 73 1 1.62728 1
54 74 1 -0.439304 1
54 75 1 -2.45126 1
54 76 1 -2.69262 1
54 77 1 2.15614 1
54 78 1 -0.515036 1
54 79 1 1.75249 1
54 80 1 1.25732 1
54 81 1 3.55827 1
54 82 1 -2.63304 1
54 83 1 4.88074 1
54 84 1 1.82796 1
54 85 1 -0.205008 1
54 86 1 -3.40783 1
54 87 1 -0.0641409 1
54 88 1 2.01322 1
54 89 1 3.69103 1
54 90 1 -2.42383 1
54 91 1 4.4951 1
54 92 1 -2.09323 1
54 93 1 3.16648 1
54 94 1 -3.01378 1
54 95 1 -2.6162 1
54 30 1 0.244489 1
54 144 1 0.92985 1
55 64 1 0.548073 1
55 65 1 -3.23272 1
55 66 1 -3.05393 1
55 67 1 -1.02096 1
55 68 1 -0.337959 1
55 69 1 1.63478 1
55 70 1 3.26742 1
55 71 1 -3.93228 1
55 72 1 2.46105 1
55 73 1 -0.390675 1
55 74 1 2.0944 1
55 75 1 -2.44006 1
55 76 1 -5.08055 1
55 77 1 1.59432 1
55 78 1 0.5171 1
55 79 1 3.42706 1
55 80 1 -0.498455 1
55 81 1 2.14308 1
55 82 1 -0.00553342 1
55 83 1 0.639195 1
55 84 1 -0.0364164 1
55 85 1 -6.66194 1
55 86 1 1.83081 1
55 87 1 -0.591179 1
55 88 1 -3.67601 1
55 89 1 0.646833 1
55 90 1 -0.227365 1
55 91 1 1.22401 1
55 92 1 7.69808 1
55 93 1 -4.0105 1
55 94 1 -3.38143 1
55 95 1 -0.472687 0
55 28 1 4.44795 1
55 114 1 -0.252339 1
55 0 1 -2.89704 1
55 2 1 0.710469 1
114 95 1 0.117208 1
56 64 1 3.53608 1
56 65 1 -6.99434 1
56 66 1 1.11718 1
56 67 1 -1.00902 1
56 68 1 1.38441 0
56 69 1 -2.46267 1
56 70 1 0.068864 1
56 71 1 2.01006 1
56 72 1 -1.30947 1
56 73 1 -0.0407231 1
56 74 1 3.40698 1
56 75 1 4.24462 1
56 76 1 -4.18358 1
56 77 1 -2.74349 1
56 78 1 -1.76163 1
56 79 1 -1.4021 1
56 80 1 -1.65524 1
56 81 1 5.17675 1
56 82 1 2.16614 1
56 83 1 -2.07652 1
56 84 1 -1.83218 1
56 85 1 -0.867027 1
56 86 1 1.38357 1
56 87 1 -0.285096 1
56 88 1 -0.17059 1
56 89 1 0.829677 1
56 90 1 -1.47537 1
56 91 1 -1.26802 1
56 92 1 0.487317 1
56 93 1 3.08813 1
56 94 1 -1.33131 1
56 95 1 -2.06875 1
56 3 1 -1.75971 1
56 126 1 4.17506 1
126 68 1 2.86608 1
126 11 1 -2.55858 1
57 64 1 -4.2111 1
57 65 1 5.39378 1
57 66 1 -0.821304 1
57 67 1 -1.91899 1
57 68 1 1.11968 1
57 69 1 -0.913222 0
57 70 1 0.922568 1
57 71 1 2.43573 1
57 72 1 1.66475 1
57 73 1 -2.99603 1
57 74 1 2.40402 1
57 75 1 4.18104 1
57 76 1 4.39512 1
57 77 1 -6.28496 1
57 78 1 2.07653 1
57 79 1 -2.89638 1
57 80 1 1.79956 1
57 81 1 3.54805 1
57 82 1 5.09072 1
57 83 1 -2.386 1
57 84 1 0.202994 1
57 85 1 -1.83025 1
57 86 1 -0.74746 1
57 87 1 0.615887 1
57 88 1 0.790354 1
57 89 1 0.563725 1
57 90 1 0.80173 1
57 91 1 -3.79804 1
57 92 1 -2.32519 1
57 93 1 -1.63881 1
57 94 1 -2.03833 1
57 95 1 3.87407 1
57 104 1 4.40957 1
57 22 1 -0.0129393 1
104 69 1 2.48503 1
104 1 1 2.06935 1
104 107 1 0.746988 1
58 64 1 6.13692 1
58 65 1 -1.287 1
58 66 1 -1.76673 1
58 67 1 -0.731223 1
58 68 1 -2.98838 1
58 69 1 -0.709026 1
58 70 1 -1.66893 1
58 71 1 2.29104 1
58 72 1 0.213248 1
58 73 1 -2.24694 1
58 74 1 1.42348 1
58 75 1 2.26287 1
58 76 1 3.07083 1
58 77 1 1.37723 1
58 78 1 -3.23456 1
58 79 1 -1.29309 0
58 80 1 -4.31641 1
58 81 1 3.7068 1
58 82 1 2.13352 1
58 83 1 -0.732623 1
58 84 1 -3.04717 1
58 85 1 0.298429 1
58 86 1 1.28799 1
58 87 1 -2.23178 1
58 88 1 -3.38144 1
58 89 1 -2.28475 1
58 90 1 -1.14886 1
58 91 1 -2.69403 1
58 92 1 1.28506 1
58 93 1 1.45524 1
58 94 1 -1.64902 1
58 95 1 1.71647 1
58 128 1 1.72972 1
128 79 1 0.265275 0
128 131 1 2.1895 1
131 79 1 1.16468 0
131 160 1 0.0819685 1
160 79 1 2.83608 1
160 125 1 0.992362 1
59 64 1 -3.05659 1
59 65 1 2.81762 1
59 66 1 3.43626 1
59 67 1 -2.58442 1
59 68 1 1.99257 1
59 69 1 -2.17901 1
59 70 1 -1.18843 1
59 71 1 1.83171 1
59 72 1 0.957977 1
59 73 1 -0.448946 1
59 74 1 2.32992 1
59 75 1 -1.11111 1
59 76 1 3.65204 1
59 77 1 0.389507 0
59 78 1 1.58334 1
59 79 1 -2.84617 1
59 80 1 0.364885 1
59 81 1 1.99795 1
59 82 1 -5.15449 1
59 83 1 4.39522 1
59 84 1 0.750096 1
59 85 1 -4.01283 1
59 86 1 -4.79938 1
59 87 1 1.17495 1
59 88 1 2.94797 1
59 89 1 -0.238905 1
59 90 1 -0.342889 1
59 91 1 -0.996298 1
59 92 1 1.61611 1
59 93 1 2.61024 1
59 94 1 -5.49054 1
59 95 1 0.705645 1
59 97 1 -0.111633 1
59 5 1 -4.29954 1
59 11 1 -1.84295 1
59 13 1 1.84021 1
97 77 1 -7.86898 1
97 22 1 -0.73346 1
97 2 1 -5.96966 0
97 99 1 2.95219 1
97 7 1 4.58985 0
97 102 1 3.44851 1
97 17 1 2.41369 1
102 7 1 3.46721 1
99 2 1 0.981685 0
99 108 1 5.40459 1
99 15 1 2.09098 1
108 2 1 -0.790867 0
108 125 1 5.87774 1
125 2 1 2.81043 1
60 64 1 2.32033 1
60 65 1 -0.392233 1
60 66 1 2.23541 1
60 67 1 -0.240695 1
60 68 1 0.95271 1
60 69 1 1.99402 1
60 70 1 -1.50382 1
60 71 1 0.30702 1
60 72 1 0.383766 0
60 73 1 1.05292 1
60 74 1 2.82984 1
60 75 1 0.16824 1
60 76 1 -0.717563 1
60 77 1 4.97386 1
60 78 1 -2.92621 1
60 79 1 1.6243 1
60 80 1 -5.89442 1
60 81 1 -1.29272 1
60 82 1 -1.81197 1
60 83 1 1.70756 1
60 84 1 -2.36019 1
60 85 1 4.15369 1
60 86 1 3.08499 1
60 87 1 -0.409333 1
60 88 1 -4.57979 1
60 89 1 0.191468 1
60 90 1 -1.87028 1
60 91 1 1.11613 1
60 92 1 -0.415821 1
60 93 1 1.22076 1
60 94 1 -1.40479 1
60 95 1 -0.472603 1
60 24 1 -0.469712 1
60 0 1 3.46159 1
60 115 1 2.82269 1
60 3 1 -1.17704 1
115 72 1 -0.213691 1
115 18 1 1.11993 1
115 14 1 0.979702 1
115 19 1 -0.987731 1
61 64 1 -1.20634 1
61 65 1 0.585581 1
61 66 1 1.85007 1
61 67 1 0.549507 1
61 68 1 -3.81603 1
61 69 1 3.6753 1
61 70 1 1.95789 1
61 71 1 1.0531 1
61 72 1 -0.76495 1
61 73 1 0.487555 1
61 74 1 4.56467 1
61 75 1 5.33868 1
61 76 1 1.6768 1
61 77 1 -1.95715 0
61 78 1 -2.32679 1
61 79 1 0.401636 1
61 80 1 -3.02976 1
61 81 1 -1.17321 1
61 82 1 -0.401579 1
61 83 1 -0.929419 1
61 84 1 -2.45765 1
61 85 1 -1.98207 1
61 86 1 -0.662108 1
61 87 1 2.17413 1
61 88 1 -0.524847 1
61 89 1 0.43948 1
61 90 1 -1.27048 1
61 91 1 1.08505 1
61 92 1 0.204486 1
61 93 1 0.370578 1
61 94 1 0.267827 1
61 95 1 -1.83186 1
61 107 1 -0.480465 1
61 113 1 -0.947112 1
61 14 1 -2.07598 1
107 77 1 -6.69681 0
107 113 1 -0.482741 1
107 14 1 -3.15886 1
107 20 1 1.33878 1
113 77 1 -1.54732 0
113 23 1 -1.67993 1
113 147 1 0.691488 1
113 159 1 0.604011 1
159 77 1 -2.023 0
159 161 1 0.74111 1
161 77 1 -0.919541 1
62 64 1 0.00135479 1
62 65 1 -1.43456 1
62 66 1 2.96614 1
62 67 1 -0.678059 1
62 68 1 1.62378 1
62 69 1 -1.90218 1
62 70 1 0.405024 1
62 71 1 -4.03303 1
62 72 1 4.49033 1
62 73 1 1.56362 1
62 74 1 2.46309 1
62 75 1 -0.779541 1
62 76 1 2.91957 1
62 77 1 -3.65851 1
62 78 1 -2.98708 1
62 79 1 -1.7087 1
62 80 1 -0.844902 1
62 81 1 0.685297 1
62 82 1 -1.05349 1
62 83 1 2.40711 1
62 84 1 -2.25582 0
62 85 1 1.46411 1
62 86 1 2.95728 1
62 87 1 -1.45898 1
62 88 1 0.0867079 1
62 89 1 -2.78436 1
62 90 1 -7.39169 1
62 91 1 0.000792153 1
62 92 1 0.117236 1
62 93 1 -0.488561 1
62 94 1 0.709331 1
62 95 1 -1.92065 1
62 5 1 0.522207 1
62 138 1 0.961957 0
62 152 1 0.871619 1
152 138 1 2.0867 1
138 84 1 -1.47043 1
63 64 1 2.39936 1
63 65 1 -0.303625 1
63 66 1 5.78511 1
63 67 1 -1.78631 1
63 68 1 0.437051 1
63 69 1 -5.09833 1
63 70 1 -1.98458 1
63 71 1 2.1857 1
63 72 1 -1.25787 1
63 73 1 3.47698 1
63 74 1 -6.79537 1
63 75 1 0.525151 1
63 76 1 -1.83931 0
63 77 1 1.367 1
63 78 1 0.63241 1
63 79 1 -0.528729 1
63 80 1 1.96597 1
63 81 1 -2.4577 1
63 82 1 1.70292 1
63 83 1 -5.19897 1
63 84 1 -1.62047 1
63 85 1 -4.6054 1
63 86 1 5.36457 1
63 87 1 -3.02426 0
63 88 1 -0.959687 1
63 89 1 -3.18825 1
63 90 1 0.917891 1
63 91 1 -1.59052 1
63 92 1 1.28003 1
63 93 1 1.92494 1
63 94 1 -1.32519 1
63 95 1 -1.88499 1
63 141 1 4.12591 1
63 144 1 1.10182 1
144 76 1 -1.28481 0
144 147 1 4.09362 1
147 76 1 -2.62219 1
147 9 1 -0.0751895 1
141 87 1 -6.98036 1
141 10 1 0.63702 1
