169 64 32
3.04493 -2.38124 -5.8684 5.272 -6.32669 3.73912 0.126416 2.44019 0.317304 3.62875 3.51834 5.96241 -3.13903 -4.15354 -2.5913 -2.6331 1.01788 0.317975 -0.373723 -1.19304 -0.273609 0.779877 -0.894653 0.364642 -7.10678 -0.625853 3.46919 0.433091 -2.85399 -4.06668 -3.69796 -0.613469 -0.631905 -0.351122 1.68377 2.35256 -4.55863 1.4293 -0.788295 -1.18794 -0.0806479 1.15188 -1.21204 -2.8657 -3.95547 -1.62689 -4.53419 3.77766 0.168794 3.15995 0.322097 -4.34434 -4.22816 -1.43995 -0.692914 2.92855 -2.49694 3.35129 1.36544 -1.69811 2.55927 -1.90996 -1.48871 -4.39767 -5.86141 -2.13767 4.71393 2.63875 -4.1734 3.27941 -2.67213 -3.11123 -3.84763 -3.15613 3.57325 4.0468 -0.484235 0.804322 -0.970066 -3.81522 1.43147 0.992587 -5.08484 1.44406 2.10263 1.8337 -3.82447 -0.390644 4.82423 0.468872 -0.84976 2.14192 -1.23677 -0.697055 -0.633207 -0.88943 -0.699973 -0.428181 -0.715787 -2.05294 2.12781 -2.94097 -5.94544 -2.86821 -4.80582 1.14045 -1.66979 -3.42817 -1.89468 -0.0037558 -1.28885 1.48026 3.0695 -4.58799 1.57786 -0.873878 -3.02753 -0.252832 -0.878609 -0.982977 3.70549 -0.213921 0.439902 1.08197 1.15291 4.19519 0.736529 0.59636 0.210445 4.20991 -0.0616592 -0.501548 -1.76064 -0.0830588 -0.777704 -1.09484 0.000827182 -0.434637 -2.02527 -1.21854 1.6909 -0.730111 -0.769084 -2.01225 -0.696868 0.895235 -1.36286 -0.590033 1.17339 -3.83133 -0.274444 -1.0867 0.053135 -1.01282 0.4469 0.210037 -0.382203 1.67721 0.752121 1.18193 -1.00177 0.311011 0.224055 1.12215 1.68261 -0.229993 -0.176421 0.762285 -0.210201 
0 64 1 -3.3342 1
0 65 1 0.259138 1
0 66 1 3.15779 1
0 67 1 1.53689 1
0 68 1 -2.86858 1
0 69 1 2.46751 1
0 70 1 0.659535 1
0 71 1 0.937692 1
0 72 1 0.239298 1
0 73 1 -2.01068 1
0 74 1 -2.21387 1
0 75 1 1.23561 1
0 76 1 2.13286 1
0 77 1 1.06362 1
0 78 1 -1.92476 1
0 79 1 0.680615 1
0 80 1 3.56389 1
0 81 1 3.63092 1
0 82 1 5.70805 1
0 83 1 1.18764 1
0 84 1 -1.2739 1
0 85 1 3.61437 1
0 86 1 -1.12896 1
0 87 1 -2.23228 1
0 88 1 1.64279 1
0 89 1 3.30948 1
0 90 1 5.11015 1
0 91 1 5.44095 1
0 92 1 -4.0222 1
0 93 1 -1.78146 1
0 94 1 1.8947 1
0 95 1 0.204962 1
0 10 1 -2.42702 1
1 64 1 -1.04451 1
1 65 1 -4.21964 1
1 66 1 3.43816 1
1 67 1 -3.72234 1
1 68 1 4.89601 1
1 69 1 -1.43042 1
1 70 1 2.42456 1
1 71 1 -1.25422 1
1 72 1 -2.52089 1
1 73 1 -2.28505 1
1 74 1 -3.19909 1
1 75 1 3.97513 1
1 76 1 -1.97748 1
1 77 1 6.53553 1
1 78 1 -1.5613 1
1 79 1 -0.830371 1
1 80 1 -3.03653 1
1 81 1 1.72141 1
1 82 1 -1.09466 1
1 83 1 -5.48045 1
1 84 1 -2.6089 1
1 85 1 -0.943622 1
1 86 1 1.62298 1
1 87 1 -0.397922 1
1 88 1 0.0787261 1
1 89 1 3.65761 1
1 90 1 -2.77451 1
1 91 1 -1.48252 1
1 92 1 -1.4859 1
1 93 1 2.2507 1
1 94 1 -2.76284 1
1 95 1 -5.89611 1
1 27 1 1.27278 1
2 64 1 0.10597 1
2 65 1 -1.38258 1
2 66 1 -4.19494 1
2 67 1 -1.98965 1
2 68 1 -2.14786 1
2 69 1 1.55163 1
2 70 1 -0.580167 1
2 71 1 3.18701 1
2 72 1 -2.17886 1
2 73 1 -2.51377 1
2 74 1 -2.08235 1
2 75 1 -1.42734 1
2 76 1 -3.84853 1
2 77 1 -1.79322 1
2 78 1 -1.34506 1
2 79 1 -3.22653 1
2 80 1 -4.63895 1
2 81 1 -3.60079 1
2 82 1 -1.64464 1
2 83 1 -1.75571 1
2 84 1 1.27878 1
2 85 1 3.87911 1
2 86 1 0.567958 1
2 87 1 0.191281 1
2 88 1 1.15883 1
2 89 1 -4.84595 1
2 90 1 -4.27653 1
2 91 1 -0.339439 1
2 92 1 0.869163 1
2 93 1 -2.26564 1
2 94 1 2.28696 1
2 95 1 -0.361219 1
2 100 1 -0.743855 1
2 6 1 4.32776 1
2 110 1 -0.132487 1
3 64 1 -2.16641 1
3 65 1 -2.59992 1
3 66 1 0.0345263 1
3 67 1 0.810431 1
3 68 1 5.85145 1
3 69 1 -3.43766 1
3 70 1 -1.97298 1
3 71 1 -0.053783 1
3 72 1 9.05941 1
3 73 1 -0.691827 1
3 74 1 -0.0490971 1
3 75 1 3.58333 1
3 76 1 -0.227941 1
3 77 1 -0.521969 1
3 78 1 -2.05086 1
3 79 1 1.03383 1
3 80 1 -2.90209 1
3 81 1 -1.05872 1
3 82 1 5.24037 1
3 83 1 2.18534 1
3 84 1 -0.720825 1
3 85 1 -3.68256 1
3 86 1 0.344418 1
3 87 1 3.48549 1
3 88 1 -1.78613 1
3 89 1 2.33885 1
3 90 1 1.5115 1
3 91 1 2.44076 1
3 92 1 0.387455 1
3 93 1 -1.22811 1
3 94 1 -1.20373 1
3 95 1 3.61695 0
3 110 1 2.04041 1
110 95 1 -0.274498 0
110 111 1 -1.38039 0
110 132 1 1.70403 1
110 152 1 -0.94868 1
110 126 1 -0.510218 1
110 20 1 -0.878297 1
110 16 1 1.3817 1
132 111 1 3.27756 1
111 95 1 -2.07134 1
4 64 1 1.52805 1
4 65 1 0.553714 1
4 66 1 -0.283206 1
4 67 1 2.65878 1
4 68 1 0.500538 1
4 69 1 1.55168 1
4 70 1 -0.870685 1
4 71 1 -0.583641 1
4 72 1 -1.05579 1
4 73 1 -1.35136 0
4 74 1 0.0143364 1
4 75 1 -6.90767 0
4 76 1 0.100023 1
4 77 1 4.45893 1
4 78 1 -0.67154 1
4 79 1 1.81157 1
4 80 1 -4.4295 1
4 81 1 1.56725 1
4 82 1 0.292323 1
4 83 1 -2.36745 1
4 84 1 -0.992809 1
4 85 1 1.0801 1
4 86 1 2.80936 1
4 87 1 -1.18894 1
4 88 1 -2.73581 1
4 89 1 -1.44948 1
4 90 1 3.11312 1
4 91 1 -3.52322 1
4 92 1 -1.37444 1
4 93 1 -0.356668 0
4 94 1 -4.18425 1
4 95 1 1.72296 1
4 101 1 2.69565 1
4 17 1 3.98788 1
4 118 1 1.78092 1
4 145 1 0.680943 1
145 93 1 -0.0451896 1
118 73 1 -3.63255 1
101 75 1 1.0338 1
5 64 1 -1.33159 1
5 65 1 5.69519 1
5 66 1 -1.92561 1
5 67 1 8.89252 1
5 68 1 2.40327 1
5 69 1 4.63125 1
5 70 1 -1.13204 1
5 71 1 -0.175107 1
5 72 1 1.54302 1
5 73 1 -1.05645 1
5 74 1 -1.85396 1
5 75 1 3.20138 1
5 76 1 2.89783 1
5 77 1 -0.34647 1
5 78 1 1.01355 1
5 79 1 0.753141 1
5 80 1 2.32488 1
5 81 1 -0.644048 1
5 82 1 0.648517 1
5 83 1 3.83935 1
5 84 1 3.40441 1
5 85 1 2.25114 1
5 86 1 -1.39071 1
5 87 1 2.15507 1
5 88 1 0.19117 1
5 89 1 -3.73051 1
5 90 1 -2.05244 1
5 91 1 -0.777324 1
5 92 1 -0.907177 1
5 93 1 1.49115 1
5 94 1 -1.87718 1
5 95 1 0.337303 1
5 28 1 2.52399 1
6 64 1 0.256328 1
6 65 1 -1.04236 1
6 66 1 3.02813 1
6 67 1 4.47268 1
6 68 1 -4.202 1
6 69 1 -3.04909 1
6 70 1 -3.84148 1
6 71 1 0.0845052 1
6 72 1 2.92678 1
6 73 1 -2.58831 1
6 74 1 -4.57647 1
6 75 1 0.493367 1
6 76 1 4.75755 1
6 77 1 -1.43124 1
6 78 1 -0.737265 1
6 79 1 -1.82371 1
6 80 1 2.67073 1
6 81 1 -1.80956 1
6 82 1 1.27817 1
6 83 1 2.29008 1
6 84 1 1.86913 1
6 85 1 -4.76353 1
6 86 1 -0.0357324 1
6 87 1 4.5223 1
6 88 1 -1.71328 1
6 89 1 -2.21117 1
6 90 1 4.727 1
6 91 1 -0.562554 1
6 92 1 4.12035 1
6 93 1 -4.10789 1
6 94 1 -2.75128 1
6 95 1 3.53918 1
6 26 1 0.161326 1
7 64 1 4.10212 1
7 65 1 2.83346 1
7 66 1 1.69581 1
7 67 1 -5.98577 1
7 68 1 -2.27765 1
7 69 1 -2.50363 1
7 70 1 6.44914 1
7 71 1 3.31942 1
7 72 1 2.92012 1
7 73 1 -1.23845 1
7 74 1 -2.36155 1
7 75 1 0.856824 0
7 76 1 -0.0055103 1
7 77 1 2.13018 1
7 78 1 3.63375 1
7 79 1 2.39541 1
7 80 1 -0.78045 1
7 81 1 2.09787 1
7 82 1 -3.98787 0
7 83 1 1.75916 0
7 84 1 -3.3548 1
7 85 1 2.71984 1
7 86 1 0.267877 1
7 87 1 5.44116 1
7 88 1 -2.28562 1
7 89 1 -3.67624 1
7 90 1 0.999479 1
7 91 1 -2.7054 1
7 92 1 2.71875 1
7 93 1 -0.806485 1
7 94 1 0.374303 1
7 95 1 1.65966 1
7 100 1 0.333322 1
7 127 1 2.46907 1
7 164 1 1.40264 1
164 75 1 0.503435 1
127 82 1 -4.50346 1
100 83 1 2.41183 0
100 24 1 -2.39583 0
100 106 1 4.91533 1
100 166 1 0.686235 1
166 83 1 2.53138 1
106 24 1 -5.58306 1
106 6 1 -2.14841 1
8 64 1 3.13613 1
8 65 1 -4.17319 1
8 66 1 -0.525257 1
8 67 1 0.681044 1
8 68 1 -1.42182 1
8 69 1 3.48772 1
8 70 1 1.90221 1
8 71 1 3.1004 1
8 72 1 3.73842 1
8 73 1 -2.32531 1
8 74 1 -1.37914 1
8 75 1 -2.41771 1
8 76 1 0.0991302 1
8 77 1 2.72127 1
8 78 1 0.951723 1
8 79 1 -2.47328 1
8 80 1 1.71547 1
8 81 1 -2.3195 1
8 82 1 -0.883627 1
8 83 1 -2.83631 1
8 84 1 1.62652 1
8 85 1 8.80166 1
8 86 1 4.34274 1
8 87 1 2.16711 1
8 88 1 -1.35979 1
8 89 1 4.32602 1
8 90 1 0.322128 1
8 91 1 -0.693792 1
8 92 1 1.58269 1
8 93 1 3.9462 1
8 94 1 4.83824 1
8 95 1 -0.76693 1
8 17 1 -0.2743 1
9 64 1 -4.28421 1
9 65 1 -2.59534 1
9 66 1 1.19457 1
9 67 1 1.26297 1
9 68 1 -1.35046 1
9 69 1 -0.610753 1
9 70 1 -6.28253 1
9 71 1 -2.26354 1
9 72 1 3.133 1
9 73 1 -1.1932 1
9 74 1 -0.380961 1
9 75 1 2.05923 1
9 76 1 3.67 1
9 77 1 1.50782 1
9 78 1 3.84142 1
9 79 1 0.845872 0
9 80 1 -0.21899 1
9 81 1 0.462928 1
9 82 1 -3.41699 1
9 83 1 -0.552037 1
9 84 1 2.72305 1
9 85 1 2.20645 1
9 86 1 -0.214806 1
9 87 1 -0.654549 1
9 88 1 1.46953 1
9 89 1 4.38363 1
9 90 1 -1.35602 1
9 91 1 0.998547 1
9 92 1 -1.82239 1
9 93 1 -1.22609 1
9 94 1 -4.95784 1
9 95 1 0.577488 1
9 103 1 -2.40298 1
9 130 1 -0.797059 1
9 157 1 0.675601 1
157 79 1 0.439315 1
10 64 1 2.17404 1
10 65 1 -0.133475 1
10 66 1 5.68641 1
10 67 1 -4.12027 1
10 68 1 3.10475 1
10 69 1 -0.760782 1
10 70 1 -1.78938 1
10 71 1 -1.03313 1
10 72 1 5.41104 1
10 73 1 4.5798 1
10 74 1 1.74631 0
10 75 1 0.240232 1
10 76 1 2.65371 1
10 77 1 1.87086 1
10 78 1 0.259386 1
10 79 1 -5.73358 1
10 80 1 -2.33858 1
10 81 1 4.73822 1
10 82 1 2.21755 1
10 83 1 2.8257 1
10 84 1 5.95537 1
10 85 1 3.18445 1
10 86 1 -1.73428 1
10 87 1 -0.0574891 1
10 88 1 2.47471 1
10 89 1 1.0158 1
10 90 1 -1.38234 1
10 91 1 2.42899 1
10 92 1 -0.974266 1
10 93 1 -1.61131 1
10 94 1 4.24771 1
10 95 1 5.57564 0
10 124 1 1.71013 1
10 165 1 0.495808 1
165 95 1 5.04632 1
124 74 1 -0.134322 1
124 12 1 1.4932 1
11 64 1 3.72732 1
11 65 1 1.1455 1
11 66 1 4.22289 1
11 67 1 -1.35029 1
11 68 1 2.90421 1
11 69 1 1.83458 1
11 70 1 4.0821 1
11 71 1 -0.0337605 1
11 72 1 -5.7682 1
11 73 1 0.486816 1
11 74 1 -0.619999 0
11 75 1 -1.46258 1
11 76 1 -2.43541 1
11 77 1 0.405295 1
11 78 1 -1.46334 1
11 79 1 -1.52535 1
11 80 1 -1.96662 1
11 81 1 0.160575 1
11 82 1 5.61203 0
11 83 1 3.34476 1
11 84 1 1.26097 1
11 85 1 -0.516337 1
11 86 1 -3.9436 1
11 87 1 0.497812 1
11 88 1 -5.53603 1
11 89 1 1.06448 1
11 90 1 0.797166 1
11 91 1 -1.7855 1
11 92 1 -0.896379 1
11 93 1 3.31176 1
11 94 1 -1.88088 1
11 95 1 -5.27727 1
11 120 1 -4.53381 1
11 109 1 -1.19167 1
11 154 1 1.34842 1
11 8 1 -0.173861 1
154 82 1 5.77267 1
120 74 1 -3.58043 1
120 13 1 -0.893671 0
120 150 1 4.08086 1
150 13 1 2.49998 0
150 163 1 1.4272 1
163 13 1 1.30718 1
12 64 1 -2.43586 1
12 65 1 -1.80724 0
12 66 1 0.0803551 1
12 67 1 -3.61621 1
12 68 1 -0.0408424 1
12 69 1 -0.162309 1
12 70 1 -0.208871 1
12 71 1 -0.302369 1
12 72 1 3.40679 1
12 73 1 -4.89183 1
12 74 1 -1.79986 1
12 75 1 -0.603122 1
12 76 1 0.0165068 1
12 77 1 0.794173 1
12 78 1 -2.73956 1
12 79 1 -3.69298 1
12 80 1 -3.36935 1
12 81 1 -1.91333 1
12 82 1 3.76077 1
12 83 1 0.799624 1
12 84 1 1.65586 1
12 85 1 -1.60446 1
12 86 1 -3.48861 1
12 87 1 -0.818325 1
12 88 1 -2.00734 1
12 89 1 1.33234 1
12 90 1 -1.41234 1
12 91 1 -1.654 1
12 92 1 2.386 1
12 93 1 -3.46118 1
12 94 1 2.64341 1
12 95 1 -2.65512 1
12 17 1 -0.233161 1
12 18 1 0.0436456 1
12 144 1 -2.11393 1
12 167 1 1.49997 1
12 11 1 0.336511 1
167 65 1 -1.8718 1
13 64 1 -0.275194 1
13 65 1 -4.67755 1
13 66 1 -1.89375 1
13 67 1 1.57454 1
13 68 1 2.56068 1
13 69 1 -3.153 1
13 70 1 0.588065 1
13 71 1 1.11247 1
13 72 1 0.370736 1
13 73 1 -1.73666 1
13 74 1 -1.69395 1
13 75 1 -1.59375 1
13 76 1 -0.678776 1
13 77 1 -1.89469 1
13 78 1 2.59694 1
13 79 1 2.73902 1
13 80 1 0.315075 1
13 81 1 0.251649 1
13 82 1 2.49331 1
13 83 1 4.2445 1
13 84 1 -2.95 1
13 85 1 7.30417 1
13 86 1 4.6126 1
13 87 1 6.33589 1
13 88 1 3.4864 1
13 89 1 -1.34765 1
13 90 1 -5.49941 1
13 91 1 -5.01579 1
13 92 1 -2.67217 1
13 93 1 -3.30672 1
13 94 1 -0.142186 1
13 95 1 -3.40481 1
14 64 1 -2.67462 1
14 65 1 7.24728 1
14 66 1 -0.251443 1
14 67 1 0.391488 1
14 68 1 -1.40369 1
14 69 1 1.31513 1
14 70 1 -0.832765 1
14 71 1 0.490262 1
14 72 1 3.14758 1
14 73 1 1.51988 1
14 74 1 -0.233093 1
14 75 1 2.99475 1
14 76 1 -3.03682 1
14 77 1 0.831689 1
14 78 1 -1.54752 1
14 79 1 -0.479474 1
14 80 1 -0.984676 1
14 81 1 0.474389 0
14 82 1 3.87127 1
14 83 1 1.23566 1
14 84 1 0.922172 1
14 85 1 -1.98889 1
14 86 1 2.79502 1
14 87 1 -0.900645 1
14 88 1 -2.16085 1
14 89 1 1.52262 1
14 90 1 -0.998584 1
14 91 1 3.45457 1
14 92 1 5.09953 1
14 93 1 1.00358 1
14 94 1 6.24951 1
14 95 1 0.789209 1
14 104 1 -1.10547 1
14 119 1 2.37036 1
14 126 1 0.844183 1
119 81 1 4.37226 1
119 99 1 -0.276464 1
15 64 1 0.422926 1
15 65 1 2.59423 1
15 66 1 -4.40584 1
15 67 1 -1.50447 1
15 68 1 0.947263 1
15 69 1 -2.5979 1
15 70 1 6.38435 1
15 71 1 -1.34753 1
15 72 1 -1.65531 1
15 73 1 1.62652 1
15 74 1 1.40352 1
15 75 1 -0.584481 1
15 76 1 -0.248041 1
15 77 1 2.45434 1
15 78 1 -2.55157 1
15 79 1 -0.309587 1
15 80 1 2.405 1
15 81 1 -0.345829 1
15 82 1 -5.7468 1
15 83 1 0.34368 1
15 84 1 1.42458 1
15 85 1 -1.00832 1
15 86 1 0.32286 1
15 87 1 -5.98711 1
15 88 1 1.2587 1
15 89 1 3.17162 1
15 90 1 0.0975206 1
15 91 1 -4.52021 1
15 92 1 1.79065 1
15 93 1 -2.27892 1
15 94 1 0.497297 1
15 95 1 -0.539882 1
15 20 1 -1.58071 1
16 64 1 3.35873 1
16 65 1 0.661333 1
16 66 1 -1.85488 1
16 67 1 -4.19007 1
16 68 1 0.354562 1
16 69 1 -0.59177 1
16 70 1 2.50208 1
16 71 1 5.6782 1
16 72 1 -1.56925 1
16 73 1 -1.74756 1
16 74 1 -0.822868 1
16 75 1 2.53621 1
16 76 1 2.20698 1
16 77 1 0.0727545 1
16 78 1 -2.41973 1
16 79 1 -1.2212 0
16 80 1 1.37858 1
16 81 1 2.74528 1
16 82 1 -4.20859 1
16 83 1 2.55165 1
16 84 1 -1.04516 1
16 85 1 -0.812674 1
16 86 1 -0.0535024 1
16 87 1 -1.2827 1
16 88 1 0.677961 1
16 89 1 0.864732 1
16 90 1 -3.8544 1
16 91 1 3.37185 1
16 92 1 4.05001 1
16 93 1 -1.18601 1
16 94 1 -0.607259 1
16 95 1 -3.18915 1
16 26 1 -1.26501 1
16 151 1 1.38822 1
151 79 1 -0.638413 1
17 64 1 -2.36654 1
17 65 1 -0.0884629 1
17 66 1 -0.370687 1
17 67 1 4.04404 1
17 68 1 -0.572389 1
17 69 1 2.30765 1
17 70 1 0.799962 1
17 71 1 2.53124 1
17 72 1 -5.61452 0
17 73 1 3.25529 1
17 74 1 3.48906 1
17 75 1 -1.02247 1
17 76 1 -1.06067 1
17 77 1 2.03505 1
17 78 1 -1.27475 1
17 79 1 -3.91695 1
17 80 1 4.73346 1
17 81 1 3.90623 1
17 82 1 0.114442 1
17 83 1 -1.52925 1
17 84 1 -3.28783 1
17 85 1 2.34941 1
17 86 1 -0.975056 1
17 87 1 -2.56009 1
17 88 1 -5.69933 1
17 89 1 3.82577 1
17 90 1 -5.16684 1
17 91 1 6.27265 1
17 92 1 -0.166294 1
17 93 1 3.90126 1
17 94 1 3.53325 1
17 95 1 2.15952 1
17 146 1 2.7416 1
146 72 1 -3.69202 1
146 30 1 -0.748128 1
18 64 1 2.29791 1
18 65 1 -3.39228 1
18 66 1 4.39818 1
18 67 1 1.89926 1
18 68 1 -1.25455 1
18 69 1 0.120159 1
18 70 1 3.00839 1
18 71 1 -0.425847 1
18 72 1 2.07849 1
18 73 1 -0.300602 1
18 74 1 2.13253 1
18 75 1 -3.10636 1
18 76 1 4.96255 1
18 77 1 -2.42254 1
18 78 1 3.14065 1
18 79 1 0.972666 1
18 80 1 -6.93843 1
18 81 1 3.61842 1
18 82 1 -3.23028 1
18 83 1 4.25973 1
18 84 1 -2.92031 1
18 85 1 1.52537 1
18 86 1 5.44065 1
18 87 1 -2.19107 1
18 88 1 0.434535 1
18 89 1 -2.6609 1
18 90 1 0.842486 1
18 91 1 0.407251 1
18 92 1 -1.02176 1
18 93 1 1.26439 1
18 94 1 -1.3435 1
18 95 1 1.06949 1
18 25 1 -0.860014 1
18 18 1 -1.12691 1
18 139 1 0.287912 1
19 64 1 6.33249 1
19 65 1 -0.897659 1
19 66 1 5.15631 1
19 67 1 -0.764242 1
19 68 1 -1.77237 1
19 69 1 2.2561 1
19 70 1 -0.208456 1
19 71 1 -2.14174 1
19 72 1 3.98389 1
19 73 1 2.24069 1
19 74 1 0.152983 1
19 75 1 0.190576 1
19 76 1 -3.35612 1
19 77 1 -0.952601 1
19 78 1 -1.07148 1
19 79 1 5.0592 1
19 80 1 -0.48464 1
19 81 1 -2.81559 1
19 82 1 0.0620383 1
19 83 1 -2.69535 1
19 84 1 1.67596 1
19 85 1 2.35226 1
19 86 1 -1.17103 1
19 87 1 3.51162 1
19 88 1 -0.206084 1
19 89 1 4.24979 1
19 90 1 -0.619442 1
19 91 1 -0.913622 1
19 92 1 -0.526561 1
19 93 1 -4.8439 1
19 94 1 -3.41785 1
19 95 1 -7.28866 1
20 64 1 2.02303 1
20 65 1 -0.862846 1
20 66 1 -3.15548 1
20 67 1 2.2982 1
20 68 1 -0.242092 1
20 69 1 1.02784 1
20 70 1 -3.12536 1
20 71 1 3.42366 1
20 72 1 1.46401 1
20 73 1 2.11876 1
20 74 1 2.30862 1
20 75 1 3.51431 1
20 76 1 -0.602543 1
20 77 1 -3.1513 1
20 78 1 2.11255 1
20 79 1 2.2906 1
20 80 1 -0.0648251 1
20 81 1 -0.238808 1
20 82 1 3.42042 1
20 83 1 1.44459 1
20 84 1 3.7464 1
20 85 1 -5.81427 1
20 86 1 0.19348 1
20 87 1 -0.573733 1
20 88 1 1.08 1
20 89 1 0.84609 1
20 90 1 3.23857 1
20 91 1 1.97648 0
20 92 1 0.272842 1
20 93 1 1.60969 0
20 94 1 3.29593 0
20 95 1 -0.315813 1
20 96 1 -3.20651 1
20 98 1 1.27783 1
20 103 1 -0.0225849 1
20 109 1 0.172544 1
103 91 1 0.717043 0
103 105 1 2.23468 1
103 112 1 -2.45663 0
103 123 1 -2.97718 1
103 140 1 -2.15406 1
140 112 1 1.87835 1
123 91 1 -0.176926 1
123 113 1 -1.19267 0
123 136 1 1.11096 1
123 137 1 0.269733 1
136 113 1 -1.48942 1
136 6 1 0.414147 1
105 91 1 1.74305 0
105 129 1 -0.260994 1
129 91 1 1.16581 0
129 135 1 2.2505 1
129 116 1 1.63523 1
135 91 1 -2.62319 1
98 93 1 1.75591 1
98 99 1 6.21696 1
98 15 1 0.936649 1
96 94 1 1.426 1
96 20 1 -0.230196 0
96 155 1 1.19964 1
155 20 1 -1.84771 1
21 64 1 2.49138 1
21 65 1 7.71659 1
21 66 1 -4.5931 1
21 67 1 -4.96503 1
21 68 1 -1.80687 1
21 69 1 0.564387 1
21 70 1 -0.534407 1
21 71 1 -4.31533 1
21 72 1 -7.75669 1
21 73 1 -0.734091 1
21 74 1 0.542254 1
21 75 1 1.88489 1
21 76 1 -0.582058 1
21 77 1 -1.31746 1
21 78 1 -1.52853 1
21 79 1 -1.88342 1
21 80 1 1.24665 1
21 81 1 -1.89377 1
21 82 1 -0.265545 1
21 83 1 -1.36507 1
21 84 1 7.8176 1
21 85 1 0.752114 1
21 86 1 0.497546 1
21 87 1 -0.536988 1
21 88 1 5.09118 1
21 89 1 1.49883 1
21 90 1 0.251007 1
21 91 1 -1.73744 0
21 92 1 2.03975 1
21 93 1 1.72566 1
21 94 1 -4.00045 1
21 95 1 0.201938 1
21 143 1 2.64886 1
143 91 1 -2.53769 1
22 64 1 1.36174 1
22 65 1 0.249652 1
22 66 1 0.111055 1
22 67 1 5.40076 1
22 68 1 -0.748157 1
22 69 1 -1.74427 1
22 70 1 -2.46106 1
22 71 1 0.44585 1
22 72 1 -4.00478 1
22 73 1 1.75828 1
22 74 1 -6.48803 1
22 75 1 -2.69245 1
22 76 1 1.57073 1
22 77 1 -0.0758181 1
22 78 1 4.36304 1
22 79 1 4.89303 1
22 80 1 0.526508 1
22 81 1 -1.15756 1
22 82 1 1.52182 1
22 83 1 -1.52707 1
22 84 1 -1.852 1
22 85 1 1.56496 1
22 86 1 0.00856458 1
22 87 1 7.15426 1
22 88 1 -3.97862 1
22 89 1 0.52464 1
22 90 1 2.15936 1
22 91 1 0.177643 1
22 92 1 2.55731 1
22 93 1 3.27973 1
22 94 1 4.0342 1
22 95 1 2.32604 1
23 64 1 -3.21336 1
23 65 1 2.24279 1
23 66 1 1.5799 1
23 67 1 3.07891 1
23 68 1 -3.39899 1
23 69 1 1.80568 1
23 70 1 3.24399 1
23 71 1 -5.01618 1
23 72 1 -0.247489 1
23 73 1 -0.947916 1
23 74 1 2.33413 1
23 75 1 1.52909 1
23 76 1 3.13219 1
23 77 1 4.49206 1
23 78 1 0.835676 1
23 79 1 -4.43619 1
23 80 1 1.70885 1
23 81 1 -0.638067 1
23 82 1 -2.58437 1
23 83 1 -0.0787121 1
23 84 1 3.31105 1
23 85 1 -2.93287 1
23 86 1 -12.1422 1
23 87 1 0.477913 1
23 88 1 1.8006 1
23 89 1 -1.99266 1
23 90 1 -4.04699 1
23 91 1 -1.69087 1
23 92 1 2.32161 1
23 93 1 2.22405 1
23 94 1 -2.99955 1
23 95 1 0.756128 1
23 107 1 1.15929 1
23 27 1 -0.571588 1
24 64 1 -1.12971 1
24 65 1 1.81957 1
24 66 1 -1.58328 1
24 67 1 5.56102 1
24 68 1 -6.19739 1
24 69 1 2.75428 0
24 70 1 0.929394 1
24 71 1 4.22917 1
24 72 1 0.881255 1
24 73 1 1.61632 1
24 74 1 1.2957 1
24 75 1 1.27882 1
24 76 1 -1.49494 1
24 77 1 0.490304 1
24 78 1 -5.23165 1
24 79 1 -0.636946 1
24 80 1 3.73327 1
24 81 1 2.70145 1
24 82 1 -1.34228 1
24 83 1 -3.40257 1
24 84 1 -3.2675 1
24 85 1 -1.52161 1
24 86 1 -4.63458 1
24 87 1 4.741 1
24 88 1 -1.89357 1
24 89 1 8.2765 1
24 90 1 3.83974 1
24 91 1 -4.71326 1
24 92 1 0.431845 1
24 93 1 -0.707157 1
24 94 1 -1.85168 1
24 95 1 -2.3133 1
24 5 1 0.798655 1
24 168 1 1.3973 1
168 69 1 2.61432 1
25 64 1 -0.0159018 1
25 65 1 1.29932 1
25 66 1 -3.11932 1
25 67 1 -1.44036 1
25 68 1 3.70537 1
25 69 1 -4.95187 1
25 70 1 1.41202 0
25 71 1 -2.12989 1
25 72 1 2.89485 1
25 73 1 2.39959 1
25 74 1 1.84261 1
25 75 1 -2.90929 1
25 76 1 -0.867097 1
25 77 1 -1.84899 1
25 78 1 4.79622 1
25 79 1 1.15647 1
25 80 1 -0.935041 1
25 81 1 -2.31961 1
25 82 1 -0.56049 1
25 83 1 3.32762 1
25 84 1 -2.15394 1
25 85 1 -0.632172 1
25 86 1 3.25761 1
25 87 1 1.1743 1
25 88 1 0.173269 1
25 89 1 0.185549 1
25 90 1 -3.30867 1
25 91 1 1.72651 1
25 92 1 1.7104 1
25 93 1 -1.28573 1
25 94 1 -1.82144 1
25 95 1 -3.98905 1
25 8 1 0.842382 1
25 6 1 -2.72812 1
25 121 1 -0.593436 1
121 70 1 5.97063 1
26 64 1 -2.28481 1
26 65 1 2.16713 1
26 66 1 0.278832 1
26 67 1 0.741053 1
26 68 1 0.804775 1
26 69 1 1.58957 1
26 70 1 -2.24378 1
26 71 1 0.662625 1
26 72 1 -2.68217 1
26 73 1 0.765967 1
26 74 1 -7.81377 1
26 75 1 2.30137 1
26 76 1 0.742293 1
26 77 1 -3.46651 1
26 78 1 3.0983 1
26 79 1 -0.548186 1
26 80 1 -2.53355 1
26 81 1 3.81887 1
26 82 1 1.28502 1
26 83 1 2.06667 1
26 84 1 -6.2245 1
26 85 1 0.566512 1
26 86 1 -3.07635 1
26 87 1 1.04299 1
26 88 1 -5.06508 1
26 89 1 0.575993 1
26 90 1 -2.93429 1
26 91 1 -4.64344 1
26 92 1 0.724591 1
26 93 1 -2.01085 1
26 94 1 1.69301 1
26 95 1 -0.550532 1
26 23 1 4.29495 1
26 15 1 1.5712 1
26 161 1 -0.490677 1
27 64 1 -3.96049 1
27 65 1 3.28047 1
27 66 1 2.34928 1
27 67 1 -0.921242 1
27 68 1 2.02247 1
27 69 1 0.392211 1
27 70 1 5.15515 1
27 71 1 -6.00601 1
27 72 1 -0.4972 1
27 73 1 1.74105 1
27 74 1 -3.15547 1
27 75 1 4.26831 1
27 76 1 -4.55583 1
27 77 1 0.0228855 1
27 78 1 0.0309102 1
27 79 1 0.649211 1
27 80 1 -1.59848 1
27 81 1 -2.04533 1
27 82 1 2.28113 1
27 83 1 2.2252 1
27 84 1 1.04384 1
27 85 1 -1.21735 1
27 86 1 -3.26045 1
27 87 1 -0.700796 1
27 88 1 -5.63959 1
27 89 1 -4.93224 1
27 90 1 4.94359 1
27 91 1 -1.85619 1
27 92 1 -2.09568 1
27 93 1 -0.905143 1
27 94 1 1.29239 1
27 95 1 -1.02104 1
27 9 1 2.60886 1
27 5 1 -1.51364 1
28 64 1 2.64297 1
28 65 1 -1.2592 1
28 66 1 -2.3354 1
28 67 1 6.16645 1
28 68 1 4.57551 1
28 69 1 0.961291 1
28 70 1 -0.468535 1
28 71 1 1.07472 1
28 72 1 -8.54651 1
28 73 1 0.920064 1
28 74 1 -1.50516 1
28 75 1 0.642262 1
28 76 1 0.830759 1
28 77 1 3.06919 1
28 78 1 -4.26535 1
28 79 1 2.26088 1
28 80 1 2.73706 1
28 81 1 -0.752187 1
28 82 1 3.24239 1
28 83 1 1.71992 1
28 84 1 4.83577 1
28 85 1 -6.20224 1
28 86 1 -0.826707 1
28 87 1 0.356832 1
28 88 1 -3.35291 1
28 89 1 2.66878 1
28 90 1 -2.16916 1
28 91 1 -1.12298 1
28 92 1 4.26626 1
28 93 1 -2.88809 1
28 94 1 4.543 1
28 95 1 -2.12353 1
29 64 1 -1.04099 1
29 65 1 0.267123 1
29 66 1 -1.71318 1
29 67 1 1.9013 1
29 68 1 -8.4701 1
29 69 1 1.64879 1
29 70 1 -2.03538 1
29 71 1 0.369306 1
29 72 1 -0.860425 1
29 73 1 -0.845691 1
29 74 1 -0.616498 1
29 75 1 0.69844 1
29 76 1 -1.23531 1
29 77 1 1.52089 1
29 78 1 -3.94978 1
29 79 1 -2.40185 1
29 80 1 2.73802 1
29 81 1 0.96542 1
29 82 1 1.77433 1
29 83 1 0.77769 1
29 84 1 0.0904159 1
29 85 1 -1.8141 1
29 86 1 -2.85302 1
29 87 1 -2.56448 1
29 88 1 -1.45225 1
29 89 1 -4.11123 1
29 90 1 -0.892743 1
29 91 1 0.125945 1
29 92 1 2.24092 1
29 93 1 0.967366 1
29 94 1 -3.38365 1
29 95 1 1.17896 1
29 113 1 0.930349 1
30 64 1 -0.38941 1
30 65 1 4.94585 1
30 66 1 4.07744 1
30 67 1 0.575891 1
30 68 1 2.0175 1
30 69 1 2.05626 1
30 70 1 3.06785 1
30 71 1 -1.95442 1
30 72 1 -0.704939 1
30 73 1 2.99337 1
30 74 1 -0.684884 1
30 75 1 1.86606 1
30 76 1 2.50792 1
30 77 1 -1.16431 1
30 78 1 2.98656 1
30 79 1 4.45982 1
30 80 1 -2.51908 1
30 81 1 -1.08906 1
30 82 1 5.15627 1
30 83 1 3.17296 1
30 84 1 1.16853 1
30 85 1 -1.97085 1
30 86 1 -3.00053 1
30 87 1 -1.52251 1
30 88 1 1.33648 1
30 89 1 -3.00481 1
30 90 1 0.28966 1
30 91 1 5.63915 1
30 92 1 -0.7203 1
30 93 1 2.05977 1
30 94 1 3.29461 1
30 95 1 -2.05206 1
30 28 1 0.501918 1
31 64 1 3.42364 1
31 65 1 -0.506035 1
31 66 1 -4.65104 1
31 67 1 7.00629 1
31 68 1 3.28258 1
31 69 1 -0.239468 1
31 70 1 -1.67259 1
31 71 1 2.26485 1
31 72 1 -3.40068 1
31 73 1 -1.71454 1
31 74 1 3.49978 1
31 75 1 1.06357 1
31 76 1 -0.690887 1
31 77 1 0.451228 1
31 78 1 -3.30749 1
31 79 1 0.689956 1
31 80 1 -0.821532 1
31 81 1 -3.22034 1
31 82 1 -1.29538 1
31 83 1 -1.66738 1
31 84 1 -3.33111 1
31 85 1 -4.69034 1
31 86 1 0.512589 1
31 87 1 -2.6354 0
31 88 1 2.32561 1
31 89 1 -1.33406 1
31 90 1 -1.37019 1
31 91 1 -4.00145 1
31 92 1 -0.442288 1
31 93 1 -0.0427751 1
31 94 1 1.86038 1
31 95 1 -2.01007 1
31 122 1 2.14953 1
31 10 1 -1.66668 1
122 87 1 -1.41179 1
32 64 1 7.87371 1
32 65 1 0.923647 1
32 66 1 -4.27691 1
32 67 1 1.97665 1
32 68 1 0.0417663 1
32 69 1 3.36958 1
32 70 1 -0.929874 1
32 71 1 3.62023 1
32 72 1 -4.02991 1
32 73 1 1.20679 1
32 74 1 -1.38117 1
32 75 1 4.58213 1
32 76 1 -1.71953 1
32 77 1 5.1119 1
32 78 1 -0.0653193 1
32 79 1 0.57322 1
32 80 1 -0.830866 1
32 81 1 -0.865789 1
32 82 1 -2.74151 1
32 83 1 -3.05449 1
32 84 1 2.54107 1
32 85 1 -0.53308 1
32 86 1 -0.814265 1
32 87 1 -1.36124 1
32 88 1 -0.329314 1
32 89 1 -3.33454 1
32 90 1 2.74755 1
32 91 1 -3.02477 1
32 92 1 1.10848 1
32 93 1 2.17294 1
32 94 1 0.609004 1
32 95 1 -2.01806 1
33 64 1 2.1685 1
33 65 1 -6.87968 1
33 66 1 -2.0524 1
33 67 1 -2.25516 1
33 68 1 -1.4026 1
33 69 1 -1.82573 1
33 70 1 2.14905 1
33 71 1 4.63976 1
33 72 1 2.86 1
33 73 1 4.23584 1
33 74 1 0.484968 1
33 75 1 -6.97216 1
33 76 1 -3.07016 1
33 77 1 1.6067 1
33 78 1 -2.8645 1
33 79 1 -3.6691 1
33 80 1 -0.3482 1
33 81 1 -2.23327 1
33 82 1 0.90576 1
33 83 1 -1.18863 1
33 84 1 1.26295 1
33 85 1 1.66438 1
33 86 1 3.16213 1
33 87 1 2.393 1
33 88 1 2.76867 1
33 89 1 4.48091 1
33 90 1 -2.64272 1
33 91 1 -2.327 1
33 92 1 1.06097 1
33 93 1 3.07073 1
33 94 1 0.0311081 1
33 95 1 -0.180215 1
33 20 1 -2.80037 1
33 107 1 -0.295506 1
33 13 1 1.64494 1
33 113 1 -1.46947 1
34 64 1 -0.96706 1
34 65 1 -0.748349 1
34 66 1 2.59167 1
34 67 1 1.09457 1
34 68 1 0.440587 1
34 69 1 -2.06962 1
34 70 1 -1.80858 1
34 71 1 -2.68775 1
34 72 1 -3.14185 1
34 73 1 -3.69442 1
34 74 1 2.21718 1
34 75 1 7.18362 1
34 76 1 -0.382869 1
34 77 1 1.41879 1
34 78 1 -0.121949 1
34 79 1 2.05262 1
34 80 1 2.13288 1
34 81 1 -1.92491 1
34 82 1 -0.262193 1
34 83 1 2.37003 1
34 84 1 0.395706 1
34 85 1 -0.0981249 1
34 86 1 -0.296814 1
34 87 1 -0.25019 1
34 88 1 -0.203259 1
34 89 1 -2.12226 1
34 90 1 -4.09838 1
34 91 1 2.50771 1
34 92 1 2.68582 1
34 93 1 -2.00215 1
34 94 1 1.54449 1
34 95 1 1.52474 1
34 113 1 0.702704 1
35 64 1 0.461534 1
35 65 1 -0.219309 1
35 66 1 0.475926 1
35 67 1 6.15337 1
35 68 1 3.56849 1
35 69 1 2.86912 1
35 70 1 2.76903 1
35 71 1 4.26076 1
35 72 1 3.99964 1
35 73 1 6.919 1
35 74 1 0.332427 1
35 75 1 -0.895462 1
35 76 1 -4.10216 1
35 77 1 0.752669 1
35 78 1 -1.58712 1
35 79 1 2.57465 1
35 80 1 -7.11547 1
35 81 1 -0.570719 1
35 82 1 3.62229 0
35 83 1 -1.8795 1
35 84 1 5.43424 1
35 85 1 -5.14782 1
35 86 1 -0.788636 1
35 87 1 -2.36742 1
35 88 1 -0.288964 1
35 89 1 1.51926 0
35 90 1 0.326545 1
35 91 1 -0.621211 1
35 92 1 -3.16271 1
35 93 1 -3.54133 1
35 94 1 -0.664472 1
35 95 1 0.753848 1
35 130 1 1.79466 1
35 133 1 5.33238 1
133 82 1 2.54292 1
130 89 1 1.37577 1
36 64 1 2.16941 1
36 65 1 1.97891 1
36 66 1 2.33452 1
36 67 1 -0.976493 1
36 68 1 -5.50319 1
36 69 1 -2.10935 1
36 70 1 -2.1975 1
36 71 1 1.86454 1
36 72 1 -1.81772 1
36 73 1 -0.455293 1
36 74 1 -1.34865 1
36 75 1 -0.995312 1
36 76 1 0.829917 1
36 77 1 -6.49042 1
36 78 1 1.36265 1
36 79 1 3.57527 1
36 80 1 3.27129 1
36 81 1 -0.43815 1
36 82 1 -1.51277 0
36 83 1 -0.475309 1
36 84 1 2.94368 1
36 85 1 -1.83434 1
36 86 1 1.08812 1
36 87 1 0.227038 1
36 88 1 -2.46951 1
36 89 1 0.721311 1
36 90 1 -3.36242 1
36 91 1 1.92836 1
36 92 1 4.54184 1
36 93 1 2.79722 1
36 94 1 -1.15533 1
36 95 1 7.17279 1
36 109 1 -0.334842 0
36 24 1 -3.56955 1
36 117 1 2.41184 1
117 109 1 1.55665 1
117 4 1 0.16827 1
109 82 1 1.22598 1
109 31 1 1.45849 1
37 64 1 -5.69136 1
37 65 1 1.32238 1
37 66 1 -4.12713 1
37 67 1 -2.6111 1
37 68 1 -3.87397 1
37 69 1 3.10213 1
37 70 1 -6.08323 1
37 71 1 -3.00102 1
37 72 1 3.26085 1
37 73 1 3.33836 1
37 74 1 0.186318 1
37 75 1 -0.00996048 1
37 76 1 1.91634 0
37 77 1 4.23304 1
37 78 1 -0.351745 1
37 79 1 1.61753 1
37 80 1 2.99273 1
37 81 1 1.95955 1
37 82 1 3.52206 1
37 83 1 2.22653 1
37 84 1 -4.96501 1
37 85 1 0.570868 1
37 86 1 -0.015641 1
37 87 1 1.12028 1
37 88 1 -0.852483 1
37 89 1 -2.97406 1
37 90 1 -0.761049 1
37 91 1 1.00673 1
37 92 1 3.23325 1
37 93 1 0.314626 1
37 94 1 -2.5193 1
37 95 1 0.957442 1
37 142 1 2.31841 1
37 160 1 0.49687 1
142 76 1 0.16396 1
142 147 1 -1.42231 1
142 6 1 0.125733 1
38 64 1 0.340462 1
38 65 1 -1.52066 1
38 66 1 -1.69759 1
38 67 1 -2.05811 1
38 68 1 -2.98922 1
38 69 1 -3.81106 1
38 70 1 -0.300355 1
38 71 1 -0.397655 1
38 72 1 1.69837 1
38 73 1 2.21522 1
38 74 1 -0.920851 1
38 75 1 3.254 1
38 76 1 3.94586 1
38 77 1 -0.88475 1
38 78 1 -0.756152 1
38 79 1 -0.844171 1
38 80 1 -2.87804 1
38 81 1 -1.80343 1
38 82 1 1.55735 1
38 83 1 -1.25119 1
38 84 1 -1.14319 1
38 85 1 -2.98452 1
38 86 1 -1.11108 1
38 87 1 0.721958 0
38 88 1 2.03844 1
38 89 1 3.53205 1
38 90 1 -0.134966 1
38 91 1 2.26491 1
38 92 1 2.69045 0
38 93 1 -1.12603 1
38 94 1 -0.160879 1
38 95 1 -2.29801 1
38 148 1 2.97247 1
38 162 1 0.872173 1
162 87 1 0.44549 1
148 92 1 2.9802 1
39 64 1 2.20257 1
39 65 1 -1.79604 1
39 66 1 1.23697 1
39 67 1 -0.715317 1
39 68 1 0.737774 1
39 69 1 0.616818 1
39 70 1 0.637433 1
39 71 1 -1.54843 1
39 72 1 -3.22747 1
39 73 1 -3.38905 1
39 74 1 1.12766 1
39 75 1 3.26402 0
39 76 1 4.60304 1
39 77 1 0.568271 1
39 78 1 -2.76621 1
39 79 1 -3.25277 1
39 80 1 -0.949718 1
39 81 1 -2.97988 1
39 82 1 -1.0252 1
39 83 1 -2.41412 1
39 84 1 -2.73957 1
39 85 1 -0.398048 1
39 86 1 1.32716 1
39 87 1 -0.16327 1
39 88 1 -1.4295 1
39 89 1 -0.90419 1
39 90 1 3.74515 1
39 91 1 -0.403325 1
39 92 1 4.08765 1
39 93 1 0.721394 1
39 94 1 -4.41724 1
39 95 1 -3.36837 1
39 2 1 -3.74709 1
39 112 1 4.14049 1
39 13 1 -0.867066 1
39 104 1 0.320628 1
112 75 1 -2.81393 1
112 138 1 -1.47107 1
112 153 1 -0.992968 1
40 64 1 -5.23087 1
40 65 1 -1.92222 1
40 66 1 2.60024 1
40 67 1 0.920851 1
40 68 1 1.7121 1
40 69 1 2.82424 1
40 70 1 -1.20954 1
40 71 1 1.45285 1
40 72 1 2.24877 1
40 73 1 1.67008 1
40 74 1 -3.2422 1
40 75 1 2.8037 1
40 76 1 -3.12659 1
40 77 1 3.33588 1
40 78 1 3.06584 1
40 79 1 -1.16756 1
40 80 1 0.816594 1
40 81 1 1.33757 1
40 82 1 1.89896 1
40 83 1 -4.30137 1
40 84 1 -0.768566 1
40 85 1 0.607119 1
40 86 1 3.51729 1
40 87 1 1.33833 1
40 88 1 0.916945 1
40 89 1 -2.14207 1
40 90 1 -0.601504 1
40 91 1 -1.98389 1
40 92 1 -4.65783 1
40 93 1 1.32808 1
40 94 1 -0.421747 1
40 95 1 2.86197 1
40 2 1 0.196987 1
40 134 1 0.195232 1
41 64 1 4.69175 1
41 65 1 -0.479871 1
41 66 1 0.508915 1
41 67 1 0.70655 1
41 68 1 2.64134 1
41 69 1 -2.40215 1
41 70 1 -0.294843 1
41 71 1 0.560088 1
41 72 1 5.41219 1
41 73 1 -5.49513 1
41 74 1 0.77825 1
41 75 1 3.35059 1
41 76 1 -5.41561 1
41 77 1 -0.88117 1
41 78 1 -3.84263 1
41 79 1 2.52178 1
41 80 1 1.70099 1
41 81 1 3.59352 1
41 82 1 -1.74283 1
41 83 1 3.18122 1
41 84 1 -3.04107 1
41 85 1 0.182322 1
41 86 1 1.73947 1
41 87 1 1.60335 1
41 88 1 3.14787 1
41 89 1 -1.78293 1
41 90 1 -1.57107 1
41 91 1 1.12904 1
41 92 1 0.427067 1
41 93 1 -0.676764 1
41 94 1 -0.801071 1
41 95 1 -0.489287 1
41 11 1 2.7952 1
41 29 1 -2.72645 1
41 97 1 -2.14023 1
42 64 1 0.36793 1
42 65 1 -0.775565 1
42 66 1 -0.849757 1
42 67 1 0.362832 1
42 68 1 -2.93255 1
42 69 1 1.41287 1
42 70 1 -0.854751 1
42 71 1 -1.06325 1
42 72 1 -1.03963 1
42 73 1 -2.72632 1
42 74 1 4.69084 1
42 75 1 -2.98855 1
42 76 1 -2.3687 1
42 77 1 0.115664 1
42 78 1 -1.90752 1
42 79 1 1.6866 1
42 80 1 -1.72105 1
42 81 1 2.83853 1
42 82 1 4.49582 1
42 83 1 3.11121 1
42 84 1 2.10841 1
42 85 1 -0.817545 1
42 86 1 2.17458 1
42 87 1 -1.69181 1
42 88 1 -1.75949 1
42 89 1 -0.718916 1
42 90 1 2.81167 1
42 91 1 1.64252 1
42 92 1 -0.405277 1
42 93 1 1.90368 1
42 94 1 -3.07383 1
42 95 1 0.494842 1
43 64 1 1.35233 1
43 65 1 -2.48059 1
43 66 1 2.9259 1
43 67 1 0.240678 1
43 68 1 0.0495584 1
43 69 1 -2.13256 1
43 70 1 0.787192 1
43 71 1 -2.93419 1
43 72 1 0.888967 1
43 73 1 -6.47916 1
43 74 1 3.15213 1
43 75 1 -2.22306 1
43 76 1 -1.43139 1
43 77 1 -0.183002 1
43 78 1 1.15887 1
43 79 1 -2.93954 1
43 80 1 0.430655 1
43 81 1 1.94344 1
43 82 1 2.73733 1
43 83 1 -2.05639 1
43 84 1 -0.448942 1
43 85 1 2.98009 1
43 86 1 1.8317 1
43 87 1 5.66828 1
43 88 1 1.88631 1
43 89 1 4.28205 1
43 90 1 0.404935 1
43 91 1 -2.87096 1
43 92 1 3.28255 1
43 93 1 1.8013 1
43 94 1 -2.99166 1
43 95 1 1.50615 1
44 64 1 0.824597 1
44 65 1 -4.00909 1
44 66 1 0.616131 1
44 67 1 -2.74597 1
44 68 1 0.152795 1
44 69 1 -1.03534 1
44 70 1 3.51421 1
44 71 1 2.5461 1
44 72 1 -2.79179 1
44 73 1 2.68168 1
44 74 1 -2.40461 1
44 75 1 -3.51486 1
44 76 1 1.36113 1
44 77 1 2.91257 1
44 78 1 2.60983 1
44 79 1 0.145517 1
44 80 1 4.81122 1
44 81 1 -2.37455 1
44 82 1 1.04118 1
44 83 1 -1.81899 1
44 84 1 0.343739 1
44 85 1 -0.0190236 1
44 86 1 2.48869 1
44 87 1 1.75241 1
44 88 1 0.6935 1
44 89 1 1.991 1
44 90 1 2.33706 1
44 91 1 1.30509 1
44 92 1 -1.65876 1
44 93 1 3.53604 1
44 94 1 -2.00368 1
44 95 1 -1.34626 1
44 8 1 -0.298056 1
44 29 1 1.3468 1
45 64 1 -2.27944 1
45 65 1 0.607754 1
45 66 1 -0.307262 1
45 67 1 2.78057 1
45 68 1 -0.827588 1
45 69 1 -6.59386 1
45 70 1 -3.18389 1
45 71 1 0.558497 1
45 72 1 -5.55565 1
45 73 1 3.05749 1
45 74 1 2.90888 1
45 75 1 3.96138 1
45 76 1 -1.65254 1
45 77 1 -0.0265468 1
45 78 1 -2.7719 1
45 79 1 1.89235 1
45 80 1 -2.0453 1
45 81 1 0.340416 1
45 82 1 0.276012 1
45 83 1 -4.05678 1
45 84 1 0.955901 1
45 85 1 -3.26238 1
45 86 1 0.755205 1
45 87 1 0.906924 1
45 88 1 1.79836 1
45 89 1 -4.43746 1
45 90 1 2.18069 1
45 91 1 4.59507 1
45 92 1 -3.22968 1
45 93 1 -6.41678 1
45 94 1 2.82697 1
45 95 1 -5.0122 1
45 9 1 6.31926 1
45 20 1 0.529327 1
45 17 1 -0.437745 1
46 64 1 0.388121 1
46 65 1 -0.300657 1
46 66 1 2.53319 1
46 67 1 1.97301 1
46 68 1 -5.66641 1
46 69 1 -0.767761 1
46 70 1 0.156492 1
46 71 1 -2.62774 1
46 72 1 3.89499 1
46 73 1 -3.86641 1
46 74 1 -0.662872 1
46 75 1 1.56254 1
46 76 1 -5.56691 1
46 77 1 3.63146 1
46 78 1 0.260926 1
46 79 1 -0.601439 1
46 80 1 4.02282 1
46 81 1 1.30205 1
46 82 1 -0.032132 1
46 83 1 2.97395 1
46 84 1 -1.6558 1
46 85 1 1.76086 1
46 86 1 -1.1531 1
46 87 1 4.84792 1
46 88 1 1.2536 1
46 89 1 -5.06116 1
46 90 1 -3.14854 1
46 91 1 -0.158177 1
46 92 1 0.150941 1
46 93 1 -1.61202 1
46 94 1 -0.206033 1
46 95 1 -0.240847 1
46 24 1 3.14971 1
47 64 1 -0.928291 1
47 65 1 -0.0228158 1
47 66 1 -1.42148 1
47 67 1 3.21133 1
47 68 1 -0.452257 1
47 69 1 3.96895 1
47 70 1 -2.51798 1
47 71 1 0.681793 1
47 72 1 -0.51999 1
47 73 1 6.97292 0
47 74 1 -2.21962 1
47 75 1 -1.8357 1
47 76 1 -2.84397 1
47 77 1 -8.65052 1
47 78 1 -2.37604 1
47 79 1 1.06961 1
47 80 1 4.27243 1
47 81 1 -4.56615 1
47 82 1 3.12791 1
47 83 1 -0.169124 1
47 84 1 -4.15043 1
47 85 1 -1.25337 1
47 86 1 -3.13644 1
47 87 1 5.42074 1
47 88 1 3.23051 1
47 89 1 1.03767 1
47 90 1 5.42592 1
47 91 1 1.02069 1
47 92 1 -0.206705 1
47 93 1 0.167649 1
47 94 1 2.454 1
47 95 1 -2.3572 1
47 4 1 -0.426045 1
47 137 1 1.52238 1
137 73 1 3.50597 0
137 156 1 0.607968 1
156 73 1 3.33755 1
48 64 1 -1.08748 1
48 65 1 -1.58821 1
48 66 1 2.44868 1
48 67 1 -2.97515 1
48 68 1 -7.47203 1
48 69 1 -5.15941 1
48 70 1 0.760256 1
48 71 1 1.24553 1
48 72 1 -5.87748 1
48 73 1 3.70804 1
48 74 1 4.43594 1
48 75 1 -4.7728 1
48 76 1 0.522138 1
48 77 1 -0.983174 1
48 78 1 -0.49074 1
48 79 1 2.23591 1
48 80 1 0.222372 1
48 81 1 -3.43256 1
48 82 1 -0.499769 1
48 83 1 -0.631865 1
48 84 1 -0.248034 1
48 85 1 0.740874 1
48 86 1 -1.38405 1
48 87 1 -0.308733 1
48 88 1 -2.35851 1
48 89 1 -0.671021 1
48 90 1 1.36273 1
48 91 1 1.77824 1
48 92 1 -4.41801 1
48 93 1 0.442261 1
48 94 1 5.58418 1
48 95 1 3.59636 1
48 16 1 0.78593 1
48 12 1 0.0351763 1
48 14 1 -1.21188 1
48 30 1 0.481382 1
49 64 1 -0.635643 1
49 65 1 -4.11943 1
49 66 1 0.911011 1
49 67 1 -0.992722 1
49 68 1 -3.70745 1
49 69 1 0.737657 1
49 70 1 0.645328 1
49 71 1 -2.94494 1
49 72 1 -1.98628 1
49 73 1 1.0383 1
49 74 1 3.7745 1
49 75 1 1.27789 1
49 76 1 -7.03876 1
49 77 1 -4.23932 1
49 78 1 -1.68293 0
49 79 1 2.82115 1
49 80 1 4.55979 1
49 81 1 -4.41254 1
49 82 1 1.64458 1
49 83 1 -1.45076 1
49 84 1 2.29521 1
49 85 1 -2.60115 1
49 86 1 -1.17683 1
49 87 1 -1.43424 1
49 88 1 0.883153 1
49 89 1 1.65285 1
49 90 1 -2.03849 1
49 91 1 2.37275 1
49 92 1 3.82835 1
49 93 1 0.104806 1
49 94 1 0.150778 1
49 95 1 4.24692 1
49 19 1 -1.10202 1
49 31 1 -0.509298 1
49 15 1 -2.56442 1
49 158 1 0.810913 1
49 26 1 -1.14359 1
49 144 1 -1.04569 1
158 78 1 -0.414949 1
50 64 1 -4.76045 1
50 65 1 -2.16971 1
50 66 1 0.555719 1
50 67 1 -0.346598 1
50 68 1 2.0322 1
50 69 1 -1.69374 1
50 70 1 0.748928 1
50 71 1 7.35396 1
50 72 1 -2.62645 1
50 73 1 3.97512 1
50 74 1 -1.57761 1
50 75 1 2.59489 1
50 76 1 -1.12067 1
50 77 1 0.267322 1
50 78 1 1.93636 1
50 79 1 -1.63042 1
50 80 1 2.18345 1
50 81 1 -0.105922 1
50 82 1 -2.85902 1
50 83 1 2.60688 1
50 84 1 -1.05959 1
50 85 1 2.62906 1
50 86 1 2.69461 1
50 87 1 -3.03867 1
50 88 1 -3.20288 1
50 89 1 0.762988 1
50 90 1 0.723529 1
50 91 1 0.669147 1
50 92 1 0.690836 1
50 93 1 -2.57115 1
50 94 1 -2.51498 1
50 95 1 2.1932 1
50 4 1 4.99966 1
50 22 1 0.828357 1
51 64 1 -2.56299 1
51 65 1 2.32692 1
51 66 1 3.87702 1
51 67 1 -0.581057 1
51 68 1 0.0100842 1
51 69 1 -0.539936 1
51 70 1 1.92222 1
51 71 1 5.85166 1
51 72 1 -4.93445 1
51 73 1 -2.70387 0
51 74 1 -1.62127 1
51 75 1 4.09875 1
51 76 1 -2.90214 1
51 77 1 2.26036 1
51 78 1 4.98068 1
51 79 1 -1.62272 1
51 80 1 0.65554 1
51 81 1 -2.60415 1
51 82 1 -0.560616 1
51 83 1 4.19823 1
51 84 1 -2.60647 1
51 85 1 -0.131527 1
51 86 1 -1.45046 1
51 87 1 2.14292 1
51 88 1 0.0752082 1
51 89 1 -0.497842 1
51 90 1 0.357025 1
51 91 1 -0.956827 1
51 92 1 0.999898 1
51 93 1 3.91109 1
51 94 1 -4.99335 1
51 95 1 -3.68475 1
51 116 1 0.410766 1
51 12 1 -1.09472 1
116 73 1 -1.18487 0
116 134 1 2.10064 1
134 73 1 3.34891 1
52 64 1 -2.84603 1
52 65 1 3.92825 1
52 66 1 0.987969 1
52 67 1 0.8789 1
52 68 1 0.666281 1
52 69 1 5.32119 1
52 70 1 3.95293 1
52 71 1 -0.633208 1
52 72 1 -1.32894 1
52 73 1 3.37299 1
52 74 1 3.35771 1
52 75 1 2.35717 1
52 76 1 -4.76322 1
52 77 1 0.605625 1
52 78 1 2.70778 1
52 79 1 -0.178559 1
52 80 1 -0.680073 1
52 81 1 -0.778747 1
52 82 1 -2.37365 1
52 83 1 -1.61081 1
52 84 1 0.442628 1
52 85 1 -0.983125 1
52 86 1 -6.6017 1
52 87 1 -1.2693 1
52 88 1 0.575701 1
52 89 1 1.35226 1
52 90 1 -1.14835 1
52 91 1 0.0275516 1
52 92 1 0.899758 1
52 93 1 -2.84797 0
52 94 1 2.28911 1
52 95 1 0.13285 1
52 115 1 0.58543 1
52 139 1 1.26327 1
52 23 1 -1.03694 1
139 93 1 -1.20367 1
53 64 1 -2.85911 1
53 65 1 -0.0604317 1
53 66 1 -1.08971 1
53 67 1 -2.21168 1
53 68 1 1.0374 1
53 69 1 1.01349 1
53 70 1 0.00338846 0
53 71 1 -0.268643 1
53 72 1 -1.98439 1
53 73 1 -0.154388 1
53 74 1 -0.626256 1
53 75 1 -3.53419 1
53 76 1 0.31452 1
53 77 1 2.6004 1
53 78 1 -0.454765 1
53 79 1 0.258564 1
53 80 1 1.5525 1
53 81 1 1.22582 1
53 82 1 3.37734 1
53 83 1 -0.934639 1
53 84 1 1.30078 1
53 85 1 1.97045 1
53 86 1 1.08935 1
53 87 1 0.174262 1
53 88 1 -0.0729859 1
53 89 1 -0.189045 1
53 90 1 -4.01298 1
53 91 1 0.354879 1
53 92 1 2.51295 1
53 93 1 -1.88272 1
53 94 1 -1.02836 1
53 95 1 -2.2677 1
53 20 1 5.34291 1
53 23 1 1.60822 1
53 149 1 -0.498812 1
149 70 1 -2.30637 0
149 153 1 1.41862 1
149 126 1 -0.647707 1
153 70 1 0.199187 1
54 64 1 2.04549 1
54 65 1 0.197817 1
54 66 1 -1.56381 1
54 67 1 2.60008 1
54 68 1 3.28905 1
54 69 1 -4.19322 1
54 70 1 1.93496 1
54 71 1 4.90134 1
54 72 1 0.884986 1
54 73 1 1.50291 1
54 74 1 -0.594325 1
54 75 1 -2.81035 1
54 76 1 -2.46678 1
54 77 1 1.76032 1
54 78 1 -0.909006 1
54 79 1 1.76864 1
54 80 1 1.36783 1
54 81 1 2.89827 1
54 82 1 -2.90241 1
54 83 1 5.28346 1
54 84 1 1.774 1
54 85 1 -0.587466 1
54 86 1 -3.18297 1
54 87 1 0.317188 1
54 88 1 1.45515 1
54 89 1 3.65536 1
54 90 1 -2.1385 1
54 91 1 4.30924 1
54 92 1 -1.99067 1
54 93 1 3.32453 1
54 94 1 -3.61204 1
54 95 1 -2.40188 1
54 30 1 0.348011 1
54 144 1 0.696409 1
55 64 1 0.0710253 1
55 65 1 -3.03036 1
55 66 1 -3.22614 1
55 67 1 -0.680151 1
55 68 1 -0.221477 1
55 69 1 1.65795 1
55 70 1 3.32048 1
55 71 1 -4.05003 1
55 72 1 2.56048 1
55 73 1 -0.264029 1
55 74 1 1.95923 1
55 75 1 -2.58014 1
55 76 1 -5.24161 1
55 77 1 1.67026 1
55 78 1 0.516793 1
55 79 1 3.42169 1
55 80 1 -0.894901 1
55 81 1 1.80914 1
55 82 1 0.467409 1
55 83 1 0.659275 1
55 84 1 -0.0139831 1
55 85 1 -6.24487 1
55 86 1 1.98195 1
55 87 1 -0.960864 1
55 88 1 -3.63994 1
55 89 1 1.18355 1
55 90 1 -0.377558 1
55 91 1 1.11781 1
55 92 1 7.26555 1
55 93 1 -3.74453 1
55 94 1 -3.44211 1
55 95 1 -0.227454 0
55 28 1 4.75569 1
55 114 1 -0.436336 1
55 0 1 -3.12754 1
55 2 1 0.817551 1
114 95 1 -0.309362 1
56 64 1 3.35778 1
56 65 1 -6.54709 1
56 66 1 1.13407 1
56 67 1 -1.09918 1
56 68 1 1.73682 0
56 69 1 -2.29628 1
56 70 1 -0.0462801 1
56 71 1 1.92104 1
56 72 1 -1.42152 1
56 73 1 -0.0836753 1
56 74 1 3.65539 1
56 75 1 3.53717 1
56 76 1 -3.54346 1
56 77 1 -3.5252 1
56 78 1 -1.46727 1
56 79 1 -1.14814 1
56 80 1 -1.8013 1
56 81 1 4.46405 1
56 82 1 2.33397 1
56 83 1 -1.7702 1
56 84 1 -1.92191 1
56 85 1 -0.427171 1
56 86 1 1.53962 1
56 87 1 -0.0573561 1
56 88 1 -0.501914 1
56 89 1 0.610741 1
56 90 1 -1.21281 1
56 91 1 -1.72659 1
56 92 1 0.519855 1
56 93 1 2.92282 1
56 94 1 -1.36031 1
56 95 1 -1.74518 1
56 3 1 -2.34085 1
56 126 1 3.97512 1
126 68 1 2.66062 1
126 11 1 -2.76459 1
57 64 1 -4.42917 1
57 65 1 5.07969 1
57 66 1 -0.975627 1
57 67 1 -1.31068 1
57 68 1 0.974623 1
57 69 1 -1.10415 0
57 70 1 1.12823 1
57 71 1 2.85711 1
57 72 1 1.82172 1
57 73 1 -3.03051 1
57 74 1 2.50232 1
57 75 1 4.19784 1
57 76 1 3.94516 1
57 77 1 -6.25927 1
57 78 1 1.81049 1
57 79 1 -2.38818 1
57 80 1 2.14832 1
57 81 1 3.99832 1
57 82 1 4.68104 1
57 83 1 -1.38278 1
57 84 1 -0.662847 1
57 85 1 -1.91716 1
57 86 1 -0.725128 1
57 87 1 0.679353 1
57 88 1 0.510079 1
57 89 1 0.694188 1
57 90 1 1.16355 1
57 91 1 -3.76378 1
57 92 1 -2.41159 1
57 93 1 -2.2535 1
57 94 1 -2.34036 1
57 95 1 3.2717 1
57 104 1 4.2474 1
57 22 1 -0.53184 1
104 69 1 2.67137 1
104 1 1 1.31379 1
104 107 1 0.306418 1
58 64 1 6.16911 1
58 65 1 -1.01956 1
58 66 1 -0.823453 1
58 67 1 -0.639327 1
58 68 1 -3.19223 1
58 69 1 -0.234228 1
58 70 1 -1.51683 1
58 71 1 2.9436 1
58 72 1 0.802153 1
58 73 1 -2.07943 1
58 74 1 2.04862 1
58 75 1 1.97835 1
58 76 1 3.13477 1
58 77 1 1.51046 1
58 78 1 -2.8803 1
58 79 1 -1.22073 0
58 80 1 -3.91772 1
58 81 1 3.74495 1
58 82 1 2.37624 1
58 83 1 -0.620842 1
58 84 1 -3.25381 1
58 85 1 0.536477 1
58 86 1 1.52149 1
58 87 1 -1.94614 1
58 88 1 -3.81989 1
58 89 1 -2.25559 1
58 90 1 -1.57289 1
58 91 1 -2.23882 1
58 92 1 0.6245 1
58 93 1 1.99041 1
58 94 1 -1.3786 1
58 95 1 1.59734 1
58 128 1 1.39936 1
128 79 1 0.257737 0
128 131 1 2.57525 1
131 79 1 1.46567 0
131 160 1 0.28217 1
160 79 1 2.5545 1
160 125 1 1.0242 1
59 64 1 -2.82468 1
59 65 1 2.53378 1
59 66 1 2.90029 1
59 67 1 -2.14387 1
59 68 1 1.75592 1
59 69 1 -2.65116 1
59 70 1 -1.24259 1
59 71 1 1.52929 1
59 72 1 0.658494 1
59 73 1 -0.527164 1
59 74 1 2.29168 1
59 75 1 -1.19743 1
59 76 1 3.80091 1
59 77 1 0.17077 0
59 78 1 1.83009 1
59 79 1 -2.76531 1
59 80 1 0.32821 1
59 81 1 2.42884 1
59 82 1 -4.85587 1
59 83 1 4.3773 1
59 84 1 0.355014 1
59 85 1 -3.87604 1
59 86 1 -4.12119 1
59 87 1 1.8535 1
59 88 1 3.2307 1
59 89 1 -0.472807 1
59 90 1 -0.314654 1
59 91 1 -1.51043 1
59 92 1 1.84813 1
59 93 1 2.38671 1
59 94 1 -6.22923 1
59 95 1 0.861767 1
59 97 1 0.265012 1
59 5 1 -3.90868 1
59 11 1 -1.36976 1
59 13 1 2.10945 1
97 77 1 -7.78081 1
97 22 1 -0.720895 1
97 2 1 -5.87493 0
97 99 1 3.02581 1
97 7 1 4.96158 0
97 102 1 3.75834 1
97 17 1 2.45486 1
102 7 1 3.8792 1
99 2 1 0.21572 0
99 108 1 5.79192 1
99 15 1 2.47396 1
108 2 1 -1.10212 0
108 125 1 6.29321 1
125 2 1 3.32114 1
60 64 1 2.21505 1
60 65 1 -0.0821859 1
60 66 1 2.38244 1
60 67 1 0.169047 1
60 68 1 1.16179 1
60 69 1 1.52805 1
60 70 1 -1.10437 1
60 71 1 0.154751 1
60 72 1 -0.169822 0
60 73 1 0.795576 1
60 74 1 2.67665 1
60 75 1 -0.0229132 1
60 76 1 -1.43202 1
60 77 1 5.12316 1
60 78 1 -2.98905 1
60 79 1 1.24334 1
60 80 1 -6.3821 1
60 81 1 -1.34828 1
60 82 1 -1.85416 1
60 83 1 2.12779 1
60 84 1 -1.66207 1
60 85 1 3.64786 1
60 86 1 3.03825 1
60 87 1 -0.35548 1
60 88 1 -4.63053 1
60 89 1 0.210724 1
60 90 1 -2.37059 1
60 91 1 1.07757 1
60 92 1 -0.579812 1
60 93 1 1.05199 1
60 94 1 -1.44808 1
60 95 1 0.6421 1
60 24 1 -0.993809 1
60 0 1 4.16573 1
60 115 1 3.18945 1
60 3 1 -1.35389 1
115 72 1 -0.3415 1
115 18 1 0.771906 1
115 14 1 0.318717 1
115 19 1 -0.379696 1
61 64 1 -0.986395 1
61 65 1 -0.0595914 1
61 66 1 1.35929 1
61 67 1 0.874638 1
61 68 1 -3.71017 1
61 69 1 3.18308 1
61 70 1 1.91645 1
61 71 1 1.39272 1
61 72 1 -0.529388 1
61 73 1 0.764908 1
61 74 1 4.73475 1
61 75 1 5.40323 1
61 76 1 1.76252 1
61 77 1 -1.3268 0
61 78 1 -2.52056 1
61 79 1 0.681913 1
61 80 1 -2.48787 1
61 81 1 -0.881771 1
61 82 1 -0.846701 1
61 83 1 -1.21631 1
61 84 1 -2.53014 1
61 85 1 -1.34179 1
61 86 1 -0.817422 1
61 87 1 2.90928 1
61 88 1 -0.578411 1
61 89 1 0.531034 1
61 90 1 -1.52085 1
61 91 1 1.05252 1
61 92 1 0.461769 1
61 93 1 -0.0391282 1
61 94 1 0.696651 1
61 95 1 -2.03226 1
61 107 1 -0.923346 1
61 113 1 -1.28494 1
61 14 1 -2.45921 1
61 15 1 0.773592 1
107 77 1 -6.34537 0
107 113 1 -0.0462554 1
107 14 1 -2.915 1
107 20 1 1.21238 1
113 77 1 -1.40737 0
113 23 1 -1.50134 1
113 147 1 0.860773 1
113 159 1 0.479231 1
159 77 1 -1.63086 0
159 161 1 1.06102 1
161 77 1 -1.15072 1
62 64 1 0.0434069 1
62 65 1 -1.28552 1
62 66 1 3.36994 1
62 67 1 -0.970383 1
62 68 1 1.41865 1
62 69 1 -1.68138 1
62 70 1 0.43054 1
62 71 1 -3.69545 1
62 72 1 4.28254 1
62 73 1 1.6666 1
62 74 1 2.4053 1
62 75 1 -0.32123 1
62 76 1 2.56597 1
62 77 1 -3.23137 1
62 78 1 -2.71696 1
62 79 1 -2.67103 1
62 80 1 -0.604169 1
62 81 1 1.05916 1
62 82 1 -1.15131 1
62 83 1 1.95942 1
62 84 1 -2.15977 0
62 85 1 1.74809 1
62 86 1 3.33953 1
62 87 1 -0.948889 1
62 88 1 -0.247102 1
62 89 1 -2.40493 1
62 90 1 -7.31744 1
62 91 1 -0.0131353 1
62 92 1 0.569543 1
62 93 1 -0.582369 1
62 94 1 0.961943 1
62 95 1 -2.07799 1
62 5 1 0.451618 1
62 138 1 1.26124 0
62 152 1 1.14199 1
152 138 1 2.42235 1
138 84 1 -1.23791 1
63 64 1 2.95592 1
63 65 1 -0.889202 1
63 66 1 5.90294 1
63 67 1 -1.97099 1
63 68 1 0.310634 1
63 69 1 -5.19728 1
63 70 1 -2.05823 1
63 71 1 2.79754 1
63 72 1 -1.25135 1
63 73 1 3.2545 1
63 74 1 -6.85604 1
63 75 1 0.117868 1
63 76 1 -0.997754 0
63 77 1 1.58319 1
63 78 1 1.00752 1
63 79 1 -0.957439 1
63 80 1 1.66826 1
63 81 1 -1.90868 1
63 82 1 1.70898 1
63 83 1 -4.5526 1
63 84 1 -1.71674 1
63 85 1 -4.08113 1
63 86 1 5.55845 1
63 87 1 -3.4783 0
63 88 1 -1.54497 1
63 89 1 -3.19528 1
63 90 1 1.143 1
63 91 1 -1.97919 1
63 92 1 1.10905 1
63 93 1 1.21286 1
63 94 1 -1.08211 1
63 95 1 -2.39166 1
63 141 1 3.37635 1
63 144 1 1.4691 1
144 76 1 -1.79303 0
144 147 1 3.8725 1
147 76 1 -2.61497 1
147 9 1 -0.216356 1
141 87 1 -7.45818 1
141 10 1 0.394303 1
