169 64 32
3.03214 -2.21633 -5.44349 5.0575 -6.23916 3.59424 0.231049 2.51933 0.392392 3.91616 3.57247 5.99804 -3.18766 -4.52217 -2.46974 -2.66503 1.24397 0.466318 -0.412006 -1.24864 -0.349193 1.03921 -1.20583 0.205804 -6.86658 -0.322392 3.89484 0.486908 -2.77732 -3.6836 -3.70537 -0.549499 -0.430914 -0.326092 1.41059 2.7072 -4.42284 1.27614 -0.938011 -1.20937 -0.0630394 1.40231 -1.15155 -2.61166 -3.60995 -1.75669 -5.12206 4.14691 0.217156 3.19213 -0.00038926 -4.15839 -3.9831 -1.32105 -0.815364 2.96406 -2.48127 3.74333 1.9579 -1.73632 2.56157 -2.2072 -1.06448 -4.78177 -5.95359 -2.20657 4.62671 2.7861 -4.26655 3.23544 -2.7579 -2.85797 -4.16189 -3.14343 3.423 4.29867 -0.416855 0.861607 -0.854756 -3.82944 1.38421 1.07063 -4.935 1.41756 2.03731 1.68809 -3.87715 -0.383661 4.64525 0.671961 -0.521598 2.11312 -1.16084 -0.672664 -0.52311 -0.986723 -0.551672 -0.494923 -0.700082 -2.06696 1.83894 -3.26791 -5.91465 -2.91033 -4.72299 1.12829 -1.68864 -3.53753 -1.81776 -0.250821 -1.18607 1.69961 3.15561 -5.14 1.6697 -0.500786 -3.18151 0.109013 -0.726828 -0.615948 4.12028 -0.200419 -0.155389 0.920453 0.932892 4.24309 0.955989 0.471347 0.0826616 3.75775 -0.0405554 -0.296728 -1.93666 -0.170267 -0.960159 -0.886585 -0.0739382 -0.310397 -2.09816 -1.38754 1.72758 -0.378173 -0.448251 -1.91789 -0.785654 0.983917 -1.3887 -0.546137 1.17206 -3.67283 -0.599642 -0.469122 0.141939 -0.539089 0.655219 0.295054 -0.101233 1.7131 1.01718 0.835258 -0.733486 0.432187 0.275493 0.898018 2.02052 -0.064595 -0.0408726 0.674568 -0.103647 
0 64 1 -3.50774 1
0 65 1 0.373233 1
0 66 1 2.68069 1
0 67 1 1.2808 1
0 68 1 -3.09781 1
0 69 1 2.31521 1
0 70 1 1.16389 1
0 71 1 1.25205 1
0 72 1 0.14616 1
0 73 1 -1.97773 1
0 74 1 -1.83677 1
0 75 1 1.19519 1
0 76 1 2.1617 1
0 77 1 1.28272 1
0 78 1 -2.04705 1
0 79 1 0.812217 1
0 80 1 3.56131 1
0 81 1 3.48815 1
0 82 1 5.47163 1
0 83 1 1.2886 1
0 84 1 -0.897074 1
0 85 1 4.02257 1
0 86 1 -1.04186 1
0 87 1 -2.37687 1
0 88 1 1.8841 1
0 89 1 3.3987 1
0 90 1 5.05056 1
0 91 1 5.41659 1
0 92 1 -4.44157 1
0 93 1 -1.65961 1
0 94 1 1.83335 1
0 95 1 0.0575186 1
0 10 1 -2.09194 1
1 64 1 -1.08855 1
1 65 1 -4.20785 1
1 66 1 3.36656 1
1 67 1 -3.507 1
1 68 1 4.72696 1
1 69 1 -1.60416 1
1 70 1 2.2747 1
1 71 1 -1.21264 1
1 72 1 -2.87037 1
1 73 1 -2.46406 1
1 74 1 -3.31462 1
1 75 1 3.81072 1
1 76 1 -1.90695 1
1 77 1 6.69726 1
1 78 1 -1.64419 1
1 79 1 -0.89343 1
1 80 1 -2.90532 1
1 81 1 1.8518 1
1 82 1 -0.878144 1
1 83 1 -5.58179 1
1 84 1 -2.70799 1
1 85 1 -0.82356 1
1 86 1 2.06095 1
1 87 1 -0.684961 1
1 88 1 0.123411 1
1 89 1 3.69521 1
1 90 1 -2.1365 1
1 91 1 -1.28642 1
1 92 1 -1.17265 1
1 93 1 1.97625 1
1 94 1 -2.94158 1
1 95 1 -6.08186 1
1 27 1 1.15558 1
2 64 1 0.100817 1
2 65 1 -1.84116 1
2 66 1 -4.6349 1
2 67 1 -2.08221 1
2 68 1 -2.0487 1
2 69 1 1.47598 1
2 70 1 -0.35612 1
2 71 1 3.24103 1
2 72 1 -2.02793 1
2 73 1 -2.48314 1
2 74 1 -2.31712 1
2 75 1 -1.28202 1
2 76 1 -3.56287 1
2 77 1 -1.87845 1
2 78 1 -1.57078 1
2 79 1 -3.34441 1
2 80 1 -4.84205 1
2 81 1 -4.14417 1
2 82 1 -1.65314 1
2 83 1 -2.08998 1
2 84 1 0.896746 1
2 85 1 3.93183 1
2 86 1 0.885968 1
2 87 1 0.182539 1
2 88 1 0.874284 1
2 89 1 -4.80618 1
2 90 1 -4.35043 1
2 91 1 -0.0407552 1
2 92 1 0.707525 1
2 93 1 -2.19845 1
2 94 1 2.85691 1
2 95 1 -0.334393 1
2 100 1 -0.808968 1
2 6 1 4.18746 1
2 110 1 -0.344061 1
3 64 1 -2.32238 1
3 65 1 -3.0271 1
3 66 1 -0.136564 1
3 67 1 0.541945 1
3 68 1 5.69793 1
3 69 1 -3.27558 1
3 70 1 -2.0512 1
3 71 1 -0.194125 1
3 72 1 9.2432 1
3 73 1 -0.877761 1
3 74 1 -0.231475 1
3 75 1 3.31533 1
3 76 1 -0.188216 1
3 77 1 -0.67289 1
3 78 1 -2.13735 1
3 79 1 0.981909 1
3 80 1 -3.17526 1
3 81 1 -1.32028 1
3 82 1 5.40572 1
3 83 1 2.60345 1
3 84 1 -0.738261 1
3 85 1 -3.99712 1
3 86 1 0.191985 1
3 87 1 3.49664 1
3 88 1 -1.71905 1
3 89 1 1.98802 1
3 90 1 1.59603 1
3 91 1 2.64747 1
3 92 1 0.586486 1
3 93 1 -1.11022 1
3 94 1 -1.34885 1
3 95 1 3.68242 0
3 110 1 2.12043 1
110 95 1 -0.666463 0
110 111 1 -1.30053 0
110 132 1 1.93292 1
110 152 1 -1.07071 1
110 126 1 -0.68294 1
110 20 1 -0.776699 1
110 16 1 1.19659 1
132 111 1 3.43857 1
111 95 1 -1.91375 1
4 64 1 1.47559 1
4 65 1 0.410237 1
4 66 1 -0.380769 1
4 67 1 2.43296 1
4 68 1 0.346891 1
4 69 1 1.89437 1
4 70 1 -0.628234 1
4 71 1 -0.481802 1
4 72 1 -1.10548 1
4 73 1 -0.892097 0
4 74 1 0.0665018 1
4 75 1 -7.2934 0
4 76 1 0.0298716 1
4 77 1 4.35608 1
4 78 1 -0.547298 1
4 79 1 1.97034 1
4 80 1 -4.36888 1
4 81 1 1.54585 1
4 82 1 0.165076 1
4 83 1 -2.299 1
4 84 1 -0.937805 1
4 85 1 0.884725 1
4 86 1 2.73344 1
4 87 1 -0.984521 1
4 88 1 -2.6591 1
4 89 1 -1.38736 1
4 90 1 3.25385 1
4 91 1 -3.45415 1
4 92 1 -1.60836 1
4 93 1 -0.482559 0
4 94 1 -4.29529 1
4 95 1 1.61396 1
4 101 1 2.35004 1
4 17 1 3.92723 1
4 118 1 1.39649 1
4 145 1 0.678095 1
145 93 1 -0.334054 1
118 73 1 -4.03908 1
101 75 1 1.16657 1
5 64 1 -1.65323 1
5 65 1 5.43415 1
5 66 1 -1.85698 1
5 67 1 8.64679 1
5 68 1 2.12987 1
5 69 1 5.02884 1
5 70 1 -0.97308 1
5 71 1 -0.100623 1
5 72 1 1.52779 1
5 73 1 -0.871024 1
5 74 1 -1.93087 1
5 75 1 3.48893 1
5 76 1 2.76641 1
5 77 1 -0.297058 1
5 78 1 0.653808 1
5 79 1 0.742555 1
5 80 1 2.34378 1
5 81 1 -0.329733 1
5 82 1 0.539027 1
5 83 1 3.87552 1
5 84 1 3.65324 1
5 85 1 2.08563 1
5 86 1 -1.49391 1
5 87 1 1.9408 1
5 88 1 0.334876 1
5 89 1 -3.59707 1
5 90 1 -1.80197 1
5 91 1 -1.0125 1
5 92 1 -0.867638 1
5 93 1 1.3171 1
5 94 1 -2.28207 1
5 95 1 0.404177 1
5 28 1 2.74449 1
6 64 1 -0.0543478 1
6 65 1 -0.762976 1
6 66 1 3.08483 1
6 67 1 4.62622 1
6 68 1 -4.09812 1
6 69 1 -2.99491 1
6 70 1 -3.78529 1
6 71 1 0.156945 1
6 72 1 2.79818 1
6 73 1 -2.62442 1
6 74 1 -4.84123 1
6 75 1 0.655381 1
6 76 1 4.75804 1
6 77 1 -1.5696 1
6 78 1 -0.593331 1
6 79 1 -1.88096 1
6 80 1 2.3624 1
6 81 1 -1.84275 1
6 82 1 1.37784 1
6 83 1 2.23152 1
6 84 1 1.84078 1
6 85 1 -4.83571 1
6 86 1 -0.259701 1
6 87 1 4.46861 1
6 88 1 -1.72072 1
6 89 1 -2.36336 1
6 90 1 4.8561 1
6 91 1 -0.791699 1
6 92 1 4.05986 1
6 93 1 -3.6582 1
6 94 1 -2.74958 1
6 95 1 3.23463 1
6 26 1 0.0286424 1
7 64 1 4.05276 1
7 65 1 2.63693 1
7 66 1 1.3279 1
7 67 1 -5.97448 1
7 68 1 -2.34319 1
7 69 1 -2.61979 1
7 70 1 6.21232 1
7 71 1 3.12698 1
7 72 1 2.80959 1
7 73 1 -1.37045 1
7 74 1 -2.96983 1
7 75 1 0.65654 0
7 76 1 0.0660962 1
7 77 1 2.09477 1
7 78 1 3.48431 1
7 79 1 2.46776 1
7 80 1 -0.926874 1
7 81 1 2.06715 1
7 82 1 -4.24624 0
7 83 1 1.68811 0
7 84 1 -3.94132 1
7 85 1 2.53423 1
7 86 1 0.628662 1
7 87 1 5.45711 1
7 88 1 -2.13016 1
7 89 1 -3.67843 1
7 90 1 0.931955 1
7 91 1 -2.79534 1
7 92 1 2.8366 1
7 93 1 -0.754372 1
7 94 1 0.127441 1
7 95 1 1.71649 1
7 100 1 0.30721 1
7 127 1 2.12493 1
7 164 1 1.29315 1
164 75 1 0.576525 1
127 82 1 -4.50195 1
100 83 1 2.3459 0
100 24 1 -2.17121 0
100 106 1 4.64557 1
100 166 1 1.09257 1
166 83 1 2.57522 1
106 24 1 -5.70208 1
106 6 1 -2.54884 1
8 64 1 3.38674 1
8 65 1 -4.06187 1
8 66 1 -0.423558 1
8 67 1 0.786869 1
8 68 1 -1.31227 1
8 69 1 3.4446 1
8 70 1 2.06003 1
8 71 1 3.27217 1
8 72 1 3.90737 1
8 73 1 -1.99238 1
8 74 1 -1.17691 1
8 75 1 -2.26021 1
8 76 1 0.324769 1
8 77 1 2.84001 1
8 78 1 1.18212 1
8 79 1 -2.13892 1
8 80 1 1.99755 1
8 81 1 -2.48062 1
8 82 1 -0.921924 1
8 83 1 -2.55494 1
8 84 1 1.66597 1
8 85 1 8.86489 1
8 86 1 4.15728 1
8 87 1 2.38966 1
8 88 1 -1.14289 1
8 89 1 3.97836 1
8 90 1 -0.111357 1
8 91 1 -0.62059 1
8 92 1 1.34661 1
8 93 1 3.77117 1
8 94 1 4.72391 1
8 95 1 -1.17929 1
8 17 1 -0.392186 1
9 64 1 -4.42538 1
9 65 1 -2.61486 1
9 66 1 1.37412 1
9 67 1 1.00721 1
9 68 1 -1.39544 1
9 69 1 -0.659639 1
9 70 1 -6.49059 1
9 71 1 -2.14624 1
9 72 1 2.87811 1
9 73 1 -1.01775 1
9 74 1 -0.55662 1
9 75 1 2.0768 1
9 76 1 3.71695 1
9 77 1 1.7919 1
9 78 1 3.72849 1
9 79 1 0.568471 0
9 80 1 -0.498761 1
9 81 1 0.382733 1
9 82 1 -3.29332 1
9 83 1 -0.488538 1
9 84 1 2.69037 1
9 85 1 2.11501 1
9 86 1 -0.340382 1
9 87 1 -0.920586 1
9 88 1 1.64762 1
9 89 1 4.09557 1
9 90 1 -1.36482 1
9 91 1 0.927317 1
9 92 1 -1.60109 1
9 93 1 -1.12459 1
9 94 1 -5.15306 1
9 95 1 0.696523 1
9 103 1 -2.56047 1
9 130 1 -0.906635 1
9 157 1 0.540962 1
157 79 1 -0.155951 1
10 64 1 1.76259 1
10 65 1 -0.325408 1
10 66 1 5.44625 1
10 67 1 -4.29628 1
10 68 1 2.82311 1
10 69 1 -0.906063 1
10 70 1 -1.89274 1
10 71 1 -0.973499 1
10 72 1 5.36325 1
10 73 1 4.1477 1
10 74 1 2.00005 0
10 75 1 0.17124 1
10 76 1 2.87287 1
10 77 1 2.02306 1
10 78 1 0.421278 1
10 79 1 -5.76896 1
10 80 1 -2.23039 1
10 81 1 4.46086 1
10 82 1 2.29467 1
10 83 1 2.58575 1
10 84 1 5.83416 1
10 85 1 3.16254 1
10 86 1 -1.63129 1
10 87 1 -0.175465 1
10 88 1 2.34068 1
10 89 1 0.755367 1
10 90 1 -1.26532 1
10 91 1 2.34857 1
10 92 1 -1.43259 1
10 93 1 -1.93826 1
10 94 1 4.03481 1
10 95 1 5.5809 0
10 124 1 1.55996 1
10 165 1 0.379647 1
165 95 1 5.32618 1
124 74 1 -0.07599 1
124 12 1 1.62593 1
11 64 1 3.80844 1
11 65 1 1.4459 1
11 66 1 4.32156 1
11 67 1 -1.26281 1
11 68 1 2.83203 1
11 69 1 1.95184 1
11 70 1 3.90397 1
11 71 1 0.111489 1
11 72 1 -5.3988 1
11 73 1 0.465065 1
11 74 1 -0.397597 0
11 75 1 -1.10632 1
11 76 1 -2.61855 1
11 77 1 -0.0240394 1
11 78 1 -1.42481 1
11 79 1 -1.4417 1
11 80 1 -2.25807 1
11 81 1 0.36732 1
11 82 1 5.60406 0
11 83 1 3.28331 1
11 84 1 1.27942 1
11 85 1 -0.224298 1
11 86 1 -3.81619 1
11 87 1 0.423568 1
11 88 1 -5.36373 1
11 89 1 1.1217 1
11 90 1 0.87116 1
11 91 1 -1.65335 1
11 92 1 -1.1959 1
11 93 1 3.69625 1
11 94 1 -2.19056 1
11 95 1 -5.00032 1
11 120 1 -4.4689 1
11 109 1 -0.726827 1
11 154 1 1.31625 1
11 8 1 -0.140785 1
154 82 1 5.13973 1
120 74 1 -3.52044 1
120 13 1 -1.20823 0
120 150 1 4.11453 1
150 13 1 2.44898 0
150 163 1 1.64334 1
163 13 1 1.483 1
12 64 1 -2.77783 1
12 65 1 -1.8475 0
12 66 1 0.0670994 1
12 67 1 -3.88718 1
12 68 1 -0.286541 1
12 69 1 -0.524114 1
12 70 1 -0.17581 1
12 71 1 -0.165397 1
12 72 1 3.48366 1
12 73 1 -5.13608 1
12 74 1 -1.96475 1
12 75 1 -0.781347 1
12 76 1 -0.0239761 1
12 77 1 0.903485 1
12 78 1 -2.78368 1
12 79 1 -3.89282 1
12 80 1 -3.68812 1
12 81 1 -1.66608 1
12 82 1 3.76741 1
12 83 1 1.14018 1
12 84 1 1.70864 1
12 85 1 -1.89825 1
12 86 1 -3.61132 1
12 87 1 -0.160153 1
12 88 1 -1.79919 1
12 89 1 1.61538 1
12 90 1 -1.36356 1
12 91 1 -1.73129 1
12 92 1 2.2927 1
12 93 1 -3.58704 1
12 94 1 2.44816 1
12 95 1 -2.4305 1
12 17 1 0.152751 1
12 18 1 0.321046 1
12 144 1 -2.38435 1
12 167 1 1.56449 1
12 11 1 0.586453 1
167 65 1 -1.95998 1
13 64 1 0.0602718 1
13 65 1 -4.50068 1
13 66 1 -1.64614 1
13 67 1 1.80334 1
13 68 1 2.42383 1
13 69 1 -3.14456 1
13 70 1 0.818638 1
13 71 1 0.922097 1
13 72 1 0.919872 1
13 73 1 -1.84685 1
13 74 1 -1.68203 1
13 75 1 -1.59756 1
13 76 1 -0.828417 1
13 77 1 -1.91287 1
13 78 1 2.48834 1
13 79 1 2.86762 1
13 80 1 -0.0766423 1
13 81 1 0.052512 1
13 82 1 2.45595 1
13 83 1 4.33816 1
13 84 1 -3.03175 1
13 85 1 7.16172 1
13 86 1 4.16339 1
13 87 1 6.49673 1
13 88 1 3.30281 1
13 89 1 -0.892139 1
13 90 1 -5.51279 1
13 91 1 -5.18881 1
13 92 1 -2.81667 1
13 93 1 -2.87419 1
13 94 1 -0.245961 1
13 95 1 -3.71005 1
14 64 1 -2.62847 1
14 65 1 7.03621 1
14 66 1 -0.338476 1
14 67 1 0.333366 1
14 68 1 -1.23988 1
14 69 1 1.05246 1
14 70 1 -0.749661 1
14 71 1 0.579416 1
14 72 1 3.17463 1
14 73 1 1.33382 1
14 74 1 -0.230009 1
14 75 1 2.9881 1
14 76 1 -3.2703 1
14 77 1 0.58165 1
14 78 1 -1.40327 1
14 79 1 -0.58243 1
14 80 1 -1.23583 1
14 81 1 0.529169 0
14 82 1 3.94683 1
14 83 1 1.77931 1
14 84 1 0.767355 1
14 85 1 -1.59029 1
14 86 1 2.89563 1
14 87 1 -0.701493 1
14 88 1 -2.31028 1
14 89 1 1.26071 1
14 90 1 -0.849517 1
14 91 1 3.61691 1
14 92 1 4.85506 1
14 93 1 0.8469 1
14 94 1 6.07921 1
14 95 1 1.02993 1
14 104 1 -1.13987 1
14 119 1 2.37859 1
14 126 1 0.863531 1
119 81 1 4.64479 1
119 99 1 -0.437478 1
15 64 1 0.249775 1
15 65 1 2.5427 1
15 66 1 -4.04103 1
15 67 1 -1.45127 1
15 68 1 1.28833 1
15 69 1 -2.52264 1
15 70 1 6.58257 1
15 71 1 -1.14321 1
15 72 1 -1.54955 1
15 73 1 1.91524 1
15 74 1 1.33498 1
15 75 1 -0.972261 1
15 76 1 -0.227878 1
15 77 1 2.5658 1
15 78 1 -2.47051 1
15 79 1 -0.148452 1
15 80 1 2.21155 1
15 81 1 -0.184034 1
15 82 1 -5.86593 1
15 83 1 0.24826 1
15 84 1 1.51202 1
15 85 1 -1.40062 1
15 86 1 0.167052 1
15 87 1 -6.00797 1
15 88 1 1.2889 1
15 89 1 3.38571 1
15 90 1 0.200861 1
15 91 1 -4.50886 1
15 92 1 1.49913 1
15 93 1 -2.13468 1
15 94 1 1.03959 1
15 95 1 -0.6124 1
15 20 1 -1.25407 1
16 64 1 3.1435 1
16 65 1 0.756467 1
16 66 1 -1.62041 1
16 67 1 -4.01415 1
16 68 1 0.887284 1
16 69 1 -0.33289 1
16 70 1 2.75627 1
16 71 1 6.03518 1
16 72 1 -1.57515 1
16 73 1 -1.86346 1
16 74 1 -1.18642 1
16 75 1 2.62238 1
16 76 1 2.24208 1
16 77 1 -0.0397542 1
16 78 1 -2.58634 1
16 79 1 -1.36694 0
16 80 1 1.53204 1
16 81 1 2.73968 1
16 82 1 -4.28107 1
16 83 1 2.64261 1
16 84 1 -1.04264 1
16 85 1 -0.803148 1
16 86 1 -0.531799 1
16 87 1 -1.14561 1
16 88 1 0.570176 1
16 89 1 0.840989 1
16 90 1 -4.15204 1
16 91 1 3.58541 1
16 92 1 4.31236 1
16 93 1 -1.37803 1
16 94 1 -0.750541 1
16 95 1 -3.47287 1
16 26 1 -1.4994 1
16 151 1 1.00554 1
151 79 1 -0.404935 1
17 64 1 -2.10985 1
17 65 1 -0.0269482 1
17 66 1 -0.426355 1
17 67 1 3.71016 1
17 68 1 -0.350608 1
17 69 1 2.13108 1
17 70 1 0.659557 1
17 71 1 2.44214 1
17 72 1 -5.56361 0
17 73 1 3.32897 1
17 74 1 3.22642 1
17 75 1 -0.924423 1
17 76 1 -0.866655 1
17 77 1 2.07752 1
17 78 1 -1.34096 1
17 79 1 -3.97136 1
17 80 1 4.67742 1
17 81 1 3.83133 1
17 82 1 0.403512 1
17 83 1 -1.38048 1
17 84 1 -3.31297 1
17 85 1 2.57353 1
17 86 1 -0.904693 1
17 87 1 -2.70585 1
17 88 1 -6.03886 1
17 89 1 3.93324 1
17 90 1 -4.94653 1
17 91 1 6.09271 1
17 92 1 -0.201105 1
17 93 1 3.98934 1
17 94 1 3.80038 1
17 95 1 1.78593 1
17 146 1 2.81208 1
146 72 1 -3.88323 1
146 30 1 -0.733476 1
18 64 1 2.2103 1
18 65 1 -3.25429 1
18 66 1 4.71522 1
18 67 1 2.06014 1
18 68 1 -1.48423 1
18 69 1 -0.231697 1
18 70 1 2.74254 1
18 71 1 -0.701082 1
18 72 1 2.0124 1
18 73 1 -0.428224 1
18 74 1 2.23582 1
18 75 1 -3.16996 1
18 76 1 5.42056 1
18 77 1 -2.10189 1
18 78 1 3.51247 1
18 79 1 0.761047 1
18 80 1 -6.81429 1
18 81 1 3.31003 1
18 82 1 -3.14883 1
18 83 1 3.96398 1
18 84 1 -2.55136 1
18 85 1 1.63235 1
18 86 1 5.49528 1
18 87 1 -2.25838 1
18 88 1 0.682986 1
18 89 1 -2.29997 1
18 90 1 0.690719 1
18 91 1 0.237384 1
18 92 1 -1.00018 1
18 93 1 1.35583 1
18 94 1 -1.25012 1
18 95 1 1.37759 1
18 25 1 -0.61278 1
18 18 1 -0.99479 1
18 139 1 0.176556 1
19 64 1 6.29061 1
19 65 1 -1.12639 1
19 66 1 4.98227 1
19 67 1 -0.968171 1
19 68 1 -1.9357 1
19 69 1 2.29621 1
19 70 1 -0.413444 1
19 71 1 -2.15674 1
19 72 1 3.82154 1
19 73 1 2.25394 1
19 74 1 -0.294949 1
19 75 1 0.27015 1
19 76 1 -3.48132 1
19 77 1 -0.961841 1
19 78 1 -1.08565 1
19 79 1 4.91253 1
19 80 1 -0.366074 1
19 81 1 -2.61229 1
19 82 1 0.235067 1
19 83 1 -3.02067 1
19 84 1 1.75465 1
19 85 1 2.47855 1
19 86 1 -0.9569 1
19 87 1 3.44636 1
19 88 1 -0.445987 1
19 89 1 4.39205 1
19 90 1 -0.594671 1
19 91 1 -1.04497 1
19 92 1 -0.220277 1
19 93 1 -4.76015 1
19 94 1 -3.40337 1
19 95 1 -7.14005 1
20 64 1 2.43022 1
20 65 1 -1.04652 1
20 66 1 -3.30139 1
20 67 1 2.91422 1
20 68 1 -0.589432 1
20 69 1 1.39259 1
20 70 1 -3.12382 1
20 71 1 3.34693 1
20 72 1 1.27666 1
20 73 1 2.09379 1
20 74 1 2.27142 1
20 75 1 3.69067 1
20 76 1 -0.599153 1
20 77 1 -3.13506 1
20 78 1 2.34357 1
20 79 1 1.98623 1
20 80 1 0.104979 1
20 81 1 -0.147377 1
20 82 1 3.60538 1
20 83 1 1.65594 1
20 84 1 3.70607 1
20 85 1 -5.94936 1
20 86 1 0.225612 1
20 87 1 -0.175645 1
20 88 1 0.840743 1
20 89 1 0.555366 1
20 90 1 3.21923 1
20 91 1 1.86713 0
20 92 1 0.281523 1
20 93 1 1.57689 0
20 94 1 3.32914 0
20 95 1 -0.304055 1
20 96 1 -2.90289 1
20 98 1 1.15251 1
20 103 1 0.0936006 1
20 109 1 -0.035853 1
103 91 1 0.535094 0
103 105 1 2.12143 1
103 112 1 -2.68765 0
103 123 1 -3.2583 1
103 140 1 -2.13373 1
140 112 1 2.03771 1
123 91 1 -0.0574825 1
123 113 1 -0.641966 0
123 136 1 1.02927 1
123 137 1 0.249122 1
136 113 1 -1.64624 1
136 6 1 0.523197 1
105 91 1 1.46668 0
105 129 1 -0.277525 1
129 91 1 0.82005 0
129 135 1 2.52442 1
129 116 1 1.38923 1
135 91 1 -2.30398 1
98 93 1 1.72669 1
98 99 1 6.04363 1
98 15 1 0.989387 1
96 94 1 1.2573 1
96 20 1 -0.414233 0
96 155 1 1.36314 1
155 20 1 -1.8262 1
21 64 1 2.14861 1
21 65 1 7.89813 1
21 66 1 -4.3898 1
21 67 1 -4.92393 1
21 68 1 -1.7822 1
21 69 1 0.542388 1
21 70 1 -0.317911 1
21 71 1 -4.13703 1
21 72 1 -7.74225 1
21 73 1 -0.837989 1
21 74 1 0.550281 1
21 75 1 2.17406 1
21 76 1 -0.351558 1
21 77 1 -1.6866 1
21 78 1 -1.61547 1
21 79 1 -1.81842 1
21 80 1 1.21488 1
21 81 1 -2.19393 1
21 82 1 -0.516248 1
21 83 1 -1.57874 1
21 84 1 8.04036 1
21 85 1 1.0534 1
21 86 1 0.578478 1
21 87 1 -0.243154 1
21 88 1 5.33078 1
21 89 1 1.67043 1
21 90 1 -0.0192069 1
21 91 1 -1.31387 0
21 92 1 2.25915 1
21 93 1 1.62065 1
21 94 1 -4.05518 1
21 95 1 0.252235 1
21 143 1 2.58376 1
143 91 1 -2.26277 1
22 64 1 1.54807 1
22 65 1 0.138315 1
22 66 1 0.177493 1
22 67 1 5.4726 1
22 68 1 -0.71444 1
22 69 1 -1.9734 1
22 70 1 -2.31283 1
22 71 1 0.929009 1
22 72 1 -4.08765 1
22 73 1 1.79349 1
22 74 1 -6.60633 1
22 75 1 -2.76845 1
22 76 1 1.20287 1
22 77 1 0.177164 1
22 78 1 4.41993 1
22 79 1 5.08323 1
22 80 1 0.581564 1
22 81 1 -0.869021 1
22 82 1 1.56956 1
22 83 1 -1.39059 1
22 84 1 -1.75566 1
22 85 1 1.86846 1
22 86 1 -0.360692 1
22 87 1 7.52705 1
22 88 1 -4.18097 1
22 89 1 0.537781 1
22 90 1 2.43725 1
22 91 1 0.166247 1
22 92 1 2.74901 1
22 93 1 3.01744 1
22 94 1 4.23606 1
22 95 1 2.34795 1
23 64 1 -3.04117 1
23 65 1 2.01677 1
23 66 1 1.93327 1
23 67 1 3.24207 1
23 68 1 -3.33759 1
23 69 1 1.76508 1
23 70 1 3.3313 1
23 71 1 -5.09979 1
23 72 1 -0.61672 1
23 73 1 -1.05234 1
23 74 1 2.44366 1
23 75 1 1.36928 1
23 76 1 3.00745 1
23 77 1 4.25378 1
23 78 1 0.864826 1
23 79 1 -4.53796 1
23 80 1 1.66089 1
23 81 1 -1.04101 1
23 82 1 -2.50937 1
23 83 1 0.0381911 1
23 84 1 3.25996 1
23 85 1 -2.93149 1
23 86 1 -12.2726 1
23 87 1 0.535041 1
23 88 1 1.66242 1
23 89 1 -2.08681 1
23 90 1 -3.94566 1
23 91 1 -1.70175 1
23 92 1 2.32684 1
23 93 1 2.05804 1
23 94 1 -3.06808 1
23 95 1 0.637246 1
23 107 1 1.15599 1
23 27 1 -0.583198 1
24 64 1 -1.33243 1
24 65 1 1.73931 1
24 66 1 -1.65367 1
24 67 1 5.45238 1
24 68 1 -6.04595 1
24 69 1 3.04122 0
24 70 1 0.868549 1
24 71 1 4.33126 1
24 72 1 1.20959 1
24 73 1 1.73899 1
24 74 1 1.28463 1
24 75 1 1.37903 1
24 76 1 -1.65964 1
24 77 1 0.379395 1
24 78 1 -5.44457 1
24 79 1 0.00290833 1
24 80 1 3.88565 1
24 81 1 2.4585 1
24 82 1 -1.45097 1
24 83 1 -3.5694 1
24 84 1 -3.26489 1
24 85 1 -1.09279 1
24 86 1 -4.65314 1
24 87 1 4.71729 1
24 88 1 -1.63563 1
24 89 1 7.95019 1
24 90 1 3.80137 1
24 91 1 -4.2382 1
24 92 1 0.0355394 1
24 93 1 -0.312218 1
24 94 1 -1.72839 1
24 95 1 -1.59805 1
24 5 1 0.580637 1
24 168 1 1.19757 1
168 69 1 2.686 1
25 64 1 0.0277852 1
25 65 1 0.920499 1
25 66 1 -3.00717 1
25 67 1 -1.16711 1
25 68 1 3.3801 1
25 69 1 -4.67858 1
25 70 1 1.91829 0
25 71 1 -2.08664 1
25 72 1 2.76588 1
25 73 1 2.44682 1
25 74 1 1.85033 1
25 75 1 -3.02098 1
25 76 1 -0.999314 1
25 77 1 -1.86286 1
25 78 1 5.12985 1
25 79 1 1.4535 1
25 80 1 -1.17132 1
25 81 1 -2.50982 1
25 82 1 -0.769402 1
25 83 1 3.24528 1
25 84 1 -2.55046 1
25 85 1 -1.19986 1
25 86 1 3.35178 1
25 87 1 0.717059 1
25 88 1 -0.0174953 1
25 89 1 -0.0673538 1
25 90 1 -3.28134 1
25 91 1 2.05519 1
25 92 1 1.62335 1
25 93 1 -1.21851 1
25 94 1 -1.74274 1
25 95 1 -3.5958 1
25 8 1 0.780647 1
25 6 1 -2.39466 1
25 121 1 -0.880318 1
121 70 1 5.79962 1
26 64 1 -2.3903 1
26 65 1 2.15923 1
26 66 1 0.23128 1
26 67 1 0.914033 1
26 68 1 0.504801 1
26 69 1 1.48108 1
26 70 1 -2.25683 1
26 71 1 0.552915 1
26 72 1 -2.74991 1
26 73 1 0.593809 1
26 74 1 -7.77059 1
26 75 1 2.28616 1
26 76 1 0.582732 1
26 77 1 -3.8691 1
26 78 1 3.24161 1
26 79 1 -0.672647 1
26 80 1 -2.38952 1
26 81 1 3.68146 1
26 82 1 1.23492 1
26 83 1 2.20756 1
26 84 1 -6.26878 1
26 85 1 0.756604 1
26 86 1 -2.97906 1
26 87 1 1.16975 1
26 88 1 -5.11629 1
26 89 1 0.31702 1
26 90 1 -3.25915 1
26 91 1 -4.34908 1
26 92 1 0.737562 1
26 93 1 -1.98595 1
26 94 1 1.34883 1
26 95 1 -0.273967 1
26 23 1 4.26647 1
26 15 1 1.60306 1
26 161 1 -0.40993 1
27 64 1 -3.82026 1
27 65 1 3.56524 1
27 66 1 2.73151 1
27 67 1 -0.643223 1
27 68 1 1.86954 1
27 69 1 0.641622 1
27 70 1 4.83133 1
27 71 1 -5.86241 1
27 72 1 -0.844908 1
27 73 1 1.97399 1
27 74 1 -3.26801 1
27 75 1 4.36962 1
27 76 1 -4.34999 1
27 77 1 -0.0854445 1
27 78 1 0.252912 1
27 79 1 0.94457 1
27 80 1 -1.04268 1
27 81 1 -2.09337 1
27 82 1 2.27936 1
27 83 1 1.98789 1
27 84 1 1.12073 1
27 85 1 -1.54051 1
27 86 1 -3.45745 1
27 87 1 -0.37813 1
27 88 1 -5.81738 1
27 89 1 -5.0358 1
27 90 1 4.77156 1
27 91 1 -1.59939 1
27 92 1 -2.11556 1
27 93 1 -0.953447 1
27 94 1 1.3057 1
27 95 1 -0.621629 1
27 9 1 2.45881 1
27 5 1 -1.57089 1
28 64 1 2.56791 1
28 65 1 -1.20467 1
28 66 1 -2.32797 1
28 67 1 5.79052 1
28 68 1 4.55329 1
28 69 1 1.02321 1
28 70 1 -0.813398 1
28 71 1 0.857956 1
28 72 1 -8.69907 1
28 73 1 0.408851 1
28 74 1 -1.5504 1
28 75 1 0.555238 1
28 76 1 0.922099 1
28 77 1 3.19737 1
28 78 1 -4.4212 1
28 79 1 2.13897 1
28 80 1 2.67287 1
28 81 1 -0.787613 1
28 82 1 3.42865 1
28 83 1 1.67492 1
28 84 1 4.84817 1
28 85 1 -6.2378 1
28 86 1 -1.02778 1
28 87 1 0.569557 1
28 88 1 -3.67425 1
28 89 1 2.75476 1
28 90 1 -2.12746 1
28 91 1 -1.27424 1
28 92 1 4.34365 1
28 93 1 -3.02215 1
28 94 1 4.19263 1
28 95 1 -2.14124 1
29 64 1 -0.509769 1
29 65 1 0.520984 1
29 66 1 -1.89949 1
29 67 1 1.53967 1
29 68 1 -8.47111 1
29 69 1 1.87332 1
29 70 1 -1.80737 1
29 71 1 0.0313859 1
29 72 1 -0.638321 1
29 73 1 -0.891241 1
29 74 1 -0.948052 1
29 75 1 0.881668 1
29 76 1 -1.2567 1
29 77 1 1.51323 1
29 78 1 -4.1384 1
29 79 1 -2.35588 1
29 80 1 2.91414 1
29 81 1 1.03192 1
29 82 1 1.90619 1
29 83 1 0.0540594 1
29 84 1 0.11121 1
29 85 1 -1.85482 1
29 86 1 -2.54353 1
29 87 1 -2.71806 1
29 88 1 -1.48517 1
29 89 1 -4.22067 1
29 90 1 -1.14797 1
29 91 1 0.0308971 1
29 92 1 2.31241 1
29 93 1 0.618049 1
29 94 1 -3.21596 1
29 95 1 1.49505 1
29 113 1 0.784388 1
30 64 1 -0.29658 1
30 65 1 4.75529 1
30 66 1 3.94548 1
30 67 1 0.224043 1
30 68 1 1.94388 1
30 69 1 1.95833 1
30 70 1 3.24913 1
30 71 1 -1.69862 1
30 72 1 -0.991366 1
30 73 1 2.90009 1
30 74 1 -0.504597 1
30 75 1 1.7547 1
30 76 1 2.53094 1
30 77 1 -1.42034 1
30 78 1 2.6626 1
30 79 1 4.32869 1
30 80 1 -2.80968 1
30 81 1 -0.955022 1
30 82 1 5.22499 1
30 83 1 3.59628 1
30 84 1 0.97509 1
30 85 1 -1.86615 1
30 86 1 -2.6405 1
30 87 1 -1.87752 1
30 88 1 1.5974 1
30 89 1 -3.13535 1
30 90 1 0.282167 1
30 91 1 5.54539 1
30 92 1 -0.811958 1
30 93 1 2.01427 1
30 94 1 3.38738 1
30 95 1 -2.18632 1
30 28 1 0.506421 1
31 64 1 3.60378 1
31 65 1 -0.895427 1
31 66 1 -4.5968 1
31 67 1 7.12408 1
31 68 1 3.38831 1
31 69 1 -0.127496 1
31 70 1 -1.76807 1
31 71 1 2.43171 1
31 72 1 -3.39387 1
31 73 1 -1.73431 1
31 74 1 3.58654 1
31 75 1 1.18406 1
31 76 1 -0.711193 1
31 77 1 0.51792 1
31 78 1 -3.25231 1
31 79 1 0.691296 1
31 80 1 -0.763111 1
31 81 1 -2.96391 1
31 82 1 -0.921584 1
31 83 1 -1.53898 1
31 84 1 -3.71995 1
31 85 1 -4.64344 1
31 86 1 0.676497 1
31 87 1 -2.80498 0
31 88 1 2.34387 1
31 89 1 -1.62853 1
31 90 1 -1.32204 1
31 91 1 -3.80848 1
31 92 1 -0.418754 1
31 93 1 -0.311521 1
31 94 1 1.64114 1
31 95 1 -2.18537 1
31 122 1 2.13588 1
31 10 1 -1.68814 1
122 87 1 -1.62052 1
32 64 1 7.96845 1
32 65 1 1.22861 1
32 66 1 -4.24017 1
32 67 1 1.93814 1
32 68 1 -0.139589 1
32 69 1 3.32476 1
32 70 1 -0.649904 1
32 71 1 3.19594 1
32 72 1 -3.94675 1
32 73 1 1.71961 1
32 74 1 -1.33461 1
32 75 1 4.70567 1
32 76 1 -1.5741 1
32 77 1 5.30822 1
32 78 1 0.0732907 1
32 79 1 0.594326 1
32 80 1 -0.182376 1
32 81 1 -1.21638 1
32 82 1 -2.59816 1
32 83 1 -2.82639 1
32 84 1 2.85171 1
32 85 1 -0.726732 1
32 86 1 -0.890742 1
32 87 1 -1.54243 1
32 88 1 -0.769006 1
32 89 1 -3.62942 1
32 90 1 2.51465 1
32 91 1 -3.08221 1
32 92 1 1.07107 1
32 93 1 1.51501 1
32 94 1 0.526121 1
32 95 1 -1.8583 1
33 64 1 2.30615 1
33 65 1 -6.98883 1
33 66 1 -1.9306 1
33 67 1 -2.11294 1
33 68 1 -1.44316 1
33 69 1 -1.49851 1
33 70 1 2.05687 1
33 71 1 4.74881 1
33 72 1 2.77819 1
33 73 1 4.36576 1
33 74 1 0.323224 1
33 75 1 -7.31977 1
33 76 1 -3.07822 1
33 77 1 1.6519 1
33 78 1 -2.68969 1
33 79 1 -3.11109 1
33 80 1 -0.309353 1
33 81 1 -2.55956 1
33 82 1 0.965988 1
33 83 1 -0.914641 1
33 84 1 1.18547 1
33 85 1 1.50603 1
33 86 1 2.98769 1
33 87 1 2.02018 1
33 88 1 2.67339 1
33 89 1 4.50779 1
33 90 1 -2.46646 1
33 91 1 -2.2079 1
33 92 1 1.35367 1
33 93 1 2.89585 1
33 94 1 0.114051 1
33 95 1 0.00019576 1
33 20 1 -2.7949 1
33 107 1 -0.531554 1
33 13 1 1.47299 1
33 113 1 -1.34587 1
34 64 1 -1.07032 1
34 65 1 -0.747186 1
34 66 1 2.41107 1
34 67 1 1.26267 1
34 68 1 0.381109 1
34 69 1 -1.9658 1
34 70 1 -1.79158 1
34 71 1 -2.53845 1
34 72 1 -3.24942 1
34 73 1 -3.8688 1
34 74 1 2.29603 1
34 75 1 7.09622 1
34 76 1 -0.418837 1
34 77 1 1.11979 1
34 78 1 -0.0362301 1
34 79 1 1.97749 1
34 80 1 2.16105 1
34 81 1 -1.99889 1
34 82 1 0.00219358 1
34 83 1 2.46805 1
34 84 1 0.137444 1
34 85 1 -0.118993 1
34 86 1 -0.298636 1
34 87 1 -0.0341822 1
34 88 1 -0.115303 1
34 89 1 -2.06514 1
34 90 1 -4.04176 1
34 91 1 2.62013 1
34 92 1 2.6347 1
34 93 1 -1.94048 1
34 94 1 1.63627 1
34 95 1 1.28139 1
34 113 1 0.385966 1
35 64 1 0.137461 1
35 65 1 -0.0310538 1
35 66 1 -0.0377175 1
35 67 1 5.97313 1
35 68 1 3.97104 1
35 69 1 2.92076 1
35 70 1 2.74005 1
35 71 1 4.30444 1
35 72 1 4.0207 1
35 73 1 6.90457 1
35 74 1 -0.148736 1
35 75 1 -1.30929 1
35 76 1 -4.44287 1
35 77 1 0.949335 1
35 78 1 -1.59453 1
35 79 1 3.15232 1
35 80 1 -7.36515 1
35 81 1 -0.976806 1
35 82 1 3.88901 0
35 83 1 -1.58613 1
35 84 1 5.52808 1
35 85 1 -4.72161 1
35 86 1 -0.763746 1
35 87 1 -2.23021 1
35 88 1 -0.721694 1
35 89 1 1.5807 0
35 90 1 -0.00718092 1
35 91 1 -0.49652 1
35 92 1 -2.9798 1
35 93 1 -3.37179 1
35 94 1 -0.371952 1
35 95 1 0.674567 1
35 130 1 1.83139 1
35 133 1 5.80908 1
133 82 1 2.46874 1
130 89 1 1.49233 1
36 64 1 2.22638 1
36 65 1 1.90176 1
36 66 1 2.4675 1
36 67 1 -1.37039 1
36 68 1 -5.60089 1
36 69 1 -2.02137 1
36 70 1 -1.82924 1
36 71 1 1.94575 1
36 72 1 -2.04386 1
36 73 1 -0.545686 1
36 74 1 -1.58229 1
36 75 1 -1.0957 1
36 76 1 0.498824 1
36 77 1 -6.64376 1
36 78 1 1.44483 1
36 79 1 3.42562 1
36 80 1 3.77595 1
36 81 1 -0.458411 1
36 82 1 -1.46825 0
36 83 1 -0.545326 1
36 84 1 2.51279 1
36 85 1 -1.6949 1
36 86 1 0.880948 1
36 87 1 0.189167 1
36 88 1 -2.50714 1
36 89 1 0.688785 1
36 90 1 -3.99464 1
36 91 1 1.75954 1
36 92 1 4.25384 1
36 93 1 2.74288 1
36 94 1 -1.17396 1
36 95 1 6.96098 1
36 109 1 -0.557951 0
36 24 1 -3.30287 1
36 117 1 2.32258 1
117 109 1 1.57932 1
117 4 1 0.55948 1
109 82 1 0.774528 1
109 31 1 1.80344 1
37 64 1 -5.48442 1
37 65 1 1.29737 1
37 66 1 -4.12856 1
37 67 1 -2.75333 1
37 68 1 -3.65636 1
37 69 1 3.02557 1
37 70 1 -6.18205 1
37 71 1 -2.73859 1
37 72 1 3.35853 1
37 73 1 2.92823 1
37 74 1 0.131481 1
37 75 1 0.439632 1
37 76 1 1.8158 0
37 77 1 3.78192 1
37 78 1 -0.468905 1
37 79 1 1.7975 1
37 80 1 3.30056 1
37 81 1 1.87467 1
37 82 1 3.86431 1
37 83 1 2.01403 1
37 84 1 -4.82933 1
37 85 1 0.463259 1
37 86 1 0.00237168 1
37 87 1 0.934295 1
37 88 1 -1.16581 1
37 89 1 -3.14785 1
37 90 1 -0.909473 1
37 91 1 1.1498 1
37 92 1 2.962 1
37 93 1 0.433413 1
37 94 1 -2.29637 1
37 95 1 0.596138 1
37 142 1 2.45018 1
37 160 1 0.77491 1
142 76 1 0.298385 1
142 147 1 -1.53861 1
142 6 1 0.212941 1
38 64 1 0.0654259 1
38 65 1 -1.65317 1
38 66 1 -1.74749 1
38 67 1 -1.88267 1
38 68 1 -3.03343 1
38 69 1 -4.02308 1
38 70 1 -0.239073 1
38 71 1 -0.484811 1
38 72 1 1.59492 1
38 73 1 2.29359 1
38 74 1 -1.00811 1
38 75 1 3.03 1
38 76 1 3.94107 1
38 77 1 -0.703909 1
38 78 1 -0.604389 1
38 79 1 -0.857955 1
38 80 1 -2.63936 1
38 81 1 -1.7397 1
38 82 1 1.81062 1
38 83 1 -1.17474 1
38 84 1 -1.2468 1
38 85 1 -2.89418 1
38 86 1 -0.995834 1
38 87 1 0.902113 0
38 88 1 1.94801 1
38 89 1 3.42484 1
38 90 1 -0.407494 1
38 91 1 2.42825 1
38 92 1 2.58057 0
38 93 1 -1.0953 1
38 94 1 -0.241865 1
38 95 1 -2.36341 1
38 148 1 2.77852 1
38 162 1 0.646023 1
162 87 1 0.609552 1
148 92 1 3.04748 1
39 64 1 2.24929 1
39 65 1 -1.64509 1
39 66 1 1.12723 1
39 67 1 -0.771655 1
39 68 1 0.843743 1
39 69 1 0.324686 1
39 70 1 0.211097 1
39 71 1 -1.5454 1
39 72 1 -3.09713 1
39 73 1 -3.36863 1
39 74 1 1.28009 1
39 75 1 2.91448 0
39 76 1 4.40396 1
39 77 1 0.460385 1
39 78 1 -2.99491 1
39 79 1 -3.44354 1
39 80 1 -0.950947 1
39 81 1 -2.7781 1
39 82 1 -0.87672 1
39 83 1 -2.31307 1
39 84 1 -2.83428 1
39 85 1 -0.384299 1
39 86 1 1.15857 1
39 87 1 -0.306428 1
39 88 1 -1.25816 1
39 89 1 -0.924561 1
39 90 1 3.89767 1
39 91 1 -0.163879 1
39 92 1 3.82131 1
39 93 1 0.66523 1
39 94 1 -4.85174 1
39 95 1 -3.5535 1
39 2 1 -3.88981 1
39 112 1 4.46539 1
39 13 1 -0.869943 1
39 104 1 0.488834 1
112 75 1 -2.65359 1
112 138 1 -1.55953 1
112 153 1 -1.05543 1
40 64 1 -5.10427 1
40 65 1 -1.45669 1
40 66 1 2.58997 1
40 67 1 0.91885 1
40 68 1 1.66602 1
40 69 1 2.68777 1
40 70 1 -1.04017 1
40 71 1 1.67012 1
40 72 1 2.02999 1
40 73 1 1.71061 1
40 74 1 -3.30207 1
40 75 1 2.78732 1
40 76 1 -3.45089 1
40 77 1 3.13516 1
40 78 1 3.21214 1
40 79 1 -0.782352 1
40 80 1 0.66569 1
40 81 1 1.11117 1
40 82 1 1.90881 1
40 83 1 -4.17868 1
40 84 1 -0.791813 1
40 85 1 -0.0547259 1
40 86 1 3.53038 1
40 87 1 1.48271 1
40 88 1 1.29819 1
40 89 1 -2.45721 1
40 90 1 -0.908282 1
40 91 1 -1.6484 1
40 92 1 -4.38792 1
40 93 1 1.33234 1
40 94 1 -0.313814 1
40 95 1 2.5069 1
40 2 1 0.0653432 1
40 134 1 0.151155 1
41 64 1 4.50646 1
41 65 1 -0.315662 1
41 66 1 0.483331 1
41 67 1 0.893131 1
41 68 1 2.56588 1
41 69 1 -2.31312 1
41 70 1 -0.437978 1
41 71 1 0.544235 1
41 72 1 5.31964 1
41 73 1 -5.40728 1
41 74 1 0.66711 1
41 75 1 3.25261 1
41 76 1 -5.54053 1
41 77 1 -1.12218 1
41 78 1 -3.61731 1
41 79 1 2.61733 1
41 80 1 1.75027 1
41 81 1 3.52043 1
41 82 1 -1.56205 1
41 83 1 2.92734 1
41 84 1 -2.92242 1
41 85 1 0.226401 1
41 86 1 1.51123 1
41 87 1 1.06838 1
41 88 1 3.50842 1
41 89 1 -1.98452 1
41 90 1 -1.80839 1
41 91 1 1.22705 1
41 92 1 0.27284 1
41 93 1 -0.535861 1
41 94 1 -1.10679 1
41 95 1 -0.554859 1
41 11 1 2.86482 1
41 29 1 -2.65826 1
41 97 1 -2.2537 1
42 64 1 0.412313 1
42 65 1 -0.244309 1
42 66 1 -1.20148 1
42 67 1 0.316747 1
42 68 1 -2.98163 1
42 69 1 1.27355 1
42 70 1 -0.796238 1
42 71 1 -1.09215 1
42 72 1 -1.08006 1
42 73 1 -2.89536 1
42 74 1 4.79826 1
42 75 1 -3.37954 1
42 76 1 -2.25859 1
42 77 1 -0.0442729 1
42 78 1 -2.13421 1
42 79 1 1.8323 1
42 80 1 -1.34914 1
42 81 1 3.25801 1
42 82 1 4.56905 1
42 83 1 3.15628 1
42 84 1 2.09301 1
42 85 1 -0.788662 1
42 86 1 2.29952 1
42 87 1 -1.73613 1
42 88 1 -1.5009 1
42 89 1 -0.673396 1
42 90 1 2.52557 1
42 91 1 1.61973 1
42 92 1 -0.464543 1
42 93 1 2.16724 1
42 94 1 -3.12103 1
42 95 1 0.518264 1
43 64 1 1.43314 1
43 65 1 -2.12317 1
43 66 1 2.68097 1
43 67 1 0.0154268 1
43 68 1 0.181731 1
43 69 1 -2.06262 1
43 70 1 0.797945 1
43 71 1 -3.01346 1
43 72 1 1.23186 1
43 73 1 -6.50461 1
43 74 1 3.25722 1
43 75 1 -2.4397 1
43 76 1 -1.3607 1
43 77 1 -0.380623 1
43 78 1 1.21183 1
43 79 1 -3.06404 1
43 80 1 0.211839 1
43 81 1 1.52805 1
43 82 1 2.84748 1
43 83 1 -2.00725 1
43 84 1 -0.184295 1
43 85 1 2.80893 1
43 86 1 1.99352 1
43 87 1 5.8053 1
43 88 1 1.77944 1
43 89 1 4.38886 1
43 90 1 0.566862 1
43 91 1 -2.79645 1
43 92 1 3.29971 1
43 93 1 1.83829 1
43 94 1 -2.93229 1
43 95 1 1.64693 1
44 64 1 0.895092 1
44 65 1 -4.16559 1
44 66 1 0.325748 1
44 67 1 -2.84096 1
44 68 1 0.34593 1
44 69 1 -0.992987 1
44 70 1 3.60323 1
44 71 1 2.39542 1
44 72 1 -2.74956 1
44 73 1 2.73374 1
44 74 1 -2.09988 1
44 75 1 -3.18896 1
44 76 1 1.19236 1
44 77 1 3.02238 1
44 78 1 2.39859 1
44 79 1 0.0712322 1
44 80 1 4.48685 1
44 81 1 -2.41898 1
44 82 1 1.01457 1
44 83 1 -1.631 1
44 84 1 0.334495 1
44 85 1 -0.0104047 1
44 86 1 2.75858 1
44 87 1 1.98249 1
44 88 1 0.649828 1
44 89 1 2.19512 1
44 90 1 2.23373 1
44 91 1 1.45435 1
44 92 1 -1.42938 1
44 93 1 3.37796 1
44 94 1 -2.08559 1
44 95 1 -1.07973 1
44 8 1 -0.469213 1
44 29 1 1.66273 1
45 64 1 -2.51205 1
45 65 1 0.878703 1
45 66 1 0.22048 1
45 67 1 2.67561 1
45 68 1 -0.850674 1
45 69 1 -6.79312 1
45 70 1 -3.18868 1
45 71 1 0.912639 1
45 72 1 -5.80137 1
45 73 1 3.14608 1
45 74 1 2.94975 1
45 75 1 3.72399 1
45 76 1 -1.90935 1
45 77 1 -0.0610665 1
45 78 1 -3.00722 1
45 79 1 1.68974 1
45 80 1 -1.82409 1
45 81 1 0.600791 1
45 82 1 0.427894 1
45 83 1 -3.81712 1
45 84 1 1.31094 1
45 85 1 -3.29079 1
45 86 1 0.737853 1
45 87 1 1.0941 1
45 88 1 1.74108 1
45 89 1 -4.37192 1
45 90 1 1.92353 1
45 91 1 4.24912 1
45 92 1 -3.14875 1
45 93 1 -6.59704 1
45 94 1 2.54099 1
45 95 1 -4.95225 1
45 9 1 6.58832 1
45 20 1 0.353945 1
45 17 1 -0.307448 1
46 64 1 0.284283 1
46 65 1 -0.447 1
46 66 1 2.37327 1
46 67 1 2.01174 1
46 68 1 -5.48108 1
46 69 1 -0.694558 1
46 70 1 0.0974326 1
46 71 1 -2.82913 1
46 72 1 3.98003 1
46 73 1 -3.63899 1
46 74 1 -0.457105 1
46 75 1 1.15798 1
46 76 1 -5.37299 1
46 77 1 3.58727 1
46 78 1 0.594488 1
46 79 1 -0.16656 1
46 80 1 4.03626 1
46 81 1 1.61773 1
46 82 1 -0.212977 1
46 83 1 2.84844 1
46 84 1 -1.50183 1
46 85 1 1.90374 1
46 86 1 -1.14495 1
46 87 1 5.12265 1
46 88 1 1.31529 1
46 89 1 -5.02158 1
46 90 1 -3.38505 1
46 91 1 0.160422 1
46 92 1 0.0928964 1
46 93 1 -1.9489 1
46 94 1 -0.542502 1
46 95 1 -0.450998 1
46 24 1 3.35457 1
47 64 1 -1.18938 1
47 65 1 0.146262 1
47 66 1 -1.43385 1
47 67 1 2.83336 1
47 68 1 -0.581066 1
47 69 1 3.98424 1
47 70 1 -2.76177 1
47 71 1 0.828583 1
47 72 1 -0.50817 1
47 73 1 6.57574 0
47 74 1 -2.20325 1
47 75 1 -1.97964 1
47 76 1 -2.92782 1
47 77 1 -8.40468 1
47 78 1 -2.48942 1
47 79 1 0.770869 1
47 80 1 4.04172 1
47 81 1 -4.68221 1
47 82 1 3.07934 1
47 83 1 0.169856 1
47 84 1 -4.32676 1
47 85 1 -1.28137 1
47 86 1 -3.24975 1
47 87 1 5.08092 1
47 88 1 3.38823 1
47 89 1 0.87076 1
47 90 1 5.65749 1
47 91 1 0.732491 1
47 92 1 -0.165593 1
47 93 1 -0.318554 1
47 94 1 2.2754 1
47 95 1 -2.49111 1
47 4 1 -0.493742 1
47 137 1 2.19998 1
137 73 1 3.55205 0
137 156 1 0.561448 1
156 73 1 3.06303 1
48 64 1 -1.01446 1
48 65 1 -1.89952 1
48 66 1 2.48156 1
48 67 1 -2.83264 1
48 68 1 -7.11904 1
48 69 1 -5.44457 1
48 70 1 0.542626 1
48 71 1 1.18872 1
48 72 1 -5.61382 1
48 73 1 3.67882 1
48 74 1 4.27339 1
48 75 1 -4.64747 1
48 76 1 0.518463 1
48 77 1 -1.45241 1
48 78 1 -0.390062 1
48 79 1 2.00576 1
48 80 1 0.176086 1
48 81 1 -3.48526 1
48 82 1 -0.218688 1
48 83 1 -0.621765 1
48 84 1 0.070957 1
48 85 1 0.77998 1
48 86 1 -1.25456 1
48 87 1 -0.0766819 1
48 88 1 -2.61688 1
48 89 1 -0.615729 1
48 90 1 1.33864 1
48 91 1 1.77208 1
48 92 1 -4.38916 1
48 93 1 0.434333 1
48 94 1 5.81264 1
48 95 1 3.045 1
48 16 1 0.918597 1
48 12 1 0.260977 1
48 14 1 -1.28539 1
48 30 1 0.434405 1
49 64 1 -0.700314 1
49 65 1 -4.05305 1
49 66 1 0.653583 1
49 67 1 -0.931636 1
49 68 1 -3.84231 1
49 69 1 0.61434 1
49 70 1 0.628378 1
49 71 1 -2.71138 1
49 72 1 -1.82026 1
49 73 1 0.538604 1
49 74 1 3.70537 1
49 75 1 1.14977 1
49 76 1 -7.17826 1
49 77 1 -4.41661 1
49 78 1 -1.67893 0
49 79 1 2.72966 1
49 80 1 4.70025 1
49 81 1 -4.88793 1
49 82 1 1.41472 1
49 83 1 -1.70306 1
49 84 1 1.95267 1
49 85 1 -2.65778 1
49 86 1 -1.08303 1
49 87 1 -1.74413 1
49 88 1 0.738413 1
49 89 1 1.62485 1
49 90 1 -1.87174 1
49 91 1 2.26739 1
49 92 1 3.96565 1
49 93 1 0.260465 1
49 94 1 0.384979 1
49 95 1 3.98187 1
49 19 1 -1.06265 1
49 31 1 -0.701569 1
49 15 1 -2.59549 1
49 158 1 0.785851 1
49 26 1 -1.25096 1
49 144 1 -1.1779 1
158 78 1 -0.371507 1
50 64 1 -4.59343 1
50 65 1 -1.88584 1
50 66 1 0.440102 1
50 67 1 -0.362855 1
50 68 1 2.01035 1
50 69 1 -1.25189 1
50 70 1 0.844812 1
50 71 1 7.48641 1
50 72 1 -2.77527 1
50 73 1 3.84135 1
50 74 1 -1.48863 1
50 75 1 2.5333 1
50 76 1 -1.16435 1
50 77 1 0.0189889 1
50 78 1 2.01539 1
50 79 1 -1.41806 1
50 80 1 2.01346 1
50 81 1 -0.0820258 1
50 82 1 -2.85538 1
50 83 1 2.3571 1
50 84 1 -1.12895 1
50 85 1 2.69112 1
50 86 1 2.63188 1
50 87 1 -2.97907 1
50 88 1 -3.13772 1
50 89 1 1.06282 1
50 90 1 0.506337 1
50 91 1 0.534389 1
50 92 1 0.691563 1
50 93 1 -2.5796 1
50 94 1 -2.34975 1
50 95 1 1.95751 1
50 4 1 5.05447 1
50 22 1 1.0459 1
51 64 1 -2.49073 1
51 65 1 2.5166 1
51 66 1 4.12303 1
51 67 1 -0.514075 1
51 68 1 -0.0162763 1
51 69 1 -0.697028 1
51 70 1 2.0794 1
51 71 1 5.58382 1
51 72 1 -4.92715 1
51 73 1 -2.66108 0
51 74 1 -1.47151 1
51 75 1 4.05558 1
51 76 1 -2.5788 1
51 77 1 2.2481 1
51 78 1 5.31941 1
51 79 1 -1.56698 1
51 80 1 0.747149 1
51 81 1 -2.6647 1
51 82 1 -0.437811 1
51 83 1 4.39225 1
51 84 1 -2.70882 1
51 85 1 0.159368 1
51 86 1 -1.38567 1
51 87 1 1.60059 1
51 88 1 -0.0585352 1
51 89 1 -0.6225 1
51 90 1 0.349856 1
51 91 1 -1.06021 1
51 92 1 0.893524 1
51 93 1 3.89702 1
51 94 1 -4.7878 1
51 95 1 -3.69459 1
51 116 1 0.0748835 1
51 12 1 -1.40541 1
116 73 1 -1.15817 0
116 134 1 2.23392 1
134 73 1 3.28222 1
52 64 1 -2.83522 1
52 65 1 3.56757 1
52 66 1 0.672526 1
52 67 1 0.453957 1
52 68 1 0.945625 1
52 69 1 5.6063 1
52 70 1 4.18295 1
52 71 1 -0.561531 1
52 72 1 -1.26522 1
52 73 1 3.5188 1
52 74 1 3.42789 1
52 75 1 2.55185 1
52 76 1 -4.80788 1
52 77 1 0.583851 1
52 78 1 2.962 1
52 79 1 -0.292474 1
52 80 1 -0.835772 1
52 81 1 -0.589144 1
52 82 1 -1.95904 1
52 83 1 -1.69729 1
52 84 1 0.599446 1
52 85 1 -1.16514 1
52 86 1 -6.81637 1
52 87 1 -1.29237 1
52 88 1 0.702597 1
52 89 1 1.31455 1
52 90 1 -1.32873 1
52 91 1 0.0170651 1
52 92 1 0.763733 1
52 93 1 -2.98868 0
52 94 1 2.42579 1
52 95 1 0.358971 1
52 115 1 0.89987 1
52 139 1 1.34704 1
52 23 1 -1.21414 1
139 93 1 -1.5809 1
53 64 1 -2.80147 1
53 65 1 0.101398 1
53 66 1 -1.39695 1
53 67 1 -1.76318 1
53 68 1 1.57626 1
53 69 1 1.22029 1
53 70 1 0.0494938 0
53 71 1 -0.31664 1
53 72 1 -1.78454 1
53 73 1 0.0916734 1
53 74 1 -0.46426 1
53 75 1 -3.44928 1
53 76 1 -0.000777689 1
53 77 1 2.25616 1
53 78 1 -0.212018 1
53 79 1 0.525195 1
53 80 1 1.6261 1
53 81 1 1.08446 1
53 82 1 3.34197 1
53 83 1 -0.991654 1
53 84 1 0.632427 1
53 85 1 2.22213 1
53 86 1 1.02166 1
53 87 1 0.109233 1
53 88 1 -0.0112588 1
53 89 1 -0.575671 1
53 90 1 -3.90916 1
53 91 1 0.191629 1
53 92 1 2.26881 1
53 93 1 -1.71965 1
53 94 1 -1.0327 1
53 95 1 -2.35211 1
53 20 1 5.20475 1
53 23 1 1.75171 1
53 149 1 -0.949211 1
149 70 1 -2.44221 0
149 153 1 1.38072 1
149 126 1 -0.801451 1
153 70 1 0.294477 1
54 64 1 2.12321 1
54 65 1 0.245811 1
54 66 1 -1.7299 1
54 67 1 2.34914 1
54 68 1 3.52276 1
54 69 1 -4.47103 1
54 70 1 1.57743 1
54 71 1 5.14969 1
54 72 1 0.956353 1
54 73 1 1.36877 1
54 74 1 -0.785429 1
54 75 1 -2.61647 1
54 76 1 -2.46198 1
54 77 1 1.6636 1
54 78 1 -1.12678 1
54 79 1 1.66174 1
54 80 1 1.75944 1
54 81 1 3.17564 1
54 82 1 -2.802 1
54 83 1 5.17074 1
54 84 1 1.76113 1
54 85 1 -0.500921 1
54 86 1 -3.39183 1
54 87 1 0.367572 1
54 88 1 1.32426 1
54 89 1 3.42997 1
54 90 1 -2.35423 1
54 91 1 4.49386 1
54 92 1 -1.93652 1
54 93 1 3.21063 1
54 94 1 -3.69284 1
54 95 1 -2.66894 1
54 30 1 -0.0885726 1
54 144 1 0.64075 1
55 64 1 -0.103514 1
55 65 1 -3.25643 1
55 66 1 -3.11017 1
55 67 1 -0.579701 1
55 68 1 -0.244264 1
55 69 1 2.08712 1
55 70 1 3.11482 1
55 71 1 -3.73568 1
55 72 1 2.85134 1
55 73 1 -0.236655 1
55 74 1 1.88108 1
55 75 1 -2.32201 1
55 76 1 -5.33995 1
55 77 1 1.73682 1
55 78 1 0.394994 1
55 79 1 3.30396 1
55 80 1 -0.611555 1
55 81 1 2.26039 1
55 82 1 0.321494 1
55 83 1 0.89519 1
55 84 1 0.144355 1
55 85 1 -6.24165 1
55 86 1 1.98768 1
55 87 1 -1.27897 1
55 88 1 -3.6531 1
55 89 1 1.25058 1
55 90 1 0.00035565 1
55 91 1 1.13222 1
55 92 1 7.27031 1
55 93 1 -3.82388 1
55 94 1 -3.49227 1
55 95 1 -0.0620769 0
55 28 1 4.51519 1
55 114 1 -0.484311 1
55 0 1 -3.31287 1
55 2 1 1.26911 1
114 95 1 -0.547023 1
56 64 1 3.24371 1
56 65 1 -6.46193 1
56 66 1 0.76824 1
56 67 1 -0.878555 1
56 68 1 1.59069 0
56 69 1 -2.14275 1
56 70 1 0.0350213 1
56 71 1 1.99406 1
56 72 1 -1.6868 1
56 73 1 -0.0192663 1
56 74 1 3.68472 1
56 75 1 3.96908 1
56 76 1 -3.99582 1
56 77 1 -3.37252 1
56 78 1 -1.5011 1
56 79 1 -1.2872 1
56 80 1 -1.7028 1
56 81 1 4.5879 1
56 82 1 2.33474 1
56 83 1 -2.08719 1
56 84 1 -2.23922 1
56 85 1 -0.167638 1
56 86 1 1.59821 1
56 87 1 0.0124317 1
56 88 1 -0.62013 1
56 89 1 0.336688 1
56 90 1 -1.06334 1
56 91 1 -1.5088 1
56 92 1 0.521123 1
56 93 1 2.98039 1
56 94 1 -1.27747 1
56 95 1 -1.37504 1
56 3 1 -2.34308 1
56 126 1 3.83538 1
126 68 1 2.78825 1
126 11 1 -2.78133 1
57 64 1 -4.72092 1
57 65 1 5.00447 1
57 66 1 -1.09735 1
57 67 1 -1.26448 1
57 68 1 0.936243 1
57 69 1 -1.04927 0
57 70 1 0.689241 1
57 71 1 3.0387 1
57 72 1 1.87726 1
57 73 1 -3.28694 1
57 74 1 2.35766 1
57 75 1 4.4131 1
57 76 1 4.12935 1
57 77 1 -6.19963 1
57 78 1 1.77696 1
57 79 1 -2.59377 1
57 80 1 2.08536 1
57 81 1 4.22689 1
57 82 1 4.66138 1
57 83 1 -1.65748 1
57 84 1 -0.603995 1
57 85 1 -1.94944 1
57 86 1 -0.593729 1
57 87 1 0.56611 1
57 88 1 0.508463 1
57 89 1 1.0107 1
57 90 1 1.15778 1
57 91 1 -4.26179 1
57 92 1 -2.37464 1
57 93 1 -2.65182 1
57 94 1 -2.4773 1
57 95 1 3.6865 1
57 104 1 4.4713 1
57 22 1 -0.480337 1
104 69 1 2.92521 1
104 1 1 1.22572 1
104 107 1 0.0142356 1
58 64 1 5.95794 1
58 65 1 -1.33276 1
58 66 1 -1.39382 1
58 67 1 -0.799736 1
58 68 1 -3.28523 1
58 69 1 -0.217063 1
58 70 1 -1.52488 1
58 71 1 2.75468 1
58 72 1 0.647654 1
58 73 1 -2.24735 1
58 74 1 1.7054 1
58 75 1 1.64057 1
58 76 1 3.49966 1
58 77 1 1.86334 1
58 78 1 -3.09013 1
58 79 1 -1.25652 0
58 80 1 -4.06992 1
58 81 1 3.86223 1
58 82 1 2.51451 1
58 83 1 -1.01427 1
58 84 1 -2.76372 1
58 85 1 0.491733 1
58 86 1 1.40071 1
58 87 1 -2.17853 1
58 88 1 -4.08091 1
58 89 1 -2.25891 1
58 90 1 -1.61146 1
58 91 1 -2.06507 1
58 92 1 0.663527 1
58 93 1 2.20454 1
58 94 1 -1.20164 1
58 95 1 1.69626 1
58 128 1 1.4168 1
128 79 1 0.365103 0
128 131 1 2.60672 1
131 79 1 1.26001 0
131 160 1 0.710446 1
160 79 1 2.69978 1
160 125 1 1.001 1
59 64 1 -2.86583 1
59 65 1 2.30046 1
59 66 1 3.0103 1
59 67 1 -2.24897 1
59 68 1 1.58028 1
59 69 1 -2.63895 1
59 70 1 -1.47833 1
59 71 1 1.72552 1
59 72 1 0.549426 1
59 73 1 -0.3824 1
59 74 1 2.34301 1
59 75 1 -1.23039 1
59 76 1 3.7828 1
59 77 1 0.20667 0
59 78 1 2.09323 1
59 79 1 -2.57197 1
59 80 1 0.670473 1
59 81 1 2.01524 1
59 82 1 -4.66777 1
59 83 1 3.93864 1
59 84 1 0.369725 1
59 85 1 -3.42767 1
59 86 1 -3.9986 1
59 87 1 1.82001 1
59 88 1 3.27414 1
59 89 1 -0.745506 1
59 90 1 -0.526607 1
59 91 1 -1.86927 1
59 92 1 1.43521 1
59 93 1 2.53486 1
59 94 1 -5.8647 1
59 95 1 0.768391 1
59 97 1 0.648762 1
59 5 1 -4.13105 1
59 11 1 -1.41097 1
59 13 1 2.28842 1
97 77 1 -8.00748 1
97 22 1 -0.542036 1
97 2 1 -5.75092 0
97 99 1 2.62958 1
97 7 1 4.70914 0
97 102 1 3.51375 1
97 17 1 2.53389 1
102 7 1 4.09396 1
99 2 1 0.0969633 0
99 108 1 5.38715 1
99 15 1 2.61444 1
108 2 1 -0.75452 0
108 125 1 6.23871 1
125 2 1 3.36407 1
60 64 1 2.15055 1
60 65 1 -0.34474 1
60 66 1 2.32288 1
60 67 1 -0.0140204 1
60 68 1 1.19471 1
60 69 1 2.02403 1
60 70 1 -0.963839 1
60 71 1 0.483187 1
60 72 1 -0.382839 0
60 73 1 1.07947 1
60 74 1 2.44374 1
60 75 1 0.0804633 1
60 76 1 -1.11787 1
60 77 1 4.95969 1
60 78 1 -2.67133 1
60 79 1 1.53385 1
60 80 1 -6.54336 1
60 81 1 -1.30545 1
60 82 1 -2.05869 1
60 83 1 1.94893 1
60 84 1 -1.87699 1
60 85 1 3.65224 1
60 86 1 3.18647 1
60 87 1 -0.45719 1
60 88 1 -4.40004 1
60 89 1 0.257802 1
60 90 1 -2.43382 1
60 91 1 1.10742 1
60 92 1 -0.515308 1
60 93 1 1.13447 1
60 94 1 -1.22824 1
60 95 1 0.327974 1
60 24 1 -0.847806 1
60 0 1 4.17259 1
60 115 1 2.94618 1
60 3 1 -1.18324 1
115 72 1 -0.451439 1
115 18 1 0.648617 1
115 14 1 0.127845 1
115 19 1 -0.566033 1
61 64 1 -1.03995 1
61 65 1 0.177385 1
61 66 1 1.38159 1
61 67 1 0.935916 1
61 68 1 -3.4294 1
61 69 1 3.16707 1
61 70 1 2.11687 1
61 71 1 1.13763 1
61 72 1 -0.446848 1
61 73 1 0.861926 1
61 74 1 5.29633 1
61 75 1 5.51312 1
61 76 1 1.55208 1
61 77 1 -1.10626 0
61 78 1 -2.74237 1
61 79 1 0.345015 1
61 80 1 -2.54643 1
61 81 1 -1.11784 1
61 82 1 -1.12653 1
61 83 1 -1.36436 1
61 84 1 -2.59795 1
61 85 1 -1.19528 1
61 86 1 -0.533972 1
61 87 1 2.80993 1
61 88 1 -0.52212 1
61 89 1 0.411234 1
61 90 1 -1.62965 1
61 91 1 1.24196 1
61 92 1 0.207193 1
61 93 1 -0.253297 1
61 94 1 0.862096 1
61 95 1 -2.10446 1
61 107 1 -0.919397 1
61 113 1 -1.7041 1
61 14 1 -2.4999 1
61 15 1 0.827199 1
107 77 1 -6.44328 0
107 113 1 -0.250811 1
107 14 1 -3.00247 1
107 20 1 1.47165 1
107 5 1 -0.316662 1
113 77 1 -1.36749 0
113 23 1 -1.52214 1
113 147 1 0.429177 1
113 159 1 0.278123 1
159 77 1 -1.73034 0
159 161 1 0.922928 1
161 77 1 -1.20095 1
62 64 1 0.431442 1
62 65 1 -1.23608 1
62 66 1 3.39199 1
62 67 1 -1.26947 1
62 68 1 1.39467 1
62 69 1 -1.50939 1
62 70 1 0.326355 1
62 71 1 -3.48165 1
62 72 1 4.26671 1
62 73 1 1.90541 1
62 74 1 2.3545 1
62 75 1 -0.358715 1
62 76 1 3.06854 1
62 77 1 -3.4035 1
62 78 1 -2.28956 1
62 79 1 -2.29087 1
62 80 1 -0.657515 1
62 81 1 0.797871 1
62 82 1 -0.824028 1
62 83 1 2.3922 1
62 84 1 -1.63757 0
62 85 1 1.4347 1
62 86 1 3.49112 1
62 87 1 -0.862688 1
62 88 1 -0.113516 1
62 89 1 -2.63026 1
62 90 1 -7.13551 1
62 91 1 0.162576 1
62 92 1 0.835343 1
62 93 1 -0.260994 1
62 94 1 0.739683 1
62 95 1 -2.07149 1
62 5 1 0.326025 1
62 138 1 1.12997 0
62 152 1 1.34851 1
152 138 1 2.23067 1
138 84 1 -1.32636 1
63 64 1 3.02209 1
63 65 1 -0.821735 1
63 66 1 5.80604 1
63 67 1 -2.18546 1
63 68 1 0.534417 1
63 69 1 -5.33147 1
63 70 1 -2.15007 1
63 71 1 2.23426 1
63 72 1 -0.956775 1
63 73 1 3.43254 1
63 74 1 -7.16115 1
63 75 1 0.100229 1
63 76 1 -1.22611 0
63 77 1 1.57744 1
63 78 1 0.860671 1
63 79 1 -0.555517 1
63 80 1 1.63584 1
63 81 1 -2.01577 1
63 82 1 1.91994 1
63 83 1 -4.6266 1
63 84 1 -1.88396 1
63 85 1 -4.08449 1
63 86 1 5.76106 1
63 87 1 -3.63582 0
63 88 1 -1.40657 1
63 89 1 -3.53889 1
63 90 1 1.16287 1
63 91 1 -1.83456 1
63 92 1 1.17559 1
63 93 1 1.15123 1
63 94 1 -1.37746 1
63 95 1 -2.2509 1
63 141 1 3.18101 1
63 144 1 1.91887 1
144 76 1 -2.00519 0
144 147 1 3.89216 1
147 76 1 -2.5651 1
147 9 1 -0.25917 1
141 87 1 -7.13826 1
141 10 1 0.0852493 1
