171 64 32
2.63269 -2.16826 -5.64777 5.04025 -5.18339 4.43521 -0.634431 3.10347 -0.325669 3.85435 2.72181 6.24042 -3.76875 -5.18824 -2.77686 -2.86097 2.21206 -0.00491995 -0.468775 -0.799096 0.248907 0.196082 -0.972165 0.870652 -7.80587 -0.399485 3.334 0.333091 -2.53769 -3.29788 -3.71547 -0.942229 -1.42945 0.595126 2.09629 2.79279 -4.44592 0.685088 -0.983292 -1.20115 -0.278432 1.53401 -1.16466 -3.18461 -4.36816 -1.89389 -5.31185 2.75897 0.160433 2.53819 0.295506 -4.60479 -4.44035 -0.474126 -0.327317 2.65619 -3.32742 2.74972 0.566622 -1.38496 3.11601 -2.67318 -2.1134 -3.71911 -4.72971 -2.83303 6.2006 2.86264 -3.67323 4.04318 -2.75486 -4.00881 -3.73318 -2.30107 3.04876 4.6208 -0.201777 0.593547 -1.04705 -4.81993 1.64417 0.829265 -3.95433 0.97917 2.44488 1.44326 -4.77996 -0.545963 4.63772 1.27126 -0.47026 2.90064 -0.72918 -1.42186 0.59637 -0.807267 -0.733927 -0.845992 -1.56938 -1.89973 1.68107 -4.01322 -5.25418 -2.61816 -4.84279 2.5877 -0.785547 -3.55265 -2.69864 -0.551558 -1.73718 1.51769 3.50935 -4.61138 1.68101 -0.142081 -3.50446 0.484701 -0.560107 -1.74605 3.84987 -1.42712 -0.551991 0.789154 1.24552 4.22289 0.847164 0.72983 0.315534 4.30696 0.348968 0.0453317 -0.968159 -0.296659 -0.396264 -1.60715 -0.0600366 -0.0583572 -2.42332 -0.169387 2.0755 -1.77163 -0.629214 -1.62166 0.421013 0.0939779 -0.359743 -0.898585 1.29904 -2.16559 -0.208578 -0.10549 -0.275871 -0.340631 0.513046 -0.378095 0.149588 1.78867 0.116948 1.02922 0.329537 -0.725762 -0.0416725 1.26656 1.16675 -0.128887 1.05818 0.9023 0.872542 -0.00383907 0.0989824 
0 64 1 -3.23713 1
0 65 1 -0.498866 1
0 66 1 2.20376 1
0 67 1 2.06114 1
0 68 1 -2.04503 1
0 69 1 2.0897 1
0 70 1 1.31846 1
0 71 1 1.25628 1
0 72 1 0.173076 1
0 73 1 -1.60286 1
0 74 1 -2.2448 1
0 75 1 1.55886 1
0 76 1 2.11013 1
0 77 1 1.42245 1
0 78 1 -2.03619 1
0 79 1 0.285249 1
0 80 1 3.07611 1
0 81 1 3.76878 1
0 82 1 5.77551 1
0 83 1 1.51551 1
0 84 1 -1.55207 1
0 85 1 4.6889 1
0 86 1 -0.897941 1
0 87 1 -2.37859 1
0 88 1 0.612557 1
0 89 1 3.85765 1
0 90 1 5.09549 1
0 91 1 4.83687 1
0 92 1 -4.30205 1
0 93 1 -2.17455 1
0 94 1 2.89565 1
0 95 1 -0.0325874 1
0 10 1 -2.96545 1
1 64 1 -0.782105 1
1 65 1 -4.22436 1
1 66 1 3.44781 1
1 67 1 -4.51179 1
1 68 1 4.61443 1
1 69 1 -1.78432 1
1 70 1 3.70563 1
1 71 1 -1.00567 1
1 72 1 -2.6073 1
1 73 1 -2.83774 1
1 74 1 -3.04361 1
1 75 1 3.33563 1
1 76 1 -2.52776 1
1 77 1 6.91973 1
1 78 1 -1.38331 1
1 79 1 -1.18327 1
1 80 1 -2.95648 1
1 81 1 1.51343 1
1 82 1 -1.0704 1
1 83 1 -4.99885 1
1 84 1 -2.77221 1
1 85 1 -0.387196 1
1 86 1 1.93533 1
1 87 1 -0.16703 1
1 88 1 -0.641463 1
1 89 1 2.99492 1
1 90 1 -1.80703 1
1 91 1 -2.07346 1
1 92 1 -1.157 1
1 93 1 2.82832 1
1 94 1 -3.05799 1
1 95 1 -5.72861 1
1 27 1 1.03098 1
2 64 1 0.894349 1
2 65 1 -2.53891 1
2 66 1 -5.74715 1
2 67 1 -2.96053 1
2 68 1 -1.89913 1
2 69 1 1.01871 1
2 70 1 -1.42663 1
2 71 1 3.29423 1
2 72 1 -1.06588 1
2 73 1 -2.24676 1
2 74 1 -3.69086 1
2 75 1 -0.469855 1
2 76 1 -4.3142 1
2 77 1 -2.29829 1
2 78 1 0.138682 1
2 79 1 -3.33517 1
2 80 1 -6.30306 1
2 81 1 -5.55782 1
2 82 1 -1.40443 1
2 83 1 -3.43361 1
2 84 1 -0.00590553 1
2 85 1 3.98288 1
2 86 1 0.444005 1
2 87 1 0.196106 1
2 88 1 0.543267 1
2 89 1 -4.58869 1
2 90 1 -4.57388 1
2 91 1 -0.252344 1
2 92 1 1.92952 1
2 93 1 -2.73818 1
2 94 1 2.71581 1
2 95 1 -0.337964 1
2 100 1 -0.17002 1
2 6 1 4.56283 1
2 110 1 -1.35753 1
3 64 1 -1.72184 1
3 65 1 -2.12473 1
3 66 1 -0.0870702 1
3 67 1 0.507942 1
3 68 1 5.64132 1
3 69 1 -3.31464 1
3 70 1 -2.70677 1
3 71 1 0.255513 1
3 72 1 9.60101 1
3 73 1 -0.238665 1
3 74 1 -0.0596447 1
3 75 1 3.6426 1
3 76 1 0.0502884 1
3 77 1 -0.671515 1
3 78 1 -2.01628 1
3 79 1 0.596612 1
3 80 1 -2.84467 1
3 81 1 -0.824005 1
3 82 1 6.24265 1
3 83 1 2.65652 1
3 84 1 -0.248697 1
3 85 1 -4.33904 1
3 86 1 -0.247111 1
3 87 1 2.82893 1
3 88 1 -2.00276 1
3 89 1 2.9027 1
3 90 1 1.45914 1
3 91 1 2.50527 1
3 92 1 1.61579 1
3 93 1 -1.77885 1
3 94 1 -1.58246 1
3 95 1 3.46125 0
3 110 1 2.82715 1
110 95 1 -0.842602 0
110 111 1 -0.996685 0
110 132 1 2.04374 1
110 152 1 -0.289301 1
110 126 1 -0.979838 1
110 20 1 -1.2112 1
110 16 1 1.36444 1
132 111 1 3.16157 1
111 95 1 -1.88086 1
4 64 1 0.976826 1
4 65 1 -0.0394761 1
4 66 1 -0.239379 1
4 67 1 3.47736 1
4 68 1 0.563221 1
4 69 1 1.82447 1
4 70 1 -1.10255 1
4 71 1 -0.645419 1
4 72 1 -1.93117 1
4 73 1 -1.39586 0
4 74 1 0.116614 1
4 75 1 -6.29665 0
4 76 1 0.125614 1
4 77 1 4.72834 1
4 78 1 -0.557598 1
4 79 1 1.80526 1
4 80 1 -5.16686 1
4 81 1 0.915571 1
4 82 1 0.428643 1
4 83 1 -1.96596 1
4 84 1 -2.22908 1
4 85 1 1.22541 1
4 86 1 1.84442 1
4 87 1 -1.67333 1
4 88 1 -2.24666 1
4 89 1 -1.81892 1
4 90 1 3.47266 1
4 91 1 -3.77407 1
4 92 1 -0.702284 1
4 93 1 0.864757 0
4 94 1 -3.09902 1
4 95 1 2.19961 1
4 101 1 2.74441 1
4 17 1 4.36234 1
4 118 1 1.4426 1
4 145 1 0.306702 1
4 119 1 0.486031 1
145 93 1 -0.763986 1
118 73 1 -3.72383 1
101 75 1 1.19458 1
5 64 1 -1.02505 1
5 65 1 6.32413 1
5 66 1 -1.52132 1
5 67 1 8.79392 1
5 68 1 3.31533 1
5 69 1 5.35729 1
5 70 1 -0.843382 1
5 71 1 -1.11754 1
5 72 1 1.02738 1
5 73 1 -0.533401 1
5 74 1 -2.02901 1
5 75 1 3.00055 1
5 76 1 3.09525 1
5 77 1 0.287598 1
5 78 1 0.212896 1
5 79 1 0.183299 1
5 80 1 1.23484 1
5 81 1 -0.857943 1
5 82 1 0.357355 1
5 83 1 4.58864 1
5 84 1 3.037 1
5 85 1 3.03132 1
5 86 1 -0.509603 1
5 87 1 1.9352 1
5 88 1 0.582427 1
5 89 1 -4.33025 1
5 90 1 -2.71106 1
5 91 1 -0.299864 1
5 92 1 -0.918534 1
5 93 1 1.48167 1
5 94 1 -1.24116 1
5 95 1 -0.0708043 1
5 28 1 3.17428 1
6 64 1 0.209313 1
6 65 1 -0.622243 1
6 66 1 2.55686 1
6 67 1 3.20741 1
6 68 1 -3.71778 1
6 69 1 -3.77535 1
6 70 1 -3.3449 1
6 71 1 1.18564 1
6 72 1 2.02885 1
6 73 1 -3.662 1
6 74 1 -5.18128 1
6 75 1 1.39422 1
6 76 1 5.14072 1
6 77 1 -1.7847 1
6 78 1 -0.515063 1
6 79 1 -3.14352 1
6 80 1 3.50385 1
6 81 1 -1.76499 1
6 82 1 0.0489998 1
6 83 1 2.18024 1
6 84 1 2.72239 1
6 85 1 -4.52533 1
6 86 1 0.232497 1
6 87 1 4.47715 1
6 88 1 -2.38092 1
6 89 1 -2.2183 1
6 90 1 4.40197 1
6 91 1 -0.725269 1
6 92 1 3.48423 1
6 93 1 -3.92023 1
6 94 1 -2.64132 1
6 95 1 2.09874 1
6 26 1 0.845194 1
7 64 1 3.8561 1
7 65 1 2.39007 1
7 66 1 1.14814 1
7 67 1 -6.66842 1
7 68 1 -1.67643 1
7 69 1 -2.59718 1
7 70 1 6.25216 1
7 71 1 3.70984 1
7 72 1 3.49 1
7 73 1 -1.19169 1
7 74 1 -2.86126 1
7 75 1 0.808696 0
7 76 1 1.19376 1
7 77 1 2.11307 1
7 78 1 3.43986 1
7 79 1 3.07561 1
7 80 1 -0.845724 1
7 81 1 1.50093 1
7 82 1 -4.1108 0
7 83 1 0.839019 0
7 84 1 -2.40121 1
7 85 1 3.15727 1
7 86 1 0.631847 1
7 87 1 4.97286 1
7 88 1 -2.78301 1
7 89 1 -3.18003 1
7 90 1 1.36481 1
7 91 1 -2.1112 1
7 92 1 2.07903 1
7 93 1 -1.76871 1
7 94 1 -1.03988 1
7 95 1 0.911824 1
7 100 1 0.698752 1
7 127 1 2.74516 1
7 164 1 1.23481 1
164 75 1 0.209681 1
127 82 1 -4.94349 0
127 169 1 0.911695 1
169 82 1 -5.04102 1
100 83 1 3.40321 0
100 24 1 -1.536 0
100 106 1 4.18642 1
100 166 1 0.831689 1
166 83 1 3.26488 1
106 24 1 -6.73116 1
106 6 1 -1.37891 1
8 64 1 3.22646 1
8 65 1 -4.06838 1
8 66 1 0.205593 1
8 67 1 1.01938 1
8 68 1 -1.52437 1
8 69 1 3.89023 1
8 70 1 2.17896 1
8 71 1 3.82191 1
8 72 1 3.91912 1
8 73 1 -3.22603 1
8 74 1 -2.67738 1
8 75 1 -2.81445 1
8 76 1 -0.0402256 1
8 77 1 3.29929 1
8 78 1 0.649981 1
8 79 1 -2.75506 1
8 80 1 2.0717 1
8 81 1 -3.32683 1
8 82 1 -1.10406 1
8 83 1 -3.44475 1
8 84 1 2.15947 1
8 85 1 9.10192 1
8 86 1 4.91411 1
8 87 1 2.77092 1
8 88 1 -2.17835 1
8 89 1 4.52329 1
8 90 1 0.0780674 1
8 91 1 -0.173456 1
8 92 1 2.11546 1
8 93 1 4.44897 1
8 94 1 4.70609 1
8 95 1 -0.786062 1
8 17 1 -0.303218 1
9 64 1 -4.08808 1
9 65 1 -2.00389 1
9 66 1 0.811083 1
9 67 1 1.49343 1
9 68 1 -1.7039 1
9 69 1 -1.16274 1
9 70 1 -6.43084 1
9 71 1 -1.86038 1
9 72 1 3.10222 1
9 73 1 -0.993826 1
9 74 1 -0.91905 1
9 75 1 2.963 1
9 76 1 3.82662 1
9 77 1 1.00706 1
9 78 1 3.89941 1
9 79 1 1.06457 0
9 80 1 -1.12169 1
9 81 1 0.824596 1
9 82 1 -2.86866 1
9 83 1 -1.37688 1
9 84 1 3.02165 1
9 85 1 1.35895 1
9 86 1 -0.403033 1
9 87 1 -0.273522 1
9 88 1 3.11438 1
9 89 1 4.15121 1
9 90 1 -0.640937 1
9 91 1 1.06206 1
9 92 1 -2.88891 1
9 93 1 -0.562733 1
9 94 1 -4.54729 1
9 95 1 0.306696 1
9 103 1 -2.62166 1
9 130 1 -1.68524 1
9 157 1 0.29846 1
157 79 1 0.791507 1
10 64 1 1.50074 1
10 65 1 -0.167888 1
10 66 1 5.04927 1
10 67 1 -3.88101 1
10 68 1 3.53168 1
10 69 1 -0.981468 1
10 70 1 -0.526103 1
10 71 1 -0.989044 1
10 72 1 4.30473 1
10 73 1 3.01275 1
10 74 1 0.734325 0
10 75 1 0.571036 1
10 76 1 4.1289 1
10 77 1 1.31378 1
10 78 1 -0.00594501 1
10 79 1 -6.55272 1
10 80 1 -2.70887 1
10 81 1 4.43394 1
10 82 1 3.29445 1
10 83 1 2.10551 1
10 84 1 6.00735 1
10 85 1 2.8202 1
10 86 1 -2.44137 1
10 87 1 -0.0757156 1
10 88 1 3.62429 1
10 89 1 1.69463 1
10 90 1 -0.716752 1
10 91 1 2.23954 1
10 92 1 -0.359617 1
10 93 1 -1.17173 1
10 94 1 4.1062 1
10 95 1 5.25051 0
10 124 1 1.7713 1
10 165 1 0.907597 1
165 95 1 4.4811 1
124 74 1 0.562918 1
124 12 1 2.4456 1
11 64 1 3.82433 1
11 65 1 1.77803 1
11 66 1 4.8018 1
11 67 1 -1.93038 1
11 68 1 2.48517 1
11 69 1 1.52834 1
11 70 1 3.98037 1
11 71 1 -0.20177 1
11 72 1 -6.27668 1
11 73 1 0.49554 1
11 74 1 -0.451233 0
11 75 1 -2.24211 1
11 76 1 -2.31045 1
11 77 1 0.960033 1
11 78 1 -1.72481 1
11 79 1 -1.41656 1
11 80 1 -2.81543 1
11 81 1 0.273588 1
11 82 1 5.2621 0
11 83 1 2.98875 1
11 84 1 2.18413 1
11 85 1 -1.40317 1
11 86 1 -3.75131 1
11 87 1 1.23666 1
11 88 1 -5.70046 1
11 89 1 1.61563 1
11 90 1 1.73374 1
11 91 1 -0.618074 1
11 92 1 -0.791514 1
11 93 1 2.94283 1
11 94 1 -2.44334 1
11 95 1 -6.04255 1
11 120 1 -5.85781 1
11 109 1 -1.54626 1
11 154 1 1.45745 1
11 8 1 -1.48485 1
11 112 1 0.947077 1
154 82 1 5.15826 1
120 74 1 -3.04464 1
120 13 1 -0.167551 0
120 150 1 4.56721 1
150 13 1 1.81387 0
150 163 1 1.39649 1
163 13 1 1.57865 1
12 64 1 -2.62563 1
12 65 1 -2.25561 0
12 66 1 1.04622 1
12 67 1 -3.63834 1
12 68 1 0.3044 1
12 69 1 1.14041 1
12 70 1 0.768095 1
12 71 1 -0.440463 1
12 72 1 2.75957 1
12 73 1 -3.78543 1
12 74 1 -2.57324 1
12 75 1 -0.214178 1
12 76 1 -0.566525 1
12 77 1 0.928333 1
12 78 1 -2.57668 1
12 79 1 -4.00143 1
12 80 1 -2.0452 1
12 81 1 -2.57318 1
12 82 1 4.15298 1
12 83 1 0.968808 1
12 84 1 2.24552 1
12 85 1 -1.13678 1
12 86 1 -3.43958 1
12 87 1 -0.83001 1
12 88 1 -1.93542 1
12 89 1 0.889868 1
12 90 1 -1.23381 1
12 91 1 -2.63988 1
12 92 1 2.98587 1
12 93 1 -2.43981 1
12 94 1 2.73328 1
12 95 1 -2.95709 1
12 17 1 0.366109 1
12 18 1 -0.313559 1
12 144 1 -1.79239 1
12 167 1 0.513196 1
12 11 1 -0.440689 1
167 65 1 -1.2501 1
13 64 1 -1.16281 1
13 65 1 -4.49289 1
13 66 1 -1.89302 1
13 67 1 1.3182 1
13 68 1 2.35911 1
13 69 1 -3.44614 1
13 70 1 0.578827 1
13 71 1 1.64689 1
13 72 1 1.47181 1
13 73 1 -1.29296 1
13 74 1 -1.4234 1
13 75 1 -1.1635 1
13 76 1 -1.48646 1
13 77 1 -2.65415 1
13 78 1 2.72063 1
13 79 1 2.98315 1
13 80 1 0.490655 1
13 81 1 0.193845 1
13 82 1 2.13107 1
13 83 1 4.83892 1
13 84 1 -2.94313 1
13 85 1 6.43657 1
13 86 1 5.34021 1
13 87 1 6.78507 1
13 88 1 3.18401 1
13 89 1 -0.535552 1
13 90 1 -4.78502 1
13 91 1 -5.28407 1
13 92 1 -3.40015 1
13 93 1 -2.77314 1
13 94 1 -0.665927 1
13 95 1 -3.32436 1
14 64 1 -1.38399 1
14 65 1 7.67914 1
14 66 1 0.661236 1
14 67 1 0.490297 1
14 68 1 -1.38029 1
14 69 1 1.57052 1
14 70 1 0.0493637 1
14 71 1 0.231178 1
14 72 1 3.56772 1
14 73 1 1.17684 1
14 74 1 0.0481555 1
14 75 1 1.9828 1
14 76 1 -3.38659 1
14 77 1 0.622431 1
14 78 1 -1.4309 1
14 79 1 -0.751069 1
14 80 1 -0.634473 1
14 81 1 0.799302 0
14 82 1 3.90615 1
14 83 1 0.475407 1
14 84 1 0.63327 1
14 85 1 -1.92441 1
14 86 1 2.69602 1
14 87 1 -0.754354 1
14 88 1 -1.43283 1
14 89 1 0.699178 1
14 90 1 -0.621669 1
14 91 1 3.75454 1
14 92 1 4.81238 1
14 93 1 0.525939 1
14 94 1 5.40566 1
14 95 1 1.31029 1
14 104 1 -1.51354 1
14 119 1 1.97593 1
14 126 1 0.69341 1
119 81 1 5.74024 1
119 99 1 -0.442905 1
15 64 1 0.0791674 1
15 65 1 2.14293 1
15 66 1 -4.41632 1
15 67 1 -1.25942 1
15 68 1 1.0859 1
15 69 1 -2.7245 1
15 70 1 7.6402 1
15 71 1 -1.47485 1
15 72 1 -1.63929 1
15 73 1 1.05861 1
15 74 1 1.08526 1
15 75 1 -0.45997 1
15 76 1 0.0356376 1
15 77 1 2.89827 1
15 78 1 -2.25092 1
15 79 1 0.0985627 1
15 80 1 2.49476 1
15 81 1 0.211156 1
15 82 1 -5.4214 1
15 83 1 0.862584 1
15 84 1 0.644163 1
15 85 1 -0.832434 1
15 86 1 0.628498 1
15 87 1 -5.32947 1
15 88 1 0.585772 1
15 89 1 3.6047 1
15 90 1 0.368118 1
15 91 1 -4.62135 1
15 92 1 1.87316 1
15 93 1 -1.9792 1
15 94 1 0.520579 1
15 95 1 -0.743818 1
15 20 1 -2.88095 1
16 64 1 3.08197 1
16 65 1 -0.959472 1
16 66 1 -1.57557 1
16 67 1 -4.33064 1
16 68 1 0.992003 1
16 69 1 -0.131821 1
16 70 1 2.28591 1
16 71 1 5.41374 1
16 72 1 -1.38674 1
16 73 1 -2.19533 1
16 74 1 -0.371356 1
16 75 1 2.63195 1
16 76 1 2.33457 1
16 77 1 0.783308 1
16 78 1 -2.57778 1
16 79 1 -1.04084 0
16 80 1 1.12868 1
16 81 1 3.73837 1
16 82 1 -4.54873 1
16 83 1 2.59455 1
16 84 1 -0.583843 1
16 85 1 -0.715448 1
16 86 1 -0.530812 1
16 87 1 -1.82506 1
16 88 1 1.4886 1
16 89 1 1.03537 1
16 90 1 -4.21458 1
16 91 1 2.90396 1
16 92 1 4.15436 1
16 93 1 -1.27755 1
16 94 1 0.405044 1
16 95 1 -3.20085 1
16 26 1 -1.80312 1
16 151 1 1.08861 1
151 79 1 -0.683699 1
17 64 1 -1.73582 1
17 65 1 0.452506 1
17 66 1 -0.755386 1
17 67 1 4.11598 1
17 68 1 -0.158504 1
17 69 1 2.57613 1
17 70 1 1.06438 1
17 71 1 3.20519 1
17 72 1 -5.92994 0
17 73 1 3.30886 1
17 74 1 2.56839 1
17 75 1 -1.10913 1
17 76 1 -1.38043 1
17 77 1 2.70774 1
17 78 1 -1.30877 1
17 79 1 -3.64363 1
17 80 1 4.39903 1
17 81 1 4.19325 1
17 82 1 -0.183496 1
17 83 1 -3.04295 1
17 84 1 -2.6663 1
17 85 1 2.70072 1
17 86 1 -0.547916 1
17 87 1 -2.79885 1
17 88 1 -5.75369 1
17 89 1 2.79815 1
17 90 1 -5.53299 1
17 91 1 5.97645 1
17 92 1 0.85903 1
17 93 1 4.22312 1
17 94 1 3.12175 1
17 95 1 2.22354 1
17 146 1 2.34913 1
146 72 1 -5.17063 1
146 30 1 -0.217104 1
18 64 1 3.5669 1
18 65 1 -3.3155 1
18 66 1 4.64694 1
18 67 1 2.12242 1
18 68 1 -1.52432 1
18 69 1 -0.19495 1
18 70 1 3.4451 1
18 71 1 -1.16314 1
18 72 1 1.21424 1
18 73 1 -0.396652 1
18 74 1 1.41946 1
18 75 1 -3.40089 1
18 76 1 4.90253 1
18 77 1 -1.26585 1
18 78 1 2.65734 1
18 79 1 1.35208 1
18 80 1 -8.13195 1
18 81 1 4.53327 1
18 82 1 -3.1909 1
18 83 1 3.89148 1
18 84 1 -3.1057 1
18 85 1 2.27688 1
18 86 1 5.81887 1
18 87 1 -2.38463 1
18 88 1 0.595992 1
18 89 1 -3.9587 1
18 90 1 -0.0290537 1
18 91 1 -0.312131 1
18 92 1 -2.55823 1
18 93 1 1.92384 1
18 94 1 -1.35147 1
18 95 1 0.165473 1
18 25 1 -0.384447 1
18 18 1 -0.76058 1
18 139 1 0.368085 1
19 64 1 6.17723 1
19 65 1 -1.88286 1
19 66 1 5.95533 1
19 67 1 -1.38351 1
19 68 1 -1.24944 1
19 69 1 1.92841 1
19 70 1 0.269412 1
19 71 1 -1.71157 1
19 72 1 3.89676 1
19 73 1 1.16067 1
19 74 1 -0.75948 1
19 75 1 0.266458 1
19 76 1 -3.67183 1
19 77 1 -1.10442 1
19 78 1 -0.435354 1
19 79 1 5.63869 1
19 80 1 -1.45071 1
19 81 1 -2.8229 1
19 82 1 -0.0498692 1
19 83 1 -2.73354 1
19 84 1 1.17992 1
19 85 1 2.90825 1
19 86 1 -0.830239 1
19 87 1 3.83597 1
19 88 1 -0.382128 1
19 89 1 4.85703 1
19 90 1 -0.544498 1
19 91 1 -1.6082 1
19 92 1 -1.04552 1
19 93 1 -5.51998 1
19 94 1 -3.05601 1
19 95 1 -7.07107 1
20 64 1 1.41479 1
20 65 1 -0.208261 1
20 66 1 -3.5835 1
20 67 1 1.8133 1
20 68 1 -0.184593 1
20 69 1 1.71827 1
20 70 1 -3.09573 1
20 71 1 3.84215 1
20 72 1 0.419964 1
20 73 1 2.03567 1
20 74 1 3.25745 1
20 75 1 3.95671 1
20 76 1 -1.06454 1
20 77 1 -2.50998 1
20 78 1 1.45253 1
20 79 1 2.12801 1
20 80 1 0.0414935 1
20 81 1 -0.539221 1
20 82 1 3.01225 1
20 83 1 1.22875 1
20 84 1 3.80634 1
20 85 1 -5.00048 1
20 86 1 0.167642 1
20 87 1 -0.482449 1
20 88 1 2.41997 1
20 89 1 0.0116812 1
20 90 1 2.08546 1
20 91 1 2.17667 0
20 92 1 0.527424 1
20 93 1 2.50554 0
20 94 1 2.41247 0
20 95 1 0.500512 1
20 96 1 -3.3513 1
20 98 1 1.82056 1
20 103 1 0.865509 1
20 109 1 -0.351593 1
103 91 1 1.42162 0
103 105 1 3.44068 1
103 112 1 -2.07401 0
103 123 1 -2.77485 1
103 140 1 -1.44838 1
140 112 1 2.76088 1
123 91 1 0.262497 1
123 113 1 -0.321589 0
123 136 1 1.25859 1
123 137 1 1.03845 1
136 113 1 -1.06873 1
136 6 1 -0.378495 1
105 91 1 1.70918 0
105 129 1 0.284291 1
129 91 1 0.60734 0
129 135 1 2.61737 1
129 116 1 1.02302 1
135 91 1 -2.97839 1
98 93 1 2.38764 1
98 99 1 5.59689 1
98 15 1 0.859621 1
96 94 1 1.54432 1
96 20 1 -0.635445 0
96 155 1 1.90851 1
155 20 1 -1.58862 1
155 30 1 -0.414951 1
21 64 1 3.3195 1
21 65 1 7.79628 1
21 66 1 -4.78738 1
21 67 1 -4.63488 1
21 68 1 -1.73575 1
21 69 1 0.805039 1
21 70 1 -0.612265 1
21 71 1 -4.34186 1
21 72 1 -7.6238 1
21 73 1 -2.05488 1
21 74 1 -0.0408336 1
21 75 1 1.574 1
21 76 1 -0.37775 1
21 77 1 -2.2589 1
21 78 1 -0.534892 1
21 79 1 -2.33818 1
21 80 1 1.54994 1
21 81 1 -2.68669 1
21 82 1 -0.621308 1
21 83 1 -1.68701 1
21 84 1 7.03883 1
21 85 1 0.972136 1
21 86 1 0.693848 1
21 87 1 -0.367046 1
21 88 1 4.49692 1
21 89 1 1.60969 1
21 90 1 -0.0802164 1
21 91 1 -0.345504 0
21 92 1 2.62282 1
21 93 1 1.53659 1
21 94 1 -3.26463 1
21 95 1 0.210032 1
21 143 1 3.45671 1
143 91 1 -1.55351 1
22 64 1 1.99001 1
22 65 1 -0.32645 1
22 66 1 0.89561 1
22 67 1 5.16502 1
22 68 1 0.195189 1
22 69 1 -2.25027 1
22 70 1 -2.81553 1
22 71 1 0.761331 1
22 72 1 -4.17749 1
22 73 1 1.83119 1
22 74 1 -6.39393 1
22 75 1 -2.29466 1
22 76 1 0.295656 1
22 77 1 0.507305 1
22 78 1 4.88719 1
22 79 1 5.46222 1
22 80 1 0.383283 1
22 81 1 -1.37633 1
22 82 1 1.31198 1
22 83 1 -0.0134129 1
22 84 1 -1.67685 1
22 85 1 2.21414 1
22 86 1 0.222684 1
22 87 1 7.11311 1
22 88 1 -4.29085 1
22 89 1 0.107338 1
22 90 1 1.63057 1
22 91 1 0.666821 1
22 92 1 1.75585 1
22 93 1 3.44809 1
22 94 1 4.57706 1
22 95 1 1.7907 1
23 64 1 -2.85153 1
23 65 1 1.71532 1
23 66 1 1.92556 1
23 67 1 2.67072 1
23 68 1 -2.66193 1
23 69 1 1.30408 1
23 70 1 3.19363 1
23 71 1 -4.06396 1
23 72 1 -1.44819 1
23 73 1 -1.44615 1
23 74 1 2.27613 1
23 75 1 1.26749 1
23 76 1 3.04171 1
23 77 1 4.07882 1
23 78 1 0.814994 1
23 79 1 -4.40833 1
23 80 1 1.7684 1
23 81 1 -0.157429 1
23 82 1 -3.49842 1
23 83 1 0.370044 1
23 84 1 3.67331 1
23 85 1 -2.16438 1
23 86 1 -11.5764 1
23 87 1 0.197316 1
23 88 1 1.48706 1
23 89 1 -1.64403 1
23 90 1 -5.48281 1
23 91 1 -1.95022 1
23 92 1 2.87749 1
23 93 1 2.81788 1
23 94 1 -2.98838 1
23 95 1 0.4584 1
23 107 1 0.175466 1
23 27 1 -0.254942 1
24 64 1 -1.89347 1
24 65 1 1.3802 1
24 66 1 -1.72021 1
24 67 1 5.95808 1
24 68 1 -6.21413 1
24 69 1 2.78709 0
24 70 1 1.8016 1
24 71 1 5.23636 1
24 72 1 0.702395 1
24 73 1 1.62714 1
24 74 1 2.00605 1
24 75 1 1.07162 1
24 76 1 -2.12669 1
24 77 1 -0.0850579 1
24 78 1 -5.64439 1
24 79 1 -0.378814 1
24 80 1 4.58218 1
24 81 1 2.49376 1
24 82 1 -1.59678 1
24 83 1 -3.18837 1
24 84 1 -3.601 1
24 85 1 -1.18335 1
24 86 1 -4.81222 1
24 87 1 4.1997 1
24 88 1 -0.668203 1
24 89 1 8.11343 1
24 90 1 3.74448 1
24 91 1 -3.63219 1
24 92 1 -0.093789 1
24 93 1 -0.507834 1
24 94 1 -1.36087 1
24 95 1 -2.76408 1
24 5 1 1.12767 1
24 168 1 -0.2596 1
168 69 1 2.6644 1
25 64 1 -0.572622 1
25 65 1 1.09213 1
25 66 1 -1.63905 1
25 67 1 -1.53888 1
25 68 1 3.02237 1
25 69 1 -4.46234 1
25 70 1 1.85056 0
25 71 1 -2.64241 1
25 72 1 2.96009 1
25 73 1 3.44491 1
25 74 1 1.04764 1
25 75 1 -2.92359 1
25 76 1 -0.307589 1
25 77 1 -0.681916 1
25 78 1 3.87805 1
25 79 1 0.933743 1
25 80 1 -1.06266 1
25 81 1 -1.29747 1
25 82 1 -1.19808 1
25 83 1 2.86292 1
25 84 1 -1.92023 1
25 85 1 -1.21702 1
25 86 1 4.2474 1
25 87 1 0.37848 1
25 88 1 -0.410412 1
25 89 1 -0.517834 1
25 90 1 -3.69291 1
25 91 1 1.93792 1
25 92 1 2.77107 1
25 93 1 -1.37375 1
25 94 1 -2.31622 1
25 95 1 -3.65231 1
25 8 1 0.868727 1
25 6 1 -2.62361 1
25 121 1 -1.15274 1
121 70 1 6.41037 1
26 64 1 -2.98475 1
26 65 1 1.61515 1
26 66 1 0.0233011 1
26 67 1 1.26968 1
26 68 1 0.572394 1
26 69 1 2.07747 1
26 70 1 -1.60088 1
26 71 1 1.00239 1
26 72 1 -2.54532 1
26 73 1 0.417427 1
26 74 1 -8.24613 1
26 75 1 2.65607 1
26 76 1 1.16685 1
26 77 1 -3.53422 1
26 78 1 2.82432 1
26 79 1 0.0257423 1
26 80 1 -1.98819 1
26 81 1 2.88041 1
26 82 1 2.15167 1
26 83 1 2.27546 1
26 84 1 -5.84727 1
26 85 1 0.361515 1
26 86 1 -3.27914 1
26 87 1 1.98841 1
26 88 1 -4.58808 1
26 89 1 0.877894 1
26 90 1 -3.18243 1
26 91 1 -3.71848 1
26 92 1 0.0634118 1
26 93 1 -2.60375 1
26 94 1 2.53921 1
26 95 1 -0.849267 1
26 23 1 4.87831 1
26 15 1 1.39064 1
26 161 1 -0.653173 1
27 64 1 -2.88088 1
27 65 1 3.75335 1
27 66 1 2.99681 1
27 67 1 -1.24172 1
27 68 1 2.02378 1
27 69 1 1.10744 1
27 70 1 5.25419 1
27 71 1 -6.14888 1
27 72 1 -0.219194 1
27 73 1 1.17031 1
27 74 1 -3.19933 1
27 75 1 4.11603 1
27 76 1 -5.26388 1
27 77 1 0.195487 1
27 78 1 0.968298 1
27 79 1 1.06297 1
27 80 1 -2.15107 1
27 81 1 -1.40636 1
27 82 1 1.37849 1
27 83 1 1.06173 1
27 84 1 1.95757 1
27 85 1 -1.24161 1
27 86 1 -2.8035 1
27 87 1 -1.11871 1
27 88 1 -5.87406 1
27 89 1 -5.15691 1
27 90 1 4.70174 1
27 91 1 -2.20818 1
27 92 1 -0.599063 1
27 93 1 -0.385836 1
27 94 1 0.688409 1
27 95 1 -0.860024 1
27 9 1 1.84184 1
27 5 1 -0.740231 1
28 64 1 2.77604 1
28 65 1 -0.87126 1
28 66 1 -1.52496 1
28 67 1 5.62366 1
28 68 1 4.98061 1
28 69 1 1.20959 1
28 70 1 -0.742728 1
28 71 1 0.560363 1
28 72 1 -8.15308 1
28 73 1 0.257405 1
28 74 1 -1.7235 1
28 75 1 0.899116 1
28 76 1 1.53919 1
28 77 1 2.35101 1
28 78 1 -3.75531 1
28 79 1 2.94131 1
28 80 1 2.24761 1
28 81 1 -1.54382 1
28 82 1 3.35109 1
28 83 1 1.10922 1
28 84 1 4.21707 1
28 85 1 -4.88193 1
28 86 1 -1.58196 1
28 87 1 0.750846 1
28 88 1 -3.84018 1
28 89 1 2.37176 1
28 90 1 -2.18445 1
28 91 1 -0.357764 1
28 92 1 4.82015 1
28 93 1 -2.05315 1
28 94 1 4.87196 1
28 95 1 -2.83529 1
29 64 1 -1.71161 1
29 65 1 1.38483 1
29 66 1 -1.55108 1
29 67 1 1.96163 1
29 68 1 -7.76943 1
29 69 1 2.05519 1
29 70 1 -2.34906 1
29 71 1 0.157932 1
29 72 1 -0.664535 1
29 73 1 -1.35958 1
29 74 1 -1.35325 1
29 75 1 0.104945 1
29 76 1 -0.797998 1
29 77 1 1.59275 1
29 78 1 -4.74098 1
29 79 1 -2.54667 1
29 80 1 2.81786 1
29 81 1 1.30584 1
29 82 1 1.04089 1
29 83 1 0.591789 1
29 84 1 -0.128638 1
29 85 1 -2.4496 1
29 86 1 -2.96169 1
29 87 1 -2.29939 1
29 88 1 -1.81077 1
29 89 1 -4.00415 1
29 90 1 -1.12831 1
29 91 1 0.312869 1
29 92 1 2.28431 1
29 93 1 0.376377 1
29 94 1 -3.03047 1
29 95 1 1.52271 1
29 113 1 0.591328 1
30 64 1 -0.274667 1
30 65 1 4.78513 1
30 66 1 4.41371 1
30 67 1 -0.206269 1
30 68 1 0.36985 1
30 69 1 1.76592 1
30 70 1 2.95247 1
30 71 1 -1.39477 1
30 72 1 -1.02177 1
30 73 1 2.55065 1
30 74 1 -1.53233 1
30 75 1 2.20517 1
30 76 1 2.06698 1
30 77 1 -0.98039 1
30 78 1 2.46539 1
30 79 1 4.41647 1
30 80 1 -2.04572 1
30 81 1 -0.278113 1
30 82 1 5.43381 1
30 83 1 2.47142 1
30 84 1 0.556778 1
30 85 1 -2.20604 1
30 86 1 -4.00997 1
30 87 1 -2.51877 1
30 88 1 1.35983 1
30 89 1 -2.31978 1
30 90 1 0.388627 1
30 91 1 6.04334 1
30 92 1 -0.743256 1
30 93 1 1.97869 1
30 94 1 1.5021 1
30 95 1 -2.89274 1
30 28 1 0.482291 1
31 64 1 3.27378 1
31 65 1 -0.543417 1
31 66 1 -4.55809 1
31 67 1 7.74378 1
31 68 1 3.81298 1
31 69 1 0.0208322 1
31 70 1 -1.32754 1
31 71 1 2.19843 1
31 72 1 -2.95914 1
31 73 1 -1.17798 1
31 74 1 3.82678 1
31 75 1 0.826878 1
31 76 1 -1.31345 1
31 77 1 0.88884 1
31 78 1 -4.12038 1
31 79 1 0.419361 1
31 80 1 -0.780788 1
31 81 1 -2.32603 1
31 82 1 -1.42834 1
31 83 1 -0.952009 1
31 84 1 -3.6798 1
31 85 1 -3.69982 1
31 86 1 0.67475 1
31 87 1 -3.485 0
31 88 1 2.70978 1
31 89 1 -1.02647 1
31 90 1 -0.932662 1
31 91 1 -3.19776 1
31 92 1 -0.699471 1
31 93 1 -1.01406 1
31 94 1 2.06609 1
31 95 1 -1.99017 1
31 122 1 2.05717 1
31 10 1 -1.44688 1
122 87 1 -1.67181 1
32 64 1 7.76383 1
32 65 1 0.567512 1
32 66 1 -4.3877 1
32 67 1 2.3478 1
32 68 1 -0.221992 1
32 69 1 3.84639 1
32 70 1 -0.00739588 1
32 71 1 3.54929 1
32 72 1 -3.77465 1
32 73 1 2.06033 1
32 74 1 -0.9726 1
32 75 1 4.34529 1
32 76 1 -1.7826 1
32 77 1 5.15169 1
32 78 1 0.338782 1
32 79 1 -0.196649 1
32 80 1 0.60219 1
32 81 1 -0.253449 1
32 82 1 -3.82478 1
32 83 1 -2.49169 1
32 84 1 2.86607 1
32 85 1 -0.988362 1
32 86 1 0.405787 1
32 87 1 -1.10026 1
32 88 1 0.660295 1
32 89 1 -2.61993 1
32 90 1 3.34111 1
32 91 1 -4.01876 1
32 92 1 2.32422 1
32 93 1 2.29834 1
32 94 1 0.00370527 1
32 95 1 -1.02936 1
33 64 1 1.7018 1
33 65 1 -6.22011 1
33 66 1 -1.90006 1
33 67 1 -2.51557 1
33 68 1 -0.680826 1
33 69 1 -2.47201 1
33 70 1 2.1634 1
33 71 1 3.98945 1
33 72 1 2.79811 1
33 73 1 3.11144 1
33 74 1 1.09414 1
33 75 1 -6.43728 1
33 76 1 -3.84633 1
33 77 1 1.41562 1
33 78 1 -1.89671 1
33 79 1 -3.56959 1
33 80 1 -0.438277 1
33 81 1 -2.25223 1
33 82 1 -0.131738 1
33 83 1 0.504972 1
33 84 1 0.531419 1
33 85 1 1.54579 1
33 86 1 3.23166 1
33 87 1 2.71637 1
33 88 1 3.20961 1
33 89 1 4.85385 1
33 90 1 -2.7187 1
33 91 1 -0.649194 1
33 92 1 0.919768 1
33 93 1 3.39683 1
33 94 1 1.00775 1
33 95 1 0.00210896 1
33 20 1 -1.95436 1
33 107 1 -0.457376 1
33 13 1 1.90502 1
33 113 1 -3.08065 1
34 64 1 -1.28612 1
34 65 1 -0.763008 1
34 66 1 1.90519 1
34 67 1 0.512297 1
34 68 1 -0.300607 1
34 69 1 -2.58331 1
34 70 1 -1.18964 1
34 71 1 -2.95009 1
34 72 1 -3.33613 1
34 73 1 -3.3919 1
34 74 1 2.2603 1
34 75 1 7.01354 1
34 76 1 -0.836367 1
34 77 1 0.696792 1
34 78 1 -0.434475 1
34 79 1 0.888594 1
34 80 1 1.95164 1
34 81 1 -2.29482 1
34 82 1 1.11825 1
34 83 1 1.81449 1
34 84 1 0.728322 1
34 85 1 0.0514059 1
34 86 1 -1.06891 1
34 87 1 -0.197784 1
34 88 1 0.0418069 1
34 89 1 -0.287259 1
34 90 1 -6.30467 1
34 91 1 3.05464 1
34 92 1 2.951 1
34 93 1 -2.40482 1
34 94 1 2.27133 1
34 95 1 1.45579 1
34 113 1 0.51166 1
35 64 1 1.25837 1
35 65 1 -1.02361 1
35 66 1 0.309479 1
35 67 1 5.54108 1
35 68 1 3.1015 1
35 69 1 1.91807 1
35 70 1 2.99729 1
35 71 1 3.72029 1
35 72 1 3.41848 1
35 73 1 6.51583 1
35 74 1 0.00531576 1
35 75 1 -1.08999 1
35 76 1 -3.69892 1
35 77 1 0.733674 1
35 78 1 -2.0127 1
35 79 1 2.47351 1
35 80 1 -7.43562 1
35 81 1 -1.32391 1
35 82 1 3.59709 0
35 83 1 -2.37827 1
35 84 1 6.97317 1
35 85 1 -4.68388 1
35 86 1 -1.32742 1
35 87 1 -2.83403 1
35 88 1 -0.719078 1
35 89 1 2.15364 0
35 90 1 0.67429 1
35 91 1 -0.724039 1
35 92 1 -2.41109 1
35 93 1 -4.73975 1
35 94 1 0.180345 1
35 95 1 0.322234 1
35 130 1 1.29773 1
35 133 1 5.39579 1
133 82 1 1.71048 1
130 89 1 0.43139 1
36 64 1 2.84835 1
36 65 1 2.08851 1
36 66 1 2.23087 1
36 67 1 -1.09256 1
36 68 1 -4.87457 1
36 69 1 -2.41774 1
36 70 1 -2.35687 1
36 71 1 1.77956 1
36 72 1 -2.28631 1
36 73 1 -0.210418 1
36 74 1 -1.18888 1
36 75 1 -0.670579 1
36 76 1 0.675917 1
36 77 1 -5.7118 1
36 78 1 2.23608 1
36 79 1 3.97989 1
36 80 1 3.484 1
36 81 1 -0.214985 1
36 82 1 -0.61677 0
36 83 1 0.206837 1
36 84 1 2.72853 1
36 85 1 -1.82927 1
36 86 1 1.41171 1
36 87 1 0.448469 1
36 88 1 -3.0526 1
36 89 1 -0.306703 1
36 90 1 -4.32721 1
36 91 1 0.873916 1
36 92 1 4.01849 1
36 93 1 3.23926 1
36 94 1 -1.07838 1
36 95 1 7.32748 1
36 109 1 -0.466763 0
36 24 1 -2.88808 1
36 117 1 2.37462 1
117 109 1 1.69886 1
117 4 1 0.697887 1
109 82 1 0.628664 1
109 31 1 1.53733 1
37 64 1 -4.66152 1
37 65 1 1.63051 1
37 66 1 -4.79626 1
37 67 1 -1.63402 1
37 68 1 -4.09149 1
37 69 1 2.54897 1
37 70 1 -5.81096 1
37 71 1 -2.59934 1
37 72 1 2.63817 1
37 73 1 2.55661 1
37 74 1 0.178867 1
37 75 1 -0.0607429 1
37 76 1 1.74339 0
37 77 1 4.14236 1
37 78 1 -0.440708 1
37 79 1 1.43446 1
37 80 1 2.41399 1
37 81 1 3.16525 1
37 82 1 3.49668 1
37 83 1 2.87765 1
37 84 1 -5.16761 1
37 85 1 1.10372 1
37 86 1 -0.301207 1
37 87 1 0.472613 1
37 88 1 -1.49413 1
37 89 1 -3.1853 1
37 90 1 -1.41155 1
37 91 1 0.911655 1
37 92 1 2.70872 1
37 93 1 0.597079 1
37 94 1 -2.52276 1
37 95 1 0.845239 1
37 142 1 2.27234 1
37 160 1 -0.258878 1
142 76 1 -0.0717806 1
142 147 1 -1.84148 1
142 6 1 0.45845 1
38 64 1 0.602752 1
38 65 1 -2.14116 1
38 66 1 -1.72027 1
38 67 1 -1.38489 1
38 68 1 -2.17282 1
38 69 1 -4.59081 1
38 70 1 -0.156165 1
38 71 1 -0.39457 1
38 72 1 2.20001 1
38 73 1 2.41424 1
38 74 1 -1.2036 1
38 75 1 2.86463 1
38 76 1 3.22169 1
38 77 1 -1.34998 1
38 78 1 -0.744439 1
38 79 1 -1.82412 1
38 80 1 -2.16775 1
38 81 1 -2.55911 1
38 82 1 1.84708 1
38 83 1 -1.76045 1
38 84 1 -1.95039 1
38 85 1 -2.19895 1
38 86 1 -0.439926 1
38 87 1 0.856538 0
38 88 1 2.07736 1
38 89 1 3.57675 1
38 90 1 -0.402943 1
38 91 1 2.16961 1
38 92 1 3.2846 0
38 93 1 -1.01137 1
38 94 1 -0.0767189 1
38 95 1 -1.64702 1
38 148 1 2.51992 1
38 162 1 0.278145 1
162 87 1 0.561963 1
148 92 1 3.41611 1
39 64 1 2.27107 1
39 65 1 -1.97319 1
39 66 1 0.70963 1
39 67 1 -1.22416 1
39 68 1 0.786948 1
39 69 1 0.0470186 1
39 70 1 -0.35368 1
39 71 1 -1.92813 1
39 72 1 -3.07371 1
39 73 1 -3.74274 1
39 74 1 0.57444 1
39 75 1 3.07672 0
39 76 1 4.81544 1
39 77 1 0.173442 1
39 78 1 -2.97239 1
39 79 1 -3.99302 1
39 80 1 -1.17347 1
39 81 1 -3.26997 1
39 82 1 -1.16331 1
39 83 1 -1.86884 1
39 84 1 -2.85981 1
39 85 1 0.118468 1
39 86 1 1.02465 1
39 87 1 0.393992 1
39 88 1 -1.33244 1
39 89 1 -0.120045 1
39 90 1 4.0898 1
39 91 1 0.626766 1
39 92 1 4.42388 1
39 93 1 1.24673 1
39 94 1 -3.85467 1
39 95 1 -2.17718 1
39 2 1 -3.88808 1
39 112 1 3.81144 1
39 13 1 -0.822147 1
39 104 1 0.329608 1
112 75 1 -1.93671 1
112 138 1 -0.975091 1
112 153 1 -0.6518 0
112 170 1 1.24451 1
170 153 1 -0.67446 1
40 64 1 -5.15824 1
40 65 1 -1.55488 1
40 66 1 2.59682 1
40 67 1 0.914061 1
40 68 1 1.67655 1
40 69 1 2.14724 1
40 70 1 -1.87351 1
40 71 1 1.22647 1
40 72 1 1.78795 1
40 73 1 1.46401 1
40 74 1 -2.01659 1
40 75 1 1.96913 1
40 76 1 -2.74165 1
40 77 1 2.62312 1
40 78 1 3.95143 1
40 79 1 -0.993987 1
40 80 1 1.59853 1
40 81 1 0.988698 1
40 82 1 2.09683 1
40 83 1 -4.45285 1
40 84 1 -1.3776 1
40 85 1 0.656534 1
40 86 1 2.44269 1
40 87 1 1.36958 1
40 88 1 1.6517 1
40 89 1 -1.58769 1
40 90 1 -1.14401 1
40 91 1 -2.5879 1
40 92 1 -4.66124 1
40 93 1 1.3491 1
40 94 1 -0.726972 1
40 95 1 2.93666 1
40 2 1 -0.0648841 1
40 134 1 1.46715 1
41 64 1 4.89354 1
41 65 1 -0.0517034 1
41 66 1 1.41763 1
41 67 1 1.08765 1
41 68 1 2.04656 1
41 69 1 -0.855416 1
41 70 1 0.0346088 1
41 71 1 -0.495404 1
41 72 1 4.97393 1
41 73 1 -5.56476 1
41 74 1 1.19007 1
41 75 1 3.76785 1
41 76 1 -4.6887 1
41 77 1 -0.26888 1
41 78 1 -3.49086 1
41 79 1 1.71419 1
41 80 1 0.783286 1
41 81 1 3.91329 1
41 82 1 -1.63354 1
41 83 1 2.55531 1
41 84 1 -2.29012 1
41 85 1 0.376868 1
41 86 1 1.20984 1
41 87 1 1.48563 1
41 88 1 3.67118 1
41 89 1 -1.38488 1
41 90 1 -1.5479 1
41 91 1 2.10956 1
41 92 1 0.767362 1
41 93 1 0.577202 1
41 94 1 -1.05914 1
41 95 1 0.312631 1
41 11 1 2.31102 1
41 29 1 -2.49369 1
41 97 1 -2.00189 1
42 64 1 1.38847 1
42 65 1 -0.586527 1
42 66 1 -1.21724 1
42 67 1 1.0936 1
42 68 1 -2.39744 1
42 69 1 1.30742 1
42 70 1 -0.681641 1
42 71 1 -0.654225 1
42 72 1 -0.680127 1
42 73 1 -1.63736 1
42 74 1 4.01153 1
42 75 1 -3.23364 1
42 76 1 -3.66149 1
42 77 1 0.405205 1
42 78 1 -1.82062 1
42 79 1 0.958359 1
42 80 1 -1.74049 1
42 81 1 2.42476 1
42 82 1 4.53296 1
42 83 1 2.86726 1
42 84 1 1.42586 1
42 85 1 0.19831 1
42 86 1 2.05552 1
42 87 1 -2.35776 1
42 88 1 -2.46131 1
42 89 1 -0.583483 1
42 90 1 3.15403 1
42 91 1 1.47978 1
42 92 1 0.683884 1
42 93 1 2.32857 1
42 94 1 -3.40386 1
42 95 1 0.259978 1
43 64 1 1.82298 1
43 65 1 -2.00956 1
43 66 1 3.14967 1
43 67 1 0.780234 1
43 68 1 1.06317 1
43 69 1 -1.48933 1
43 70 1 0.432255 1
43 71 1 -3.23141 1
43 72 1 1.03576 1
43 73 1 -7.20301 1
43 74 1 2.60825 1
43 75 1 -1.89184 1
43 76 1 -2.04496 1
43 77 1 0.0309173 1
43 78 1 1.19062 1
43 79 1 -3.55989 1
43 80 1 -0.326514 1
43 81 1 2.00575 1
43 82 1 2.52597 1
43 83 1 -1.85472 1
43 84 1 -0.947947 1
43 85 1 3.00289 1
43 86 1 2.30608 1
43 87 1 6.68207 1
43 88 1 1.76286 1
43 89 1 2.84937 1
43 90 1 0.412484 1
43 91 1 -3.07221 1
43 92 1 3.18534 1
43 93 1 1.5744 1
43 94 1 -2.89305 1
43 95 1 1.31558 1
44 64 1 0.209122 1
44 65 1 -5.00901 1
44 66 1 -0.941247 1
44 67 1 -2.7696 1
44 68 1 0.298289 1
44 69 1 -1.15142 1
44 70 1 2.81437 1
44 71 1 2.74408 1
44 72 1 -2.8795 1
44 73 1 3.24274 1
44 74 1 -1.97863 1
44 75 1 -3.67076 1
44 76 1 0.183957 1
44 77 1 3.43954 1
44 78 1 2.89385 1
44 79 1 1.23699 1
44 80 1 3.95159 1
44 81 1 -2.32796 1
44 82 1 1.59773 1
44 83 1 -1.4266 1
44 84 1 -0.223366 1
44 85 1 -0.315799 1
44 86 1 2.57473 1
44 87 1 1.25316 1
44 88 1 0.329882 1
44 89 1 3.10565 1
44 90 1 1.86555 1
44 91 1 2.66652 1
44 92 1 -1.11891 1
44 93 1 4.11023 1
44 94 1 -2.18159 1
44 95 1 -1.22373 1
44 8 1 -1.59594 1
44 29 1 1.95878 1
45 64 1 -1.5005 1
45 65 1 -0.0202279 1
45 66 1 -0.280348 1
45 67 1 3.31956 1
45 68 1 -0.593295 1
45 69 1 -6.00956 1
45 70 1 -2.98149 1
45 71 1 0.669028 1
45 72 1 -4.50557 1
45 73 1 3.50223 1
45 74 1 3.86766 1
45 75 1 4.04714 1
45 76 1 -2.31465 1
45 77 1 -0.692208 1
45 78 1 -3.0108 1
45 79 1 2.5934 1
45 80 1 -1.622 1
45 81 1 1.32535 1
45 82 1 0.546125 1
45 83 1 -5.16261 1
45 84 1 0.931119 1
45 85 1 -2.58338 1
45 86 1 -0.036871 1
45 87 1 1.28021 1
45 88 1 1.88408 1
45 89 1 -3.27507 1
45 90 1 0.547139 1
45 91 1 5.01042 1
45 92 1 -3.83785 1
45 93 1 -5.93391 1
45 94 1 1.7689 1
45 95 1 -4.81217 1
45 9 1 6.44042 1
45 20 1 1.06776 1
45 17 1 -0.289433 1
46 64 1 0.620019 1
46 65 1 -0.627495 1
46 66 1 2.5051 1
46 67 1 2.22703 1
46 68 1 -5.6497 1
46 69 1 -0.935944 1
46 70 1 -0.0191707 1
46 71 1 -2.73284 1
46 72 1 4.38301 1
46 73 1 -5.0605 1
46 74 1 -1.92302 1
46 75 1 -0.667974 1
46 76 1 -6.07719 1
46 77 1 4.28454 1
46 78 1 0.430283 1
46 79 1 -0.656006 1
46 80 1 2.04287 1
46 81 1 2.38417 1
46 82 1 -0.782608 1
46 83 1 3.77949 1
46 84 1 -0.626162 1
46 85 1 2.1732 1
46 86 1 -1.54824 1
46 87 1 4.12697 1
46 88 1 1.22662 1
46 89 1 -5.20966 1
46 90 1 -2.92579 1
46 91 1 -0.516167 1
46 92 1 -0.457386 1
46 93 1 -1.79941 1
46 94 1 1.14892 1
46 95 1 -1.33191 1
46 24 1 1.63943 1
47 64 1 -0.206711 1
47 65 1 0.400362 1
47 66 1 -0.751178 1
47 67 1 2.56136 1
47 68 1 -1.01857 1
47 69 1 3.6173 1
47 70 1 -2.67155 1
47 71 1 0.249227 1
47 72 1 -0.0957092 1
47 73 1 6.10665 0
47 74 1 -1.56701 1
47 75 1 -0.928394 1
47 76 1 -3.42928 1
47 77 1 -8.81569 1
47 78 1 -2.57856 1
47 79 1 1.1338 1
47 80 1 4.39268 1
47 81 1 -4.14437 1
47 82 1 1.77687 1
47 83 1 0.501754 1
47 84 1 -4.75344 1
47 85 1 -0.726161 1
47 86 1 -2.13009 1
47 87 1 6.33956 1
47 88 1 4.16518 1
47 89 1 0.621419 1
47 90 1 5.72379 1
47 91 1 1.01334 1
47 92 1 0.664044 1
47 93 1 0.247726 1
47 94 1 2.44009 1
47 95 1 -2.15527 1
47 4 1 -0.0482119 1
47 137 1 1.92714 1
137 73 1 3.88354 0
137 156 1 -0.102304 1
156 73 1 2.65391 1
156 15 1 -0.999562 1
48 64 1 -1.18927 1
48 65 1 -1.51142 1
48 66 1 3.21545 1
48 67 1 -3.88824 1
48 68 1 -6.28154 1
48 69 1 -4.96469 1
48 70 1 0.24893 1
48 71 1 1.27762 1
48 72 1 -6.92075 1
48 73 1 4.24871 1
48 74 1 4.29172 1
48 75 1 -5.20691 1
48 76 1 -0.208483 1
48 77 1 -1.21473 1
48 78 1 -0.613078 1
48 79 1 3.55594 1
48 80 1 -1.21261 1
48 81 1 -3.25184 1
48 82 1 0.114423 1
48 83 1 0.99882 1
48 84 1 0.411797 1
48 85 1 0.0149565 1
48 86 1 -1.04765 1
48 87 1 0.421156 1
48 88 1 -1.76412 1
48 89 1 -1.05214 1
48 90 1 2.35629 1
48 91 1 0.782037 1
48 92 1 -5.4547 1
48 93 1 0.54268 1
48 94 1 5.38106 1
48 95 1 2.13107 1
48 16 1 1.54509 1
48 12 1 1.10872 1
48 14 1 -1.63817 1
48 30 1 1.68597 1
49 64 1 -0.719928 1
49 65 1 -4.42233 1
49 66 1 0.99697 1
49 67 1 -0.389363 1
49 68 1 -3.98841 1
49 69 1 1.4784 1
49 70 1 -0.233739 1
49 71 1 -2.92688 1
49 72 1 -2.41761 1
49 73 1 0.709925 1
49 74 1 2.75436 1
49 75 1 1.34182 1
49 76 1 -6.92735 1
49 77 1 -4.57439 1
49 78 1 -1.34667 0
49 79 1 2.88058 1
49 80 1 5.09028 1
49 81 1 -4.61225 1
49 82 1 1.77464 1
49 83 1 -0.841302 1
49 84 1 2.4651 1
49 85 1 -1.95588 1
49 86 1 -1.80745 1
49 87 1 -1.66958 1
49 88 1 0.526799 1
49 89 1 1.40099 1
49 90 1 -1.95973 1
49 91 1 2.70057 1
49 92 1 3.27276 1
49 93 1 1.21133 1
49 94 1 1.58839 1
49 95 1 4.44262 1
49 19 1 -0.861488 1
49 31 1 -1.06443 1
49 15 1 -2.76985 1
49 158 1 0.799415 1
49 26 1 -1.12117 1
49 144 1 -2.06377 1
158 78 1 -0.885614 1
50 64 1 -5.44276 1
50 65 1 -2.24004 1
50 66 1 0.379428 1
50 67 1 -1.62319 1
50 68 1 1.30494 1
50 69 1 -1.3884 1
50 70 1 -0.580168 1
50 71 1 6.83006 1
50 72 1 -2.95373 1
50 73 1 3.82797 1
50 74 1 -1.03513 1
50 75 1 2.26718 1
50 76 1 -0.108796 1
50 77 1 -0.710282 1
50 78 1 1.84558 1
50 79 1 -1.1506 1
50 80 1 2.22963 1
50 81 1 0.0298161 1
50 82 1 -2.12194 1
50 83 1 2.76837 1
50 84 1 -0.208476 1
50 85 1 3.06382 1
50 86 1 3.1158 1
50 87 1 -2.98817 1
50 88 1 -3.07242 1
50 89 1 0.239043 1
50 90 1 0.155591 1
50 91 1 0.781682 1
50 92 1 0.875093 1
50 93 1 -3.3613 1
50 94 1 -2.66379 1
50 95 1 2.35142 1
50 4 1 5.18139 1
50 22 1 0.193492 1
51 64 1 -1.75467 1
51 65 1 3.70398 1
51 66 1 3.57307 1
51 67 1 -1.56874 1
51 68 1 -0.15933 1
51 69 1 -0.388768 1
51 70 1 1.4186 1
51 71 1 5.05126 1
51 72 1 -4.83218 1
51 73 1 -2.379 0
51 74 1 -3.16727 1
51 75 1 3.23459 1
51 76 1 -2.96241 1
51 77 1 3.06181 1
51 78 1 5.03676 1
51 79 1 -1.43406 1
51 80 1 0.904955 1
51 81 1 -2.78803 1
51 82 1 -0.528177 1
51 83 1 4.81691 1
51 84 1 -1.83259 1
51 85 1 -0.692149 1
51 86 1 -2.02955 1
51 87 1 1.94157 1
51 88 1 -0.0118537 1
51 89 1 0.183448 1
51 90 1 0.0814699 1
51 91 1 -0.827131 1
51 92 1 1.33933 1
51 93 1 4.16997 1
51 94 1 -4.52878 1
51 95 1 -3.32599 1
51 116 1 1.37648 1
51 12 1 -1.39059 1
116 73 1 -1.14014 0
116 134 1 2.67432 1
134 73 1 4.15178 1
134 128 1 1.57567 1
52 64 1 -3.34813 1
52 65 1 3.59075 1
52 66 1 0.491118 1
52 67 1 0.499423 1
52 68 1 1.06001 1
52 69 1 5.4605 1
52 70 1 4.49307 1
52 71 1 -1.48212 1
52 72 1 -1.73026 1
52 73 1 2.62127 1
52 74 1 3.70375 1
52 75 1 2.48235 1
52 76 1 -5.02024 1
52 77 1 0.359489 1
52 78 1 3.08009 1
52 79 1 -0.82677 1
52 80 1 -1.06143 1
52 81 1 -0.215805 1
52 82 1 -1.74868 1
52 83 1 -1.37181 1
52 84 1 0.26508 1
52 85 1 0.20429 1
52 86 1 -6.57704 1
52 87 1 -0.272623 1
52 88 1 1.09574 1
52 89 1 0.544857 1
52 90 1 -0.2972 1
52 91 1 -0.743475 1
52 92 1 0.541512 1
52 93 1 -3.12968 0
52 94 1 2.94685 1
52 95 1 1.06374 1
52 115 1 1.07719 1
52 139 1 1.57119 1
52 23 1 -1.82892 1
139 93 1 -1.23672 1
53 64 1 -2.93997 1
53 65 1 0.244021 1
53 66 1 -1.39213 1
53 67 1 -1.85763 1
53 68 1 1.28006 1
53 69 1 1.46473 1
53 70 1 -0.126334 0
53 71 1 -0.130304 1
53 72 1 -2.11214 1
53 73 1 0.749377 1
53 74 1 0.0299512 1
53 75 1 -3.86616 1
53 76 1 -0.468997 1
53 77 1 2.30565 1
53 78 1 -0.518541 1
53 79 1 0.406292 1
53 80 1 1.33285 1
53 81 1 1.34156 1
53 82 1 2.51066 1
53 83 1 -0.117866 1
53 84 1 0.827249 1
53 85 1 2.74715 1
53 86 1 1.80705 1
53 87 1 0.252059 1
53 88 1 0.0729131 1
53 89 1 -0.0198418 1
53 90 1 -3.43547 1
53 91 1 0.495878 1
53 92 1 2.94475 1
53 93 1 -2.09916 1
53 94 1 0.312515 1
53 95 1 -2.64293 1
53 20 1 5.11195 1
53 23 1 0.664689 1
53 149 1 -0.766702 1
149 70 1 -2.20431 0
149 153 1 1.39547 1
149 126 1 0.188328 1
153 70 1 0.370759 1
54 64 1 1.46652 1
54 65 1 0.469949 1
54 66 1 -2.0557 1
54 67 1 2.382 1
54 68 1 5.36863 1
54 69 1 -4.38373 1
54 70 1 1.80018 1
54 71 1 4.79469 1
54 72 1 0.913425 1
54 73 1 1.9538 1
54 74 1 0.174528 1
54 75 1 -2.36215 1
54 76 1 -3.05884 1
54 77 1 1.69071 1
54 78 1 -0.585029 1
54 79 1 2.32451 1
54 80 1 0.943677 1
54 81 1 4.06593 1
54 82 1 -2.00866 1
54 83 1 4.9419 1
54 84 1 1.90219 1
54 85 1 0.194953 1
54 86 1 -3.66689 1
54 87 1 0.275684 1
54 88 1 1.57835 1
54 89 1 3.42637 1
54 90 1 -3.15626 1
54 91 1 3.54408 1
54 92 1 -1.08955 1
54 93 1 2.566 1
54 94 1 -2.96596 1
54 95 1 -2.57786 1
54 30 1 0.538896 1
54 144 1 1.57797 1
55 64 1 0.536375 1
55 65 1 -2.86735 1
55 66 1 -3.13627 1
55 67 1 -0.927446 1
55 68 1 -0.89952 1
55 69 1 1.21191 1
55 70 1 3.1346 1
55 71 1 -3.61073 1
55 72 1 2.84866 1
55 73 1 -0.394777 1
55 74 1 2.30283 1
55 75 1 -2.33912 1
55 76 1 -4.47827 1
55 77 1 0.884431 1
55 78 1 0.663867 1
55 79 1 3.30634 1
55 80 1 -1.38272 1
55 81 1 2.49694 1
55 82 1 -1.30649 1
55 83 1 1.14344 1
55 84 1 0.134635 1
55 85 1 -6.57075 1
55 86 1 1.91823 1
55 87 1 -0.77555 1
55 88 1 -4.38031 1
55 89 1 1.45558 1
55 90 1 -0.853875 1
55 91 1 0.858997 1
55 92 1 7.35951 1
55 93 1 -4.36782 1
55 94 1 -3.26679 1
55 95 1 -0.687564 0
55 28 1 5.19526 1
55 114 1 0.287164 1
55 0 1 -3.94918 1
55 2 1 0.666896 1
114 95 1 0.1173 1
56 64 1 4.20002 1
56 65 1 -7.51191 1
56 66 1 0.922543 1
56 67 1 -1.09627 1
56 68 1 1.60975 0
56 69 1 -2.90911 1
56 70 1 0.401984 1
56 71 1 1.61924 1
56 72 1 -1.66188 1
56 73 1 0.0565034 1
56 74 1 2.79831 1
56 75 1 4.27974 1
56 76 1 -3.10951 1
56 77 1 -2.67784 1
56 78 1 -2.62892 1
56 79 1 -0.753001 1
56 80 1 -0.889045 1
56 81 1 5.90256 1
56 82 1 2.25305 1
56 83 1 -1.06319 1
56 84 1 -2.14023 1
56 85 1 -0.925868 1
56 86 1 1.26848 1
56 87 1 0.241902 1
56 88 1 0.0244213 1
56 89 1 0.816963 1
56 90 1 -1.24156 1
56 91 1 -0.823887 1
56 92 1 -0.150882 1
56 93 1 3.85911 1
56 94 1 -1.24603 1
56 95 1 -1.37492 1
56 3 1 -2.47833 1
56 126 1 5.21012 1
56 0 1 -1.00814 1
126 68 1 2.92754 1
126 11 1 -2.9989 1
57 64 1 -3.80828 1
57 65 1 5.88762 1
57 66 1 -1.17405 1
57 67 1 -1.43225 1
57 68 1 0.794883 1
57 69 1 -1.18577 0
57 70 1 1.05979 1
57 71 1 3.25015 1
57 72 1 1.04076 1
57 73 1 -2.73482 1
57 74 1 2.47326 1
57 75 1 4.89192 1
57 76 1 5.38433 1
57 77 1 -6.01297 1
57 78 1 2.04143 1
57 79 1 -1.97605 1
57 80 1 1.95398 1
57 81 1 3.42392 1
57 82 1 4.66726 1
57 83 1 -2.30112 1
57 84 1 0.126537 1
57 85 1 -3.26383 1
57 86 1 -0.511795 1
57 87 1 0.1036 1
57 88 1 1.05858 1
57 89 1 0.858479 1
57 90 1 1.10278 1
57 91 1 -4.35048 1
57 92 1 -2.01646 1
57 93 1 -2.30974 1
57 94 1 -1.3856 1
57 95 1 4.33328 1
57 104 1 4.36174 1
57 22 1 -0.199097 1
57 115 1 0.571533 1
104 69 1 3.26325 1
104 1 1 2.80875 1
104 107 1 0.089012 1
58 64 1 6.79255 1
58 65 1 -1.51183 1
58 66 1 -1.88194 1
58 67 1 -0.5487 1
58 68 1 -3.31108 1
58 69 1 -0.842091 1
58 70 1 -0.706327 1
58 71 1 1.5915 1
58 72 1 0.94987 1
58 73 1 -2.00251 1
58 74 1 1.15994 1
58 75 1 1.88332 1
58 76 1 2.88765 1
58 77 1 1.48188 1
58 78 1 -3.6627 1
58 79 1 -1.54456 0
58 80 1 -4.15792 1
58 81 1 3.40425 1
58 82 1 1.93806 1
58 83 1 -0.0486762 1
58 84 1 -3.21524 1
58 85 1 0.0721988 1
58 86 1 1.48774 1
58 87 1 -2.87676 1
58 88 1 -3.56485 1
58 89 1 -3.13398 1
58 90 1 -0.328453 1
58 91 1 -2.79422 1
58 92 1 1.34663 1
58 93 1 1.10302 1
58 94 1 -1.52699 1
58 95 1 2.19252 1
58 128 1 1.8747 1
58 115 1 0.37067 1
128 79 1 0.0487282 0
128 131 1 2.21608 1
131 79 1 0.851918 0
131 160 1 0.00684341 1
160 79 1 3.11297 1
160 125 1 1.45911 1
59 64 1 -4.20425 1
59 65 1 1.88731 1
59 66 1 3.54705 1
59 67 1 -3.50567 1
59 68 1 2.14156 1
59 69 1 -3.09307 1
59 70 1 -1.53099 1
59 71 1 1.98466 1
59 72 1 1.43362 1
59 73 1 0.0712164 1
59 74 1 2.14935 1
59 75 1 -0.0329404 1
59 76 1 3.00347 1
59 77 1 0.584126 0
59 78 1 2.24347 1
59 79 1 -2.54443 1
59 80 1 0.20632 1
59 81 1 1.97171 1
59 82 1 -4.93135 1
59 83 1 3.94181 1
59 84 1 0.685055 1
59 85 1 -3.25812 1
59 86 1 -4.2423 1
59 87 1 1.07353 1
59 88 1 2.75294 1
59 89 1 0.291152 1
59 90 1 -0.123946 1
59 91 1 -1.1438 1
59 92 1 1.09987 1
59 93 1 3.0132 1
59 94 1 -5.03475 1
59 95 1 1.12636 1
59 97 1 -0.705338 1
59 5 1 -4.34725 1
59 11 1 -1.82079 1
59 13 1 2.7795 1
97 77 1 -7.76519 1
97 22 1 -1.64052 1
97 2 1 -6.42315 0
97 99 1 3.0511 1
97 7 1 4.5649 0
97 102 1 3.19803 1
97 17 1 2.68293 1
102 7 1 4.66982 1
99 2 1 0.817204 0
99 108 1 5.36481 1
99 15 1 2.11536 1
108 2 1 -0.628974 0
108 125 1 6.37735 1
125 2 1 2.70438 1
60 64 1 1.53755 1
60 65 1 -0.104573 1
60 66 1 2.36048 1
60 67 1 -1.31749 1
60 68 1 1.64042 1
60 69 1 2.28301 1
60 70 1 -1.50503 1
60 71 1 -0.124454 1
60 72 1 -0.308999 0
60 73 1 1.64187 1
60 74 1 2.1699 1
60 75 1 1.06563 1
60 76 1 -1.26946 1
60 77 1 4.73814 1
60 78 1 -4.13309 1
60 79 1 0.942534 1
60 80 1 -5.37913 1
60 81 1 -0.836399 1
60 82 1 -1.45132 1
60 83 1 1.27688 1
60 84 1 -2.98691 1
60 85 1 3.86438 1
60 86 1 3.18499 1
60 87 1 -0.616133 1
60 88 1 -4.14804 1
60 89 1 0.713595 1
60 90 1 -1.84961 1
60 91 1 0.79975 1
60 92 1 -0.284892 1
60 93 1 0.754575 1
60 94 1 -1.0633 1
60 95 1 0.252427 1
60 24 1 -1.05197 1
60 0 1 3.23773 1
60 115 1 2.2629 1
60 3 1 -0.904965 1
115 72 1 -0.125631 1
115 18 1 1.10691 1
115 14 1 1.66956 1
115 19 1 -1.28729 1
61 64 1 -1.35671 1
61 65 1 -0.245859 1
61 66 1 1.0526 1
61 67 1 0.816082 1
61 68 1 -4.66465 1
61 69 1 3.84408 1
61 70 1 2.44629 1
61 71 1 0.74845 1
61 72 1 -1.22535 1
61 73 1 0.800513 1
61 74 1 4.71172 1
61 75 1 4.90356 1
61 76 1 1.41819 1
61 77 1 -2.04077 0
61 78 1 -3.03043 1
61 79 1 0.893827 1
61 80 1 -2.41375 1
61 81 1 -1.04477 1
61 82 1 -0.782148 1
61 83 1 -0.456332 1
61 84 1 -2.26745 1
61 85 1 -2.17203 1
61 86 1 -1.31514 1
61 87 1 2.08438 1
61 88 1 -0.622262 1
61 89 1 0.56324 1
61 90 1 -1.48366 1
61 91 1 1.0905 1
61 92 1 -0.522068 1
61 93 1 -0.282261 1
61 94 1 0.293297 1
61 95 1 -1.83906 1
61 107 1 0.339435 1
61 113 1 -1.12736 1
61 14 1 -2.67158 1
107 77 1 -6.38528 0
107 113 1 -0.857707 1
107 14 1 -3.61951 1
107 20 1 1.42966 1
113 77 1 -1.79788 0
113 23 1 -1.26101 1
113 147 1 0.49653 1
113 159 1 0.53455 1
159 77 1 -2.16356 0
159 161 1 1.26648 1
161 77 1 -0.653114 1
62 64 1 -0.202517 1
62 65 1 -1.92734 1
62 66 1 3.36733 1
62 67 1 -0.426717 1
62 68 1 1.65667 1
62 69 1 -2.21339 1
62 70 1 -0.256595 1
62 71 1 -4.2918 1
62 72 1 4.05858 1
62 73 1 1.73404 1
62 74 1 2.66505 1
62 75 1 -2.08926 1
62 76 1 3.35422 1
62 77 1 -3.22695 1
62 78 1 -2.08383 1
62 79 1 -1.96048 1
62 80 1 -0.868075 1
62 81 1 0.648918 1
62 82 1 -1.36239 1
62 83 1 2.5838 1
62 84 1 -1.62485 0
62 85 1 0.869664 1
62 86 1 3.26619 1
62 87 1 -1.74284 1
62 88 1 0.173517 1
62 89 1 -3.1362 1
62 90 1 -7.28095 1
62 91 1 0.236032 1
62 92 1 -0.101775 1
62 93 1 -0.525319 1
62 94 1 0.632111 1
62 95 1 -2.1468 1
62 5 1 3.07828e-05 1
62 138 1 1.04526 0
62 152 1 0.595185 1
62 31 1 -0.145691 1
152 138 1 2.53711 1
138 84 1 -1.82323 1
63 64 1 3.11519 1
63 65 1 -0.646725 1
63 66 1 6.00898 1
63 67 1 -1.70053 1
63 68 1 1.29236 1
63 69 1 -5.35915 1
63 70 1 -2.35556 1
63 71 1 1.71347 1
63 72 1 -0.587805 1
63 73 1 2.41967 1
63 74 1 -7.4001 1
63 75 1 0.438254 1
63 76 1 -1.76343 0
63 77 1 0.249423 1
63 78 1 0.422755 1
63 79 1 -0.329541 1
63 80 1 2.78316 1
63 81 1 -2.43323 1
63 82 1 1.35905 1
63 83 1 -5.28823 1
63 84 1 -2.70279 1
63 85 1 -4.42295 1
63 86 1 5.86077 1
63 87 1 -2.81949 0
63 88 1 -0.884602 1
63 89 1 -3.59401 1
63 90 1 0.172328 1
63 91 1 -1.33495 1
63 92 1 1.04538 1
63 93 1 1.59006 1
63 94 1 -0.282214 1
63 95 1 -1.46674 1
63 141 1 4.45702 1
63 144 1 1.38309 1
144 76 1 -1.38384 0
144 147 1 4.05014 1
147 76 1 -2.35229 1
147 9 1 -0.490436 1
141 87 1 -7.11444 1
141 10 1 0.672838 1
