171 64 32
2.91226 -2.29199 -5.0756 5.05903 -5.55391 4.04512 -0.902174 3.67026 -0.174516 3.53917 3.295 6.29353 -3.79081 -5.55895 -2.85866 -2.86071 2.14258 0.543258 -0.50787 -0.854781 0.29388 -0.00764616 -0.764544 0.65177 -7.65332 -0.391874 3.16334 0.461827 -2.44234 -3.57203 -4.3186 -1.22089 -1.56724 0.836594 1.97571 2.98646 -4.27331 0.608752 -0.943434 -1.00196 -0.080692 1.44781 -1.61434 -3.60967 -4.55706 -2.23749 -5.50899 3.04862 0.463799 2.63253 0.300149 -4.3205 -4.37211 -0.6197 -0.125326 3.06013 -3.22437 2.94713 0.504364 -1.1801 3.23254 -2.79225 -1.77657 -3.82279 -4.48701 -2.79819 5.70213 3.13944 -3.65673 3.73941 -2.79199 -3.97882 -3.25503 -2.14261 3.02049 4.47334 -0.0555204 0.107321 -0.799619 -4.6772 1.63579 0.680613 -4.02972 1.03003 2.42882 1.24255 -5.09714 -0.653525 4.65569 0.883953 -1.214 3.00302 -1.25652 -1.49224 0.274159 -0.612298 -0.868977 -0.847975 -1.55943 -1.75138 1.44772 -3.72703 -5.40173 -2.37604 -4.58917 2.52034 -0.234372 -3.49574 -2.5135 -0.609036 -2.08964 1.77308 3.35498 -4.69609 2.16964 -0.367183 -3.52737 0.448727 -0.168588 -1.57739 4.11025 -1.52326 -0.813741 0.759996 1.1699 4.50769 1.13877 0.86755 0.142947 4.06435 0.582617 -0.336007 -0.56696 0.178927 -0.715323 -1.06225 -0.344804 -0.464773 -2.26162 -0.017713 2.3112 -1.88465 -0.351335 -2.02507 0.291685 -0.0758249 -0.412219 -0.815096 1.16911 -1.71613 -0.217549 -0.170458 0.0241139 -0.638699 0.940099 -0.398791 0.0370621 1.5576 0.456267 0.831576 0.494785 -0.394205 0.224644 1.05024 1.45217 0.277736 1.09552 0.773501 0.940225 -0.103656 -0.0645705 
0 64 1 -3.12899 1
0 65 1 -0.201332 1
0 66 1 2.18801 1
0 67 1 1.82216 1
0 68 1 -1.88868 1
0 69 1 2.41369 1
0 70 1 1.90364 1
0 71 1 1.51526 1
0 72 1 0.264406 1
0 73 1 -1.62734 1
0 74 1 -2.4056 1
0 75 1 1.30068 1
0 76 1 2.10712 1
0 77 1 1.11921 1
0 78 1 -1.69386 1
0 79 1 0.189995 1
0 80 1 3.01316 1
0 81 1 3.81957 1
0 82 1 5.75085 1
0 83 1 1.6757 1
0 84 1 -1.83017 1
0 85 1 5.49333 1
0 86 1 -1.13962 1
0 87 1 -2.55919 1
0 88 1 0.984249 1
0 89 1 3.69388 1
0 90 1 4.86425 1
0 91 1 5.42538 1
0 92 1 -3.96085 1
0 93 1 -2.46934 1
0 94 1 2.56821 1
0 95 1 -0.124388 1
0 10 1 -2.87555 1
1 64 1 -1.14251 1
1 65 1 -4.22472 1
1 66 1 3.46728 1
1 67 1 -4.52965 1
1 68 1 4.86512 1
1 69 1 -1.91089 1
1 70 1 3.61847 1
1 71 1 -1.84871 1
1 72 1 -2.73202 1
1 73 1 -2.41491 1
1 74 1 -3.05334 1
1 75 1 3.25706 1
1 76 1 -2.68872 1
1 77 1 7.25722 1
1 78 1 -1.24188 1
1 79 1 -1.24625 1
1 80 1 -2.78187 1
1 81 1 1.45144 1
1 82 1 -1.27202 1
1 83 1 -5.23371 1
1 84 1 -2.75689 1
1 85 1 -0.840834 1
1 86 1 1.78956 1
1 87 1 0.177748 1
1 88 1 -0.570193 1
1 89 1 3.1595 1
1 90 1 -1.42353 1
1 91 1 -2.16038 1
1 92 1 -0.836624 1
1 93 1 2.59669 1
1 94 1 -3.37655 1
1 95 1 -5.58581 1
1 27 1 0.530291 1
2 64 1 0.548604 1
2 65 1 -2.52459 1
2 66 1 -5.76694 1
2 67 1 -2.52476 1
2 68 1 -2.27237 1
2 69 1 0.794072 1
2 70 1 -1.28227 1
2 71 1 3.29445 1
2 72 1 -1.03768 1
2 73 1 -2.5214 1
2 74 1 -4.08082 1
2 75 1 -0.699665 1
2 76 1 -4.4082 1
2 77 1 -2.34283 1
2 78 1 -0.0269526 1
2 79 1 -3.63595 1
2 80 1 -6.07685 1
2 81 1 -5.44369 1
2 82 1 -1.56432 1
2 83 1 -3.10222 1
2 84 1 0.125323 1
2 85 1 3.844 1
2 86 1 -0.0218994 1
2 87 1 -0.142867 1
2 88 1 0.630644 1
2 89 1 -4.56387 1
2 90 1 -4.65929 1
2 91 1 -0.362776 1
2 92 1 1.83788 1
2 93 1 -2.68431 1
2 94 1 2.82008 1
2 95 1 -0.577105 1
2 100 1 -0.465825 1
2 6 1 4.5457 1
2 110 1 -1.38512 1
3 64 1 -1.89977 1
3 65 1 -2.27841 1
3 66 1 -0.0591555 1
3 67 1 0.381872 1
3 68 1 5.48333 1
3 69 1 -3.11868 1
3 70 1 -2.60035 1
3 71 1 -0.447104 1
3 72 1 9.4502 1
3 73 1 -0.168745 1
3 74 1 -0.0234911 1
3 75 1 3.91874 1
3 76 1 -0.107442 1
3 77 1 -0.254372 1
3 78 1 -2.11635 1
3 79 1 0.692564 1
3 80 1 -3.00191 1
3 81 1 -0.712371 1
3 82 1 6.19767 1
3 83 1 2.54969 1
3 84 1 -0.206696 1
3 85 1 -4.33431 1
3 86 1 0.297086 1
3 87 1 3.18985 1
3 88 1 -2.37561 1
3 89 1 2.6235 1
3 90 1 1.58594 1
3 91 1 2.85752 1
3 92 1 1.43016 1
3 93 1 -1.78897 1
3 94 1 -1.36778 1
3 95 1 3.60869 0
3 110 1 2.82701 1
110 95 1 -1.09459 0
110 111 1 -0.814787 0
110 132 1 2.17364 1
110 152 1 -0.195037 1
110 126 1 -1.0969 1
110 20 1 -1.39963 1
110 16 1 1.73946 1
132 111 1 2.94695 1
111 95 1 -1.87223 1
4 64 1 1.27396 1
4 65 1 -0.649543 1
4 66 1 -0.191753 1
4 67 1 3.96039 1
4 68 1 1.03025 1
4 69 1 1.29864 1
4 70 1 -1.37455 1
4 71 1 -0.266904 1
4 72 1 -1.6438 1
4 73 1 -1.59286 0
4 74 1 0.246627 1
4 75 1 -6.0441 0
4 76 1 0.389983 1
4 77 1 4.50434 1
4 78 1 -0.858937 1
4 79 1 1.79981 1
4 80 1 -5.08287 1
4 81 1 1.51342 1
4 82 1 0.451812 1
4 83 1 -1.97043 1
4 84 1 -2.15946 1
4 85 1 1.35255 1
4 86 1 1.69076 1
4 87 1 -2.00773 1
4 88 1 -2.10637 1
4 89 1 -1.64652 1
4 90 1 3.02902 1
4 91 1 -3.24507 1
4 92 1 -0.88737 1
4 93 1 0.868272 0
4 94 1 -3.16642 1
4 95 1 2.88083 1
4 101 1 2.85723 1
4 17 1 4.50446 1
4 118 1 1.44779 1
4 145 1 0.711519 1
4 119 1 0.210932 1
145 93 1 -0.633008 1
145 3 1 0.177297 1
118 73 1 -3.79221 1
101 75 1 1.66368 1
5 64 1 -1.19151 1
5 65 1 6.34233 1
5 66 1 -1.37763 1
5 67 1 9.10463 1
5 68 1 3.25558 1
5 69 1 5.55524 1
5 70 1 -0.234624 1
5 71 1 -1.14456 1
5 72 1 1.19224 1
5 73 1 -0.60606 1
5 74 1 -1.29796 1
5 75 1 2.76502 1
5 76 1 3.185 1
5 77 1 0.143637 1
5 78 1 0.445733 1
5 79 1 0.365167 1
5 80 1 1.65247 1
5 81 1 -0.662092 1
5 82 1 0.266781 1
5 83 1 4.76067 1
5 84 1 3.28639 1
5 85 1 3.14109 1
5 86 1 -0.31121 1
5 87 1 2.33706 1
5 88 1 0.862685 1
5 89 1 -4.30722 1
5 90 1 -2.73602 1
5 91 1 -0.48648 1
5 92 1 -0.828644 1
5 93 1 1.32622 1
5 94 1 -1.04838 1
5 95 1 -0.706458 1
5 28 1 2.83713 1
6 64 1 0.285398 1
6 65 1 -0.927624 1
6 66 1 2.42136 1
6 67 1 3.46416 1
6 68 1 -3.83972 1
6 69 1 -3.23611 1
6 70 1 -3.76947 1
6 71 1 1.04034 1
6 72 1 2.30509 1
6 73 1 -3.46047 1
6 74 1 -5.20566 1
6 75 1 1.55188 1
6 76 1 5.09074 1
6 77 1 -1.83652 1
6 78 1 -0.383137 1
6 79 1 -3.36756 1
6 80 1 3.28494 1
6 81 1 -1.27925 1
6 82 1 0.356907 1
6 83 1 2.09007 1
6 84 1 2.73132 1
6 85 1 -4.83139 1
6 86 1 0.2286 1
6 87 1 4.72184 1
6 88 1 -2.22211 1
6 89 1 -2.5921 1
6 90 1 4.5842 1
6 91 1 -0.492426 1
6 92 1 3.75703 1
6 93 1 -3.95666 1
6 94 1 -2.41938 1
6 95 1 2.26144 1
6 26 1 0.110783 1
7 64 1 3.92344 1
7 65 1 1.97142 1
7 66 1 1.22663 1
7 67 1 -6.37736 1
7 68 1 -1.85392 1
7 69 1 -2.3445 1
7 70 1 5.83617 1
7 71 1 3.58817 1
7 72 1 3.02832 1
7 73 1 -1.32208 1
7 74 1 -2.68875 1
7 75 1 0.666481 0
7 76 1 1.50984 1
7 77 1 1.67477 1
7 78 1 3.14435 1
7 79 1 2.86633 1
7 80 1 -0.639227 1
7 81 1 1.99474 1
7 82 1 -4.17312 0
7 83 1 0.549993 0
7 84 1 -2.56322 1
7 85 1 3.1774 1
7 86 1 0.407786 1
7 87 1 5.07942 1
7 88 1 -2.91401 1
7 89 1 -3.16829 1
7 90 1 1.45533 1
7 91 1 -2.50168 1
7 92 1 1.77459 1
7 93 1 -1.9435 1
7 94 1 -1.02654 1
7 95 1 0.895505 1
7 100 1 0.611934 1
7 127 1 2.38926 1
7 164 1 1.59757 1
164 75 1 0.027552 1
127 82 1 -5.06169 0
127 169 1 0.814846 1
169 82 1 -5.32337 1
100 83 1 3.88826 0
100 24 1 -1.01226 0
100 106 1 4.33172 1
100 166 1 1.03472 1
166 83 1 3.23705 1
106 24 1 -6.67602 1
106 6 1 -1.91641 1
8 64 1 2.83757 1
8 65 1 -3.92354 1
8 66 1 0.474789 1
8 67 1 0.96631 1
8 68 1 -1.89948 1
8 69 1 4.05747 1
8 70 1 1.70732 1
8 71 1 3.82789 1
8 72 1 3.97469 1
8 73 1 -3.44957 1
8 74 1 -2.84336 1
8 75 1 -2.45335 1
8 76 1 -0.0224545 1
8 77 1 3.82346 1
8 78 1 0.919449 1
8 79 1 -2.43819 1
8 80 1 1.51108 1
8 81 1 -3.75641 1
8 82 1 -1.22275 1
8 83 1 -3.37728 1
8 84 1 1.94968 1
8 85 1 8.82223 1
8 86 1 5.29893 1
8 87 1 3.12509 1
8 88 1 -2.07507 1
8 89 1 4.23672 1
8 90 1 0.00816914 1
8 91 1 -0.149818 1
8 92 1 2.36067 1
8 93 1 4.51131 1
8 94 1 4.42692 1
8 95 1 -1.04473 1
8 17 1 -0.0150701 1
9 64 1 -4.00149 1
9 65 1 -2.18909 1
9 66 1 1.18914 1
9 67 1 1.15953 1
9 68 1 -1.959 1
9 69 1 -0.963367 1
9 70 1 -6.23489 1
9 71 1 -1.98123 1
9 72 1 3.29625 1
9 73 1 -1.06389 1
9 74 1 -1.18446 1
9 75 1 2.66881 1
9 76 1 3.6468 1
9 77 1 1.14345 1
9 78 1 3.72304 1
9 79 1 1.15134 0
9 80 1 -0.761461 1
9 81 1 0.734913 1
9 82 1 -2.7317 1
9 83 1 -1.7258 1
9 84 1 3.57882 1
9 85 1 0.846873 1
9 86 1 -0.317172 1
9 87 1 -0.449911 1
9 88 1 3.23773 1
9 89 1 4.42634 1
9 90 1 -0.303734 1
9 91 1 1.07066 1
9 92 1 -2.58751 1
9 93 1 -0.323031 1
9 94 1 -4.46047 1
9 95 1 0.954065 1
9 103 1 -2.55808 1
9 130 1 -1.55444 1
9 157 1 0.212907 1
157 79 1 0.672265 1
10 64 1 1.73283 1
10 65 1 -0.0411903 1
10 66 1 5.0458 1
10 67 1 -4.10741 1
10 68 1 3.6007 1
10 69 1 -0.797055 1
10 70 1 -0.374038 1
10 71 1 -1.69711 1
10 72 1 4.30135 1
10 73 1 2.86271 1
10 74 1 0.664999 0
10 75 1 0.604858 1
10 76 1 3.9698 1
10 77 1 0.97861 1
10 78 1 0.286748 1
10 79 1 -6.55863 1
10 80 1 -2.28497 1
10 81 1 4.3393 1
10 82 1 3.18017 1
10 83 1 1.16649 1
10 84 1 6.0543 1
10 85 1 2.87758 1
10 86 1 -2.32931 1
10 87 1 -0.243427 1
10 88 1 3.74789 1
10 89 1 1.69972 1
10 90 1 -1.04493 1
10 91 1 2.21963 1
10 92 1 -0.711276 1
10 93 1 -1.30067 1
10 94 1 3.84638 1
10 95 1 5.64358 0
10 124 1 1.9402 1
10 165 1 0.230867 1
165 95 1 4.39774 1
124 74 1 0.347511 1
124 12 1 2.37602 1
11 64 1 3.93958 1
11 65 1 2.01719 1
11 66 1 4.76636 1
11 67 1 -2.22354 1
11 68 1 2.87115 1
11 69 1 1.15448 1
11 70 1 4.0442 1
11 71 1 -0.184634 1
11 72 1 -6.09294 1
11 73 1 0.541574 1
11 74 1 0.097604 0
11 75 1 -2.06061 1
11 76 1 -2.18146 1
11 77 1 0.42818 1
11 78 1 -1.61675 1
11 79 1 -1.58815 1
11 80 1 -2.67208 1
11 81 1 0.243216 1
11 82 1 5.18631 0
11 83 1 3.01461 1
11 84 1 2.2169 1
11 85 1 -1.3741 1
11 86 1 -3.90862 1
11 87 1 0.784646 1
11 88 1 -5.45891 1
11 89 1 1.58284 1
11 90 1 1.15677 1
11 91 1 -0.871446 1
11 92 1 -0.993901 1
11 93 1 3.25642 1
11 94 1 -2.38134 1
11 95 1 -5.91765 1
11 120 1 -5.75268 1
11 109 1 -1.64792 1
11 154 1 1.37163 1
11 8 1 -1.69895 1
11 112 1 0.638032 1
154 82 1 5.02248 1
120 74 1 -3.60771 1
120 13 1 0.00778664 0
120 150 1 4.13314 1
150 13 1 1.92268 0
150 163 1 1.58909 1
163 13 1 1.93416 1
12 64 1 -2.17505 1
12 65 1 -2.24939 0
12 66 1 0.75981 1
12 67 1 -3.17742 1
12 68 1 0.37553 1
12 69 1 1.01225 1
12 70 1 0.969649 1
12 71 1 -0.520107 1
12 72 1 2.67428 1
12 73 1 -3.86802 1
12 74 1 -2.61773 1
12 75 1 -0.246926 1
12 76 1 -0.411241 1
12 77 1 0.493767 1
12 78 1 -2.40335 1
12 79 1 -3.67896 1
12 80 1 -2.10349 1
12 81 1 -2.71146 1
12 82 1 4.43859 1
12 83 1 1.06878 1
12 84 1 2.29658 1
12 85 1 -1.02402 1
12 86 1 -2.97129 1
12 87 1 -1.05578 1
12 88 1 -2.12869 1
12 89 1 1.09946 1
12 90 1 -1.11006 1
12 91 1 -2.75817 1
12 92 1 3.29435 1
12 93 1 -2.72712 1
12 94 1 2.83674 1
12 95 1 -3.25588 1
12 17 1 0.203885 1
12 18 1 -0.793767 1
12 144 1 -1.81205 1
12 167 1 0.670568 1
12 11 1 -0.0283518 1
167 65 1 -1.064 1
13 64 1 -1.25047 1
13 65 1 -4.1363 1
13 66 1 -1.74766 1
13 67 1 1.00329 1
13 68 1 2.94272 1
13 69 1 -3.44345 1
13 70 1 0.27768 1
13 71 1 1.24901 1
13 72 1 0.844636 1
13 73 1 -1.06414 1
13 74 1 -1.19789 1
13 75 1 -1.44455 1
13 76 1 -1.44825 1
13 77 1 -2.3995 1
13 78 1 2.92843 1
13 79 1 2.96469 1
13 80 1 0.292495 1
13 81 1 0.711411 1
13 82 1 2.211 1
13 83 1 4.99485 1
13 84 1 -3.52363 1
13 85 1 6.49091 1
13 86 1 4.81246 1
13 87 1 7.03451 1
13 88 1 3.01968 1
13 89 1 -0.215028 1
13 90 1 -4.46347 1
13 91 1 -5.42212 1
13 92 1 -3.39109 1
13 93 1 -2.78127 1
13 94 1 -0.244784 1
13 95 1 -3.50486 1
14 64 1 -1.33889 1
14 65 1 7.29155 1
14 66 1 0.751878 1
14 67 1 0.746198 1
14 68 1 -1.23251 1
14 69 1 1.54288 1
14 70 1 0.26092 1
14 71 1 -0.0416478 1
14 72 1 3.83535 1
14 73 1 1.45507 1
14 74 1 0.221274 1
14 75 1 2.3491 1
14 76 1 -3.33428 1
14 77 1 0.638531 1
14 78 1 -1.65692 1
14 79 1 -0.548091 1
14 80 1 -0.212581 1
14 81 1 0.685252 0
14 82 1 3.65873 1
14 83 1 0.54617 1
14 84 1 0.372398 1
14 85 1 -1.91134 1
14 86 1 2.81975 1
14 87 1 -0.476981 1
14 88 1 -2.08935 1
14 89 1 0.926615 1
14 90 1 -0.971662 1
14 91 1 4.01947 1
14 92 1 4.98979 1
14 93 1 0.714841 1
14 94 1 5.18847 1
14 95 1 1.32649 1
14 104 1 -1.43666 1
14 119 1 1.74622 1
14 126 1 0.0813174 1
119 81 1 5.3612 1
119 99 1 -0.164684 1
15 64 1 -0.179906 1
15 65 1 2.46262 1
15 66 1 -4.46052 1
15 67 1 -1.68737 1
15 68 1 0.990671 1
15 69 1 -2.43695 1
15 70 1 7.88121 1
15 71 1 -1.52435 1
15 72 1 -1.65091 1
15 73 1 1.3062 1
15 74 1 1.14476 1
15 75 1 -0.264669 1
15 76 1 -0.308502 1
15 77 1 3.25549 1
15 78 1 -2.32939 1
15 79 1 0.28697 1
15 80 1 2.51119 1
15 81 1 0.0170298 1
15 82 1 -5.4828 1
15 83 1 0.763517 1
15 84 1 0.538621 1
15 85 1 -0.879837 1
15 86 1 0.30442 1
15 87 1 -5.45027 1
15 88 1 0.734934 1
15 89 1 3.75349 1
15 90 1 0.174134 1
15 91 1 -3.90036 1
15 92 1 1.91734 1
15 93 1 -2.38073 1
15 94 1 0.337274 1
15 95 1 -0.473891 1
15 20 1 -3.11575 1
16 64 1 3.23992 1
16 65 1 -0.98974 1
16 66 1 -1.86331 1
16 67 1 -3.91009 1
16 68 1 0.459767 1
16 69 1 -0.566496 1
16 70 1 2.59859 1
16 71 1 5.25678 1
16 72 1 -1.78194 1
16 73 1 -2.52469 1
16 74 1 -0.278894 1
16 75 1 2.33283 1
16 76 1 2.2331 1
16 77 1 0.274697 1
16 78 1 -2.39053 1
16 79 1 -0.159945 0
16 80 1 0.901901 1
16 81 1 3.45851 1
16 82 1 -4.92606 1
16 83 1 2.88026 1
16 84 1 -0.708681 1
16 85 1 -1.16221 1
16 86 1 -0.281736 1
16 87 1 -1.22822 1
16 88 1 1.29729 1
16 89 1 1.12531 1
16 90 1 -3.85275 1
16 91 1 3.29149 1
16 92 1 3.67065 1
16 93 1 -1.24288 1
16 94 1 0.147319 1
16 95 1 -3.02513 1
16 26 1 -1.69821 1
16 151 1 1.51396 1
151 79 1 -0.741809 1
17 64 1 -1.4105 1
17 65 1 0.639976 1
17 66 1 -0.256766 1
17 67 1 3.77898 1
17 68 1 -0.455608 1
17 69 1 2.77589 1
17 70 1 0.838255 1
17 71 1 3.18339 1
17 72 1 -6.32967 0
17 73 1 3.3981 1
17 74 1 2.62182 1
17 75 1 -0.939768 1
17 76 1 -1.87815 1
17 77 1 2.31152 1
17 78 1 -0.678737 1
17 79 1 -3.36336 1
17 80 1 4.43743 1
17 81 1 3.78028 1
17 82 1 -0.252758 1
17 83 1 -2.42042 1
17 84 1 -2.29781 1
17 85 1 2.4199 1
17 86 1 -0.511214 1
17 87 1 -2.89092 1
17 88 1 -6.03353 1
17 89 1 2.20226 1
17 90 1 -5.10273 1
17 91 1 5.87768 1
17 92 1 1.08158 1
17 93 1 3.67902 1
17 94 1 3.03916 1
17 95 1 2.07483 1
17 146 1 2.34904 1
146 72 1 -4.99451 1
146 30 1 0.146047 1
18 64 1 3.6145 1
18 65 1 -3.54996 1
18 66 1 4.48848 1
18 67 1 2.40988 1
18 68 1 -2.08121 1
18 69 1 -0.272715 1
18 70 1 2.9128 1
18 71 1 -0.935785 1
18 72 1 1.0945 1
18 73 1 -0.453059 1
18 74 1 1.30567 1
18 75 1 -3.28456 1
18 76 1 5.39521 1
18 77 1 -1.45318 1
18 78 1 3.18819 1
18 79 1 1.74183 1
18 80 1 -7.69874 1
18 81 1 4.74096 1
18 82 1 -3.20406 1
18 83 1 4.3908 1
18 84 1 -3.02471 1
18 85 1 2.36151 1
18 86 1 6.24862 1
18 87 1 -2.23963 1
18 88 1 0.891903 1
18 89 1 -3.95414 1
18 90 1 -0.0164761 1
18 91 1 0.128674 1
18 92 1 -2.47848 1
18 93 1 1.92709 1
18 94 1 -1.2043 1
18 95 1 0.33523 1
18 25 1 -0.540212 1
18 18 1 -0.439859 1
18 139 1 0.520038 1
19 64 1 6.18863 1
19 65 1 -1.49209 1
19 66 1 5.89703 1
19 67 1 -1.17243 1
19 68 1 -1.22327 1
19 69 1 2.35019 1
19 70 1 0.175762 1
19 71 1 -1.53363 1
19 72 1 3.95803 1
19 73 1 0.77413 1
19 74 1 -1.12859 1
19 75 1 -0.0701267 1
19 76 1 -3.69408 1
19 77 1 -1.0379 1
19 78 1 -0.322297 1
19 79 1 5.38149 1
19 80 1 -1.23999 1
19 81 1 -2.4231 1
19 82 1 0.415173 1
19 83 1 -2.68581 1
19 84 1 0.981573 1
19 85 1 2.9524 1
19 86 1 -0.989648 1
19 87 1 3.29446 1
19 88 1 -0.311031 1
19 89 1 5.07526 1
19 90 1 -0.309211 1
19 91 1 -1.16697 1
19 92 1 -0.902512 1
19 93 1 -5.77571 1
19 94 1 -2.63211 1
19 95 1 -7.19866 1
20 64 1 1.13795 1
20 65 1 -0.434652 1
20 66 1 -4.22543 1
20 67 1 2.00767 1
20 68 1 -0.0130919 1
20 69 1 1.67071 1
20 70 1 -3.24239 1
20 71 1 3.95246 1
20 72 1 0.569347 1
20 73 1 2.45627 1
20 74 1 3.04595 1
20 75 1 3.61067 1
20 76 1 -0.765689 1
20 77 1 -2.44452 1
20 78 1 1.10333 1
20 79 1 2.15935 1
20 80 1 0.161103 1
20 81 1 -0.767328 1
20 82 1 3.32379 1
20 83 1 0.931876 1
20 84 1 4.44355 1
20 85 1 -5.00535 1
20 86 1 0.288643 1
20 87 1 -1.20118 1
20 88 1 2.65328 1
20 89 1 -0.28778 1
20 90 1 1.96924 1
20 91 1 2.23135 0
20 92 1 0.126842 1
20 93 1 2.64516 0
20 94 1 2.72423 0
20 95 1 0.50571 1
20 96 1 -3.38277 1
20 98 1 1.90555 1
20 103 1 0.409707 1
20 109 1 -0.267815 1
103 91 1 0.822916 0
103 105 1 3.12127 1
103 112 1 -2.03664 0
103 123 1 -2.94305 1
103 140 1 -1.30662 1
140 112 1 2.87615 1
123 91 1 0.497298 1
123 113 1 -0.458586 0
123 136 1 1.31737 1
123 137 1 1.47883 1
136 113 1 -1.10236 1
136 6 1 -0.678753 1
105 91 1 2.10597 0
105 129 1 0.248283 1
129 91 1 0.273407 0
129 135 1 2.88342 1
129 116 1 0.905814 1
135 91 1 -2.67403 1
98 93 1 2.77916 1
98 99 1 6.0039 1
98 15 1 0.681485 1
96 94 1 1.52924 1
96 20 1 -0.363468 0
96 155 1 1.6374 1
155 20 1 -1.6811 1
155 30 1 -0.421495 1
21 64 1 3.59175 1
21 65 1 8.04902 1
21 66 1 -5.10511 1
21 67 1 -4.47904 1
21 68 1 -1.85061 1
21 69 1 1.13616 1
21 70 1 -0.702563 1
21 71 1 -4.751 1
21 72 1 -7.62202 1
21 73 1 -2.34476 1
21 74 1 -0.459667 1
21 75 1 1.41314 1
21 76 1 0.0866228 1
21 77 1 -2.81686 1
21 78 1 -0.66788 1
21 79 1 -2.32045 1
21 80 1 1.16907 1
21 81 1 -3.0923 1
21 82 1 -0.436082 1
21 83 1 -1.60846 1
21 84 1 7.13802 1
21 85 1 0.958897 1
21 86 1 0.79071 1
21 87 1 -0.750886 1
21 88 1 4.08887 1
21 89 1 1.35379 1
21 90 1 0.118158 1
21 91 1 -0.207721 0
21 92 1 2.95568 1
21 93 1 1.16178 1
21 94 1 -2.99497 1
21 95 1 -0.00505058 1
21 143 1 3.57697 1
143 91 1 -1.37631 1
22 64 1 1.49655 1
22 65 1 -0.42734 1
22 66 1 1.26085 1
22 67 1 5.41442 1
22 68 1 0.245142 1
22 69 1 -2.23579 1
22 70 1 -2.08178 1
22 71 1 0.443194 1
22 72 1 -3.80953 1
22 73 1 1.88287 1
22 74 1 -6.40681 1
22 75 1 -2.35037 1
22 76 1 -0.237527 1
22 77 1 0.753743 1
22 78 1 4.53992 1
22 79 1 5.37863 1
22 80 1 0.834222 1
22 81 1 -1.79847 1
22 82 1 1.24556 1
22 83 1 0.253962 1
22 84 1 -1.85948 1
22 85 1 2.17203 1
22 86 1 0.358101 1
22 87 1 6.43369 1
22 88 1 -4.15202 1
22 89 1 -0.0893457 1
22 90 1 1.53821 1
22 91 1 0.784193 1
22 92 1 1.40194 1
22 93 1 3.3118 1
22 94 1 4.97376 1
22 95 1 1.50728 1
23 64 1 -2.9307 1
23 65 1 1.60179 1
23 66 1 1.95827 1
23 67 1 2.51032 1
23 68 1 -2.62487 1
23 69 1 1.92317 1
23 70 1 3.11614 1
23 71 1 -4.32936 1
23 72 1 -1.10882 1
23 73 1 -1.35538 1
23 74 1 2.59776 1
23 75 1 1.33403 1
23 76 1 3.23031 1
23 77 1 4.53905 1
23 78 1 1.21001 1
23 79 1 -4.89956 1
23 80 1 1.95315 1
23 81 1 0.0288652 1
23 82 1 -3.55301 1
23 83 1 0.51143 1
23 84 1 3.68889 1
23 85 1 -2.69554 1
23 86 1 -10.9579 1
23 87 1 0.276236 1
23 88 1 1.92844 1
23 89 1 -1.83849 1
23 90 1 -5.5705 1
23 91 1 -1.9726 1
23 92 1 2.82652 1
23 93 1 2.72405 1
23 94 1 -2.93439 1
23 95 1 0.695715 1
23 107 1 -0.148289 1
23 27 1 -0.405366 1
24 64 1 -1.6539 1
24 65 1 1.09883 1
24 66 1 -1.74079 1
24 67 1 6.06961 1
24 68 1 -6.7916 1
24 69 1 2.40021 0
24 70 1 2.19434 1
24 71 1 4.75302 1
24 72 1 0.524169 1
24 73 1 1.33694 1
24 74 1 1.88215 1
24 75 1 1.38032 1
24 76 1 -2.20475 1
24 77 1 0.465648 1
24 78 1 -5.89927 1
24 79 1 -0.177545 1
24 80 1 4.55689 1
24 81 1 2.1605 1
24 82 1 -1.82042 1
24 83 1 -2.73957 1
24 84 1 -3.57147 1
24 85 1 -0.943677 1
24 86 1 -4.74864 1
24 87 1 4.24093 1
24 88 1 -0.98896 1
24 89 1 7.87944 1
24 90 1 4.08867 1
24 91 1 -4.04773 1
24 92 1 -0.198985 1
24 93 1 -0.611904 1
24 94 1 -1.58595 1
24 95 1 -3.39215 1
24 5 1 0.724475 1
24 168 1 -0.814356 1
168 69 1 2.65668 1
25 64 1 -1.03152 1
25 65 1 1.15388 1
25 66 1 -1.65467 1
25 67 1 -1.8023 1
25 68 1 2.72019 1
25 69 1 -4.68748 1
25 70 1 1.90147 0
25 71 1 -2.66683 1
25 72 1 2.90461 1
25 73 1 3.45291 1
25 74 1 1.04603 1
25 75 1 -2.74461 1
25 76 1 -0.238735 1
25 77 1 -1.0523 1
25 78 1 3.87422 1
25 79 1 0.840648 1
25 80 1 -0.986588 1
25 81 1 -0.891849 1
25 82 1 -1.02624 1
25 83 1 3.02334 1
25 84 1 -1.82996 1
25 85 1 -0.69605 1
25 86 1 3.70023 1
25 87 1 0.224879 1
25 88 1 -0.257382 1
25 89 1 -0.58275 1
25 90 1 -3.603 1
25 91 1 2.24652 1
25 92 1 2.79625 1
25 93 1 -1.23916 1
25 94 1 -2.63039 1
25 95 1 -3.23921 1
25 8 1 0.859203 1
25 6 1 -2.47244 1
25 121 1 -1.20384 1
121 70 1 6.35795 1
26 64 1 -2.73133 1
26 65 1 1.83172 1
26 66 1 -0.146958 1
26 67 1 1.42797 1
26 68 1 -0.20138 1
26 69 1 1.8546 1
26 70 1 -1.62866 1
26 71 1 1.37317 1
26 72 1 -3.1188 1
26 73 1 -0.179485 1
26 74 1 -8.62678 1
26 75 1 2.69523 1
26 76 1 0.871784 1
26 77 1 -3.48644 1
26 78 1 2.60615 1
26 79 1 -0.133132 1
26 80 1 -2.45915 1
26 81 1 2.80307 1
26 82 1 2.49059 1
26 83 1 2.62245 1
26 84 1 -6.12424 1
26 85 1 0.219206 1
26 86 1 -3.67357 1
26 87 1 1.91343 1
26 88 1 -4.61084 1
26 89 1 0.806061 1
26 90 1 -3.16708 1
26 91 1 -4.11614 1
26 92 1 0.345013 1
26 93 1 -2.64914 1
26 94 1 2.71435 1
26 95 1 -0.832204 1
26 23 1 4.60631 1
26 15 1 0.964138 1
26 161 1 -1.04486 1
27 64 1 -2.51407 1
27 65 1 3.77602 1
27 66 1 2.78635 1
27 67 1 -1.30669 1
27 68 1 2.3765 1
27 69 1 1.35171 1
27 70 1 5.2221 1
27 71 1 -5.90344 1
27 72 1 -0.595864 1
27 73 1 1.18725 1
27 74 1 -3.48311 1
27 75 1 4.22028 1
27 76 1 -4.93152 1
27 77 1 0.841508 1
27 78 1 1.37583 1
27 79 1 1.04789 1
27 80 1 -2.19672 1
27 81 1 -1.64371 1
27 82 1 1.18614 1
27 83 1 0.957177 1
27 84 1 2.25634 1
27 85 1 -1.14301 1
27 86 1 -2.92223 1
27 87 1 -1.03661 1
27 88 1 -5.88956 1
27 89 1 -5.21998 1
27 90 1 4.58435 1
27 91 1 -2.41274 1
27 92 1 -0.42275 1
27 93 1 -0.757217 1
27 94 1 0.823241 1
27 95 1 -0.302698 1
27 9 1 2.17344 1
27 5 1 -0.631099 1
28 64 1 2.92472 1
28 65 1 -0.711006 1
28 66 1 -2.01303 1
28 67 1 5.72896 1
28 68 1 4.93124 1
28 69 1 0.941079 1
28 70 1 -0.7932 1
28 71 1 0.728835 1
28 72 1 -8.35409 1
28 73 1 0.0498116 1
28 74 1 -1.96792 1
28 75 1 1.05212 1
28 76 1 1.33818 1
28 77 1 2.15452 1
28 78 1 -3.67377 1
28 79 1 2.87901 1
28 80 1 2.32903 1
28 81 1 -1.61831 1
28 82 1 3.32489 1
28 83 1 1.05817 1
28 84 1 4.39352 1
28 85 1 -4.718 1
28 86 1 -1.41727 1
28 87 1 0.779438 1
28 88 1 -3.67779 1
28 89 1 2.53318 1
28 90 1 -2.45424 1
28 91 1 -0.236983 1
28 92 1 4.89048 1
28 93 1 -2.00442 1
28 94 1 4.59813 1
28 95 1 -3.14222 1
29 64 1 -1.51267 1
29 65 1 1.27145 1
29 66 1 -1.25456 1
29 67 1 2.22462 1
29 68 1 -8.02647 1
29 69 1 1.52507 1
29 70 1 -2.61435 1
29 71 1 -0.0195194 1
29 72 1 -0.83871 1
29 73 1 -0.708352 1
29 74 1 -1.24873 1
29 75 1 0.147894 1
29 76 1 -0.833366 1
29 77 1 1.79305 1
29 78 1 -4.73227 1
29 79 1 -2.3855 1
29 80 1 2.85271 1
29 81 1 1.41982 1
29 82 1 1.43555 1
29 83 1 0.333824 1
29 84 1 -0.0105236 1
29 85 1 -2.61902 1
29 86 1 -2.79648 1
29 87 1 -2.3532 1
29 88 1 -1.81555 1
29 89 1 -4.01342 1
29 90 1 -0.945461 1
29 91 1 0.211057 1
29 92 1 1.69413 1
29 93 1 0.302733 1
29 94 1 -2.80808 1
29 95 1 1.69018 1
29 113 1 0.971194 1
30 64 1 -0.186146 1
30 65 1 4.79298 1
30 66 1 4.7203 1
30 67 1 -0.627453 1
30 68 1 0.358094 1
30 69 1 1.24198 1
30 70 1 2.87859 1
30 71 1 -1.26074 1
30 72 1 -1.27756 1
30 73 1 2.68716 1
30 74 1 -1.08926 1
30 75 1 2.13691 1
30 76 1 2.25833 1
30 77 1 -1.26969 1
30 78 1 2.68075 1
30 79 1 4.55081 1
30 80 1 -2.27479 1
30 81 1 -0.0180795 1
30 82 1 5.41133 1
30 83 1 2.62085 1
30 84 1 0.6436 1
30 85 1 -2.60096 1
30 86 1 -3.7572 1
30 87 1 -2.29705 1
30 88 1 1.37756 1
30 89 1 -2.33357 1
30 90 1 0.19723 1
30 91 1 5.77131 1
30 92 1 -1.0201 1
30 93 1 1.78769 1
30 94 1 1.70972 1
30 95 1 -2.51855 1
30 28 1 0.654771 1
31 64 1 3.2004 1
31 65 1 -0.884487 1
31 66 1 -4.96676 1
31 67 1 7.94487 1
31 68 1 3.6701 1
31 69 1 0.370047 1
31 70 1 -0.91925 1
31 71 1 2.42457 1
31 72 1 -2.65305 1
31 73 1 -0.886115 1
31 74 1 3.74763 1
31 75 1 0.469383 1
31 76 1 -1.6064 1
31 77 1 0.549075 1
31 78 1 -3.90886 1
31 79 1 0.589707 1
31 80 1 -0.917618 1
31 81 1 -2.21081 1
31 82 1 -1.08262 1
31 83 1 -0.777721 1
31 84 1 -3.66847 1
31 85 1 -4.02477 1
31 86 1 1.13486 1
31 87 1 -3.62225 0
31 88 1 3.11171 1
31 89 1 -1.36778 1
31 90 1 -0.77145 1
31 91 1 -3.87363 1
31 92 1 -0.476464 1
31 93 1 -1.03724 1
31 94 1 2.51422 1
31 95 1 -1.70661 1
31 122 1 2.01325 1
31 10 1 -1.52034 1
122 87 1 -1.89525 1
32 64 1 7.97907 1
32 65 1 0.232112 1
32 66 1 -4.61091 1
32 67 1 2.63946 1
32 68 1 -0.0844943 1
32 69 1 4.04728 1
32 70 1 -0.71234 1
32 71 1 3.38405 1
32 72 1 -3.75202 1
32 73 1 1.88931 1
32 74 1 -0.768444 1
32 75 1 4.40746 1
32 76 1 -1.61742 1
32 77 1 5.58038 1
32 78 1 0.239937 1
32 79 1 0.444235 1
32 80 1 0.705904 1
32 81 1 -0.0810019 1
32 82 1 -3.24401 1
32 83 1 -2.59296 1
32 84 1 3.19389 1
32 85 1 -0.411728 1
32 86 1 0.354917 1
32 87 1 -1.41022 1
32 88 1 0.736554 1
32 89 1 -2.50759 1
32 90 1 3.53609 1
32 91 1 -3.8604 1
32 92 1 2.52798 1
32 93 1 1.7446 1
32 94 1 0.0837965 1
32 95 1 -1.24819 1
33 64 1 1.58144 1
33 65 1 -6.28694 1
33 66 1 -1.83484 1
33 67 1 -2.34287 1
33 68 1 -0.578954 1
33 69 1 -2.68881 1
33 70 1 1.9831 1
33 71 1 3.79621 1
33 72 1 2.65917 1
33 73 1 3.33676 1
33 74 1 1.13646 1
33 75 1 -6.50537 1
33 76 1 -4.40128 1
33 77 1 1.9034 1
33 78 1 -1.74059 1
33 79 1 -3.58188 1
33 80 1 -0.431624 1
33 81 1 -2.28841 1
33 82 1 0.199477 1
33 83 1 0.89549 1
33 84 1 0.528821 1
33 85 1 1.84159 1
33 86 1 3.56845 1
33 87 1 2.43513 1
33 88 1 2.79769 1
33 89 1 5.08288 1
33 90 1 -3.14397 1
33 91 1 -1.18387 1
33 92 1 0.851455 1
33 93 1 3.08107 1
33 94 1 0.816747 1
33 95 1 -0.0483256 1
33 20 1 -1.94194 1
33 107 1 -0.400007 1
33 13 1 1.92245 1
33 113 1 -2.78986 1
34 64 1 -0.925959 1
34 65 1 -0.773766 1
34 66 1 1.62409 1
34 67 1 0.154098 1
34 68 1 -0.4847 1
34 69 1 -2.00691 1
34 70 1 -1.65217 1
34 71 1 -3.20675 1
34 72 1 -3.10126 1
34 73 1 -3.76959 1
34 74 1 2.28306 1
34 75 1 7.01326 1
34 76 1 -0.619444 1
34 77 1 0.639864 1
34 78 1 -0.933418 1
34 79 1 1.09124 1
34 80 1 2.5522 1
34 81 1 -2.00568 1
34 82 1 1.38366 1
34 83 1 1.59368 1
34 84 1 0.501454 1
34 85 1 0.0757077 1
34 86 1 -0.779691 1
34 87 1 0.416195 1
34 88 1 -0.191773 1
34 89 1 0.246754 1
34 90 1 -6.30859 1
34 91 1 2.89818 1
34 92 1 2.9219 1
34 93 1 -2.44701 1
34 94 1 2.23394 1
34 95 1 1.64693 1
34 113 1 0.23761 1
35 64 1 1.05602 1
35 65 1 -0.88983 1
35 66 1 0.053943 1
35 67 1 5.396 1
35 68 1 3.01789 1
35 69 1 2.24515 1
35 70 1 3.03695 1
35 71 1 3.95619 1
35 72 1 3.73429 1
35 73 1 6.29165 1
35 74 1 0.0407604 1
35 75 1 -1.13393 1
35 76 1 -3.74207 1
35 77 1 0.689073 1
35 78 1 -1.68999 1
35 79 1 2.62288 1
35 80 1 -7.58003 1
35 81 1 -1.09371 1
35 82 1 3.22616 0
35 83 1 -2.5823 1
35 84 1 7.09795 1
35 85 1 -4.33321 1
35 86 1 -1.30547 1
35 87 1 -2.47249 1
35 88 1 -0.559742 1
35 89 1 2.15826 0
35 90 1 0.818981 1
35 91 1 -1.06262 1
35 92 1 -2.15494 1
35 93 1 -4.61107 1
35 94 1 0.00284231 1
35 95 1 0.17175 1
35 130 1 0.845151 1
35 133 1 5.34598 1
133 82 1 2.24095 1
130 89 1 0.763249 1
130 109 1 -0.156338 1
36 64 1 2.74017 1
36 65 1 2.29458 1
36 66 1 1.98835 1
36 67 1 -0.930182 1
36 68 1 -5.11637 1
36 69 1 -2.36979 1
36 70 1 -2.18704 1
36 71 1 2.137 1
36 72 1 -2.23878 1
36 73 1 -0.497541 1
36 74 1 -1.2163 1
36 75 1 -0.642596 1
36 76 1 0.87108 1
36 77 1 -5.59224 1
36 78 1 2.16369 1
36 79 1 4.01892 1
36 80 1 3.323 1
36 81 1 -0.0965264 1
36 82 1 -0.729137 0
36 83 1 0.00759084 1
36 84 1 3.04815 1
36 85 1 -2.28846 1
36 86 1 1.87926 1
36 87 1 0.836986 1
36 88 1 -2.99017 1
36 89 1 -0.307668 1
36 90 1 -4.25868 1
36 91 1 1.14306 1
36 92 1 3.82872 1
36 93 1 3.04268 1
36 94 1 -0.943106 1
36 95 1 7.88249 1
36 109 1 -0.553605 0
36 24 1 -2.77825 1
36 117 1 2.06928 1
117 109 1 1.55536 1
117 4 1 0.596 1
109 82 1 0.56909 1
109 31 1 1.35697 1
37 64 1 -4.62789 1
37 65 1 1.38419 1
37 66 1 -4.76769 1
37 67 1 -1.16653 1
37 68 1 -4.41121 1
37 69 1 2.80336 1
37 70 1 -5.42473 1
37 71 1 -2.12128 1
37 72 1 2.48403 1
37 73 1 2.23542 1
37 74 1 0.0108317 1
37 75 1 -0.349566 1
37 76 1 1.83297 0
37 77 1 4.3586 1
37 78 1 -0.906684 1
37 79 1 1.03511 1
37 80 1 2.06062 1
37 81 1 2.38407 1
37 82 1 3.20122 1
37 83 1 2.70687 1
37 84 1 -4.91321 1
37 85 1 1.39364 1
37 86 1 -0.317136 1
37 87 1 -0.401994 1
37 88 1 -1.38979 1
37 89 1 -3.42529 1
37 90 1 -1.23017 1
37 91 1 0.980948 1
37 92 1 2.87086 1
37 93 1 0.46475 1
37 94 1 -1.93194 1
37 95 1 1.18932 1
37 142 1 2.16452 1
37 160 1 -0.399599 1
142 76 1 -0.0368504 1
142 147 1 -1.11884 1
142 6 1 0.131502 1
38 64 1 0.590943 1
38 65 1 -1.64556 1
38 66 1 -1.893 1
38 67 1 -1.62695 1
38 68 1 -1.66861 1
38 69 1 -4.58703 1
38 70 1 -0.268102 1
38 71 1 -0.637092 1
38 72 1 1.87436 1
38 73 1 2.1445 1
38 74 1 -1.19335 1
38 75 1 3.29333 1
38 76 1 3.43414 1
38 77 1 -1.89928 1
38 78 1 -0.777874 1
38 79 1 -1.85057 1
38 80 1 -2.09537 1
38 81 1 -2.48575 1
38 82 1 1.65212 1
38 83 1 -2.12341 1
38 84 1 -1.78345 1
38 85 1 -2.39417 1
38 86 1 -0.395366 1
38 87 1 0.859935 0
38 88 1 2.26958 1
38 89 1 3.49875 1
38 90 1 -0.653919 1
38 91 1 1.99933 1
38 92 1 3.20315 0
38 93 1 -1.24573 1
38 94 1 0.0188399 1
38 95 1 -2.05986 1
38 148 1 2.60176 1
38 162 1 0.0433251 1
162 87 1 0.0703405 1
148 92 1 3.24717 1
39 64 1 2.05807 1
39 65 1 -2.08012 1
39 66 1 0.796687 1
39 67 1 -1.01427 1
39 68 1 1.1228 1
39 69 1 -0.34747 1
39 70 1 0.0189164 1
39 71 1 -1.5571 1
39 72 1 -3.35412 1
39 73 1 -3.73793 1
39 74 1 0.736631 1
39 75 1 2.96563 0
39 76 1 4.90541 1
39 77 1 0.128343 1
39 78 1 -2.93528 1
39 79 1 -3.5536 1
39 80 1 -0.985783 1
39 81 1 -2.93947 1
39 82 1 -1.49344 1
39 83 1 -1.84531 1
39 84 1 -2.67494 1
39 85 1 0.647067 1
39 86 1 0.852047 1
39 87 1 0.426179 1
39 88 1 -0.763054 1
39 89 1 -0.0697179 1
39 90 1 4.61029 1
39 91 1 0.792585 1
39 92 1 4.44386 1
39 93 1 1.02141 1
39 94 1 -4.14665 1
39 95 1 -2.13295 1
39 2 1 -4.03143 1
39 112 1 3.74365 1
39 13 1 -0.802757 1
39 104 1 -0.312314 1
112 75 1 -2.3627 1
112 138 1 -0.479491 1
112 153 1 -0.672058 0
112 170 1 0.737979 1
170 153 1 -1.15239 1
40 64 1 -5.26463 1
40 65 1 -1.6198 1
40 66 1 2.64489 1
40 67 1 0.559233 1
40 68 1 1.58774 1
40 69 1 2.21577 1
40 70 1 -2.49246 1
40 71 1 1.34711 1
40 72 1 1.75001 1
40 73 1 1.46136 1
40 74 1 -2.48786 1
40 75 1 1.74161 1
40 76 1 -2.30137 1
40 77 1 2.74969 1
40 78 1 4.31647 1
40 79 1 -1.06241 1
40 80 1 1.5897 1
40 81 1 0.87204 1
40 82 1 2.13461 1
40 83 1 -4.11794 1
40 84 1 -1.20717 1
40 85 1 0.632823 1
40 86 1 2.52049 1
40 87 1 0.99136 1
40 88 1 1.54167 1
40 89 1 -1.55944 1
40 90 1 -1.39967 1
40 91 1 -2.03605 1
40 92 1 -4.23391 1
40 93 1 1.54213 1
40 94 1 -0.790588 1
40 95 1 2.88093 1
40 2 1 0.020859 1
40 134 1 1.65627 1
41 64 1 5.05162 1
41 65 1 -0.020145 1
41 66 1 1.80056 1
41 67 1 1.10999 1
41 68 1 2.09363 1
41 69 1 -1.35697 1
41 70 1 0.206199 1
41 71 1 0.250493 1
41 72 1 4.77747 1
41 73 1 -6.20402 1
41 74 1 1.07723 1
41 75 1 3.60795 1
41 76 1 -4.63598 1
41 77 1 -0.461112 1
41 78 1 -3.92592 1
41 79 1 1.50115 1
41 80 1 0.662872 1
41 81 1 3.89356 1
41 82 1 -1.53341 1
41 83 1 2.58084 1
41 84 1 -2.2818 1
41 85 1 -0.144938 1
41 86 1 1.13657 1
41 87 1 1.56011 1
41 88 1 3.88122 1
41 89 1 -1.40513 1
41 90 1 -1.5889 1
41 91 1 1.73159 1
41 92 1 0.195272 1
41 93 1 0.362286 1
41 94 1 -1.6078 1
41 95 1 0.376026 1
41 11 1 1.99447 1
41 29 1 -2.62259 1
41 97 1 -1.89012 1
42 64 1 1.51057 1
42 65 1 -0.519225 1
42 66 1 -1.4037 1
42 67 1 1.68368 1
42 68 1 -2.26729 1
42 69 1 1.33601 1
42 70 1 -0.730692 1
42 71 1 -1.02378 1
42 72 1 -1.13326 1
42 73 1 -1.91238 1
42 74 1 4.46244 1
42 75 1 -3.28889 1
42 76 1 -4.1023 1
42 77 1 0.457657 1
42 78 1 -2.02971 1
42 79 1 0.83718 1
42 80 1 -1.06144 1
42 81 1 2.83836 1
42 82 1 4.53548 1
42 83 1 3.32114 1
42 84 1 1.78731 1
42 85 1 0.222374 1
42 86 1 1.96014 1
42 87 1 -2.34681 1
42 88 1 -2.36836 1
42 89 1 -0.526148 1
42 90 1 3.28078 1
42 91 1 1.79531 1
42 92 1 0.382004 1
42 93 1 2.05199 1
42 94 1 -3.70632 1
42 95 1 0.153393 1
43 64 1 1.91541 1
43 65 1 -2.39444 1
43 66 1 3.45625 1
43 67 1 1.01395 1
43 68 1 0.699216 1
43 69 1 -1.49971 1
43 70 1 0.148162 1
43 71 1 -3.22789 1
43 72 1 0.728739 1
43 73 1 -6.99248 1
43 74 1 2.1032 1
43 75 1 -1.83941 1
43 76 1 -2.29111 1
43 77 1 0.459676 1
43 78 1 1.1154 1
43 79 1 -3.7139 1
43 80 1 -0.451324 1
43 81 1 2.12353 1
43 82 1 2.45266 1
43 83 1 -1.52344 1
43 84 1 -1.15608 1
43 85 1 2.95724 1
43 86 1 2.05702 1
43 87 1 6.58917 1
43 88 1 1.88248 1
43 89 1 2.72566 1
43 90 1 0.499151 1
43 91 1 -3.31056 1
43 92 1 3.34899 1
43 93 1 1.90982 1
43 94 1 -2.55396 1
43 95 1 1.32497 1
44 64 1 0.107082 1
44 65 1 -4.69362 1
44 66 1 -0.46446 1
44 67 1 -2.86677 1
44 68 1 0.597516 1
44 69 1 -1.07805 1
44 70 1 3.34988 1
44 71 1 2.75182 1
44 72 1 -3.00463 1
44 73 1 3.43849 1
44 74 1 -1.84324 1
44 75 1 -3.72199 1
44 76 1 0.724882 1
44 77 1 3.69723 1
44 78 1 2.94235 1
44 79 1 1.24846 1
44 80 1 3.90317 1
44 81 1 -2.23969 1
44 82 1 1.39145 1
44 83 1 -1.47218 1
44 84 1 -0.265794 1
44 85 1 -0.0629219 1
44 86 1 2.56125 1
44 87 1 0.979568 1
44 88 1 0.180068 1
44 89 1 2.50327 1
44 90 1 1.31909 1
44 91 1 2.20615 1
44 92 1 -1.34272 1
44 93 1 3.8103 1
44 94 1 -2.46886 1
44 95 1 -1.5947 1
44 8 1 -2.1134 1
44 29 1 1.78041 1
45 64 1 -1.53948 1
45 65 1 0.0795331 1
45 66 1 0.0880317 1
45 67 1 3.23183 1
45 68 1 -0.486689 1
45 69 1 -6.05583 1
45 70 1 -2.58924 1
45 71 1 0.621992 1
45 72 1 -4.43018 1
45 73 1 3.36758 1
45 74 1 3.93272 1
45 75 1 4.08615 1
45 76 1 -1.70002 1
45 77 1 -1.17548 1
45 78 1 -3.16124 1
45 79 1 2.62191 1
45 80 1 -2.08636 1
45 81 1 1.39224 1
45 82 1 0.347705 1
45 83 1 -5.1717 1
45 84 1 0.547118 1
45 85 1 -2.58224 1
45 86 1 0.197494 1
45 87 1 1.13319 1
45 88 1 1.81991 1
45 89 1 -3.38896 1
45 90 1 0.254258 1
45 91 1 4.4217 1
45 92 1 -3.60197 1
45 93 1 -6.34664 1
45 94 1 1.71316 1
45 95 1 -4.53219 1
45 9 1 6.61141 1
45 20 1 1.12571 1
45 17 1 -0.250375 1
46 64 1 0.302936 1
46 65 1 -0.0657814 1
46 66 1 2.40996 1
46 67 1 2.67436 1
46 68 1 -6.13595 1
46 69 1 -0.91886 1
46 70 1 0.174644 1
46 71 1 -2.98198 1
46 72 1 4.17376 1
46 73 1 -4.58422 1
46 74 1 -1.4099 1
46 75 1 -0.431487 1
46 76 1 -5.95241 1
46 77 1 4.52099 1
46 78 1 0.185746 1
46 79 1 -0.805483 1
46 80 1 2.2979 1
46 81 1 2.37688 1
46 82 1 -0.836315 1
46 83 1 4.01259 1
46 84 1 -0.432477 1
46 85 1 2.13812 1
46 86 1 -1.28548 1
46 87 1 4.56963 1
46 88 1 1.09704 1
46 89 1 -5.07589 1
46 90 1 -3.29587 1
46 91 1 -0.38544 1
46 92 1 -0.256843 1
46 93 1 -1.67567 1
46 94 1 0.906638 1
46 95 1 -1.87167 1
46 24 1 2.05105 1
47 64 1 0.0623567 1
47 65 1 0.447902 1
47 66 1 -0.66514 1
47 67 1 2.2971 1
47 68 1 -0.470691 1
47 69 1 3.43874 1
47 70 1 -2.37103 1
47 71 1 0.52268 1
47 72 1 -0.118077 1
47 73 1 6.35451 0
47 74 1 -1.7334 1
47 75 1 -0.976974 1
47 76 1 -3.65806 1
47 77 1 -8.67072 1
47 78 1 -2.86908 1
47 79 1 0.988667 1
47 80 1 4.38126 1
47 81 1 -3.92278 1
47 82 1 1.65269 1
47 83 1 0.536373 1
47 84 1 -4.75593 1
47 85 1 -0.527086 1
47 86 1 -1.85376 1
47 87 1 6.00786 1
47 88 1 4.29606 1
47 89 1 0.804403 1
47 90 1 5.63465 1
47 91 1 0.58652 1
47 92 1 0.637347 1
47 93 1 0.482659 1
47 94 1 2.53317 1
47 95 1 -1.85674 1
47 4 1 0.0118628 1
47 137 1 1.58143 1
137 73 1 3.73097 0
137 156 1 -0.051027 1
156 73 1 2.91348 1
156 15 1 -1.3581 1
48 64 1 -1.43169 1
48 65 1 -0.783431 1
48 66 1 2.66448 1
48 67 1 -3.65443 1
48 68 1 -6.51428 1
48 69 1 -4.97984 1
48 70 1 0.359486 1
48 71 1 1.43107 1
48 72 1 -7.23712 1
48 73 1 3.92726 1
48 74 1 4.4537 1
48 75 1 -5.14018 1
48 76 1 -0.109413 1
48 77 1 -0.446062 1
48 78 1 -0.741682 1
48 79 1 3.77185 1
48 80 1 -1.06874 1
48 81 1 -3.7053 1
48 82 1 0.0382573 1
48 83 1 1.0038 1
48 84 1 0.124851 1
48 85 1 0.186625 1
48 86 1 -0.860664 1
48 87 1 0.640215 1
48 88 1 -1.8508 1
48 89 1 -0.86884 1
48 90 1 1.95765 1
48 91 1 0.551399 1
48 92 1 -5.14116 1
48 93 1 0.166711 1
48 94 1 5.59592 1
48 95 1 1.91414 1
48 16 1 1.55152 1
48 12 1 1.45681 1
48 14 1 -1.46834 1
48 30 1 1.61626 1
49 64 1 -1.12778 1
49 65 1 -4.21065 1
49 66 1 0.521218 1
49 67 1 -0.267447 1
49 68 1 -4.1293 1
49 69 1 1.52634 1
49 70 1 -0.199338 1
49 71 1 -3.00983 1
49 72 1 -2.31184 1
49 73 1 0.70394 1
49 74 1 2.72338 1
49 75 1 1.45092 1
49 76 1 -7.01612 1
49 77 1 -4.60188 1
49 78 1 -0.53485 0
49 79 1 3.35975 1
49 80 1 5.02236 1
49 81 1 -4.17418 1
49 82 1 0.936614 1
49 83 1 -0.949837 1
49 84 1 2.34621 1
49 85 1 -1.9121 1
49 86 1 -1.70024 1
49 87 1 -2.21303 1
49 88 1 0.789374 1
49 89 1 1.38626 1
49 90 1 -1.91108 1
49 91 1 2.83182 1
49 92 1 3.54356 1
49 93 1 0.830652 1
49 94 1 1.46242 1
49 95 1 4.59381 1
49 19 1 -1.06706 1
49 31 1 -1.20582 1
49 15 1 -2.14151 1
49 158 1 0.991197 1
49 26 1 -0.974409 1
49 144 1 -2.38324 1
158 78 1 -0.884011 1
50 64 1 -5.67569 1
50 65 1 -1.8075 1
50 66 1 0.503461 1
50 67 1 -1.50734 1
50 68 1 1.3404 1
50 69 1 -1.60871 1
50 70 1 -0.367207 1
50 71 1 6.67162 1
50 72 1 -2.96453 1
50 73 1 4.42721 1
50 74 1 -0.972873 1
50 75 1 2.42194 1
50 76 1 -0.290284 1
50 77 1 -0.988769 1
50 78 1 2.17926 1
50 79 1 -1.2419 1
50 80 1 2.35358 1
50 81 1 0.251727 1
50 82 1 -2.42497 1
50 83 1 2.53066 1
50 84 1 -0.196866 1
50 85 1 3.1836 1
50 86 1 3.08081 1
50 87 1 -3.14711 1
50 88 1 -2.9207 1
50 89 1 0.332953 1
50 90 1 0.37417 1
50 91 1 0.235017 1
50 92 1 1.1602 1
50 93 1 -2.69708 1
50 94 1 -2.98971 1
50 95 1 1.73036 1
50 4 1 5.48756 1
50 22 1 -0.0542889 1
51 64 1 -1.66472 1
51 65 1 3.64865 1
51 66 1 3.84644 1
51 67 1 -1.22802 1
51 68 1 -0.55437 1
51 69 1 0.040862 1
51 70 1 1.30063 1
51 71 1 5.26045 1
51 72 1 -4.86483 1
51 73 1 -1.88789 0
51 74 1 -2.92052 1
51 75 1 3.7674 1
51 76 1 -2.67537 1
51 77 1 3.29459 1
51 78 1 5.13914 1
51 79 1 -1.05026 1
51 80 1 0.974135 1
51 81 1 -3.09263 1
51 82 1 -0.715197 1
51 83 1 5.1221 1
51 84 1 -1.50108 1
51 85 1 -0.724352 1
51 86 1 -1.57727 1
51 87 1 2.16064 1
51 88 1 -0.496357 1
51 89 1 0.231235 1
51 90 1 -0.427086 1
51 91 1 -1.50069 1
51 92 1 1.30696 1
51 93 1 3.66611 1
51 94 1 -4.48855 1
51 95 1 -3.2617 1
51 116 1 1.27538 1
51 12 1 -1.14855 1
116 73 1 -1.44026 0
116 134 1 2.27853 1
134 73 1 4.40936 1
134 128 1 1.75799 1
52 64 1 -3.3652 1
52 65 1 3.35953 1
52 66 1 0.46005 1
52 67 1 0.836831 1
52 68 1 1.32327 1
52 69 1 5.21088 1
52 70 1 4.30333 1
52 71 1 -1.36184 1
52 72 1 -1.72363 1
52 73 1 2.43388 1
52 74 1 3.76569 1
52 75 1 2.12149 1
52 76 1 -5.05288 1
52 77 1 0.185948 1
52 78 1 3.82026 1
52 79 1 -1.35207 1
52 80 1 -0.934433 1
52 81 1 -0.000658051 1
52 82 1 -1.8679 1
52 83 1 -1.15738 1
52 84 1 0.266085 1
52 85 1 0.129764 1
52 86 1 -6.53479 1
52 87 1 -0.230067 1
52 88 1 1.47455 1
52 89 1 0.576524 1
52 90 1 -0.27132 1
52 91 1 -0.797108 1
52 92 1 0.475497 1
52 93 1 -3.37042 0
52 94 1 3.02609 1
52 95 1 1.20077 1
52 115 1 0.853432 1
52 139 1 1.90269 1
52 23 1 -1.70434 1
139 93 1 -1.48627 1
53 64 1 -2.58123 1
53 65 1 0.0758769 1
53 66 1 -0.967458 1
53 67 1 -2.30486 1
53 68 1 0.610591 1
53 69 1 1.54919 1
53 70 1 0.275054 0
53 71 1 0.499281 1
53 72 1 -1.90489 1
53 73 1 0.85106 1
53 74 1 0.00156973 1
53 75 1 -3.7226 1
53 76 1 0.00273842 1
53 77 1 2.57111 1
53 78 1 -0.0718794 1
53 79 1 0.548893 1
53 80 1 1.1659 1
53 81 1 1.55349 1
53 82 1 2.45254 1
53 83 1 0.39301 1
53 84 1 0.735137 1
53 85 1 2.48026 1
53 86 1 1.51848 1
53 87 1 0.170005 1
53 88 1 -0.523658 1
53 89 1 0.0735672 1
53 90 1 -3.32816 1
53 91 1 0.407792 1
53 92 1 2.78867 1
53 93 1 -2.01918 1
53 94 1 -0.0883274 1
53 95 1 -2.02134 1
53 20 1 5.14724 1
53 23 1 0.217727 1
53 149 1 -0.765935 1
149 70 1 -2.06855 0
149 153 1 1.74451 1
149 126 1 -0.108497 1
153 70 1 0.212501 1
54 64 1 1.73311 1
54 65 1 0.307632 1
54 66 1 -2.15992 1
54 67 1 2.59481 1
54 68 1 5.52265 1
54 69 1 -4.43529 1
54 70 1 1.97491 1
54 71 1 4.74969 1
54 72 1 1.31856 1
54 73 1 1.77374 1
54 74 1 0.516481 1
54 75 1 -1.94956 1
54 76 1 -2.94592 1
54 77 1 1.47542 1
54 78 1 -0.728843 1
54 79 1 2.42733 1
54 80 1 0.417731 1
54 81 1 4.09894 1
54 82 1 -2.13124 1
54 83 1 4.5171 1
54 84 1 1.48546 1
54 85 1 -0.174133 1
54 86 1 -3.75578 1
54 87 1 0.0611771 1
54 88 1 1.64782 1
54 89 1 3.61923 1
54 90 1 -3.02637 1
54 91 1 3.71475 1
54 92 1 -1.01918 1
54 93 1 2.66227 1
54 94 1 -3.14833 1
54 95 1 -2.39904 1
54 30 1 0.617504 1
54 144 1 1.01063 1
55 64 1 0.595669 1
55 65 1 -2.58838 1
55 66 1 -3.54186 1
55 67 1 -1.06413 1
55 68 1 -0.629801 1
55 69 1 1.20684 1
55 70 1 3.32577 1
55 71 1 -3.74138 1
55 72 1 3.25024 1
55 73 1 -0.33134 1
55 74 1 2.07117 1
55 75 1 -2.60191 1
55 76 1 -4.52004 1
55 77 1 1.42915 1
55 78 1 0.511625 1
55 79 1 3.52609 1
55 80 1 -1.26025 1
55 81 1 2.43442 1
55 82 1 -1.01752 1
55 83 1 1.15382 1
55 84 1 -0.0908469 1
55 85 1 -6.57368 1
55 86 1 1.8851 1
55 87 1 -0.721234 1
55 88 1 -4.61608 1
55 89 1 1.14113 1
55 90 1 -0.961121 1
55 91 1 1.08957 1
55 92 1 7.44156 1
55 93 1 -4.00882 1
55 94 1 -3.79548 1
55 95 1 -1.03024 0
55 28 1 5.23345 1
55 114 1 0.443458 1
55 0 1 -3.68038 1
55 2 1 0.735682 1
114 95 1 0.304568 1
56 64 1 4.40855 1
56 65 1 -7.5566 1
56 66 1 1.16714 1
56 67 1 -1.04781 1
56 68 1 1.24164 0
56 69 1 -3.11914 1
56 70 1 0.368364 1
56 71 1 1.77884 1
56 72 1 -1.74298 1
56 73 1 0.567417 1
56 74 1 3.20286 1
56 75 1 4.44446 1
56 76 1 -3.02708 1
56 77 1 -2.36152 1
56 78 1 -2.58872 1
56 79 1 -0.799958 1
56 80 1 -1.16054 1
56 81 1 6.06454 1
56 82 1 2.56814 1
56 83 1 -1.01793 1
56 84 1 -1.70306 1
56 85 1 -0.922319 1
56 86 1 1.597 1
56 87 1 0.0934757 1
56 88 1 0.207319 1
56 89 1 0.728271 1
56 90 1 -0.87826 1
56 91 1 -1.01682 1
56 92 1 -0.557506 1
56 93 1 3.57142 1
56 94 1 -1.54107 1
56 95 1 -1.58864 1
56 3 1 -2.6183 1
56 126 1 5.04986 1
56 0 1 -0.447892 1
126 68 1 2.86423 1
126 11 1 -3.20458 1
57 64 1 -3.97234 1
57 65 1 6.11131 1
57 66 1 -1.33758 1
57 67 1 -1.63421 1
57 68 1 0.737691 1
57 69 1 -1.39983 0
57 70 1 1.53431 1
57 71 1 3.23578 1
57 72 1 0.802108 1
57 73 1 -3.00417 1
57 74 1 2.13926 1
57 75 1 5.33541 1
57 76 1 5.14133 1
57 77 1 -5.84807 1
57 78 1 2.39822 1
57 79 1 -1.88928 1
57 80 1 1.54573 1
57 81 1 2.94073 1
57 82 1 4.70263 1
57 83 1 -2.24748 1
57 84 1 0.361688 1
57 85 1 -3.14343 1
57 86 1 -0.662407 1
57 87 1 -0.000221705 1
57 88 1 0.803508 1
57 89 1 0.780402 1
57 90 1 1.12634 1
57 91 1 -4.63519 1
57 92 1 -2.58236 1
57 93 1 -2.34324 1
57 94 1 -1.62113 1
57 95 1 4.32173 1
57 104 1 4.80398 1
57 22 1 -0.159217 1
104 69 1 3.45542 1
104 1 1 2.46469 1
104 107 1 -0.17777 1
58 64 1 6.91931 1
58 65 1 -1.59385 1
58 66 1 -1.57907 1
58 67 1 -0.511917 1
58 68 1 -2.80609 1
58 69 1 -0.704213 1
58 70 1 -0.635193 1
58 71 1 1.73236 1
58 72 1 0.968665 1
58 73 1 -2.47428 1
58 74 1 1.3493 1
58 75 1 2.17874 1
58 76 1 2.8832 1
58 77 1 0.728222 1
58 78 1 -3.61121 1
58 79 1 -1.30394 0
58 80 1 -4.03856 1
58 81 1 3.35388 1
58 82 1 1.8447 1
58 83 1 -0.182622 1
58 84 1 -3.48385 1
58 85 1 0.367445 1
58 86 1 1.75495 1
58 87 1 -2.62936 1
58 88 1 -3.80028 1
58 89 1 -3.09204 1
58 90 1 -0.471222 1
58 91 1 -2.71323 1
58 92 1 1.99852 1
58 93 1 1.14521 1
58 94 1 -1.09471 1
58 95 1 2.13193 1
58 128 1 1.75386 1
58 115 1 0.507791 1
128 79 1 0.168557 0
128 131 1 2.04711 1
131 79 1 1.07298 0
131 160 1 0.502651 1
160 79 1 3.12391 1
160 125 1 1.22004 1
59 64 1 -3.52382 1
59 65 1 1.92302 1
59 66 1 3.70841 1
59 67 1 -3.33466 1
59 68 1 2.21454 1
59 69 1 -3.3228 1
59 70 1 -2.11635 1
59 71 1 1.75021 1
59 72 1 1.13885 1
59 73 1 0.0102618 1
59 74 1 1.47397 1
59 75 1 0.0751963 1
59 76 1 2.8776 1
59 77 1 0.776876 0
59 78 1 1.95278 1
59 79 1 -2.59296 1
59 80 1 0.282868 1
59 81 1 1.73477 1
59 82 1 -5.19922 1
59 83 1 4.2371 1
59 84 1 0.58404 1
59 85 1 -3.3815 1
59 86 1 -4.48407 1
59 87 1 1.30969 1
59 88 1 2.58626 1
59 89 1 0.608952 1
59 90 1 0.0667087 1
59 91 1 -1.17344 1
59 92 1 1.54625 1
59 93 1 3.21638 1
59 94 1 -5.16592 1
59 95 1 0.683993 1
59 97 1 -0.29595 1
59 5 1 -4.36429 1
59 11 1 -1.96371 1
59 13 1 2.29597 1
97 77 1 -7.3736 1
97 22 1 -1.28382 1
97 2 1 -6.31514 0
97 99 1 3.25988 1
97 7 1 4.79884 0
97 102 1 2.94135 1
97 17 1 2.72584 1
102 7 1 4.55412 1
99 2 1 0.610493 0
99 108 1 5.78571 1
99 15 1 2.25707 1
108 2 1 -0.653527 0
108 125 1 6.05693 1
125 2 1 2.59231 1
60 64 1 1.19089 1
60 65 1 -0.144148 1
60 66 1 2.53381 1
60 67 1 -1.2779 1
60 68 1 1.73777 1
60 69 1 2.58192 1
60 70 1 -1.51094 1
60 71 1 -0.360492 1
60 72 1 -0.644934 0
60 73 1 1.54531 1
60 74 1 2.17257 1
60 75 1 1.12138 1
60 76 1 -0.789723 1
60 77 1 5.03053 1
60 78 1 -3.74588 1
60 79 1 0.855978 1
60 80 1 -5.4818 1
60 81 1 -0.944386 1
60 82 1 -1.96114 1
60 83 1 1.37471 1
60 84 1 -3.07197 1
60 85 1 3.68204 1
60 86 1 3.66273 1
60 87 1 -1.02304 1
60 88 1 -4.3726 1
60 89 1 1.10811 1
60 90 1 -1.46974 1
60 91 1 1.08869 1
60 92 1 -1.05575 1
60 93 1 0.505202 1
60 94 1 -0.912633 1
60 95 1 0.644011 1
60 24 1 -0.940624 1
60 0 1 2.89841 1
60 115 1 2.15839 1
60 3 1 -1.17669 1
115 72 1 0.0957881 1
115 18 1 1.15819 1
115 14 1 1.67069 1
115 19 1 -1.64713 1
61 64 1 -1.10943 1
61 65 1 0.580433 1
61 66 1 1.62355 1
61 67 1 0.566389 1
61 68 1 -4.29869 1
61 69 1 3.89025 1
61 70 1 2.44422 1
61 71 1 0.858871 1
61 72 1 -1.17965 1
61 73 1 1.02175 1
61 74 1 4.82753 1
61 75 1 4.91608 1
61 76 1 1.52379 1
61 77 1 -2.02 0
61 78 1 -2.39838 1
61 79 1 1.17193 1
61 80 1 -2.40349 1
61 81 1 -0.975376 1
61 82 1 -0.217177 1
61 83 1 -0.561364 1
61 84 1 -2.47848 1
61 85 1 -2.24204 1
61 86 1 -0.838312 1
61 87 1 2.31081 1
61 88 1 -0.759352 1
61 89 1 0.438403 1
61 90 1 -1.38268 1
61 91 1 1.75243 1
61 92 1 -0.229522 1
61 93 1 -0.0558242 1
61 94 1 0.392968 1
61 95 1 -1.76892 1
61 107 1 0.0669035 1
61 113 1 -1.18988 1
61 14 1 -2.1921 1
107 77 1 -6.41462 0
107 113 1 -1.15011 1
107 14 1 -2.85944 1
107 20 1 1.16867 1
113 77 1 -2.16639 0
113 23 1 -1.28095 1
113 147 1 0.717203 1
113 159 1 0.246246 1
159 77 1 -2.41429 0
159 161 1 1.18033 1
161 77 1 -0.891182 1
62 64 1 -0.245573 1
62 65 1 -1.96499 1
62 66 1 3.63694 1
62 67 1 -1.17218 1
62 68 1 1.53075 1
62 69 1 -1.72312 1
62 70 1 -0.301047 1
62 71 1 -3.68351 1
62 72 1 4.17764 1
62 73 1 1.63297 1
62 74 1 2.89685 1
62 75 1 -2.20226 1
62 76 1 3.64278 1
62 77 1 -3.36334 1
62 78 1 -1.55842 1
62 79 1 -2.17256 1
62 80 1 -0.686264 1
62 81 1 1.35309 1
62 82 1 -1.352 1
62 83 1 3.0639 1
62 84 1 -1.23082 0
62 85 1 0.410509 1
62 86 1 3.47232 1
62 87 1 -1.83249 1
62 88 1 0.196834 1
62 89 1 -3.22905 1
62 90 1 -7.35645 1
62 91 1 0.55394 1
62 92 1 -0.413662 1
62 93 1 -0.904787 1
62 94 1 0.623928 1
62 95 1 -2.3794 1
62 5 1 -0.0174645 1
62 138 1 1.29232 0
62 152 1 0.191225 1
62 31 1 -0.414751 1
152 138 1 2.71297 1
138 84 1 -1.6296 1
63 64 1 2.91171 1
63 65 1 -0.469956 1
63 66 1 5.66402 1
63 67 1 -1.18736 1
63 68 1 1.16457 1
63 69 1 -5.32667 1
63 70 1 -2.48394 1
63 71 1 1.49314 1
63 72 1 -0.697664 1
63 73 1 1.89606 1
63 74 1 -7.60393 1
63 75 1 0.644096 1
63 76 1 -1.75983 0
63 77 1 1.05301 1
63 78 1 0.41412 1
63 79 1 -0.35553 1
63 80 1 2.42641 1
63 81 1 -2.74933 1
63 82 1 1.86941 1
63 83 1 -4.84005 1
63 84 1 -2.53714 1
63 85 1 -4.12927 1
63 86 1 5.73099 1
63 87 1 -3.01096 0
63 88 1 -0.949581 1
63 89 1 -3.31791 1
63 90 1 -0.059403 1
63 91 1 -1.35019 1
63 92 1 1.35188 1
63 93 1 1.57981 1
63 94 1 -0.29939 1
63 95 1 -1.49674 1
63 141 1 4.70077 1
63 144 1 1.2528 1
144 76 1 -1.17793 0
144 147 1 3.70827 1
147 76 1 -2.21383 1
147 9 1 -0.991117 1
141 87 1 -6.61425 1
141 10 1 0.650579 1
