171 64 32
2.6563 -2.50326 -5.00821 4.72408 -5.89823 4.05784 -0.862769 3.82877 -0.335777 3.52331 2.99333 5.99999 -4.32712 -5.00301 -3.15688 -2.83139 2.26404 0.798551 -0.840162 -1.16909 0.700084 0.130425 -0.694174 0.174684 -7.54645 -0.319992 3.32746 0.548501 -2.6691 -3.60935 -4.19294 -0.869531 -1.33848 0.524381 1.46649 3.01471 -4.11882 0.28193 -1.09003 -0.958973 -0.274956 1.81569 -1.56914 -4.24578 -4.68191 -1.96794 -5.5122 3.22511 0.629577 2.28202 0.612688 -4.76701 -4.72941 -0.155254 -0.131887 3.3418 -3.35932 2.56264 0.806065 -1.07723 3.01305 -3.00911 -1.42142 -3.76029 -4.90712 -2.85754 5.93953 3.37752 -2.94978 3.8614 -2.69608 -4.56039 -2.65467 -2.50361 3.46913 4.6036 -0.365131 -0.476338 -1.0938 -4.80156 1.96135 0.93278 -4.65315 0.34114 2.79629 1.01549 -4.83969 -0.591716 4.59618 0.666676 -1.47889 2.84052 -1.12654 -1.49244 0.556786 -0.666601 -1.26691 -1.38539 -1.56656 -1.54884 1.66186 -3.30373 -4.96867 -2.26708 -4.72556 2.59634 -0.378032 -3.85927 -2.38896 -0.367786 -2.53268 2.3175 3.63954 -5.09764 2.01303 -0.256513 -3.74737 0.418492 -0.562736 -1.34665 4.0357 -1.79418 -1.21941 0.546879 1.28439 4.51429 0.901021 1.10613 0.391543 3.88094 0.669965 -0.661013 -0.801829 0.55937 -1.22097 -1.0432 -0.329146 -0.656796 -2.54549 0.0114181 2.20201 -1.97939 -0.464603 -2.17201 0.456275 0.69442 -0.133688 -1.34166 1.75151 -2.00149 -0.377884 -0.217897 1.13071 -0.797265 0.737054 -0.849631 0.289041 1.56775 0.397314 1.02757 0.0861226 -0.655991 -0.12014 1.61037 1.39576 0.454529 1.10939 0.526905 0.916622 -0.249571 -0.265481 
0 64 1 -3.65081 1
0 65 1 -0.177054 1
0 66 1 2.51708 1
0 67 1 1.67815 1
0 68 1 -2.23757 1
0 69 1 2.74567 1
0 70 1 1.98014 1
0 71 1 1.55126 1
0 72 1 0.36928 1
0 73 1 -1.2717 1
0 74 1 -2.0372 1
0 75 1 1.51447 1
0 76 1 2.10716 1
0 77 1 1.49718 1
0 78 1 -2.166 1
0 79 1 -0.21429 1
0 80 1 3.32648 1
0 81 1 3.38042 1
0 82 1 5.84649 1
0 83 1 1.40619 1
0 84 1 -1.21809 1
0 85 1 5.83392 1
0 86 1 -1.0485 1
0 87 1 -2.82613 1
0 88 1 1.11099 1
0 89 1 3.78492 1
0 90 1 4.37366 1
0 91 1 5.60555 1
0 92 1 -4.33147 1
0 93 1 -2.255 1
0 94 1 2.55871 1
0 95 1 -0.0601438 1
0 10 1 -3.43903 1
1 64 1 -0.615929 1
1 65 1 -3.9514 1
1 66 1 2.47417 1
1 67 1 -4.49201 1
1 68 1 5.30944 1
1 69 1 -1.75324 1
1 70 1 3.42593 1
1 71 1 -1.5216 1
1 72 1 -2.59752 1
1 73 1 -1.78325 1
1 74 1 -2.8264 1
1 75 1 3.24878 1
1 76 1 -2.92261 1
1 77 1 7.2538 1
1 78 1 -0.866026 1
1 79 1 -1.15796 1
1 80 1 -2.82158 1
1 81 1 1.33468 1
1 82 1 -0.599049 1
1 83 1 -5.36409 1
1 84 1 -3.26796 1
1 85 1 -0.946268 1
1 86 1 2.31673 1
1 87 1 -0.208574 1
1 88 1 -0.412577 1
1 89 1 3.64817 1
1 90 1 -1.13278 1
1 91 1 -2.55644 1
1 92 1 -0.490109 1
1 93 1 2.71853 1
1 94 1 -3.04282 1
1 95 1 -5.99728 1
1 27 1 0.368159 1
2 64 1 0.636394 1
2 65 1 -2.93159 1
2 66 1 -5.30452 1
2 67 1 -2.29329 1
2 68 1 -2.96315 1
2 69 1 0.824558 1
2 70 1 -1.43593 1
2 71 1 3.2388 1
2 72 1 -2.22843 1
2 73 1 -2.12643 1
2 74 1 -3.99782 1
2 75 1 -0.703951 1
2 76 1 -4.65298 1
2 77 1 -2.4732 1
2 78 1 0.184883 1
2 79 1 -3.04821 1
2 80 1 -5.80035 1
2 81 1 -5.86287 1
2 82 1 -0.922387 1
2 83 1 -3.45852 1
2 84 1 0.0830652 1
2 85 1 3.36126 1
2 86 1 -0.0636668 1
2 87 1 -0.125378 1
2 88 1 0.139675 1
2 89 1 -4.46808 1
2 90 1 -4.36797 1
2 91 1 -0.799154 1
2 92 1 2.39405 1
2 93 1 -2.50971 1
2 94 1 2.87927 1
2 95 1 -1.07362 1
2 100 1 -0.607296 1
2 6 1 4.57667 1
2 110 1 -1.22454 1
3 64 1 -1.45102 1
3 65 1 -1.80746 1
3 66 1 -0.807621 1
3 67 1 0.162992 1
3 68 1 5.77757 1
3 69 1 -3.13062 1
3 70 1 -2.85988 1
3 71 1 -0.32074 1
3 72 1 8.86259 1
3 73 1 -0.17009 1
3 74 1 -0.346575 1
3 75 1 3.94903 1
3 76 1 0.0861998 1
3 77 1 -0.20596 1
3 78 1 -1.80715 1
3 79 1 0.716805 1
3 80 1 -3.61502 1
3 81 1 -0.578536 1
3 82 1 6.17619 1
3 83 1 2.68158 1
3 84 1 -0.672837 1
3 85 1 -4.40147 1
3 86 1 0.131127 1
3 87 1 3.50903 1
3 88 1 -2.45195 1
3 89 1 2.81111 1
3 90 1 2.05504 1
3 91 1 2.93569 1
3 92 1 1.21456 1
3 93 1 -1.94559 1
3 94 1 -1.78922 1
3 95 1 3.67631 0
3 110 1 3.13383 1
110 95 1 -1.07514 0
110 111 1 -1.29744 0
110 132 1 2.89704 1
110 152 1 -0.291352 1
110 126 1 -0.943929 1
110 20 1 -0.939871 1
110 16 1 1.81149 1
132 111 1 2.57153 1
111 95 1 -2.14446 1
4 64 1 1.68438 1
4 65 1 -0.407824 1
4 66 1 -0.273725 1
4 67 1 4.11431 1
4 68 1 0.758029 1
4 69 1 1.73217 1
4 70 1 -1.48817 1
4 71 1 -0.270111 1
4 72 1 -2.19995 1
4 73 1 -1.88492 0
4 74 1 0.0856776 1
4 75 1 -6.02469 0
4 76 1 -0.0937949 1
4 77 1 4.31517 1
4 78 1 -0.833266 1
4 79 1 1.23811 1
4 80 1 -4.9864 1
4 81 1 1.91134 1
4 82 1 0.399905 1
4 83 1 -1.55266 1
4 84 1 -2.2421 1
4 85 1 1.01371 1
4 86 1 1.65351 1
4 87 1 -1.75193 1
4 88 1 -2.34737 1
4 89 1 -1.43344 1
4 90 1 2.65664 1
4 91 1 -2.74225 1
4 92 1 -0.251061 1
4 93 1 1.23138 0
4 94 1 -3.16544 1
4 95 1 2.77723 1
4 101 1 3.23387 1
4 17 1 4.45097 1
4 118 1 1.32942 1
4 145 1 0.822323 1
4 119 1 -0.341943 1
145 93 1 -1.23894 1
118 73 1 -3.40845 1
101 75 1 1.30897 1
5 64 1 -1.04915 1
5 65 1 6.81416 1
5 66 1 -1.49437 1
5 67 1 8.82217 1
5 68 1 2.86802 1
5 69 1 4.93836 1
5 70 1 -0.232467 1
5 71 1 -0.915339 1
5 72 1 1.20373 1
5 73 1 -0.45223 1
5 74 1 -0.881707 1
5 75 1 2.71425 1
5 76 1 3.18876 1
5 77 1 1.07063 1
5 78 1 0.718911 1
5 79 1 0.268624 1
5 80 1 1.6616 1
5 81 1 -0.659787 1
5 82 1 0.0416152 1
5 83 1 4.8695 1
5 84 1 3.0594 1
5 85 1 2.95256 1
5 86 1 -0.068902 1
5 87 1 2.17702 1
5 88 1 0.572608 1
5 89 1 -4.21375 1
5 90 1 -2.74227 1
5 91 1 -0.368928 1
5 92 1 -0.60096 1
5 93 1 1.22731 1
5 94 1 -1.26382 1
5 95 1 -0.725814 1
5 28 1 2.6789 1
6 64 1 -0.200568 1
6 65 1 -1.10691 1
6 66 1 2.30515 1
6 67 1 3.37426 1
6 68 1 -4.01315 1
6 69 1 -2.82287 1
6 70 1 -3.78896 1
6 71 1 0.946379 1
6 72 1 2.56065 1
6 73 1 -3.69263 1
6 74 1 -5.41701 1
6 75 1 1.65196 1
6 76 1 5.05244 1
6 77 1 -2.10333 1
6 78 1 -0.297879 1
6 79 1 -2.96031 1
6 80 1 3.65102 1
6 81 1 -0.724479 1
6 82 1 0.454619 1
6 83 1 2.13706 1
6 84 1 2.15062 1
6 85 1 -4.79297 1
6 86 1 -0.0976777 1
6 87 1 4.45917 1
6 88 1 -2.52583 1
6 89 1 -1.84899 1
6 90 1 4.25581 1
6 91 1 -0.266339 1
6 92 1 3.97982 1
6 93 1 -4.13653 1
6 94 1 -2.88238 1
6 95 1 2.34683 1
6 26 1 0.52454 1
7 64 1 3.41357 1
7 65 1 2.14408 1
7 66 1 0.885373 1
7 67 1 -6.24394 1
7 68 1 -1.96196 1
7 69 1 -2.53113 1
7 70 1 5.95174 1
7 71 1 4.11341 1
7 72 1 3.15627 1
7 73 1 -1.49712 1
7 74 1 -2.65124 1
7 75 1 0.0323953 0
7 76 1 1.69051 1
7 77 1 2.17006 1
7 78 1 2.51656 1
7 79 1 3.13855 1
7 80 1 -1.00693 1
7 81 1 1.99746 1
7 82 1 -4.896 0
7 83 1 0.492035 0
7 84 1 -2.01907 1
7 85 1 3.08018 1
7 86 1 0.548372 1
7 87 1 5.09603 1
7 88 1 -2.6448 1
7 89 1 -3.27107 1
7 90 1 1.51386 1
7 91 1 -2.00855 1
7 92 1 1.8156 1
7 93 1 -2.28772 1
7 94 1 -1.3964 1
7 95 1 1.55882 1
7 100 1 0.37897 1
7 127 1 2.67084 1
7 164 1 1.57273 1
164 75 1 0.475737 1
127 82 1 -5.15532 0
127 169 1 0.618173 1
169 82 1 -4.90136 1
100 83 1 4.04545 0
100 24 1 -1.53744 0
100 106 1 4.6439 1
100 166 1 1.50812 1
166 83 1 3.37981 1
106 24 1 -6.99229 1
106 6 1 -2.23805 1
8 64 1 2.41525 1
8 65 1 -3.69181 1
8 66 1 -0.0869372 1
8 67 1 0.668947 1
8 68 1 -1.71253 1
8 69 1 4.00532 1
8 70 1 1.8934 1
8 71 1 4.52335 1
8 72 1 3.99774 1
8 73 1 -2.94222 1
8 74 1 -2.36061 1
8 75 1 -2.71968 1
8 76 1 0.576792 1
8 77 1 3.91732 1
8 78 1 1.27237 1
8 79 1 -2.65585 1
8 80 1 1.6249 1
8 81 1 -3.66474 1
8 82 1 -1.41819 1
8 83 1 -3.81287 1
8 84 1 1.92274 1
8 85 1 8.96593 1
8 86 1 5.46222 1
8 87 1 3.28605 1
8 88 1 -1.70474 1
8 89 1 3.99316 1
8 90 1 0.037636 1
8 91 1 -0.287649 1
8 92 1 2.71239 1
8 93 1 5.01964 1
8 94 1 4.69924 1
8 95 1 -1.36902 1
8 17 1 -0.669556 1
9 64 1 -4.15988 1
9 65 1 -1.78749 1
9 66 1 0.977596 1
9 67 1 0.583082 1
9 68 1 -1.77006 1
9 69 1 -1.14786 1
9 70 1 -6.88977 1
9 71 1 -2.21895 1
9 72 1 3.46516 1
9 73 1 -0.542439 1
9 74 1 -0.65732 1
9 75 1 2.28703 1
9 76 1 3.88958 1
9 77 1 1.10829 1
9 78 1 3.39507 1
9 79 1 1.01008 0
9 80 1 -0.932664 1
9 81 1 1.09998 1
9 82 1 -2.77591 1
9 83 1 -2.01206 1
9 84 1 3.32259 1
9 85 1 1.11431 1
9 86 1 -0.313173 1
9 87 1 -0.444826 1
9 88 1 3.07684 1
9 89 1 4.31035 1
9 90 1 -0.805555 1
9 91 1 0.865614 1
9 92 1 -2.00731 1
9 93 1 -0.306738 1
9 94 1 -4.28591 1
9 95 1 1.19346 1
9 103 1 -2.05408 1
9 130 1 -1.09323 1
9 157 1 0.680343 1
157 79 1 0.72485 1
10 64 1 1.31782 1
10 65 1 0.494605 1
10 66 1 4.96856 1
10 67 1 -3.84626 1
10 68 1 3.11748 1
10 69 1 -0.877101 1
10 70 1 -0.138099 1
10 71 1 -1.42251 1
10 72 1 4.80861 1
10 73 1 2.57852 1
10 74 1 0.108115 0
10 75 1 0.808399 1
10 76 1 4.19908 1
10 77 1 1.3657 1
10 78 1 0.339047 1
10 79 1 -6.04474 1
10 80 1 -2.43401 1
10 81 1 4.53669 1
10 82 1 3.44954 1
10 83 1 1.1497 1
10 84 1 5.97406 1
10 85 1 2.6551 1
10 86 1 -2.16409 1
10 87 1 -0.787849 1
10 88 1 3.71725 1
10 89 1 1.6609 1
10 90 1 -1.05386 1
10 91 1 2.43947 1
10 92 1 -1.11099 1
10 93 1 -1.22881 1
10 94 1 4.25196 1
10 95 1 5.40794 0
10 124 1 2.15803 1
10 165 1 0.254888 1
165 95 1 4.35166 1
124 74 1 0.0607456 1
124 12 1 2.30276 1
11 64 1 3.67677 1
11 65 1 2.00485 1
11 66 1 4.62686 1
11 67 1 -2.49213 1
11 68 1 2.70143 1
11 69 1 1.90298 1
11 70 1 3.97311 1
11 71 1 -0.0970722 1
11 72 1 -6.61163 1
11 73 1 0.600262 1
11 74 1 -0.155575 0
11 75 1 -2.27141 1
11 76 1 -1.94727 1
11 77 1 0.839888 1
11 78 1 -1.6037 1
11 79 1 -1.49595 1
11 80 1 -3.05746 1
11 81 1 0.282895 1
11 82 1 5.83243 0
11 83 1 3.44884 1
11 84 1 2.10604 1
11 85 1 -0.976607 1
11 86 1 -4.09371 1
11 87 1 0.861716 1
11 88 1 -5.30715 1
11 89 1 1.41835 1
11 90 1 1.30638 1
11 91 1 -1.01034 1
11 92 1 -1.23641 1
11 93 1 3.0936 1
11 94 1 -2.40177 1
11 95 1 -6.09032 1
11 120 1 -6.27322 1
11 109 1 -0.975065 1
11 154 1 1.28111 1
11 8 1 -1.76637 1
11 112 1 1.32515 1
154 82 1 4.77836 1
120 74 1 -3.95778 1
120 13 1 0.0152673 0
120 150 1 3.60527 1
150 13 1 2.49077 0
150 163 1 2.10824 1
163 13 1 1.59628 1
12 64 1 -2.16907 1
12 65 1 -2.32709 0
12 66 1 0.780407 1
12 67 1 -3.8894 1
12 68 1 0.507488 1
12 69 1 1.63569 1
12 70 1 0.849026 1
12 71 1 -0.48482 1
12 72 1 3.12437 1
12 73 1 -3.93713 1
12 74 1 -1.99698 1
12 75 1 -0.234264 1
12 76 1 -1.02965 1
12 77 1 0.979906 1
12 78 1 -2.37695 1
12 79 1 -3.07023 1
12 80 1 -1.71212 1
12 81 1 -3.08507 1
12 82 1 4.36194 1
12 83 1 0.97082 1
12 84 1 2.16434 1
12 85 1 -1.24055 1
12 86 1 -3.15803 1
12 87 1 -1.28671 1
12 88 1 -2.00213 1
12 89 1 1.42574 1
12 90 1 -1.49626 1
12 91 1 -2.71959 1
12 92 1 3.31229 1
12 93 1 -2.95916 1
12 94 1 2.64978 1
12 95 1 -3.24866 1
12 17 1 0.457185 1
12 18 1 -0.931074 1
12 144 1 -1.77571 1
12 167 1 0.564147 1
12 11 1 -0.0421881 1
167 65 1 -1.29185 1
13 64 1 -1.3607 1
13 65 1 -4.0608 1
13 66 1 -1.55883 1
13 67 1 1.0033 1
13 68 1 2.69657 1
13 69 1 -3.30507 1
13 70 1 0.0306237 1
13 71 1 0.979389 1
13 72 1 0.99452 1
13 73 1 -1.23057 1
13 74 1 -0.479651 1
13 75 1 -1.64397 1
13 76 1 -1.5993 1
13 77 1 -2.63094 1
13 78 1 2.72019 1
13 79 1 3.33262 1
13 80 1 0.432981 1
13 81 1 0.851058 1
13 82 1 2.50455 1
13 83 1 4.91883 1
13 84 1 -3.54948 1
13 85 1 6.76671 1
13 86 1 4.58453 1
13 87 1 7.62169 1
13 88 1 2.96773 1
13 89 1 -0.12791 1
13 90 1 -4.62726 1
13 91 1 -5.38273 1
13 92 1 -3.26357 1
13 93 1 -2.95638 1
13 94 1 -0.330418 1
13 95 1 -3.68886 1
14 64 1 -1.19199 1
14 65 1 7.47692 1
14 66 1 0.618226 1
14 67 1 0.89859 1
14 68 1 -0.827257 1
14 69 1 1.74926 1
14 70 1 -0.418988 1
14 71 1 0.119072 1
14 72 1 3.99922 1
14 73 1 1.98114 1
14 74 1 0.331086 1
14 75 1 2.92009 1
14 76 1 -3.82182 1
14 77 1 0.611756 1
14 78 1 -1.39456 1
14 79 1 -1.00675 1
14 80 1 -0.900848 1
14 81 1 0.485216 0
14 82 1 3.62965 1
14 83 1 0.0245734 1
14 84 1 -0.164467 1
14 85 1 -1.97042 1
14 86 1 2.48957 1
14 87 1 -0.728687 1
14 88 1 -2.21882 1
14 89 1 1.24034 1
14 90 1 -0.963644 1
14 91 1 3.9891 1
14 92 1 5.0868 1
14 93 1 0.552521 1
14 94 1 4.94442 1
14 95 1 1.31786 1
14 104 1 -1.37207 1
14 119 1 1.9862 1
14 126 1 0.18626 1
119 81 1 5.48991 1
119 99 1 -0.0142943 1
15 64 1 -0.449859 1
15 65 1 2.88778 1
15 66 1 -3.43706 1
15 67 1 -1.6822 1
15 68 1 0.997212 1
15 69 1 -2.271 1
15 70 1 7.97417 1
15 71 1 -2.06412 1
15 72 1 -1.58013 1
15 73 1 1.00832 1
15 74 1 1.72501 1
15 75 1 -1.01585 1
15 76 1 0.150989 1
15 77 1 2.8062 1
15 78 1 -2.10694 1
15 79 1 0.121651 1
15 80 1 2.1215 1
15 81 1 -0.0135587 1
15 82 1 -5.8079 1
15 83 1 0.85442 1
15 84 1 0.587234 1
15 85 1 -0.88067 1
15 86 1 0.722593 1
15 87 1 -5.75722 1
15 88 1 0.837964 1
15 89 1 3.84186 1
15 90 1 -0.206444 1
15 91 1 -3.75322 1
15 92 1 1.84761 1
15 93 1 -2.32196 1
15 94 1 0.0108671 1
15 95 1 -0.669534 1
15 20 1 -3.0702 1
16 64 1 3.73188 1
16 65 1 -1.49118 1
16 66 1 -1.71735 1
16 67 1 -4.04681 1
16 68 1 0.343824 1
16 69 1 0.117048 1
16 70 1 2.44778 1
16 71 1 5.59216 1
16 72 1 -2.12754 1
16 73 1 -2.24438 1
16 74 1 0.260423 1
16 75 1 2.49312 1
16 76 1 2.43242 1
16 77 1 0.935865 1
16 78 1 -1.77367 1
16 79 1 0.10867 0
16 80 1 1.16874 1
16 81 1 2.96136 1
16 82 1 -5.10384 1
16 83 1 2.5434 1
16 84 1 -0.491603 1
16 85 1 -1.04003 1
16 86 1 -0.208061 1
16 87 1 -1.06 1
16 88 1 1.60864 1
16 89 1 0.982105 1
16 90 1 -3.80856 1
16 91 1 3.41466 1
16 92 1 3.42071 1
16 93 1 -1.16197 1
16 94 1 -0.0674776 1
16 95 1 -3.18192 1
16 26 1 -1.59463 1
16 151 1 1.49292 1
151 79 1 -0.743074 1
17 64 1 -1.67149 1
17 65 1 0.68536 1
17 66 1 -0.204649 1
17 67 1 3.92693 1
17 68 1 0.0145716 1
17 69 1 2.34413 1
17 70 1 0.978088 1
17 71 1 3.61804 1
17 72 1 -6.64416 0
17 73 1 2.69222 1
17 74 1 2.76803 1
17 75 1 -0.995276 1
17 76 1 -2.0969 1
17 77 1 2.2769 1
17 78 1 -0.501627 1
17 79 1 -3.28901 1
17 80 1 5.05726 1
17 81 1 3.58723 1
17 82 1 -0.109027 1
17 83 1 -2.76701 1
17 84 1 -2.02856 1
17 85 1 2.55 1
17 86 1 -0.837466 1
17 87 1 -3.14095 1
17 88 1 -6.6691 1
17 89 1 2.31604 1
17 90 1 -4.65136 1
17 91 1 5.70835 1
17 92 1 1.02621 1
17 93 1 3.55289 1
17 94 1 2.58013 1
17 95 1 2.22609 1
17 146 1 2.4996 1
146 72 1 -5.02484 1
146 30 1 -0.247869 1
18 64 1 3.73654 1
18 65 1 -3.25371 1
18 66 1 4.38529 1
18 67 1 2.08634 1
18 68 1 -2.17771 1
18 69 1 -0.381268 1
18 70 1 3.45872 1
18 71 1 -0.971515 1
18 72 1 1.00134 1
18 73 1 -0.644056 1
18 74 1 0.882239 1
18 75 1 -3.65805 1
18 76 1 4.74915 1
18 77 1 -1.43815 1
18 78 1 2.2213 1
18 79 1 1.93086 1
18 80 1 -7.60591 1
18 81 1 4.99837 1
18 82 1 -2.59437 1
18 83 1 3.96435 1
18 84 1 -3.02679 1
18 85 1 2.12038 1
18 86 1 6.30394 1
18 87 1 -2.48828 1
18 88 1 0.765651 1
18 89 1 -3.82127 1
18 90 1 0.34736 1
18 91 1 -0.0657897 1
18 92 1 -2.74166 1
18 93 1 2.12434 1
18 94 1 -1.51621 1
18 95 1 0.511504 1
18 25 1 0.210374 1
18 18 1 -0.567156 1
18 139 1 0.657264 1
19 64 1 6.11648 1
19 65 1 -1.75467 1
19 66 1 6.07032 1
19 67 1 -1.70443 1
19 68 1 -1.56836 1
19 69 1 2.59471 1
19 70 1 -0.0628698 1
19 71 1 -1.1798 1
19 72 1 4.44142 1
19 73 1 0.464341 1
19 74 1 -0.533468 1
19 75 1 -0.340532 1
19 76 1 -3.87643 1
19 77 1 -1.29435 1
19 78 1 0.174297 1
19 79 1 5.51347 1
19 80 1 -1.46835 1
19 81 1 -2.45353 1
19 82 1 0.620077 1
19 83 1 -2.81044 1
19 84 1 1.39028 1
19 85 1 3.09472 1
19 86 1 -0.529255 1
19 87 1 3.798 1
19 88 1 -0.352452 1
19 89 1 5.40145 1
19 90 1 -0.475672 1
19 91 1 -0.926753 1
19 92 1 -1.1654 1
19 93 1 -5.32471 1
19 94 1 -2.44118 1
19 95 1 -7.2952 1
20 64 1 0.995724 1
20 65 1 0.0724844 1
20 66 1 -4.27605 1
20 67 1 2.10326 1
20 68 1 0.211916 1
20 69 1 1.56962 1
20 70 1 -3.38245 1
20 71 1 4.12376 1
20 72 1 0.634704 1
20 73 1 2.26827 1
20 74 1 3.28745 1
20 75 1 3.37792 1
20 76 1 -0.770214 1
20 77 1 -2.65326 1
20 78 1 1.1811 1
20 79 1 1.87267 1
20 80 1 -0.307215 1
20 81 1 -0.625111 1
20 82 1 3.01548 1
20 83 1 0.692185 1
20 84 1 4.56524 1
20 85 1 -4.90071 1
20 86 1 0.160424 1
20 87 1 -1.09641 1
20 88 1 2.35441 1
20 89 1 -0.130346 1
20 90 1 2.12118 1
20 91 1 2.44021 0
20 92 1 0.12657 1
20 93 1 2.44816 0
20 94 1 3.28824 0
20 95 1 0.424976 1
20 96 1 -2.85121 1
20 98 1 2.32813 1
20 103 1 0.903867 1
20 109 1 -0.551931 1
103 91 1 1.04175 0
103 105 1 3.82378 1
103 112 1 -1.98529 0
103 123 1 -2.98775 1
103 140 1 -1.51235 1
140 112 1 2.9359 1
123 91 1 0.498572 1
123 113 1 -0.385789 0
123 136 1 0.815259 1
123 137 1 1.82846 1
136 113 1 -1.46014 1
136 6 1 -0.169728 1
105 91 1 2.35325 0
105 129 1 0.530401 1
129 91 1 0.0512068 0
129 135 1 3.07259 1
129 116 1 1.32518 1
135 91 1 -2.88621 1
98 93 1 2.43525 1
98 99 1 6.01891 1
98 15 1 0.713056 1
96 94 1 1.59879 1
96 20 1 -0.910793 0
96 155 1 1.56129 1
155 20 1 -1.70017 1
155 30 1 -0.21905 1
21 64 1 3.84644 1
21 65 1 8.06701 1
21 66 1 -5.03891 1
21 67 1 -4.56053 1
21 68 1 -2.26222 1
21 69 1 1.45289 1
21 70 1 -0.0759675 1
21 71 1 -5.37105 1
21 72 1 -7.79292 1
21 73 1 -2.03536 1
21 74 1 -0.219017 1
21 75 1 1.23547 1
21 76 1 -0.473398 1
21 77 1 -2.83956 1
21 78 1 -0.721656 1
21 79 1 -2.56403 1
21 80 1 0.747228 1
21 81 1 -2.54907 1
21 82 1 -0.42206 1
21 83 1 -1.57864 1
21 84 1 7.69299 1
21 85 1 0.553727 1
21 86 1 1.12911 1
21 87 1 -0.539664 1
21 88 1 4.70476 1
21 89 1 0.964338 1
21 90 1 -0.0875406 1
21 91 1 -0.37704 0
21 92 1 2.30616 1
21 93 1 1.35866 1
21 94 1 -3.06801 1
21 95 1 0.143413 1
21 143 1 4.12889 1
143 91 1 -1.06043 1
22 64 1 1.62936 1
22 65 1 -0.585086 1
22 66 1 1.26271 1
22 67 1 5.65872 1
22 68 1 0.0738795 1
22 69 1 -1.82261 1
22 70 1 -1.82267 1
22 71 1 0.323935 1
22 72 1 -3.81613 1
22 73 1 1.54258 1
22 74 1 -6.80352 1
22 75 1 -3.32337 1
22 76 1 0.0690881 1
22 77 1 0.409542 1
22 78 1 4.67418 1
22 79 1 5.26376 1
22 80 1 0.82261 1
22 81 1 -2.12111 1
22 82 1 1.09938 1
22 83 1 0.596474 1
22 84 1 -1.43355 1
22 85 1 2.89581 1
22 86 1 0.109855 1
22 87 1 6.30725 1
22 88 1 -4.48926 1
22 89 1 0.620905 1
22 90 1 1.3678 1
22 91 1 1.04517 1
22 92 1 1.62758 1
22 93 1 3.75638 1
22 94 1 5.54692 1
22 95 1 1.93951 1
23 64 1 -2.8325 1
23 65 1 1.44995 1
23 66 1 2.24279 1
23 67 1 2.90621 1
23 68 1 -3.02524 1
23 69 1 2.20184 1
23 70 1 2.89365 1
23 71 1 -4.25528 1
23 72 1 -1.15506 1
23 73 1 -1.1608 1
23 74 1 2.49156 1
23 75 1 1.82284 1
23 76 1 3.21377 1
23 77 1 4.50607 1
23 78 1 1.52518 1
23 79 1 -4.422 1
23 80 1 2.00365 1
23 81 1 0.409483 1
23 82 1 -3.45004 1
23 83 1 0.201418 1
23 84 1 3.43013 1
23 85 1 -2.3964 1
23 86 1 -10.982 1
23 87 1 0.218546 1
23 88 1 2.01395 1
23 89 1 -2.09566 1
23 90 1 -5.67278 1
23 91 1 -1.91712 1
23 92 1 2.92245 1
23 93 1 2.61922 1
23 94 1 -2.84172 1
23 95 1 0.668449 1
23 107 1 -0.243726 1
23 27 1 -0.438799 1
24 64 1 -1.24481 1
24 65 1 0.993153 1
24 66 1 -1.78949 1
24 67 1 6.04928 1
24 68 1 -6.21603 1
24 69 1 2.8561 0
24 70 1 1.97443 1
24 71 1 4.83713 1
24 72 1 0.104527 1
24 73 1 2.24082 1
24 74 1 1.88335 1
24 75 1 0.914714 1
24 76 1 -2.79557 1
24 77 1 0.377594 1
24 78 1 -5.89273 1
24 79 1 0.155501 1
24 80 1 4.85271 1
24 81 1 2.22125 1
24 82 1 -1.76497 1
24 83 1 -2.43068 1
24 84 1 -3.84695 1
24 85 1 -0.618151 1
24 86 1 -5.08711 1
24 87 1 4.28684 1
24 88 1 -1.10579 1
24 89 1 8.09032 1
24 90 1 4.21459 1
24 91 1 -4.0182 1
24 92 1 0.0379952 1
24 93 1 -0.593381 1
24 94 1 -1.02547 1
24 95 1 -3.47181 1
24 5 1 0.513095 1
24 168 1 -0.286708 1
168 69 1 3.77306 1
25 64 1 -0.722108 1
25 65 1 0.806436 1
25 66 1 -1.75366 1
25 67 1 -1.47694 1
25 68 1 2.25505 1
25 69 1 -5.04158 1
25 70 1 2.10291 0
25 71 1 -2.45595 1
25 72 1 3.06807 1
25 73 1 2.73186 1
25 74 1 1.47901 1
25 75 1 -2.38172 1
25 76 1 0.393989 1
25 77 1 -1.19909 1
25 78 1 3.32123 1
25 79 1 1.11119 1
25 80 1 -0.65907 1
25 81 1 -1.0715 1
25 82 1 -1.50594 1
25 83 1 3.07952 1
25 84 1 -2.05864 1
25 85 1 -0.734793 1
25 86 1 3.98137 1
25 87 1 0.27242 1
25 88 1 -0.216092 1
25 89 1 -0.796476 1
25 90 1 -3.43981 1
25 91 1 2.031 1
25 92 1 3.03835 1
25 93 1 -1.12356 1
25 94 1 -2.41571 1
25 95 1 -3.22268 1
25 8 1 0.794268 1
25 6 1 -2.49566 1
25 121 1 -0.87188 1
121 70 1 6.32378 1
26 64 1 -2.67774 1
26 65 1 1.71759 1
26 66 1 -0.00172862 1
26 67 1 1.8089 1
26 68 1 -0.232814 1
26 69 1 1.59711 1
26 70 1 -1.71903 1
26 71 1 1.36935 1
26 72 1 -2.89013 1
26 73 1 -0.012305 1
26 74 1 -8.37104 1
26 75 1 2.00545 1
26 76 1 1.06404 1
26 77 1 -3.83264 1
26 78 1 2.49862 1
26 79 1 -0.156544 1
26 80 1 -2.26624 1
26 81 1 2.83689 1
26 82 1 2.21343 1
26 83 1 2.093 1
26 84 1 -5.66724 1
26 85 1 0.00661467 1
26 86 1 -3.9462 1
26 87 1 2.26762 1
26 88 1 -4.06977 1
26 89 1 0.49942 1
26 90 1 -3.15462 1
26 91 1 -3.71163 1
26 92 1 0.360149 1
26 93 1 -2.46604 1
26 94 1 2.72701 1
26 95 1 -0.407151 1
26 23 1 4.27311 1
26 15 1 0.89567 1
26 161 1 -1.28997 1
27 64 1 -3.20133 1
27 65 1 3.13759 1
27 66 1 3.57985 1
27 67 1 -1.37818 1
27 68 1 2.17883 1
27 69 1 1.55761 1
27 70 1 5.23471 1
27 71 1 -5.04752 1
27 72 1 -1.00893 1
27 73 1 1.47453 1
27 74 1 -3.52704 1
27 75 1 4.52706 1
27 76 1 -4.36294 1
27 77 1 0.590438 1
27 78 1 1.64149 1
27 79 1 1.37227 1
27 80 1 -1.74875 1
27 81 1 -1.67725 1
27 82 1 2.01449 1
27 83 1 1.18484 1
27 84 1 2.5803 1
27 85 1 -1.43149 1
27 86 1 -3.35918 1
27 87 1 -1.36617 1
27 88 1 -6.43034 1
27 89 1 -5.51043 1
27 90 1 4.38551 1
27 91 1 -2.66299 1
27 92 1 -0.438222 1
27 93 1 -0.823437 1
27 94 1 1.07264 1
27 95 1 0.138193 1
27 9 1 1.92497 1
27 5 1 -0.123724 1
28 64 1 2.6495 1
28 65 1 -0.579705 1
28 66 1 -1.85104 1
28 67 1 5.45207 1
28 68 1 4.92767 1
28 69 1 0.632718 1
28 70 1 -0.381436 1
28 71 1 0.257667 1
28 72 1 -7.8826 1
28 73 1 0.59005 1
28 74 1 -1.98996 1
28 75 1 1.42954 1
28 76 1 1.07652 1
28 77 1 2.2683 1
28 78 1 -3.72507 1
28 79 1 3.16936 1
28 80 1 2.22538 1
28 81 1 -1.58076 1
28 82 1 3.34098 1
28 83 1 0.914823 1
28 84 1 4.29198 1
28 85 1 -4.82478 1
28 86 1 -1.45701 1
28 87 1 0.587158 1
28 88 1 -4.01186 1
28 89 1 2.6136 1
28 90 1 -2.27526 1
28 91 1 0.104044 1
28 92 1 5.23001 1
28 93 1 -1.94957 1
28 94 1 4.53736 1
28 95 1 -3.55458 1
29 64 1 -1.6033 1
29 65 1 2.13677 1
29 66 1 -0.983249 1
29 67 1 1.88931 1
29 68 1 -7.96159 1
29 69 1 2.0153 1
29 70 1 -2.83675 1
29 71 1 0.0132743 1
29 72 1 0.0997049 1
29 73 1 -1.21788 1
29 74 1 -1.61988 1
29 75 1 -0.0144361 1
29 76 1 -0.108172 1
29 77 1 2.01284 1
29 78 1 -4.84512 1
29 79 1 -3.25923 1
29 80 1 2.50382 1
29 81 1 1.81072 1
29 82 1 1.40716 1
29 83 1 1.12047 1
29 84 1 0.198422 1
29 85 1 -2.02944 1
29 86 1 -3.12486 1
29 87 1 -2.125 1
29 88 1 -2.0114 1
29 89 1 -3.32238 1
29 90 1 -1.22088 1
29 91 1 0.645842 1
29 92 1 1.68836 1
29 93 1 0.206677 1
29 94 1 -2.30753 1
29 95 1 1.71228 1
29 113 1 1.26277 1
30 64 1 -0.335689 1
30 65 1 5.19206 1
30 66 1 4.86664 1
30 67 1 -0.773781 1
30 68 1 0.256749 1
30 69 1 1.61557 1
30 70 1 3.80485 1
30 71 1 -0.579822 1
30 72 1 -1.84254 1
30 73 1 2.75301 1
30 74 1 -1.10179 1
30 75 1 1.96052 1
30 76 1 2.53086 1
30 77 1 -1.19401 1
30 78 1 3.08254 1
30 79 1 4.62589 1
30 80 1 -2.00319 1
30 81 1 0.170503 1
30 82 1 5.77005 1
30 83 1 2.56968 1
30 84 1 0.661456 1
30 85 1 -2.32296 1
30 86 1 -3.00797 1
30 87 1 -2.61136 1
30 88 1 1.23626 1
30 89 1 -1.91533 1
30 90 1 -0.0892301 1
30 91 1 6.08796 1
30 92 1 -0.963226 1
30 93 1 2.19189 1
30 94 1 1.47385 1
30 95 1 -2.54768 1
30 28 1 0.493062 1
31 64 1 3.1501 1
31 65 1 -1.36636 1
31 66 1 -5.12187 1
31 67 1 7.44409 1
31 68 1 3.9829 1
31 69 1 0.665608 1
31 70 1 -0.843921 1
31 71 1 2.06403 1
31 72 1 -2.82227 1
31 73 1 -0.848413 1
31 74 1 3.49306 1
31 75 1 -0.253825 1
31 76 1 -1.85666 1
31 77 1 0.503146 1
31 78 1 -3.96871 1
31 79 1 0.794676 1
31 80 1 -0.813726 1
31 81 1 -1.62428 1
31 82 1 -0.849006 1
31 83 1 -0.880814 1
31 84 1 -3.61665 1
31 85 1 -3.80609 1
31 86 1 1.13572 1
31 87 1 -4.31107 0
31 88 1 2.63225 1
31 89 1 -1.29399 1
31 90 1 -1.12146 1
31 91 1 -3.95495 1
31 92 1 -0.229016 1
31 93 1 -0.911307 1
31 94 1 2.22686 1
31 95 1 -1.43945 1
31 122 1 2.24655 1
31 10 1 -1.52674 1
122 87 1 -1.59493 1
32 64 1 7.78003 1
32 65 1 0.702593 1
32 66 1 -4.16892 1
32 67 1 2.9259 1
32 68 1 0.732447 1
32 69 1 3.87122 1
32 70 1 -0.800119 1
32 71 1 3.44213 1
32 72 1 -3.63534 1
32 73 1 1.61287 1
32 74 1 -0.543792 1
32 75 1 4.25233 1
32 76 1 -1.33289 1
32 77 1 5.38192 1
32 78 1 0.706618 1
32 79 1 -0.542475 1
32 80 1 -0.0771207 1
32 81 1 0.396718 1
32 82 1 -3.61994 1
32 83 1 -2.26112 1
32 84 1 2.97157 1
32 85 1 -0.801212 1
32 86 1 -0.101342 1
32 87 1 -1.77279 1
32 88 1 0.931235 1
32 89 1 -2.54212 1
32 90 1 3.54608 1
32 91 1 -3.96267 1
32 92 1 2.90803 1
32 93 1 1.76538 1
32 94 1 -0.230672 1
32 95 1 -1.43672 1
33 64 1 2.03073 1
33 65 1 -5.97999 1
33 66 1 -1.87715 1
33 67 1 -2.18375 1
33 68 1 -0.508739 1
33 69 1 -3.2795 1
33 70 1 2.23896 1
33 71 1 4.159 1
33 72 1 2.55442 1
33 73 1 3.04758 1
33 74 1 1.11713 1
33 75 1 -6.54497 1
33 76 1 -4.35511 1
33 77 1 1.53651 1
33 78 1 -1.95227 1
33 79 1 -3.93821 1
33 80 1 0.0573737 1
33 81 1 -2.62304 1
33 82 1 -0.173479 1
33 83 1 0.636688 1
33 84 1 0.354112 1
33 85 1 1.48712 1
33 86 1 4.11817 1
33 87 1 2.41844 1
33 88 1 2.79241 1
33 89 1 5.3949 1
33 90 1 -2.77248 1
33 91 1 -0.857547 1
33 92 1 1.13087 1
33 93 1 3.13183 1
33 94 1 1.34032 1
33 95 1 0.384509 1
33 20 1 -1.78834 1
33 107 1 -0.715027 1
33 13 1 1.57894 1
33 113 1 -2.69499 1
34 64 1 -0.669321 1
34 65 1 -0.756999 1
34 66 1 1.50635 1
34 67 1 0.134876 1
34 68 1 -0.497936 1
34 69 1 -1.67531 1
34 70 1 -1.73623 1
34 71 1 -3.04342 1
34 72 1 -2.85802 1
34 73 1 -4.10182 1
34 74 1 2.66666 1
34 75 1 7.49475 1
34 76 1 -0.914694 1
34 77 1 0.956803 1
34 78 1 -1.13451 1
34 79 1 0.552889 1
34 80 1 2.61291 1
34 81 1 -1.77642 1
34 82 1 2.03718 1
34 83 1 1.66882 1
34 84 1 0.0631168 1
34 85 1 -0.0914861 1
34 86 1 -1.1718 1
34 87 1 0.88798 1
34 88 1 0.396091 1
34 89 1 0.248097 1
34 90 1 -6.15927 1
34 91 1 3.11947 1
34 92 1 3.19992 1
34 93 1 -2.12685 1
34 94 1 2.73826 1
34 95 1 1.73354 1
34 113 1 0.259662 1
35 64 1 1.26478 1
35 65 1 -0.711657 1
35 66 1 0.517705 1
35 67 1 5.19915 1
35 68 1 3.62967 1
35 69 1 2.9221 1
35 70 1 3.34579 1
35 71 1 3.66543 1
35 72 1 3.4032 1
35 73 1 6.31208 1
35 74 1 -0.0918621 1
35 75 1 -1.70489 1
35 76 1 -3.69489 1
35 77 1 0.710542 1
35 78 1 -1.51754 1
35 79 1 2.22375 1
35 80 1 -7.21866 1
35 81 1 -1.60448 1
35 82 1 4.14025 0
35 83 1 -2.48402 1
35 84 1 6.923 1
35 85 1 -4.50824 1
35 86 1 -1.42578 1
35 87 1 -2.60488 1
35 88 1 -0.398246 1
35 89 1 2.51121 0
35 90 1 0.62834 1
35 91 1 -1.98223 1
35 92 1 -1.67973 1
35 93 1 -4.08477 1
35 94 1 -0.220215 1
35 95 1 -0.36326 1
35 130 1 0.441583 1
35 133 1 5.00991 1
133 82 1 2.09596 1
130 89 1 0.738898 1
130 109 1 -0.109797 1
36 64 1 2.83988 1
36 65 1 2.44069 1
36 66 1 1.84144 1
36 67 1 -0.615206 1
36 68 1 -4.89571 1
36 69 1 -2.26253 1
36 70 1 -2.00064 1
36 71 1 2.18866 1
36 72 1 -2.12539 1
36 73 1 -0.748879 1
36 74 1 -1.66372 1
36 75 1 -0.480927 1
36 76 1 1.2244 1
36 77 1 -5.0525 1
36 78 1 2.41094 1
36 79 1 4.34178 1
36 80 1 3.73319 1
36 81 1 -0.16515 1
36 82 1 -0.549154 0
36 83 1 0.159643 1
36 84 1 3.01433 1
36 85 1 -1.82049 1
36 86 1 2.22092 1
36 87 1 0.790422 1
36 88 1 -2.95343 1
36 89 1 -0.505983 1
36 90 1 -3.91929 1
36 91 1 1.32498 1
36 92 1 3.76854 1
36 93 1 3.40235 1
36 94 1 -0.850939 1
36 95 1 8.06214 1
36 109 1 -0.909998 0
36 24 1 -2.77943 1
36 117 1 2.52823 1
117 109 1 2.15222 1
117 4 1 0.895804 1
109 82 1 0.473377 1
109 31 1 1.07443 1
37 64 1 -4.72818 1
37 65 1 1.67734 1
37 66 1 -4.30431 1
37 67 1 -1.5509 1
37 68 1 -4.57689 1
37 69 1 3.01747 1
37 70 1 -5.19046 1
37 71 1 -2.23684 1
37 72 1 2.03343 1
37 73 1 2.30171 1
37 74 1 -0.347323 1
37 75 1 -0.025297 1
37 76 1 2.1784 0
37 77 1 4.14099 1
37 78 1 -0.353462 1
37 79 1 1.33427 1
37 80 1 1.98424 1
37 81 1 2.62985 1
37 82 1 2.96026 1
37 83 1 3.25969 1
37 84 1 -4.75484 1
37 85 1 1.83012 1
37 86 1 -0.170194 1
37 87 1 -0.00702484 1
37 88 1 -1.48636 1
37 89 1 -3.25272 1
37 90 1 -1.68481 1
37 91 1 1.26615 1
37 92 1 3.16998 1
37 93 1 0.214325 1
37 94 1 -0.9288 1
37 95 1 0.920324 1
37 142 1 1.79413 1
37 160 1 -0.264731 1
142 76 1 -0.181958 1
142 147 1 -0.830708 1
142 6 1 0.235227 1
38 64 1 0.836816 1
38 65 1 -2.46462 1
38 66 1 -1.48537 1
38 67 1 -2.52596 1
38 68 1 -1.81789 1
38 69 1 -4.8516 1
38 70 1 -0.0643805 1
38 71 1 -0.227144 1
38 72 1 1.42985 1
38 73 1 1.91828 1
38 74 1 -1.32715 1
38 75 1 3.38616 1
38 76 1 3.80518 1
38 77 1 -1.82777 1
38 78 1 -0.0380332 1
38 79 1 -1.73419 1
38 80 1 -1.76722 1
38 81 1 -2.29841 1
38 82 1 1.82622 1
38 83 1 -2.11064 1
38 84 1 -1.35919 1
38 85 1 -1.74452 1
38 86 1 -0.725609 1
38 87 1 1.31449 0
38 88 1 2.43075 1
38 89 1 3.52363 1
38 90 1 -1.41277 1
38 91 1 1.89081 1
38 92 1 3.14207 0
38 93 1 -1.20165 1
38 94 1 -0.0503116 1
38 95 1 -2.16553 1
38 148 1 2.6448 1
38 162 1 -0.271306 1
162 87 1 -0.0138341 1
148 92 1 2.7048 1
39 64 1 1.92338 1
39 65 1 -2.32774 1
39 66 1 0.713363 1
39 67 1 -1.13559 1
39 68 1 1.57988 1
39 69 1 -0.176961 1
39 70 1 -0.529882 1
39 71 1 -1.26625 1
39 72 1 -3.26445 1
39 73 1 -3.57343 1
39 74 1 0.964747 1
39 75 1 2.85279 0
39 76 1 4.80472 1
39 77 1 -0.027003 1
39 78 1 -2.27749 1
39 79 1 -3.284 1
39 80 1 -0.946315 1
39 81 1 -3.09939 1
39 82 1 -1.92999 1
39 83 1 -2.19033 1
39 84 1 -3.21469 1
39 85 1 0.634069 1
39 86 1 1.09491 1
39 87 1 0.315373 1
39 88 1 -0.475229 1
39 89 1 -0.0448612 1
39 90 1 4.12228 1
39 91 1 0.615926 1
39 92 1 4.59617 1
39 93 1 1.45196 1
39 94 1 -3.81747 1
39 95 1 -1.95669 1
39 2 1 -3.7219 1
39 112 1 3.93001 1
39 13 1 -1.01401 1
39 104 1 -0.199009 1
112 75 1 -2.38068 1
112 138 1 -0.608211 1
112 153 1 -0.867804 0
112 170 1 0.968858 1
170 153 1 -1.0741 1
40 64 1 -5.43259 1
40 65 1 -1.71275 1
40 66 1 2.72963 1
40 67 1 0.311082 1
40 68 1 1.67872 1
40 69 1 2.13706 1
40 70 1 -2.41494 1
40 71 1 1.3906 1
40 72 1 1.40243 1
40 73 1 1.6835 1
40 74 1 -2.29192 1
40 75 1 1.84357 1
40 76 1 -2.44801 1
40 77 1 2.94393 1
40 78 1 4.32609 1
40 79 1 -0.653612 1
40 80 1 1.57427 1
40 81 1 1.22052 1
40 82 1 1.85714 1
40 83 1 -4.32849 1
40 84 1 -1.31703 1
40 85 1 0.0403618 1
40 86 1 2.73914 1
40 87 1 1.35995 1
40 88 1 1.60686 1
40 89 1 -1.49767 1
40 90 1 -1.24157 1
40 91 1 -1.63085 1
40 92 1 -4.34304 1
40 93 1 0.811356 1
40 94 1 -0.757364 1
40 95 1 2.69782 1
40 2 1 -0.443704 1
40 134 1 1.87814 1
41 64 1 4.44173 1
41 65 1 -0.428696 1
41 66 1 1.61787 1
41 67 1 1.45756 1
41 68 1 2.42911 1
41 69 1 -1.1633 1
41 70 1 0.485856 1
41 71 1 0.202606 1
41 72 1 4.24442 1
41 73 1 -5.90395 1
41 74 1 0.516009 1
41 75 1 4.24203 1
41 76 1 -4.58684 1
41 77 1 -0.297895 1
41 78 1 -3.97422 1
41 79 1 1.94971 1
41 80 1 1.08818 1
41 81 1 3.26172 1
41 82 1 -1.55858 1
41 83 1 2.84376 1
41 84 1 -1.93335 1
41 85 1 -0.175911 1
41 86 1 1.33179 1
41 87 1 1.88511 1
41 88 1 3.51831 1
41 89 1 -1.28065 1
41 90 1 -1.3625 1
41 91 1 1.52306 1
41 92 1 0.481551 1
41 93 1 0.0377411 1
41 94 1 -1.32602 1
41 95 1 0.59106 1
41 11 1 2.07792 1
41 29 1 -2.85397 1
41 97 1 -1.95133 1
42 64 1 1.75659 1
42 65 1 -0.232513 1
42 66 1 -1.18704 1
42 67 1 1.7142 1
42 68 1 -1.82665 1
42 69 1 1.49779 1
42 70 1 -0.891519 1
42 71 1 -0.919446 1
42 72 1 -0.982258 1
42 73 1 -2.12446 1
42 74 1 3.7171 1
42 75 1 -3.05856 1
42 76 1 -3.72385 1
42 77 1 0.255507 1
42 78 1 -1.90227 1
42 79 1 1.39752 1
42 80 1 -1.36107 1
42 81 1 2.82676 1
42 82 1 4.78403 1
42 83 1 2.65003 1
42 84 1 1.50475 1
42 85 1 -0.203326 1
42 86 1 1.31583 1
42 87 1 -2.41221 1
42 88 1 -2.79039 1
42 89 1 -0.49835 1
42 90 1 2.69198 1
42 91 1 1.89637 1
42 92 1 0.530041 1
42 93 1 2.14331 1
42 94 1 -3.53413 1
42 95 1 -0.0354669 1
43 64 1 1.92577 1
43 65 1 -2.09146 1
43 66 1 3.33771 1
43 67 1 0.645843 1
43 68 1 1.20981 1
43 69 1 -1.47114 1
43 70 1 0.601463 1
43 71 1 -3.6056 1
43 72 1 0.339932 1
43 73 1 -7.04179 1
43 74 1 1.77188 1
43 75 1 -2.65376 1
43 76 1 -2.69902 1
43 77 1 0.68429 1
43 78 1 1.79702 1
43 79 1 -3.38215 1
43 80 1 -0.409178 1
43 81 1 2.25111 1
43 82 1 2.23785 1
43 83 1 -2.27729 1
43 84 1 -1.53085 1
43 85 1 2.77062 1
43 86 1 1.60056 1
43 87 1 6.21066 1
43 88 1 1.58527 1
43 89 1 2.82055 1
43 90 1 0.281639 1
43 91 1 -3.37471 1
43 92 1 2.93907 1
43 93 1 1.70357 1
43 94 1 -2.78191 1
43 95 1 1.23542 1
44 64 1 0.754673 1
44 65 1 -4.70218 1
44 66 1 -0.617559 1
44 67 1 -2.60514 1
44 68 1 0.213752 1
44 69 1 -1.09249 1
44 70 1 3.25742 1
44 71 1 2.78534 1
44 72 1 -3.05002 1
44 73 1 3.19724 1
44 74 1 -1.26692 1
44 75 1 -3.8764 1
44 76 1 0.573419 1
44 77 1 3.22338 1
44 78 1 2.88714 1
44 79 1 0.905811 1
44 80 1 3.74459 1
44 81 1 -2.50892 1
44 82 1 1.54876 1
44 83 1 -0.716571 1
44 84 1 0.10361 1
44 85 1 -0.215881 1
44 86 1 3.21647 1
44 87 1 1.07279 1
44 88 1 0.0969981 1
44 89 1 2.41057 1
44 90 1 1.26954 1
44 91 1 2.16619 1
44 92 1 -1.83014 1
44 93 1 3.97479 1
44 94 1 -2.77883 1
44 95 1 -2.06588 1
44 8 1 -2.00665 1
44 29 1 1.50244 1
45 64 1 -1.17135 1
45 65 1 -0.0321476 1
45 66 1 -0.436631 1
45 67 1 3.25426 1
45 68 1 -0.368742 1
45 69 1 -6.74312 1
45 70 1 -2.73562 1
45 71 1 0.410775 1
45 72 1 -4.66158 1
45 73 1 2.6473 1
45 74 1 4.32589 1
45 75 1 3.5496 1
45 76 1 -2.21027 1
45 77 1 -1.12192 1
45 78 1 -3.32472 1
45 79 1 2.80216 1
45 80 1 -2.15613 1
45 81 1 1.30801 1
45 82 1 -0.294168 1
45 83 1 -5.50851 1
45 84 1 -0.269808 1
45 85 1 -2.80979 1
45 86 1 -0.0717946 1
45 87 1 0.89192 1
45 88 1 2.31977 1
45 89 1 -3.58345 1
45 90 1 -0.173672 1
45 91 1 4.75697 1
45 92 1 -4.06656 1
45 93 1 -6.62227 1
45 94 1 1.22224 1
45 95 1 -4.44786 1
45 9 1 6.20721 1
45 20 1 0.828438 1
45 17 1 -0.249953 1
46 64 1 0.0885767 1
46 65 1 -0.115547 1
46 66 1 2.14684 1
46 67 1 2.68309 1
46 68 1 -5.92604 1
46 69 1 -1.00745 1
46 70 1 1.03675 1
46 71 1 -3.04996 1
46 72 1 4.69883 1
46 73 1 -4.45912 1
46 74 1 -0.909782 1
46 75 1 -0.628067 1
46 76 1 -6.0773 1
46 77 1 4.97692 1
46 78 1 -0.0820139 1
46 79 1 -1.38285 1
46 80 1 2.37136 1
46 81 1 2.75792 1
46 82 1 -0.935234 1
46 83 1 3.62538 1
46 84 1 -0.624787 1
46 85 1 2.52584 1
46 86 1 -1.41717 1
46 87 1 4.33443 1
46 88 1 1.29611 1
46 89 1 -5.15491 1
46 90 1 -3.23677 1
46 91 1 -0.412194 1
46 92 1 0.141197 1
46 93 1 -1.42634 1
46 94 1 1.37579 1
46 95 1 -2.033 1
46 24 1 1.80587 1
47 64 1 0.407107 1
47 65 1 0.497438 1
47 66 1 -0.616077 1
47 67 1 2.21906 1
47 68 1 -0.344826 1
47 69 1 3.02798 1
47 70 1 -2.53178 1
47 71 1 0.245415 1
47 72 1 -0.0607291 1
47 73 1 6.33786 0
47 74 1 -1.85226 1
47 75 1 -1.27251 1
47 76 1 -3.69002 1
47 77 1 -8.1796 1
47 78 1 -2.73012 1
47 79 1 0.259348 1
47 80 1 4.04852 1
47 81 1 -3.6932 1
47 82 1 2.35013 1
47 83 1 0.228848 1
47 84 1 -4.66486 1
47 85 1 -0.500418 1
47 86 1 -2.46883 1
47 87 1 5.99854 1
47 88 1 4.49136 1
47 89 1 1.56552 1
47 90 1 5.97792 1
47 91 1 0.768215 1
47 92 1 0.975671 1
47 93 1 0.599579 1
47 94 1 2.74127 1
47 95 1 -1.70551 1
47 4 1 0.300681 1
47 137 1 1.61776 1
137 73 1 4.0332 0
137 156 1 -0.0880438 1
156 73 1 2.20893 1
156 15 1 -1.34588 1
48 64 1 -0.868597 1
48 65 1 -1.00335 1
48 66 1 3.21539 1
48 67 1 -3.95774 1
48 68 1 -6.03902 1
48 69 1 -4.75471 1
48 70 1 0.0418457 1
48 71 1 1.26397 1
48 72 1 -7.46311 1
48 73 1 4.21101 1
48 74 1 4.36035 1
48 75 1 -4.7884 1
48 76 1 -0.56425 1
48 77 1 -0.623996 1
48 78 1 -0.841727 1
48 79 1 3.22255 1
48 80 1 -0.909453 1
48 81 1 -3.68836 1
48 82 1 0.216388 1
48 83 1 0.860549 1
48 84 1 0.384107 1
48 85 1 0.291487 1
48 86 1 -1.15097 1
48 87 1 1.04668 1
48 88 1 -1.87039 1
48 89 1 -0.954889 1
48 90 1 2.64329 1
48 91 1 -0.0738044 1
48 92 1 -5.39708 1
48 93 1 0.488603 1
48 94 1 5.46021 1
48 95 1 1.77712 1
48 16 1 1.19801 1
48 12 1 1.14883 1
48 14 1 -1.35659 1
48 30 1 1.27553 1
49 64 1 -0.71205 1
49 65 1 -4.23557 1
49 66 1 1.10557 1
49 67 1 -0.362132 1
49 68 1 -4.08453 1
49 69 1 0.94399 1
49 70 1 -0.0600789 1
49 71 1 -2.64199 1
49 72 1 -2.78281 1
49 73 1 0.611365 1
49 74 1 2.47374 1
49 75 1 1.43382 1
49 76 1 -7.17617 1
49 77 1 -4.79474 1
49 78 1 -0.488886 0
49 79 1 2.95217 1
49 80 1 5.3723 1
49 81 1 -4.1766 1
49 82 1 1.19081 1
49 83 1 -0.907129 1
49 84 1 2.41492 1
49 85 1 -1.34793 1
49 86 1 -1.91533 1
49 87 1 -2.37535 1
49 88 1 0.81029 1
49 89 1 1.81148 1
49 90 1 -2.03375 1
49 91 1 2.67753 1
49 92 1 3.68167 1
49 93 1 1.65914 1
49 94 1 0.86128 1
49 95 1 4.35235 1
49 19 1 -1.17726 1
49 31 1 -0.92786 1
49 15 1 -2.15678 1
49 158 1 0.930116 1
49 26 1 -0.558808 1
49 144 1 -2.40282 1
158 78 1 -1.30189 1
50 64 1 -5.76958 1
50 65 1 -2.49783 1
50 66 1 0.421843 1
50 67 1 -1.55767 1
50 68 1 1.39346 1
50 69 1 -1.31989 1
50 70 1 -0.28323 1
50 71 1 6.42388 1
50 72 1 -2.51195 1
50 73 1 4.20993 1
50 74 1 -0.901086 1
50 75 1 2.60129 1
50 76 1 -0.150114 1
50 77 1 -0.939122 1
50 78 1 2.15681 1
50 79 1 -0.952356 1
50 80 1 2.47561 1
50 81 1 0.409234 1
50 82 1 -2.78236 1
50 83 1 2.20203 1
50 84 1 -0.589417 1
50 85 1 3.29453 1
50 86 1 3.48612 1
50 87 1 -3.25236 1
50 88 1 -2.855 1
50 89 1 0.665994 1
50 90 1 0.43152 1
50 91 1 0.459579 1
50 92 1 0.910067 1
50 93 1 -2.80875 1
50 94 1 -2.95399 1
50 95 1 1.95922 1
50 4 1 5.55132 1
50 22 1 0.333794 1
51 64 1 -1.59895 1
51 65 1 3.63312 1
51 66 1 3.70787 1
51 67 1 -1.44501 1
51 68 1 -1.10489 1
51 69 1 0.34658 1
51 70 1 1.61897 1
51 71 1 5.78976 1
51 72 1 -5.18173 1
51 73 1 -2.00279 0
51 74 1 -3.24591 1
51 75 1 3.79952 1
51 76 1 -2.8068 1
51 77 1 3.71946 1
51 78 1 5.03323 1
51 79 1 -1.06202 1
51 80 1 0.188948 1
51 81 1 -3.01419 1
51 82 1 -0.418731 1
51 83 1 5.13939 1
51 84 1 -1.17569 1
51 85 1 -0.482093 1
51 86 1 -1.63439 1
51 87 1 2.29955 1
51 88 1 -0.248591 1
51 89 1 -0.0117733 1
51 90 1 -0.467769 1
51 91 1 -1.54986 1
51 92 1 2.28528 1
51 93 1 4.17077 1
51 94 1 -4.77663 1
51 95 1 -3.10732 1
51 116 1 1.54723 1
51 12 1 -1.52536 1
116 73 1 -1.10974 0
116 134 1 2.40762 1
134 73 1 4.41171 1
134 128 1 1.69633 1
52 64 1 -3.18508 1
52 65 1 3.18736 1
52 66 1 0.395226 1
52 67 1 1.4873 1
52 68 1 1.45708 1
52 69 1 5.09578 1
52 70 1 4.28033 1
52 71 1 -0.804787 1
52 72 1 -1.89929 1
52 73 1 2.43862 1
52 74 1 4.1115 1
52 75 1 2.05426 1
52 76 1 -5.36665 1
52 77 1 0.526527 1
52 78 1 3.09496 1
52 79 1 -1.59678 1
52 80 1 -1.0346 1
52 81 1 -0.185068 1
52 82 1 -2.14938 1
52 83 1 -1.16603 1
52 84 1 -0.253351 1
52 85 1 -0.296466 1
52 86 1 -7.08701 1
52 87 1 0.233538 1
52 88 1 1.38335 1
52 89 1 1.00198 1
52 90 1 -1.21169 1
52 91 1 -0.6795 1
52 92 1 0.380692 1
52 93 1 -3.86609 0
52 94 1 2.71621 1
52 95 1 1.96194 1
52 115 1 0.900613 1
52 139 1 2.15334 1
52 23 1 -1.6095 1
139 93 1 -1.19307 1
53 64 1 -2.32909 1
53 65 1 0.96073 1
53 66 1 -1.22031 1
53 67 1 -2.19797 1
53 68 1 0.694643 1
53 69 1 1.0431 1
53 70 1 0.680632 0
53 71 1 0.357419 1
53 72 1 -1.71305 1
53 73 1 0.561436 1
53 74 1 -0.395783 1
53 75 1 -3.93453 1
53 76 1 -0.663059 1
53 77 1 2.541 1
53 78 1 0.078997 1
53 79 1 0.614198 1
53 80 1 1.19849 1
53 81 1 1.48762 1
53 82 1 2.88636 1
53 83 1 0.0992422 1
53 84 1 0.879302 1
53 85 1 2.66607 1
53 86 1 0.918746 1
53 87 1 -0.383478 1
53 88 1 -0.385111 1
53 89 1 -0.16238 1
53 90 1 -3.81746 1
53 91 1 0.1527 1
53 92 1 2.86917 1
53 93 1 -2.00298 1
53 94 1 -0.119633 1
53 95 1 -2.33995 1
53 20 1 5.04879 1
53 23 1 0.0441435 1
53 149 1 -0.97699 1
149 70 1 -1.95898 0
149 153 1 1.49764 1
149 126 1 -0.460692 1
153 70 1 -0.188234 1
54 64 1 1.9764 1
54 65 1 -0.288008 1
54 66 1 -1.92168 1
54 67 1 2.28329 1
54 68 1 5.5236 1
54 69 1 -4.07709 1
54 70 1 1.80901 1
54 71 1 5.11869 1
54 72 1 1.60129 1
54 73 1 1.4572 1
54 74 1 0.67407 1
54 75 1 -1.14151 1
54 76 1 -3.25026 1
54 77 1 1.47375 1
54 78 1 -1.43799 1
54 79 1 2.01159 1
54 80 1 0.981684 1
54 81 1 3.68002 1
54 82 1 -1.98248 1
54 83 1 4.8237 1
54 84 1 1.86435 1
54 85 1 -0.620705 1
54 86 1 -3.99786 1
54 87 1 0.00663005 1
54 88 1 1.86504 1
54 89 1 3.89214 1
54 90 1 -2.91198 1
54 91 1 3.46235 1
54 92 1 -1.16108 1
54 93 1 3.35723 1
54 94 1 -3.46265 1
54 95 1 -2.77344 1
54 30 1 0.746813 1
54 144 1 1.00319 1
55 64 1 0.933032 1
55 65 1 -2.81257 1
55 66 1 -3.118 1
55 67 1 -0.729532 1
55 68 1 -0.44234 1
55 69 1 0.718376 1
55 70 1 2.93832 1
55 71 1 -4.41031 1
55 72 1 2.63135 1
55 73 1 -0.334644 1
55 74 1 2.31975 1
55 75 1 -2.97025 1
55 76 1 -4.64446 1
55 77 1 1.65933 1
55 78 1 1.0824 1
55 79 1 3.71596 1
55 80 1 -1.0174 1
55 81 1 2.42929 1
55 82 1 -0.655221 1
55 83 1 1.31428 1
55 84 1 -0.232043 1
55 85 1 -6.36004 1
55 86 1 1.79985 1
55 87 1 -1.17552 1
55 88 1 -4.80203 1
55 89 1 1.15474 1
55 90 1 -0.990723 1
55 91 1 1.12209 1
55 92 1 7.87987 1
55 93 1 -3.76474 1
55 94 1 -3.89051 1
55 95 1 -0.660762 0
55 28 1 4.98116 1
55 114 1 0.237767 1
55 0 1 -3.90772 1
55 2 1 0.863622 1
114 95 1 -0.0679185 1
56 64 1 4.66278 1
56 65 1 -8.32734 1
56 66 1 0.667865 1
56 67 1 -1.29176 1
56 68 1 1.7737 0
56 69 1 -2.50743 1
56 70 1 0.570825 1
56 71 1 1.81763 1
56 72 1 -1.75335 1
56 73 1 0.331627 1
56 74 1 3.20022 1
56 75 1 4.21345 1
56 76 1 -2.6911 1
56 77 1 -1.91746 1
56 78 1 -2.57302 1
56 79 1 -0.666502 1
56 80 1 -0.718176 1
56 81 1 6.72022 1
56 82 1 2.50001 1
56 83 1 -0.957921 1
56 84 1 -1.85035 1
56 85 1 -0.483178 1
56 86 1 2.18173 1
56 87 1 -0.375506 1
56 88 1 0.580274 1
56 89 1 0.615894 1
56 90 1 -0.612068 1
56 91 1 -0.835246 1
56 92 1 -1.11926 1
56 93 1 3.33793 1
56 94 1 -1.49156 1
56 95 1 -1.4462 1
56 3 1 -2.36396 1
56 126 1 5.1573 1
56 0 1 -0.314577 1
126 68 1 2.72444 1
126 11 1 -3.65044 1
57 64 1 -4.1941 1
57 65 1 6.42953 1
57 66 1 -1.23415 1
57 67 1 -2.10836 1
57 68 1 1.10838 1
57 69 1 -1.44531 0
57 70 1 1.3672 1
57 71 1 3.03151 1
57 72 1 1.48637 1
57 73 1 -2.49307 1
57 74 1 1.86768 1
57 75 1 5.45498 1
57 76 1 4.86841 1
57 77 1 -5.88125 1
57 78 1 2.17499 1
57 79 1 -1.74094 1
57 80 1 1.4983 1
57 81 1 3.4541 1
57 82 1 4.44796 1
57 83 1 -2.3375 1
57 84 1 0.44515 1
57 85 1 -3.24688 1
57 86 1 -0.826335 1
57 87 1 -0.266324 1
57 88 1 0.759185 1
57 89 1 0.87948 1
57 90 1 1.09586 1
57 91 1 -4.10938 1
57 92 1 -2.3633 1
57 93 1 -2.63242 1
57 94 1 -1.81562 1
57 95 1 3.77681 1
57 104 1 5.12199 1
57 22 1 0.135494 1
104 69 1 3.31693 1
104 1 1 2.27729 1
104 107 1 -0.444114 1
58 64 1 6.82258 1
58 65 1 -1.84659 1
58 66 1 -1.45998 1
58 67 1 -0.544232 1
58 68 1 -3.19208 1
58 69 1 -0.662789 1
58 70 1 -0.207692 1
58 71 1 1.757 1
58 72 1 1.17584 1
58 73 1 -2.7534 1
58 74 1 1.24834 1
58 75 1 1.92211 1
58 76 1 2.47763 1
58 77 1 1.17469 1
58 78 1 -3.3686 1
58 79 1 -1.59296 0
58 80 1 -4.11086 1
58 81 1 3.27494 1
58 82 1 1.65755 1
58 83 1 -0.306833 1
58 84 1 -3.49344 1
58 85 1 0.66069 1
58 86 1 1.26804 1
58 87 1 -2.9369 1
58 88 1 -4.19052 1
58 89 1 -2.88371 1
58 90 1 -0.410646 1
58 91 1 -2.77016 1
58 92 1 1.87518 1
58 93 1 1.17936 1
58 94 1 -0.61773 1
58 95 1 2.61135 1
58 128 1 1.70098 1
58 115 1 0.409204 1
128 79 1 -0.119384 0
128 131 1 1.76646 1
131 79 1 1.43503 0
131 160 1 0.494021 1
160 79 1 3.15525 1
160 125 1 0.902918 1
59 64 1 -3.4344 1
59 65 1 1.70817 1
59 66 1 3.9657 1
59 67 1 -4.12931 1
59 68 1 2.46458 1
59 69 1 -3.28714 1
59 70 1 -2.88112 1
59 71 1 1.60694 1
59 72 1 0.634949 1
59 73 1 0.148811 1
59 74 1 1.38572 1
59 75 1 0.357705 1
59 76 1 2.95769 1
59 77 1 0.520179 0
59 78 1 2.38229 1
59 79 1 -2.84867 1
59 80 1 0.653428 1
59 81 1 1.75645 1
59 82 1 -5.17185 1
59 83 1 4.37361 1
59 84 1 0.169195 1
59 85 1 -3.59709 1
59 86 1 -4.69867 1
59 87 1 1.87377 1
59 88 1 2.72448 1
59 89 1 0.65352 1
59 90 1 0.0813375 1
59 91 1 -1.16551 1
59 92 1 1.85874 1
59 93 1 2.77439 1
59 94 1 -5.08217 1
59 95 1 1.05764 1
59 97 1 -0.714364 1
59 5 1 -4.79506 1
59 11 1 -1.54473 1
59 13 1 2.38323 1
97 77 1 -6.98049 1
97 22 1 -0.819961 1
97 2 1 -6.06017 0
97 99 1 3.39805 1
97 7 1 4.5864 0
97 102 1 2.5567 1
97 17 1 2.75067 1
102 7 1 4.00046 1
99 2 1 1.33662 0
99 108 1 5.94017 1
99 15 1 2.30935 1
108 2 1 -0.722825 0
108 125 1 6.24262 1
125 2 1 2.38673 1
60 64 1 1.19019 1
60 65 1 -0.290321 1
60 66 1 2.06602 1
60 67 1 -0.954463 1
60 68 1 1.67775 1
60 69 1 2.40141 1
60 70 1 -1.94767 1
60 71 1 -0.0668781 1
60 72 1 -0.860862 0
60 73 1 1.45016 1
60 74 1 2.14837 1
60 75 1 1.04049 1
60 76 1 -1.0239 1
60 77 1 5.27401 1
60 78 1 -3.6457 1
60 79 1 0.838126 1
60 80 1 -5.15801 1
60 81 1 -0.804066 1
60 82 1 -1.92669 1
60 83 1 1.59489 1
60 84 1 -3.35482 1
60 85 1 3.06573 1
60 86 1 3.49791 1
60 87 1 -1.05575 1
60 88 1 -4.70018 1
60 89 1 0.952328 1
60 90 1 -1.57665 1
60 91 1 1.13285 1
60 92 1 -0.700232 1
60 93 1 0.0780806 1
60 94 1 -0.151642 1
60 95 1 0.809183 1
60 24 1 -1.26085 1
60 0 1 3.53751 1
60 115 1 2.36374 1
60 3 1 -1.26302 1
115 72 1 -0.477113 1
115 18 1 0.97825 1
115 14 1 1.61753 1
115 19 1 -1.08069 1
61 64 1 -1.31867 1
61 65 1 0.426062 1
61 66 1 2.08356 1
61 67 1 0.356922 1
61 68 1 -4.70262 1
61 69 1 3.71478 1
61 70 1 2.56317 1
61 71 1 0.905951 1
61 72 1 -1.15047 1
61 73 1 0.922887 1
61 74 1 4.80465 1
61 75 1 5.211 1
61 76 1 1.6129 1
61 77 1 -2.55688 0
61 78 1 -2.5472 1
61 79 1 0.758762 1
61 80 1 -2.71475 1
61 81 1 -0.504342 1
61 82 1 -0.199649 1
61 83 1 -0.638452 1
61 84 1 -2.52583 1
61 85 1 -2.19912 1
61 86 1 -0.786354 1
61 87 1 1.98525 1
61 88 1 -1.32696 1
61 89 1 0.76252 1
61 90 1 -1.71843 1
61 91 1 1.78662 1
61 92 1 -0.735279 1
61 93 1 0.116593 1
61 94 1 0.662995 1
61 95 1 -1.70085 1
61 107 1 0.553286 1
61 113 1 -1.17353 1
61 14 1 -2.55491 1
107 77 1 -6.10556 0
107 113 1 -0.658995 1
107 14 1 -3.02375 1
107 20 1 1.33891 1
113 77 1 -1.74306 0
113 23 1 -1.72947 1
113 147 1 0.503487 1
113 159 1 -0.191683 1
159 77 1 -2.76485 0
159 161 1 0.671426 1
161 77 1 -1.27734 1
62 64 1 -0.428319 1
62 65 1 -2.46344 1
62 66 1 3.36327 1
62 67 1 -0.769403 1
62 68 1 1.4895 1
62 69 1 -1.9108 1
62 70 1 -0.365416 1
62 71 1 -3.59625 1
62 72 1 3.76005 1
62 73 1 2.07458 1
62 74 1 3.00504 1
62 75 1 -1.96322 1
62 76 1 3.39496 1
62 77 1 -3.18537 1
62 78 1 -1.50006 1
62 79 1 -1.84493 1
62 80 1 -0.128668 1
62 81 1 1.5397 1
62 82 1 -1.57337 1
62 83 1 3.53135 1
62 84 1 -0.833976 0
62 85 1 0.155452 1
62 86 1 2.91688 1
62 87 1 -2.00251 1
62 88 1 0.0524212 1
62 89 1 -3.56083 1
62 90 1 -7.1568 1
62 91 1 0.978692 1
62 92 1 -0.545491 1
62 93 1 -0.908545 1
62 94 1 -0.0689523 1
62 95 1 -2.28618 1
62 5 1 0.0773911 1
62 138 1 1.22845 0
62 152 1 0.241517 1
62 31 1 -0.340739 1
152 138 1 2.63425 1
138 84 1 -1.90033 1
63 64 1 2.54181 1
63 65 1 -0.377049 1
63 66 1 5.40795 1
63 67 1 -1.52684 1
63 68 1 1.72673 1
63 69 1 -4.91351 1
63 70 1 -2.88138 1
63 71 1 1.74515 1
63 72 1 -0.417278 1
63 73 1 1.92375 1
63 74 1 -7.76403 1
63 75 1 0.589129 1
63 76 1 -1.41515 0
63 77 1 0.618092 1
63 78 1 0.401016 1
63 79 1 -0.0596706 1
63 80 1 2.55216 1
63 81 1 -2.74366 1
63 82 1 1.6635 1
63 83 1 -4.51239 1
63 84 1 -2.51374 1
63 85 1 -4.24026 1
63 86 1 5.81563 1
63 87 1 -3.15371 0
63 88 1 -0.612142 1
63 89 1 -2.99281 1
63 90 1 -0.238509 1
63 91 1 -1.65156 1
63 92 1 0.847501 1
63 93 1 1.22623 1
63 94 1 -0.0315675 1
63 95 1 -1.47561 1
63 141 1 4.64879 1
63 144 1 1.41881 1
144 76 1 -0.748604 0
144 147 1 3.12628 1
147 76 1 -1.82616 1
147 9 1 -1.4225 1
141 87 1 -5.90316 1
141 10 1 0.782474 1
