172 64 32
2.64516 -2.32888 -4.908 5.10529 -5.65361 4.21723 -0.804517 3.56355 -0.345687 3.79653 2.85913 5.98233 -3.96745 -5.55298 -3.37609 -2.98855 2.60615 1.07003 -0.835254 -1.27511 0.662357 0.106962 -0.40536 0.203855 -7.11208 -0.258195 2.84005 0.0564221 -2.22958 -3.71984 -4.44175 -1.00851 -1.41656 0.679546 2.03451 2.59948 -4.18234 0.278469 -0.955038 -1.45163 -0.767945 2.00696 -1.80848 -4.17547 -5.05668 -1.78808 -5.31498 3.22965 0.564526 2.45318 0.226967 -5.35142 -4.84097 0.0237472 -0.240333 2.89405 -3.32746 2.66584 0.297008 -1.22229 3.00065 -2.89846 -1.54127 -4.00432 -4.90509 -2.31916 5.52409 3.41458 -3.12503 3.71398 -2.35993 -4.71702 -3.11205 -2.4205 3.33901 4.43961 -0.182555 -0.313555 -1.06202 -4.75511 1.35098 0.886796 -4.85153 0.485255 2.55225 0.874653 -4.59994 -0.287663 5.17145 0.911523 -0.692631 2.44548 -1.17391 -1.5176 0.121401 -0.78515 -1.27787 -0.709856 -2.03727 -1.52707 1.36852 -3.23691 -5.3058 -2.32012 -4.64988 1.89986 -0.864039 -3.89517 -2.40335 -0.470062 -2.47113 1.96476 3.43065 -5.12572 2.41113 -0.224892 -3.48913 0.282103 -0.961666 -1.5099 4.07324 -1.21677 -1.20985 0.488008 1.37323 4.78848 1.2196 1.14647 0.237093 3.97678 0.810169 -0.268492 -0.636421 0.342726 -1.06843 -1.24823 0.00934721 -0.22047 -2.5153 -0.0893924 1.87156 -1.68807 -0.221661 -2.20555 0.163827 0.666413 -0.246481 -1.23625 1.75097 -2.44108 -0.399817 -0.620831 1.31275 -0.754825 0.981623 -0.452025 -0.077094 1.1579 1.02662 0.963928 0.417806 -0.287332 -0.420741 0.802896 1.44738 0.510804 0.832748 0.189524 1.12977 0.324671 -0.273136 0.163285 
0 64 1 -3.54679 1
0 65 1 0.191541 1
0 66 1 2.44353 1
0 67 1 1.54439 1
0 68 1 -2.94881 1
0 69 1 1.89689 1
0 70 1 2.0265 1
0 71 1 2.27511 1
0 72 1 0.916421 1
0 73 1 -1.68721 1
0 74 1 -2.31829 1
0 75 1 1.46353 1
0 76 1 2.25917 1
0 77 1 1.40981 1
0 78 1 -2.20483 1
0 79 1 0.275881 1
0 80 1 3.38131 1
0 81 1 3.30663 1
0 82 1 5.55312 1
0 83 1 1.21859 1
0 84 1 -1.60327 1
0 85 1 5.94501 1
0 86 1 -1.28386 1
0 87 1 -2.73979 1
0 88 1 1.061 1
0 89 1 4.00447 1
0 90 1 4.26315 1
0 91 1 6.28173 1
0 92 1 -3.97954 1
0 93 1 -2.30965 1
0 94 1 2.4682 1
0 95 1 -0.231147 1
0 10 1 -3.5499 1
1 64 1 -0.498053 1
1 65 1 -3.85664 1
1 66 1 2.89325 1
1 67 1 -4.34335 1
1 68 1 5.11442 1
1 69 1 -1.25615 1
1 70 1 3.38556 1
1 71 1 -1.27781 1
1 72 1 -2.3519 1
1 73 1 -1.77739 1
1 74 1 -3.09816 1
1 75 1 3.70806 1
1 76 1 -2.73378 1
1 77 1 6.97422 1
1 78 1 -1.0657 1
1 79 1 -1.06617 1
1 80 1 -3.02754 1
1 81 1 1.25682 1
1 82 1 -0.344273 1
1 83 1 -5.11928 1
1 84 1 -3.34892 1
1 85 1 -0.856434 1
1 86 1 2.43182 1
1 87 1 0.126305 1
1 88 1 -0.598697 1
1 89 1 3.83422 1
1 90 1 -0.991638 1
1 91 1 -2.33488 1
1 92 1 -0.462767 1
1 93 1 2.82747 1
1 94 1 -3.31907 1
1 95 1 -5.66071 1
1 27 1 0.381662 1
2 64 1 0.202744 1
2 65 1 -2.39768 1
2 66 1 -5.36429 1
2 67 1 -2.30929 1
2 68 1 -2.9443 1
2 69 1 0.632612 1
2 70 1 -1.01279 1
2 71 1 3.13079 1
2 72 1 -2.02564 1
2 73 1 -2.22139 1
2 74 1 -3.90112 1
2 75 1 -0.158112 1
2 76 1 -4.48868 1
2 77 1 -2.37987 1
2 78 1 0.356921 1
2 79 1 -3.25685 1
2 80 1 -6.44766 1
2 81 1 -5.45752 1
2 82 1 -0.643219 1
2 83 1 -2.99182 1
2 84 1 0.00346475 1
2 85 1 3.55366 1
2 86 1 -0.631929 1
2 87 1 -0.181759 1
2 88 1 -0.129206 1
2 89 1 -4.41524 1
2 90 1 -4.73988 1
2 91 1 -0.809612 1
2 92 1 2.22066 1
2 93 1 -2.54872 1
2 94 1 2.75119 1
2 95 1 -1.242 1
2 100 1 -0.814244 1
2 6 1 4.80128 1
2 110 1 -1.67497 1
3 64 1 -1.66035 1
3 65 1 -1.67786 1
3 66 1 -0.51018 1
3 67 1 0.313048 1
3 68 1 6.06958 1
3 69 1 -3.05059 1
3 70 1 -2.73062 1
3 71 1 -0.269842 1
3 72 1 9.10975 1
3 73 1 -0.363028 1
3 74 1 -0.421489 1
3 75 1 3.59403 1
3 76 1 -0.0972569 1
3 77 1 0.0329533 1
3 78 1 -2.13194 1
3 79 1 1.04267 1
3 80 1 -3.44828 1
3 81 1 -0.517495 1
3 82 1 6.29928 1
3 83 1 2.43252 1
3 84 1 -0.36676 1
3 85 1 -4.35413 1
3 86 1 0.212043 1
3 87 1 3.25481 1
3 88 1 -2.35899 1
3 89 1 3.47957 1
3 90 1 1.72601 1
3 91 1 2.96609 1
3 92 1 0.78735 1
3 93 1 -2.09479 1
3 94 1 -1.45484 1
3 95 1 3.67214 0
3 110 1 2.61037 1
110 95 1 -0.983749 0
110 111 1 -0.675806 0
110 132 1 2.59137 1
110 152 1 -0.358908 1
110 126 1 -1.19003 1
110 20 1 -1.14701 1
110 16 1 1.66295 1
132 111 1 2.72175 1
111 95 1 -2.07559 1
4 64 1 1.40495 1
4 65 1 -0.636207 1
4 66 1 -0.456299 1
4 67 1 4.32803 1
4 68 1 1.15283 1
4 69 1 1.91279 1
4 70 1 -1.42329 1
4 71 1 0.352853 1
4 72 1 -2.22504 1
4 73 1 -1.31624 0
4 74 1 -0.24107 1
4 75 1 -5.83256 0
4 76 1 -0.38104 1
4 77 1 4.17045 1
4 78 1 -0.892273 1
4 79 1 0.968841 1
4 80 1 -4.86461 1
4 81 1 1.95974 1
4 82 1 0.244096 1
4 83 1 -1.74773 1
4 84 1 -2.07298 1
4 85 1 1.17347 1
4 86 1 1.58169 1
4 87 1 -2.1041 1
4 88 1 -2.62295 1
4 89 1 -1.70257 1
4 90 1 2.69259 1
4 91 1 -2.36258 1
4 92 1 -0.42973 1
4 93 1 1.12061 0
4 94 1 -3.53368 1
4 95 1 2.65787 1
4 101 1 3.24154 1
4 17 1 4.69383 1
4 118 1 0.958508 1
4 145 1 0.94175 1
4 119 1 -0.469311 1
4 171 1 0.949781 1
171 75 1 -5.75871 1
145 93 1 -1.17545 1
118 73 1 -3.17168 1
101 75 1 1.05289 1
5 64 1 -1.14574 1
5 65 1 6.63187 1
5 66 1 -1.78572 1
5 67 1 8.47229 1
5 68 1 2.87888 1
5 69 1 4.57108 1
5 70 1 0.0784854 1
5 71 1 -1.02979 1
5 72 1 1.46756 1
5 73 1 0.00677512 1
5 74 1 -1.27793 1
5 75 1 3.01362 1
5 76 1 3.19183 1
5 77 1 1.26071 1
5 78 1 0.890954 1
5 79 1 0.376347 1
5 80 1 1.35611 1
5 81 1 -1.08177 1
5 82 1 -0.084044 1
5 83 1 4.81786 1
5 84 1 3.12153 1
5 85 1 2.63549 1
5 86 1 -0.217403 1
5 87 1 2.22373 1
5 88 1 0.446647 1
5 89 1 -4.75586 1
5 90 1 -2.61249 1
5 91 1 -0.341556 1
5 92 1 -0.714953 1
5 93 1 1.74455 1
5 94 1 -1.26461 1
5 95 1 -1.32903 1
5 28 1 2.79091 1
6 64 1 -0.307126 1
6 65 1 -1.04967 1
6 66 1 2.56354 1
6 67 1 3.33318 1
6 68 1 -4.27204 1
6 69 1 -2.81317 1
6 70 1 -3.85189 1
6 71 1 1.46584 1
6 72 1 2.22635 1
6 73 1 -3.46232 1
6 74 1 -5.01851 1
6 75 1 2.0257 1
6 76 1 5.07846 1
6 77 1 -2.24028 1
6 78 1 -0.0927321 1
6 79 1 -3.01281 1
6 80 1 3.46002 1
6 81 1 -0.678228 1
6 82 1 0.424043 1
6 83 1 1.89573 1
6 84 1 2.4973 1
6 85 1 -5.20396 1
6 86 1 0.246482 1
6 87 1 4.39582 1
6 88 1 -1.99934 1
6 89 1 -2.04391 1
6 90 1 4.00081 1
6 91 1 -0.542762 1
6 92 1 3.94536 1
6 93 1 -4.17685 1
6 94 1 -3.09614 1
6 95 1 2.50579 1
6 26 1 0.408732 1
7 64 1 3.19568 1
7 65 1 1.88563 1
7 66 1 0.840838 1
7 67 1 -6.21979 1
7 68 1 -2.11821 1
7 69 1 -2.43169 1
7 70 1 5.83646 1
7 71 1 4.14406 1
7 72 1 3.13465 1
7 73 1 -1.44573 1
7 74 1 -2.92256 1
7 75 1 -0.32969 0
7 76 1 1.76526 1
7 77 1 2.29363 1
7 78 1 2.33099 1
7 79 1 3.54852 1
7 80 1 -0.983627 1
7 81 1 1.91269 1
7 82 1 -5.04286 0
7 83 1 0.953365 0
7 84 1 -1.63153 1
7 85 1 3.00101 1
7 86 1 0.658482 1
7 87 1 5.34719 1
7 88 1 -2.41764 1
7 89 1 -2.88599 1
7 90 1 1.68969 1
7 91 1 -1.76619 1
7 92 1 2.04521 1
7 93 1 -3.19634 1
7 94 1 -1.06541 1
7 95 1 1.38459 1
7 100 1 1.07652 1
7 127 1 2.64834 1
7 164 1 2.01658 1
164 75 1 0.593843 1
127 82 1 -5.24399 0
127 169 1 0.800444 1
169 82 1 -5.0104 1
100 83 1 4.21011 0
100 24 1 -1.62269 0
100 106 1 4.96007 1
100 166 1 1.24874 1
166 83 1 3.68139 1
106 24 1 -6.74864 1
106 6 1 -1.43082 1
8 64 1 2.8813 1
8 65 1 -3.40822 1
8 66 1 -0.260747 1
8 67 1 0.468084 1
8 68 1 -1.94972 1
8 69 1 3.78747 1
8 70 1 1.80237 1
8 71 1 4.0142 1
8 72 1 3.45907 1
8 73 1 -2.39531 1
8 74 1 -2.26778 1
8 75 1 -2.50081 1
8 76 1 0.26925 1
8 77 1 3.94391 1
8 78 1 1.19247 1
8 79 1 -1.97218 1
8 80 1 1.33963 1
8 81 1 -3.59869 1
8 82 1 -1.59508 1
8 83 1 -3.77428 1
8 84 1 1.56514 1
8 85 1 8.71532 1
8 86 1 5.45513 1
8 87 1 3.21221 1
8 88 1 -1.75333 1
8 89 1 3.8832 1
8 90 1 0.313421 1
8 91 1 -0.0445639 1
8 92 1 2.28085 1
8 93 1 5.7184 1
8 94 1 4.17346 1
8 95 1 -1.39062 1
8 17 1 -0.32301 1
9 64 1 -3.98246 1
9 65 1 -1.70779 1
9 66 1 0.990708 1
9 67 1 0.953423 1
9 68 1 -1.57214 1
9 69 1 -0.885827 1
9 70 1 -6.81508 1
9 71 1 -2.3996 1
9 72 1 3.19514 1
9 73 1 -0.41637 1
9 74 1 -0.613804 1
9 75 1 2.24448 1
9 76 1 4.10559 1
9 77 1 0.574838 1
9 78 1 3.52454 1
9 79 1 0.735275 0
9 80 1 -1.41144 1
9 81 1 1.21453 1
9 82 1 -2.61233 1
9 83 1 -1.99489 1
9 84 1 3.50788 1
9 85 1 0.808286 1
9 86 1 0.245771 1
9 87 1 -0.305082 1
9 88 1 3.2156 1
9 89 1 4.37353 1
9 90 1 -1.14747 1
9 91 1 1.611 1
9 92 1 -1.79591 1
9 93 1 -1.03954 1
9 94 1 -4.44023 1
9 95 1 1.3252 1
9 103 1 -1.77927 1
9 130 1 -1.57935 1
9 157 1 0.340292 1
157 79 1 0.686048 1
10 64 1 1.24577 1
10 65 1 0.221881 1
10 66 1 4.55535 1
10 67 1 -4.29289 1
10 68 1 2.73343 1
10 69 1 -0.95853 1
10 70 1 0.0539741 1
10 71 1 -1.60178 1
10 72 1 4.92232 1
10 73 1 2.64722 1
10 74 1 -0.0222325 0
10 75 1 0.891674 1
10 76 1 4.33301 1
10 77 1 1.52038 1
10 78 1 0.48755 1
10 79 1 -5.9499 1
10 80 1 -2.48722 1
10 81 1 4.16364 1
10 82 1 3.76132 1
10 83 1 1.40274 1
10 84 1 5.62105 1
10 85 1 2.32941 1
10 86 1 -2.15458 1
10 87 1 -0.701575 1
10 88 1 3.98535 1
10 89 1 1.87568 1
10 90 1 -1.09535 1
10 91 1 1.98447 1
10 92 1 -1.20692 1
10 93 1 -1.64879 1
10 94 1 4.68106 1
10 95 1 5.28893 0
10 124 1 1.66601 1
10 165 1 0.576526 1
165 95 1 4.33605 1
124 74 1 -0.162555 1
124 12 1 2.32471 1
11 64 1 3.72189 1
11 65 1 2.14777 1
11 66 1 4.41853 1
11 67 1 -2.4656 1
11 68 1 2.91931 1
11 69 1 2.06369 1
11 70 1 4.37959 1
11 71 1 0.0593355 1
11 72 1 -6.26339 1
11 73 1 1.01158 1
11 74 1 -0.292469 0
11 75 1 -2.34538 1
11 76 1 -1.67827 1
11 77 1 1.14695 1
11 78 1 -1.41447 1
11 79 1 -1.44955 1
11 80 1 -3.09312 1
11 81 1 0.41957 1
11 82 1 5.87086 0
11 83 1 3.47539 1
11 84 1 1.90979 1
11 85 1 -1.48635 1
11 86 1 -4.59229 1
11 87 1 0.621327 1
11 88 1 -5.53112 1
11 89 1 1.4898 1
11 90 1 1.2032 1
11 91 1 -1.03595 1
11 92 1 -1.53158 1
11 93 1 3.26605 1
11 94 1 -2.72808 1
11 95 1 -5.79332 1
11 120 1 -6.04478 1
11 109 1 -0.916601 1
11 154 1 1.43732 1
11 8 1 -2.03107 1
11 112 1 1.36175 1
154 82 1 5.10297 1
120 74 1 -2.91905 1
120 13 1 0.0604951 0
120 150 1 3.58418 1
150 13 1 2.55549 0
150 163 1 1.77194 1
163 13 1 1.68999 1
12 64 1 -2.20679 1
12 65 1 -2.17038 0
12 66 1 0.767337 1
12 67 1 -3.48235 1
12 68 1 0.343045 1
12 69 1 1.21794 1
12 70 1 0.844523 1
12 71 1 -0.445102 1
12 72 1 3.23126 1
12 73 1 -3.73329 1
12 74 1 -1.92302 1
12 75 1 -0.485796 1
12 76 1 -1.06617 1
12 77 1 0.680641 1
12 78 1 -2.56927 1
12 79 1 -3.44494 1
12 80 1 -1.51754 1
12 81 1 -2.65067 1
12 82 1 3.8986 1
12 83 1 0.878137 1
12 84 1 2.6605 1
12 85 1 -1.39711 1
12 86 1 -2.94017 1
12 87 1 -1.03237 1
12 88 1 -2.06133 1
12 89 1 0.958143 1
12 90 1 -1.71612 1
12 91 1 -3.07599 1
12 92 1 4.14596 1
12 93 1 -3.51877 1
12 94 1 2.6102 1
12 95 1 -3.60944 1
12 17 1 0.29808 1
12 18 1 -1.09243 1
12 144 1 -2.0215 1
12 167 1 0.929515 1
12 11 1 0.00273402 1
167 65 1 -0.96614 1
13 64 1 -1.34175 1
13 65 1 -4.38819 1
13 66 1 -1.37442 1
13 67 1 1.00969 1
13 68 1 2.80908 1
13 69 1 -3.18428 1
13 70 1 0.737696 1
13 71 1 1.06694 1
13 72 1 0.610332 1
13 73 1 -1.64278 1
13 74 1 -0.555721 1
13 75 1 -1.45512 1
13 76 1 -1.84663 1
13 77 1 -2.77711 1
13 78 1 3.05701 1
13 79 1 3.63409 1
13 80 1 0.231506 1
13 81 1 1.05489 1
13 82 1 2.24771 1
13 83 1 4.89278 1
13 84 1 -3.85718 1
13 85 1 6.78259 1
13 86 1 4.68901 1
13 87 1 7.30818 1
13 88 1 3.14943 1
13 89 1 0.32247 1
13 90 1 -4.42185 1
13 91 1 -5.65263 1
13 92 1 -3.32277 1
13 93 1 -2.78702 1
13 94 1 0.143713 1
13 95 1 -3.5278 1
14 64 1 -0.889344 1
14 65 1 7.4983 1
14 66 1 0.541442 1
14 67 1 1.05959 1
14 68 1 -0.515562 1
14 69 1 1.85069 1
14 70 1 -0.37851 1
14 71 1 0.0788646 1
14 72 1 3.95772 1
14 73 1 1.6571 1
14 74 1 0.694271 1
14 75 1 2.79884 1
14 76 1 -3.7194 1
14 77 1 0.915317 1
14 78 1 -1.13747 1
14 79 1 -0.810433 1
14 80 1 -0.971259 1
14 81 1 0.477551 0
14 82 1 4.007 1
14 83 1 0.0328325 1
14 84 1 0.249701 1
14 85 1 -1.87189 1
14 86 1 2.92947 1
14 87 1 -0.595938 1
14 88 1 -2.07316 1
14 89 1 0.976772 1
14 90 1 -0.904286 1
14 91 1 4.15281 1
14 92 1 4.82718 1
14 93 1 0.2298 1
14 94 1 4.9516 1
14 95 1 1.41178 1
14 104 1 -1.04703 1
14 119 1 1.65254 1
14 126 1 0.168363 1
119 81 1 5.71572 1
119 99 1 -0.0454283 1
15 64 1 -0.388354 1
15 65 1 2.65942 1
15 66 1 -3.63042 1
15 67 1 -1.80541 1
15 68 1 0.972714 1
15 69 1 -2.44717 1
15 70 1 8.02386 1
15 71 1 -1.88052 1
15 72 1 -1.63914 1
15 73 1 0.933696 1
15 74 1 1.00889 1
15 75 1 -1.23255 1
15 76 1 0.0639816 1
15 77 1 2.96027 1
15 78 1 -2.5662 1
15 79 1 0.433013 1
15 80 1 2.37935 1
15 81 1 -0.488091 1
15 82 1 -5.24261 1
15 83 1 0.58571 1
15 84 1 0.768912 1
15 85 1 -0.658841 1
15 86 1 0.775796 1
15 87 1 -5.72087 1
15 88 1 0.617093 1
15 89 1 4.08426 1
15 90 1 -0.395588 1
15 91 1 -3.71014 1
15 92 1 1.95174 1
15 93 1 -2.39106 1
15 94 1 -0.134366 1
15 95 1 -0.373448 1
15 20 1 -3.17148 1
16 64 1 4.10058 1
16 65 1 -1.91226 1
16 66 1 -1.81949 1
16 67 1 -4.09674 1
16 68 1 0.348143 1
16 69 1 0.142719 1
16 70 1 2.40631 1
16 71 1 5.95858 1
16 72 1 -2.14267 1
16 73 1 -2.72202 1
16 74 1 -0.00565165 1
16 75 1 2.62523 1
16 76 1 2.76156 1
16 77 1 0.778018 1
16 78 1 -1.85744 1
16 79 1 0.280016 0
16 80 1 0.940722 1
16 81 1 3.15203 1
16 82 1 -5.33563 1
16 83 1 2.48404 1
16 84 1 -0.686485 1
16 85 1 -0.876506 1
16 86 1 0.238964 1
16 87 1 -1.04739 1
16 88 1 1.55549 1
16 89 1 0.886244 1
16 90 1 -3.65303 1
16 91 1 3.07152 1
16 92 1 3.23535 1
16 93 1 -0.795165 1
16 94 1 -0.177 1
16 95 1 -2.97013 1
16 26 1 -1.33175 1
16 151 1 1.41149 1
151 79 1 -0.881028 1
17 64 1 -1.81275 1
17 65 1 0.890583 1
17 66 1 -0.157012 1
17 67 1 3.98986 1
17 68 1 -0.242112 1
17 69 1 2.46705 1
17 70 1 0.524103 1
17 71 1 3.69112 1
17 72 1 -6.61325 0
17 73 1 2.99373 1
17 74 1 2.69282 1
17 75 1 -1.52489 1
17 76 1 -2.03584 1
17 77 1 2.34387 1
17 78 1 -0.356225 1
17 79 1 -3.53377 1
17 80 1 5.02109 1
17 81 1 3.76555 1
17 82 1 -0.0183818 1
17 83 1 -2.57445 1
17 84 1 -2.02317 1
17 85 1 2.52568 1
17 86 1 -0.976176 1
17 87 1 -3.26087 1
17 88 1 -6.65503 1
17 89 1 2.4507 1
17 90 1 -4.79852 1
17 91 1 6.09423 1
17 92 1 1.47935 1
17 93 1 3.67793 1
17 94 1 2.10823 1
17 95 1 2.18476 1
17 146 1 2.75649 1
146 72 1 -5.28069 1
146 30 1 0.317283 1
18 64 1 3.89008 1
18 65 1 -3.24804 1
18 66 1 4.09971 1
18 67 1 2.07721 1
18 68 1 -2.25216 1
18 69 1 -0.600114 1
18 70 1 3.49275 1
18 71 1 -0.701278 1
18 72 1 0.946349 1
18 73 1 -0.277901 1
18 74 1 0.889627 1
18 75 1 -3.11204 1
18 76 1 5.01759 1
18 77 1 -1.72045 1
18 78 1 2.07216 1
18 79 1 2.0458 1
18 80 1 -7.58544 1
18 81 1 4.7727 1
18 82 1 -2.47113 1
18 83 1 3.94347 1
18 84 1 -2.89869 1
18 85 1 2.32741 1
18 86 1 6.09253 1
18 87 1 -2.49895 1
18 88 1 0.76922 1
18 89 1 -3.5575 1
18 90 1 0.691625 1
18 91 1 -0.245192 1
18 92 1 -3.12963 1
18 93 1 2.15641 1
18 94 1 -1.31442 1
18 95 1 0.406422 1
18 25 1 0.126874 1
18 18 1 -0.300185 1
18 139 1 0.705874 1
19 64 1 6.21013 1
19 65 1 -1.63456 1
19 66 1 6.37149 1
19 67 1 -2.00523 1
19 68 1 -1.16652 1
19 69 1 2.71154 1
19 70 1 -0.113798 1
19 71 1 -1.45395 1
19 72 1 4.19217 1
19 73 1 0.431097 1
19 74 1 -0.792685 1
19 75 1 -0.472594 1
19 76 1 -4.48904 1
19 77 1 -0.746836 1
19 78 1 0.00455073 1
19 79 1 4.92572 1
19 80 1 -1.55461 1
19 81 1 -2.49996 1
19 82 1 1.18802 1
19 83 1 -2.73278 1
19 84 1 1.59326 1
19 85 1 3.25074 1
19 86 1 -0.794713 1
19 87 1 3.75387 1
19 88 1 -0.544875 1
19 89 1 5.37384 1
19 90 1 -0.340046 1
19 91 1 -0.95244 1
19 92 1 -0.836864 1
19 93 1 -5.25197 1
19 94 1 -2.4491 1
19 95 1 -7.51834 1
20 64 1 1.07639 1
20 65 1 0.117166 1
20 66 1 -4.20169 1
20 67 1 2.16034 1
20 68 1 0.147185 1
20 69 1 1.01933 1
20 70 1 -3.28493 1
20 71 1 4.42024 1
20 72 1 0.754768 1
20 73 1 2.94733 1
20 74 1 3.17126 1
20 75 1 3.27648 1
20 76 1 -1.18882 1
20 77 1 -2.31426 1
20 78 1 1.3304 1
20 79 1 1.74804 1
20 80 1 -0.283371 1
20 81 1 -0.38565 1
20 82 1 2.94951 1
20 83 1 0.587287 1
20 84 1 4.4418 1
20 85 1 -4.89274 1
20 86 1 0.658106 1
20 87 1 -0.875667 1
20 88 1 2.37832 1
20 89 1 -0.158467 1
20 90 1 2.03202 1
20 91 1 2.5324 0
20 92 1 0.449739 1
20 93 1 2.5653 0
20 94 1 2.88494 0
20 95 1 0.649664 1
20 96 1 -3.00508 1
20 98 1 2.39132 1
20 103 1 0.868332 1
20 109 1 -0.781981 1
103 91 1 1.29785 0
103 105 1 3.73544 1
103 112 1 -1.90415 0
103 123 1 -2.85298 1
103 140 1 -1.78271 1
140 112 1 3.1462 1
123 91 1 0.250471 1
123 113 1 -0.292385 0
123 136 1 0.0283605 1
123 137 1 1.94994 1
136 113 1 -1.38468 1
136 6 1 -0.15791 1
105 91 1 2.49288 0
105 129 1 0.663493 1
129 91 1 0.0823646 0
129 135 1 3.01297 1
129 116 1 0.786426 1
135 91 1 -2.65216 1
98 93 1 2.45358 1
98 99 1 5.75572 1
98 15 1 0.988042 1
96 94 1 1.39647 1
96 20 1 -0.933714 0
96 155 1 1.68407 1
155 20 1 -2.09428 1
155 30 1 -0.440705 1
21 64 1 3.69389 1
21 65 1 8.04921 1
21 66 1 -5.10878 1
21 67 1 -4.37858 1
21 68 1 -2.07906 1
21 69 1 1.07447 1
21 70 1 -0.48369 1
21 71 1 -4.87665 1
21 72 1 -7.49468 1
21 73 1 -2.46013 1
21 74 1 -0.0961352 1
21 75 1 1.56227 1
21 76 1 -0.693355 1
21 77 1 -2.67307 1
21 78 1 -0.536948 1
21 79 1 -2.19869 1
21 80 1 0.233559 1
21 81 1 -2.76265 1
21 82 1 -0.617365 1
21 83 1 -1.6034 1
21 84 1 7.57476 1
21 85 1 0.107241 1
21 86 1 1.00909 1
21 87 1 -0.757392 1
21 88 1 4.30648 1
21 89 1 0.976891 1
21 90 1 0.00625464 1
21 91 1 0.25888 0
21 92 1 2.27245 1
21 93 1 1.01382 1
21 94 1 -3.05329 1
21 95 1 -0.125897 1
21 143 1 3.91558 1
143 91 1 -1.47468 1
22 64 1 1.38369 1
22 65 1 -0.626189 1
22 66 1 1.02581 1
22 67 1 5.28364 1
22 68 1 0.0826337 1
22 69 1 -1.60817 1
22 70 1 -1.82677 1
22 71 1 0.450054 1
22 72 1 -3.82468 1
22 73 1 1.80346 1
22 74 1 -6.28927 1
22 75 1 -3.20855 1
22 76 1 -0.193518 1
22 77 1 0.472528 1
22 78 1 4.76184 1
22 79 1 5.41707 1
22 80 1 0.806853 1
22 81 1 -1.86813 1
22 82 1 1.09347 1
22 83 1 0.330272 1
22 84 1 -1.66749 1
22 85 1 2.54877 1
22 86 1 0.367995 1
22 87 1 6.34524 1
22 88 1 -4.70312 1
22 89 1 0.719174 1
22 90 1 1.39461 1
22 91 1 1.05596 1
22 92 1 1.29585 1
22 93 1 3.67025 1
22 94 1 5.42261 1
22 95 1 1.90958 1
23 64 1 -2.99968 1
23 65 1 1.69694 1
23 66 1 2.46816 1
23 67 1 2.85242 1
23 68 1 -2.95993 1
23 69 1 2.36534 1
23 70 1 3.04062 1
23 71 1 -4.35659 1
23 72 1 -1.16426 1
23 73 1 -1.30753 1
23 74 1 2.07063 1
23 75 1 1.94274 1
23 76 1 3.18073 1
23 77 1 4.5989 1
23 78 1 2.12174 1
23 79 1 -4.65423 1
23 80 1 2.20932 1
23 81 1 0.11988 1
23 82 1 -3.39539 1
23 83 1 0.250209 1
23 84 1 3.23154 1
23 85 1 -1.93325 1
23 86 1 -11.1323 1
23 87 1 0.303839 1
23 88 1 2.24476 1
23 89 1 -1.64565 1
23 90 1 -5.54738 1
23 91 1 -1.70223 1
23 92 1 2.97716 1
23 93 1 3.3391 1
23 94 1 -2.87967 1
23 95 1 0.677659 1
23 107 1 -0.425904 1
23 27 1 -0.538967 1
24 64 1 -1.28013 1
24 65 1 1.07633 1
24 66 1 -1.91042 1
24 67 1 6.18231 1
24 68 1 -6.06855 1
24 69 1 2.6641 0
24 70 1 1.72012 1
24 71 1 4.09891 1
24 72 1 0.0885175 1
24 73 1 2.11881 1
24 74 1 2.02769 1
24 75 1 1.32307 1
24 76 1 -3.09032 1
24 77 1 0.381727 1
24 78 1 -5.68072 1
24 79 1 0.104059 1
24 80 1 4.73787 1
24 81 1 2.14475 1
24 82 1 -1.872 1
24 83 1 -2.14191 1
24 84 1 -3.63618 1
24 85 1 -0.63553 1
24 86 1 -5.11922 1
24 87 1 4.41543 1
24 88 1 -0.763985 1
24 89 1 8.40045 1
24 90 1 4.37228 1
24 91 1 -4.05784 1
24 92 1 -0.171279 1
24 93 1 -0.326854 1
24 94 1 -0.983391 1
24 95 1 -3.88407 1
24 5 1 0.505666 1
24 168 1 -0.269471 1
168 69 1 3.94921 1
25 64 1 -0.72326 1
25 65 1 0.847805 1
25 66 1 -1.99636 1
25 67 1 -1.25174 1
25 68 1 2.30003 1
25 69 1 -4.79958 1
25 70 1 2.23052 0
25 71 1 -1.92548 1
25 72 1 3.0469 1
25 73 1 2.60689 1
25 74 1 1.48965 1
25 75 1 -2.00989 1
25 76 1 0.407394 1
25 77 1 -1.57456 1
25 78 1 3.55213 1
25 79 1 0.739542 1
25 80 1 -0.957222 1
25 81 1 -0.876677 1
25 82 1 -1.38074 1
25 83 1 3.08786 1
25 84 1 -1.50569 1
25 85 1 -0.668334 1
25 86 1 3.85391 1
25 87 1 0.391906 1
25 88 1 0.0121326 1
25 89 1 -0.848956 1
25 90 1 -3.17935 1
25 91 1 2.00967 1
25 92 1 2.62007 1
25 93 1 -1.09542 1
25 94 1 -2.19175 1
25 95 1 -2.87429 1
25 8 1 0.723177 1
25 6 1 -2.51795 1
25 121 1 -0.82013 1
121 70 1 6.16582 1
26 64 1 -2.56348 1
26 65 1 1.44669 1
26 66 1 -0.101305 1
26 67 1 1.84418 1
26 68 1 0.0141761 1
26 69 1 1.49642 1
26 70 1 -1.4905 1
26 71 1 1.27708 1
26 72 1 -3.01227 1
26 73 1 0.201341 1
26 74 1 -8.47978 1
26 75 1 1.97208 1
26 76 1 1.22802 1
26 77 1 -3.56259 1
26 78 1 2.15788 1
26 79 1 0.252759 1
26 80 1 -2.00907 1
26 81 1 3.3296 1
26 82 1 1.90175 1
26 83 1 2.49787 1
26 84 1 -5.41191 1
26 85 1 -0.390799 1
26 86 1 -3.83754 1
26 87 1 2.39466 1
26 88 1 -4.12723 1
26 89 1 -0.265566 1
26 90 1 -2.97726 1
26 91 1 -4.1015 1
26 92 1 0.319894 1
26 93 1 -2.67422 1
26 94 1 2.69405 1
26 95 1 -0.824401 1
26 23 1 4.31171 1
26 15 1 0.355974 1
26 161 1 -1.68154 1
27 64 1 -3.34229 1
27 65 1 3.35257 1
27 66 1 3.44587 1
27 67 1 -1.77844 1
27 68 1 2.21093 1
27 69 1 1.2909 1
27 70 1 5.3817 1
27 71 1 -5.14089 1
27 72 1 -1.11344 1
27 73 1 1.25341 1
27 74 1 -3.63337 1
27 75 1 4.42939 1
27 76 1 -4.4634 1
27 77 1 0.512372 1
27 78 1 1.95397 1
27 79 1 1.95419 1
27 80 1 -1.81251 1
27 81 1 -1.70305 1
27 82 1 1.59359 1
27 83 1 0.984037 1
27 84 1 2.26238 1
27 85 1 -1.60938 1
27 86 1 -3.05941 1
27 87 1 -1.63394 1
27 88 1 -5.97979 1
27 89 1 -5.15591 1
27 90 1 4.63181 1
27 91 1 -2.56772 1
27 92 1 -0.368772 1
27 93 1 -0.959933 1
27 94 1 0.756839 1
27 95 1 -0.417581 1
27 9 1 1.8254 1
27 5 1 -0.217853 1
28 64 1 2.52291 1
28 65 1 -0.577775 1
28 66 1 -1.74831 1
28 67 1 5.59777 1
28 68 1 4.44373 1
28 69 1 0.08702 1
28 70 1 -0.384681 1
28 71 1 0.601738 1
28 72 1 -7.88489 1
28 73 1 0.644716 1
28 74 1 -1.9916 1
28 75 1 1.44674 1
28 76 1 1.27408 1
28 77 1 2.68926 1
28 78 1 -3.18099 1
28 79 1 2.69016 1
28 80 1 2.20325 1
28 81 1 -1.61009 1
28 82 1 3.75495 1
28 83 1 1.00085 1
28 84 1 4.51525 1
28 85 1 -4.80892 1
28 86 1 -1.6012 1
28 87 1 0.718255 1
28 88 1 -3.87566 1
28 89 1 2.19672 1
28 90 1 -2.32753 1
28 91 1 -0.0156972 1
28 92 1 5.49505 1
28 93 1 -2.09382 1
28 94 1 4.56831 1
28 95 1 -4.02627 1
29 64 1 -1.65093 1
29 65 1 1.86539 1
29 66 1 -1.28579 1
29 67 1 1.94334 1
29 68 1 -8.03136 1
29 69 1 2.28618 1
29 70 1 -2.88841 1
29 71 1 0.317675 1
29 72 1 0.00677513 1
29 73 1 -1.0953 1
29 74 1 -1.56746 1
29 75 1 -0.236919 1
29 76 1 -0.267851 1
29 77 1 2.14736 1
29 78 1 -4.78099 1
29 79 1 -3.02154 1
29 80 1 2.67725 1
29 81 1 1.3979 1
29 82 1 0.992681 1
29 83 1 1.01764 1
29 84 1 -0.128447 1
29 85 1 -2.43419 1
29 86 1 -2.86171 1
29 87 1 -2.59812 1
29 88 1 -1.33627 1
29 89 1 -3.59499 1
29 90 1 -1.05617 1
29 91 1 0.308257 1
29 92 1 1.87935 1
29 93 1 0.011654 1
29 94 1 -2.09815 1
29 95 1 1.70987 1
29 113 1 1.40776 1
30 64 1 -0.0758949 1
30 65 1 5.33286 1
30 66 1 4.65161 1
30 67 1 -0.895131 1
30 68 1 -0.135335 1
30 69 1 1.28462 1
30 70 1 3.82862 1
30 71 1 -0.307276 1
30 72 1 -2.21698 1
30 73 1 2.71526 1
30 74 1 -1.03266 1
30 75 1 2.18266 1
30 76 1 2.5273 1
30 77 1 -1.11848 1
30 78 1 3.02469 1
30 79 1 4.60227 1
30 80 1 -2.08243 1
30 81 1 0.160293 1
30 82 1 5.82039 1
30 83 1 2.39669 1
30 84 1 0.425048 1
30 85 1 -2.54355 1
30 86 1 -2.84497 1
30 87 1 -2.34853 1
30 88 1 1.3813 1
30 89 1 -2.08269 1
30 90 1 0.144774 1
30 91 1 5.50027 1
30 92 1 -0.809857 1
30 93 1 1.96154 1
30 94 1 1.58098 1
30 95 1 -2.9006 1
30 28 1 0.276342 1
31 64 1 2.80029 1
31 65 1 -1.55202 1
31 66 1 -5.88973 1
31 67 1 7.60734 1
31 68 1 3.82797 1
31 69 1 0.398581 1
31 70 1 -0.895177 1
31 71 1 2.03148 1
31 72 1 -3.01957 1
31 73 1 -0.709954 1
31 74 1 3.73991 1
31 75 1 -0.175355 1
31 76 1 -1.69038 1
31 77 1 0.514062 1
31 78 1 -3.79313 1
31 79 1 1.04601 1
31 80 1 -0.295268 1
31 81 1 -1.27237 1
31 82 1 -1.23038 1
31 83 1 -0.780697 1
31 84 1 -3.43533 1
31 85 1 -4.30581 1
31 86 1 1.65503 1
31 87 1 -4.17152 0
31 88 1 2.61899 1
31 89 1 -1.17495 1
31 90 1 -1.17394 1
31 91 1 -4.07817 1
31 92 1 -0.61898 1
31 93 1 -0.770068 1
31 94 1 2.45223 1
31 95 1 -1.54341 1
31 122 1 2.01064 1
31 10 1 -1.39138 1
122 87 1 -2.14527 1
32 64 1 7.33323 1
32 65 1 0.783655 1
32 66 1 -4.17917 1
32 67 1 2.76033 1
32 68 1 1.19668 1
32 69 1 3.78483 1
32 70 1 -0.821461 1
32 71 1 3.37023 1
32 72 1 -3.68601 1
32 73 1 1.99332 1
32 74 1 -0.54782 1
32 75 1 4.20105 1
32 76 1 -1.5715 1
32 77 1 5.4449 1
32 78 1 0.825397 1
32 79 1 -0.353896 1
32 80 1 0.110413 1
32 81 1 0.288717 1
32 82 1 -3.13153 1
32 83 1 -2.47298 1
32 84 1 2.99624 1
32 85 1 -0.886457 1
32 86 1 0.0238519 1
32 87 1 -1.668 1
32 88 1 1.14274 1
32 89 1 -2.25173 1
32 90 1 3.8634 1
32 91 1 -3.58094 1
32 92 1 2.70115 1
32 93 1 2.02579 1
32 94 1 -0.514269 1
32 95 1 -1.83408 1
33 64 1 2.09158 1
33 65 1 -6.24181 1
33 66 1 -1.93293 1
33 67 1 -2.14847 1
33 68 1 0.104035 1
33 69 1 -3.09217 1
33 70 1 2.31396 1
33 71 1 4.21854 1
33 72 1 2.50383 1
33 73 1 3.60924 1
33 74 1 1.31304 1
33 75 1 -6.66021 1
33 76 1 -4.4027 1
33 77 1 1.4185 1
33 78 1 -1.59742 1
33 79 1 -4.55961 1
33 80 1 -0.0679776 1
33 81 1 -2.52254 1
33 82 1 -0.402584 1
33 83 1 0.863712 1
33 84 1 0.941639 1
33 85 1 1.08738 1
33 86 1 4.07366 1
33 87 1 2.60435 1
33 88 1 2.47888 1
33 89 1 5.47426 1
33 90 1 -2.89445 1
33 91 1 -1.11507 1
33 92 1 1.27947 1
33 93 1 3.14869 1
33 94 1 1.27868 1
33 95 1 0.408116 1
33 20 1 -1.92343 1
33 107 1 -0.806514 1
33 13 1 1.85684 1
33 113 1 -2.66498 1
34 64 1 -0.611758 1
34 65 1 -0.754576 1
34 66 1 1.73972 1
34 67 1 -0.119184 1
34 68 1 -0.0609539 1
34 69 1 -2.09888 1
34 70 1 -1.54996 1
34 71 1 -2.77568 1
34 72 1 -3.01398 1
34 73 1 -4.27538 1
34 74 1 2.41884 1
34 75 1 7.37554 1
34 76 1 -1.18267 1
34 77 1 1.25966 1
34 78 1 -0.969723 1
34 79 1 0.7852 1
34 80 1 2.23633 1
34 81 1 -1.57932 1
34 82 1 1.93393 1
34 83 1 1.46025 1
34 84 1 0.256755 1
34 85 1 -0.186624 1
34 86 1 -0.962374 1
34 87 1 0.843558 1
34 88 1 0.346801 1
34 89 1 0.572784 1
34 90 1 -5.99118 1
34 91 1 3.16088 1
34 92 1 3.41217 1
34 93 1 -2.03522 1
34 94 1 2.12224 1
34 95 1 1.5605 1
34 113 1 0.473753 1
35 64 1 1.63559 1
35 65 1 -1.34693 1
35 66 1 0.299129 1
35 67 1 5.29391 1
35 68 1 3.69528 1
35 69 1 2.79401 1
35 70 1 3.1553 1
35 71 1 3.62884 1
35 72 1 3.48396 1
35 73 1 6.36634 1
35 74 1 0.366744 1
35 75 1 -1.49756 1
35 76 1 -3.42007 1
35 77 1 0.912836 1
35 78 1 -1.17984 1
35 79 1 2.76734 1
35 80 1 -7.25751 1
35 81 1 -1.40537 1
35 82 1 3.5472 0
35 83 1 -2.68919 1
35 84 1 6.95614 1
35 85 1 -4.68162 1
35 86 1 -0.893737 1
35 87 1 -2.37689 1
35 88 1 -0.735685 1
35 89 1 2.30129 0
35 90 1 0.523457 1
35 91 1 -1.44613 1
35 92 1 -1.38447 1
35 93 1 -4.05337 1
35 94 1 -0.249721 1
35 95 1 -0.387846 1
35 130 1 0.344003 1
35 133 1 5.04316 1
133 82 1 2.40501 1
130 89 1 0.60585 1
130 109 1 -0.133281 1
36 64 1 2.75872 1
36 65 1 2.51998 1
36 66 1 1.69344 1
36 67 1 -1.16893 1
36 68 1 -4.67772 1
36 69 1 -2.33755 1
36 70 1 -1.69655 1
36 71 1 2.30385 1
36 72 1 -2.63377 1
36 73 1 -0.544696 1
36 74 1 -1.65386 1
36 75 1 -0.9248 1
36 76 1 1.21068 1
36 77 1 -5.19575 1
36 78 1 1.96377 1
36 79 1 4.41144 1
36 80 1 3.76005 1
36 81 1 -0.29598 1
36 82 1 -0.799523 0
36 83 1 0.369782 1
36 84 1 2.56351 1
36 85 1 -2.07913 1
36 86 1 1.85947 1
36 87 1 0.724219 1
36 88 1 -2.94553 1
36 89 1 -0.362809 1
36 90 1 -3.84892 1
36 91 1 1.2194 1
36 92 1 3.53027 1
36 93 1 3.2755 1
36 94 1 -0.243795 1
36 95 1 8.37664 1
36 109 1 -0.660729 0
36 24 1 -2.57355 1
36 117 1 2.25471 1
117 109 1 2.4687 1
117 4 1 1.00827 1
109 82 1 0.625924 1
109 31 1 1.1687 1
37 64 1 -4.29582 1
37 65 1 1.71481 1
37 66 1 -4.3244 1
37 67 1 -1.71945 1
37 68 1 -4.25305 1
37 69 1 2.54197 1
37 70 1 -5.02288 1
37 71 1 -2.09009 1
37 72 1 2.01455 1
37 73 1 2.24981 1
37 74 1 -0.19213 1
37 75 1 -0.247847 1
37 76 1 2.12466 0
37 77 1 3.88468 1
37 78 1 -0.828141 1
37 79 1 1.53858 1
37 80 1 1.84199 1
37 81 1 2.46698 1
37 82 1 2.79022 1
37 83 1 3.2445 1
37 84 1 -4.92416 1
37 85 1 2.1756 1
37 86 1 -0.402956 1
37 87 1 0.0303952 1
37 88 1 -1.45942 1
37 89 1 -3.73395 1
37 90 1 -1.56935 1
37 91 1 0.974237 1
37 92 1 3.34828 1
37 93 1 0.49039 1
37 94 1 -1.16818 1
37 95 1 0.916011 1
37 142 1 2.02978 1
37 160 1 -0.481027 1
142 76 1 -0.47252 1
142 147 1 -1.02172 1
142 6 1 0.444142 1
38 64 1 1.01783 1
38 65 1 -2.23767 1
38 66 1 -1.96781 1
38 67 1 -2.69298 1
38 68 1 -1.91428 1
38 69 1 -4.71775 1
38 70 1 -0.443874 1
38 71 1 -0.586495 1
38 72 1 1.23684 1
38 73 1 1.76939 1
38 74 1 -1.59776 1
38 75 1 3.29974 1
38 76 1 4.11262 1
38 77 1 -1.88462 1
38 78 1 0.125317 1
38 79 1 -2.11645 1
38 80 1 -1.6734 1
38 81 1 -2.34339 1
38 82 1 1.89665 1
38 83 1 -2.19576 1
38 84 1 -1.24326 1
38 85 1 -2.09596 1
38 86 1 -0.315515 1
38 87 1 0.667642 0
38 88 1 2.24446 1
38 89 1 4.04737 1
38 90 1 -1.40547 1
38 91 1 2.07455 1
38 92 1 3.80222 0
38 93 1 -1.11767 1
38 94 1 -0.00481562 1
38 95 1 -1.55635 1
38 148 1 2.51858 1
38 162 1 -0.421791 1
162 87 1 0.0210808 1
148 92 1 2.46714 1
39 64 1 1.61553 1
39 65 1 -2.38161 1
39 66 1 0.956261 1
39 67 1 -1.2363 1
39 68 1 1.63283 1
39 69 1 -0.0873815 1
39 70 1 -0.238758 1
39 71 1 -1.35513 1
39 72 1 -3.45287 1
39 73 1 -3.45853 1
39 74 1 1.20941 1
39 75 1 2.95265 0
39 76 1 4.98558 1
39 77 1 0.365073 1
39 78 1 -1.9306 1
39 79 1 -3.51113 1
39 80 1 -1.08944 1
39 81 1 -3.68066 1
39 82 1 -1.87013 1
39 83 1 -1.79937 1
39 84 1 -3.30623 1
39 85 1 0.999637 1
39 86 1 0.607125 1
39 87 1 0.81434 1
39 88 1 -0.380332 1
39 89 1 0.0103563 1
39 90 1 3.87253 1
39 91 1 0.402029 1
39 92 1 4.58139 1
39 93 1 1.34697 1
39 94 1 -3.651 1
39 95 1 -1.57842 1
39 2 1 -3.45552 1
39 112 1 4.26457 1
39 13 1 -0.386738 1
39 104 1 -0.246569 1
112 75 1 -1.95841 1
112 138 1 -0.445561 1
112 153 1 -0.558976 0
112 170 1 1.31027 1
170 153 1 -0.85012 1
40 64 1 -5.5837 1
40 65 1 -1.85253 1
40 66 1 2.73358 1
40 67 1 1.00054 1
40 68 1 1.92434 1
40 69 1 2.59502 1
40 70 1 -2.23159 1
40 71 1 0.941615 1
40 72 1 1.33507 1
40 73 1 1.69007 1
40 74 1 -2.33533 1
40 75 1 1.63809 1
40 76 1 -2.52264 1
40 77 1 2.90429 1
40 78 1 4.27531 1
40 79 1 -0.104626 1
40 80 1 1.86309 1
40 81 1 1.34399 1
40 82 1 1.92092 1
40 83 1 -4.3062 1
40 84 1 -1.07667 1
40 85 1 -0.00978965 1
40 86 1 2.90194 1
40 87 1 1.40511 1
40 88 1 1.41158 1
40 89 1 -1.48035 1
40 90 1 -0.837589 1
40 91 1 -1.52874 1
40 92 1 -4.55406 1
40 93 1 0.507571 1
40 94 1 -0.194203 1
40 95 1 2.70184 1
40 2 1 -0.0416931 1
40 134 1 2.12984 1
41 64 1 4.47583 1
41 65 1 -0.955596 1
41 66 1 1.46736 1
41 67 1 1.35053 1
41 68 1 2.57426 1
41 69 1 -1.2091 1
41 70 1 0.780051 1
41 71 1 -0.0959682 1
41 72 1 4.16388 1
41 73 1 -6.23638 1
41 74 1 0.527762 1
41 75 1 4.7731 1
41 76 1 -4.43119 1
41 77 1 -0.36556 1
41 78 1 -3.7612 1
41 79 1 2.10842 1
41 80 1 1.44309 1
41 81 1 2.71313 1
41 82 1 -1.60823 1
41 83 1 3.04249 1
41 84 1 -2.09065 1
41 85 1 0.0956591 1
41 86 1 1.44412 1
41 87 1 1.82239 1
41 88 1 3.76854 1
41 89 1 -1.48646 1
41 90 1 -1.69922 1
41 91 1 1.58298 1
41 92 1 0.709456 1
41 93 1 0.181389 1
41 94 1 -1.10794 1
41 95 1 0.147802 1
41 11 1 2.25553 1
41 29 1 -3.14136 1
41 97 1 -1.93277 1
42 64 1 1.34265 1
42 65 1 -0.212756 1
42 66 1 -1.46317 1
42 67 1 1.63203 1
42 68 1 -1.54717 1
42 69 1 1.62627 1
42 70 1 -1.10652 1
42 71 1 -1.07495 1
42 72 1 -0.840348 1
42 73 1 -2.0646 1
42 74 1 3.48205 1
42 75 1 -2.85398 1
42 76 1 -3.81633 1
42 77 1 0.36958 1
42 78 1 -1.93646 1
42 79 1 1.8013 1
42 80 1 -1.37332 1
42 81 1 2.67524 1
42 82 1 4.66425 1
42 83 1 2.59518 1
42 84 1 1.52946 1
42 85 1 0.249492 1
42 86 1 1.08695 1
42 87 1 -2.46324 1
42 88 1 -3.14824 1
42 89 1 -1.05743 1
42 90 1 2.48417 1
42 91 1 1.56566 1
42 92 1 0.477206 1
42 93 1 2.04114 1
42 94 1 -3.72981 1
42 95 1 -0.304742 1
43 64 1 2.36313 1
43 65 1 -2.19407 1
43 66 1 3.52723 1
43 67 1 0.776802 1
43 68 1 1.00398 1
43 69 1 -1.11896 1
43 70 1 0.279065 1
43 71 1 -3.26224 1
43 72 1 0.0756613 1
43 73 1 -7.09111 1
43 74 1 1.99778 1
43 75 1 -2.55302 1
43 76 1 -2.46796 1
43 77 1 1.19493 1
43 78 1 1.33043 1
43 79 1 -3.50282 1
43 80 1 -0.421992 1
43 81 1 2.23804 1
43 82 1 2.15323 1
43 83 1 -2.2548 1
43 84 1 -1.43829 1
43 85 1 2.69762 1
43 86 1 1.49061 1
43 87 1 6.51606 1
43 88 1 1.26418 1
43 89 1 2.77833 1
43 90 1 0.0355045 1
43 91 1 -3.45644 1
43 92 1 3.11874 1
43 93 1 1.6196 1
43 94 1 -2.54374 1
43 95 1 0.679991 1
44 64 1 0.627524 1
44 65 1 -4.20226 1
44 66 1 -1.0365 1
44 67 1 -2.93374 1
44 68 1 0.11156 1
44 69 1 -1.21031 1
44 70 1 3.16362 1
44 71 1 2.65696 1
44 72 1 -2.81213 1
44 73 1 2.97873 1
44 74 1 -1.25941 1
44 75 1 -3.8774 1
44 76 1 -0.0029201 1
44 77 1 3.01705 1
44 78 1 2.5476 1
44 79 1 0.935625 1
44 80 1 4.1404 1
44 81 1 -2.28051 1
44 82 1 1.65405 1
44 83 1 -0.986125 1
44 84 1 0.23333 1
44 85 1 -0.233425 1
44 86 1 3.60753 1
44 87 1 0.94428 1
44 88 1 -0.0180882 1
44 89 1 2.72074 1
44 90 1 1.58782 1
44 91 1 2.08774 1
44 92 1 -1.45886 1
44 93 1 3.54968 1
44 94 1 -3.19626 1
44 95 1 -2.219 1
44 8 1 -1.90987 1
44 29 1 1.54124 1
45 64 1 -1.42535 1
45 65 1 0.224132 1
45 66 1 -0.422896 1
45 67 1 2.82028 1
45 68 1 -0.468518 1
45 69 1 -7.27165 1
45 70 1 -2.53151 1
45 71 1 0.636467 1
45 72 1 -4.59597 1
45 73 1 2.87306 1
45 74 1 4.06523 1
45 75 1 3.67014 1
45 76 1 -2.52383 1
45 77 1 -1.22186 1
45 78 1 -2.50647 1
45 79 1 2.98142 1
45 80 1 -2.26152 1
45 81 1 1.6399 1
45 82 1 -0.218415 1
45 83 1 -5.52565 1
45 84 1 -0.58197 1
45 85 1 -2.75456 1
45 86 1 0.15982 1
45 87 1 0.558965 1
45 88 1 2.02509 1
45 89 1 -3.54777 1
45 90 1 -0.357073 1
45 91 1 4.78207 1
45 92 1 -3.43047 1
45 93 1 -6.89324 1
45 94 1 0.587021 1
45 95 1 -4.3745 1
45 9 1 6.40371 1
45 20 1 1.09234 1
45 17 1 -0.0407453 1
46 64 1 0.253249 1
46 65 1 -0.185256 1
46 66 1 2.67271 1
46 67 1 2.65952 1
46 68 1 -6.15184 1
46 69 1 -1.03254 1
46 70 1 0.981556 1
46 71 1 -2.63964 1
46 72 1 4.41755 1
46 73 1 -4.68228 1
46 74 1 -0.875915 1
46 75 1 -0.694207 1
46 76 1 -5.91541 1
46 77 1 4.95726 1
46 78 1 0.0707218 1
46 79 1 -1.20824 1
46 80 1 2.27919 1
46 81 1 2.86339 1
46 82 1 -1.08178 1
46 83 1 4.07223 1
46 84 1 -0.359746 1
46 85 1 2.56371 1
46 86 1 -1.62244 1
46 87 1 4.32472 1
46 88 1 1.62095 1
46 89 1 -4.80674 1
46 90 1 -3.378 1
46 91 1 -0.472039 1
46 92 1 0.286809 1
46 93 1 -1.47423 1
46 94 1 1.56306 1
46 95 1 -1.82185 1
46 24 1 1.34962 1
47 64 1 -0.106175 1
47 65 1 0.508268 1
47 66 1 -0.637339 1
47 67 1 1.88275 1
47 68 1 -0.160994 1
47 69 1 2.87425 1
47 70 1 -2.58568 1
47 71 1 0.699099 1
47 72 1 -0.0500299 1
47 73 1 6.28571 0
47 74 1 -1.74218 1
47 75 1 -0.814117 1
47 76 1 -3.89497 1
47 77 1 -8.26365 1
47 78 1 -3.08904 1
47 79 1 0.38805 1
47 80 1 4.19566 1
47 81 1 -4.2023 1
47 82 1 2.33594 1
47 83 1 0.0179988 1
47 84 1 -4.60976 1
47 85 1 -0.466574 1
47 86 1 -2.11871 1
47 87 1 6.01255 1
47 88 1 4.08354 1
47 89 1 1.19201 1
47 90 1 5.98737 1
47 91 1 0.940863 1
47 92 1 1.00821 1
47 93 1 0.872754 1
47 94 1 2.23448 1
47 95 1 -1.45634 1
47 4 1 0.0448138 1
47 137 1 1.46999 1
137 73 1 3.98996 0
137 156 1 -0.196785 1
156 73 1 2.35333 1
156 15 1 -1.55638 1
48 64 1 -1.51958 1
48 65 1 -1.18003 1
48 66 1 2.61034 1
48 67 1 -4.18589 1
48 68 1 -6.17655 1
48 69 1 -4.61611 1
48 70 1 0.0950748 1
48 71 1 0.994817 1
48 72 1 -7.39491 1
48 73 1 3.98934 1
48 74 1 4.53801 1
48 75 1 -4.93182 1
48 76 1 -0.595005 1
48 77 1 -0.551131 1
48 78 1 -1.02367 1
48 79 1 3.71534 1
48 80 1 -0.925589 1
48 81 1 -3.49775 1
48 82 1 0.678906 1
48 83 1 0.978236 1
48 84 1 0.125492 1
48 85 1 0.267461 1
48 86 1 -1.01158 1
48 87 1 0.846125 1
48 88 1 -1.55062 1
48 89 1 -0.968706 1
48 90 1 2.46568 1
48 91 1 -0.0591586 1
48 92 1 -5.17894 1
48 93 1 -0.0630488 1
48 94 1 5.70578 1
48 95 1 2.00686 1
48 16 1 1.03849 1
48 12 1 1.26328 1
48 14 1 -1.241 1
48 30 1 0.780937 1
49 64 1 -0.648685 1
49 65 1 -4.40386 1
49 66 1 1.01336 1
49 67 1 -0.195212 1
49 68 1 -4.32418 1
49 69 1 1.39423 1
49 70 1 -0.127717 1
49 71 1 -2.54176 1
49 72 1 -2.65995 1
49 73 1 0.468169 1
49 74 1 2.44204 1
49 75 1 1.63931 1
49 76 1 -7.004 1
49 77 1 -4.53018 1
49 78 1 -0.737433 0
49 79 1 3.21386 1
49 80 1 5.27919 1
49 81 1 -4.43524 1
49 82 1 1.38661 1
49 83 1 -0.297282 1
49 84 1 2.60295 1
49 85 1 -1.6 1
49 86 1 -2.01873 1
49 87 1 -2.41222 1
49 88 1 1.04187 1
49 89 1 1.83316 1
49 90 1 -1.8401 1
49 91 1 2.66533 1
49 92 1 3.52775 1
49 93 1 1.80042 1
49 94 1 0.648496 1
49 95 1 5.03231 1
49 19 1 -1.16665 1
49 31 1 -0.92243 1
49 15 1 -1.68812 1
49 158 1 0.587953 1
49 26 1 -0.665669 1
49 144 1 -2.62624 1
158 78 1 -1.26378 1
50 64 1 -5.73328 1
50 65 1 -2.30575 1
50 66 1 0.0555246 1
50 67 1 -1.81041 1
50 68 1 1.58956 1
50 69 1 -1.5855 1
50 70 1 -0.666128 1
50 71 1 6.46424 1
50 72 1 -2.48447 1
50 73 1 4.203 1
50 74 1 -1.17058 1
50 75 1 2.73034 1
50 76 1 -0.222353 1
50 77 1 -0.871686 1
50 78 1 2.17552 1
50 79 1 -1.18329 1
50 80 1 2.76672 1
50 81 1 0.389854 1
50 82 1 -3.00725 1
50 83 1 1.88947 1
50 84 1 -0.0393049 1
50 85 1 3.16849 1
50 86 1 3.28683 1
50 87 1 -3.03051 1
50 88 1 -2.72772 1
50 89 1 0.544966 1
50 90 1 0.530268 1
50 91 1 0.632852 1
50 92 1 0.681781 1
50 93 1 -2.2589 1
50 94 1 -2.95601 1
50 95 1 2.17237 1
50 4 1 5.66924 1
50 22 1 0.114929 1
51 64 1 -1.34043 1
51 65 1 3.3394 1
51 66 1 4.09204 1
51 67 1 -1.69226 1
51 68 1 -0.592846 1
51 69 1 0.241481 1
51 70 1 1.1777 1
51 71 1 5.94348 1
51 72 1 -5.37415 1
51 73 1 -1.80009 0
51 74 1 -3.37665 1
51 75 1 3.70363 1
51 76 1 -2.87355 1
51 77 1 3.6253 1
51 78 1 4.79986 1
51 79 1 -1.38683 1
51 80 1 0.0764215 1
51 81 1 -3.13673 1
51 82 1 -0.306008 1
51 83 1 5.45097 1
51 84 1 -1.44909 1
51 85 1 -0.709829 1
51 86 1 -1.95365 1
51 87 1 1.80126 1
51 88 1 -0.459224 1
51 89 1 -0.51771 1
51 90 1 -0.433037 1
51 91 1 -1.40874 1
51 92 1 2.69916 1
51 93 1 3.75113 1
51 94 1 -4.54367 1
51 95 1 -3.06554 1
51 116 1 1.60509 1
51 12 1 -1.1615 1
116 73 1 -1.04198 0
116 134 1 2.36918 1
134 73 1 4.82262 1
134 128 1 1.99307 1
52 64 1 -3.31627 1
52 65 1 3.19963 1
52 66 1 -0.0488935 1
52 67 1 1.07248 1
52 68 1 1.39398 1
52 69 1 5.20452 1
52 70 1 4.12988 1
52 71 1 -1.19886 1
52 72 1 -2.16363 1
52 73 1 2.53859 1
52 74 1 4.17553 1
52 75 1 1.86259 1
52 76 1 -5.26209 1
52 77 1 0.527057 1
52 78 1 3.0544 1
52 79 1 -2.05219 1
52 80 1 -0.875555 1
52 81 1 -0.763893 1
52 82 1 -2.29418 1
52 83 1 -2.02543 1
52 84 1 -0.292011 1
52 85 1 -0.363142 1
52 86 1 -6.95672 1
52 87 1 0.0412449 1
52 88 1 1.29092 1
52 89 1 0.967509 1
52 90 1 -0.805599 1
52 91 1 -1.32315 1
52 92 1 0.499712 1
52 93 1 -3.83058 0
52 94 1 3.07598 1
52 95 1 2.08854 1
52 115 1 0.840782 1
52 139 1 2.4884 1
52 23 1 -1.89051 1
139 93 1 -1.19002 1
53 64 1 -2.77937 1
53 65 1 0.939972 1
53 66 1 -0.974531 1
53 67 1 -2.46397 1
53 68 1 0.72906 1
53 69 1 0.909621 1
53 70 1 0.770117 0
53 71 1 0.209154 1
53 72 1 -1.51098 1
53 73 1 0.566421 1
53 74 1 -0.381997 1
53 75 1 -3.93032 1
53 76 1 -0.984356 1
53 77 1 2.41226 1
53 78 1 -0.051668 1
53 79 1 0.686215 1
53 80 1 1.23844 1
53 81 1 1.82788 1
53 82 1 2.68861 1
53 83 1 0.796527 1
53 84 1 0.374457 1
53 85 1 3.20744 1
53 86 1 0.966918 1
53 87 1 -0.341807 1
53 88 1 -0.341439 1
53 89 1 0.127706 1
53 90 1 -3.35418 1
53 91 1 -0.0477118 1
53 92 1 2.67072 1
53 93 1 -2.11651 1
53 94 1 0.107387 1
53 95 1 -2.49645 1
53 20 1 5.38397 1
53 23 1 -0.316555 1
53 149 1 -1.12558 1
149 70 1 -2.04681 0
149 153 1 1.55325 1
149 126 1 -0.522952 1
153 70 1 0.0686786 1
54 64 1 1.5245 1
54 65 1 -0.647617 1
54 66 1 -2.23889 1
54 67 1 2.72576 1
54 68 1 5.49404 1
54 69 1 -3.91322 1
54 70 1 1.86184 1
54 71 1 5.29668 1
54 72 1 1.72134 1
54 73 1 1.40376 1
54 74 1 0.772996 1
54 75 1 -1.32227 1
54 76 1 -2.83101 1
54 77 1 1.41836 1
54 78 1 -1.14674 1
54 79 1 1.96003 1
54 80 1 0.840262 1
54 81 1 3.80725 1
54 82 1 -2.56199 1
54 83 1 4.46198 1
54 84 1 1.47289 1
54 85 1 -0.594277 1
54 86 1 -3.95068 1
54 87 1 -0.212648 1
54 88 1 1.7847 1
54 89 1 3.87436 1
54 90 1 -2.59322 1
54 91 1 2.8155 1
54 92 1 -1.37044 1
54 93 1 3.32607 1
54 94 1 -3.0536 1
54 95 1 -2.85313 1
54 30 1 0.498148 1
54 144 1 1.09103 1
55 64 1 0.760495 1
55 65 1 -2.56671 1
55 66 1 -3.38928 1
55 67 1 -1.04081 1
55 68 1 -0.307591 1
55 69 1 0.566283 1
55 70 1 3.34674 1
55 71 1 -4.102 1
55 72 1 2.9812 1
55 73 1 -0.134504 1
55 74 1 2.24403 1
55 75 1 -2.93163 1
55 76 1 -4.75305 1
55 77 1 1.70324 1
55 78 1 0.953243 1
55 79 1 3.86911 1
55 80 1 -0.708263 1
55 81 1 2.19751 1
55 82 1 -0.366366 1
55 83 1 1.34206 1
55 84 1 -0.214912 1
55 85 1 -6.60615 1
55 86 1 1.68521 1
55 87 1 -0.753276 1
55 88 1 -5.26799 1
55 89 1 1.57687 1
55 90 1 -0.967396 1
55 91 1 1.09243 1
55 92 1 7.85173 1
55 93 1 -3.92831 1
55 94 1 -3.68584 1
55 95 1 -1.06778 0
55 28 1 4.33558 1
55 114 1 0.321954 1
55 0 1 -3.52904 1
55 2 1 0.73769 1
114 95 1 -0.142619 1
56 64 1 4.78058 1
56 65 1 -8.1032 1
56 66 1 0.563064 1
56 67 1 -1.4051 1
56 68 1 1.90261 0
56 69 1 -2.30253 1
56 70 1 0.869585 1
56 71 1 1.72227 1
56 72 1 -1.69872 1
56 73 1 0.2752 1
56 74 1 3.12612 1
56 75 1 4.40555 1
56 76 1 -2.38639 1
56 77 1 -1.92099 1
56 78 1 -2.58951 1
56 79 1 -0.932292 1
56 80 1 -0.587833 1
56 81 1 7.04216 1
56 82 1 2.56733 1
56 83 1 -1.046 1
56 84 1 -1.72211 1
56 85 1 -0.954944 1
56 86 1 1.86554 1
56 87 1 -0.234938 1
56 88 1 0.560398 1
56 89 1 0.639508 1
56 90 1 -0.793678 1
56 91 1 -1.1303 1
56 92 1 -1.33662 1
56 93 1 3.24212 1
56 94 1 -2.0852 1
56 95 1 -1.51028 1
56 3 1 -2.36856 1
56 126 1 5.03127 1
56 0 1 -0.305933 1
126 68 1 2.85103 1
126 11 1 -3.41873 1
57 64 1 -4.27011 1
57 65 1 5.86393 1
57 66 1 -1.31096 1
57 67 1 -2.11983 1
57 68 1 1.22338 1
57 69 1 -1.3288 0
57 70 1 1.47728 1
57 71 1 2.86899 1
57 72 1 1.56334 1
57 73 1 -2.53465 1
57 74 1 1.43473 1
57 75 1 5.54849 1
57 76 1 4.72057 1
57 77 1 -5.71205 1
57 78 1 2.2517 1
57 79 1 -1.99888 1
57 80 1 1.90162 1
57 81 1 3.84771 1
57 82 1 4.02512 1
57 83 1 -2.38226 1
57 84 1 0.830408 1
57 85 1 -2.61881 1
57 86 1 -1.13369 1
57 87 1 -0.584905 1
57 88 1 0.739412 1
57 89 1 0.780781 1
57 90 1 1.42637 1
57 91 1 -4.29505 1
57 92 1 -2.6408 1
57 93 1 -2.76998 1
57 94 1 -1.96615 1
57 95 1 3.92495 1
57 104 1 5.29641 1
57 22 1 0.114092 1
104 69 1 3.82286 1
104 1 1 2.64026 1
104 107 1 -0.699454 1
58 64 1 6.86506 1
58 65 1 -1.58586 1
58 66 1 -1.52884 1
58 67 1 -1.1201 1
58 68 1 -2.89895 1
58 69 1 -0.943178 1
58 70 1 -0.257715 1
58 71 1 1.54158 1
58 72 1 1.28723 1
58 73 1 -2.63001 1
58 74 1 1.48427 1
58 75 1 1.96591 1
58 76 1 2.54148 1
58 77 1 1.14319 1
58 78 1 -3.29774 1
58 79 1 -1.40157 0
58 80 1 -4.26074 1
58 81 1 3.42709 1
58 82 1 1.59407 1
58 83 1 -0.318315 1
58 84 1 -3.38423 1
58 85 1 0.361772 1
58 86 1 1.29549 1
58 87 1 -3.04593 1
58 88 1 -4.29696 1
58 89 1 -2.5919 1
58 90 1 -0.796342 1
58 91 1 -2.90504 1
58 92 1 2.09196 1
58 93 1 1.28536 1
58 94 1 -0.537323 1
58 95 1 2.80142 1
58 128 1 1.64396 1
58 115 1 0.608212 1
128 79 1 -0.395524 0
128 131 1 1.872 1
131 79 1 0.963237 0
131 160 1 0.663339 1
160 79 1 3.248 1
160 125 1 1.41341 1
59 64 1 -3.51442 1
59 65 1 1.54144 1
59 66 1 4.3952 1
59 67 1 -4.04402 1
59 68 1 2.22533 1
59 69 1 -3.21661 1
59 70 1 -2.98543 1
59 71 1 2.0529 1
59 72 1 0.737481 1
59 73 1 -0.07623 1
59 74 1 1.27975 1
59 75 1 0.440713 1
59 76 1 3.00743 1
59 77 1 0.472139 0
59 78 1 2.13472 1
59 79 1 -2.64257 1
59 80 1 0.609063 1
59 81 1 2.2366 1
59 82 1 -4.71255 1
59 83 1 3.97379 1
59 84 1 0.122386 1
59 85 1 -4.30624 1
59 86 1 -4.90966 1
59 87 1 1.91807 1
59 88 1 2.43783 1
59 89 1 0.604742 1
59 90 1 0.209908 1
59 91 1 -1.301 1
59 92 1 2.10835 1
59 93 1 2.6585 1
59 94 1 -4.92379 1
59 95 1 0.971309 1
59 97 1 -0.523484 1
59 5 1 -4.94184 1
59 11 1 -1.90686 1
59 13 1 1.88142 1
97 77 1 -6.97189 1
97 22 1 -0.780931 1
97 2 1 -6.39352 0
97 99 1 3.27155 1
97 7 1 5.13818 0
97 102 1 2.67036 1
97 17 1 3.22282 1
97 0 1 0.302353 1
102 7 1 3.27502 1
99 2 1 1.13341 0
99 108 1 5.95608 1
99 15 1 2.31219 1
108 2 1 -0.954616 0
108 125 1 6.59633 1
125 2 1 2.44665 1
60 64 1 1.27511 1
60 65 1 -0.473443 1
60 66 1 2.01938 1
60 67 1 -0.60339 1
60 68 1 2.02471 1
60 69 1 2.40934 1
60 70 1 -2.02701 1
60 71 1 0.0919486 1
60 72 1 -0.709978 0
60 73 1 1.91622 1
60 74 1 2.08375 1
60 75 1 1.21793 1
60 76 1 -0.794376 1
60 77 1 5.04515 1
60 78 1 -3.72732 1
60 79 1 0.725179 1
60 80 1 -5.51286 1
60 81 1 -0.91654 1
60 82 1 -1.95417 1
60 83 1 1.77952 1
60 84 1 -2.97421 1
60 85 1 2.51722 1
60 86 1 3.78881 1
60 87 1 -0.621195 1
60 88 1 -4.46865 1
60 89 1 0.952243 1
60 90 1 -1.94559 1
60 91 1 0.680734 1
60 92 1 -0.897757 1
60 93 1 -0.0330099 1
60 94 1 -0.0737442 1
60 95 1 0.846594 1
60 24 1 -0.946738 1
60 0 1 3.55003 1
60 115 1 2.78984 1
60 3 1 -1.05829 1
115 72 1 -0.694667 1
115 18 1 0.643723 1
115 14 1 1.00799 1
115 19 1 -1.20216 1
61 64 1 -0.982862 1
61 65 1 0.385376 1
61 66 1 2.49223 1
61 67 1 0.800435 1
61 68 1 -4.70537 1
61 69 1 3.55625 1
61 70 1 2.61858 1
61 71 1 1.17279 1
61 72 1 -0.877924 1
61 73 1 0.598405 1
61 74 1 4.66541 1
61 75 1 4.59273 1
61 76 1 1.36576 1
61 77 1 -2.43909 0
61 78 1 -3.18873 1
61 79 1 0.466156 1
61 80 1 -2.60472 1
61 81 1 -0.334547 1
61 82 1 -0.387886 1
61 83 1 -0.398455 1
61 84 1 -2.6713 1
61 85 1 -2.27621 1
61 86 1 -0.504708 1
61 87 1 2.61361 1
61 88 1 -1.09209 1
61 89 1 1.07361 1
61 90 1 -1.2046 1
61 91 1 1.97028 1
61 92 1 -0.794259 1
61 93 1 0.164645 1
61 94 1 0.798388 1
61 95 1 -1.70724 1
61 107 1 0.347574 1
61 113 1 -0.742926 1
61 14 1 -2.32839 1
107 77 1 -5.86346 0
107 113 1 -0.561793 1
107 14 1 -3.13992 1
107 20 1 1.18664 1
113 77 1 -1.40279 0
113 23 1 -1.94893 1
113 147 1 0.453157 1
113 159 1 -0.184619 1
159 77 1 -2.20232 0
159 161 1 0.540119 1
161 77 1 -1.18002 1
62 64 1 -0.13966 1
62 65 1 -2.6112 1
62 66 1 3.69172 1
62 67 1 -0.375688 1
62 68 1 1.26846 1
62 69 1 -2.00623 1
62 70 1 -0.425805 1
62 71 1 -3.90589 1
62 72 1 3.49414 1
62 73 1 2.12929 1
62 74 1 3.23349 1
62 75 1 -1.46596 1
62 76 1 3.67151 1
62 77 1 -3.33529 1
62 78 1 -1.70059 1
62 79 1 -1.55263 1
62 80 1 0.121625 1
62 81 1 1.24296 1
62 82 1 -1.45562 1
62 83 1 3.68428 1
62 84 1 -0.921911 0
62 85 1 0.281237 1
62 86 1 3.0781 1
62 87 1 -1.96674 1
62 88 1 -0.226491 1
62 89 1 -3.2198 1
62 90 1 -7.32731 1
62 91 1 0.116819 1
62 92 1 -0.827164 1
62 93 1 -1.44958 1
62 94 1 -0.471278 1
62 95 1 -2.33416 1
62 5 1 0.116022 1
62 138 1 1.31651 0
62 152 1 0.513199 1
62 31 1 -0.394297 1
152 138 1 2.63561 1
138 84 1 -2.33629 1
63 64 1 2.30499 1
63 65 1 -0.670267 1
63 66 1 4.95924 1
63 67 1 -1.4224 1
63 68 1 1.49719 1
63 69 1 -5.01618 1
63 70 1 -2.71316 1
63 71 1 1.78778 1
63 72 1 -0.0599438 1
63 73 1 2.14893 1
63 74 1 -8.00843 1
63 75 1 0.710303 1
63 76 1 -1.10307 0
63 77 1 0.445176 1
63 78 1 0.559742 1
63 79 1 0.005895 1
63 80 1 2.78629 1
63 81 1 -2.53333 1
63 82 1 1.60619 1
63 83 1 -4.77273 1
63 84 1 -2.51063 1
63 85 1 -4.65937 1
63 86 1 5.99059 1
63 87 1 -3.03084 0
63 88 1 -0.732015 1
63 89 1 -2.98669 1
63 90 1 -0.800821 1
63 91 1 -1.33459 1
63 92 1 1.27815 1
63 93 1 1.60968 1
63 94 1 -0.0271241 1
63 95 1 -1.55559 1
63 141 1 5.0898 1
63 144 1 1.43134 1
144 76 1 -0.836575 0
144 147 1 3.3399 1
147 76 1 -2.02723 1
147 9 1 -1.64 1
141 87 1 -6.57659 1
141 10 1 0.706628 1
