111 64 32
-0.619924 -0.723541 -1.54845 1.77002 -2.19117 1.91007 -1.11073 -0.761905 -0.462955 1.51932 1.88695 -0.079455 -2.59884 -2.11405 -0.362928 -2.47966 -0.66078 -0.751614 -1.01868 -0.306247 -1.9685 -0.723454 -0.703588 -0.349651 2.10552 0.0722671 1.12312 1.19966 -0.927838 0.422848 -2.28434 -0.108797 -0.0207373 2.57985 -0.769532 0.828357 0.290964 -0.17937 -0.405879 -1.40038 -0.20161 -0.96015 -0.290752 -1.10171 -1.85154 -0.291986 -0.169584 0.919295 1.08881 -0.41788 2.40514 -2.22395 -0.734581 0.0268232 2.78399 0.322703 -0.00591014 1.4472 0.288502 -0.637694 -0.332394 -0.491349 0.587448 -1.50297 -0.488082 1.28708 1.24354 0.098357 -2.43503 -2.19631 -1.79096 -1.68814 -0.209916 -1.19769 0.256503 1.11053 -1.11697 1.21452 -0.240866 -3.07142 1.52201 0.153291 0.308479 -1.10163 0.121925 -0.826722 -0.152557 0.879915 0.765141 -1.34417 -0.502598 0.61814 -1.49604 0.321048 -0.379827 -1.47141 -0.596005 0.810711 -1.27534 0.489987 0.896186 -0.208425 -0.861098 -1.17683 -0.588273 0.563482 0.54934 -0.758431 0.268433 -0.160087 0.0280737 
0 64 1 -2.86586 1
0 65 1 -2.28567 1
0 66 1 0.579843 1
0 67 1 -1.50374 1
0 68 1 2.0378 1
0 69 1 0.622694 1
0 70 1 -1.4838 1
0 71 1 -0.37451 1
0 72 1 -1.97536 1
0 73 1 1.02796 1
0 74 1 -0.439433 1
0 75 1 0.125793 1
0 76 1 -0.257456 1
0 77 1 2.00204 1
0 78 1 -0.463515 1
0 79 1 2.64156 1
0 80 1 -0.497554 1
0 81 1 0.24597 1
0 82 1 0.459535 1
0 83 1 -0.966299 1
0 84 1 -1.28697 1
0 85 1 1.19386 1
0 86 1 -0.902212 1
0 87 1 0.0755289 1
0 88 1 0.595437 1
0 89 1 2.21483 1
0 90 1 0.35885 1
0 91 1 1.12931 1
0 92 1 -0.791003 1
0 93 1 0.652068 1
0 94 1 1.1029 1
0 95 1 1.35305 1
1 64 1 0.0275494 1
1 65 1 0.18599 1
1 66 1 0.450731 1
1 67 1 -0.241821 1
1 68 1 1.22687 1
1 69 1 3.00943 1
1 70 1 1.70249 1
1 71 1 -0.414937 1
1 72 1 0.43482 1
1 73 1 -0.271641 1
1 74 1 -0.115945 1
1 75 1 -1.16068 1
1 76 1 0.705391 1
1 77 1 3.64328 1
1 78 1 -0.902338 1
1 79 1 -0.716117 1
1 80 1 -2.475 1
1 81 1 -0.210957 1
1 82 1 1.32356 1
1 83 1 -2.0394 1
1 84 1 0.485884 1
1 85 1 -0.0582242 1
1 86 1 -0.132949 1
1 87 1 -0.652523 1
1 88 1 -1.84392 1
1 89 1 1.70055 1
1 90 1 1.36867 1
1 91 1 0.123568 1
1 92 1 -0.435239 1
1 93 1 1.3903 1
1 94 1 -1.62163 1
1 95 1 -1.09486 1
2 64 1 0.268905 1
2 65 1 1.41453 1
2 66 1 -0.835872 1
2 67 1 -0.386527 1
2 68 1 -1.11396 1
2 69 1 0.75483 1
2 70 1 0.0874835 1
2 71 1 0.869919 1
2 72 1 -0.303352 1
2 73 1 -1.69623 1
2 74 1 0.255788 1
2 75 1 -0.15037 1
2 76 1 -3.21179 1
2 77 1 0.434161 1
2 78 1 -0.994883 1
2 79 1 -1.93499 1
2 80 1 -0.0128228 1
2 81 1 -2.60356 1
2 82 1 0.579503 1
2 83 1 -0.908006 1
2 84 1 1.3629 1
2 85 1 0.801936 1
2 86 1 -1.59273 1
2 87 1 -0.293274 1
2 88 1 -0.779804 1
2 89 1 -3.60386 1
2 90 1 -1.48039 1
2 91 1 -0.913064 1
2 92 1 0.849137 1
2 93 1 0.260846 1
2 94 1 1.38544 1
2 95 1 0.050914 1
3 64 1 -1.07299 1
3 65 1 -0.730984 1
3 66 1 -1.20152 1
3 67 1 -0.0110534 1
3 68 1 1.83307 1
3 69 1 -0.67569 1
3 70 1 2.20025 1
3 71 1 2.00364 1
3 72 1 3.39674 1
3 73 1 0.719996 1
3 74 1 -0.574124 1
3 75 1 0.903029 1
3 76 1 3.56474 1
3 77 1 -1.48194 1
3 78 1 -1.12076 1
3 79 1 -0.96051 1
3 80 1 0.594187 1
3 81 1 2.97866 1
3 82 1 3.19832 1
3 83 1 -0.343566 1
3 84 1 -0.88716 1
3 85 1 -0.982048 1
3 86 1 1.85864 1
3 87 1 -1.06357 1
3 88 1 2.1752 1
3 89 1 -0.183624 1
3 90 1 -0.924372 1
3 91 1 0.109175 1
3 92 1 -1.15553 1
3 93 1 -1.25461 1
3 94 1 -0.0947219 1
3 95 1 0.323361 0
3 110 1 0.994928 1
110 95 1 -0.111188 1
4 64 1 0.529599 1
4 65 1 -0.20583 1
4 66 1 -1.56714 1
4 67 1 1.56608 1
4 68 1 0.744932 1
4 69 1 0.168941 1
4 70 1 0.673098 1
4 71 1 0.314321 1
4 72 1 0.18726 1
4 73 1 -0.337433 1
4 74 1 -0.294074 1
4 75 1 -1.64717 0
4 76 1 0.762989 1
4 77 1 2.13062 1
4 78 1 0.0630712 1
4 79 1 -0.232011 1
4 80 1 -3.08208 1
4 81 1 -1.6419 1
4 82 1 -0.488465 1
4 83 1 1.71938 1
4 84 1 0.829132 1
4 85 1 2.16094 1
4 86 1 -1.31287 1
4 87 1 -2.67228 1
4 88 1 0.623135 1
4 89 1 -1.06476 1
4 90 1 0.404248 1
4 91 1 -1.74877 1
4 92 1 -0.996336 1
4 93 1 1.82304 1
4 94 1 -0.036067 1
4 95 1 0.900198 1
4 101 1 0.695511 1
101 75 1 -0.5521 1
5 64 1 0.369007 1
5 65 1 0.544935 1
5 66 1 -0.419821 1
5 67 1 2.00721 1
5 68 1 0.445821 1
5 69 1 1.14715 1
5 70 1 -1.27984 1
5 71 1 -0.695911 1
5 72 1 0.518977 1
5 73 1 -1.32555 1
5 74 1 0.508494 1
5 75 1 1.03829 1
5 76 1 1.70591 1
5 77 1 0.348069 1
5 78 1 -2.15602 1
5 79 1 1.85579 1
5 80 1 1.23787 1
5 81 1 0.536239 1
5 82 1 1.50739 1
5 83 1 3.0179 1
5 84 1 1.77705 1
5 85 1 0.969864 1
5 86 1 -1.16787 1
5 87 1 -0.0195002 1
5 88 1 -0.404688 1
5 89 1 -0.222329 1
5 90 1 -0.878564 1
5 91 1 -0.42987 1
5 92 1 -1.56892 1
5 93 1 -0.169372 1
5 94 1 -1.5035 1
5 95 1 -1.81033 1
6 64 1 0.815983 1
6 65 1 -1.29379 1
6 66 1 2.36196 1
6 67 1 -0.518869 1
6 68 1 -2.37441 1
6 69 1 -0.428319 1
6 70 1 -1.81284 1
6 71 1 -0.607897 1
6 72 1 0.0721486 1
6 73 1 -0.432455 1
6 74 1 -1.30775 1
6 75 1 -0.627313 1
6 76 1 3.11298 1
6 77 1 -0.25999 1
6 78 1 0.535617 1
6 79 1 -1.81912 1
6 80 1 0.485186 1
6 81 1 1.46515 1
6 82 1 0.108354 1
6 83 1 0.629123 1
6 84 1 1.99489 1
6 85 1 -0.740327 1
6 86 1 -0.0877069 1
6 87 1 0.874969 1
6 88 1 -0.290593 1
6 89 1 -1.28758 1
6 90 1 1.01382 1
6 91 1 -1.29677 1
6 92 1 0.969745 1
6 93 1 1.32178 1
6 94 1 -1.57996 1
6 95 1 1.52034 1
7 64 1 -0.458322 1
7 65 1 -0.560469 1
7 66 1 -0.782096 1
7 67 1 -0.563935 1
7 68 1 -1.71621 1
7 69 1 -1.92613 1
7 70 1 1.83511 1
7 71 1 0.0526296 1
7 72 1 1.83253 1
7 73 1 0.0241437 1
7 74 1 0.241522 1
7 75 1 -1.70774 1
7 76 1 2.16633 1
7 77 1 0.532042 1
7 78 1 0.838939 1
7 79 1 0.955851 1
7 80 1 -1.36851 1
7 81 1 -1.63034 1
7 82 1 -2.92049 1
7 83 1 -0.466992 0
7 84 1 -1.18517 1
7 85 1 -0.0509918 1
7 86 1 2.19479 1
7 87 1 -0.277066 1
7 88 1 -1.16091 1
7 89 1 -0.49157 1
7 90 1 0.837278 1
7 91 1 -1.20377 1
7 92 1 -0.362851 1
7 93 1 -0.220286 1
7 94 1 0.106802 1
7 95 1 1.95369 1
7 100 1 0.191806 1
100 83 1 -1.043 1
100 24 1 -0.646153 0
100 106 1 0.874388 1
106 24 1 -1.55251 1
8 64 1 3.10356 1
8 65 1 -2.10959 1
8 66 1 -0.188879 1
8 67 1 -0.206339 1
8 68 1 -0.799707 1
8 69 1 0.750769 1
8 70 1 -0.934614 1
8 71 1 0.68448 1
8 72 1 0.866233 1
8 73 1 2.24647 1
8 74 1 -0.181678 1
8 75 1 -2.43226 1
8 76 1 -1.41434 1
8 77 1 1.10033 1
8 78 1 -0.242283 1
8 79 1 -0.748402 1
8 80 1 -0.679868 1
8 81 1 -0.531227 1
8 82 1 -0.255151 1
8 83 1 -1.40218 1
8 84 1 1.44548 1
8 85 1 2.54667 1
8 86 1 4.62562 1
8 87 1 -0.346337 1
8 88 1 0.196408 1
8 89 1 3.47723 1
8 90 1 -0.30822 1
8 91 1 -1.36225 1
8 92 1 2.51023 1
8 93 1 2.09366 1
8 94 1 2.24105 1
8 95 1 -0.188812 1
9 64 1 1.08539 1
9 65 1 -0.443478 1
9 66 1 -0.0525918 1
9 67 1 0.827232 1
9 68 1 -1.33974 1
9 69 1 -0.239256 1
9 70 1 -2.45661 1
9 71 1 -1.34707 1
9 72 1 0.936755 1
9 73 1 -0.846794 1
9 74 1 1.14303 1
9 75 1 -2.43221 1
9 76 1 1.16071 1
9 77 1 -0.418716 1
9 78 1 0.163265 1
9 79 1 0.901499 1
9 80 1 0.172602 1
9 81 1 -0.201151 1
9 82 1 -1.20351 1
9 83 1 -1.49533 1
9 84 1 3.08208 1
9 85 1 2.80444 1
9 86 1 -2.34262 1
9 87 1 0.218302 1
9 88 1 -1.17663 1
9 89 1 2.62614 1
9 90 1 -0.060449 1
9 91 1 -1.22152 1
9 92 1 -1.3572 1
9 93 1 -0.325071 1
9 94 1 -2.33209 1
9 95 1 -0.588793 1
10 64 1 -0.00517547 1
10 65 1 0.51042 1
10 66 1 1.59143 1
10 67 1 -0.143942 1
10 68 1 1.43447 1
10 69 1 0.654756 1
10 70 1 -0.0992906 1
10 71 1 -0.920359 1
10 72 1 0.0425632 1
10 73 1 1.27052 1
10 74 1 -0.40624 1
10 75 1 0.635855 1
10 76 1 -1.18248 1
10 77 1 1.87715 1
10 78 1 -3.23075 1
10 79 1 -0.530284 1
10 80 1 0.85849 1
10 81 1 0.12751 1
10 82 1 0.390292 1
10 83 1 0.963495 1
10 84 1 1.20375 1
10 85 1 2.02141 1
10 86 1 -0.81296 1
10 87 1 1.23801 1
10 88 1 1.38799 1
10 89 1 -0.859932 1
10 90 1 -0.395569 1
10 91 1 0.523297 1
10 92 1 3.00178 1
10 93 1 -0.310186 1
10 94 1 2.83644 1
10 95 1 1.15803 1
11 64 1 1.81097 1
11 65 1 1.30389 1
11 66 1 0.201073 1
11 67 1 -2.95799 1
11 68 1 2.01671 1
11 69 1 -0.755276 1
11 70 1 0.726132 1
11 71 1 -0.318407 1
11 72 1 0.517296 1
11 73 1 -0.262972 1
11 74 1 -1.7178 1
11 75 1 -0.55178 1
11 76 1 -0.971033 1
11 77 1 1.53097 1
11 78 1 -1.08711 1
11 79 1 -1.47913 1
11 80 1 1.58737 1
11 81 1 0.714132 1
11 82 1 0.853118 1
11 83 1 -0.0832484 1
11 84 1 3.13461 1
11 85 1 -1.41987 1
11 86 1 -2.06423 1
11 87 1 -0.400828 1
11 88 1 -1.37748 1
11 89 1 -1.0834 1
11 90 1 -0.575677 1
11 91 1 -0.613219 1
11 92 1 -0.798764 1
11 93 1 1.61293 1
11 94 1 0.474425 1
11 95 1 -0.689189 1
12 64 1 -1.79305 1
12 65 1 2.17277 1
12 66 1 -0.265876 1
12 67 1 -0.443164 1
12 68 1 0.639907 1
12 69 1 0.41843 1
12 70 1 -0.0516869 1
12 71 1 0.563096 1
12 72 1 -0.456286 1
12 73 1 1.24402 1
12 74 1 0.954523 1
12 75 1 -1.07042 1
12 76 1 0.997202 1
12 77 1 0.366437 1
12 78 1 -0.472386 1
12 79 1 -1.76355 1
12 80 1 -1.18089 1
12 81 1 -0.524575 1
12 82 1 -1.05824 1
12 83 1 0.503636 1
12 84 1 -1.15216 1
12 85 1 -0.653948 1
12 86 1 0.313054 1
12 87 1 1.18406 1
12 88 1 0.896347 1
12 89 1 0.481417 1
12 90 1 0.865209 1
12 91 1 -0.959417 1
12 92 1 0.17115 1
12 93 1 -1.77431 1
12 94 1 -2.0345 1
12 95 1 -0.212165 1
13 64 1 -1.88586 1
13 65 1 -1.71744 1
13 66 1 -0.631072 1
13 67 1 -0.490538 1
13 68 1 1.47826 1
13 69 1 -1.40688 1
13 70 1 0.310344 1
13 71 1 3.5074 1
13 72 1 -0.642174 1
13 73 1 -2.53591 1
13 74 1 0.221859 1
13 75 1 0.475297 1
13 76 1 0.0417049 1
13 77 1 -0.717268 1
13 78 1 -0.717466 1
13 79 1 -1.15098 1
13 80 1 -0.655621 1
13 81 1 -1.19841 1
13 82 1 0.559634 1
13 83 1 -1.80687 1
13 84 1 -0.751322 1
13 85 1 -0.56982 1
13 86 1 3.16151 1
13 87 1 3.07695 1
13 88 1 0.376231 1
13 89 1 0.558298 1
13 90 1 -3.54275 1
13 91 1 -0.85468 1
13 92 1 -1.30873 1
13 93 1 -1.13361 1
13 94 1 -0.0760407 1
13 95 1 -1.574 1
14 64 1 -2.81718 1
14 65 1 -0.0618953 1
14 66 1 -0.904754 1
14 67 1 -1.68707 1
14 68 1 -0.876653 1
14 69 1 2.0268 1
14 70 1 0.349728 1
14 71 1 1.61528 1
14 72 1 -0.586947 1
14 73 1 -0.830187 1
14 74 1 1.67064 1
14 75 1 0.369581 1
14 76 1 -0.0706963 1
14 77 1 -0.00426292 1
14 78 1 -1.48316 1
14 79 1 1.51582 1
14 80 1 1.93177 1
14 81 1 1.07055 1
14 82 1 2.10688 1
14 83 1 -2.93081 1
14 84 1 0.922641 1
14 85 1 -1.4175 1
14 86 1 2.40238 1
14 87 1 -0.142129 1
14 88 1 -1.61631 1
14 89 1 -0.675691 1
14 90 1 1.9753 1
14 91 1 3.20294 1
14 92 1 1.40217 1
14 93 1 1.08095 1
14 94 1 3.66396 1
14 95 1 0.0155792 1
15 64 1 -0.738142 1
15 65 1 -0.142652 1
15 66 1 -1.52762 1
15 67 1 0.478348 1
15 68 1 1.1047 1
15 69 1 1.63357 1
15 70 1 1.83538 1
15 71 1 -0.554136 1
15 72 1 -3.16255 1
15 73 1 1.03079 1
15 74 1 -0.920665 1
15 75 1 -2.07579 1
15 76 1 0.337869 1
15 77 1 1.63486 1
15 78 1 -1.05528 1
15 79 1 -0.380644 1
15 80 1 1.44052 1
15 81 1 1.19454 1
15 82 1 -1.43377 1
15 83 1 0.635385 1
15 84 1 0.881295 1
15 85 1 -0.995646 1
15 86 1 1.12823 1
15 87 1 -0.424924 1
15 88 1 1.502 1
15 89 1 0.812553 1
15 90 1 0.336267 1
15 91 1 -1.16163 1
15 92 1 -1.27207 1
15 93 1 0.542488 1
15 94 1 2.2162 1
15 95 1 1.1536 1
16 64 1 0.403192 1
16 65 1 -3.06152 1
16 66 1 -3.82136 1
16 67 1 -1.77368 1
16 68 1 2.26298 1
16 69 1 -0.245502 1
16 70 1 0.991614 1
16 71 1 1.35635 1
16 72 1 -1.56499 1
16 73 1 -0.978479 1
16 74 1 0.527193 1
16 75 1 -1.50515 1
16 76 1 -2.33598 1
16 77 1 1.02729 1
16 78 1 -0.144024 1
16 79 1 -1.20815 1
16 80 1 -2.13568 1
16 81 1 2.88267 1
16 82 1 -0.876876 1
16 83 1 0.567931 1
16 84 1 0.268216 1
16 85 1 0.204258 1
16 86 1 -1.51269 1
16 87 1 -0.164069 1
16 88 1 1.67364 1
16 89 1 0.317556 1
16 90 1 -0.961491 1
16 91 1 0.596214 1
16 92 1 0.522768 1
16 93 1 -0.348525 1
16 94 1 1.73669 1
16 95 1 -1.38382 1
17 64 1 -2.25363 1
17 65 1 -1.49415 1
17 66 1 -0.547359 1
17 67 1 0.185365 1
17 68 1 -0.617768 1
17 69 1 0.658876 1
17 70 1 2.39459 1
17 71 1 1.42934 1
17 72 1 -3.67191 1
17 73 1 1.43325 1
17 74 1 1.7322 1
17 75 1 0.353947 1
17 76 1 -2.52214 1
17 77 1 0.211603 1
17 78 1 1.73242 1
17 79 1 -3.08704 1
17 80 1 1.11733 1
17 81 1 1.85725 1
17 82 1 -1.91395 1
17 83 1 -1.15084 1
17 84 1 -1.83201 1
17 85 1 0.222566 1
17 86 1 2.49977 1
17 87 1 0.643206 1
17 88 1 -0.642746 1
17 89 1 -1.11298 1
17 90 1 -2.73759 1
17 91 1 1.24815 1
17 92 1 -0.0556869 1
17 93 1 0.11686 1
17 94 1 1.07623 1
17 95 1 -0.151614 1
18 64 1 0.923691 1
18 65 1 0.944187 1
18 66 1 0.245936 1
18 67 1 -0.768601 1
18 68 1 -0.580411 1
18 69 1 -0.709322 1
18 70 1 -0.25795 1
18 71 1 -0.116568 1
18 72 1 1.87913 1
18 73 1 -0.757725 1
18 74 1 1.65304 1
18 75 1 -0.048983 1
18 76 1 0.873411 1
18 77 1 1.06465 1
18 78 1 0.452397 1
18 79 1 -0.908234 1
18 80 1 0.655011 1
18 81 1 2.07428 1
18 82 1 -2.02192 1
18 83 1 -0.843421 1
18 84 1 -0.0864015 1
18 85 1 -2.26316 1
18 86 1 0.693627 1
18 87 1 -0.204841 1
18 88 1 2.41615 1
18 89 1 1.03732 1
18 90 1 -0.0911611 1
18 91 1 0.568724 1
18 92 1 -0.484113 1
18 93 1 0.281348 1
18 94 1 -0.0247595 1
18 95 1 0.0689472 1
18 25 1 -1.38615 1
19 64 1 -0.863218 1
19 65 1 -0.267196 1
19 66 1 2.06838 1
19 67 1 -2.46073 1
19 68 1 -1.56479 1
19 69 1 1.0168 1
19 70 1 -0.807152 1
19 71 1 -0.151974 1
19 72 1 2.14155 1
19 73 1 0.841835 1
19 74 1 0.476728 1
19 75 1 -1.20162 1
19 76 1 -1.09704 1
19 77 1 -0.636464 1
19 78 1 -1.34777 1
19 79 1 1.06299 1
19 80 1 -1.2826 1
19 81 1 -2.42408 1
19 82 1 -0.442712 1
19 83 1 -2.02539 1
19 84 1 1.49327 1
19 85 1 -0.506292 1
19 86 1 0.174613 1
19 87 1 1.59763 1
19 88 1 1.13385 1
19 89 1 2.76121 1
19 90 1 -1.24154 1
19 91 1 0.477534 1
19 92 1 0.830789 1
19 93 1 -2.5925 1
19 94 1 -2.1066 1
19 95 1 -2.18408 1
20 64 1 2.0362 1
20 65 1 0.00658588 1
20 66 1 1.51059 1
20 67 1 0.0609145 1
20 68 1 -0.738625 1
20 69 1 -1.85301 1
20 70 1 -1.68181 1
20 71 1 -1.31384 1
20 72 1 0.314621 1
20 73 1 0.0537621 1
20 74 1 1.52574 1
20 75 1 0.862836 1
20 76 1 -0.621065 1
20 77 1 -0.167283 1
20 78 1 1.78807 1
20 79 1 0.600698 1
20 80 1 -0.419596 1
20 81 1 0.252632 1
20 82 1 1.99074 1
20 83 1 2.13473 1
20 84 1 0.809539 1
20 85 1 -0.567741 1
20 86 1 0.520351 1
20 87 1 0.119848 1
20 88 1 0.262649 1
20 89 1 0.939107 1
20 90 1 0.865631 1
20 91 1 -1.24887 0
20 92 1 -1.63859 1
20 93 1 2.90556 0
20 94 1 0.472741 0
20 95 1 -0.278737 1
20 96 1 -0.390905 1
20 98 1 0.62971 1
20 103 1 2.39602 1
103 91 1 -1.30632 0
103 105 1 1.28263 1
105 91 1 -0.593193 1
98 93 1 0.35613 1
98 99 1 0.118243 1
96 94 1 0.365903 1
21 64 1 -0.617569 1
21 65 1 0.178112 1
21 66 1 -1.05713 1
21 67 1 -2.03169 1
21 68 1 -0.53527 1
21 69 1 1.7401 1
21 70 1 -0.66011 1
21 71 1 -1.90175 1
21 72 1 -0.627705 1
21 73 1 0.260508 1
21 74 1 -1.77566 1
21 75 1 -1.44515 1
21 76 1 0.0821234 1
21 77 1 2.05743 1
21 78 1 -1.03824 1
21 79 1 -1.78744 1
21 80 1 0.042936 1
21 81 1 0.547766 1
21 82 1 -0.369245 1
21 83 1 -0.656194 1
21 84 1 3.03115 1
21 85 1 0.638294 1
21 86 1 1.58786 1
21 87 1 -0.50854 1
21 88 1 1.92362 1
21 89 1 2.46594 1
21 90 1 1.87258 1
21 91 1 -0.165862 1
21 92 1 0.28248 1
21 93 1 -0.479245 1
21 94 1 -0.51424 1
21 95 1 -0.286843 1
22 64 1 0.768867 1
22 65 1 1.2537 1
22 66 1 0.474637 1
22 67 1 1.55214 1
22 68 1 -1.68386 1
22 69 1 -0.96085 1
22 70 1 -1.1353 1
22 71 1 0.901209 1
22 72 1 -1.78012 1
22 73 1 -1.18921 1
22 74 1 -0.53491 1
22 75 1 1.79422 1
22 76 1 1.84988 1
22 77 1 0.722557 1
22 78 1 1.85064 1
22 79 1 2.09657 1
22 80 1 -1.18859 1
22 81 1 -2.31687 1
22 82 1 0.843004 1
22 83 1 0.0558651 1
22 84 1 -0.831118 1
22 85 1 -0.512744 1
22 86 1 0.0540736 1
22 87 1 3.41327 1
22 88 1 0.698635 1
22 89 1 0.484768 1
22 90 1 2.0413 1
22 91 1 0.309431 1
22 92 1 1.28267 1
22 93 1 0.68576 1
22 94 1 0.340684 1
22 95 1 2.84708 1
23 64 1 -1.30849 1
23 65 1 0.19644 1
23 66 1 0.916129 1
23 67 1 0.227654 1
23 68 1 -1.22558 1
23 69 1 0.057797 1
23 70 1 1.49198 1
23 71 1 -2.60201 1
23 72 1 0.0805073 1
23 73 1 -1.02001 1
23 74 1 1.16615 1
23 75 1 -0.375032 1
23 76 1 0.764278 1
23 77 1 1.72232 1
23 78 1 1.53631 1
23 79 1 -3.21956 1
23 80 1 0.200331 1
23 81 1 -1.09317 1
23 82 1 -1.81054 1
23 83 1 0.406785 1
23 84 1 1.10541 1
23 85 1 0.0548461 1
23 86 1 -4.66457 1
23 87 1 0.0833856 1
23 88 1 1.53076 1
23 89 1 0.421262 1
23 90 1 -0.883053 1
23 91 1 0.0330741 1
23 92 1 0.0902043 1
23 93 1 0.878248 1
23 94 1 0.400968 1
23 95 1 -0.547363 1
23 107 1 0.045251 1
24 64 1 -1.68128 1
24 65 1 -0.574069 1
24 66 1 -1.89137 1
24 67 1 3.15495 1
24 68 1 -2.95762 1
24 69 1 1.09519 1
24 70 1 -2.4294 1
24 71 1 3.36698 1
24 72 1 -0.712774 1
24 73 1 0.157289 1
24 74 1 -0.683471 1
24 75 1 0.728582 1
24 76 1 2.47312 1
24 77 1 -2.39831 1
24 78 1 -1.61762 1
24 79 1 -0.180517 1
24 80 1 0.130331 1
24 81 1 -0.372625 1
24 82 1 3.12391 1
24 83 1 -2.56758 1
24 84 1 -0.657648 1
24 85 1 -0.00562759 1
24 86 1 -1.87399 1
24 87 1 1.62567 1
24 88 1 -1.07796 1
24 89 1 -0.440428 1
24 90 1 1.81241 1
24 91 1 -0.0651098 1
24 92 1 1.05069 1
24 93 1 1.00133 1
24 94 1 0.101812 1
24 95 1 0.56769 1
24 5 1 3.24825 1
25 64 1 -1.47921 1
25 65 1 1.67855 1
25 66 1 -0.848233 1
25 67 1 0.289745 1
25 68 1 3.07406 1
25 69 1 -3.71075 1
25 70 1 1.949 1
25 71 1 -1.62988 1
25 72 1 -0.00617982 1
25 73 1 -1.01599 1
25 74 1 0.00296289 1
25 75 1 -0.949915 1
25 76 1 2.43784 1
25 77 1 2.64345 1
25 78 1 0.7043 1
25 79 1 -2.17379 1
25 80 1 1.67425 1
25 81 1 0.752248 1
25 82 1 -1.21189 1
25 83 1 1.06934 1
25 84 1 -1.47095 1
25 85 1 -2.23699 1
25 86 1 0.889013 1
25 87 1 1.03202 1
25 88 1 1.45228 1
25 89 1 1.21822 1
25 90 1 -0.509921 1
25 91 1 -1.58318 1
25 92 1 -0.367248 1
25 93 1 0.522275 1
25 94 1 -0.891032 1
25 95 1 -0.75357 1
25 8 1 1.21475 1
25 6 1 0.692227 1
26 64 1 0.341695 1
26 65 1 1.00556 1
26 66 1 -0.511472 1
26 67 1 1.48105 1
26 68 1 1.79349 1
26 69 1 3.18301 1
26 70 1 -1.03613 1
26 71 1 0.657993 1
26 72 1 -0.769081 1
26 73 1 0.0667758 1
26 74 1 -0.331009 1
26 75 1 1.86454 1
26 76 1 -0.838119 1
26 77 1 -2.25078 1
26 78 1 -0.0948667 1
26 79 1 -2.26961 1
26 80 1 -0.159363 1
26 81 1 2.8184 1
26 82 1 0.0804841 1
26 83 1 1.36511 1
26 84 1 -1.38609 1
26 85 1 -0.295453 1
26 86 1 -1.99926 1
26 87 1 1.05623 1
26 88 1 -0.50951 1
26 89 1 -0.615506 1
26 90 1 -0.853142 1
26 91 1 -1.81295 1
26 92 1 -0.738552 1
26 93 1 -2.2329 1
26 94 1 1.55978 1
26 95 1 -0.108482 1
26 23 1 1.50661 1
27 64 1 -3.23797 1
27 65 1 1.92928 1
27 66 1 -0.2508 1
27 67 1 0.201991 1
27 68 1 -1.06012 1
27 69 1 -0.69378 1
27 70 1 0.847899 1
27 71 1 -2.9051 1
27 72 1 -2.66726 1
27 73 1 1.93352 1
27 74 1 0.30431 1
27 75 1 2.57964 1
27 76 1 -1.09843 1
27 77 1 -1.81955 1
27 78 1 2.59318 1
27 79 1 0.513852 1
27 80 1 0.57744 1
27 81 1 0.474559 1
27 82 1 -0.0185995 1
27 83 1 -0.646626 1
27 84 1 1.05198 1
27 85 1 -1.16051 1
27 86 1 0.387086 1
27 87 1 0.753948 1
27 88 1 -2.72646 1
27 89 1 -0.184985 1
27 90 1 -0.106959 1
27 91 1 -0.0544618 1
27 92 1 -3.15551 1
27 93 1 -1.52992 1
27 94 1 2.36139 1
27 95 1 0.747504 1
27 9 1 1.20649 1
28 64 1 0.143593 1
28 65 1 0.255408 1
28 66 1 0.44348 1
28 67 1 2.06726 1
28 68 1 0.29508 1
28 69 1 2.30807 1
28 70 1 -1.6607 1
28 71 1 -1.24524 1
28 72 1 -0.73821 1
28 73 1 -0.0157775 1
28 74 1 -0.300967 1
28 75 1 -0.601683 1
28 76 1 -0.357278 1
28 77 1 -1.39411 1
28 78 1 0.672268 1
28 79 1 0.297679 1
28 80 1 3.02825 1
28 81 1 -0.996482 1
28 82 1 0.639975 1
28 83 1 -0.597288 1
28 84 1 0.797291 1
28 85 1 -2.42831 1
28 86 1 -1.6995 1
28 87 1 -0.377904 1
28 88 1 -2.94045 1
28 89 1 -1.09216 1
28 90 1 -1.0416 1
28 91 1 -1.10748 1
28 92 1 1.16753 1
28 93 1 -1.03268 1
28 94 1 -1.60757 1
28 95 1 -0.685759 1
29 64 1 1.15868 1
29 65 1 -0.642229 1
29 66 1 1.20616 1
29 67 1 1.37081 1
29 68 1 -1.15793 1
29 69 1 0.88828 1
29 70 1 -0.801616 1
29 71 1 0.15438 1
29 72 1 0.596687 1
29 73 1 1.782 1
29 74 1 0.822993 1
29 75 1 1.77763 1
29 76 1 0.0846158 1
29 77 1 0.647618 1
29 78 1 -2.33783 1
29 79 1 0.0707329 1
29 80 1 -0.276912 1
29 81 1 0.729016 1
29 82 1 -0.688885 1
29 83 1 0.247112 1
29 84 1 -0.0958742 1
29 85 1 0.350434 1
29 86 1 -0.948291 1
29 87 1 -3.68834 1
29 88 1 1.3515 1
29 89 1 0.404886 1
29 90 1 -1.35522 1
29 91 1 0.995162 1
29 92 1 0.369363 1
29 93 1 0.379187 1
29 94 1 0.5699 1
29 95 1 -0.459644 1
30 64 1 0.473113 1
30 65 1 0.540151 1
30 66 1 0.114883 1
30 67 1 0.51823 1
30 68 1 1.60419 1
30 69 1 -0.303703 1
30 70 1 -0.418969 1
30 71 1 1.9426 1
30 72 1 -0.768514 1
30 73 1 4.29645 1
30 74 1 0.842495 1
30 75 1 0.286805 1
30 76 1 0.0515511 1
30 77 1 -1.33868 1
30 78 1 -0.765863 1
30 79 1 -0.361323 1
30 80 1 0.408132 1
30 81 1 -1.40892 1
30 82 1 1.09466 1
30 83 1 3.2424 1
30 84 1 1.35407 1
30 85 1 -1.57185 1
30 86 1 -1.11655 1
30 87 1 -3.84018 1
30 88 1 0.514744 1
30 89 1 -1.9747 1
30 90 1 1.12784 1
30 91 1 0.820356 1
30 92 1 0.519331 1
30 93 1 1.27643 1
30 94 1 1.87583 1
30 95 1 0.271728 1
31 64 1 1.54527 1
31 65 1 0.682704 1
31 66 1 -1.27644 1
31 67 1 3.44955 1
31 68 1 5.37785 1
31 69 1 0.321792 1
31 70 1 -0.765215 1
31 71 1 0.717231 1
31 72 1 -1.8365 1
31 73 1 -1.63508 1
31 74 1 -1.37451 1
31 75 1 -1.05639 1
31 76 1 -1.27598 1
31 77 1 -0.404139 1
31 78 1 0.547634 1
31 79 1 0.409862 1
31 80 1 -0.0793753 1
31 81 1 0.258202 1
31 82 1 2.55736 1
31 83 1 -0.791145 1
31 84 1 -1.73802 1
31 85 1 0.609088 1
31 86 1 0.664148 1
31 87 1 1.15006 1
31 88 1 0.837 1
31 89 1 1.38456 1
31 90 1 1.47892 1
31 91 1 -0.59076 1
31 92 1 -2.07274 1
31 93 1 1.91582 1
31 94 1 -0.173956 1
31 95 1 -1.09519 1
32 64 1 2.08236 1
32 65 1 0.369246 1
32 66 1 -2.11418 1
32 67 1 1.04983 1
32 68 1 0.632928 1
32 69 1 2.85604 1
32 70 1 1.45608 1
32 71 1 1.37428 1
32 72 1 -2.8648 1
32 73 1 -0.135454 1
32 74 1 -0.0248371 1
32 75 1 1.13275 1
32 76 1 -1.60779 1
32 77 1 -0.874668 1
32 78 1 -2.71418 1
32 79 1 1.96352 1
32 80 1 0.628093 1
32 81 1 -1.86992 1
32 82 1 1.4194 1
32 83 1 1.03646 1
32 84 1 -0.822975 1
32 85 1 -2.25326 1
32 86 1 0.340666 1
32 87 1 1.25821 1
32 88 1 -0.113323 1
32 89 1 -1.99175 1
32 90 1 0.291401 1
32 91 1 -0.0683978 1
32 92 1 1.3366 1
32 93 1 -2.08678 1
32 94 1 1.54619 1
32 95 1 -0.653495 1
33 64 1 0.823302 1
33 65 1 -1.93796 1
33 66 1 -0.949029 1
33 67 1 -1.11863 1
33 68 1 -1.44389 1
33 69 1 -1.41872 1
33 70 1 3.09866 1
33 71 1 0.574029 1
33 72 1 -0.0419091 1
33 73 1 0.386463 1
33 74 1 2.16724 1
33 75 1 -2.24972 1
33 76 1 -0.687522 1
33 77 1 2.50229 1
33 78 1 -1.31893 1
33 79 1 -1.13861 1
33 80 1 1.08951 1
33 81 1 -0.3945 1
33 82 1 -0.701129 1
33 83 1 0.861847 1
33 84 1 1.78683 1
33 85 1 2.33104 1
33 86 1 -0.804033 1
33 87 1 2.12089 1
33 88 1 1.92451 1
33 89 1 1.3902 1
33 90 1 -0.708536 1
33 91 1 1.36516 1
33 92 1 0.563715 1
33 93 1 1.03092 1
33 94 1 1.26898 1
33 95 1 -0.159706 1
34 64 1 0.209541 1
34 65 1 0.712473 1
34 66 1 -1.01629 1
34 67 1 1.14617 1
34 68 1 2.271 1
34 69 1 -0.0371488 1
34 70 1 -1.89245 1
34 71 1 -0.276996 1
34 72 1 0.777152 1
34 73 1 0.17504 1
34 74 1 -0.0146757 1
34 75 1 1.73761 1
34 76 1 -1.66714 1
34 77 1 -0.00125217 1
34 78 1 0.338967 1
34 79 1 -0.19417 1
34 80 1 0.324594 1
34 81 1 0.824065 1
34 82 1 0.307469 1
34 83 1 0.765191 1
34 84 1 0.537977 1
34 85 1 -0.119408 1
34 86 1 0.404988 1
34 87 1 -0.300119 1
34 88 1 1.91934 1
34 89 1 -0.398453 1
34 90 1 -0.679732 1
34 91 1 0.603644 1
34 92 1 -1.71759 1
34 93 1 -3.37418 1
34 94 1 0.92648 1
34 95 1 0.133024 1
35 64 1 -1.28363 1
35 65 1 1.91018 1
35 66 1 1.15009 1
35 67 1 -0.274468 1
35 68 1 0.300683 1
35 69 1 0.729823 1
35 70 1 0.683555 1
35 71 1 0.439272 1
35 72 1 -0.0262449 1
35 73 1 1.32737 1
35 74 1 1.60392 1
35 75 1 -1.7221 1
35 76 1 0.10537 1
35 77 1 0.835303 1
35 78 1 -2.31943 1
35 79 1 -1.82525 1
35 80 1 -3.30571 1
35 81 1 0.468473 1
35 82 1 3.47085 1
35 83 1 0.00896232 1
35 84 1 0.996489 1
35 85 1 -1.77731 1
35 86 1 -0.961366 1
35 87 1 -0.238193 1
35 88 1 -0.551536 1
35 89 1 0.875639 1
35 90 1 -2.3798 1
35 91 1 -3.46124 1
35 92 1 0.059099 1
35 93 1 1.2113 1
35 94 1 0.39557 1
35 95 1 0.227948 1
36 64 1 -1.41939 1
36 65 1 0.613458 1
36 66 1 -0.881002 1
36 67 1 0.103897 1
36 68 1 -0.694331 1
36 69 1 0.710211 1
36 70 1 0.152454 1
36 71 1 3.04887 1
36 72 1 -0.438794 1
36 73 1 1.15884 1
36 74 1 2.06328 1
36 75 1 0.21807 1
36 76 1 -0.313245 1
36 77 1 -1.77317 1
36 78 1 2.1284 1
36 79 1 2.1683 1
36 80 1 -1.38847 1
36 81 1 0.698539 1
36 82 1 -0.185087 0
36 83 1 -1.75815 1
36 84 1 0.00228078 1
36 85 1 0.428995 1
36 86 1 0.0601951 1
36 87 1 -0.994841 1
36 88 1 1.43106 1
36 89 1 -0.987024 1
36 90 1 -1.64073 1
36 91 1 -0.489813 1
36 92 1 2.56709 1
36 93 1 0.301108 1
36 94 1 -1.91235 1
36 95 1 2.67513 1
36 109 1 1.04548 1
109 82 1 0.572632 1
37 64 1 -2.65792 1
37 65 1 -0.688433 1
37 66 1 -2.73176 1
37 67 1 -3.04152 1
37 68 1 -1.03114 1
37 69 1 0.897643 1
37 70 1 -0.33069 1
37 71 1 -0.730621 1
37 72 1 0.54194 1
37 73 1 -0.193542 1
37 74 1 -0.991618 1
37 75 1 -0.221519 1
37 76 1 0.849514 1
37 77 1 1.45329 1
37 78 1 0.0712323 1
37 79 1 0.441042 1
37 80 1 1.93817 1
37 81 1 0.831998 1
37 82 1 4.40534 1
37 83 1 0.256754 1
37 84 1 -1.63987 1
37 85 1 1.45288 1
37 86 1 -1.23317 1
37 87 1 0.50703 1
37 88 1 -1.41347 1
37 89 1 1.55713 1
37 90 1 0.0175967 1
37 91 1 -2.09185 1
37 92 1 1.35171 1
37 93 1 -0.650572 1
37 94 1 -1.31417 1
37 95 1 -0.254264 1
38 64 1 0.580418 1
38 65 1 -1.23111 1
38 66 1 -1.81619 1
38 67 1 0.203159 1
38 68 1 0.728092 1
38 69 1 -0.0341234 1
38 70 1 1.63291 1
38 71 1 -0.0482118 1
38 72 1 0.918039 1
38 73 1 -0.614322 1
38 74 1 0.160425 1
38 75 1 1.13364 1
38 76 1 2.68416 1
38 77 1 -0.938663 1
38 78 1 0.526504 1
38 79 1 -1.7362 1
38 80 1 -1.50256 1
38 81 1 -0.865351 1
38 82 1 -1.87667 1
38 83 1 -0.856822 1
38 84 1 0.420374 1
38 85 1 -1.42173 1
38 86 1 -0.389255 1
38 87 1 0.641307 1
38 88 1 1.43787 1
38 89 1 2.03137 1
38 90 1 -1.39265 1
38 91 1 2.20844 1
38 92 1 -0.291316 1
38 93 1 -0.471155 1
38 94 1 -0.990814 1
38 95 1 -0.0276418 1
39 64 1 0.0765978 1
39 65 1 -0.871237 1
39 66 1 0.212156 1
39 67 1 -1.46412 1
39 68 1 -0.850447 1
39 69 1 1.01958 1
39 70 1 -1.80976 1
39 71 1 0.756726 1
39 72 1 0.987251 1
39 73 1 0.614284 1
39 74 1 1.34308 1
39 75 1 0.624373 1
39 76 1 -0.541978 1
39 77 1 -2.1243 1
39 78 1 0.32861 1
39 79 1 -0.740723 1
39 80 1 -0.764447 1
39 81 1 -1.341 1
39 82 1 -0.514757 1
39 83 1 1.59424 1
39 84 1 2.23223 1
39 85 1 -0.499944 1
39 86 1 0.296609 1
39 87 1 0.41303 1
39 88 1 -0.976992 1
39 89 1 1.83118 1
39 90 1 1.96786 1
39 91 1 -2.04527 1
39 92 1 1.49672 1
39 93 1 -0.151704 1
39 94 1 0.503896 1
39 95 1 0.849736 1
39 2 1 -2.80214 1
40 64 1 -3.53217 1
40 65 1 0.409931 1
40 66 1 -1.04616 1
40 67 1 1.41859 1
40 68 1 2.24758 1
40 69 1 -1.25668 1
40 70 1 -1.58767 1
40 71 1 0.784892 1
40 72 1 1.80446 1
40 73 1 0.274692 1
40 74 1 -0.488245 1
40 75 1 -0.352108 1
40 76 1 0.979585 1
40 77 1 -0.568104 1
40 78 1 1.77384 1
40 79 1 -1.7721 1
40 80 1 1.38412 1
40 81 1 0.319623 1
40 82 1 0.586923 1
40 83 1 -0.0684274 1
40 84 1 -0.585044 1
40 85 1 2.39182 1
40 86 1 2.00561 1
40 87 1 -0.120635 1
40 88 1 -1.36066 1
40 89 1 -0.00457864 1
40 90 1 1.35509 1
40 91 1 -0.384139 1
40 92 1 -0.589171 1
40 93 1 2.30507 1
40 94 1 -0.799095 1
40 95 1 1.09332 1
41 64 1 2.06234 1
41 65 1 -0.143232 1
41 66 1 1.61798 1
41 67 1 -1.73488 1
41 68 1 -0.416905 1
41 69 1 1.33245 1
41 70 1 -0.119068 1
41 71 1 2.14875 1
41 72 1 3.77919 1
41 73 1 -1.29372 1
41 74 1 -1.18896 1
41 75 1 0.903924 1
41 76 1 0.124684 1
41 77 1 -0.59949 1
41 78 1 -1.56238 1
41 79 1 -1.97151 1
41 80 1 2.06747 1
41 81 1 -0.360599 1
41 82 1 0.38579 1
41 83 1 0.233248 1
41 84 1 0.328247 1
41 85 1 -0.349029 1
41 86 1 0.129852 1
41 87 1 -0.907008 1
41 88 1 2.99831 1
41 89 1 -0.55372 1
41 90 1 -0.6993 1
41 91 1 1.1526 1
41 92 1 -0.820049 1
41 93 1 0.186902 1
41 94 1 0.952279 1
41 95 1 -1.90579 1
41 11 1 -0.109242 1
42 64 1 0.793351 1
42 65 1 -0.0248865 1
42 66 1 0.22654 1
42 67 1 1.30292 1
42 68 1 1.83833 1
42 69 1 -1.18825 1
42 70 1 0.282782 1
42 71 1 0.502745 1
42 72 1 -2.63469 1
42 73 1 -1.42089 1
42 74 1 1.31811 1
42 75 1 1.34869 1
42 76 1 -1.27539 1
42 77 1 1.31256 1
42 78 1 -1.62748 1
42 79 1 -1.33078 1
42 80 1 0.0787408 1
42 81 1 1.72235 1
42 82 1 1.4385 1
42 83 1 1.37776 1
42 84 1 0.713979 1
42 85 1 0.605104 1
42 86 1 0.183646 1
42 87 1 -0.332933 1
42 88 1 2.04119 1
42 89 1 -0.098128 1
42 90 1 0.360981 1
42 91 1 1.15913 1
42 92 1 -0.51289 1
42 93 1 1.03192 1
42 94 1 -1.28514 1
42 95 1 -1.35124 1
43 64 1 -0.112012 1
43 65 1 -0.360266 1
43 66 1 0.803807 1
43 67 1 0.881402 1
43 68 1 -0.620286 1
43 69 1 -3.3303 1
43 70 1 0.159307 1
43 71 1 -1.27045 1
43 72 1 -0.546321 1
43 73 1 -0.740641 1
43 74 1 0.0465142 1
43 75 1 -1.63038 1
43 76 1 2.5232 1
43 77 1 0.365571 1
43 78 1 1.09735 1
43 79 1 0.0514856 1
43 80 1 -1.06228 1
43 81 1 -0.317482 1
43 82 1 0.259795 1
43 83 1 -0.0514667 1
43 84 1 0.831701 1
43 85 1 1.41724 1
43 86 1 -1.77642 1
43 87 1 3.04719 1
43 88 1 -0.375986 1
43 89 1 2.598 1
43 90 1 -0.358523 1
43 91 1 -0.867575 1
43 92 1 0.601766 1
43 93 1 1.4257 1
43 94 1 -0.886156 1
43 95 1 -0.25104 1
44 64 1 1.13001 1
44 65 1 -3.02486 1
44 66 1 1.1678 1
44 67 1 -0.747519 1
44 68 1 -0.134935 1
44 69 1 0.451069 1
44 70 1 0.431039 1
44 71 1 -0.182802 1
44 72 1 -1.89788 1
44 73 1 0.315273 1
44 74 1 -1.46848 1
44 75 1 -0.357427 1
44 76 1 0.355435 1
44 77 1 0.956657 1
44 78 1 0.665276 1
44 79 1 1.18231 1
44 80 1 1.41083 1
44 81 1 0.267555 1
44 82 1 1.41306 1
44 83 1 -2.15453 1
44 84 1 0.558039 1
44 85 1 0.57794 1
44 86 1 1.4497 1
44 87 1 -1.21492 1
44 88 1 0.347357 1
44 89 1 -0.767116 1
44 90 1 0.898023 1
44 91 1 0.0340596 1
44 92 1 -0.480403 1
44 93 1 2.2507 1
44 94 1 -1.44483 1
44 95 1 -0.456879 1
44 8 1 0.482441 1
45 64 1 0.8475 1
45 65 1 0.28257 1
45 66 1 0.224457 1
45 67 1 -1.22392 1
45 68 1 -1.86015 1
45 69 1 -4.69451 1
45 70 1 0.310676 1
45 71 1 -1.02962 1
45 72 1 -1.30406 1
45 73 1 1.42254 1
45 74 1 2.68623 1
45 75 1 1.20771 1
45 76 1 0.572443 1
45 77 1 -0.318338 1
45 78 1 -2.58667 1
45 79 1 0.700872 1
45 80 1 -1.65966 1
45 81 1 0.397372 1
45 82 1 1.24492 1
45 83 1 -0.400198 1
45 84 1 0.284609 1
45 85 1 -1.75602 1
45 86 1 0.995289 1
45 87 1 -0.274826 1
45 88 1 -1.60612 1
45 89 1 -1.05948 1
45 90 1 -0.782181 1
45 91 1 1.33097 1
45 92 1 -1.96438 1
45 93 1 -1.97044 1
45 94 1 0.518247 1
45 95 1 -0.284737 1
45 9 1 1.1749 1
46 64 1 -0.0909932 1
46 65 1 1.25412 1
46 66 1 0.903652 1
46 67 1 0.73235 1
46 68 1 -1.80674 1
46 69 1 -1.26651 1
46 70 1 0.558712 1
46 71 1 -1.28351 1
46 72 1 -0.68495 1
46 73 1 -1.46132 1
46 74 1 -2.34611 1
46 75 1 -0.905566 1
46 76 1 -1.21861 1
46 77 1 0.73947 1
46 78 1 -0.977182 1
46 79 1 0.0288493 1
46 80 1 0.690945 1
46 81 1 -1.1211 1
46 82 1 0.178538 1
46 83 1 1.48784 1
46 84 1 -0.349441 1
46 85 1 0.0861848 1
46 86 1 -1.67881 1
46 87 1 -1.05907 1
46 88 1 -0.9298 1
46 89 1 -1.3901 1
46 90 1 -0.424768 1
46 91 1 -1.01265 1
46 92 1 -2.17503 1
46 93 1 0.573178 1
46 94 1 0.0900097 1
46 95 1 0.364437 1
47 64 1 1.04951 1
47 65 1 0.937785 1
47 66 1 -1.66242 1
47 67 1 1.76727 1
47 68 1 -0.756118 1
47 69 1 3.51635 1
47 70 1 -0.204876 1
47 71 1 1.25534 1
47 72 1 1.20086 1
47 73 1 0.681444 1
47 74 1 0.758529 1
47 75 1 -0.306735 1
47 76 1 -0.904407 1
47 77 1 -3.97071 1
47 78 1 0.317894 1
47 79 1 -0.0958944 1
47 80 1 -0.936267 1
47 81 1 -1.52163 1
47 82 1 0.881596 1
47 83 1 -0.00616508 1
47 84 1 -0.875752 1
47 85 1 1.77857 1
47 86 1 -1.87971 1
47 87 1 0.603626 1
47 88 1 -2.25702 1
47 89 1 -0.32033 1
47 90 1 -0.321137 1
47 91 1 -0.398648 1
47 92 1 1.89454 1
47 93 1 -1.51118 1
47 94 1 0.716796 1
47 95 1 -1.07406 1
47 4 1 -1.17694 1
48 64 1 -0.908597 1
48 65 1 -0.189493 1
48 66 1 -1.11674 1
48 67 1 -1.30343 1
48 68 1 -0.865893 1
48 69 1 -1.4497 1
48 70 1 1.56037 1
48 71 1 2.31587 1
48 72 1 -0.248783 1
48 73 1 1.42573 1
48 74 1 2.84129 1
48 75 1 -1.01025 1
48 76 1 -0.67607 1
48 77 1 -1.75483 1
48 78 1 0.827789 1
48 79 1 0.33356 1
48 80 1 0.682825 1
48 81 1 0.300767 1
48 82 1 -0.123347 1
48 83 1 0.998245 1
48 84 1 -0.810145 1
48 85 1 2.06894 1
48 86 1 0.186412 1
48 87 1 0.324321 1
48 88 1 -1.28612 1
48 89 1 0.533827 1
48 90 1 -0.209375 1
48 91 1 0.763198 1
48 92 1 -2.6213 1
48 93 1 -0.481936 1
48 94 1 -0.648653 1
48 95 1 -0.96885 1
48 16 1 -0.0398824 1
48 12 1 0.304935 1
49 64 1 0.764042 1
49 65 1 -0.792148 1
49 66 1 -1.48538 1
49 67 1 2.30653 1
49 68 1 1.4022 1
49 69 1 2.34975 1
49 70 1 0.458189 1
49 71 1 -1.78438 1
49 72 1 -1.71735 1
49 73 1 1.16022 1
49 74 1 -0.0499343 1
49 75 1 0.210584 1
49 76 1 -3.12072 1
49 77 1 -0.82099 1
49 78 1 0.0516133 1
49 79 1 1.72577 1
49 80 1 3.04184 1
49 81 1 -1.74421 1
49 82 1 0.58518 1
49 83 1 1.60426 1
49 84 1 0.771626 1
49 85 1 -1.95696 1
49 86 1 0.902689 1
49 87 1 -1.80116 1
49 88 1 -2.18097 1
49 89 1 0.107667 1
49 90 1 1.38609 1
49 91 1 0.610256 1
49 92 1 -1.30547 1
49 93 1 0.374554 1
49 94 1 -0.18337 1
49 95 1 1.79493 1
49 19 1 -0.234163 1
50 64 1 -3.24853 1
50 65 1 -1.46533 1
50 66 1 1.61298 1
50 67 1 -1.04927 1
50 68 1 0.200734 1
50 69 1 0.890389 1
50 70 1 2.18787 1
50 71 1 1.57794 1
50 72 1 -1.17124 1
50 73 1 2.25671 1
50 74 1 1.53303 1
50 75 1 1.58801 1
50 76 1 -1.4637 1
50 77 1 0.378369 1
50 78 1 0.553619 1
50 79 1 -2.09304 1
50 80 1 0.0898115 1
50 81 1 -0.570923 1
50 82 1 -0.13155 1
50 83 1 2.55024 1
50 84 1 -0.585443 1
50 85 1 1.25795 1
50 86 1 0.00166449 1
50 87 1 -1.69055 1
50 88 1 -2.2841 1
50 89 1 -0.264597 1
50 90 1 -0.167344 1
50 91 1 0.422122 1
50 92 1 -0.251023 1
50 93 1 3.18718 1
50 94 1 -0.180932 1
50 95 1 1.26235 1
50 4 1 -1.21766 1
51 64 1 -1.80904 1
51 65 1 1.47359 1
51 66 1 -0.642763 1
51 67 1 -1.79899 1
51 68 1 -0.169959 1
51 69 1 -0.702227 1
51 70 1 0.0367258 1
51 71 1 1.97827 1
51 72 1 -0.00310864 1
51 73 1 -0.460418 1
51 74 1 -0.565915 1
51 75 1 3.57052 1
51 76 1 -0.540521 1
51 77 1 0.19416 1
51 78 1 -0.159726 1
51 79 1 0.997011 1
51 80 1 1.4988 1
51 81 1 -1.37172 1
51 82 1 -0.746088 1
51 83 1 1.31921 1
51 84 1 -0.991541 1
51 85 1 0.281556 1
51 86 1 -0.531778 1
51 87 1 0.375804 1
51 88 1 0.0766555 1
51 89 1 -1.28222 1
51 90 1 -0.320548 1
51 91 1 0.697631 1
51 92 1 -0.975027 1
51 93 1 1.95075 1
51 94 1 -2.89352 1
51 95 1 0.55901 1
52 64 1 -1.21217 1
52 65 1 0.284284 1
52 66 1 1.81293 1
52 67 1 0.151259 1
52 68 1 -1.04138 1
52 69 1 1.96919 1
52 70 1 1.20928 1
52 71 1 -1.71995 1
52 72 1 -1.29603 1
52 73 1 1.98275 1
52 74 1 1.56882 1
52 75 1 0.538683 1
52 76 1 -1.68608 1
52 77 1 -0.0678277 1
52 78 1 -1.47532 1
52 79 1 -0.959611 1
52 80 1 -1.47496 1
52 81 1 0.305844 1
52 82 1 -1.16992 1
52 83 1 -0.842271 1
52 84 1 -1.00977 1
52 85 1 -1.98869 1
52 86 1 -0.976615 1
52 87 1 1.49571 1
52 88 1 -0.997134 1
52 89 1 0.744325 1
52 90 1 -1.39294 1
52 91 1 -0.113987 1
52 92 1 -1.26343 1
52 93 1 -0.852211 1
52 94 1 0.380657 1
52 95 1 -0.58762 1
53 64 1 -1.35288 1
53 65 1 1.06245 1
53 66 1 0.348015 1
53 67 1 -2.43902 1
53 68 1 -0.0612958 1
53 69 1 3.27377 1
53 70 1 0.0157873 1
53 71 1 -0.281662 1
53 72 1 1.36296 1
53 73 1 -0.0329012 1
53 74 1 0.496992 1
53 75 1 -1.1144 1
53 76 1 1.04317 1
53 77 1 1.59903 1
53 78 1 0.913623 1
53 79 1 0.354044 1
53 80 1 -1.20748 1
53 81 1 -0.944505 1
53 82 1 0.864721 1
53 83 1 0.664964 1
53 84 1 0.708874 1
53 85 1 -0.846894 1
53 86 1 0.743066 1
53 87 1 -1.15298 1
53 88 1 -2.33473 1
53 89 1 -0.572552 1
53 90 1 -1.9213 1
53 91 1 -0.87431 1
53 92 1 -0.0874382 1
53 93 1 0.883179 1
53 94 1 0.34296 1
53 95 1 -1.31803 1
53 20 1 0.986234 1
54 64 1 1.06977 1
54 65 1 1.61981 1
54 66 1 0.38372 1
54 67 1 0.779385 1
54 68 1 -0.564962 1
54 69 1 -0.531174 1
54 70 1 -0.15822 1
54 71 1 1.05103 1
54 72 1 0.48618 1
54 73 1 -0.850935 1
54 74 1 0.74941 1
54 75 1 -1.25901 1
54 76 1 0.00556634 1
54 77 1 0.847875 1
54 78 1 0.673961 1
54 79 1 -0.499465 1
54 80 1 -0.589194 1
54 81 1 -2.10567 1
54 82 1 -1.6913 1
54 83 1 1.65001 1
54 84 1 0.516845 1
54 85 1 0.437658 1
54 86 1 -1.90676 1
54 87 1 0.787837 1
54 88 1 3.42569 1
54 89 1 -0.418192 1
54 90 1 -0.639598 1
54 91 1 0.182123 1
54 92 1 -0.17607 1
54 93 1 0.152646 1
54 94 1 -0.152985 1
54 95 1 1.22452 1
54 30 1 0.954395 1
55 64 1 -0.0652777 1
55 65 1 -1.39496 1
55 66 1 1.70448 1
55 67 1 0.608631 1
55 68 1 -1.30638 1
55 69 1 1.4827 1
55 70 1 2.07125 1
55 71 1 -3.61098 1
55 72 1 1.34014 1
55 73 1 -0.753951 1
55 74 1 2.96237 1
55 75 1 -3.34579 1
55 76 1 -3.52666 1
55 77 1 1.92121 1
55 78 1 -1.88363 1
55 79 1 -0.0352377 1
55 80 1 0.00430563 1
55 81 1 -0.887191 1
55 82 1 -0.741947 1
55 83 1 -1.36044 1
55 84 1 -0.0504353 1
55 85 1 0.679746 1
55 86 1 1.05584 1
55 87 1 3.05505 1
55 88 1 -1.14578 1
55 89 1 -1.91726 1
55 90 1 0.168867 1
55 91 1 0.491183 1
55 92 1 0.987321 1
55 93 1 -0.960289 1
55 94 1 -1.07143 1
55 95 1 -2.19844 1
55 28 1 0.256239 1
56 64 1 2.09336 1
56 65 1 0.872346 1
56 66 1 -0.404342 1
56 67 1 0.181864 1
56 68 1 0.857421 1
56 69 1 1.13367 1
56 70 1 0.701281 1
56 71 1 0.933868 1
56 72 1 0.360059 1
56 73 1 -1.12318 1
56 74 1 -0.368923 1
56 75 1 2.34808 1
56 76 1 -0.655438 1
56 77 1 0.0312305 1
56 78 1 -1.20854 1
56 79 1 0.429806 1
56 80 1 -1.29129 1
56 81 1 2.00429 1
56 82 1 0.956255 1
56 83 1 -0.664366 1
56 84 1 0.0525266 1
56 85 1 -1.31117 1
56 86 1 -0.174335 1
56 87 1 -2.3897 1
56 88 1 1.49922 1
56 89 1 -2.58786 1
56 90 1 -0.0158568 1
56 91 1 -0.993821 1
56 92 1 1.60385 1
56 93 1 1.58328 1
56 94 1 -2.42425 1
56 95 1 1.34106 1
56 3 1 1.14602 1
57 64 1 -0.965768 1
57 65 1 1.7529 1
57 66 1 -2.16529 1
57 67 1 1.43107 1
57 68 1 3.31082 1
57 69 1 -0.447567 0
57 70 1 0.653001 1
57 71 1 -0.150474 1
57 72 1 -0.827839 1
57 73 1 -2.22612 1
57 74 1 0.709934 1
57 75 1 2.61468 1
57 76 1 1.5169 1
57 77 1 -1.77625 1
57 78 1 -0.852795 1
57 79 1 -1.36437 1
57 80 1 2.54954 1
57 81 1 0.943821 1
57 82 1 -0.346001 1
57 83 1 -1.7534 1
57 84 1 0.729993 1
57 85 1 -4.1642 1
57 86 1 -0.53791 1
57 87 1 0.431397 1
57 88 1 -1.68595 1
57 89 1 1.59654 1
57 90 1 0.998554 1
57 91 1 -0.18665 1
57 92 1 -0.702154 1
57 93 1 1.60505 1
57 94 1 1.92518 1
57 95 1 0.790403 1
57 104 1 0.25184 1
104 69 1 -1.23873 1
58 64 1 0.350751 1
58 65 1 -0.27397 1
58 66 1 -0.671623 1
58 67 1 -0.949693 1
58 68 1 0.845563 1
58 69 1 -0.798386 1
58 70 1 -1.0724 1
58 71 1 -0.445226 1
58 72 1 0.328036 1
58 73 1 -2.01815 1
58 74 1 1.82423 1
58 75 1 2.54131 1
58 76 1 -0.53561 1
58 77 1 -1.52814 1
58 78 1 -0.808116 1
58 79 1 -1.45174 1
58 80 1 -0.235737 1
58 81 1 0.0327822 1
58 82 1 1.22449 1
58 83 1 -0.142738 1
58 84 1 1.5036 1
58 85 1 0.700805 1
58 86 1 0.214413 1
58 87 1 -1.51237 1
58 88 1 -0.922846 1
58 89 1 -1.89093 1
58 90 1 -0.405781 1
58 91 1 0.594689 1
58 92 1 0.831027 1
58 93 1 0.871745 1
58 94 1 -3.57312 1
58 95 1 0.98549 1
59 64 1 -0.939384 1
59 65 1 -0.925197 1
59 66 1 0.78143 1
59 67 1 -0.493178 1
59 68 1 -0.745773 1
59 69 1 -0.914163 1
59 70 1 -1.20437 1
59 71 1 -1.1642 1
59 72 1 -0.790182 1
59 73 1 -1.15261 1
59 74 1 1.69452 1
59 75 1 1.58758 1
59 76 1 2.39716 1
59 77 1 -1.00806 0
59 78 1 -1.64815 1
59 79 1 -0.198543 1
59 80 1 0.0593997 1
59 81 1 -1.48236 1
59 82 1 -0.74601 1
59 83 1 1.14615 1
59 84 1 0.0581882 1
59 85 1 -0.122898 1
59 86 1 0.245672 1
59 87 1 1.35733 1
59 88 1 0.698972 1
59 89 1 -0.0523632 1
59 90 1 1.35977 1
59 91 1 -0.260942 1
59 92 1 1.73185 1
59 93 1 0.165137 1
59 94 1 0.206279 1
59 95 1 1.95503 1
59 97 1 2.12772 1
59 5 1 -0.511926 1
59 11 1 0.680817 1
97 77 1 -1.60493 1
97 22 1 -1.11575 1
97 2 1 -0.770231 0
97 99 1 0.711502 1
97 7 1 -0.061051 0
97 102 1 1.90379 1
102 7 1 0.385998 1
99 2 1 0.42483 0
99 108 1 1.97386 1
108 2 1 1.21677 1
60 64 1 1.00973 1
60 65 1 0.414204 1
60 66 1 -0.904316 1
60 67 1 -0.240916 1
60 68 1 1.87621 1
60 69 1 1.86406 1
60 70 1 -0.707358 1
60 71 1 -1.09203 1
60 72 1 -2.32478 1
60 73 1 -1.25683 1
60 74 1 -0.653944 1
60 75 1 1.32098 1
60 76 1 0.107234 1
60 77 1 2.84764 1
60 78 1 -0.906773 1
60 79 1 -0.771632 1
60 80 1 -1.92162 1
60 81 1 1.69356 1
60 82 1 -1.08555 1
60 83 1 1.1132 1
60 84 1 -1.52022 1
60 85 1 -0.670376 1
60 86 1 1.05317 1
60 87 1 -0.168951 1
60 88 1 -1.89372 1
60 89 1 -1.35912 1
60 90 1 -1.55243 1
60 91 1 0.796811 1
60 92 1 -0.160628 1
60 93 1 1.22513 1
60 94 1 0.0108563 1
60 95 1 -2.02881 1
60 24 1 0.571838 1
61 64 1 -1.29196 1
61 65 1 0.0942538 1
61 66 1 0.59173 1
61 67 1 -0.666268 1
61 68 1 -2.73645 1
61 69 1 0.933011 1
61 70 1 -0.0404662 1
61 71 1 0.441117 1
61 72 1 -0.337915 1
61 73 1 -0.549411 1
61 74 1 0.840969 1
61 75 1 -0.313327 1
61 76 1 1.73086 1
61 77 1 -1.81129 0
61 78 1 2.24334 1
61 79 1 -0.950394 1
61 80 1 -0.831386 1
61 81 1 1.16033 1
61 82 1 0.834787 1
61 83 1 0.232696 1
61 84 1 0.966785 1
61 85 1 0.7357 1
61 86 1 0.0433204 1
61 87 1 0.838961 1
61 88 1 1.60722 1
61 89 1 1.53112 1
61 90 1 -0.421532 1
61 91 1 0.670106 1
61 92 1 -1.39515 1
61 93 1 -0.948964 1
61 94 1 1.10063 1
61 95 1 2.60019 1
61 107 1 1.32662 1
107 77 1 -2.3729 1
62 64 1 1.56504 1
62 65 1 -1.26014 1
62 66 1 0.534085 1
62 67 1 -0.291057 1
62 68 1 -1.59438 1
62 69 1 1.26245 1
62 70 1 -0.631239 1
62 71 1 -0.957074 1
62 72 1 0.389585 1
62 73 1 1.92895 1
62 74 1 2.00224 1
62 75 1 -0.59801 1
62 76 1 -1.25469 1
62 77 1 -1.66579 1
62 78 1 -0.558832 1
62 79 1 1.4919 1
62 80 1 0.31416 1
62 81 1 -0.583162 1
62 82 1 -0.65111 1
62 83 1 1.30295 1
62 84 1 -0.388942 1
62 85 1 0.153309 1
62 86 1 2.31469 1
62 87 1 -0.632638 1
62 88 1 -0.249218 1
62 89 1 -0.456029 1
62 90 1 -4.0654 1
62 91 1 -0.608161 1
62 92 1 -1.2509 1
62 93 1 1.10543 1
62 94 1 -0.796966 1
62 95 1 -0.0101996 1
62 5 1 -0.484482 1
63 64 1 1.50744 1
63 65 1 0.303124 1
63 66 1 2.3023 1
63 67 1 2.17767 1
63 68 1 0.402826 1
63 69 1 -2.52278 1
63 70 1 -0.326658 1
63 71 1 2.35394 1
63 72 1 0.765881 1
63 73 1 -0.202811 1
63 74 1 -0.603039 1
63 75 1 -0.0322298 1
63 76 1 -1.4545 1
63 77 1 1.85587 1
63 78 1 -1.1005 1
63 79 1 -1.38377 1
63 80 1 1.19471 1
63 81 1 0.711567 1
63 82 1 1.71211 1
63 83 1 -1.4272 1
63 84 1 -1.52414 1
63 85 1 -3.41534 1
63 86 1 2.91033 1
63 87 1 0.0027896 1
63 88 1 -0.152995 1
63 89 1 -0.18354 1
63 90 1 1.31723 1
63 91 1 0.000861365 1
63 92 1 -1.17298 1
63 93 1 0.317838 1
63 94 1 -1.48207 1
63 95 1 2.00626 1
