175 64 32
2.48753 -2.72076 -5.07742 4.39072 -5.23914 4.44593 0.0128938 3.78677 -1.15772 3.94597 2.45265 6.16017 -3.79053 -4.52181 -2.16677 -3.00025 2.24331 -0.123905 -0.139667 -1.27432 0.541841 0.305985 -0.782566 0.13372 -7.11653 -0.972334 2.76199 1.31604 -3.76726 -4.23158 -4.14041 -0.393758 -1.50836 0.669984 1.01217 3.78782 -4.92427 0.474025 -0.984049 -0.894854 -0.921937 1.57765 -2.28547 -3.689 -5.45274 -2.53295 -5.36949 3.31343 0.164708 3.05032 0.540169 -4.97348 -4.67788 0.0612809 0.0581227 3.61356 -3.5222 2.09841 0.852398 -1.26373 2.53406 -3.52002 -1.89606 -3.26489 -5.51346 -2.71444 5.17386 2.81351 -3.33374 2.90435 -2.39751 -4.42298 -3.38312 -2.92419 3.22965 4.63494 -1.02966 -1.00052 -0.547499 -4.41936 1.3724 1.31571 -5.02592 0.8826 2.68643 0.897045 -3.54441 -0.580692 4.72529 0.858888 -1.73298 2.74095 -1.18796 -2.08927 0.434602 -0.53601 -1.39791 -1.39822 -1.43166 -1.70739 1.79351 -3.209 -4.91633 -2.06735 -4.92156 1.99149 -1.23785 -3.08153 -2.47744 -0.627266 -2.9377 2.60056 3.99336 -5.26276 1.49907 -0.683633 -2.87622 0.0434641 -0.433872 -1.29787 4.1046 -0.956949 -1.39827 0.160913 0.192095 4.19605 0.453172 1.1403 0.393912 3.25121 1.17852 -1.05594 -2.07431 0.767844 -1.43486 -0.79434 -0.564499 -0.279827 -2.99035 0.614423 2.75134 -2.09864 -0.749901 -2.9034 1.45557 1.80465 -0.129066 -1.64332 1.81586 -2.32292 -1.21815 -0.252617 1.44876 -1.34195 1.04838 -0.542859 0.19489 1.32141 0.623942 1.17514 0.525525 -0.493503 0.271757 1.29862 0.915996 0.0797229 1.30565 0.0438649 1.04515 -0.182755 -0.0146452 -0.815004 0.659507 0.15487 0.00796925 
0 64 1 -3.90242 1
0 65 1 0.77129 1
0 66 1 2.46629 1
0 67 1 0.26182 1
0 68 1 -2.29624 1
0 69 1 2.86679 1
0 70 1 2.49108 1
0 71 1 1.38737 1
0 72 1 1.41451 1
0 73 1 -0.470867 1
0 74 1 -2.18227 1
0 75 1 1.3814 1
0 76 1 1.65203 1
0 77 1 1.14839 1
0 78 1 -1.54403 1
0 79 1 0.245086 1
0 80 1 4.29499 1
0 81 1 4.28179 1
0 82 1 5.23267 1
0 83 1 1.2375 1
0 84 1 -1.53345 1
0 85 1 6.1723 1
0 86 1 -1.04051 1
0 87 1 -3.165 1
0 88 1 2.38843 1
0 89 1 3.95933 1
0 90 1 3.99293 1
0 91 1 5.68543 1
0 92 1 -3.33523 1
0 93 1 -2.9973 1
0 94 1 1.15335 1
0 95 1 0.602727 1
0 10 1 -3.31683 1
0 98 1 0.257485 1
1 64 1 -1.3578 1
1 65 1 -4.93683 1
1 66 1 1.74186 1
1 67 1 -4.93459 1
1 68 1 5.54626 1
1 69 1 -1.93677 1
1 70 1 4.00816 1
1 71 1 -0.7007 1
1 72 1 -2.44827 1
1 73 1 -2.07161 1
1 74 1 -2.73002 1
1 75 1 3.52019 1
1 76 1 -1.72039 1
1 77 1 7.53186 1
1 78 1 -1.3287 1
1 79 1 -1.87601 1
1 80 1 -2.66014 1
1 81 1 1.29192 1
1 82 1 -0.0656615 1
1 83 1 -5.63785 1
1 84 1 -3.93454 1
1 85 1 -0.977442 1
1 86 1 3.15794 1
1 87 1 -0.119504 1
1 88 1 -0.451804 1
1 89 1 3.83377 1
1 90 1 -0.906995 1
1 91 1 -1.67672 1
1 92 1 -0.450577 1
1 93 1 1.67007 1
1 94 1 -2.57421 1
1 95 1 -6.37309 1
1 27 1 -0.000519753 1
2 64 1 0.617294 1
2 65 1 -2.63243 1
2 66 1 -5.90628 1
2 67 1 -2.07389 1
2 68 1 -2.24653 1
2 69 1 0.351637 1
2 70 1 -0.962957 1
2 71 1 2.81565 1
2 72 1 -1.8194 1
2 73 1 -1.98454 1
2 74 1 -4.92584 1
2 75 1 0.16668 1
2 76 1 -4.93095 1
2 77 1 -2.53747 1
2 78 1 -0.0162756 1
2 79 1 -2.77702 1
2 80 1 -6.35732 1
2 81 1 -5.99491 1
2 82 1 -0.193944 1
2 83 1 -3.32315 1
2 84 1 -0.214463 1
2 85 1 3.71609 1
2 86 1 -1.03776 1
2 87 1 -0.43006 1
2 88 1 -0.673427 1
2 89 1 -5.2452 1
2 90 1 -4.16177 1
2 91 1 -0.708341 1
2 92 1 2.92096 1
2 93 1 -2.56976 1
2 94 1 3.44165 1
2 95 1 -1.39865 1
2 100 1 -0.978834 1
2 6 1 4.25548 1
2 110 1 -1.71978 1
3 64 1 -0.76475 1
3 65 1 -2.82602 1
3 66 1 -0.15852 1
3 67 1 -0.361913 1
3 68 1 5.97082 1
3 69 1 -2.31922 1
3 70 1 -3.17971 1
3 71 1 0.947508 1
3 72 1 9.07357 1
3 73 1 0.61201 1
3 74 1 -1.37474 1
3 75 1 3.86152 1
3 76 1 -0.109154 1
3 77 1 0.137788 1
3 78 1 -1.72013 1
3 79 1 0.803599 1
3 80 1 -4.31781 1
3 81 1 0.372041 1
3 82 1 5.58012 1
3 83 1 3.55272 1
3 84 1 0.113095 1
3 85 1 -4.89865 1
3 86 1 0.56507 1
3 87 1 4.78524 1
3 88 1 -2.7325 1
3 89 1 3.26866 1
3 90 1 1.34937 1
3 91 1 3.29666 1
3 92 1 1.36089 1
3 93 1 -1.93696 1
3 94 1 -2.69744 1
3 95 1 3.92863 0
3 110 1 3.04409 1
110 95 1 -1.34941 0
110 111 1 -0.792908 0
110 132 1 3.18126 1
110 152 1 -0.155883 1
110 126 1 -1.5262 1
110 20 1 -0.59412 1
110 16 1 1.12558 1
132 111 1 2.30079 1
111 95 1 -0.829774 1
4 64 1 1.79866 1
4 65 1 0.384579 1
4 66 1 -0.114801 1
4 67 1 3.89491 1
4 68 1 0.170954 1
4 69 1 2.5254 1
4 70 1 -1.29501 1
4 71 1 0.331039 1
4 72 1 -2.45359 1
4 73 1 -2.23299 0
4 74 1 0.0388643 1
4 75 1 -5.8429 0
4 76 1 0.0992895 1
4 77 1 4.25607 1
4 78 1 -0.259928 1
4 79 1 1.38301 1
4 80 1 -5.9998 1
4 81 1 1.93528 1
4 82 1 0.882758 1
4 83 1 -1.46341 1
4 84 1 -1.84548 1
4 85 1 1.51754 1
4 86 1 1.1942 1
4 87 1 -1.83943 1
4 88 1 -2.44179 1
4 89 1 -1.66874 1
4 90 1 3.15416 1
4 91 1 -2.72549 1
4 92 1 -1.05486 1
4 93 1 1.46091 0
4 94 1 -2.41681 1
4 95 1 3.33824 1
4 101 1 3.54377 1
4 17 1 4.94037 1
4 118 1 1.47104 1
4 145 1 1.32027 1
4 119 1 -0.39452 1
145 93 1 -1.10803 1
118 73 1 -4.24141 1
101 75 1 1.7625 1
5 64 1 -1.30561 1
5 65 1 7.23151 1
5 66 1 -1.81016 1
5 67 1 8.53815 1
5 68 1 2.71321 1
5 69 1 4.26921 1
5 70 1 -0.0770447 1
5 71 1 -0.29222 1
5 72 1 1.31069 1
5 73 1 -0.902539 1
5 74 1 -1.17839 1
5 75 1 3.5488 1
5 76 1 2.7714 1
5 77 1 1.65193 1
5 78 1 -0.0111727 1
5 79 1 0.919527 1
5 80 1 2.32705 1
5 81 1 -0.787553 1
5 82 1 -0.496236 1
5 83 1 4.85347 1
5 84 1 3.31632 1
5 85 1 3.7563 1
5 86 1 -0.650504 1
5 87 1 2.15768 1
5 88 1 0.736026 1
5 89 1 -4.30676 1
5 90 1 -3.27838 1
5 91 1 -0.871614 1
5 92 1 -1.02632 1
5 93 1 1.10241 1
5 94 1 -0.621436 1
5 95 1 -0.830805 1
5 28 1 2.52792 1
6 64 1 -0.329606 1
6 65 1 -2.1911 1
6 66 1 1.58655 1
6 67 1 3.27944 1
6 68 1 -4.28186 1
6 69 1 -2.38425 1
6 70 1 -4.20629 1
6 71 1 1.20533 1
6 72 1 2.76209 1
6 73 1 -3.22944 1
6 74 1 -4.68473 1
6 75 1 2.01761 1
6 76 1 5.21671 1
6 77 1 -2.48722 1
6 78 1 -0.557938 1
6 79 1 -4.01697 1
6 80 1 2.8735 1
6 81 1 -0.425864 1
6 82 1 1.05368 1
6 83 1 2.28555 1
6 84 1 2.02446 1
6 85 1 -5.49418 1
6 86 1 -0.401199 1
6 87 1 5.44939 1
6 88 1 -2.1762 1
6 89 1 -1.43252 1
6 90 1 4.3964 1
6 91 1 -0.954912 1
6 92 1 4.53085 1
6 93 1 -4.46925 1
6 94 1 -2.16852 1
6 95 1 2.58841 1
6 26 1 0.932743 1
7 64 1 3.06178 1
7 65 1 1.83843 1
7 66 1 1.73499 1
7 67 1 -5.59176 1
7 68 1 -2.13278 1
7 69 1 -2.3283 1
7 70 1 6.05023 1
7 71 1 4.52249 1
7 72 1 3.42238 1
7 73 1 -1.02187 1
7 74 1 -2.45214 1
7 75 1 0.887917 0
7 76 1 1.0382 1
7 77 1 3.08777 1
7 78 1 2.83939 1
7 79 1 2.77881 1
7 80 1 -1.36896 1
7 81 1 1.98749 1
7 82 1 -4.57458 0
7 83 1 0.355068 0
7 84 1 -3.33466 1
7 85 1 3.75617 1
7 86 1 0.166164 1
7 87 1 4.71422 1
7 88 1 -2.54202 1
7 89 1 -3.02467 1
7 90 1 1.57581 1
7 91 1 -2.06591 1
7 92 1 1.34164 1
7 93 1 -2.54475 1
7 94 1 -0.996864 1
7 95 1 1.90713 1
7 100 1 1.01596 1
7 127 1 2.55367 1
7 164 1 1.38771 1
164 75 1 0.0758419 1
127 82 1 -5.27183 0
127 169 1 0.300826 1
169 82 1 -4.21973 1
100 83 1 4.627 0
100 24 1 -0.882082 0
100 106 1 4.18137 1
100 166 1 0.440517 1
166 83 1 3.77699 1
106 24 1 -6.97448 1
106 6 1 -2.567 1
8 64 1 1.8263 1
8 65 1 -3.0744 1
8 66 1 0.0469788 1
8 67 1 0.20976 1
8 68 1 -1.84361 1
8 69 1 3.75747 1
8 70 1 1.56134 1
8 71 1 3.69966 1
8 72 1 3.9232 1
8 73 1 -3.34779 1
8 74 1 -2.28588 1
8 75 1 -2.86297 1
8 76 1 1.62529 1
8 77 1 4.01298 1
8 78 1 0.6349 1
8 79 1 -3.65723 1
8 80 1 1.33083 1
8 81 1 -3.91321 1
8 82 1 -1.52962 1
8 83 1 -3.50188 1
8 84 1 2.29383 1
8 85 1 8.28904 1
8 86 1 5.37837 1
8 87 1 3.46614 1
8 88 1 -0.830023 1
8 89 1 4.59456 1
8 90 1 0.414574 1
8 91 1 -0.578529 1
8 92 1 2.27571 1
8 93 1 5.03007 1
8 94 1 5.09444 1
8 95 1 -0.9739 1
8 17 1 -0.555569 1
9 64 1 -3.90661 1
9 65 1 -1.89008 1
9 66 1 1.1656 1
9 67 1 -0.342256 1
9 68 1 -1.86749 1
9 69 1 -1.14046 1
9 70 1 -7.74508 1
9 71 1 -2.75863 1
9 72 1 3.32708 1
9 73 1 -0.463816 1
9 74 1 -0.760444 1
9 75 1 2.20221 1
9 76 1 4.23765 1
9 77 1 0.871764 1
9 78 1 3.1608 1
9 79 1 1.96195 0
9 80 1 -1.05467 1
9 81 1 1.89864 1
9 82 1 -2.47752 1
9 83 1 -1.85307 1
9 84 1 3.83052 1
9 85 1 0.106371 1
9 86 1 -0.0529899 1
9 87 1 -0.987896 1
9 88 1 2.85348 1
9 89 1 4.67397 1
9 90 1 -0.493319 1
9 91 1 0.872376 1
9 92 1 -1.74894 1
9 93 1 -0.246886 1
9 94 1 -3.6835 1
9 95 1 1.60938 1
9 103 1 -2.18316 1
9 130 1 -1.09029 1
9 157 1 0.139932 1
157 79 1 0.508904 1
10 64 1 1.78704 1
10 65 1 0.931328 1
10 66 1 4.15237 1
10 67 1 -3.50572 1
10 68 1 3.71307 1
10 69 1 -0.892268 1
10 70 1 -0.192584 1
10 71 1 -0.841212 1
10 72 1 4.63441 1
10 73 1 3.30131 1
10 74 1 0.260169 0
10 75 1 1.20189 1
10 76 1 3.57523 1
10 77 1 1.37538 1
10 78 1 -0.403881 1
10 79 1 -5.13955 1
10 80 1 -2.85159 1
10 81 1 4.42856 1
10 82 1 3.8956 1
10 83 1 2.24276 1
10 84 1 6.36642 1
10 85 1 2.53034 1
10 86 1 -2.85206 1
10 87 1 -1.57298 1
10 88 1 3.89638 1
10 89 1 1.6294 1
10 90 1 -0.970913 1
10 91 1 2.7469 1
10 92 1 -0.719027 1
10 93 1 -1.52817 1
10 94 1 4.99556 1
10 95 1 5.08804 0
10 124 1 2.77747 1
10 165 1 -0.0269458 1
165 95 1 3.64362 1
124 74 1 -0.254006 1
124 12 1 3.022 0
124 171 1 1.28403 1
171 12 1 2.66601 1
11 64 1 3.21681 1
11 65 1 2.24547 1
11 66 1 3.95926 1
11 67 1 -2.59557 1
11 68 1 2.22509 1
11 69 1 1.80257 1
11 70 1 3.50214 1
11 71 1 0.140675 1
11 72 1 -6.98697 1
11 73 1 0.686546 1
11 74 1 -0.404917 0
11 75 1 -2.01887 1
11 76 1 -1.42518 1
11 77 1 0.636755 1
11 78 1 -1.70674 1
11 79 1 -0.824105 1
11 80 1 -2.60118 1
11 81 1 1.16741 1
11 82 1 5.57934 0
11 83 1 3.23694 1
11 84 1 1.19531 1
11 85 1 -1.21817 1
11 86 1 -4.94727 1
11 87 1 0.749398 1
11 88 1 -6.46314 1
11 89 1 1.67946 1
11 90 1 1.50719 1
11 91 1 -1.27403 1
11 92 1 -1.14775 1
11 93 1 2.72617 1
11 94 1 -2.99859 1
11 95 1 -5.85584 1
11 120 1 -6.18834 1
11 109 1 -0.90681 1
11 154 1 1.64884 1
11 8 1 -1.29582 1
11 112 1 1.75816 1
154 82 1 4.19809 1
120 74 1 -3.57357 1
120 13 1 0.759737 0
120 150 1 4.03203 1
150 13 1 2.61086 0
150 163 1 2.34791 1
163 13 1 2.25735 1
12 64 1 -1.68811 1
12 65 1 -2.6212 0
12 66 1 0.297571 1
12 67 1 -3.33613 1
12 68 1 0.695231 1
12 69 1 2.09781 1
12 70 1 0.645917 1
12 71 1 -0.498726 1
12 72 1 3.57344 1
12 73 1 -3.70131 1
12 74 1 -2.65172 1
12 75 1 -0.183034 1
12 76 1 -1.68364 1
12 77 1 1.94903 1
12 78 1 -1.79107 1
12 79 1 -2.39636 1
12 80 1 -1.3451 1
12 81 1 -3.32152 1
12 82 1 4.534 1
12 83 1 0.64126 1
12 84 1 1.98771 1
12 85 1 -0.930291 1
12 86 1 -3.16512 1
12 87 1 -2.73407 1
12 88 1 -1.50495 1
12 89 1 1.46819 1
12 90 1 -1.08363 1
12 91 1 -2.91903 1
12 92 1 3.13276 1
12 93 1 -2.18512 1
12 94 1 2.66206 1
12 95 1 -2.82339 1
12 17 1 0.843044 1
12 18 1 -1.02468 1
12 144 1 -1.78818 1
12 167 1 1.49983 1
12 11 1 -0.316437 1
167 65 1 -1.44871 1
13 64 1 -1.19565 1
13 65 1 -4.2309 1
13 66 1 -1.66612 1
13 67 1 0.654403 1
13 68 1 2.54418 1
13 69 1 -2.99644 1
13 70 1 0.693989 1
13 71 1 0.731643 1
13 72 1 0.633642 1
13 73 1 -1.24118 1
13 74 1 -0.547898 1
13 75 1 -1.32821 1
13 76 1 -0.884726 1
13 77 1 -1.98898 1
13 78 1 3.64101 1
13 79 1 2.83391 1
13 80 1 0.00281381 1
13 81 1 1.10521 1
13 82 1 2.52719 1
13 83 1 4.29298 1
13 84 1 -4.20514 1
13 85 1 7.19898 1
13 86 1 5.52077 1
13 87 1 7.5189 1
13 88 1 3.19998 1
13 89 1 -0.179354 1
13 90 1 -4.07651 1
13 91 1 -5.23381 1
13 92 1 -3.01662 1
13 93 1 -2.31565 1
13 94 1 -0.0677581 1
13 95 1 -3.49582 1
14 64 1 -0.41119 1
14 65 1 6.74378 1
14 66 1 0.518797 1
14 67 1 0.736428 1
14 68 1 -0.663979 1
14 69 1 1.97862 1
14 70 1 -0.994977 1
14 71 1 0.685964 1
14 72 1 3.63853 1
14 73 1 2.09865 1
14 74 1 0.445954 1
14 75 1 2.72943 1
14 76 1 -4.35019 1
14 77 1 0.315168 1
14 78 1 -2.55752 1
14 79 1 -0.970586 1
14 80 1 -0.786631 1
14 81 1 0.640596 0
14 82 1 3.23301 1
14 83 1 0.72635 1
14 84 1 -0.275893 1
14 85 1 -1.40122 1
14 86 1 2.33461 1
14 87 1 -0.354367 1
14 88 1 -2.67945 1
14 89 1 1.08301 1
14 90 1 -1.38935 1
14 91 1 3.52421 1
14 92 1 4.59726 1
14 93 1 1.47608 1
14 94 1 5.36685 1
14 95 1 1.17956 1
14 104 1 -0.559473 1
14 119 1 1.39927 1
14 126 1 0.429772 1
119 81 1 4.96346 1
119 99 1 0.446248 1
15 64 1 -0.268241 1
15 65 1 2.94962 1
15 66 1 -3.05386 1
15 67 1 -0.636315 1
15 68 1 1.17354 1
15 69 1 -3.23405 1
15 70 1 7.18973 1
15 71 1 -2.07018 1
15 72 1 -1.60691 1
15 73 1 0.898861 1
15 74 1 1.09275 1
15 75 1 -0.642183 1
15 76 1 0.0269481 1
15 77 1 1.95545 1
15 78 1 -2.57794 1
15 79 1 0.554591 1
15 80 1 2.29238 1
15 81 1 0.155736 1
15 82 1 -4.75026 1
15 83 1 1.34183 1
15 84 1 0.459163 1
15 85 1 -2.15418 1
15 86 1 1.20685 1
15 87 1 -6.18378 1
15 88 1 0.83976 1
15 89 1 3.30569 1
15 90 1 0.46854 1
15 91 1 -3.90988 1
15 92 1 1.46168 1
15 93 1 -1.71884 1
15 94 1 -0.485151 1
15 95 1 -0.681427 1
15 20 1 -2.64866 1
16 64 1 4.45176 1
16 65 1 -1.31432 1
16 66 1 -2.61923 1
16 67 1 -4.17859 1
16 68 1 0.227551 1
16 69 1 -0.996742 1
16 70 1 2.64966 1
16 71 1 5.57385 1
16 72 1 -1.83718 1
16 73 1 -2.45999 1
16 74 1 -0.334644 1
16 75 1 1.32308 1
16 76 1 2.55037 1
16 77 1 1.08983 1
16 78 1 -1.76643 1
16 79 1 -0.64844 0
16 80 1 0.907491 1
16 81 1 3.69016 1
16 82 1 -4.67919 1
16 83 1 1.9577 1
16 84 1 -0.152585 1
16 85 1 -0.483984 1
16 86 1 -0.288932 1
16 87 1 -0.726985 1
16 88 1 1.92184 1
16 89 1 1.0433 1
16 90 1 -3.99612 1
16 91 1 3.23415 1
16 92 1 3.11444 1
16 93 1 -3.12606 1
16 94 1 -0.89028 1
16 95 1 -3.01853 1
16 26 1 -1.96641 1
16 151 1 2.22957 1
151 79 1 -0.914819 1
17 64 1 -1.48457 1
17 65 1 0.475098 1
17 66 1 0.125316 1
17 67 1 3.13781 1
17 68 1 0.152421 1
17 69 1 1.58517 1
17 70 1 0.877884 1
17 71 1 3.85516 1
17 72 1 -6.45663 0
17 73 1 3.11779 1
17 74 1 2.78766 1
17 75 1 -1.19407 1
17 76 1 -1.05493 1
17 77 1 2.219 1
17 78 1 -1.02998 1
17 79 1 -3.23358 1
17 80 1 5.72449 1
17 81 1 3.19022 1
17 82 1 0.443723 1
17 83 1 -2.18335 1
17 84 1 -2.69722 1
17 85 1 1.78154 1
17 86 1 -0.688821 1
17 87 1 -3.46721 1
17 88 1 -6.54405 1
17 89 1 1.80432 1
17 90 1 -5.0723 1
17 91 1 5.14007 1
17 92 1 0.511717 1
17 93 1 3.44728 1
17 94 1 2.09024 1
17 95 1 2.21323 1
17 146 1 2.73322 1
146 72 1 -5.01913 1
146 30 1 -1.63374 1
18 64 1 3.10473 1
18 65 1 -3.10961 1
18 66 1 3.69821 1
18 67 1 2.30931 1
18 68 1 -2.56502 1
18 69 1 -0.701478 1
18 70 1 3.37894 1
18 71 1 -1.39237 1
18 72 1 1.55865 1
18 73 1 -0.80388 1
18 74 1 1.66752 1
18 75 1 -4.23634 1
18 76 1 4.2578 1
18 77 1 -0.852209 1
18 78 1 1.65716 1
18 79 1 1.63806 1
18 80 1 -7.29286 1
18 81 1 4.44018 1
18 82 1 -3.47737 1
18 83 1 3.85856 1
18 84 1 -3.93542 1
18 85 1 1.96252 1
18 86 1 6.17713 1
18 87 1 -3.3027 1
18 88 1 0.84083 1
18 89 1 -2.89266 1
18 90 1 -0.102472 1
18 91 1 -0.425913 1
18 92 1 -3.06745 1
18 93 1 2.16154 1
18 94 1 -1.48779 1
18 95 1 0.634397 1
18 25 1 -0.762405 1
18 18 1 -0.550775 1
18 139 1 1.75672 1
19 64 1 6.439 1
19 65 1 -0.91393 1
19 66 1 5.57498 1
19 67 1 -1.881 1
19 68 1 -1.6723 1
19 69 1 3.16382 1
19 70 1 -0.289985 1
19 71 1 -0.34784 1
19 72 1 3.83968 1
19 73 1 0.798527 1
19 74 1 -1.10582 1
19 75 1 1.17106 1
19 76 1 -4.60724 1
19 77 1 -1.12571 1
19 78 1 0.237353 1
19 79 1 6.2894 1
19 80 1 -2.36221 1
19 81 1 -2.50164 1
19 82 1 0.583509 1
19 83 1 -3.65786 1
19 84 1 2.34021 1
19 85 1 3.10064 1
19 86 1 -1.4828 1
19 87 1 2.96989 1
19 88 1 0.271087 1
19 89 1 5.0019 1
19 90 1 -1.30678 1
19 91 1 -1.25887 1
19 92 1 -1.4158 1
19 93 1 -4.46755 1
19 94 1 -1.89774 1
19 95 1 -6.86783 1
20 64 1 0.941068 1
20 65 1 0.289305 1
20 66 1 -3.57108 1
20 67 1 0.965228 1
20 68 1 0.258344 1
20 69 1 1.1478 1
20 70 1 -3.42007 1
20 71 1 3.92625 1
20 72 1 0.23998 1
20 73 1 2.05274 1
20 74 1 3.10906 1
20 75 1 3.05906 1
20 76 1 -0.46055 1
20 77 1 -2.59245 1
20 78 1 0.935684 1
20 79 1 0.993541 1
20 80 1 -0.314346 1
20 81 1 -0.271311 1
20 82 1 3.10037 1
20 83 1 0.595575 1
20 84 1 4.46489 1
20 85 1 -4.50953 1
20 86 1 0.257996 1
20 87 1 -0.220195 1
20 88 1 0.733835 1
20 89 1 0.29841 1
20 90 1 2.97052 1
20 91 1 2.79627 0
20 92 1 1.43718 1
20 93 1 1.90276 0
20 94 1 3.3452 0
20 95 1 1.02864 1
20 96 1 -1.90672 1
20 98 1 2.43491 1
20 103 1 1.13854 1
20 109 1 -0.41032 1
103 91 1 1.52146 0
103 105 1 4.12817 1
103 112 1 -1.51212 0
103 123 1 -1.76542 1
103 140 1 -1.18762 1
140 112 1 2.77157 1
123 91 1 0.823765 1
123 113 1 -0.0916011 0
123 136 1 0.660458 1
123 137 1 2.00013 1
136 113 1 -1.80781 1
136 6 1 0.429845 1
105 91 1 1.68147 0
105 129 1 0.448854 1
129 91 1 0.621606 0
129 135 1 3.84764 1
129 116 1 0.41001 1
135 91 1 -3.01587 1
98 93 1 2.94663 1
98 99 1 6.67447 1
98 15 1 0.613529 1
96 94 1 0.739076 1
96 20 1 -0.465794 0
96 155 1 1.51283 1
155 20 1 -2.35163 1
155 30 1 0.308105 1
21 64 1 4.60159 1
21 65 1 8.01979 1
21 66 1 -5.80649 1
21 67 1 -4.67355 1
21 68 1 -1.44132 1
21 69 1 1.45313 1
21 70 1 -0.0898599 1
21 71 1 -5.28832 1
21 72 1 -7.41029 1
21 73 1 -1.6601 1
21 74 1 -0.794788 1
21 75 1 1.63763 1
21 76 1 -1.42405 1
21 77 1 -2.56649 1
21 78 1 0.108218 1
21 79 1 -2.70341 1
21 80 1 0.67237 1
21 81 1 -2.55522 1
21 82 1 0.154013 1
21 83 1 -2.3227 1
21 84 1 7.79418 1
21 85 1 0.788434 1
21 86 1 1.07265 1
21 87 1 -0.69938 1
21 88 1 5.17657 1
21 89 1 0.790232 1
21 90 1 -0.952697 1
21 91 1 -0.412639 0
21 92 1 2.12589 1
21 93 1 1.14983 1
21 94 1 -3.36014 1
21 95 1 0.225321 1
21 143 1 4.10602 1
143 91 1 -1.2013 1
22 64 1 1.09981 1
22 65 1 -0.247018 1
22 66 1 1.22385 1
22 67 1 5.42371 1
22 68 1 -0.097298 1
22 69 1 -1.40303 1
22 70 1 -2.39359 1
22 71 1 0.389292 1
22 72 1 -3.67572 1
22 73 1 1.1506 1
22 74 1 -6.66755 1
22 75 1 -3.04866 1
22 76 1 0.241802 1
22 77 1 -0.39634 1
22 78 1 5.08976 1
22 79 1 4.7427 1
22 80 1 0.413515 1
22 81 1 -2.31728 1
22 82 1 0.98457 1
22 83 1 0.279987 1
22 84 1 -1.0442 1
22 85 1 3.34489 1
22 86 1 -0.0113974 1
22 87 1 5.5131 1
22 88 1 -4.47605 1
22 89 1 -0.215572 1
22 90 1 1.70565 1
22 91 1 1.6452 1
22 92 1 0.821705 1
22 93 1 3.09476 1
22 94 1 5.61031 1
22 95 1 1.41808 1
23 64 1 -2.49754 1
23 65 1 1.10832 1
23 66 1 2.14578 1
23 67 1 2.93173 1
23 68 1 -3.05282 1
23 69 1 1.60917 1
23 70 1 4.32236 1
23 71 1 -4.18751 1
23 72 1 -1.80191 1
23 73 1 -1.26612 1
23 74 1 2.75153 1
23 75 1 2.97636 1
23 76 1 2.93486 1
23 77 1 3.6761 1
23 78 1 1.16724 1
23 79 1 -4.79651 1
23 80 1 1.36271 1
23 81 1 0.624747 1
23 82 1 -3.41141 1
23 83 1 0.183598 1
23 84 1 2.96843 1
23 85 1 -2.4558 1
23 86 1 -11.3059 1
23 87 1 0.0798052 1
23 88 1 2.63466 1
23 89 1 -2.62975 1
23 90 1 -5.80992 1
23 91 1 -1.89863 1
23 92 1 3.37568 1
23 93 1 2.4641 1
23 94 1 -3.13613 1
23 95 1 0.992211 1
23 107 1 0.0917701 1
23 27 1 -0.466833 1
24 64 1 -1.88873 1
24 65 1 1.86412 1
24 66 1 -1.48463 1
24 67 1 6.02909 1
24 68 1 -5.3218 1
24 69 1 2.97524 0
24 70 1 1.61591 1
24 71 1 4.57085 1
24 72 1 0.250945 1
24 73 1 1.79377 1
24 74 1 1.26775 1
24 75 1 0.444924 1
24 76 1 -3.43938 1
24 77 1 0.740146 1
24 78 1 -6.47669 1
24 79 1 0.844101 1
24 80 1 5.28245 1
24 81 1 3.04224 1
24 82 1 -2.31023 1
24 83 1 -2.2586 1
24 84 1 -5.20788 1
24 85 1 -0.593203 1
24 86 1 -5.42901 1
24 87 1 4.29094 1
24 88 1 -0.661374 1
24 89 1 8.65724 1
24 90 1 3.77667 1
24 91 1 -3.66059 1
24 92 1 -0.00137576 1
24 93 1 -1.40892 1
24 94 1 -0.743678 1
24 95 1 -4.14274 1
24 5 1 0.705397 1
24 168 1 -0.0219798 1
168 69 1 4.22594 1
25 64 1 -1.58158 1
25 65 1 1.00555 1
25 66 1 -1.92841 1
25 67 1 -2.05317 1
25 68 1 2.32131 1
25 69 1 -5.18828 1
25 70 1 1.1457 0
25 71 1 -1.85767 1
25 72 1 3.3668 1
25 73 1 3.33439 1
25 74 1 1.49986 1
25 75 1 -2.14828 1
25 76 1 1.13497 1
25 77 1 -0.585423 1
25 78 1 3.10228 1
25 79 1 0.763611 1
25 80 1 -1.0173 1
25 81 1 -1.37456 1
25 82 1 -1.80973 1
25 83 1 2.2184 1
25 84 1 -2.00223 1
25 85 1 -0.791403 1
25 86 1 4.46011 1
25 87 1 0.0231288 1
25 88 1 -0.420023 1
25 89 1 -0.474882 1
25 90 1 -3.79048 1
25 91 1 2.16567 1
25 92 1 3.51834 1
25 93 1 -1.24656 1
25 94 1 -1.98193 1
25 95 1 -3.04926 1
25 8 1 1.03227 1
25 6 1 -1.9194 1
25 121 1 -0.654752 1
121 70 1 6.28623 1
26 64 1 -2.91982 1
26 65 1 2.11437 1
26 66 1 -0.299537 1
26 67 1 1.93659 1
26 68 1 -0.317266 1
26 69 1 1.47985 1
26 70 1 -1.25502 1
26 71 1 1.17063 1
26 72 1 -2.86769 1
26 73 1 0.338391 1
26 74 1 -9.10788 1
26 75 1 2.49504 1
26 76 1 1.58259 1
26 77 1 -4.67842 1
26 78 1 2.9949 1
26 79 1 0.113658 1
26 80 1 -2.30248 1
26 81 1 3.42422 1
26 82 1 1.6128 1
26 83 1 2.5164 1
26 84 1 -4.65301 1
26 85 1 0.676081 1
26 86 1 -4.23001 1
26 87 1 2.62464 1
26 88 1 -3.92294 1
26 89 1 0.383471 1
26 90 1 -3.34654 1
26 91 1 -3.14609 1
26 92 1 0.0890307 1
26 93 1 -2.28107 1
26 94 1 2.45817 1
26 95 1 0.342783 1
26 23 1 4.20854 1
26 15 1 0.209713 1
26 161 1 -1.77873 1
27 64 1 -2.40404 1
27 65 1 4.05759 1
27 66 1 3.12107 1
27 67 1 -1.00693 1
27 68 1 2.16637 1
27 69 1 1.3009 1
27 70 1 5.45401 1
27 71 1 -4.98498 1
27 72 1 -0.343397 1
27 73 1 1.62603 1
27 74 1 -3.76467 1
27 75 1 4.30882 1
27 76 1 -4.70843 1
27 77 1 0.976312 1
27 78 1 1.8113 1
27 79 1 1.21258 1
27 80 1 -0.665497 1
27 81 1 -1.84544 1
27 82 1 2.16506 1
27 83 1 0.806525 1
27 84 1 2.22336 1
27 85 1 -1.64174 1
27 86 1 -2.81835 1
27 87 1 -1.76335 1
27 88 1 -7.21945 1
27 89 1 -4.41939 1
27 90 1 3.74361 1
27 91 1 -2.77573 1
27 92 1 0.280356 1
27 93 1 -0.568202 1
27 94 1 1.59725 1
27 95 1 -0.512944 1
27 9 1 2.45869 1
27 5 1 0.186975 1
28 64 1 2.87225 1
28 65 1 -0.757892 1
28 66 1 -1.55979 1
28 67 1 4.48762 1
28 68 1 5.40282 1
28 69 1 1.0682 1
28 70 1 -1.67498 1
28 71 1 0.2012 1
28 72 1 -8.18415 1
28 73 1 0.521596 1
28 74 1 -2.37795 1
28 75 1 1.98622 1
28 76 1 1.40091 1
28 77 1 2.33034 1
28 78 1 -3.30186 1
28 79 1 2.48953 1
28 80 1 1.70263 1
28 81 1 -0.926971 1
28 82 1 3.48745 1
28 83 1 1.61424 1
28 84 1 4.47103 1
28 85 1 -5.25168 1
28 86 1 -0.986164 1
28 87 1 1.25004 1
28 88 1 -4.54653 1
28 89 1 1.59786 1
28 90 1 -1.84411 1
28 91 1 -0.0871419 1
28 92 1 5.43895 1
28 93 1 -1.84787 1
28 94 1 5.15993 1
28 95 1 -3.54281 1
29 64 1 -1.70632 1
29 65 1 1.92599 1
29 66 1 -0.745519 1
29 67 1 2.40818 1
29 68 1 -7.6655 1
29 69 1 1.23591 1
29 70 1 -3.24503 1
29 71 1 -0.0377781 1
29 72 1 0.34032 1
29 73 1 -0.807844 1
29 74 1 -1.3905 1
29 75 1 -0.0386665 1
29 76 1 0.0898513 1
29 77 1 1.87474 1
29 78 1 -5.99634 1
29 79 1 -4.12527 1
29 80 1 3.25761 1
29 81 1 2.05284 1
29 82 1 1.3807 1
29 83 1 0.250982 1
29 84 1 -0.167528 1
29 85 1 -1.86328 1
29 86 1 -2.78102 1
29 87 1 -2.06234 1
29 88 1 -2.36653 1
29 89 1 -3.25793 1
29 90 1 -1.04037 1
29 91 1 1.22599 1
29 92 1 2.1984 1
29 93 1 0.703088 1
29 94 1 -1.46069 1
29 95 1 2.06728 1
29 113 1 1.49202 1
30 64 1 -1.07264 1
30 65 1 5.77377 1
30 66 1 4.42211 1
30 67 1 -0.24346 1
30 68 1 0.213842 1
30 69 1 1.36889 1
30 70 1 3.93933 1
30 71 1 -1.06593 1
30 72 1 -2.11627 1
30 73 1 3.6668 1
30 74 1 -0.995249 1
30 75 1 2.07613 1
30 76 1 2.45928 1
30 77 1 -1.31571 1
30 78 1 3.11975 1
30 79 1 4.5613 1
30 80 1 -2.50614 1
30 81 1 -0.392318 1
30 82 1 6.21951 1
30 83 1 2.33553 1
30 84 1 0.94806 1
30 85 1 -3.14281 1
30 86 1 -2.64923 1
30 87 1 -3.17503 1
30 88 1 0.650501 1
30 89 1 -2.0776 1
30 90 1 -0.488692 1
30 91 1 5.82844 1
30 92 1 -0.556136 1
30 93 1 2.51256 1
30 94 1 1.43983 1
30 95 1 -2.60346 1
30 28 1 0.423882 1
31 64 1 2.41876 1
31 65 1 -1.75799 1
31 66 1 -5.28289 1
31 67 1 7.34287 1
31 68 1 4.2737 1
31 69 1 0.678484 1
31 70 1 -0.864139 1
31 71 1 1.82941 1
31 72 1 -3.07152 1
31 73 1 -0.519027 1
31 74 1 3.16928 1
31 75 1 -0.182109 1
31 76 1 -1.87663 1
31 77 1 1.39505 1
31 78 1 -4.32566 1
31 79 1 0.302938 1
31 80 1 -1.39096 1
31 81 1 -1.18211 1
31 82 1 -1.16809 1
31 83 1 -1.21176 1
31 84 1 -3.30661 1
31 85 1 -3.81735 1
31 86 1 1.68998 1
31 87 1 -3.93443 0
31 88 1 2.24348 1
31 89 1 -0.911471 1
31 90 1 -1.03428 1
31 91 1 -3.65061 1
31 92 1 -0.192765 1
31 93 1 -0.0887183 1
31 94 1 2.59495 1
31 95 1 -0.534769 1
31 122 1 1.90556 1
31 10 1 -1.28306 1
31 117 1 -1.30615 1
122 87 1 -1.59808 1
32 64 1 6.93493 1
32 65 1 1.51778 1
32 66 1 -3.79574 1
32 67 1 2.69143 1
32 68 1 0.996931 1
32 69 1 3.7578 1
32 70 1 -0.723304 1
32 71 1 3.63757 1
32 72 1 -3.63252 1
32 73 1 1.58642 1
32 74 1 0.0351007 1
32 75 1 4.35903 1
32 76 1 -0.123396 1
32 77 1 4.91863 1
32 78 1 0.591017 1
32 79 1 -0.823253 1
32 80 1 -0.00455297 1
32 81 1 -0.167798 1
32 82 1 -2.59302 1
32 83 1 -2.01362 1
32 84 1 2.91696 1
32 85 1 -0.736214 1
32 86 1 -0.240601 1
32 87 1 -1.5241 1
32 88 1 1.45232 1
32 89 1 -2.28541 1
32 90 1 2.93165 1
32 91 1 -4.52567 1
32 92 1 3.16599 1
32 93 1 2.04196 1
32 94 1 -0.405039 1
32 95 1 -1.44127 1
33 64 1 2.16704 1
33 65 1 -5.25549 1
33 66 1 -2.16701 1
33 67 1 -1.51817 1
33 68 1 -0.77144 1
33 69 1 -3.31059 1
33 70 1 2.85417 1
33 71 1 4.14997 1
33 72 1 2.34325 1
33 73 1 3.73993 1
33 74 1 0.628863 1
33 75 1 -6.63343 1
33 76 1 -4.26646 1
33 77 1 0.812545 1
33 78 1 -1.75269 1
33 79 1 -3.71903 1
33 80 1 -0.220098 1
33 81 1 -2.27011 1
33 82 1 -1.56281 1
33 83 1 0.869038 1
33 84 1 0.0835681 1
33 85 1 1.88992 1
33 86 1 3.91541 1
33 87 1 2.40444 1
33 88 1 3.10324 1
33 89 1 4.32864 1
33 90 1 -2.20731 1
33 91 1 -0.836602 1
33 92 1 1.83188 1
33 93 1 3.09444 1
33 94 1 1.91677 1
33 95 1 0.610777 1
33 20 1 -1.4306 1
33 107 1 -1.18597 1
33 13 1 1.29538 1
33 113 1 -2.37876 1
34 64 1 -0.926934 1
34 65 1 -1.01165 1
34 66 1 2.46308 1
34 67 1 -0.182316 1
34 68 1 -0.296765 1
34 69 1 -0.896993 1
34 70 1 -2.05662 1
34 71 1 -2.61352 1
34 72 1 -3.59251 1
34 73 1 -4.20135 1
34 74 1 2.67357 1
34 75 1 7.29012 1
34 76 1 -0.590373 1
34 77 1 1.11013 1
34 78 1 -0.504601 1
34 79 1 0.0207106 1
34 80 1 2.82673 1
34 81 1 -2.10424 1
34 82 1 1.89904 1
34 83 1 1.50202 1
34 84 1 0.163191 1
34 85 1 -1.09071 1
34 86 1 -1.51524 1
34 87 1 -0.183904 1
34 88 1 0.180327 1
34 89 1 0.425785 1
34 90 1 -6.25181 1
34 91 1 3.22464 1
34 92 1 3.54397 1
34 93 1 -1.46394 1
34 94 1 3.33122 1
34 95 1 2.50417 1
34 113 1 -0.326967 1
35 64 1 0.975234 1
35 65 1 -1.4409 1
35 66 1 -0.0907149 1
35 67 1 4.9524 1
35 68 1 3.22953 1
35 69 1 2.49895 1
35 70 1 3.08646 1
35 71 1 3.31602 1
35 72 1 3.52082 1
35 73 1 6.31317 1
35 74 1 0.634332 1
35 75 1 -1.83881 1
35 76 1 -3.26854 1
35 77 1 1.36538 1
35 78 1 -0.713078 1
35 79 1 3.2313 1
35 80 1 -6.94042 1
35 81 1 -1.5115 1
35 82 1 4.05305 0
35 83 1 -3.03447 1
35 84 1 7.10038 1
35 85 1 -4.23585 1
35 86 1 -1.69408 1
35 87 1 -2.76896 1
35 88 1 -0.0825005 1
35 89 1 1.94663 0
35 90 1 -0.356911 1
35 91 1 -2.1661 1
35 92 1 -2.37667 1
35 93 1 -4.25149 1
35 94 1 0.393583 1
35 95 1 -0.15845 1
35 130 1 0.388975 1
35 133 1 6.40826 1
133 82 1 1.75436 1
130 89 1 1.33355 1
130 109 1 -0.164806 1
36 64 1 2.47075 1
36 65 1 2.51275 1
36 66 1 1.36623 1
36 67 1 -0.599834 1
36 68 1 -5.46854 1
36 69 1 -2.49399 1
36 70 1 -2.15506 1
36 71 1 1.60678 1
36 72 1 -2.44418 1
36 73 1 -1.01929 1
36 74 1 -1.78477 1
36 75 1 -0.00100469 1
36 76 1 0.191533 1
36 77 1 -5.82801 1
36 78 1 1.85004 1
36 79 1 4.69827 1
36 80 1 4.411 1
36 81 1 -0.174805 1
36 82 1 -0.0698761 0
36 83 1 -0.0862032 1
36 84 1 3.00052 1
36 85 1 -2.24122 1
36 86 1 1.52487 1
36 87 1 0.133673 1
36 88 1 -2.78339 1
36 89 1 -0.272726 1
36 90 1 -4.06579 1
36 91 1 1.33901 1
36 92 1 4.48813 1
36 93 1 2.53749 1
36 94 1 -2.27889 1
36 95 1 8.42619 1
36 109 1 -0.581755 0
36 24 1 -2.97538 1
36 117 1 2.09467 1
117 109 1 1.65237 1
117 4 1 0.992466 1
109 82 1 0.0699212 1
109 31 1 1.75823 1
37 64 1 -4.74965 1
37 65 1 2.12281 1
37 66 1 -4.4726 1
37 67 1 -0.134036 1
37 68 1 -4.43707 1
37 69 1 3.11382 1
37 70 1 -5.56713 1
37 71 1 -2.13082 1
37 72 1 1.5899 1
37 73 1 1.64042 1
37 74 1 0.270179 1
37 75 1 -0.412608 1
37 76 1 1.58642 0
37 77 1 4.20658 1
37 78 1 -0.34328 1
37 79 1 1.19563 1
37 80 1 1.2137 1
37 81 1 1.95058 1
37 82 1 2.594 1
37 83 1 3.17595 1
37 84 1 -5.04796 1
37 85 1 2.70017 1
37 86 1 -0.592939 1
37 87 1 -0.18614 1
37 88 1 -1.98986 1
37 89 1 -3.8612 1
37 90 1 -1.72738 1
37 91 1 1.03646 1
37 92 1 3.09677 1
37 93 1 -0.190833 1
37 94 1 -0.486231 1
37 95 1 1.07249 1
37 142 1 0.940608 1
37 160 1 0.52298 1
142 76 1 0.141423 1
142 147 1 -0.526863 1
142 6 1 0.14562 1
38 64 1 1.52001 1
38 65 1 -2.93035 1
38 66 1 -2.08004 1
38 67 1 -3.02036 1
38 68 1 -0.549632 1
38 69 1 -5.2129 1
38 70 1 0.33688 1
38 71 1 0.137959 1
38 72 1 2.38405 1
38 73 1 2.26797 1
38 74 1 -1.34181 1
38 75 1 3.77245 1
38 76 1 3.22816 1
38 77 1 -1.55409 1
38 78 1 0.350512 1
38 79 1 -0.822987 1
38 80 1 -1.02835 1
38 81 1 -3.54402 1
38 82 1 2.35263 1
38 83 1 -2.51774 1
38 84 1 -1.69748 1
38 85 1 -1.8908 1
38 86 1 -0.881768 1
38 87 1 1.48253 0
38 88 1 2.01794 1
38 89 1 4.32647 1
38 90 1 -1.43439 1
38 91 1 2.3246 1
38 92 1 3.26969 0
38 93 1 -1.02595 1
38 94 1 0.273557 1
38 95 1 -1.99695 1
38 148 1 3.44739 1
38 162 1 -0.125966 1
162 87 1 0.120153 1
148 92 1 2.28762 1
39 64 1 2.35951 1
39 65 1 -2.32052 1
39 66 1 1.09551 1
39 67 1 -2.02223 1
39 68 1 2.07673 1
39 69 1 -0.413273 1
39 70 1 0.0389192 1
39 71 1 -1.70471 1
39 72 1 -3.03815 1
39 73 1 -3.78271 1
39 74 1 1.40737 1
39 75 1 3.17444 0
39 76 1 5.69148 0
39 77 1 0.521127 1
39 78 1 -2.93542 1
39 79 1 -4.10491 1
39 80 1 -0.635703 1
39 81 1 -2.76681 1
39 82 1 -3.20346 1
39 83 1 -2.44647 1
39 84 1 -3.79126 1
39 85 1 0.463397 1
39 86 1 0.787576 1
39 87 1 0.606745 1
39 88 1 -0.862306 1
39 89 1 0.158584 1
39 90 1 3.51823 1
39 91 1 1.04116 1
39 92 1 5.47021 1
39 93 1 1.62488 1
39 94 1 -4.15072 1
39 95 1 -1.29568 1
39 2 1 -3.70241 1
39 112 1 3.81788 1
39 13 1 -0.506688 1
39 104 1 -0.111719 1
39 172 1 1.83779 1
172 76 1 4.84305 1
172 28 1 0.870418 1
112 75 1 -2.11706 1
112 138 1 -0.669334 1
112 153 1 0.138145 0
112 170 1 0.35408 1
112 113 1 1.08433 1
170 153 1 -1.41149 1
40 64 1 -5.27014 1
40 65 1 -1.05945 1
40 66 1 2.67113 1
40 67 1 0.681179 1
40 68 1 1.52025 1
40 69 1 2.78816 1
40 70 1 -2.22092 1
40 71 1 1.44772 1
40 72 1 2.29184 1
40 73 1 1.73685 1
40 74 1 -2.12216 1
40 75 1 1.64749 1
40 76 1 -2.75326 1
40 77 1 3.00782 1
40 78 1 4.05772 1
40 79 1 -1.00813 1
40 80 1 1.98297 1
40 81 1 1.39032 1
40 82 1 0.760521 1
40 83 1 -4.07304 1
40 84 1 -2.14035 1
40 85 1 0.500907 1
40 86 1 3.04594 1
40 87 1 0.431583 1
40 88 1 1.22614 1
40 89 1 -1.22336 1
40 90 1 -1.36425 1
40 91 1 -1.84837 1
40 92 1 -3.83043 1
40 93 1 1.19836 1
40 94 1 -0.326695 1
40 95 1 3.30559 1
40 2 1 0.303901 1
40 134 1 2.11922 1
41 64 1 4.06987 1
41 65 1 -0.378724 1
41 66 1 1.09973 1
41 67 1 1.21029 1
41 68 1 2.77454 1
41 69 1 -1.04026 1
41 70 1 1.12267 1
41 71 1 -0.318853 1
41 72 1 3.97396 1
41 73 1 -5.99255 1
41 74 1 0.844883 1
41 75 1 3.95001 1
41 76 1 -5.36153 1
41 77 1 -0.131721 1
41 78 1 -4.58007 1
41 79 1 1.98511 1
41 80 1 1.68315 1
41 81 1 4.23143 1
41 82 1 -1.17234 1
41 83 1 2.34722 1
41 84 1 -2.07019 1
41 85 1 -0.183166 1
41 86 1 1.05943 1
41 87 1 2.32808 1
41 88 1 2.80548 1
41 89 1 -0.152687 1
41 90 1 -1.35727 1
41 91 1 1.63113 1
41 92 1 1.01383 1
41 93 1 0.125455 1
41 94 1 -2.07917 1
41 95 1 1.23091 1
41 11 1 1.43227 1
41 29 1 -2.967 1
41 97 1 -1.5248 1
42 64 1 2.04652 1
42 65 1 -0.683771 1
42 66 1 -1.70292 1
42 67 1 2.78067 1
42 68 1 -2.54133 1
42 69 1 1.31398 1
42 70 1 -0.424911 1
42 71 1 -0.526734 1
42 72 1 -1.66072 1
42 73 1 -1.22193 1
42 74 1 3.75508 1
42 75 1 -3.27279 1
42 76 1 -4.30885 1
42 77 1 0.260472 1
42 78 1 -1.70585 1
42 79 1 1.85996 1
42 80 1 -1.36125 1
42 81 1 2.55565 1
42 82 1 3.59098 1
42 83 1 2.80227 1
42 84 1 1.01754 1
42 85 1 0.0021986 1
42 86 1 1.02675 1
42 87 1 -1.9514 1
42 88 1 -2.45232 1
42 89 1 -1.58003 1
42 90 1 2.71695 1
42 91 1 1.63912 1
42 92 1 1.60118 1
42 93 1 2.5579 1
42 94 1 -3.82771 1
42 95 1 -0.14052 1
43 64 1 1.99712 1
43 65 1 -2.27226 1
43 66 1 3.64575 1
43 67 1 0.927358 1
43 68 1 0.599727 1
43 69 1 -2.0965 1
43 70 1 0.865811 1
43 71 1 -4.19533 1
43 72 1 0.437564 1
43 73 1 -6.95138 1
43 74 1 2.86165 1
43 75 1 -2.62018 1
43 76 1 -2.34291 1
43 77 1 1.32165 1
43 78 1 1.73808 1
43 79 1 -3.58456 1
43 80 1 0.105403 1
43 81 1 1.61227 1
43 82 1 2.43897 1
43 83 1 -1.79657 1
43 84 1 -1.34083 1
43 85 1 2.44428 1
43 86 1 2.23651 1
43 87 1 5.71633 1
43 88 1 2.1388 1
43 89 1 2.72793 1
43 90 1 -0.0829933 1
43 91 1 -3.5418 1
43 92 1 3.0153 1
43 93 1 1.96024 1
43 94 1 -2.19058 1
43 95 1 1.3685 1
44 64 1 -0.0803732 1
44 65 1 -4.57015 1
44 66 1 -1.37643 1
44 67 1 -2.15876 1
44 68 1 0.223995 1
44 69 1 -1.58574 1
44 70 1 3.15973 1
44 71 1 2.74602 1
44 72 1 -2.64834 1
44 73 1 2.5473 1
44 74 1 -1.30454 1
44 75 1 -4.00357 1
44 76 1 0.0565878 1
44 77 1 3.08837 1
44 78 1 2.797 1
44 79 1 0.758991 1
44 80 1 3.86729 1
44 81 1 -2.26779 1
44 82 1 1.72742 1
44 83 1 -1.22637 1
44 84 1 0.609125 1
44 85 1 -0.692055 1
44 86 1 3.01842 1
44 87 1 -0.188245 1
44 88 1 0.360763 1
44 89 1 1.90404 1
44 90 1 1.77343 1
44 91 1 2.27532 1
44 92 1 -1.56969 1
44 93 1 3.21285 1
44 94 1 -2.62281 1
44 95 1 -2.79293 1
44 8 1 -1.96074 1
44 29 1 1.8445 1
45 64 1 -0.813262 1
45 65 1 -0.232856 1
45 66 1 -0.261856 1
45 67 1 2.89464 1
45 68 1 0.5581 1
45 69 1 -6.64367 1
45 70 1 -2.86964 1
45 71 1 0.692048 1
45 72 1 -3.95192 1
45 73 1 3.46863 1
45 74 1 4.54614 1
45 75 1 3.02525 1
45 76 1 -2.97487 1
45 77 1 -1.08056 1
45 78 1 -3.16326 1
45 79 1 3.42927 1
45 80 1 -1.90642 1
45 81 1 1.77122 1
45 82 1 -0.157243 1
45 83 1 -4.91173 1
45 84 1 -0.191463 1
45 85 1 -2.94164 1
45 86 1 0.400761 1
45 87 1 0.626473 1
45 88 1 3.02881 1
45 89 1 -3.10498 1
45 90 1 -0.190004 1
45 91 1 4.17537 1
45 92 1 -3.80612 1
45 93 1 -7.4533 1
45 94 1 1.54357 1
45 95 1 -5.36034 1
45 9 1 5.9262 1
45 20 1 0.835304 1
45 17 1 -0.814589 1
46 64 1 0.501932 1
46 65 1 -0.122307 1
46 66 1 2.47816 1
46 67 1 1.95626 1
46 68 1 -5.31591 1
46 69 1 -0.899028 1
46 70 1 0.708778 1
46 71 1 -2.38729 1
46 72 1 4.52568 1
46 73 1 -4.25434 1
46 74 1 -0.618056 1
46 75 1 -1.54324 1
46 76 1 -5.75435 1
46 77 1 5.104 1
46 78 1 -0.443134 1
46 79 1 -1.89149 1
46 80 1 2.65121 1
46 81 1 3.04063 1
46 82 1 -0.799147 1
46 83 1 2.94138 1
46 84 1 -0.825004 1
46 85 1 2.72599 1
46 86 1 -1.27805 1
46 87 1 5.27717 1
46 88 1 1.35455 1
46 89 1 -4.99215 1
46 90 1 -3.72763 1
46 91 1 -0.403528 1
46 92 1 -0.265745 1
46 93 1 -1.84789 1
46 94 1 1.01845 1
46 95 1 -1.29552 1
46 24 1 1.64343 1
47 64 1 0.661771 1
47 65 1 0.342514 1
47 66 1 -0.525412 1
47 67 1 2.0505 1
47 68 1 -0.164827 1
47 69 1 2.32962 1
47 70 1 -2.57456 1
47 71 1 0.47998 1
47 72 1 0.398782 1
47 73 1 6.30087 0
47 74 1 -2.24609 1
47 75 1 -0.363336 1
47 76 1 -3.17448 1
47 77 1 -7.73997 1
47 78 1 -2.81796 1
47 79 1 0.715569 1
47 80 1 4.23888 1
47 81 1 -3.26956 1
47 82 1 2.38901 1
47 83 1 0.579435 1
47 84 1 -4.22715 1
47 85 1 -0.890035 1
47 86 1 -2.52634 1
47 87 1 6.15092 1
47 88 1 5.1366 1
47 89 1 0.793314 1
47 90 1 5.36212 1
47 91 1 0.75929 1
47 92 1 0.69508 1
47 93 1 1.2405 1
47 94 1 2.65593 1
47 95 1 -1.02874 1
47 4 1 0.423775 1
47 137 1 2.20194 1
137 73 1 3.79701 0
137 156 1 -0.0887839 1
156 73 1 2.13462 1
156 15 1 -0.614787 1
48 64 1 -0.645704 1
48 65 1 0.0276441 1
48 66 1 3.88221 1
48 67 1 -3.18191 1
48 68 1 -5.667 1
48 69 1 -4.90753 1
48 70 1 0.881999 1
48 71 1 1.49856 1
48 72 1 -7.59725 1
48 73 1 4.26339 1
48 74 1 5.11892 1
48 75 1 -4.53523 1
48 76 1 -0.716433 1
48 77 1 -0.608989 1
48 78 1 -1.26824 1
48 79 1 3.13828 1
48 80 1 -1.45419 1
48 81 1 -3.81836 1
48 82 1 0.0212333 1
48 83 1 0.698513 1
48 84 1 0.754137 1
48 85 1 -0.130081 1
48 86 1 -1.53949 1
48 87 1 0.530274 1
48 88 1 -1.07689 1
48 89 1 -1.61746 1
48 90 1 2.57538 1
48 91 1 -0.408345 1
48 92 1 -5.91505 1
48 93 1 1.11494 1
48 94 1 6.25773 1
48 95 1 1.93901 1
48 16 1 0.745051 1
48 12 1 1.41902 1
48 14 1 -2.07293 1
48 30 1 1.4497 1
49 64 1 -0.42031 1
49 65 1 -4.34242 1
49 66 1 1.11352 1
49 67 1 -0.915057 1
49 68 1 -3.9655 1
49 69 1 0.79499 1
49 70 1 -0.17908 1
49 71 1 -3.26112 1
49 72 1 -2.19559 1
49 73 1 1.08088 1
49 74 1 2.66385 1
49 75 1 0.867836 1
49 76 1 -7.33368 1
49 77 1 -4.86577 1
49 78 1 -0.547696 0
49 79 1 3.02496 1
49 80 1 5.58831 1
49 81 1 -4.08155 1
49 82 1 0.995072 1
49 83 1 -0.642229 1
49 84 1 2.30707 1
49 85 1 -0.915382 1
49 86 1 -2.59977 1
49 87 1 -3.25208 1
49 88 1 1.5168 1
49 89 1 2.29581 1
49 90 1 -1.63938 1
49 91 1 2.66816 1
49 92 1 2.78192 1
49 93 1 1.98735 1
49 94 1 0.954305 1
49 95 1 4.06079 1
49 19 1 -0.842611 1
49 31 1 -0.898854 1
49 15 1 -1.85194 1
49 158 1 1.34189 1
49 26 1 0.339985 1
49 144 1 -3.03726 1
158 78 1 -1.02877 1
50 64 1 -5.53881 1
50 65 1 -2.81781 1
50 66 1 0.892411 1
50 67 1 -1.59672 1
50 68 1 1.86204 1
50 69 1 -1.91405 1
50 70 1 0.127719 1
50 71 1 5.50815 1
50 72 1 -2.95727 1
50 73 1 4.19361 1
50 74 1 -1.85644 1
50 75 1 1.90493 1
50 76 1 -0.253868 1
50 77 1 -1.00994 1
50 78 1 1.36592 1
50 79 1 -1.13393 1
50 80 1 2.28265 1
50 81 1 -0.263037 1
50 82 1 -3.03018 1
50 83 1 2.81488 1
50 84 1 0.134095 1
50 85 1 3.69184 1
50 86 1 3.55185 1
50 87 1 -2.56646 1
50 88 1 -2.04527 1
50 89 1 0.42455 1
50 90 1 0.684321 1
50 91 1 -0.108731 1
50 92 1 0.0969062 1
50 93 1 -3.17631 1
50 94 1 -2.40997 1
50 95 1 0.576517 1
50 4 1 5.72907 1
50 22 1 0.0569918 1
51 64 1 -1.86558 1
51 65 1 3.17577 1
51 66 1 3.5234 1
51 67 1 -2.47595 1
51 68 1 -0.829862 1
51 69 1 -0.270935 1
51 70 1 0.723038 1
51 71 1 5.36821 1
51 72 1 -5.04932 1
51 73 1 -1.75979 0
51 74 1 -3.21992 1
51 75 1 3.9369 1
51 76 1 -2.93611 1
51 77 1 3.84644 1
51 78 1 5.13538 1
51 79 1 -1.39485 1
51 80 1 1.08571 1
51 81 1 -2.74349 1
51 82 1 -0.225615 1
51 83 1 4.82656 1
51 84 1 -1.40352 1
51 85 1 -0.135548 1
51 86 1 -1.48111 1
51 87 1 2.79645 1
51 88 1 -0.0832338 1
51 89 1 -0.90387 1
51 90 1 -0.121937 1
51 91 1 -1.7599 1
51 92 1 2.58487 1
51 93 1 4.0188 1
51 94 1 -4.8258 1
51 95 1 -3.5184 1
51 116 1 1.25122 1
51 12 1 -1.15287 1
116 73 1 -0.472835 0
116 134 1 2.90231 1
134 73 1 3.91178 1
134 128 1 2.27206 1
52 64 1 -3.15937 1
52 65 1 3.90184 1
52 66 1 -0.0598103 1
52 67 1 1.38693 1
52 68 1 1.45909 1
52 69 1 6.07124 1
52 70 1 4.63824 1
52 71 1 -1.38296 1
52 72 1 -1.46281 1
52 73 1 2.70872 1
52 74 1 4.36448 1
52 75 1 2.11695 1
52 76 1 -4.65498 1
52 77 1 0.862048 1
52 78 1 3.09497 1
52 79 1 -2.88979 1
52 80 1 -0.438692 1
52 81 1 -0.621341 1
52 82 1 -1.3945 1
52 83 1 -0.500192 1
52 84 1 -0.824507 1
52 85 1 -0.171642 1
52 86 1 -7.50256 1
52 87 1 0.836522 1
52 88 1 1.29516 1
52 89 1 0.775598 1
52 90 1 -0.695947 1
52 91 1 -0.295086 1
52 92 1 0.166844 1
52 93 1 -3.9355 0
52 94 1 3.34056 1
52 95 1 1.80971 1
52 115 1 0.764569 1
52 139 1 1.63067 1
52 23 1 -1.04722 1
139 93 1 -0.624975 1
53 64 1 -2.77479 1
53 65 1 0.377664 1
53 66 1 -1.30496 1
53 67 1 -1.83727 1
53 68 1 -0.192948 1
53 69 1 1.62664 1
53 70 1 0.750085 0
53 71 1 0.213715 1
53 72 1 -1.18923 1
53 73 1 0.24801 1
53 74 1 0.19728 1
53 75 1 -4.15719 1
53 76 1 -0.343321 1
53 77 1 1.84173 1
53 78 1 0.180875 1
53 79 1 0.711293 1
53 80 1 0.910688 1
53 81 1 2.32827 1
53 82 1 2.59934 1
53 83 1 -0.872023 1
53 84 1 0.804084 1
53 85 1 3.06406 1
53 86 1 0.548379 1
53 87 1 -0.702066 1
53 88 1 -0.182798 1
53 89 1 -0.0380312 1
53 90 1 -3.15828 1
53 91 1 0.0757585 1
53 92 1 2.21509 1
53 93 1 -2.13391 1
53 94 1 0.151743 1
53 95 1 -2.7296 1
53 20 1 5.3706 1
53 23 1 -0.473834 1
53 149 1 -1.38501 1
149 70 1 -2.12115 0
149 153 1 1.19775 1
149 126 1 -0.671655 1
153 70 1 0.218492 1
54 64 1 2.88669 1
54 65 1 -0.039645 1
54 66 1 -1.95926 1
54 67 1 2.23275 1
54 68 1 5.84644 1
54 69 1 -3.3833 1
54 70 1 1.58992 1
54 71 1 5.18361 1
54 72 1 1.56349 1
54 73 1 1.03836 1
54 74 1 0.455353 1
54 75 1 -1.42522 1
54 76 1 -4.5186 1
54 77 1 1.56397 1
54 78 1 -2.46645 1
54 79 1 1.65774 1
54 80 1 1.13491 1
54 81 1 4.55394 1
54 82 1 -2.4115 1
54 83 1 4.30333 1
54 84 1 0.992538 1
54 85 1 -0.693724 1
54 86 1 -4.31858 1
54 87 1 -0.145166 1
54 88 1 1.40935 1
54 89 1 5.09768 1
54 90 1 -2.81022 1
54 91 1 3.05048 1
54 92 1 -1.31561 1
54 93 1 3.28394 1
54 94 1 -4.15216 1
54 95 1 -2.47787 1
54 30 1 0.79044 1
54 144 1 2.03437 1
55 64 1 0.624581 1
55 65 1 -3.23335 1
55 66 1 -3.69441 1
55 67 1 -0.59121 1
55 68 1 0.424299 1
55 69 1 0.0831981 1
55 70 1 3.10939 1
55 71 1 -5.2668 1
55 72 1 3.19475 1
55 73 1 -0.431726 1
55 74 1 2.86414 1
55 75 1 -3.61212 1
55 76 1 -5.02456 1
55 77 1 1.10861 1
55 78 1 1.64487 1
55 79 1 4.33124 1
55 80 1 -0.919739 1
55 81 1 2.06114 1
55 82 1 -1.92822 1
55 83 1 1.38871 1
55 84 1 -0.380057 1
55 85 1 -6.68321 1
55 86 1 1.43779 1
55 87 1 -0.80377 1
55 88 1 -4.70807 1
55 89 1 1.9104 1
55 90 1 -1.36075 1
55 91 1 1.11693 1
55 92 1 9.10026 1
55 93 1 -3.55841 1
55 94 1 -3.74645 1
55 95 1 -2.12205 0
55 28 1 4.76252 1
55 114 1 0.779069 1
55 0 1 -3.95134 1
55 2 1 0.634411 1
114 95 1 -0.091993 1
56 64 1 4.69514 1
56 65 1 -8.91703 1
56 66 1 0.455633 1
56 67 1 -0.711728 1
56 68 1 3.04128 0
56 69 1 -2.50766 1
56 70 1 1.23519 1
56 71 1 2.13304 1
56 72 1 -2.0137 1
56 73 1 -0.923623 1
56 74 1 4.09028 1
56 75 1 4.41888 1
56 76 1 -2.54626 1
56 77 1 -1.98365 1
56 78 1 -2.99241 1
56 79 1 -0.877774 1
56 80 1 -0.833502 1
56 81 1 6.84602 1
56 82 1 2.1797 1
56 83 1 -0.944771 1
56 84 1 -2.26424 1
56 85 1 0.114888 1
56 86 1 2.95887 1
56 87 1 0.655957 1
56 88 1 1.23662 1
56 89 1 1.01416 1
56 90 1 -0.0784888 1
56 91 1 -0.754994 1
56 92 1 -0.0980861 1
56 93 1 2.83346 1
56 94 1 -1.18227 1
56 95 1 -1.97559 1
56 3 1 -2.6851 1
56 126 1 4.64434 1
56 0 1 -0.165972 1
126 68 1 2.39356 1
126 11 1 -3.6357 1
57 64 1 -4.15249 1
57 65 1 6.21321 1
57 66 1 -1.39741 1
57 67 1 -2.20817 1
57 68 1 0.693849 1
57 69 1 -1.50152 0
57 70 1 0.875441 1
57 71 1 3.48321 1
57 72 1 1.72545 1
57 73 1 -1.7739 1
57 74 1 1.66488 1
57 75 1 5.67068 1
57 76 1 5.2816 1
57 77 1 -4.83056 1
57 78 1 2.04807 1
57 79 1 -2.53595 1
57 80 1 2.21444 1
57 81 1 3.41252 1
57 82 1 4.26369 1
57 83 1 -2.43869 1
57 84 1 -0.0941699 1
57 85 1 -3.22479 1
57 86 1 -1.94347 1
57 87 1 -0.211527 1
57 88 1 1.79172 1
57 89 1 0.592808 1
57 90 1 0.932926 1
57 91 1 -3.24235 1
57 92 1 -3.15679 1
57 93 1 -2.25943 1
57 94 1 -2.42894 1
57 95 1 3.10834 1
57 104 1 4.89915 1
57 22 1 0.149161 1
104 69 1 3.15371 1
104 1 1 1.71752 1
104 107 1 0.673335 1
58 64 1 7.25787 1
58 65 1 -2.02074 1
58 66 1 -1.66946 1
58 67 1 -0.256392 1
58 68 1 -3.59452 1
58 69 1 -1.62972 1
58 70 1 0.374554 1
58 71 1 2.7012 1
58 72 1 1.251 1
58 73 1 -2.49605 1
58 74 1 1.24785 1
58 75 1 1.42194 1
58 76 1 2.14418 1
58 77 1 1.16078 1
58 78 1 -2.90418 1
58 79 1 -2.01767 0
58 80 1 -3.91553 1
58 81 1 3.12103 1
58 82 1 0.856887 1
58 83 1 0.151786 1
58 84 1 -2.11772 1
58 85 1 0.632726 1
58 86 1 1.29525 1
58 87 1 -3.66971 1
58 88 1 -4.85656 1
58 89 1 -2.26255 1
58 90 1 -0.311319 1
58 91 1 -3.22753 1
58 92 1 2.21065 0
58 93 1 0.503895 1
58 94 1 -1.15153 1
58 95 1 2.59506 1
58 128 1 1.2871 1
58 115 1 -0.146607 1
58 174 1 0.812521 1
174 92 1 2.20439 1
128 79 1 -0.415528 0
128 131 1 1.39427 1
131 79 1 2.14929 0
131 160 1 1.09253 1
160 79 1 3.71127 0
160 125 1 1.03567 1
160 173 1 1.07649 1
173 79 1 3.88505 1
59 64 1 -3.83656 1
59 65 1 1.73725 1
59 66 1 4.58306 1
59 67 1 -3.61622 1
59 68 1 2.79517 1
59 69 1 -3.17794 1
59 70 1 -2.59775 1
59 71 1 1.00262 1
59 72 1 0.258241 1
59 73 1 -0.575761 1
59 74 1 1.9622 1
59 75 1 -0.774697 1
59 76 1 2.3356 1
59 77 1 0.0436957 0
59 78 1 2.20941 1
59 79 1 -2.62621 1
59 80 1 1.27767 1
59 81 1 1.65077 1
59 82 1 -4.75834 1
59 83 1 4.53982 1
59 84 1 -0.0222666 1
59 85 1 -3.77502 1
59 86 1 -4.97298 1
59 87 1 0.947698 1
59 88 1 3.57569 1
59 89 1 0.482178 1
59 90 1 0.296424 1
59 91 1 -0.691229 1
59 92 1 1.58025 1
59 93 1 3.08687 1
59 94 1 -4.36867 1
59 95 1 1.55552 1
59 97 1 -0.469351 1
59 5 1 -5.91222 1
59 11 1 -2.23345 1
59 13 1 2.57105 1
97 77 1 -6.88375 1
97 22 1 0.308708 1
97 2 1 -6.62073 0
97 99 1 2.73738 1
97 7 1 4.11396 0
97 102 1 3.45134 1
97 17 1 2.77591 1
102 7 1 4.48825 1
99 2 1 1.00805 0
99 108 1 5.21745 1
99 15 1 3.91355 1
108 2 1 0.576678 0
108 125 1 6.24481 1
108 0 1 -1.23347 1
125 2 1 2.13924 1
60 64 1 0.510938 1
60 65 1 -1.18028 1
60 66 1 2.49005 1
60 67 1 -0.595912 1
60 68 1 2.14243 1
60 69 1 2.92981 1
60 70 1 -2.92165 1
60 71 1 0.953047 1
60 72 1 -0.724887 0
60 73 1 2.63279 1
60 74 1 1.3265 1
60 75 1 0.872404 1
60 76 1 -1.59902 1
60 77 1 4.90903 1
60 78 1 -3.48064 1
60 79 1 1.12989 1
60 80 1 -4.91692 1
60 81 1 -1.26531 1
60 82 1 -0.917041 1
60 83 1 1.72955 1
60 84 1 -3.87581 1
60 85 1 2.55048 1
60 86 1 3.60699 1
60 87 1 -1.2786 1
60 88 1 -4.05191 1
60 89 1 0.848435 1
60 90 1 -0.940637 1
60 91 1 0.401601 1
60 92 1 0.105551 1
60 93 1 0.634004 1
60 94 1 -0.25313 1
60 95 1 0.294188 1
60 24 1 -1.15339 1
60 0 1 3.82751 1
60 115 1 2.36441 1
60 3 1 -1.30913 1
115 72 1 -0.973666 1
115 18 1 1.27362 1
115 14 1 1.25518 1
115 19 1 -1.08704 1
61 64 1 -0.865755 1
61 65 1 0.745779 1
61 66 1 2.11292 1
61 67 1 -0.821397 1
61 68 1 -5.22062 1
61 69 1 2.9349 1
61 70 1 2.19699 1
61 71 1 0.894681 1
61 72 1 -0.445867 1
61 73 1 0.529102 1
61 74 1 4.39934 1
61 75 1 4.54429 1
61 76 1 2.07191 1
61 77 1 -2.17951 0
61 78 1 -3.41102 1
61 79 1 1.09946 1
61 80 1 -2.38386 1
61 81 1 0.451846 1
61 82 1 -0.227578 1
61 83 1 -0.208152 1
61 84 1 -3.20349 1
61 85 1 -1.09255 1
61 86 1 -0.585496 1
61 87 1 3.01514 1
61 88 1 -1.92668 1
61 89 1 0.63177 1
61 90 1 -1.41067 1
61 91 1 1.97974 1
61 92 1 -0.0309125 1
61 93 1 -0.488391 1
61 94 1 1.15005 1
61 95 1 -1.11886 1
61 107 1 0.471903 1
61 113 1 -1.71205 1
61 14 1 -0.871873 1
107 77 1 -6.49492 0
107 113 1 -0.644435 1
107 14 1 -3.06558 1
107 20 1 1.23479 1
113 77 1 -1.9889 0
113 23 1 -1.64141 1
113 147 1 -0.147473 1
113 159 1 0.330335 1
159 77 1 -2.5563 0
159 161 1 0.391163 1
161 77 1 -1.39022 1
62 64 1 -0.741799 1
62 65 1 -3.06329 1
62 66 1 3.02433 1
62 67 1 -0.619163 1
62 68 1 2.17596 1
62 69 1 -1.92669 1
62 70 1 -0.709155 1
62 71 1 -4.34917 1
62 72 1 4.1395 1
62 73 1 2.65209 1
62 74 1 2.88408 1
62 75 1 -1.73228 1
62 76 1 2.89452 1
62 77 1 -3.74282 1
62 78 1 -1.60103 1
62 79 1 -1.68112 1
62 80 1 0.716651 1
62 81 1 2.42215 1
62 82 1 -1.4386 1
62 83 1 4.2962 1
62 84 1 -1.88766 0
62 85 1 -0.293905 1
62 86 1 3.33376 1
62 87 1 -2.11482 1
62 88 1 0.182053 1
62 89 1 -2.98128 1
62 90 1 -7.53189 1
62 91 1 0.461669 1
62 92 1 -0.748337 1
62 93 1 -1.14876 1
62 94 1 0.835798 1
62 95 1 -1.50144 1
62 5 1 0.12459 1
62 138 1 1.07544 0
62 152 1 0.835675 1
62 31 1 -0.45954 1
152 138 1 2.35808 1
138 84 1 -2.05991 1
63 64 1 3.35374 1
63 65 1 -1.04891 1
63 66 1 5.24299 1
63 67 1 -2.08899 1
63 68 1 1.39429 1
63 69 1 -4.51622 1
63 70 1 -2.52259 1
63 71 1 1.70581 1
63 72 1 -0.248488 1
63 73 1 2.36771 1
63 74 1 -8.06437 1
63 75 1 1.03725 1
63 76 1 -0.815096 0
63 77 1 0.342954 1
63 78 1 -0.306815 1
63 79 1 0.161639 1
63 80 1 2.93172 1
63 81 1 -2.86574 1
63 82 1 2.0422 1
63 83 1 -4.09848 1
63 84 1 -2.13822 1
63 85 1 -4.37192 1
63 86 1 5.76353 1
63 87 1 -2.81818 0
63 88 1 -0.381788 1
63 89 1 -2.58802 1
63 90 1 -0.170591 1
63 91 1 -2.5966 1
63 92 1 0.626066 1
63 93 1 0.575679 1
63 94 1 0.242666 1
63 95 1 -1.22002 1
63 141 1 4.98428 1
63 144 1 0.85568 1
144 76 1 -0.34394 0
144 147 1 3.34499 1
147 76 1 -1.90825 1
147 9 1 -2.13394 1
141 87 1 -5.90101 1
141 10 1 0.819671 1
