175 64 32
2.38281 -2.73773 -5.0722 4.33343 -5.04174 4.05909 0.133506 4.17136 -1.08249 4.10413 1.93779 5.94368 -3.8671 -5.06103 -2.09425 -3.45599 2.13519 -0.417269 -0.449164 -1.50146 0.981691 0.959636 -0.527739 0.0222582 -6.75577 -0.76638 2.59903 1.73855 -3.45161 -4.36436 -4.36042 -0.842867 -1.40863 0.827934 0.831231 3.16553 -4.91684 0.197843 -0.678717 -0.638635 -0.815829 1.2587 -2.06712 -3.90199 -5.25258 -2.89403 -5.34875 3.55974 0.298154 3.3774 0.716021 -4.89713 -4.50472 0.49189 -0.656495 3.11352 -3.7308 1.94133 0.993574 -1.09454 2.56054 -3.71658 -1.87543 -3.20433 -5.81312 -3.12948 5.40214 3.00361 -3.32123 3.52556 -2.49386 -4.93854 -3.35566 -2.99306 3.2826 4.79446 -0.478426 -0.781824 -0.672144 -4.38431 1.43841 1.02003 -4.86839 0.556511 2.72663 1.12694 -3.10499 -0.221556 4.9054 1.01319 -1.81145 2.54767 -1.39067 -1.75303 0.580458 -0.332655 -1.36908 -1.45772 -1.62473 -1.13688 2.25669 -3.11653 -5.16623 -2.08384 -4.68583 1.75895 -1.16578 -2.56729 -1.85038 -1.05594 -2.8542 2.48296 3.68355 -5.4866 1.41758 -0.906703 -2.96916 0.283736 -0.0218546 -1.37447 4.02814 -0.892721 -0.920251 -0.117416 0.446625 4.26781 0.417991 0.76363 0.672194 2.96215 1.45049 -1.03782 -2.35086 0.767829 -1.71986 -0.558076 -0.236797 0.20802 -3.14627 0.45591 2.65159 -2.52875 -0.558663 -3.07862 0.938405 2.14547 -0.0472131 -1.60762 1.85876 -2.93348 -1.08287 0.233504 1.59203 -0.890571 1.34443 -0.359614 0.316514 1.24446 0.538607 1.07584 0.486485 -0.209645 0.10239 1.40485 1.15227 0.120411 1.68272 0.0987343 1.09878 -0.54646 -0.145634 -1.27837 0.24075 0.17346 0.0267381 
0 64 1 -4.31003 1
0 65 1 1.18511 1
0 66 1 2.73927 1
0 67 1 -0.0108738 1
0 68 1 -2.28928 1
0 69 1 2.86447 1
0 70 1 2.70175 1
0 71 1 1.5829 1
0 72 1 1.24917 1
0 73 1 -0.544579 1
0 74 1 -1.99067 1
0 75 1 1.43467 1
0 76 1 1.60257 1
0 77 1 1.77502 1
0 78 1 -1.34485 1
0 79 1 0.233155 1
0 80 1 3.7314 1
0 81 1 4.09102 1
0 82 1 5.24762 1
0 83 1 1.35568 1
0 84 1 -2.2101 1
0 85 1 5.96744 1
0 86 1 -1.06311 1
0 87 1 -3.01953 1
0 88 1 2.60111 1
0 89 1 3.67046 1
0 90 1 3.71409 1
0 91 1 5.95118 1
0 92 1 -3.52518 1
0 93 1 -2.69403 1
0 94 1 1.29873 1
0 95 1 0.309085 1
0 10 1 -3.46617 1
1 64 1 -1.40594 1
1 65 1 -5.19015 1
1 66 1 1.7248 1
1 67 1 -5.38664 1
1 68 1 6.01607 1
1 69 1 -2.15087 1
1 70 1 4.13938 1
1 71 1 -0.514857 1
1 72 1 -2.7463 1
1 73 1 -2.01686 1
1 74 1 -2.90003 1
1 75 1 3.43071 1
1 76 1 -1.70401 1
1 77 1 7.37364 1
1 78 1 -0.984466 1
1 79 1 -1.46788 1
1 80 1 -2.46777 1
1 81 1 1.45899 1
1 82 1 -0.334089 1
1 83 1 -5.99273 1
1 84 1 -4.25108 1
1 85 1 -1.23554 1
1 86 1 2.72474 1
1 87 1 -0.0565918 1
1 88 1 -0.478219 1
1 89 1 3.86195 1
1 90 1 -0.886244 1
1 91 1 -1.46828 1
1 92 1 -0.197317 1
1 93 1 1.93487 1
1 94 1 -2.00573 1
1 95 1 -6.41812 1
1 27 1 0.0043936 1
2 64 1 0.589583 1
2 65 1 -2.47678 1
2 66 1 -5.68724 1
2 67 1 -2.53808 1
2 68 1 -2.32199 1
2 69 1 -0.000950612 1
2 70 1 -0.498726 1
2 71 1 3.12359 1
2 72 1 -1.43638 1
2 73 1 -1.69328 1
2 74 1 -4.73008 1
2 75 1 0.196227 1
2 76 1 -4.88005 1
2 77 1 -2.48297 1
2 78 1 0.285846 1
2 79 1 -2.94558 1
2 80 1 -5.99746 1
2 81 1 -5.86984 1
2 82 1 -0.0945751 1
2 83 1 -3.74508 1
2 84 1 -0.363511 1
2 85 1 3.60175 1
2 86 1 -1.33046 1
2 87 1 -0.437395 1
2 88 1 -0.778956 1
2 89 1 -5.11418 1
2 90 1 -4.65058 1
2 91 1 -1.14701 1
2 92 1 3.50143 1
2 93 1 -2.61367 1
2 94 1 3.06382 1
2 95 1 -1.46712 1
2 100 1 -0.451378 1
2 6 1 4.14936 1
2 110 1 -1.96111 1
3 64 1 -0.901074 1
3 65 1 -2.77429 1
3 66 1 0.199319 1
3 67 1 -0.66376 1
3 68 1 5.94902 1
3 69 1 -2.13156 1
3 70 1 -3.02919 1
3 71 1 0.795526 1
3 72 1 8.40889 1
3 73 1 0.402937 1
3 74 1 -1.42634 1
3 75 1 3.41845 1
3 76 1 -0.129561 1
3 77 1 0.114455 1
3 78 1 -1.9408 1
3 79 1 0.878503 1
3 80 1 -4.19863 1
3 81 1 0.352326 1
3 82 1 5.76183 1
3 83 1 3.46033 1
3 84 1 0.100454 1
3 85 1 -5.14508 1
3 86 1 0.46199 1
3 87 1 4.65256 1
3 88 1 -3.19408 1
3 89 1 3.48949 1
3 90 1 1.4279 1
3 91 1 3.17765 1
3 92 1 1.54867 1
3 93 1 -2.35977 1
3 94 1 -2.03168 1
3 95 1 4.17055 0
3 110 1 3.1851 1
110 95 1 -1.15977 0
110 111 1 -0.687306 0
110 132 1 3.23315 1
110 152 1 -0.215874 1
110 126 1 -1.72651 1
110 20 1 -0.782179 1
110 16 1 0.719833 1
132 111 1 2.09884 1
111 95 1 -0.873282 1
4 64 1 1.77923 1
4 65 1 0.0719393 1
4 66 1 0.178317 1
4 67 1 4.13567 1
4 68 1 -0.278647 1
4 69 1 2.34977 1
4 70 1 -1.03193 1
4 71 1 -0.0756403 1
4 72 1 -1.7499 1
4 73 1 -2.15475 0
4 74 1 0.161632 1
4 75 1 -6.44815 0
4 76 1 -0.314542 1
4 77 1 4.16092 1
4 78 1 -0.136425 1
4 79 1 0.963015 1
4 80 1 -6.17044 1
4 81 1 2.31226 1
4 82 1 1.04535 1
4 83 1 -1.23254 1
4 84 1 -1.37825 1
4 85 1 1.06987 1
4 86 1 1.30021 1
4 87 1 -1.88416 1
4 88 1 -2.2093 1
4 89 1 -0.83075 1
4 90 1 3.31234 1
4 91 1 -2.83406 1
4 92 1 -1.41346 1
4 93 1 1.82827 0
4 94 1 -2.44111 1
4 95 1 3.98502 1
4 101 1 3.75892 1
4 17 1 5.20909 1
4 118 1 1.52832 1
4 145 1 1.40294 1
4 119 1 -0.745808 1
145 93 1 -0.744988 1
118 73 1 -4.48335 1
101 75 1 1.86314 1
5 64 1 -1.35054 1
5 65 1 7.16521 1
5 66 1 -1.91516 1
5 67 1 9.08773 1
5 68 1 2.78694 1
5 69 1 4.15654 1
5 70 1 0.452822 1
5 71 1 -0.569139 1
5 72 1 1.20496 1
5 73 1 -0.806642 1
5 74 1 -1.4505 1
5 75 1 3.87072 1
5 76 1 2.76568 1
5 77 1 1.67814 1
5 78 1 0.166312 1
5 79 1 0.85887 1
5 80 1 2.1691 1
5 81 1 -0.313796 1
5 82 1 -0.382967 1
5 83 1 4.8409 1
5 84 1 3.30876 1
5 85 1 3.88866 1
5 86 1 -0.383262 1
5 87 1 2.13144 1
5 88 1 0.601746 1
5 89 1 -3.7333 1
5 90 1 -3.38821 1
5 91 1 -0.697041 1
5 92 1 -0.60427 1
5 93 1 1.20136 1
5 94 1 -1.08157 1
5 95 1 -0.770121 1
5 28 1 2.49986 1
6 64 1 0.11909 1
6 65 1 -2.02536 1
6 66 1 1.8814 1
6 67 1 3.35057 1
6 68 1 -3.9369 1
6 69 1 -2.09706 1
6 70 1 -4.4202 1
6 71 1 0.954212 1
6 72 1 2.8346 1
6 73 1 -3.43246 1
6 74 1 -4.87381 1
6 75 1 2.06507 1
6 76 1 4.90373 1
6 77 1 -2.80078 1
6 78 1 -0.146781 1
6 79 1 -3.91091 1
6 80 1 3.29108 1
6 81 1 -0.492165 1
6 82 1 0.870723 1
6 83 1 2.37386 1
6 84 1 1.67354 1
6 85 1 -5.64244 1
6 86 1 -0.0719712 1
6 87 1 5.73005 1
6 88 1 -2.33111 1
6 89 1 -1.0079 1
6 90 1 4.13064 1
6 91 1 -0.595121 1
6 92 1 4.19765 1
6 93 1 -4.32018 1
6 94 1 -2.21321 1
6 95 1 2.9773 1
6 26 1 1.08205 1
7 64 1 2.29204 1
7 65 1 1.6018 1
7 66 1 1.95549 1
7 67 1 -5.758 1
7 68 1 -2.06415 1
7 69 1 -1.80557 1
7 70 1 6.58242 1
7 71 1 4.46639 1
7 72 1 3.52923 1
7 73 1 -0.921184 1
7 74 1 -1.97571 1
7 75 1 0.367762 0
7 76 1 1.18742 1
7 77 1 2.80959 1
7 78 1 2.90602 1
7 79 1 2.84283 1
7 80 1 -1.66154 1
7 81 1 2.58598 1
7 82 1 -4.63319 0
7 83 1 0.107417 0
7 84 1 -3.90939 1
7 85 1 4.11202 1
7 86 1 0.419044 1
7 87 1 4.55076 1
7 88 1 -2.57245 1
7 89 1 -2.49723 1
7 90 1 1.86624 1
7 91 1 -2.44969 1
7 92 1 1.29839 1
7 93 1 -2.76219 1
7 94 1 -1.3542 1
7 95 1 2.10832 1
7 100 1 0.928697 1
7 127 1 2.74019 1
7 164 1 0.959547 1
164 75 1 0.30628 1
127 82 1 -5.47492 0
127 169 1 -0.0201429 1
169 82 1 -4.26806 1
100 83 1 4.34072 0
100 24 1 -0.839915 0
100 106 1 4.2451 1
100 166 1 0.205119 1
166 83 1 3.58289 1
106 24 1 -7.52215 1
106 6 1 -2.40823 1
8 64 1 1.93012 1
8 65 1 -3.167 1
8 66 1 0.370462 1
8 67 1 0.379741 1
8 68 1 -2.08482 1
8 69 1 3.66125 1
8 70 1 1.36781 1
8 71 1 3.89614 1
8 72 1 3.99456 1
8 73 1 -3.35162 1
8 74 1 -1.79654 1
8 75 1 -2.59838 1
8 76 1 1.34414 1
8 77 1 3.8252 1
8 78 1 0.46148 1
8 79 1 -3.46064 1
8 80 1 1.20945 1
8 81 1 -3.73761 1
8 82 1 -1.34049 1
8 83 1 -3.80096 1
8 84 1 2.46149 1
8 85 1 8.22938 1
8 86 1 5.1092 1
8 87 1 3.49675 1
8 88 1 -0.457131 1
8 89 1 4.13439 1
8 90 1 0.54724 1
8 91 1 -0.644935 1
8 92 1 2.08203 1
8 93 1 5.07694 1
8 94 1 5.1369 1
8 95 1 -0.837663 1
8 17 1 -0.206465 1
9 64 1 -3.56688 1
9 65 1 -1.99451 1
9 66 1 1.44435 1
9 67 1 -0.0050537 1
9 68 1 -2.04803 1
9 69 1 -1.19744 1
9 70 1 -7.54916 1
9 71 1 -2.71175 1
9 72 1 3.13369 1
9 73 1 -0.692576 1
9 74 1 -0.721593 1
9 75 1 1.99431 1
9 76 1 4.40077 1
9 77 1 0.872052 1
9 78 1 3.26545 1
9 79 1 1.94105 0
9 80 1 -0.857781 1
9 81 1 2.04592 1
9 82 1 -2.34223 1
9 83 1 -2.19853 1
9 84 1 4.24316 1
9 85 1 0.481077 1
9 86 1 -0.224773 1
9 87 1 -1.44189 1
9 88 1 3.11906 1
9 89 1 4.8642 1
9 90 1 -0.705131 1
9 91 1 0.343013 1
9 92 1 -1.79317 1
9 93 1 -0.718608 1
9 94 1 -3.01688 1
9 95 1 1.02117 1
9 103 1 -2.6516 1
9 130 1 -0.93569 1
9 157 1 0.492596 1
157 79 1 0.106035 1
10 64 1 1.79672 1
10 65 1 0.991468 1
10 66 1 4.08281 1
10 67 1 -2.95103 1
10 68 1 3.57383 1
10 69 1 -0.655336 1
10 70 1 -0.231748 1
10 71 1 -0.842134 1
10 72 1 4.75895 1
10 73 1 3.41787 1
10 74 1 -0.048494 0
10 75 1 1.12693 1
10 76 1 3.37081 1
10 77 1 0.995973 1
10 78 1 -0.114741 1
10 79 1 -4.91833 1
10 80 1 -2.67056 1
10 81 1 4.28504 1
10 82 1 4.25238 1
10 83 1 1.53447 1
10 84 1 6.3051 1
10 85 1 2.5689 1
10 86 1 -2.97308 1
10 87 1 -2.12268 1
10 88 1 4.01908 1
10 89 1 1.73683 1
10 90 1 -1.31968 1
10 91 1 2.58573 1
10 92 1 -0.744329 1
10 93 1 -1.3597 1
10 94 1 5.35115 1
10 95 1 4.97513 0
10 124 1 2.78932 1
10 165 1 -0.324877 1
165 95 1 3.76754 1
124 74 1 -0.177058 1
124 12 1 3.13199 0
124 171 1 1.28392 1
171 12 1 2.45024 1
11 64 1 3.00459 1
11 65 1 2.22248 1
11 66 1 3.57852 1
11 67 1 -2.74491 1
11 68 1 2.72381 1
11 69 1 2.11241 1
11 70 1 3.66835 1
11 71 1 0.056082 1
11 72 1 -7.1247 1
11 73 1 0.472456 1
11 74 1 -0.428341 0
11 75 1 -2.39805 1
11 76 1 -1.85339 1
11 77 1 0.405321 1
11 78 1 -1.92411 1
11 79 1 -0.588059 1
11 80 1 -2.08378 1
11 81 1 1.22294 1
11 82 1 5.58468 0
11 83 1 3.20787 1
11 84 1 1.12882 1
11 85 1 -1.22787 1
11 86 1 -4.53925 1
11 87 1 0.638165 1
11 88 1 -6.64497 1
11 89 1 1.50741 1
11 90 1 1.20437 1
11 91 1 -1.47359 1
11 92 1 -0.922694 1
11 93 1 2.45725 1
11 94 1 -3.34851 1
11 95 1 -6.47777 1
11 120 1 -6.36016 1
11 109 1 -1.27512 1
11 154 1 1.59656 1
11 8 1 -1.06287 1
11 112 1 1.6006 1
154 82 1 4.28639 1
120 74 1 -3.14521 1
120 13 1 0.410744 0
120 150 1 3.75561 1
150 13 1 2.78042 0
150 163 1 2.30353 1
163 13 1 2.41045 1
12 64 1 -1.63826 1
12 65 1 -2.52965 0
12 66 1 0.536176 1
12 67 1 -3.49744 1
12 68 1 0.590067 1
12 69 1 2.20395 1
12 70 1 1.03502 1
12 71 1 -0.290687 1
12 72 1 3.1143 1
12 73 1 -3.2796 1
12 74 1 -2.71045 1
12 75 1 -0.334978 1
12 76 1 -1.51017 1
12 77 1 1.56359 1
12 78 1 -1.7257 1
12 79 1 -2.49791 1
12 80 1 -1.23652 1
12 81 1 -3.32865 1
12 82 1 4.49194 1
12 83 1 0.981007 1
12 84 1 2.38933 1
12 85 1 -1.26343 1
12 86 1 -3.47047 1
12 87 1 -2.92715 1
12 88 1 -1.54988 1
12 89 1 1.69691 1
12 90 1 -1.28805 1
12 91 1 -2.99563 1
12 92 1 3.35936 1
12 93 1 -2.43967 1
12 94 1 2.97515 1
12 95 1 -2.8105 1
12 17 1 1.27746 1
12 18 1 -0.926756 1
12 144 1 -2.01982 1
12 167 1 1.2334 1
12 11 1 -0.658123 1
167 65 1 -0.971994 1
13 64 1 -0.556371 1
13 65 1 -4.04448 1
13 66 1 -1.3839 1
13 67 1 0.552102 1
13 68 1 2.40592 1
13 69 1 -3.15428 1
13 70 1 0.657538 1
13 71 1 0.626003 1
13 72 1 0.260251 1
13 73 1 -0.994014 1
13 74 1 -0.455453 1
13 75 1 -1.52468 1
13 76 1 -0.642921 1
13 77 1 -2.28055 1
13 78 1 3.66173 1
13 79 1 2.92748 1
13 80 1 0.27669 1
13 81 1 1.18702 1
13 82 1 2.70413 1
13 83 1 4.43962 1
13 84 1 -3.71827 1
13 85 1 7.16532 1
13 86 1 5.42052 1
13 87 1 7.2857 1
13 88 1 3.26518 1
13 89 1 -0.101099 1
13 90 1 -3.50947 1
13 91 1 -5.34834 1
13 92 1 -2.58432 1
13 93 1 -2.04855 1
13 94 1 -0.273957 1
13 95 1 -3.3254 1
14 64 1 -0.451746 1
14 65 1 6.92899 1
14 66 1 0.715186 1
14 67 1 1.06083 1
14 68 1 -0.955814 1
14 69 1 1.62486 1
14 70 1 -1.18101 1
14 71 1 0.797776 1
14 72 1 3.94844 1
14 73 1 2.27475 1
14 74 1 0.314253 1
14 75 1 2.48806 1
14 76 1 -4.18814 1
14 77 1 0.0571086 1
14 78 1 -2.08179 1
14 79 1 -1.1451 1
14 80 1 -0.788703 1
14 81 1 0.888789 0
14 82 1 3.68062 1
14 83 1 0.861614 1
14 84 1 -0.571495 1
14 85 1 -1.05638 1
14 86 1 2.28128 1
14 87 1 -1.01384 1
14 88 1 -2.63203 1
14 89 1 1.30447 1
14 90 1 -0.952769 1
14 91 1 3.9224 1
14 92 1 4.24914 1
14 93 1 1.94862 1
14 94 1 5.53394 1
14 95 1 1.28055 1
14 104 1 -0.702457 1
14 119 1 1.60563 1
14 126 1 0.358316 1
119 81 1 4.88524 1
119 99 1 0.16939 1
15 64 1 -0.137926 1
15 65 1 3.05994 1
15 66 1 -3.23434 1
15 67 1 -0.789433 1
15 68 1 1.47299 1
15 69 1 -3.31775 1
15 70 1 6.99491 1
15 71 1 -2.38796 1
15 72 1 -1.92159 1
15 73 1 0.397133 1
15 74 1 0.700044 1
15 75 1 -0.360425 1
15 76 1 -0.219901 1
15 77 1 1.7211 1
15 78 1 -2.91874 1
15 79 1 0.514841 1
15 80 1 2.42832 1
15 81 1 0.0541356 1
15 82 1 -4.38107 1
15 83 1 0.762871 1
15 84 1 0.172965 1
15 85 1 -2.07531 1
15 86 1 1.16347 1
15 87 1 -6.20489 1
15 88 1 0.964121 1
15 89 1 3.3257 1
15 90 1 0.478703 1
15 91 1 -3.72261 1
15 92 1 1.69322 1
15 93 1 -1.46333 1
15 94 1 -0.55443 1
15 95 1 -0.735221 1
15 20 1 -2.30131 1
16 64 1 4.56243 1
16 65 1 -1.2248 1
16 66 1 -2.82611 1
16 67 1 -3.90558 1
16 68 1 0.219175 1
16 69 1 -0.895859 1
16 70 1 2.45432 1
16 71 1 5.31797 1
16 72 1 -1.54242 1
16 73 1 -2.19953 1
16 74 1 -0.255275 1
16 75 1 1.32623 1
16 76 1 2.57563 1
16 77 1 1.02396 1
16 78 1 -1.59789 1
16 79 1 -0.810419 0
16 80 1 1.23971 1
16 81 1 3.66216 1
16 82 1 -4.3254 1
16 83 1 1.7124 1
16 84 1 0.0653864 1
16 85 1 -1.13728 1
16 86 1 -0.125659 1
16 87 1 -0.554518 1
16 88 1 1.68074 1
16 89 1 1.16538 1
16 90 1 -3.61892 1
16 91 1 2.88749 1
16 92 1 3.05341 1
16 93 1 -2.82326 1
16 94 1 -0.929502 1
16 95 1 -2.99343 1
16 26 1 -1.76446 1
16 151 1 2.20662 1
151 79 1 -1.00989 1
17 64 1 -1.72047 1
17 65 1 0.540345 1
17 66 1 -0.141177 1
17 67 1 2.93291 1
17 68 1 0.503284 1
17 69 1 1.73764 1
17 70 1 1.16676 1
17 71 1 3.46334 1
17 72 1 -6.05584 0
17 73 1 2.62038 1
17 74 1 2.9086 1
17 75 1 -1.1346 1
17 76 1 -0.932446 1
17 77 1 2.05407 1
17 78 1 -1.59533 1
17 79 1 -3.66125 1
17 80 1 5.9568 1
17 81 1 3.06088 1
17 82 1 0.121188 1
17 83 1 -2.21747 1
17 84 1 -2.84063 1
17 85 1 1.59539 1
17 86 1 -0.463117 1
17 87 1 -3.31105 1
17 88 1 -6.80437 1
17 89 1 1.65914 1
17 90 1 -4.82894 1
17 91 1 4.98793 1
17 92 1 0.514386 1
17 93 1 3.40906 1
17 94 1 2.42917 1
17 95 1 1.49529 1
17 146 1 2.77635 1
146 72 1 -4.82166 1
146 30 1 -1.40593 1
18 64 1 2.91154 1
18 65 1 -3.5096 1
18 66 1 3.33567 1
18 67 1 2.48318 1
18 68 1 -2.3731 1
18 69 1 0.0698106 1
18 70 1 3.91198 1
18 71 1 -1.41651 1
18 72 1 0.997492 1
18 73 1 -0.533069 1
18 74 1 1.41911 1
18 75 1 -3.9164 1
18 76 1 3.90837 1
18 77 1 -0.766428 1
18 78 1 1.77251 1
18 79 1 2.11626 1
18 80 1 -7.50778 1
18 81 1 4.53974 1
18 82 1 -3.25673 1
18 83 1 3.96663 1
18 84 1 -3.87697 1
18 85 1 1.85332 1
18 86 1 5.90693 1
18 87 1 -3.42495 1
18 88 1 1.32373 1
18 89 1 -2.71219 1
18 90 1 -0.0898818 1
18 91 1 -0.522471 1
18 92 1 -2.92494 1
18 93 1 2.0706 1
18 94 1 -1.15189 1
18 95 1 0.458789 1
18 25 1 -0.345778 1
18 18 1 -0.288423 1
18 139 1 1.70177 1
19 64 1 6.12589 1
19 65 1 -1.01308 1
19 66 1 5.98655 1
19 67 1 -2.20323 1
19 68 1 -0.945397 1
19 69 1 2.64589 1
19 70 1 -0.182019 1
19 71 1 -0.0163662 1
19 72 1 3.92217 1
19 73 1 0.187747 1
19 74 1 -0.586417 1
19 75 1 1.39379 1
19 76 1 -4.94996 1
19 77 1 -1.06417 1
19 78 1 0.0351461 1
19 79 1 6.60468 1
19 80 1 -2.18687 1
19 81 1 -2.84335 1
19 82 1 0.632935 1
19 83 1 -3.68561 1
19 84 1 2.09783 1
19 85 1 2.82392 1
19 86 1 -1.11406 1
19 87 1 3.26699 1
19 88 1 0.162034 1
19 89 1 5.41536 1
19 90 1 -0.773646 1
19 91 1 -1.37587 1
19 92 1 -1.50338 1
19 93 1 -4.46363 1
19 94 1 -2.29806 1
19 95 1 -6.56526 1
20 64 1 1.07637 1
20 65 1 0.539988 1
20 66 1 -3.35713 1
20 67 1 1.05859 1
20 68 1 0.350118 1
20 69 1 1.28825 1
20 70 1 -3.25008 1
20 71 1 3.99319 1
20 72 1 -0.25199 1
20 73 1 2.12276 1
20 74 1 3.10455 1
20 75 1 3.10101 1
20 76 1 -0.30712 1
20 77 1 -2.8824 1
20 78 1 1.02149 1
20 79 1 1.7307 1
20 80 1 -0.570284 1
20 81 1 -0.0874633 1
20 82 1 3.13952 1
20 83 1 0.940937 1
20 84 1 3.93073 1
20 85 1 -4.61845 1
20 86 1 0.540115 1
20 87 1 -0.161434 1
20 88 1 0.514669 1
20 89 1 0.200299 1
20 90 1 2.76403 1
20 91 1 2.71846 0
20 92 1 1.57011 1
20 93 1 1.80686 0
20 94 1 3.15551 0
20 95 1 1.44049 1
20 96 1 -2.07878 1
20 98 1 2.54823 1
20 103 1 1.26359 1
20 109 1 -0.71335 1
103 91 1 1.71783 0
103 105 1 4.19965 1
103 112 1 -1.48459 0
103 123 1 -2.23508 1
103 140 1 -1.40556 1
140 112 1 2.97347 1
123 91 1 0.671484 1
123 113 1 0.0431861 0
123 136 1 0.444542 1
123 137 1 1.96228 1
136 113 1 -1.95297 1
136 6 1 0.42934 1
105 91 1 1.67122 0
105 129 1 0.340642 1
129 91 1 0.481313 0
129 135 1 3.80929 1
129 116 1 0.211401 1
135 91 1 -2.66258 1
98 93 1 2.72585 1
98 99 1 6.59875 1
98 15 1 0.503594 1
96 94 1 0.834844 1
96 20 1 -0.619311 0
96 155 1 1.34109 1
155 20 1 -2.19177 1
155 30 1 0.362753 1
21 64 1 4.21567 1
21 65 1 8.35188 1
21 66 1 -5.01455 1
21 67 1 -4.9127 1
21 68 1 -1.13193 1
21 69 1 0.956756 1
21 70 1 0.337327 1
21 71 1 -4.95241 1
21 72 1 -7.55127 1
21 73 1 -1.74207 1
21 74 1 -0.975137 1
21 75 1 1.79129 1
21 76 1 -1.74241 1
21 77 1 -2.42526 1
21 78 1 0.308825 1
21 79 1 -2.68679 1
21 80 1 0.919586 1
21 81 1 -2.48645 1
21 82 1 0.275488 1
21 83 1 -2.0792 1
21 84 1 8.07398 1
21 85 1 0.721006 1
21 86 1 0.774363 1
21 87 1 -0.522272 1
21 88 1 5.26295 1
21 89 1 0.964546 1
21 90 1 -0.459301 1
21 91 1 -0.643821 0
21 92 1 2.51837 1
21 93 1 1.58621 1
21 94 1 -2.82878 1
21 95 1 0.556839 1
21 143 1 4.08205 1
143 91 1 -1.42206 1
22 64 1 0.978856 1
22 65 1 -0.268574 1
22 66 1 1.02504 1
22 67 1 5.19208 1
22 68 1 -0.122796 1
22 69 1 -1.50476 1
22 70 1 -2.22469 1
22 71 1 0.516046 1
22 72 1 -3.18027 1
22 73 1 0.918047 1
22 74 1 -6.65398 1
22 75 1 -3.02323 1
22 76 1 0.396762 1
22 77 1 -0.584566 1
22 78 1 4.82967 1
22 79 1 4.57074 1
22 80 1 0.218394 1
22 81 1 -2.20154 1
22 82 1 0.986013 1
22 83 1 0.474976 1
22 84 1 -0.746288 1
22 85 1 3.85095 1
22 86 1 -0.561839 1
22 87 1 5.33688 1
22 88 1 -4.57559 1
22 89 1 -0.504 1
22 90 1 1.47988 1
22 91 1 1.6914 1
22 92 1 0.513689 1
22 93 1 3.27767 1
22 94 1 5.97397 1
22 95 1 1.44545 1
23 64 1 -2.35643 1
23 65 1 1.80485 1
23 66 1 2.32753 1
23 67 1 2.70184 1
23 68 1 -3.17999 1
23 69 1 2.17079 1
23 70 1 4.34633 1
23 71 1 -4.32309 1
23 72 1 -1.64717 1
23 73 1 -1.18566 1
23 74 1 2.77551 1
23 75 1 2.51258 1
23 76 1 2.83474 1
23 77 1 3.80832 1
23 78 1 0.855237 1
23 79 1 -4.9167 1
23 80 1 1.35711 1
23 81 1 0.541547 1
23 82 1 -3.28267 1
23 83 1 0.297242 1
23 84 1 2.95227 1
23 85 1 -2.47713 1
23 86 1 -11.7252 1
23 87 1 -0.122132 1
23 88 1 2.32407 1
23 89 1 -2.33209 1
23 90 1 -5.85031 1
23 91 1 -2.17951 1
23 92 1 3.20235 1
23 93 1 2.59219 1
23 94 1 -3.77476 1
23 95 1 1.25288 1
23 107 1 -0.429966 1
23 27 1 0.195111 1
24 64 1 -2.00211 1
24 65 1 1.59405 1
24 66 1 -1.2584 1
24 67 1 5.51011 1
24 68 1 -5.47611 1
24 69 1 3.02398 0
24 70 1 1.56798 1
24 71 1 4.17361 1
24 72 1 0.359872 1
24 73 1 1.19242 1
24 74 1 1.61238 1
24 75 1 0.174709 1
24 76 1 -3.10331 1
24 77 1 0.390446 1
24 78 1 -6.73377 1
24 79 1 0.272134 1
24 80 1 5.14479 1
24 81 1 3.34916 1
24 82 1 -2.28756 1
24 83 1 -2.03859 1
24 84 1 -4.74889 1
24 85 1 -0.358113 1
24 86 1 -5.28384 1
24 87 1 4.06569 1
24 88 1 -1.14834 1
24 89 1 8.98093 1
24 90 1 3.66629 1
24 91 1 -3.82447 1
24 92 1 -0.363444 1
24 93 1 -0.954735 1
24 94 1 -0.219743 1
24 95 1 -4.02265 1
24 5 1 0.618224 1
24 168 1 -0.25096 1
168 69 1 4.35658 1
168 172 1 0.196582 1
25 64 1 -2.10801 1
25 65 1 1.06928 1
25 66 1 -2.16312 1
25 67 1 -2.50284 1
25 68 1 1.95664 1
25 69 1 -5.64027 1
25 70 1 1.27913 0
25 71 1 -2.23262 1
25 72 1 3.89123 1
25 73 1 3.1081 1
25 74 1 1.65842 1
25 75 1 -1.86323 1
25 76 1 1.20853 1
25 77 1 -0.857227 1
25 78 1 3.29453 1
25 79 1 0.947841 1
25 80 1 -1.23608 1
25 81 1 -1.3746 1
25 82 1 -1.67296 1
25 83 1 1.98997 1
25 84 1 -1.61358 1
25 85 1 -0.674916 1
25 86 1 4.53125 1
25 87 1 -0.353721 1
25 88 1 -0.915593 1
25 89 1 -0.43042 1
25 90 1 -3.65749 1
25 91 1 2.62575 1
25 92 1 3.48266 1
25 93 1 -0.564255 1
25 94 1 -2.49402 1
25 95 1 -3.10108 1
25 8 1 1.51431 1
25 6 1 -1.81897 1
25 121 1 -0.500897 1
121 70 1 6.88549 1
26 64 1 -2.82775 1
26 65 1 1.92123 1
26 66 1 -0.533142 1
26 67 1 2.01401 1
26 68 1 0.0100509 1
26 69 1 1.75115 1
26 70 1 -1.416 1
26 71 1 0.961817 1
26 72 1 -3.25581 1
26 73 1 0.296617 1
26 74 1 -9.23149 1
26 75 1 2.71537 1
26 76 1 1.40442 1
26 77 1 -4.70623 1
26 78 1 2.4685 1
26 79 1 -0.0153842 1
26 80 1 -2.17068 1
26 81 1 3.52863 1
26 82 1 1.77777 1
26 83 1 2.50986 1
26 84 1 -4.86347 1
26 85 1 0.602552 1
26 86 1 -4.00434 1
26 87 1 2.35367 1
26 88 1 -3.67121 1
26 89 1 0.919724 1
26 90 1 -3.45201 1
26 91 1 -2.87423 1
26 92 1 0.543591 1
26 93 1 -2.01633 1
26 94 1 1.99203 1
26 95 1 0.370945 1
26 23 1 4.56528 1
26 15 1 0.433732 1
26 161 1 -1.96988 1
27 64 1 -2.52343 1
27 65 1 4.06387 1
27 66 1 3.14527 1
27 67 1 -0.93364 1
27 68 1 1.8735 1
27 69 1 1.15618 1
27 70 1 5.52539 1
27 71 1 -5.12253 1
27 72 1 -0.0123259 1
27 73 1 1.42908 1
27 74 1 -3.47128 1
27 75 1 4.03826 1
27 76 1 -4.55545 1
27 77 1 0.551148 1
27 78 1 2.4576 1
27 79 1 1.20199 1
27 80 1 -0.926869 1
27 81 1 -2.09727 1
27 82 1 1.76423 1
27 83 1 1.11076 1
27 84 1 2.35014 1
27 85 1 -1.78011 1
27 86 1 -3.43082 1
27 87 1 -1.84404 1
27 88 1 -7.00558 1
27 89 1 -4.22421 1
27 90 1 4.19417 1
27 91 1 -2.96074 1
27 92 1 0.0304858 1
27 93 1 -0.206165 1
27 94 1 1.47017 1
27 95 1 -0.343198 1
27 9 1 2.90523 1
27 5 1 0.0418973 1
28 64 1 3.12263 1
28 65 1 -0.616538 1
28 66 1 -1.82013 1
28 67 1 4.5601 1
28 68 1 5.26954 1
28 69 1 0.937632 1
28 70 1 -1.89014 1
28 71 1 -0.315988 1
28 72 1 -7.86714 1
28 73 1 0.330458 1
28 74 1 -2.21808 1
28 75 1 2.27255 1
28 76 1 1.61835 1
28 77 1 2.29859 1
28 78 1 -3.53304 1
28 79 1 2.69053 1
28 80 1 2.07208 1
28 81 1 -1.21775 1
28 82 1 3.7052 1
28 83 1 1.71509 1
28 84 1 4.25321 1
28 85 1 -4.54766 1
28 86 1 -1.38294 1
28 87 1 0.922416 1
28 88 1 -4.74054 1
28 89 1 1.06769 1
28 90 1 -1.70232 1
28 91 1 -0.332652 1
28 92 1 5.24802 1
28 93 1 -1.49796 1
28 94 1 4.93399 1
28 95 1 -3.24521 1
29 64 1 -1.65907 1
29 65 1 1.95701 1
29 66 1 -0.475803 1
29 67 1 1.94844 1
29 68 1 -7.31402 1
29 69 1 1.21969 1
29 70 1 -3.09177 1
29 71 1 -0.341421 1
29 72 1 0.765133 1
29 73 1 -0.904942 1
29 74 1 -1.71837 1
29 75 1 -0.303053 1
29 76 1 0.211432 1
29 77 1 1.82476 1
29 78 1 -5.73529 1
29 79 1 -3.74105 1
29 80 1 3.03584 1
29 81 1 2.40654 1
29 82 1 1.40481 1
29 83 1 0.346003 1
29 84 1 0.31319 1
29 85 1 -1.62559 1
29 86 1 -2.62882 1
29 87 1 -2.34349 1
29 88 1 -2.05771 1
29 89 1 -3.59528 1
29 90 1 -0.935835 1
29 91 1 1.08883 1
29 92 1 2.24679 1
29 93 1 0.41779 1
29 94 1 -1.63151 1
29 95 1 1.76161 1
29 113 1 1.7302 1
30 64 1 -0.94322 1
30 65 1 5.91581 1
30 66 1 4.24974 1
30 67 1 -0.138107 1
30 68 1 -0.175972 1
30 69 1 1.53251 1
30 70 1 3.75198 1
30 71 1 -0.82928 1
30 72 1 -1.94084 1
30 73 1 3.97786 1
30 74 1 -1.13534 1
30 75 1 1.80237 1
30 76 1 2.29435 1
30 77 1 -1.67618 1
30 78 1 2.76074 1
30 79 1 4.78289 1
30 80 1 -2.60756 1
30 81 1 -0.821011 1
30 82 1 5.78961 1
30 83 1 2.17897 1
30 84 1 0.706753 1
30 85 1 -3.16713 1
30 86 1 -2.73188 1
30 87 1 -3.40904 1
30 88 1 0.648162 1
30 89 1 -2.47586 1
30 90 1 -0.393914 1
30 91 1 5.55414 1
30 92 1 -0.601862 1
30 93 1 2.53354 1
30 94 1 1.48962 1
30 95 1 -2.83317 1
30 28 1 0.567673 1
31 64 1 2.24123 1
31 65 1 -2.3701 1
31 66 1 -5.10409 1
31 67 1 7.63454 1
31 68 1 4.52342 1
31 69 1 0.494812 1
31 70 1 -0.871669 1
31 71 1 2.0494 1
31 72 1 -3.36235 1
31 73 1 -0.138182 1
31 74 1 3.52377 1
31 75 1 -0.0886492 1
31 76 1 -1.86171 1
31 77 1 1.07872 1
31 78 1 -4.60492 1
31 79 1 -0.034279 1
31 80 1 -1.20636 1
31 81 1 -1.47839 1
31 82 1 -1.24172 1
31 83 1 -1.16301 1
31 84 1 -3.90412 1
31 85 1 -4.28622 1
31 86 1 1.60033 1
31 87 1 -3.90479 0
31 88 1 2.26008 1
31 89 1 -0.645676 1
31 90 1 -1.34296 1
31 91 1 -3.92612 1
31 92 1 -0.0846946 1
31 93 1 -0.254566 1
31 94 1 2.49894 1
31 95 1 -0.322714 1
31 122 1 2.04889 1
31 10 1 -1.14135 1
31 117 1 -0.795662 1
122 87 1 -0.990343 1
32 64 1 7.16069 1
32 65 1 1.33619 1
32 66 1 -3.87189 1
32 67 1 2.32034 1
32 68 1 1.41102 1
32 69 1 4.22536 1
32 70 1 -0.707881 1
32 71 1 3.76109 1
32 72 1 -3.53765 1
32 73 1 1.41723 1
32 74 1 0.0483461 1
32 75 1 4.51879 1
32 76 1 0.370487 1
32 77 1 4.40771 1
32 78 1 0.990146 1
32 79 1 -0.656053 1
32 80 1 -0.220725 1
32 81 1 -0.340805 1
32 82 1 -2.36975 1
32 83 1 -2.05014 1
32 84 1 2.51136 1
32 85 1 -0.299244 1
32 86 1 0.221046 1
32 87 1 -1.56948 1
32 88 1 1.09783 1
32 89 1 -1.94128 1
32 90 1 2.99105 1
32 91 1 -4.44548 1
32 92 1 3.02676 1
32 93 1 2.27542 1
32 94 1 -0.336493 1
32 95 1 -1.69308 1
33 64 1 1.8323 1
33 65 1 -4.81765 1
33 66 1 -2.14108 1
33 67 1 -1.24864 1
33 68 1 -0.611615 1
33 69 1 -3.2955 1
33 70 1 2.86992 1
33 71 1 4.1319 1
33 72 1 2.69395 1
33 73 1 3.88604 1
33 74 1 0.624826 1
33 75 1 -6.77916 1
33 76 1 -4.11408 1
33 77 1 0.664801 1
33 78 1 -1.65781 1
33 79 1 -3.41971 1
33 80 1 0.236962 1
33 81 1 -2.18082 1
33 82 1 -1.36255 1
33 83 1 0.971153 1
33 84 1 -0.200376 1
33 85 1 1.55564 1
33 86 1 3.49774 1
33 87 1 2.37438 1
33 88 1 3.76712 1
33 89 1 4.1117 1
33 90 1 -2.78661 1
33 91 1 -1.0345 1
33 92 1 1.79171 1
33 93 1 3.45941 1
33 94 1 2.13079 1
33 95 1 0.675417 1
33 20 1 -1.62201 1
33 107 1 -0.788201 1
33 13 1 1.0297 1
33 113 1 -2.12931 1
34 64 1 -0.935559 1
34 65 1 -0.753562 1
34 66 1 2.61524 1
34 67 1 0.287451 1
34 68 1 -0.172376 1
34 69 1 -0.70676 1
34 70 1 -2.13196 1
34 71 1 -2.91909 1
34 72 1 -4.08097 1
34 73 1 -3.77936 1
34 74 1 2.723 1
34 75 1 6.94084 1
34 76 1 -1.18108 1
34 77 1 1.27484 1
34 78 1 -0.351875 1
34 79 1 0.305058 1
34 80 1 2.75936 1
34 81 1 -1.81967 1
34 82 1 1.81327 1
34 83 1 1.34239 1
34 84 1 0.0646886 1
34 85 1 -0.990704 1
34 86 1 -1.78524 1
34 87 1 -0.258125 1
34 88 1 0.534374 1
34 89 1 0.834901 1
34 90 1 -6.14947 1
34 91 1 3.6351 1
34 92 1 3.55161 1
34 93 1 -1.06527 1
34 94 1 3.14853 1
34 95 1 2.65491 1
34 113 1 -0.191578 1
35 64 1 1.19169 1
35 65 1 -1.48423 1
35 66 1 -0.452217 1
35 67 1 5.04861 1
35 68 1 2.84496 1
35 69 1 1.99018 1
35 70 1 3.20931 1
35 71 1 3.43924 1
35 72 1 3.12396 1
35 73 1 6.63308 1
35 74 1 0.945095 1
35 75 1 -2.0393 1
35 76 1 -3.62105 1
35 77 1 1.64916 1
35 78 1 -1.09331 1
35 79 1 3.1219 1
35 80 1 -7.03059 1
35 81 1 -1.13191 1
35 82 1 3.99875 0
35 83 1 -2.85358 1
35 84 1 7.07668 1
35 85 1 -4.37338 1
35 86 1 -1.98245 1
35 87 1 -2.65192 1
35 88 1 -0.586801 1
35 89 1 2.0897 0
35 90 1 -0.223307 1
35 91 1 -2.09542 1
35 92 1 -2.31574 1
35 93 1 -4.03224 1
35 94 1 0.229438 1
35 95 1 -0.306967 1
35 130 1 0.228717 1
35 133 1 6.51212 1
133 82 1 1.30626 1
130 89 1 1.24727 1
130 109 1 0.00178347 1
36 64 1 2.6116 1
36 65 1 2.72511 1
36 66 1 1.92404 1
36 67 1 -0.443943 1
36 68 1 -5.48823 1
36 69 1 -2.27701 1
36 70 1 -2.12021 1
36 71 1 1.52424 1
36 72 1 -2.72826 1
36 73 1 -0.515416 1
36 74 1 -1.09113 1
36 75 1 0.268224 1
36 76 1 0.448288 1
36 77 1 -5.56278 1
36 78 1 1.51112 1
36 79 1 4.68027 1
36 80 1 4.94922 1
36 81 1 0.139231 1
36 82 1 -0.46908 0
36 83 1 0.383869 1
36 84 1 3.51392 1
36 85 1 -2.29631 1
36 86 1 1.64483 1
36 87 1 0.477394 1
36 88 1 -2.52047 1
36 89 1 0.082175 1
36 90 1 -4.23892 1
36 91 1 1.10169 1
36 92 1 4.58593 1
36 93 1 2.3471 1
36 94 1 -2.42283 1
36 95 1 8.26955 1
36 109 1 -0.357441 0
36 24 1 -2.89831 1
36 117 1 2.35735 1
117 109 1 1.46138 1
117 4 1 0.810489 1
109 82 1 0.249864 1
109 31 1 1.9672 1
37 64 1 -4.84524 1
37 65 1 1.75081 1
37 66 1 -4.94305 1
37 67 1 -0.587911 1
37 68 1 -4.40784 1
37 69 1 3.51181 1
37 70 1 -5.53619 1
37 71 1 -1.50452 1
37 72 1 1.56 1
37 73 1 1.76978 1
37 74 1 -0.303116 1
37 75 1 -0.29033 1
37 76 1 1.7365 0
37 77 1 4.48709 1
37 78 1 -0.039355 1
37 79 1 1.35385 1
37 80 1 0.55667 1
37 81 1 2.4877 1
37 82 1 2.48462 1
37 83 1 2.98819 1
37 84 1 -4.95312 1
37 85 1 2.64563 1
37 86 1 -0.918652 1
37 87 1 -0.105336 1
37 88 1 -1.45957 1
37 89 1 -3.63337 1
37 90 1 -1.83658 1
37 91 1 0.780396 1
37 92 1 3.09387 1
37 93 1 -0.162239 1
37 94 1 -1.11059 1
37 95 1 1.19051 1
37 142 1 1.17652 1
37 160 1 0.344479 1
142 76 1 -0.419963 1
142 147 1 -0.695248 1
142 6 1 0.0739119 1
38 64 1 1.25614 1
38 65 1 -2.34958 1
38 66 1 -1.64889 1
38 67 1 -2.92979 1
38 68 1 -0.644733 1
38 69 1 -5.64496 1
38 70 1 0.378286 1
38 71 1 -0.0433809 1
38 72 1 2.15991 1
38 73 1 2.19383 1
38 74 1 -1.01823 1
38 75 1 4.62428 1
38 76 1 2.95156 1
38 77 1 -1.93456 1
38 78 1 0.553976 1
38 79 1 -0.853407 1
38 80 1 -0.861398 1
38 81 1 -2.95067 1
38 82 1 2.76989 1
38 83 1 -2.41147 1
38 84 1 -1.19377 1
38 85 1 -2.10549 1
38 86 1 -0.750789 1
38 87 1 1.46082 0
38 88 1 1.85517 1
38 89 1 4.75632 1
38 90 1 -1.3702 1
38 91 1 2.32205 1
38 92 1 3.15852 0
38 93 1 -0.988066 1
38 94 1 0.260564 1
38 95 1 -1.79641 1
38 148 1 3.63683 1
38 162 1 -0.17423 1
162 87 1 0.537443 1
148 92 1 2.54302 1
39 64 1 2.02307 1
39 65 1 -2.22322 1
39 66 1 0.732203 1
39 67 1 -1.5412 1
39 68 1 2.15513 1
39 69 1 -0.657839 1
39 70 1 0.242195 1
39 71 1 -2.02096 1
39 72 1 -3.12743 1
39 73 1 -4.05293 1
39 74 1 1.03031 1
39 75 1 3.64956 0
39 76 1 5.18423 0
39 77 1 0.428972 1
39 78 1 -2.96237 1
39 79 1 -3.74499 1
39 80 1 -0.62248 1
39 81 1 -3.27198 1
39 82 1 -3.47532 1
39 83 1 -2.44406 1
39 84 1 -3.24268 1
39 85 1 0.136355 1
39 86 1 0.520503 1
39 87 1 0.570503 1
39 88 1 -0.995898 1
39 89 1 0.12367 1
39 90 1 4.12502 1
39 91 1 1.13912 1
39 92 1 5.01545 1
39 93 1 1.47682 1
39 94 1 -4.37262 1
39 95 1 -0.978109 1
39 2 1 -3.81338 1
39 112 1 3.94558 1
39 13 1 -0.612424 1
39 104 1 -0.31749 1
39 172 1 2.22286 1
172 76 1 4.95759 1
172 28 1 0.800883 1
112 75 1 -2.6832 1
112 138 1 -1.0615 1
112 153 1 -0.0894005 0
112 170 1 0.381335 1
112 113 1 0.84223 1
170 153 1 -1.68626 1
170 126 1 1.40604 1
40 64 1 -5.29969 1
40 65 1 -0.589643 1
40 66 1 2.74652 1
40 67 1 0.517981 1
40 68 1 1.0678 1
40 69 1 2.55715 1
40 70 1 -2.23136 1
40 71 1 2.12424 1
40 72 1 2.32464 1
40 73 1 1.44383 1
40 74 1 -2.26887 1
40 75 1 1.57938 1
40 76 1 -2.80667 1
40 77 1 3.35994 1
40 78 1 3.83499 1
40 79 1 -0.585869 1
40 80 1 2.62691 1
40 81 1 1.12996 1
40 82 1 1.07656 1
40 83 1 -4.33711 1
40 84 1 -2.18831 1
40 85 1 -0.0700726 1
40 86 1 2.81556 1
40 87 1 -0.168262 1
40 88 1 1.43982 1
40 89 1 -1.08569 1
40 90 1 -1.22631 1
40 91 1 -1.32497 1
40 92 1 -4.02427 1
40 93 1 0.679649 1
40 94 1 -0.438505 1
40 95 1 3.84483 1
40 2 1 0.301394 1
40 134 1 2.14669 1
41 64 1 3.91862 1
41 65 1 -0.427187 1
41 66 1 1.15894 1
41 67 1 1.3643 1
41 68 1 3.0824 1
41 69 1 -1.02232 1
41 70 1 0.80004 1
41 71 1 -0.346896 1
41 72 1 3.55319 1
41 73 1 -6.00044 1
41 74 1 0.736519 1
41 75 1 3.99177 1
41 76 1 -5.58835 1
41 77 1 0.125469 1
41 78 1 -4.83619 1
41 79 1 1.74365 1
41 80 1 1.35004 1
41 81 1 4.48214 1
41 82 1 -1.47987 1
41 83 1 2.43698 1
41 84 1 -1.97596 1
41 85 1 -0.00592976 1
41 86 1 1.19034 1
41 87 1 1.92645 1
41 88 1 2.91792 1
41 89 1 0.177372 1
41 90 1 -1.44188 1
41 91 1 1.50175 1
41 92 1 0.776237 1
41 93 1 -0.0356929 1
41 94 1 -2.17627 1
41 95 1 1.16422 1
41 11 1 1.53568 1
41 29 1 -3.22539 1
41 97 1 -1.37721 1
42 64 1 1.78947 1
42 65 1 -0.47774 1
42 66 1 -1.17237 1
42 67 1 2.69947 1
42 68 1 -2.10858 1
42 69 1 1.3844 1
42 70 1 -0.481841 1
42 71 1 -0.882747 1
42 72 1 -1.24392 1
42 73 1 -1.64985 1
42 74 1 3.77707 1
42 75 1 -3.4309 1
42 76 1 -4.02172 1
42 77 1 0.52713 1
42 78 1 -1.29745 1
42 79 1 2.31948 1
42 80 1 -1.12094 1
42 81 1 2.81653 1
42 82 1 4.20745 1
42 83 1 2.78434 1
42 84 1 1.03367 1
42 85 1 -0.976227 1
42 86 1 1.14095 1
42 87 1 -1.84764 1
42 88 1 -2.10158 1
42 89 1 -1.13789 1
42 90 1 2.98231 1
42 91 1 1.55359 1
42 92 1 0.995008 1
42 93 1 2.17794 1
42 94 1 -3.86108 1
42 95 1 0.144339 1
43 64 1 1.85075 1
43 65 1 -2.25756 1
43 66 1 3.74961 1
43 67 1 1.66526 1
43 68 1 0.810473 1
43 69 1 -2.11402 1
43 70 1 1.19283 1
43 71 1 -4.18262 1
43 72 1 0.62911 1
43 73 1 -7.16743 1
43 74 1 2.39315 1
43 75 1 -2.45009 1
43 76 1 -2.4418 1
43 77 1 1.52565 1
43 78 1 2.05307 1
43 79 1 -3.27778 1
43 80 1 0.430153 1
43 81 1 1.9823 1
43 82 1 2.612 1
43 83 1 -2.38833 1
43 84 1 -1.81791 1
43 85 1 2.75397 1
43 86 1 1.97478 1
43 87 1 5.86805 1
43 88 1 2.08523 1
43 89 1 2.6522 1
43 90 1 -0.0814848 1
43 91 1 -3.83426 1
43 92 1 3.16483 1
43 93 1 2.30422 1
43 94 1 -2.19226 1
43 95 1 1.649 1
44 64 1 0.0016746 1
44 65 1 -4.61904 1
44 66 1 -1.28094 1
44 67 1 -2.42734 1
44 68 1 0.729449 1
44 69 1 -2.23068 1
44 70 1 3.18334 1
44 71 1 2.77288 1
44 72 1 -2.57049 1
44 73 1 3.10635 1
44 74 1 -1.4398 1
44 75 1 -4.30197 1
44 76 1 -0.257513 1
44 77 1 3.12267 1
44 78 1 2.78424 1
44 79 1 0.638302 1
44 80 1 4.21439 1
44 81 1 -2.32483 1
44 82 1 1.44862 1
44 83 1 -1.07613 1
44 84 1 0.448818 1
44 85 1 -0.860481 1
44 86 1 3.28945 1
44 87 1 -0.336675 1
44 88 1 0.640652 1
44 89 1 1.89319 1
44 90 1 2.04107 1
44 91 1 2.64638 1
44 92 1 -2.11995 1
44 93 1 2.98337 1
44 94 1 -2.96148 1
44 95 1 -2.61518 1
44 8 1 -1.93792 1
44 29 1 1.65961 1
45 64 1 -0.85103 1
45 65 1 0.0550206 1
45 66 1 -0.315361 1
45 67 1 3.27071 1
45 68 1 0.262358 1
45 69 1 -6.42975 1
45 70 1 -3.49148 1
45 71 1 1.03692 1
45 72 1 -4.28006 1
45 73 1 3.61037 1
45 74 1 4.75311 1
45 75 1 2.99536 1
45 76 1 -2.35389 1
45 77 1 -0.917462 1
45 78 1 -3.33827 1
45 79 1 3.4773 1
45 80 1 -1.98201 1
45 81 1 1.66161 1
45 82 1 -0.247462 1
45 83 1 -4.8923 1
45 84 1 0.0996527 1
45 85 1 -3.09408 1
45 86 1 0.819751 1
45 87 1 0.581566 1
45 88 1 2.89563 1
45 89 1 -3.08708 1
45 90 1 -0.371753 1
45 91 1 4.38995 1
45 92 1 -4.10746 1
45 93 1 -7.51441 1
45 94 1 1.62584 1
45 95 1 -5.35863 1
45 9 1 5.55358 1
45 20 1 0.682235 1
45 17 1 -0.723228 1
46 64 1 0.175634 1
46 65 1 -0.375332 1
46 66 1 2.62654 1
46 67 1 1.97491 1
46 68 1 -5.19082 1
46 69 1 -0.996386 1
46 70 1 0.677791 1
46 71 1 -2.29653 1
46 72 1 4.31367 1
46 73 1 -4.19919 1
46 74 1 -1.16485 1
46 75 1 -1.97304 1
46 76 1 -6.01076 1
46 77 1 5.3847 1
46 78 1 -0.165126 1
46 79 1 -1.56152 1
46 80 1 2.61494 1
46 81 1 2.63056 1
46 82 1 -0.968452 1
46 83 1 2.49309 1
46 84 1 -0.391682 1
46 85 1 2.6657 1
46 86 1 -1.79937 1
46 87 1 5.31381 1
46 88 1 0.851081 1
46 89 1 -5.00698 1
46 90 1 -3.57173 1
46 91 1 -0.216961 1
46 92 1 -0.729537 1
46 93 1 -1.83616 1
46 94 1 1.1602 1
46 95 1 -1.10951 1
46 24 1 1.5857 1
47 64 1 0.891193 1
47 65 1 0.441411 1
47 66 1 -1.16452 1
47 67 1 2.13763 1
47 68 1 -0.141789 1
47 69 1 2.42869 1
47 70 1 -2.74673 1
47 71 1 0.0395676 1
47 72 1 0.529142 1
47 73 1 6.41407 0
47 74 1 -2.1932 1
47 75 1 -0.66663 1
47 76 1 -2.88385 1
47 77 1 -7.47615 1
47 78 1 -2.92799 1
47 79 1 0.364935 1
47 80 1 4.68285 1
47 81 1 -3.37264 1
47 82 1 2.35879 1
47 83 1 0.847357 1
47 84 1 -4.5802 1
47 85 1 -0.452968 1
47 86 1 -2.40462 1
47 87 1 6.09432 1
47 88 1 4.91521 1
47 89 1 1.02889 1
47 90 1 5.02759 1
47 91 1 1.06782 1
47 92 1 0.452902 1
47 93 1 0.970791 1
47 94 1 3.24465 1
47 95 1 -1.0977 1
47 4 1 0.539409 1
47 137 1 2.21596 1
137 73 1 3.53607 0
137 156 1 0.368064 1
156 73 1 2.6437 1
156 15 1 -0.581795 1
48 64 1 -0.339574 1
48 65 1 0.149446 1
48 66 1 3.71543 1
48 67 1 -3.09549 1
48 68 1 -5.80625 1
48 69 1 -4.98071 1
48 70 1 0.796463 1
48 71 1 1.29068 1
48 72 1 -7.48033 1
48 73 1 4.22226 1
48 74 1 5.39066 1
48 75 1 -4.81524 1
48 76 1 -1.00685 1
48 77 1 -0.696297 1
48 78 1 -0.882284 1
48 79 1 2.7271 1
48 80 1 -1.20251 1
48 81 1 -3.60107 1
48 82 1 -0.306907 1
48 83 1 0.522893 1
48 84 1 1.21438 1
48 85 1 -0.411479 1
48 86 1 -1.27635 1
48 87 1 0.417716 1
48 88 1 -0.888631 1
48 89 1 -1.31886 1
48 90 1 3.08648 1
48 91 1 -0.234685 1
48 92 1 -5.6593 1
48 93 1 1.15104 1
48 94 1 6.37866 1
48 95 1 2.462 1
48 16 1 0.563704 1
48 12 1 1.27365 1
48 14 1 -1.89041 1
48 30 1 1.48893 1
49 64 1 -0.716734 1
49 65 1 -4.24769 1
49 66 1 0.806612 1
49 67 1 -1.13292 1
49 68 1 -3.90698 1
49 69 1 0.82715 1
49 70 1 -0.4955 1
49 71 1 -2.79137 1
49 72 1 -2.51241 1
49 73 1 1.08735 1
49 74 1 2.80612 1
49 75 1 1.01899 1
49 76 1 -7.19674 1
49 77 1 -4.79666 1
49 78 1 -0.175588 0
49 79 1 3.33671 1
49 80 1 5.08314 1
49 81 1 -3.88433 1
49 82 1 0.976375 1
49 83 1 -0.793119 1
49 84 1 2.25278 1
49 85 1 -1.30688 1
49 86 1 -3.05899 1
49 87 1 -2.62279 1
49 88 1 1.70564 1
49 89 1 2.59616 1
49 90 1 -2.00551 1
49 91 1 2.93661 1
49 92 1 2.8991 1
49 93 1 1.95247 1
49 94 1 1.05337 1
49 95 1 4.35424 1
49 19 1 -1.05613 1
49 31 1 -0.61196 1
49 15 1 -2.63868 1
49 158 1 0.931012 1
49 26 1 0.15718 1
49 144 1 -3.1684 1
158 78 1 -1.06173 1
50 64 1 -5.08644 1
50 65 1 -2.92026 1
50 66 1 1.15032 1
50 67 1 -1.40381 1
50 68 1 2.00848 1
50 69 1 -1.63682 1
50 70 1 0.134381 1
50 71 1 5.62868 1
50 72 1 -3.37142 1
50 73 1 4.05258 1
50 74 1 -2.09375 1
50 75 1 1.47666 1
50 76 1 -0.826451 1
50 77 1 -1.07962 1
50 78 1 1.48211 1
50 79 1 -0.546297 1
50 80 1 2.51058 1
50 81 1 -0.204462 1
50 82 1 -2.77995 1
50 83 1 3.06751 1
50 84 1 0.275726 1
50 85 1 3.61965 1
50 86 1 3.59862 1
50 87 1 -2.70121 1
50 88 1 -2.30369 1
50 89 1 0.524938 1
50 90 1 0.566179 1
50 91 1 -0.214943 1
50 92 1 -0.470701 1
50 93 1 -3.11814 1
50 94 1 -2.02226 1
50 95 1 0.646006 1
50 4 1 5.70439 1
50 22 1 0.113386 1
51 64 1 -1.83378 1
51 65 1 3.57433 1
51 66 1 3.74995 1
51 67 1 -2.51671 1
51 68 1 -0.462976 1
51 69 1 -0.423763 1
51 70 1 0.702199 1
51 71 1 5.28622 1
51 72 1 -4.7437 1
51 73 1 -1.60707 0
51 74 1 -3.19975 1
51 75 1 4.21821 1
51 76 1 -2.87101 1
51 77 1 3.77425 1
51 78 1 4.86805 1
51 79 1 -1.83991 1
51 80 1 0.817344 1
51 81 1 -2.74879 1
51 82 1 -0.211836 1
51 83 1 4.82916 1
51 84 1 -1.74067 1
51 85 1 -0.0876166 1
51 86 1 -1.18333 1
51 87 1 2.22313 1
51 88 1 0.108703 1
51 89 1 -0.563224 1
51 90 1 -0.147788 1
51 91 1 -2.06708 1
51 92 1 2.86716 1
51 93 1 4.83442 1
51 94 1 -4.90077 1
51 95 1 -3.418 1
51 116 1 1.35137 1
51 12 1 -1.30537 1
116 73 1 -0.33605 0
116 134 1 2.93376 1
134 73 1 4.09451 1
134 128 1 2.66378 1
52 64 1 -3.16922 1
52 65 1 4.12134 1
52 66 1 0.0521855 1
52 67 1 1.51134 1
52 68 1 1.22204 1
52 69 1 6.16806 1
52 70 1 4.28086 1
52 71 1 -1.35865 1
52 72 1 -1.46065 1
52 73 1 2.64351 1
52 74 1 3.9969 1
52 75 1 2.24921 1
52 76 1 -4.64881 1
52 77 1 0.662729 1
52 78 1 3.18802 1
52 79 1 -2.96206 1
52 80 1 -0.433389 1
52 81 1 -0.87867 1
52 82 1 -1.63859 1
52 83 1 -0.707152 1
52 84 1 -1.0678 1
52 85 1 -0.0352059 1
52 86 1 -7.00995 1
52 87 1 0.900795 1
52 88 1 1.25954 1
52 89 1 0.868755 1
52 90 1 -0.55174 1
52 91 1 -0.407238 1
52 92 1 0.599052 1
52 93 1 -4.04321 0
52 94 1 3.41099 1
52 95 1 1.67712 1
52 115 1 0.942528 1
52 139 1 1.37764 1
52 23 1 -0.78944 1
139 93 1 -0.979208 1
53 64 1 -2.77277 1
53 65 1 0.293456 1
53 66 1 -1.59103 1
53 67 1 -2.03032 1
53 68 1 -0.258995 1
53 69 1 1.34595 1
53 70 1 0.906916 0
53 71 1 0.482655 1
53 72 1 -1.34221 1
53 73 1 -0.0821325 1
53 74 1 0.41088 1
53 75 1 -3.71346 1
53 76 1 0.017416 1
53 77 1 1.65377 1
53 78 1 0.028922 1
53 79 1 0.916879 1
53 80 1 1.09524 1
53 81 1 2.52783 1
53 82 1 2.43317 1
53 83 1 -1.38252 1
53 84 1 0.720437 1
53 85 1 2.85732 1
53 86 1 1.2759 1
53 87 1 -0.744017 1
53 88 1 0.119259 1
53 89 1 0.0720159 1
53 90 1 -3.68329 1
53 91 1 0.398582 1
53 92 1 2.05945 1
53 93 1 -2.01145 1
53 94 1 -0.257909 1
53 95 1 -3.10528 1
53 20 1 5.25753 1
53 23 1 -0.824212 1
53 149 1 -1.19788 1
149 70 1 -2.33325 0
149 153 1 1.03285 1
149 126 1 -0.525858 1
153 70 1 0.387676 1
54 64 1 2.67987 1
54 65 1 0.220617 1
54 66 1 -1.64394 1
54 67 1 1.75874 1
54 68 1 5.69746 1
54 69 1 -2.79567 1
54 70 1 1.6987 1
54 71 1 5.10901 1
54 72 1 1.09953 1
54 73 1 0.54769 1
54 74 1 0.432274 1
54 75 1 -1.43784 1
54 76 1 -4.98309 1
54 77 1 1.5297 1
54 78 1 -2.68383 1
54 79 1 1.57457 1
54 80 1 0.880346 1
54 81 1 4.32147 1
54 82 1 -2.29031 1
54 83 1 4.54301 1
54 84 1 0.566419 1
54 85 1 -0.472311 1
54 86 1 -3.99151 1
54 87 1 -0.0227259 1
54 88 1 1.42353 1
54 89 1 5.1014 1
54 90 1 -2.91495 1
54 91 1 2.62288 1
54 92 1 -1.25034 1
54 93 1 3.20694 1
54 94 1 -4.27212 1
54 95 1 -2.37379 1
54 30 1 0.670361 1
54 144 1 2.20732 1
55 64 1 0.58068 1
55 65 1 -2.78377 1
55 66 1 -3.50573 1
55 67 1 -0.953185 1
55 68 1 0.841464 1
55 69 1 0.0143076 1
55 70 1 3.21264 1
55 71 1 -4.7808 1
55 72 1 2.95454 1
55 73 1 -0.831452 1
55 74 1 2.57236 1
55 75 1 -3.30605 1
55 76 1 -5.05463 1
55 77 1 1.02846 1
55 78 1 1.64318 1
55 79 1 4.69995 1
55 80 1 -0.666376 1
55 81 1 2.0228 1
55 82 1 -1.46247 1
55 83 1 1.31714 1
55 84 1 -0.158931 1
55 85 1 -6.69148 1
55 86 1 1.30863 1
55 87 1 -0.795757 1
55 88 1 -4.95393 1
55 89 1 1.74194 1
55 90 1 -1.00326 1
55 91 1 1.12007 1
55 92 1 8.82952 1
55 93 1 -3.86617 1
55 94 1 -3.43344 1
55 95 1 -2.72984 0
55 28 1 4.96827 1
55 114 1 0.430607 1
55 0 1 -3.72935 1
55 2 1 0.470434 1
114 95 1 -0.447794 1
56 64 1 4.35483 1
56 65 1 -9.01614 1
56 66 1 0.597351 1
56 67 1 -0.839032 1
56 68 1 3.13713 0
56 69 1 -2.3193 1
56 70 1 1.12301 1
56 71 1 2.21506 1
56 72 1 -2.24021 1
56 73 1 -1.16955 1
56 74 1 3.82876 1
56 75 1 4.53714 1
56 76 1 -2.6469 1
56 77 1 -2.12257 1
56 78 1 -3.23564 1
56 79 1 -0.4779 1
56 80 1 -1.13585 1
56 81 1 6.62162 1
56 82 1 2.59137 1
56 83 1 -1.01282 1
56 84 1 -2.25163 1
56 85 1 0.0163253 1
56 86 1 2.00855 1
56 87 1 1.26018 1
56 88 1 1.72333 1
56 89 1 0.747248 1
56 90 1 -0.546298 1
56 91 1 -0.410154 1
56 92 1 0.449938 1
56 93 1 2.82 1
56 94 1 -1.0911 1
56 95 1 -1.95936 1
56 3 1 -2.96967 1
56 126 1 4.42605 1
56 0 1 0.198823 1
126 68 1 2.78538 1
126 11 1 -3.52386 1
57 64 1 -4.25872 1
57 65 1 5.63989 1
57 66 1 -1.66226 1
57 67 1 -2.00404 1
57 68 1 0.326028 1
57 69 1 -1.20305 0
57 70 1 0.885587 1
57 71 1 3.66189 1
57 72 1 1.51955 1
57 73 1 -1.90164 1
57 74 1 1.54709 1
57 75 1 5.31678 1
57 76 1 4.78697 1
57 77 1 -4.55493 1
57 78 1 2.09317 1
57 79 1 -2.2212 1
57 80 1 2.52421 1
57 81 1 3.65329 1
57 82 1 3.96654 1
57 83 1 -2.27274 1
57 84 1 -0.11484 1
57 85 1 -3.48386 1
57 86 1 -1.80485 1
57 87 1 -0.0119546 1
57 88 1 2.39399 1
57 89 1 0.553127 1
57 90 1 0.761836 1
57 91 1 -3.32692 1
57 92 1 -3.48894 1
57 93 1 -2.39103 1
57 94 1 -2.83581 1
57 95 1 2.72693 1
57 104 1 4.94823 1
57 22 1 0.0603293 1
104 69 1 2.95111 1
104 1 1 2.06237 1
104 107 1 0.393706 1
58 64 1 7.44843 1
58 65 1 -1.87874 1
58 66 1 -1.54267 1
58 67 1 -0.126484 1
58 68 1 -3.88514 1
58 69 1 -1.92496 1
58 70 1 0.86734 1
58 71 1 2.90725 1
58 72 1 1.45005 1
58 73 1 -2.15575 1
58 74 1 1.05741 1
58 75 1 0.991858 1
58 76 1 1.91415 1
58 77 1 1.19263 1
58 78 1 -3.23815 1
58 79 1 -1.84465 0
58 80 1 -4.27234 1
58 81 1 2.89617 1
58 82 1 0.842354 1
58 83 1 0.0810807 1
58 84 1 -1.95057 1
58 85 1 0.458616 1
58 86 1 1.23126 1
58 87 1 -3.82126 1
58 88 1 -4.79724 1
58 89 1 -2.34701 1
58 90 1 -0.53833 1
58 91 1 -3.22731 1
58 92 1 2.31424 0
58 93 1 0.807583 1
58 94 1 -1.15102 1
58 95 1 2.99063 1
58 128 1 1.38708 1
58 115 1 -0.0402787 1
58 174 1 0.547278 1
174 92 1 1.92834 1
128 79 1 -0.561252 0
128 131 1 1.63933 1
131 79 1 1.9152 0
131 160 1 1.2228 1
160 79 1 3.65209 0
160 125 1 0.617951 1
160 173 1 0.945734 1
173 79 1 3.48771 1
59 64 1 -4.34746 1
59 65 1 1.82127 1
59 66 1 4.58364 1
59 67 1 -3.85429 1
59 68 1 2.94318 1
59 69 1 -3.28014 1
59 70 1 -2.65597 1
59 71 1 0.440311 1
59 72 1 0.37917 1
59 73 1 -0.626932 1
59 74 1 1.36471 1
59 75 1 -0.609229 1
59 76 1 2.35259 1
59 77 1 -0.0785105 0
59 78 1 2.01498 1
59 79 1 -2.72064 1
59 80 1 1.24202 1
59 81 1 1.84907 1
59 82 1 -4.75361 1
59 83 1 4.85673 1
59 84 1 -0.305153 1
59 85 1 -3.95369 1
59 86 1 -5.22825 1
59 87 1 0.988153 1
59 88 1 3.50991 1
59 89 1 0.758908 1
59 90 1 0.738142 1
59 91 1 -0.763768 1
59 92 1 1.40919 1
59 93 1 3.1664 1
59 94 1 -4.5037 1
59 95 1 2.0816 1
59 97 1 -0.517971 1
59 5 1 -5.70917 1
59 11 1 -2.16592 1
59 13 1 2.04794 1
97 77 1 -6.24024 1
97 22 1 0.583072 1
97 2 1 -6.51511 0
97 99 1 2.75225 1
97 7 1 3.92238 0
97 102 1 3.44336 1
97 17 1 2.78954 1
102 7 1 3.97707 1
99 2 1 0.932901 0
99 108 1 5.47913 1
99 15 1 3.50688 1
108 2 1 0.820103 0
108 125 1 5.88193 1
108 0 1 -0.902288 1
125 2 1 2.28209 1
60 64 1 0.483436 1
60 65 1 -1.23349 1
60 66 1 2.57073 1
60 67 1 -0.740826 1
60 68 1 2.33377 1
60 69 1 2.48952 1
60 70 1 -3.16101 1
60 71 1 0.883134 1
60 72 1 -0.57768 0
60 73 1 2.59453 1
60 74 1 1.47966 1
60 75 1 0.145342 1
60 76 1 -1.4197 1
60 77 1 5.33885 1
60 78 1 -3.36152 1
60 79 1 0.940166 1
60 80 1 -5.04936 1
60 81 1 -1.29859 1
60 82 1 -0.991129 1
60 83 1 2.03648 1
60 84 1 -4.10196 1
60 85 1 2.2205 1
60 86 1 3.71681 1
60 87 1 -1.27868 1
60 88 1 -4.8452 1
60 89 1 0.235976 1
60 90 1 -1.13627 1
60 91 1 0.628004 1
60 92 1 -0.106546 1
60 93 1 0.488518 1
60 94 1 -0.504226 1
60 95 1 0.22227 1
60 24 1 -1.17461 1
60 0 1 3.76986 1
60 115 1 2.18259 1
60 3 1 -1.43082 1
115 72 1 -0.898387 1
115 18 1 1.28509 1
115 14 1 1.21926 1
115 19 1 -0.842586 1
61 64 1 -0.918695 1
61 65 1 0.933708 1
61 66 1 2.37755 1
61 67 1 -0.746843 1
61 68 1 -5.42701 1
61 69 1 3.20157 1
61 70 1 2.07318 1
61 71 1 0.670302 1
61 72 1 -0.402562 1
61 73 1 -0.316171 1
61 74 1 4.13833 1
61 75 1 4.52758 1
61 76 1 2.18218 1
61 77 1 -1.84816 0
61 78 1 -3.77521 1
61 79 1 1.35707 1
61 80 1 -2.33433 1
61 81 1 -0.0760244 1
61 82 1 0.0103981 1
61 83 1 -0.482346 1
61 84 1 -3.25763 1
61 85 1 -1.31781 1
61 86 1 -0.711342 1
61 87 1 3.09072 1
61 88 1 -1.87339 1
61 89 1 0.401398 1
61 90 1 -1.57763 1
61 91 1 1.86143 1
61 92 1 -0.367788 1
61 93 1 -0.738024 1
61 94 1 0.713041 1
61 95 1 -1.29607 1
61 107 1 0.807577 1
61 113 1 -1.31113 1
61 14 1 -0.938119 1
107 77 1 -6.80591 0
107 113 1 -0.634817 1
107 14 1 -2.34357 1
107 20 1 0.972562 1
113 77 1 -1.96044 0
113 23 1 -1.65761 1
113 147 1 -0.0975841 1
113 159 1 1.08979 1
159 77 1 -2.42738 0
159 161 1 0.650321 1
161 77 1 -1.14398 1
62 64 1 -0.866972 1
62 65 1 -3.61345 1
62 66 1 2.81582 1
62 67 1 -0.130365 1
62 68 1 2.29071 1
62 69 1 -1.80213 1
62 70 1 -1.06997 1
62 71 1 -4.42603 1
62 72 1 3.92729 1
62 73 1 2.61796 1
62 74 1 2.51309 1
62 75 1 -1.68947 1
62 76 1 2.88821 1
62 77 1 -3.81909 1
62 78 1 -1.32195 1
62 79 1 -1.60749 1
62 80 1 0.998134 1
62 81 1 2.17679 1
62 82 1 -1.51322 1
62 83 1 4.62806 1
62 84 1 -1.95477 0
62 85 1 0.179816 1
62 86 1 3.30386 1
62 87 1 -1.74676 1
62 88 1 0.62813 1
62 89 1 -2.95299 1
62 90 1 -7.73263 1
62 91 1 0.519347 1
62 92 1 -0.949726 1
62 93 1 -0.690296 1
62 94 1 0.84964 1
62 95 1 -1.58662 1
62 5 1 0.575318 1
62 138 1 1.49011 0
62 152 1 1.30914 1
62 31 1 -0.770102 1
152 138 1 1.99108 1
138 84 1 -2.04315 1
63 64 1 3.31064 1
63 65 1 -0.923051 1
63 66 1 5.32739 1
63 67 1 -2.17138 1
63 68 1 1.50928 1
63 69 1 -4.45013 1
63 70 1 -2.40128 1
63 71 1 1.91368 1
63 72 1 -0.808851 1
63 73 1 2.4496 1
63 74 1 -8.07665 1
63 75 1 1.01915 1
63 76 1 -0.500973 0
63 77 1 0.561644 1
63 78 1 -0.135096 1
63 79 1 0.277252 1
63 80 1 3.11358 1
63 81 1 -2.87028 1
63 82 1 2.19842 1
63 83 1 -4.27496 1
63 84 1 -2.30571 1
63 85 1 -4.2768 1
63 86 1 6.26835 1
63 87 1 -2.89157 0
63 88 1 0.120098 1
63 89 1 -3.18702 1
63 90 1 -0.187365 1
63 91 1 -2.79852 1
63 92 1 0.973595 1
63 93 1 0.605534 1
63 94 1 0.407688 1
63 95 1 -1.82228 1
63 141 1 5.12728 1
63 144 1 0.89105 1
144 76 1 -0.692666 0
144 147 1 3.43262 1
147 76 1 -2.31442 1
147 9 1 -1.98975 1
141 87 1 -5.49061 1
141 10 1 1.05289 1
