178 64 32
2.06918 -2.75749 -4.43618 4.8463 -5.35766 4.32312 0.181948 4.40136 -1.32205 4.4988 1.93379 5.66798 -3.96067 -4.74611 -2.54431 -3.32795 2.21951 -0.598152 -0.289079 -1.64471 1.14765 0.301141 -0.439572 0.363412 -6.69382 -0.528004 3.40616 1.72935 -3.30839 -4.35517 -4.43432 -1.05768 -1.28659 0.461537 0.639653 3.37867 -4.38512 0.489314 -0.968754 -0.501926 -1.53591 1.12607 -2.50952 -3.75736 -4.98479 -3.1382 -5.3442 2.89787 -0.113429 3.63073 0.277466 -5.08638 -4.94928 0.227657 -0.542293 3.54096 -3.45163 2.04267 0.322493 -1.68413 2.46546 -3.93703 -2.30796 -2.75045 -6.0852 -2.9969 4.32445 2.40628 -3.30837 2.9946 -2.82232 -4.40672 -3.91784 -3.42284 2.42323 5.01606 -0.629424 -0.964558 -0.174461 -4.57895 1.25614 0.935512 -4.62287 0.850149 2.84305 1.32268 -3.76782 -0.477938 4.63676 1.25714 -1.68774 1.99069 -1.12934 -1.46961 1.29497 -0.45413 -1.12665 -1.32052 -1.97905 -1.34493 2.30593 -2.79876 -4.68608 -1.6733 -5.47988 1.63276 -1.35974 -2.90148 -1.68235 -1.42716 -3.16116 2.37928 3.07766 -5.71249 1.28145 -1.10633 -2.23879 0.480886 -0.307074 -1.2656 4.46758 -1.65849 -1.06069 -0.37904 0.732604 4.72857 0.637893 1.07419 0.631657 3.08164 0.200704 -0.669409 -2.77165 0.808913 -1.80401 -0.713165 -0.99082 -0.220138 -3.60364 -0.494805 2.81694 -3.04165 -0.73812 -3.19245 1.03549 2.00672 -0.0134382 -1.86146 1.73893 -3.43985 -1.88914 0.338932 1.48074 -1.29252 1.60746 -0.693704 0.72139 1.15573 0.900179 0.341275 0.754399 -0.366239 -0.0603452 1.04106 1.48006 0.0316459 1.54745 -0.0496337 0.915852 0.214329 -0.00545566 -0.103792 0.408457 0.432017 -0.662009 -0.137445 0.0152297 -0.242377 
0 64 1 -3.82508 1
0 65 1 1.41464 1
0 66 1 3.10831 1
0 67 1 -0.702599 1
0 68 1 -2.65779 1
0 69 1 2.40254 1
0 70 1 2.6856 1
0 71 1 1.49464 1
0 72 1 1.20988 1
0 73 1 -0.421912 1
0 74 1 -1.72186 1
0 75 1 1.35151 1
0 76 1 1.94781 1
0 77 1 1.48053 1
0 78 1 -1.11262 1
0 79 1 0.010401 1
0 80 1 3.00796 1
0 81 1 4.03286 1
0 82 1 5.0865 1
0 83 1 0.977677 1
0 84 1 -1.77528 1
0 85 1 5.91822 1
0 86 1 -1.5695 1
0 87 1 -3.83672 1
0 88 1 2.86647 1
0 89 1 3.6051 1
0 90 1 2.76838 1
0 91 1 6.00885 1
0 92 1 -3.5767 1
0 93 1 -2.26177 1
0 94 1 1.07708 1
0 95 1 0.25694 1
0 10 1 -3.71562 1
1 64 1 -0.725649 1
1 65 1 -4.94728 1
1 66 1 2.02775 1
1 67 1 -4.72552 1
1 68 1 6.07915 1
1 69 1 -2.56629 1
1 70 1 4.00236 1
1 71 1 -0.738957 1
1 72 1 -2.5968 1
1 73 1 -1.70088 1
1 74 1 -2.34974 1
1 75 1 3.65857 1
1 76 1 -1.91137 1
1 77 1 7.97371 1
1 78 1 -0.979626 1
1 79 1 -1.58089 1
1 80 1 -2.38503 1
1 81 1 1.28542 1
1 82 1 -0.524347 1
1 83 1 -6.12872 1
1 84 1 -4.13324 1
1 85 1 -1.63503 1
1 86 1 2.90047 1
1 87 1 -0.153754 1
1 88 1 -0.633561 1
1 89 1 4.02618 1
1 90 1 -0.448645 1
1 91 1 -1.98079 1
1 92 1 0.513346 1
1 93 1 1.35689 1
1 94 1 -2.02838 1
1 95 1 -6.26333 1
1 27 1 -0.235548 1
2 64 1 0.33338 1
2 65 1 -2.57054 1
2 66 1 -5.44936 1
2 67 1 -2.76415 1
2 68 1 -2.22744 1
2 69 1 -0.213488 1
2 70 1 -1.00559 1
2 71 1 3.02223 1
2 72 1 -1.75473 1
2 73 1 -1.56826 1
2 74 1 -4.71911 1
2 75 1 0.712475 1
2 76 1 -4.15346 1
2 77 1 -2.1928 1
2 78 1 -0.0338052 1
2 79 1 -2.88856 1
2 80 1 -5.79874 1
2 81 1 -6.24703 1
2 82 1 0.659784 1
2 83 1 -3.01492 1
2 84 1 -0.367809 1
2 85 1 3.46059 1
2 86 1 -1.02991 1
2 87 1 -0.783231 1
2 88 1 -0.879035 1
2 89 1 -4.77044 1
2 90 1 -4.38336 1
2 91 1 -1.53718 1
2 92 1 3.36641 1
2 93 1 -2.30631 1
2 94 1 2.62986 1
2 95 1 -1.71967 1
2 100 1 -0.379171 1
2 6 1 4.07606 1
2 110 1 -1.23687 1
3 64 1 -1.2939 1
3 65 1 -2.4594 1
3 66 1 0.207568 1
3 67 1 -0.172473 1
3 68 1 6.05984 1
3 69 1 -1.35058 1
3 70 1 -3.28963 1
3 71 1 0.199518 1
3 72 1 8.44328 1
3 73 1 -0.272542 1
3 74 1 -1.67318 1
3 75 1 3.25659 1
3 76 1 -0.718868 1
3 77 1 0.403785 1
3 78 1 -2.1089 1
3 79 1 0.496363 1
3 80 1 -4.32254 1
3 81 1 0.388949 1
3 82 1 5.41629 1
3 83 1 4.06819 1
3 84 1 0.096312 1
3 85 1 -4.97928 1
3 86 1 0.308619 1
3 87 1 3.97873 1
3 88 1 -3.01716 1
3 89 1 3.39158 1
3 90 1 0.752119 1
3 91 1 2.80787 1
3 92 1 2.34728 1
3 93 1 -2.12006 1
3 94 1 -1.98128 1
3 95 1 4.48068 0
3 110 1 2.41994 1
110 95 1 -1.23746 0
110 111 1 -0.785473 0
110 132 1 3.20395 1
110 152 1 -0.0132755 1
110 126 1 -0.805058 1
110 20 1 -0.372467 1
110 16 1 0.686153 1
132 111 1 1.46221 1
111 95 1 -0.152898 1
4 64 1 2.20262 1
4 65 1 -0.499021 1
4 66 1 0.385028 1
4 67 1 4.37805 1
4 68 1 -0.115305 1
4 69 1 3.04545 1
4 70 1 -0.278397 1
4 71 1 -0.661074 1
4 72 1 -2.23452 1
4 73 1 -2.23555 0
4 74 1 0.153932 1
4 75 1 -6.6927 0
4 76 1 0.642183 1
4 77 1 4.228 1
4 78 1 0.275795 1
4 79 1 0.798254 1
4 80 1 -6.27796 1
4 81 1 1.66877 1
4 82 1 1.07866 1
4 83 1 -1.92794 1
4 84 1 -1.39213 1
4 85 1 1.05586 1
4 86 1 1.08429 1
4 87 1 -2.10535 1
4 88 1 -2.42209 1
4 89 1 -1.871 1
4 90 1 3.44927 1
4 91 1 -2.70602 1
4 92 1 -2.37897 1
4 93 1 1.66299 0
4 94 1 -2.08159 1
4 95 1 3.42617 1
4 101 1 3.19455 1
4 17 1 5.63258 1
4 118 1 2.18339 1
4 145 1 1.17364 1
4 119 1 -0.509723 1
145 93 1 -0.145563 1
118 73 1 -5.44915 1
101 75 1 2.18083 1
5 64 1 -0.967297 1
5 65 1 6.8619 1
5 66 1 -2.0516 1
5 67 1 9.31646 1
5 68 1 2.46693 1
5 69 1 3.59637 1
5 70 1 0.294037 1
5 71 1 -0.836153 1
5 72 1 1.51771 1
5 73 1 -1.06699 1
5 74 1 -2.16075 1
5 75 1 3.59715 1
5 76 1 3.21466 1
5 77 1 1.69211 1
5 78 1 0.350112 1
5 79 1 0.669781 1
5 80 1 2.7506 1
5 81 1 -0.646277 1
5 82 1 -0.444196 1
5 83 1 5.28925 1
5 84 1 3.67338 1
5 85 1 3.6321 1
5 86 1 -0.233203 1
5 87 1 1.64284 1
5 88 1 0.99111 1
5 89 1 -4.4785 1
5 90 1 -2.92381 1
5 91 1 -0.594771 1
5 92 1 -1.66695 1
5 93 1 0.76251 1
5 94 1 -1.07204 1
5 95 1 0.0393645 1
5 28 1 2.42545 1
6 64 1 -0.26882 1
6 65 1 -2.01179 1
6 66 1 1.75491 1
6 67 1 3.78151 1
6 68 1 -3.81228 1
6 69 1 -2.44553 1
6 70 1 -5.01118 1
6 71 1 1.15237 1
6 72 1 2.52997 1
6 73 1 -3.30201 1
6 74 1 -4.82 1
6 75 1 2.20262 1
6 76 1 5.1738 1
6 77 1 -2.74657 1
6 78 1 0.0352527 1
6 79 1 -3.80934 1
6 80 1 2.96288 1
6 81 1 -1.15987 1
6 82 1 0.901929 1
6 83 1 2.09524 1
6 84 1 2.0142 1
6 85 1 -5.40798 1
6 86 1 -0.831452 1
6 87 1 5.8242 1
6 88 1 -1.77891 1
6 89 1 -0.937804 1
6 90 1 4.0744 1
6 91 1 -0.111672 1
6 92 1 4.36533 1
6 93 1 -4.29457 1
6 94 1 -1.98454 1
6 95 1 3.07695 1
6 26 1 1.79152 1
7 64 1 2.24316 1
7 65 1 1.86388 1
7 66 1 1.51702 1
7 67 1 -5.41418 1
7 68 1 -2.30937 1
7 69 1 -1.9701 1
7 70 1 6.46053 1
7 71 1 4.78147 1
7 72 1 3.4484 1
7 73 1 -0.484691 1
7 74 1 -1.71601 1
7 75 1 0.560568 0
7 76 1 1.23547 1
7 77 1 2.71828 1
7 78 1 2.47256 1
7 79 1 2.46762 1
7 80 1 -1.45522 1
7 81 1 2.32043 1
7 82 1 -5.15691 0
7 83 1 0.243457 0
7 84 1 -3.34646 1
7 85 1 3.4675 1
7 86 1 0.194259 1
7 87 1 4.57007 1
7 88 1 -1.85653 1
7 89 1 -1.94255 1
7 90 1 2.28271 1
7 91 1 -2.29853 1
7 92 1 1.07273 1
7 93 1 -2.25906 1
7 94 1 -0.337274 1
7 95 1 2.03733 1
7 100 1 0.782301 1
7 127 1 3.13226 1
7 164 1 1.03983 1
164 75 1 1.16341 1
127 82 1 -4.85136 0
127 169 1 -0.462898 1
127 150 1 0.56032 1
169 82 1 -4.29211 1
100 83 1 3.78731 0
100 24 1 -0.916585 0
100 106 1 4.6943 1
100 166 1 -0.0315429 1
166 83 1 3.07934 1
106 24 1 -7.85541 1
106 6 1 -2.95622 1
8 64 1 1.67608 1
8 65 1 -3.41156 1
8 66 1 -0.795352 1
8 67 1 -0.0900607 1
8 68 1 -2.31401 1
8 69 1 3.90013 1
8 70 1 1.48727 1
8 71 1 4.08196 1
8 72 1 4.1873 1
8 73 1 -3.16775 1
8 74 1 -1.84599 1
8 75 1 -2.36832 1
8 76 1 1.45135 1
8 77 1 4.29807 1
8 78 1 1.0807 1
8 79 1 -3.32601 1
8 80 1 1.65852 1
8 81 1 -3.98949 1
8 82 1 -1.60291 1
8 83 1 -3.93298 1
8 84 1 2.89512 1
8 85 1 8.06096 1
8 86 1 5.85416 1
8 87 1 3.66107 1
8 88 1 -0.351164 1
8 89 1 4.80667 1
8 90 1 1.43226 1
8 91 1 -0.791167 1
8 92 1 2.58766 1
8 93 1 4.72043 1
8 94 1 5.56249 1
8 95 1 -0.850979 1
8 17 1 0.424604 1
9 64 1 -3.49381 1
9 65 1 -2.20154 1
9 66 1 1.99545 1
9 67 1 -0.269178 1
9 68 1 -1.66351 1
9 69 1 -0.906423 1
9 70 1 -7.98144 1
9 71 1 -2.96351 1
9 72 1 3.4704 1
9 73 1 -0.491855 1
9 74 1 -0.558073 1
9 75 1 1.57191 1
9 76 1 4.57335 1
9 77 1 0.403604 1
9 78 1 2.4542 1
9 79 1 2.02058 0
9 80 1 -1.09464 1
9 81 1 1.45217 1
9 82 1 -2.04634 1
9 83 1 -2.86761 1
9 84 1 3.92579 1
9 85 1 1.20462 1
9 86 1 0.503705 1
9 87 1 -0.773593 1
9 88 1 2.89525 1
9 89 1 5.12419 1
9 90 1 -0.340272 1
9 91 1 0.300677 1
9 92 1 -1.60755 1
9 93 1 -0.808811 1
9 94 1 -3.84243 1
9 95 1 0.730907 1
9 103 1 -2.49961 1
9 130 1 -0.733712 1
9 157 1 0.00351371 1
157 79 1 0.663617 1
10 64 1 1.69017 1
10 65 1 0.607096 1
10 66 1 3.84333 1
10 67 1 -3.27504 1
10 68 1 4.16777 1
10 69 1 -0.738206 1
10 70 1 -0.513534 1
10 71 1 -0.684064 1
10 72 1 5.2444 1
10 73 1 3.73299 1
10 74 1 -0.610845 0
10 75 1 1.44609 1
10 76 1 3.37485 1
10 77 1 0.936267 1
10 78 1 0.342239 1
10 79 1 -4.44964 1
10 80 1 -3.02985 1
10 81 1 5.02713 1
10 82 1 3.67086 1
10 83 1 1.21407 1
10 84 1 6.26103 1
10 85 1 2.4352 1
10 86 1 -2.69816 1
10 87 1 -2.37811 1
10 88 1 3.50737 1
10 89 1 1.62615 1
10 90 1 -1.02126 1
10 91 1 2.20059 1
10 92 1 -0.935174 1
10 93 1 -0.769138 1
10 94 1 4.66919 1
10 95 1 4.42131 0
10 124 1 3.18937 1
10 165 1 -0.179445 1
165 95 1 3.98661 1
124 74 1 -0.310898 1
124 12 1 2.64788 0
124 171 1 1.38519 1
171 12 1 1.88975 1
11 64 1 3.02888 1
11 65 1 2.43219 1
11 66 1 4.2968 1
11 67 1 -2.93867 1
11 68 1 2.40719 1
11 69 1 1.67788 1
11 70 1 3.62526 1
11 71 1 0.345101 1
11 72 1 -7.3495 1
11 73 1 0.563263 1
11 74 1 0.0927281 0
11 75 1 -2.04278 1
11 76 1 -1.79657 1
11 77 1 0.681256 1
11 78 1 -1.48364 1
11 79 1 -0.424143 1
11 80 1 -1.94493 1
11 81 1 1.11185 1
11 82 1 5.35482 0
11 83 1 3.31661 1
11 84 1 1.64129 1
11 85 1 -1.39863 1
11 86 1 -4.28301 1
11 87 1 0.501325 1
11 88 1 -6.84189 1
11 89 1 1.19421 1
11 90 1 0.950026 1
11 91 1 -1.30062 1
11 92 1 -1.22175 1
11 93 1 2.8623 1
11 94 1 -3.75539 1
11 95 1 -6.11388 1
11 120 1 -6.64389 1
11 109 1 -0.459069 1
11 154 1 1.80038 1
11 8 1 -1.4298 1
11 112 1 1.61945 1
154 82 1 4.75165 1
120 74 1 -3.44457 1
120 13 1 0.140064 0
120 150 1 3.96175 1
150 13 1 2.5615 0
150 163 1 3.00033 1
163 13 1 2.08985 1
12 64 1 -1.66374 1
12 65 1 -2.59145 0
12 66 1 0.716082 1
12 67 1 -3.05683 1
12 68 1 1.05916 1
12 69 1 2.72922 1
12 70 1 0.74171 1
12 71 1 -1.47423 1
12 72 1 3.40276 1
12 73 1 -3.32867 1
12 74 1 -2.41345 1
12 75 1 -0.453808 1
12 76 1 -1.74702 1
12 77 1 2.29882 1
12 78 1 -1.83965 1
12 79 1 -2.87352 1
12 80 1 -1.73614 1
12 81 1 -2.71708 1
12 82 1 4.64689 1
12 83 1 1.03051 1
12 84 1 2.70631 1
12 85 1 -0.607262 1
12 86 1 -3.46897 1
12 87 1 -2.98777 1
12 88 1 -1.97519 1
12 89 1 2.05848 1
12 90 1 -0.930457 1
12 91 1 -2.76152 1
12 92 1 3.25265 1
12 93 1 -2.12364 1
12 94 1 2.68475 1
12 95 1 -3.13923 1
12 17 1 1.1084 1
12 18 1 0.150246 1
12 144 1 -1.98703 1
12 167 1 1.21099 1
12 11 1 -0.115003 1
167 65 1 -1.53538 1
13 64 1 -0.655571 1
13 65 1 -4.03339 1
13 66 1 -1.33585 1
13 67 1 0.696327 1
13 68 1 2.85209 1
13 69 1 -3.43856 1
13 70 1 1.18758 1
13 71 1 -0.0335778 1
13 72 1 0.582764 1
13 73 1 -0.607285 1
13 74 1 -0.321944 1
13 75 1 -1.69252 1
13 76 1 -1.02559 1
13 77 1 -1.9958 1
13 78 1 4.15019 1
13 79 1 3.39972 1
13 80 1 -0.221536 1
13 81 1 1.29289 1
13 82 1 2.93545 1
13 83 1 4.36974 1
13 84 1 -4.33256 1
13 85 1 7.31068 1
13 86 1 5.3432 1
13 87 1 7.16583 1
13 88 1 3.3662 1
13 89 1 -0.21778 1
13 90 1 -3.80667 1
13 91 1 -5.52907 1
13 92 1 -3.3015 1
13 93 1 -2.01671 1
13 94 1 -0.667704 1
13 95 1 -3.61528 1
14 64 1 -0.516253 1
14 65 1 6.35637 1
14 66 1 0.557416 1
14 67 1 1.45204 1
14 68 1 -0.952919 1
14 69 1 1.26808 1
14 70 1 -1.88739 1
14 71 1 0.929073 1
14 72 1 4.53179 1
14 73 1 2.06725 1
14 74 1 0.413084 1
14 75 1 2.97509 1
14 76 1 -4.39088 1
14 77 1 0.434334 1
14 78 1 -1.38928 1
14 79 1 -1.64386 1
14 80 1 -0.798521 1
14 81 1 1.04501 0
14 82 1 3.39257 1
14 83 1 0.209379 1
14 84 1 -0.811182 1
14 85 1 -1.56212 1
14 86 1 2.77873 1
14 87 1 -0.810836 1
14 88 1 -2.34491 1
14 89 1 1.07554 1
14 90 1 -0.939208 1
14 91 1 3.79471 1
14 92 1 4.32984 1
14 93 1 2.12071 1
14 94 1 5.1689 1
14 95 1 1.76663 1
14 104 1 -0.693507 1
14 119 1 1.35773 1
14 126 1 0.630324 1
119 81 1 4.87298 1
119 99 1 0.394476 1
15 64 1 0.511393 1
15 65 1 3.13445 1
15 66 1 -3.27227 1
15 67 1 -1.20983 1
15 68 1 1.02158 1
15 69 1 -3.71948 1
15 70 1 6.98082 1
15 71 1 -2.37039 1
15 72 1 -1.96052 1
15 73 1 0.344902 1
15 74 1 0.676085 1
15 75 1 -0.855643 1
15 76 1 0.0331123 1
15 77 1 1.74813 1
15 78 1 -2.90715 1
15 79 1 0.766818 1
15 80 1 3.31796 1
15 81 1 0.0790836 1
15 82 1 -4.02565 1
15 83 1 0.818731 1
15 84 1 0.298112 1
15 85 1 -2.6482 1
15 86 1 1.39534 1
15 87 1 -6.15642 1
15 88 1 0.103077 1
15 89 1 3.25306 1
15 90 1 -0.0348372 1
15 91 1 -3.80245 1
15 92 1 1.94034 1
15 93 1 -1.38152 1
15 94 1 -0.549019 1
15 95 1 -1.35032 1
15 20 1 -2.70922 1
16 64 1 4.1918 1
16 65 1 -1.03311 1
16 66 1 -2.5257 1
16 67 1 -4.35953 1
16 68 1 0.613151 1
16 69 1 -0.650837 1
16 70 1 2.50561 1
16 71 1 5.69034 1
16 72 1 -1.04262 1
16 73 1 -1.8028 1
16 74 1 0.00511612 1
16 75 1 1.12452 1
16 76 1 2.75289 1
16 77 1 1.43011 1
16 78 1 -2.28414 1
16 79 1 -0.87231 0
16 80 1 1.69541 1
16 81 1 3.42743 1
16 82 1 -4.00934 1
16 83 1 1.75479 1
16 84 1 -0.00030554 1
16 85 1 -1.30932 1
16 86 1 0.692634 1
16 87 1 -0.731283 1
16 88 1 1.23635 1
16 89 1 1.06935 1
16 90 1 -3.77013 1
16 91 1 3.01515 1
16 92 1 2.94853 1
16 93 1 -2.75441 1
16 94 1 -1.03911 1
16 95 1 -3.35082 1
16 26 1 -2.31661 1
16 151 1 2.83146 1
151 79 1 -0.839399 1
17 64 1 -1.68905 1
17 65 1 0.553003 1
17 66 1 -0.194948 1
17 67 1 2.97921 1
17 68 1 0.589066 1
17 69 1 0.925137 1
17 70 1 0.360554 1
17 71 1 3.71051 1
17 72 1 -6.13726 0
17 73 1 1.78345 1
17 74 1 2.97975 1
17 75 1 -1.42203 1
17 76 1 -0.832987 1
17 77 1 2.43986 1
17 78 1 -1.76984 1
17 79 1 -3.81141 1
17 80 1 6.39404 1
17 81 1 2.79401 1
17 82 1 0.68931 1
17 83 1 -2.35366 1
17 84 1 -2.11734 1
17 85 1 1.72528 1
17 86 1 -1.03406 1
17 87 1 -2.86656 1
17 88 1 -7.15386 1
17 89 1 1.92854 1
17 90 1 -4.21472 1
17 91 1 4.87967 1
17 92 1 0.366974 1
17 93 1 2.76718 1
17 94 1 2.79665 1
17 95 1 1.27345 1
17 146 1 2.60349 1
146 72 1 -4.61173 0
146 30 1 -1.26326 1
146 177 1 0.950553 1
177 72 1 -4.53093 1
18 64 1 2.98407 1
18 65 1 -3.53277 1
18 66 1 3.60007 1
18 67 1 2.53218 1
18 68 1 -2.48 1
18 69 1 0.325893 1
18 70 1 3.77327 1
18 71 1 -1.4465 1
18 72 1 0.628995 1
18 73 1 -0.518794 1
18 74 1 1.6802 1
18 75 1 -3.42002 1
18 76 1 3.33918 1
18 77 1 -1.05167 1
18 78 1 1.69604 1
18 79 1 2.15036 1
18 80 1 -7.17526 1
18 81 1 4.50362 1
18 82 1 -3.59379 1
18 83 1 4.21106 1
18 84 1 -4.10606 1
18 85 1 2.2122 1
18 86 1 6.01769 1
18 87 1 -3.7376 1
18 88 1 1.44536 1
18 89 1 -3.1047 1
18 90 1 -0.160106 1
18 91 1 -0.779752 1
18 92 1 -3.06113 1
18 93 1 2.33222 1
18 94 1 -1.40897 1
18 95 1 0.490702 1
18 25 1 -0.638343 1
18 18 1 -0.619664 1
18 139 1 2.02545 1
19 64 1 5.59459 1
19 65 1 -0.738308 1
19 66 1 6.09668 1
19 67 1 -1.7437 1
19 68 1 -1.20457 1
19 69 1 3.18046 1
19 70 1 -0.622076 1
19 71 1 0.0127375 1
19 72 1 3.99039 1
19 73 1 0.236729 1
19 74 1 -0.312397 1
19 75 1 1.15608 1
19 76 1 -4.8083 1
19 77 1 -0.24976 1
19 78 1 0.14176 1
19 79 1 6.30178 1
19 80 1 -1.96057 1
19 81 1 -3.06604 1
19 82 1 1.03092 1
19 83 1 -3.39397 1
19 84 1 2.24383 1
19 85 1 3.31351 1
19 86 1 -1.42802 1
19 87 1 3.16605 1
19 88 1 -0.554581 1
19 89 1 5.68927 1
19 90 1 -0.942724 1
19 91 1 -0.608995 1
19 92 1 -2.22599 1
19 93 1 -4.66436 1
19 94 1 -1.90379 1
19 95 1 -7.22035 1
20 64 1 1.30864 1
20 65 1 0.0810954 1
20 66 1 -3.17322 1
20 67 1 0.658458 1
20 68 1 -0.0293661 1
20 69 1 0.879415 1
20 70 1 -2.98277 1
20 71 1 4.19295 1
20 72 1 0.0283296 1
20 73 1 2.37938 1
20 74 1 3.3213 1
20 75 1 3.30484 1
20 76 1 -0.394017 1
20 77 1 -3.29569 1
20 78 1 1.62091 1
20 79 1 2.01939 1
20 80 1 -0.0982748 1
20 81 1 -0.223351 1
20 82 1 2.85745 1
20 83 1 0.791153 1
20 84 1 3.76201 1
20 85 1 -4.10076 1
20 86 1 0.741569 1
20 87 1 -0.605411 1
20 88 1 1.22821 1
20 89 1 0.920947 1
20 90 1 2.77114 1
20 91 1 2.32247 0
20 92 1 2.48687 1
20 93 1 1.90139 0
20 94 1 3.05426 0
20 95 1 1.01933 1
20 96 1 -2.30915 1
20 98 1 2.74495 1
20 103 1 1.33952 1
20 109 1 -0.727941 1
103 91 1 1.91518 0
103 105 1 4.16492 1
103 112 1 -1.84418 0
103 123 1 -1.76774 1
103 140 1 -1.13533 1
140 112 1 1.62561 1
123 91 1 0.637891 1
123 113 1 -0.0911354 0
123 136 1 0.457532 1
123 137 1 1.38607 1
136 113 1 -1.60347 1
136 6 1 0.0507003 1
105 91 1 1.95891 0
105 129 1 -0.12511 1
129 91 1 0.374029 0
129 135 1 4.63796 1
129 116 1 0.188435 1
135 91 1 -2.05683 1
98 93 1 2.8096 1
98 99 1 7.01588 1
98 15 1 0.606531 1
96 94 1 1.14401 1
96 20 1 -0.927524 0
96 155 1 1.82403 1
155 20 1 -2.57907 0
155 30 1 0.799646 1
155 176 1 1.15436 1
176 20 1 -2.38383 1
21 64 1 4.52699 1
21 65 1 7.80655 1
21 66 1 -5.70739 1
21 67 1 -4.73437 1
21 68 1 -1.33271 1
21 69 1 0.941493 1
21 70 1 0.787605 1
21 71 1 -5.6426 1
21 72 1 -7.52183 1
21 73 1 -1.45811 1
21 74 1 -1.13333 1
21 75 1 1.79583 1
21 76 1 -1.62084 1
21 77 1 -2.63587 1
21 78 1 0.225088 1
21 79 1 -2.87872 1
21 80 1 0.585982 1
21 81 1 -2.89456 1
21 82 1 0.242167 1
21 83 1 -2.13397 1
21 84 1 8.61435 1
21 85 1 0.534831 1
21 86 1 1.36102 1
21 87 1 -0.483128 1
21 88 1 4.84096 1
21 89 1 1.18937 1
21 90 1 -0.659252 1
21 91 1 -0.444846 0
21 92 1 2.77541 1
21 93 1 1.62315 1
21 94 1 -2.87621 1
21 95 1 0.270857 1
21 143 1 4.38197 1
143 91 1 -1.77829 1
22 64 1 0.799821 1
22 65 1 0.44617 1
22 66 1 1.56343 1
22 67 1 5.39851 1
22 68 1 -0.233783 1
22 69 1 -2.07349 1
22 70 1 -2.41539 1
22 71 1 0.179658 1
22 72 1 -3.53984 1
22 73 1 0.861346 1
22 74 1 -6.02067 1
22 75 1 -2.1476 1
22 76 1 0.132918 1
22 77 1 -1.07121 1
22 78 1 4.80024 1
22 79 1 4.44895 1
22 80 1 1.0745 1
22 81 1 -2.71762 1
22 82 1 1.15963 1
22 83 1 -0.0566074 1
22 84 1 -1.08738 1
22 85 1 2.91409 1
22 86 1 -0.148454 1
22 87 1 5.84742 1
22 88 1 -3.75157 1
22 89 1 -0.758306 1
22 90 1 1.26071 1
22 91 1 0.898736 1
22 92 1 0.591695 1
22 93 1 3.57296 1
22 94 1 5.98733 1
22 95 1 1.73983 1
23 64 1 -2.38667 1
23 65 1 1.51519 1
23 66 1 2.86447 1
23 67 1 2.86673 1
23 68 1 -3.137 1
23 69 1 2.4723 1
23 70 1 4.15374 1
23 71 1 -4.63322 1
23 72 1 -1.78236 1
23 73 1 -1.46365 1
23 74 1 2.69668 1
23 75 1 2.17637 1
23 76 1 2.33386 1
23 77 1 3.96481 1
23 78 1 0.522884 1
23 79 1 -5.51862 1
23 80 1 1.93629 1
23 81 1 0.526024 1
23 82 1 -3.12894 1
23 83 1 0.106702 1
23 84 1 2.54891 1
23 85 1 -2.08722 1
23 86 1 -11.7822 1
23 87 1 -0.572381 1
23 88 1 2.41047 1
23 89 1 -2.06851 1
23 90 1 -6.07518 1
23 91 1 -2.25187 1
23 92 1 3.61688 1
23 93 1 2.69239 1
23 94 1 -3.25788 1
23 95 1 0.725594 1
23 107 1 -0.00564774 1
23 27 1 0.414386 1
24 64 1 -1.43923 1
24 65 1 1.63399 1
24 66 1 -1.46817 1
24 67 1 5.77263 1
24 68 1 -5.64166 1
24 69 1 3.06895 0
24 70 1 1.1733 1
24 71 1 4.04405 1
24 72 1 0.729354 1
24 73 1 1.97985 1
24 74 1 1.18558 1
24 75 1 -0.590291 1
24 76 1 -3.39564 1
24 77 1 0.86016 1
24 78 1 -6.94727 1
24 79 1 0.497169 1
24 80 1 5.37352 1
24 81 1 2.79643 1
24 82 1 -2.09878 1
24 83 1 -1.73153 1
24 84 1 -4.05852 1
24 85 1 0.226003 1
24 86 1 -5.15651 1
24 87 1 4.46727 1
24 88 1 -0.750026 1
24 89 1 8.98196 1
24 90 1 3.63549 1
24 91 1 -3.79112 1
24 92 1 -0.196397 1
24 93 1 -0.948703 1
24 94 1 -0.188446 1
24 95 1 -4.75573 1
24 5 1 0.71379 1
24 168 1 -0.690924 1
168 69 1 4.0535 1
168 172 1 0.0632422 1
25 64 1 -2.17386 1
25 65 1 1.92101 1
25 66 1 -1.81278 1
25 67 1 -2.77566 1
25 68 1 1.65007 1
25 69 1 -5.43102 1
25 70 1 0.951896 0
25 71 1 -2.72951 1
25 72 1 2.76032 1
25 73 1 3.40606 1
25 74 1 1.41446 1
25 75 1 -2.63942 1
25 76 1 1.75221 1
25 77 1 -0.400272 1
25 78 1 2.8104 1
25 79 1 1.05858 1
25 80 1 -1.16339 1
25 81 1 -1.13749 1
25 82 1 -1.9826 1
25 83 1 2.2409 1
25 84 1 -0.99817 1
25 85 1 -1.2567 1
25 86 1 4.7131 1
25 87 1 -0.131894 1
25 88 1 -1.33231 1
25 89 1 -0.909029 1
25 90 1 -3.47217 1
25 91 1 2.57668 1
25 92 1 4.0442 1
25 93 1 -0.824008 1
25 94 1 -2.69649 0
25 95 1 -3.14648 1
25 8 1 1.21359 1
25 6 1 -1.16316 1
25 121 1 -0.273473 1
25 175 1 0.885238 1
175 94 1 -3.03754 1
121 70 1 6.52478 1
26 64 1 -2.83527 1
26 65 1 2.14086 1
26 66 1 -0.743768 1
26 67 1 1.86125 1
26 68 1 0.11446 1
26 69 1 1.74273 1
26 70 1 -1.51685 1
26 71 1 1.32814 1
26 72 1 -2.93805 1
26 73 1 0.634367 1
26 74 1 -8.78825 1
26 75 1 2.34341 1
26 76 1 1.33065 1
26 77 1 -4.93394 1
26 78 1 1.9333 1
26 79 1 -0.312978 1
26 80 1 -2.70425 1
26 81 1 2.5282 1
26 82 1 2.21849 1
26 83 1 2.61147 1
26 84 1 -4.36567 1
26 85 1 0.729706 1
26 86 1 -3.9564 1
26 87 1 2.18813 1
26 88 1 -3.3141 1
26 89 1 1.53413 1
26 90 1 -3.4664 1
26 91 1 -3.26382 1
26 92 1 0.40364 1
26 93 1 -1.88726 1
26 94 1 2.15343 1
26 95 1 0.0901369 1
26 23 1 3.99132 1
26 15 1 0.234034 1
26 161 1 -1.64337 1
27 64 1 -2.88147 1
27 65 1 4.76996 1
27 66 1 2.56632 1
27 67 1 -0.539541 1
27 68 1 2.06679 1
27 69 1 1.34519 1
27 70 1 5.55792 1
27 71 1 -5.26132 1
27 72 1 0.135779 1
27 73 1 1.47597 1
27 74 1 -3.42917 1
27 75 1 3.7355 1
27 76 1 -3.82594 1
27 77 1 0.547309 1
27 78 1 2.67051 1
27 79 1 1.18293 1
27 80 1 -1.03822 1
27 81 1 -1.61027 1
27 82 1 1.4941 1
27 83 1 0.646399 1
27 84 1 2.40983 1
27 85 1 -1.53583 1
27 86 1 -3.11894 1
27 87 1 -1.64729 1
27 88 1 -7.382 1
27 89 1 -5.00367 1
27 90 1 4.71364 1
27 91 1 -3.13503 1
27 92 1 -0.185553 1
27 93 1 -0.299625 1
27 94 1 1.47283 1
27 95 1 -0.764878 1
27 9 1 3.22629 1
27 5 1 -0.107261 1
28 64 1 2.85377 1
28 65 1 -0.722939 1
28 66 1 -1.16081 1
28 67 1 4.35781 1
28 68 1 5.36484 1
28 69 1 0.741057 1
28 70 1 -1.46418 1
28 71 1 -0.5428 1
28 72 1 -7.53828 1
28 73 1 0.836792 1
28 74 1 -2.20665 1
28 75 1 2.53466 1
28 76 1 1.24608 1
28 77 1 2.4153 1
28 78 1 -3.55932 1
28 79 1 2.86865 1
28 80 1 1.45265 1
28 81 1 -0.6267 1
28 82 1 3.85357 1
28 83 1 1.39178 1
28 84 1 4.26988 1
28 85 1 -4.89343 1
28 86 1 -1.60898 1
28 87 1 0.911062 1
28 88 1 -4.63327 1
28 89 1 1.7399 1
28 90 1 -1.77791 1
28 91 1 -0.521577 1
28 92 1 5.74501 1
28 93 1 -1.82525 1
28 94 1 5.25068 1
28 95 1 -2.6378 1
29 64 1 -1.14991 1
29 65 1 1.75494 1
29 66 1 -1.26946 1
29 67 1 2.51794 1
29 68 1 -7.81088 1
29 69 1 1.49664 1
29 70 1 -3.40157 1
29 71 1 -0.436111 1
29 72 1 0.952497 1
29 73 1 -0.435434 1
29 74 1 -2.75627 1
29 75 1 -0.351467 1
29 76 1 0.155396 1
29 77 1 1.52469 1
29 78 1 -5.80239 1
29 79 1 -3.61686 1
29 80 1 2.7483 1
29 81 1 2.74143 1
29 82 1 1.43133 1
29 83 1 0.76143 1
29 84 1 0.263207 1
29 85 1 -1.49058 1
29 86 1 -2.77743 1
29 87 1 -2.52028 1
29 88 1 -2.15556 1
29 89 1 -3.8601 1
29 90 1 -0.398115 1
29 91 1 0.93389 1
29 92 1 2.23043 1
29 93 1 0.45767 1
29 94 1 -1.6907 1
29 95 1 1.90827 1
29 113 1 1.6528 1
30 64 1 -0.851968 1
30 65 1 6.07146 1
30 66 1 4.20168 1
30 67 1 -0.976341 1
30 68 1 0.0157434 1
30 69 1 1.95063 1
30 70 1 4.3594 1
30 71 1 -1.23213 1
30 72 1 -2.0048 1
30 73 1 3.68216 1
30 74 1 -0.974283 1
30 75 1 1.5053 1
30 76 1 2.27687 1
30 77 1 -1.73847 1
30 78 1 3.33369 1
30 79 1 4.99022 1
30 80 1 -2.55174 1
30 81 1 -0.891419 1
30 82 1 6.02769 1
30 83 1 2.11345 1
30 84 1 0.645263 1
30 85 1 -3.16435 1
30 86 1 -2.75004 1
30 87 1 -3.21161 1
30 88 1 0.903938 1
30 89 1 -1.84043 1
30 90 1 -0.0857802 1
30 91 1 5.69835 1
30 92 1 -0.524027 1
30 93 1 2.68706 1
30 94 1 1.58683 1
30 95 1 -2.6742 1
30 28 1 0.687873 1
31 64 1 1.63901 1
31 65 1 -2.3172 1
31 66 1 -5.15243 1
31 67 1 7.78711 1
31 68 1 5.01056 1
31 69 1 1.2605 1
31 70 1 -0.784467 1
31 71 1 2.08367 1
31 72 1 -3.09989 1
31 73 1 -0.095017 1
31 74 1 3.51175 1
31 75 1 -0.416899 1
31 76 1 -1.99995 1
31 77 1 0.625635 1
31 78 1 -4.17712 1
31 79 1 -0.482214 1
31 80 1 -1.46431 1
31 81 1 -0.887873 1
31 82 1 -1.00541 1
31 83 1 -1.3353 1
31 84 1 -3.71892 1
31 85 1 -4.20077 1
31 86 1 1.6372 1
31 87 1 -3.56387 0
31 88 1 2.07338 1
31 89 1 -0.995361 1
31 90 1 -1.56151 1
31 91 1 -4.26035 1
31 92 1 -0.103116 1
31 93 1 -0.40065 1
31 94 1 2.51857 1
31 95 1 -0.122701 1
31 122 1 2.38378 1
31 10 1 -0.519793 1
31 117 1 -1.52845 1
122 87 1 -1.17663 1
32 64 1 6.5785 1
32 65 1 1.4129 1
32 66 1 -3.67804 1
32 67 1 2.71064 1
32 68 1 1.65863 1
32 69 1 4.21194 1
32 70 1 -0.498531 1
32 71 1 3.26801 1
32 72 1 -2.93656 1
32 73 1 1.95687 1
32 74 1 0.132775 1
32 75 1 4.38736 1
32 76 1 0.351862 1
32 77 1 4.63576 1
32 78 1 1.09639 1
32 79 1 -0.874951 1
32 80 1 0.060984 1
32 81 1 -0.275504 1
32 82 1 -2.205 1
32 83 1 -2.51688 1
32 84 1 2.36648 1
32 85 1 -0.816158 1
32 86 1 0.448567 1
32 87 1 -1.52098 1
32 88 1 1.14354 1
32 89 1 -1.82385 1
32 90 1 2.95396 1
32 91 1 -4.74231 1
32 92 1 2.47189 1
32 93 1 1.53708 1
32 94 1 -0.544338 1
32 95 1 -1.30075 1
33 64 1 2.06176 1
33 65 1 -4.55638 1
33 66 1 -1.89406 1
33 67 1 -0.882908 1
33 68 1 -0.131852 1
33 69 1 -3.46847 1
33 70 1 2.70098 1
33 71 1 4.154 1
33 72 1 3.21427 1
33 73 1 4.22715 1
33 74 1 0.770414 1
33 75 1 -6.93366 1
33 76 1 -4.26808 1
33 77 1 1.16311 1
33 78 1 -1.66294 1
33 79 1 -3.86302 1
33 80 1 0.340009 1
33 81 1 -2.50697 1
33 82 1 -1.41905 1
33 83 1 0.953469 1
33 84 1 0.104152 1
33 85 1 1.61704 1
33 86 1 3.56721 1
33 87 1 2.05672 1
33 88 1 3.42771 1
33 89 1 4.45762 1
33 90 1 -2.81409 1
33 91 1 -1.90135 1
33 92 1 1.88292 1
33 93 1 2.85181 1
33 94 1 2.01854 1
33 95 1 1.25295 1
33 20 1 -1.09956 1
33 107 1 -1.22537 1
33 13 1 0.616314 1
33 113 1 -2.31637 1
34 64 1 -0.555746 1
34 65 1 -0.643265 1
34 66 1 2.62332 1
34 67 1 0.443146 1
34 68 1 -0.60139 1
34 69 1 -1.38781 1
34 70 1 -2.59051 1
34 71 1 -2.96299 1
34 72 1 -4.15469 1
34 73 1 -3.65121 1
34 74 1 2.78791 1
34 75 1 7.28459 1
34 76 1 -2.01981 1
34 77 1 0.687117 1
34 78 1 -0.585447 1
34 79 1 0.32507 1
34 80 1 2.90256 1
34 81 1 -1.80466 1
34 82 1 1.76344 1
34 83 1 1.11068 1
34 84 1 -0.044396 1
34 85 1 -0.948269 1
34 86 1 -2.12613 1
34 87 1 -0.525206 1
34 88 1 -0.439054 1
34 89 1 0.363351 1
34 90 1 -6.09979 1
34 91 1 3.64987 1
34 92 1 3.92047 1
34 93 1 -1.18318 1
34 94 1 3.42104 1
34 95 1 2.9346 1
34 113 1 -0.686865 1
35 64 1 1.15257 1
35 65 1 -1.89757 1
35 66 1 -0.56042 1
35 67 1 4.85248 1
35 68 1 2.94053 1
35 69 1 2.46455 1
35 70 1 3.19713 1
35 71 1 3.432 1
35 72 1 2.44592 1
35 73 1 6.33977 1
35 74 1 1.04461 1
35 75 1 -2.39755 1
35 76 1 -3.71507 1
35 77 1 1.71423 1
35 78 1 -1.18289 1
35 79 1 3.72679 1
35 80 1 -6.40791 1
35 81 1 -0.712676 1
35 82 1 3.85022 0
35 83 1 -2.91321 1
35 84 1 6.80857 1
35 85 1 -4.69032 1
35 86 1 -1.48746 1
35 87 1 -2.90199 1
35 88 1 -0.0507917 1
35 89 1 2.42336 0
35 90 1 -0.573648 1
35 91 1 -1.95559 1
35 92 1 -3.0089 1
35 93 1 -4.5872 1
35 94 1 0.320575 1
35 95 1 0.308449 1
35 130 1 0.458413 1
35 133 1 6.12149 1
133 82 1 1.19249 1
130 89 1 0.0592958 1
130 109 1 -0.474386 1
36 64 1 2.65311 1
36 65 1 2.3026 1
36 66 1 2.47421 1
36 67 1 -0.529274 1
36 68 1 -5.79192 1
36 69 1 -2.75623 1
36 70 1 -2.16582 1
36 71 1 1.05879 1
36 72 1 -2.97573 1
36 73 1 -0.444342 1
36 74 1 -1.02584 1
36 75 1 0.446569 1
36 76 1 1.16101 1
36 77 1 -5.15534 1
36 78 1 1.61586 1
36 79 1 4.47855 1
36 80 1 4.63653 1
36 81 1 0.248647 1
36 82 1 -0.23823 0
36 83 1 0.0857093 1
36 84 1 3.0916 1
36 85 1 -2.89605 1
36 86 1 0.999309 1
36 87 1 0.0129163 1
36 88 1 -2.84864 1
36 89 1 0.236493 1
36 90 1 -3.44526 1
36 91 1 0.934721 1
36 92 1 5.07674 1
36 93 1 2.46569 1
36 94 1 -2.38033 1
36 95 1 8.17023 1
36 109 1 0.30989 0
36 24 1 -3.06621 1
36 117 1 1.62964 1
117 109 1 1.87769 1
117 4 1 1.09307 1
109 82 1 0.660241 1
109 31 1 1.88383 1
37 64 1 -4.69532 1
37 65 1 1.61514 1
37 66 1 -4.37561 1
37 67 1 -0.668926 1
37 68 1 -4.20532 1
37 69 1 3.16348 1
37 70 1 -5.99804 1
37 71 1 -1.72027 1
37 72 1 1.59498 1
37 73 1 1.87849 1
37 74 1 0.0848062 1
37 75 1 -0.767505 1
37 76 1 1.87418 0
37 77 1 3.71604 1
37 78 1 -0.130345 1
37 79 1 0.679639 1
37 80 1 -0.16638 1
37 81 1 2.24462 1
37 82 1 1.94346 1
37 83 1 2.901 1
37 84 1 -5.03307 1
37 85 1 3.12629 1
37 86 1 -0.744372 1
37 87 1 -0.39003 1
37 88 1 -1.97985 1
37 89 1 -3.65498 1
37 90 1 -2.46565 1
37 91 1 1.02761 1
37 92 1 3.31261 1
37 93 1 -0.112606 1
37 94 1 -0.909665 1
37 95 1 1.37119 1
37 142 1 0.393088 1
37 160 1 -0.357722 1
142 76 1 -0.208232 1
142 147 1 -0.766724 1
142 6 1 0.0976315 1
38 64 1 1.22878 1
38 65 1 -1.41138 1
38 66 1 -2.30497 1
38 67 1 -2.97499 1
38 68 1 -0.883498 1
38 69 1 -5.45881 1
38 70 1 0.205933 1
38 71 1 -0.560858 1
38 72 1 2.13036 1
38 73 1 2.30259 1
38 74 1 -1.50879 1
38 75 1 4.22939 1
38 76 1 2.62523 1
38 77 1 -2.33587 1
38 78 1 -0.322783 1
38 79 1 -0.391412 1
38 80 1 -0.881122 1
38 81 1 -3.25405 1
38 82 1 2.48895 1
38 83 1 -2.10624 1
38 84 1 -1.63883 1
38 85 1 -1.68041 1
38 86 1 -0.666391 1
38 87 1 1.64349 0
38 88 1 2.27072 1
38 89 1 4.63188 1
38 90 1 -1.98812 1
38 91 1 2.31891 1
38 92 1 2.88764 0
38 93 1 -0.690592 1
38 94 1 -0.455053 1
38 95 1 -2.66829 1
38 148 1 3.4232 1
38 162 1 -0.217425 1
162 87 1 0.159827 1
148 92 1 2.22305 1
39 64 1 1.70065 1
39 65 1 -2.1131 1
39 66 1 1.0256 1
39 67 1 -2.08075 1
39 68 1 1.13691 1
39 69 1 -0.952554 1
39 70 1 -0.0643769 1
39 71 1 -1.54146 1
39 72 1 -3.60917 1
39 73 1 -3.79414 1
39 74 1 1.14198 1
39 75 1 3.64734 0
39 76 1 4.8467 0
39 77 1 0.450372 1
39 78 1 -3.7005 1
39 79 1 -3.85015 1
39 80 1 -1.3885 1
39 81 1 -3.25773 1
39 82 1 -3.44808 1
39 83 1 -2.78104 1
39 84 1 -2.96421 1
39 85 1 0.474838 1
39 86 1 0.279764 1
39 87 1 1.39586 1
39 88 1 -0.844962 1
39 89 1 0.66275 1
39 90 1 4.6593 1
39 91 1 0.94541 1
39 92 1 5.36387 1
39 93 1 1.64745 1
39 94 1 -4.61951 1
39 95 1 -1.1676 1
39 2 1 -3.38018 1
39 112 1 4.13758 1
39 13 1 -0.261833 1
39 104 1 -0.23594 1
39 172 1 2.48423 1
172 76 1 3.98758 1
172 28 1 0.47174 1
112 75 1 -2.06959 1
112 138 1 -1.21815 1
112 153 1 0.702767 0
112 170 1 0.125259 1
112 113 1 0.975719 1
170 153 1 -2.19877 1
170 126 1 1.49825 1
40 64 1 -5.08244 1
40 65 1 -0.877336 1
40 66 1 2.226 1
40 67 1 1.24752 1
40 68 1 1.75688 1
40 69 1 2.38802 1
40 70 1 -2.45278 1
40 71 1 2.11296 1
40 72 1 2.72244 1
40 73 1 1.03505 1
40 74 1 -2.33448 1
40 75 1 1.414 1
40 76 1 -3.50048 1
40 77 1 3.34979 1
40 78 1 3.54635 1
40 79 1 -1.01558 1
40 80 1 2.7208 1
40 81 1 0.688749 1
40 82 1 1.60023 1
40 83 1 -3.98294 1
40 84 1 -1.86016 1
40 85 1 0.0969485 1
40 86 1 2.28676 1
40 87 1 0.0711926 1
40 88 1 1.61964 1
40 89 1 -0.897651 1
40 90 1 -0.457415 1
40 91 1 -1.35251 1
40 92 1 -4.47564 1
40 93 1 0.710954 1
40 94 1 -0.661807 1
40 95 1 4.0751 1
40 2 1 -0.0950624 1
40 134 1 1.96894 1
41 64 1 4.3372 1
41 65 1 -0.116963 1
41 66 1 -0.151728 1
41 67 1 1.24039 1
41 68 1 2.94094 1
41 69 1 -0.958375 1
41 70 1 1.70835 1
41 71 1 -0.745406 1
41 72 1 3.89506 1
41 73 1 -5.67867 1
41 74 1 1.21604 1
41 75 1 4.29418 1
41 76 1 -5.28713 1
41 77 1 0.298964 1
41 78 1 -4.88993 1
41 79 1 2.00942 1
41 80 1 1.70117 1
41 81 1 4.5923 1
41 82 1 -1.81018 1
41 83 1 2.42298 1
41 84 1 -2.47873 1
41 85 1 0.4032 1
41 86 1 0.721493 1
41 87 1 2.05007 1
41 88 1 3.10838 1
41 89 1 0.241892 1
41 90 1 -1.42622 1
41 91 1 1.30467 1
41 92 1 0.807249 1
41 93 1 -0.212313 1
41 94 1 -2.35073 1
41 95 1 1.1162 1
41 11 1 0.872815 1
41 29 1 -3.12142 1
41 97 1 -1.30708 1
42 64 1 1.92353 1
42 65 1 0.0482245 1
42 66 1 -1.77594 1
42 67 1 2.75211 1
42 68 1 -2.71481 1
42 69 1 0.837404 1
42 70 1 -0.242356 1
42 71 1 -0.180335 1
42 72 1 -1.723 1
42 73 1 -1.65355 1
42 74 1 4.01196 1
42 75 1 -3.89463 1
42 76 1 -4.09024 1
42 77 1 -0.439158 1
42 78 1 -0.860651 1
42 79 1 2.12761 1
42 80 1 -1.11922 1
42 81 1 2.54154 1
42 82 1 3.51121 1
42 83 1 2.38822 1
42 84 1 1.23846 1
42 85 1 -0.742404 1
42 86 1 2.07033 1
42 87 1 -2.50789 1
42 88 1 -2.36049 1
42 89 1 -0.809373 1
42 90 1 2.91312 1
42 91 1 1.44701 1
42 92 1 1.67415 1
42 93 1 2.12785 1
42 94 1 -4.36542 1
42 95 1 -0.0572129 1
43 64 1 0.821562 1
43 65 1 -1.82608 1
43 66 1 4.15249 1
43 67 1 1.7893 1
43 68 1 0.812005 1
43 69 1 -2.88355 1
43 70 1 1.49044 1
43 71 1 -4.46818 1
43 72 1 0.790062 1
43 73 1 -7.78512 1
43 74 1 2.94495 1
43 75 1 -2.51713 1
43 76 1 -2.16619 1
43 77 1 1.30607 1
43 78 1 1.53296 1
43 79 1 -3.49412 1
43 80 1 -0.274592 1
43 81 1 2.27835 1
43 82 1 2.42715 1
43 83 1 -2.25767 1
43 84 1 -2.44931 1
43 85 1 2.68147 1
43 86 1 3.08862 1
43 87 1 5.76469 1
43 88 1 1.80689 1
43 89 1 2.85917 1
43 90 1 -0.321812 1
43 91 1 -3.78559 1
43 92 1 3.20608 1
43 93 1 2.1359 1
43 94 1 -1.38857 1
43 95 1 1.17074 1
44 64 1 -0.472732 1
44 65 1 -4.41761 1
44 66 1 -1.50005 1
44 67 1 -2.15187 1
44 68 1 0.609496 1
44 69 1 -2.94413 1
44 70 1 3.02113 1
44 71 1 2.95656 1
44 72 1 -2.80171 1
44 73 1 2.7046 1
44 74 1 -1.90728 1
44 75 1 -4.29144 1
44 76 1 -0.459153 1
44 77 1 2.78227 1
44 78 1 2.41729 1
44 79 1 0.725733 1
44 80 1 4.24573 1
44 81 1 -2.34438 1
44 82 1 2.27326 1
44 83 1 -0.493223 1
44 84 1 0.997504 1
44 85 1 -0.642795 1
44 86 1 2.9042 1
44 87 1 0.0341329 1
44 88 1 1.10456 1
44 89 1 1.57095 1
44 90 1 1.98954 1
44 91 1 2.60253 1
44 92 1 -1.42525 1
44 93 1 3.22991 1
44 94 1 -2.87928 1
44 95 1 -2.3104 1
44 8 1 -1.4247 1
44 29 1 1.71818 1
45 64 1 -0.507489 1
45 65 1 0.335955 1
45 66 1 -0.390436 1
45 67 1 2.83627 1
45 68 1 0.893523 1
45 69 1 -6.52041 1
45 70 1 -3.50182 1
45 71 1 0.815733 1
45 72 1 -3.9915 1
45 73 1 2.93959 1
45 74 1 4.64255 1
45 75 1 2.5906 1
45 76 1 -1.64098 1
45 77 1 -1.00748 1
45 78 1 -3.46456 1
45 79 1 3.33806 1
45 80 1 -1.53175 1
45 81 1 2.15337 1
45 82 1 0.457718 1
45 83 1 -4.85126 1
45 84 1 0.0482607 1
45 85 1 -3.49208 1
45 86 1 1.56629 1
45 87 1 0.662555 1
45 88 1 3.01134 1
45 89 1 -2.94902 1
45 90 1 -0.794504 1
45 91 1 3.91862 1
45 92 1 -3.84594 1
45 93 1 -8.24083 1
45 94 1 1.70247 1
45 95 1 -5.13396 1
45 9 1 5.51933 1
45 20 1 0.712491 1
45 17 1 -0.826847 1
46 64 1 0.362964 1
46 65 1 0.168733 1
46 66 1 3.41897 1
46 67 1 2.22818 1
46 68 1 -5.25826 1
46 69 1 -0.0798506 1
46 70 1 1.13447 1
46 71 1 -2.10552 1
46 72 1 3.94186 1
46 73 1 -4.13218 1
46 74 1 -1.23754 1
46 75 1 -1.21708 1
46 76 1 -5.45843 1
46 77 1 5.38663 1
46 78 1 0.303721 1
46 79 1 -2.18011 1
46 80 1 2.46809 1
46 81 1 2.24612 1
46 82 1 -0.599156 1
46 83 1 2.78345 1
46 84 1 -0.177202 1
46 85 1 2.99311 1
46 86 1 -1.97329 1
46 87 1 6.10687 1
46 88 1 0.629384 1
46 89 1 -4.99116 1
46 90 1 -3.75743 1
46 91 1 0.331959 1
46 92 1 -0.385892 1
46 93 1 -2.26662 1
46 94 1 1.90472 1
46 95 1 -0.947936 1
46 24 1 1.61628 1
47 64 1 0.868361 1
47 65 1 0.172441 1
47 66 1 -0.474715 1
47 67 1 1.89222 1
47 68 1 -0.526035 1
47 69 1 2.35838 1
47 70 1 -2.65862 1
47 71 1 0.145958 1
47 72 1 0.10498 1
47 73 1 5.29594 0
47 74 1 -2.05714 1
47 75 1 -1.1768 1
47 76 1 -3.30406 1
47 77 1 -7.52214 1
47 78 1 -2.46505 1
47 79 1 -0.0255932 1
47 80 1 4.88063 1
47 81 1 -3.87727 1
47 82 1 2.3978 1
47 83 1 0.503594 1
47 84 1 -3.7873 1
47 85 1 -0.628775 1
47 86 1 -2.52446 1
47 87 1 6.04168 1
47 88 1 4.52946 1
47 89 1 1.35297 1
47 90 1 4.8352 1
47 91 1 1.64496 1
47 92 1 0.967843 1
47 93 1 0.991178 1
47 94 1 2.95182 1
47 95 1 -1.35658 1
47 4 1 0.539766 1
47 137 1 2.4456 1
137 73 1 3.43499 0
137 156 1 -0.191573 1
156 73 1 2.21754 1
156 15 1 -0.743528 1
156 104 1 0.700019 1
48 64 1 -0.323912 1
48 65 1 0.139947 1
48 66 1 3.45896 1
48 67 1 -3.16921 1
48 68 1 -5.55669 1
48 69 1 -4.94436 1
48 70 1 0.458381 1
48 71 1 1.36891 1
48 72 1 -7.34457 1
48 73 1 4.03526 1
48 74 1 4.65613 1
48 75 1 -4.71729 1
48 76 1 -0.854337 1
48 77 1 -1.07087 1
48 78 1 -0.715986 1
48 79 1 2.44533 1
48 80 1 -1.23549 1
48 81 1 -3.43018 1
48 82 1 -0.760892 1
48 83 1 0.219169 1
48 84 1 0.602974 1
48 85 1 0.414054 1
48 86 1 -1.47164 1
48 87 1 0.748682 1
48 88 1 -0.984877 1
48 89 1 -1.09651 1
48 90 1 2.24767 1
48 91 1 -0.830498 1
48 92 1 -5.49262 1
48 93 1 1.19989 1
48 94 1 6.25253 1
48 95 1 2.74206 1
48 16 1 0.663749 1
48 12 1 0.679745 1
48 14 1 -1.8056 1
48 30 1 1.84501 1
49 64 1 -0.508007 1
49 65 1 -4.38285 1
49 66 1 0.890809 1
49 67 1 -1.33483 1
49 68 1 -4.06707 1
49 69 1 0.808629 1
49 70 1 -0.820207 1
49 71 1 -2.09958 1
49 72 1 -2.67698 1
49 73 1 0.649144 1
49 74 1 2.3589 1
49 75 1 1.00567 1
49 76 1 -6.79056 1
49 77 1 -4.2419 1
49 78 1 -0.740478 0
49 79 1 2.80915 1
49 80 1 5.21446 1
49 81 1 -3.45213 1
49 82 1 1.2849 1
49 83 1 -0.470953 1
49 84 1 1.80138 1
49 85 1 -1.65042 1
49 86 1 -2.30596 1
49 87 1 -2.15016 1
49 88 1 1.01381 1
49 89 1 2.54393 1
49 90 1 -2.33969 1
49 91 1 3.35463 1
49 92 1 2.52226 1
49 93 1 2.58915 1
49 94 1 0.68517 1
49 95 1 4.1725 1
49 19 1 -1.51964 1
49 31 1 -0.320398 1
49 15 1 -2.13409 1
49 158 1 0.854583 1
49 26 1 -0.434136 1
49 144 1 -3.48426 1
158 78 1 -0.861715 1
50 64 1 -4.77088 1
50 65 1 -2.82289 1
50 66 1 1.26811 1
50 67 1 -1.62027 1
50 68 1 2.00972 1
50 69 1 -1.9687 1
50 70 1 0.252235 1
50 71 1 5.83161 1
50 72 1 -3.08876 1
50 73 1 4.15001 1
50 74 1 -1.59541 1
50 75 1 1.3949 1
50 76 1 -0.806295 1
50 77 1 -1.17744 1
50 78 1 1.61248 1
50 79 1 -1.08123 1
50 80 1 2.59015 1
50 81 1 -0.763914 1
50 82 1 -3.19318 1
50 83 1 3.24619 1
50 84 1 0.84324 1
50 85 1 3.64057 1
50 86 1 3.38946 1
50 87 1 -2.88713 1
50 88 1 -2.28607 1
50 89 1 0.28878 1
50 90 1 1.22224 1
50 91 1 -0.00611265 1
50 92 1 -0.140223 1
50 93 1 -2.69581 1
50 94 1 -1.54985 1
50 95 1 0.740754 1
50 4 1 5.21403 1
50 22 1 0.280513 1
51 64 1 -1.88956 1
51 65 1 3.23874 1
51 66 1 3.64482 1
51 67 1 -3.2527 1
51 68 1 -1.34107 1
51 69 1 -0.00662914 1
51 70 1 0.879822 1
51 71 1 5.18384 1
51 72 1 -5.04678 1
51 73 1 -2.33318 0
51 74 1 -3.36265 1
51 75 1 4.42447 1
51 76 1 -2.42468 1
51 77 1 3.02856 1
51 78 1 5.26673 1
51 79 1 -0.865061 1
51 80 1 0.548156 1
51 81 1 -2.40899 1
51 82 1 -0.603474 1
51 83 1 5.25324 1
51 84 1 -1.60719 1
51 85 1 -0.393354 1
51 86 1 -0.751696 1
51 87 1 2.97255 1
51 88 1 -0.254528 1
51 89 1 -1.38914 1
51 90 1 -0.941908 1
51 91 1 -2.63195 1
51 92 1 2.53904 1
51 93 1 4.9019 1
51 94 1 -5.06577 1
51 95 1 -3.05649 1
51 116 1 1.20249 1
51 12 1 -1.0459 1
116 73 1 0.000293316 0
116 134 1 2.33349 1
134 73 1 4.53485 1
134 128 1 2.61361 1
52 64 1 -3.02451 1
52 65 1 4.07183 1
52 66 1 -0.293173 1
52 67 1 1.63882 1
52 68 1 0.74294 1
52 69 1 6.28195 1
52 70 1 4.28587 1
52 71 1 -1.2897 1
52 72 1 -1.00933 1
52 73 1 2.89803 1
52 74 1 3.85717 1
52 75 1 2.35228 1
52 76 1 -4.51588 1
52 77 1 1.24828 1
52 78 1 2.88119 1
52 79 1 -3.21952 1
52 80 1 -0.408305 1
52 81 1 -1.7377 1
52 82 1 -1.18552 1
52 83 1 -0.450765 1
52 84 1 0.167996 1
52 85 1 -0.160138 1
52 86 1 -7.22 1
52 87 1 0.975336 1
52 88 1 0.8092 1
52 89 1 0.0815865 1
52 90 1 -0.391124 1
52 91 1 0.0735181 1
52 92 1 0.675613 1
52 93 1 -4.59299 0
52 94 1 3.68239 1
52 95 1 2.08804 1
52 115 1 0.95653 1
52 139 1 1.18823 1
52 23 1 -1.59946 1
139 93 1 -0.658705 1
53 64 1 -3.15782 1
53 65 1 0.493585 1
53 66 1 -1.99265 1
53 67 1 -2.4392 1
53 68 1 -0.564188 1
53 69 1 1.45511 1
53 70 1 0.504569 0
53 71 1 0.940792 1
53 72 1 -0.846321 1
53 73 1 -0.146894 1
53 74 1 0.454181 1
53 75 1 -3.11858 1
53 76 1 -0.679035 1
53 77 1 2.00899 1
53 78 1 -0.057284 1
53 79 1 1.07564 1
53 80 1 0.722834 1
53 81 1 2.8644 1
53 82 1 2.05375 1
53 83 1 -1.559 1
53 84 1 1.39401 1
53 85 1 2.50094 1
53 86 1 1.01023 1
53 87 1 -0.822189 1
53 88 1 -0.0607951 1
53 89 1 -0.833373 1
53 90 1 -2.85519 1
53 91 1 0.943821 1
53 92 1 3.14741 1
53 93 1 -1.50794 1
53 94 1 -0.523285 1
53 95 1 -2.82442 1
53 20 1 5.11428 1
53 23 1 -0.337193 1
53 149 1 -1.47342 1
149 70 1 -2.91095 0
149 153 1 0.609397 1
149 126 1 -0.206878 1
153 70 1 -0.150006 1
54 64 1 2.13895 1
54 65 1 0.0307553 1
54 66 1 -1.56435 1
54 67 1 1.50369 1
54 68 1 5.60233 1
54 69 1 -3.03803 1
54 70 1 1.70915 1
54 71 1 4.70542 1
54 72 1 1.04643 1
54 73 1 0.363662 1
54 74 1 0.281075 1
54 75 1 -1.83949 1
54 76 1 -4.87954 1
54 77 1 1.29068 1
54 78 1 -3.37354 1
54 79 1 2.0636 1
54 80 1 1.25064 1
54 81 1 4.5002 1
54 82 1 -2.06849 1
54 83 1 4.66773 1
54 84 1 0.587761 1
54 85 1 -0.00814363 1
54 86 1 -4.79735 1
54 87 1 -0.239278 1
54 88 1 1.7776 1
54 89 1 5.04083 1
54 90 1 -2.97102 1
54 91 1 2.55038 1
54 92 1 -1.89982 1
54 93 1 3.18178 1
54 94 1 -3.86256 1
54 95 1 -1.96267 1
54 30 1 0.0492166 1
54 144 1 2.04965 1
55 64 1 0.552813 1
55 65 1 -3.1883 1
55 66 1 -3.98756 1
55 67 1 -1.59058 1
55 68 1 0.942374 1
55 69 1 0.84568 1
55 70 1 2.80503 1
55 71 1 -5.01054 1
55 72 1 2.78092 1
55 73 1 -0.848008 1
55 74 1 2.48673 1
55 75 1 -3.2104 1
55 76 1 -4.65706 1
55 77 1 1.09763 1
55 78 1 1.76388 1
55 79 1 4.98182 1
55 80 1 -0.827226 1
55 81 1 1.87176 1
55 82 1 -1.25807 1
55 83 1 1.25066 1
55 84 1 -0.410528 1
55 85 1 -7.1769 1
55 86 1 0.81355 1
55 87 1 -1.14985 1
55 88 1 -5.35066 1
55 89 1 1.18567 1
55 90 1 -1.1731 1
55 91 1 0.494684 1
55 92 1 9.51331 1
55 93 1 -3.85979 1
55 94 1 -3.70292 1
55 95 1 -2.48229 0
55 28 1 4.90625 1
55 114 1 0.33945 1
55 0 1 -3.51683 1
55 2 1 1.14716 1
114 95 1 -0.150029 1
56 64 1 4.16042 1
56 65 1 -9.34183 1
56 66 1 0.208106 1
56 67 1 -0.43581 1
56 68 1 2.23881 0
56 69 1 -2.30896 1
56 70 1 0.809653 1
56 71 1 2.75277 1
56 72 1 -1.96105 1
56 73 1 -0.128374 1
56 74 1 3.67036 1
56 75 1 4.89659 1
56 76 1 -2.50049 1
56 77 1 -1.86831 1
56 78 1 -3.23891 1
56 79 1 -1.02318 1
56 80 1 -0.615903 1
56 81 1 6.3934 1
56 82 1 2.7885 1
56 83 1 -0.880012 1
56 84 1 -2.00636 1
56 85 1 -0.261939 1
56 86 1 2.5305 1
56 87 1 0.666317 1
56 88 1 2.00565 1
56 89 1 1.78291 1
56 90 1 -0.534549 1
56 91 1 -1.04633 1
56 92 1 0.700851 1
56 93 1 3.05729 1
56 94 1 -0.853221 1
56 95 1 -2.07643 1
56 3 1 -3.42862 1
56 126 1 4.80964 1
56 0 1 0.315547 1
126 68 1 2.54481 1
126 11 1 -3.53519 1
57 64 1 -3.83278 1
57 65 1 6.40728 1
57 66 1 -2.01637 1
57 67 1 -2.33969 1
57 68 1 0.393695 1
57 69 1 -0.868041 0
57 70 1 0.65028 1
57 71 1 3.25318 1
57 72 1 1.90705 1
57 73 1 -2.34706 1
57 74 1 1.51546 1
57 75 1 4.66236 1
57 76 1 4.43361 1
57 77 1 -5.02 1
57 78 1 2.44244 1
57 79 1 -2.1019 1
57 80 1 2.82255 1
57 81 1 3.54813 1
57 82 1 4.15463 1
57 83 1 -2.28215 1
57 84 1 0.594427 1
57 85 1 -3.44061 1
57 86 1 -1.7934 1
57 87 1 -0.829364 1
57 88 1 2.31679 1
57 89 1 0.380629 1
57 90 1 0.99455 1
57 91 1 -3.38897 1
57 92 1 -3.36909 1
57 93 1 -2.78526 1
57 94 1 -2.20267 1
57 95 1 2.35729 1
57 104 1 5.08448 1
57 22 1 0.498002 1
104 69 1 2.8158 1
104 1 1 2.13649 1
104 107 1 0.574294 1
58 64 1 7.50714 1
58 65 1 -2.54391 1
58 66 1 -2.21268 1
58 67 1 -0.00191798 1
58 68 1 -4.00273 1
58 69 1 -2.10652 1
58 70 1 0.383867 1
58 71 1 2.80279 1
58 72 1 1.25061 1
58 73 1 -2.31398 1
58 74 1 0.890755 1
58 75 1 1.36762 1
58 76 1 1.7786 1
58 77 1 1.91431 1
58 78 1 -3.61643 1
58 79 1 -2.10048 0
58 80 1 -3.53138 1
58 81 1 3.29858 1
58 82 1 0.795916 1
58 83 1 -0.0895384 1
58 84 1 -1.87405 1
58 85 1 0.809254 1
58 86 1 0.876228 1
58 87 1 -4.08001 1
58 88 1 -5.73274 1
58 89 1 -2.73708 1
58 90 1 -0.170846 1
58 91 1 -3.11832 1
58 92 1 2.52474 0
58 93 1 0.711917 1
58 94 1 -1.54965 1
58 95 1 3.23923 1
58 128 1 1.05958 1
58 115 1 -0.427194 1
58 174 1 1.00778 1
174 92 1 2.12775 1
128 79 1 -0.383825 0
128 131 1 2.1199 1
131 79 1 1.85914 0
131 160 1 1.09714 1
160 79 1 4.1875 0
160 125 1 0.699041 1
160 173 1 0.707722 1
173 79 1 3.4006 1
59 64 1 -4.22841 1
59 65 1 2.29714 1
59 66 1 4.71329 1
59 67 1 -3.81444 1
59 68 1 2.50935 1
59 69 1 -3.62399 1
59 70 1 -2.83264 1
59 71 1 0.321416 1
59 72 1 0.398834 1
59 73 1 -1.11027 1
59 74 1 1.52673 1
59 75 1 -0.825371 1
59 76 1 2.3749 1
59 77 1 -0.540184 0
59 78 1 1.9971 1
59 79 1 -2.52086 1
59 80 1 1.60532 1
59 81 1 1.4571 1
59 82 1 -4.99735 1
59 83 1 5.20198 1
59 84 1 -0.654653 1
59 85 1 -4.16222 1
59 86 1 -5.25475 1
59 87 1 1.73096 1
59 88 1 3.96748 1
59 89 1 0.670904 1
59 90 1 0.890993 1
59 91 1 -0.302309 1
59 92 1 2.05397 1
59 93 1 3.30891 1
59 94 1 -4.85869 1
59 95 1 2.00935 1
59 97 1 -0.693093 1
59 5 1 -5.74021 1
59 11 1 -2.71713 1
59 13 1 2.04144 1
97 77 1 -6.01127 1
97 22 1 1.08981 1
97 2 1 -6.07555 0
97 99 1 2.27397 1
97 7 1 3.61023 0
97 102 1 3.34723 1
97 17 1 2.52506 1
102 7 1 4.17769 1
99 2 1 1.30279 0
99 108 1 5.9709 1
99 15 1 3.75352 1
108 2 1 0.802368 0
108 125 1 6.52933 1
108 0 1 -0.792637 1
125 2 1 2.14984 1
125 1 1 0.246151 1
60 64 1 -0.0519234 1
60 65 1 -1.4732 1
60 66 1 2.02598 1
60 67 1 -0.599934 1
60 68 1 2.37557 1
60 69 1 2.39879 1
60 70 1 -3.17857 1
60 71 1 1.00567 1
60 72 1 -0.174789 0
60 73 1 2.38998 1
60 74 1 0.913903 1
60 75 1 0.328997 1
60 76 1 -1.24831 1
60 77 1 5.48261 1
60 78 1 -3.39898 1
60 79 1 0.215286 1
60 80 1 -5.69294 1
60 81 1 -1.64111 1
60 82 1 -1.17161 1
60 83 1 1.97782 1
60 84 1 -3.90717 1
60 85 1 2.97269 1
60 86 1 3.27453 1
60 87 1 -0.988817 1
60 88 1 -4.89558 1
60 89 1 0.569374 1
60 90 1 -1.26293 1
60 91 1 0.45893 1
60 92 1 -0.658844 1
60 93 1 0.153369 1
60 94 1 -0.462969 1
60 95 1 0.460181 1
60 24 1 -1.70872 1
60 0 1 3.72011 1
60 115 1 1.94586 1
60 3 1 -1.63542 1
115 72 1 -1.27 1
115 18 1 1.13941 1
115 14 1 1.46443 1
115 19 1 -0.733147 1
61 64 1 -0.670467 1
61 65 1 0.711994 1
61 66 1 1.59572 1
61 67 1 -0.835804 1
61 68 1 -4.8686 1
61 69 1 3.313 1
61 70 1 2.21741 1
61 71 1 0.816921 1
61 72 1 -0.279784 1
61 73 1 0.172552 1
61 74 1 4.78511 1
61 75 1 4.46352 1
61 76 1 2.32933 1
61 77 1 -2.34343 0
61 78 1 -4.00446 1
61 79 1 1.60215 1
61 80 1 -2.48234 1
61 81 1 -0.275959 1
61 82 1 -0.18342 1
61 83 1 0.582427 1
61 84 1 -3.19506 1
61 85 1 -1.75809 1
61 86 1 -0.520336 1
61 87 1 2.83012 1
61 88 1 -2.51545 1
61 89 1 0.810107 1
61 90 1 -1.64873 1
61 91 1 1.73222 1
61 92 1 -0.199271 1
61 93 1 -0.126205 1
61 94 1 1.0968 1
61 95 1 -1.02411 1
61 107 1 0.753374 1
61 113 1 -1.07992 1
61 14 1 -1.26265 1
107 77 1 -6.45952 0
107 113 1 -0.431084 1
107 14 1 -2.15619 1
107 20 1 0.610977 1
113 77 1 -1.54273 0
113 23 1 -1.62997 1
113 147 1 0.161269 1
113 159 1 1.55003 1
159 77 1 -3.15747 0
159 161 1 0.250473 1
161 77 1 -1.59051 1
62 64 1 -0.517882 1
62 65 1 -3.27688 1
62 66 1 2.53632 1
62 67 1 -1.12766 1
62 68 1 2.11317 1
62 69 1 -1.90659 1
62 70 1 -0.869665 1
62 71 1 -4.98638 1
62 72 1 3.74176 1
62 73 1 2.30854 1
62 74 1 1.94658 1
62 75 1 -1.71641 1
62 76 1 1.96276 1
62 77 1 -3.55112 1
62 78 1 -1.12311 1
62 79 1 -1.98277 1
62 80 1 0.686334 1
62 81 1 1.92917 1
62 82 1 -1.16988 1
62 83 1 4.6944 1
62 84 1 -1.05872 0
62 85 1 0.0167178 1
62 86 1 3.79547 1
62 87 1 -1.43272 1
62 88 1 0.857041 1
62 89 1 -2.75492 1
62 90 1 -8.21352 1
62 91 1 1.51162 1
62 92 1 -0.716588 1
62 93 1 -0.989683 1
62 94 1 -0.207149 1
62 95 1 -1.339 1
62 5 1 0.447457 1
62 138 1 1.56268 0
62 152 1 1.17998 1
62 31 1 -0.669442 1
152 138 1 1.93479 1
138 84 1 -1.9113 1
63 64 1 3.39529 1
63 65 1 -1.27992 1
63 66 1 4.91577 1
63 67 1 -2.8405 1
63 68 1 1.72318 1
63 69 1 -4.08127 1
63 70 1 -2.76431 1
63 71 1 1.32484 1
63 72 1 -0.547 1
63 73 1 2.76483 1
63 74 1 -8.2985 1
63 75 1 0.782567 1
63 76 1 -0.475519 0
63 77 1 -0.139487 1
63 78 1 -0.593915 1
63 79 1 0.192117 1
63 80 1 3.43202 1
63 81 1 -3.05147 1
63 82 1 2.29852 1
63 83 1 -3.84024 1
63 84 1 -1.87519 1
63 85 1 -4.92118 1
63 86 1 6.36441 1
63 87 1 -2.73206 0
63 88 1 0.0887258 1
63 89 1 -3.04733 1
63 90 1 -0.221968 1
63 91 1 -2.27065 1
63 92 1 1.32586 1
63 93 1 0.68428 1
63 94 1 0.260184 1
63 95 1 -1.71449 1
63 141 1 5.26714 1
63 144 1 1.02534 1
144 76 1 -0.724578 0
144 147 1 3.24324 1
147 76 1 -2.30954 1
147 9 1 -2.14037 1
141 87 1 -5.3588 1
141 10 1 1.22048 1
