178 64 32
2.05513 -2.79838 -4.51071 4.93797 -5.31583 4.36112 -0.118587 4.12086 -1.47964 4.61265 2.12525 5.44822 -3.77626 -4.7324 -2.8356 -3.22007 2.38292 -0.525185 -0.138711 -1.54082 1.18771 0.177026 0.0957614 0.039436 -6.91554 0.0692379 3.46049 2.31469 -3.31476 -4.27445 -3.85886 -1.08698 -1.13285 0.400063 0.897434 3.29923 -4.1521 0.231911 -0.793703 -0.517161 -1.47195 0.721015 -2.7715 -4.08764 -4.88254 -3.60314 -5.04798 2.87199 -0.0427511 4.03754 0.00248713 -5.14153 -4.7558 0.0795392 -0.42043 3.43982 -3.45149 2.28443 0.70238 -1.78861 2.70785 -3.69424 -2.38614 -2.66914 -6.28721 -2.76383 4.61564 2.54524 -3.16241 2.42546 -2.51533 -4.62878 -4.03244 -3.18642 2.69978 4.40345 -0.562756 -1.76699 0.266075 -4.41664 1.58791 0.754555 -4.62223 0.738295 3.29318 1.90043 -3.97467 -0.574677 4.68248 1.35631 -1.54923 2.41564 -0.854585 -1.28459 0.675254 -0.4724 -1.80118 -1.50327 -2.1598 -1.51791 2.21805 -2.91939 -4.43608 -1.48958 -5.46369 1.51086 -1.51834 -2.68317 -1.46854 -1.74573 -3.13668 2.6433 2.70207 -5.30971 0.985749 -1.08982 -2.17326 0.351671 -0.268969 -0.941514 4.73685 -1.84769 -1.37631 -0.383139 0.983367 4.32165 0.711053 1.13781 1.1354 3.06098 0.569203 -0.524921 -2.59461 0.596005 -2.09254 -1.08308 -0.841179 -0.26281 -3.97799 -0.763798 2.71029 -3.4955 -1.15454 -3.20273 1.37773 2.34812 0.0895471 -2.13598 1.74162 -3.40668 -2.26655 0.550914 1.39811 -1.00096 1.03502 -0.478072 0.631614 1.70692 0.697644 0.464316 0.882388 -0.709412 -0.279324 0.995588 1.4413 0.0423214 1.81654 -0.531088 1.16344 0.351078 -0.397889 -0.424211 0.55765 0.0779129 -0.451331 -0.232777 -0.411316 -0.27018 
0 64 1 -3.78744 1
0 65 1 1.38177 1
0 66 1 2.67261 1
0 67 1 -0.260922 1
0 68 1 -2.83671 1
0 69 1 2.86383 1
0 70 1 2.90928 1
0 71 1 1.49304 1
0 72 1 1.24885 1
0 73 1 -0.246187 1
0 74 1 -1.85976 1
0 75 1 1.84283 1
0 76 1 1.98711 1
0 77 1 1.64394 1
0 78 1 -1.02125 1
0 79 1 -0.0927627 1
0 80 1 2.9265 1
0 81 1 3.64328 1
0 82 1 5.21616 1
0 83 1 0.6132 1
0 84 1 -1.62811 1
0 85 1 5.62631 1
0 86 1 -1.46271 1
0 87 1 -3.9093 1
0 88 1 2.63122 1
0 89 1 3.48111 1
0 90 1 2.76321 1
0 91 1 6.15916 1
0 92 1 -3.22219 1
0 93 1 -2.28705 1
0 94 1 1.08718 1
0 95 1 -0.305811 1
0 10 1 -3.73564 1
1 64 1 -0.0353693 1
1 65 1 -5.24641 1
1 66 1 2.08801 1
1 67 1 -5.25924 1
1 68 1 5.90226 1
1 69 1 -2.47494 1
1 70 1 4.28496 1
1 71 1 -0.300164 1
1 72 1 -2.69068 1
1 73 1 -1.54289 1
1 74 1 -2.46334 1
1 75 1 3.82754 1
1 76 1 -1.88091 1
1 77 1 7.9438 1
1 78 1 -0.978288 1
1 79 1 -1.99472 1
1 80 1 -2.43512 1
1 81 1 1.24747 1
1 82 1 -0.859408 1
1 83 1 -6.3417 1
1 84 1 -4.3916 1
1 85 1 -1.81795 1
1 86 1 3.15347 1
1 87 1 -0.368251 1
1 88 1 -0.526036 1
1 89 1 4.41707 1
1 90 1 -1.10602 1
1 91 1 -1.8522 1
1 92 1 0.484516 1
1 93 1 1.46439 1
1 94 1 -1.54301 1
1 95 1 -6.55734 1
1 27 1 -0.31802 1
2 64 1 0.144871 1
2 65 1 -2.35955 1
2 66 1 -5.75889 1
2 67 1 -2.89557 1
2 68 1 -2.09157 1
2 69 1 -0.311227 1
2 70 1 -1.14404 1
2 71 1 2.79239 1
2 72 1 -1.30878 1
2 73 1 -1.51649 1
2 74 1 -4.63281 1
2 75 1 0.674261 1
2 76 1 -4.2293 1
2 77 1 -2.13635 1
2 78 1 -0.130528 1
2 79 1 -2.89639 1
2 80 1 -6.32026 1
2 81 1 -5.82626 1
2 82 1 0.223769 1
2 83 1 -3.21917 1
2 84 1 -0.446233 1
2 85 1 3.732 1
2 86 1 -0.802048 1
2 87 1 -0.804018 1
2 88 1 -1.44024 1
2 89 1 -4.7009 1
2 90 1 -4.09768 1
2 91 1 -1.50384 1
2 92 1 3.34993 1
2 93 1 -2.1109 1
2 94 1 2.577 1
2 95 1 -1.45841 1
2 100 1 -0.475126 1
2 6 1 3.99084 1
2 110 1 -1.10694 1
3 64 1 -1.12957 1
3 65 1 -2.63048 1
3 66 1 0.488129 1
3 67 1 0.170497 1
3 68 1 5.84074 1
3 69 1 -1.30857 1
3 70 1 -3.32596 1
3 71 1 0.0825116 1
3 72 1 8.65092 1
3 73 1 0.481088 1
3 74 1 -1.45939 1
3 75 1 3.65727 1
3 76 1 -1.25676 1
3 77 1 1.01658 1
3 78 1 -2.11937 1
3 79 1 0.813179 1
3 80 1 -4.50755 1
3 81 1 0.283472 1
3 82 1 5.03785 1
3 83 1 4.13393 1
3 84 1 0.651811 1
3 85 1 -5.19071 1
3 86 1 0.39031 1
3 87 1 3.95062 1
3 88 1 -2.8652 1
3 89 1 3.51701 1
3 90 1 0.661245 1
3 91 1 2.99973 1
3 92 1 2.16685 1
3 93 1 -1.97617 1
3 94 1 -2.34422 1
3 95 1 4.65155 0
3 110 1 2.41977 1
110 95 1 -1.50097 0
110 111 1 -0.699593 0
110 132 1 3.34537 1
110 152 1 -0.0695281 1
110 126 1 -0.223278 1
110 20 1 -0.265522 1
110 16 1 0.790553 1
132 111 1 1.18919 1
111 95 1 -0.115427 1
4 64 1 1.85528 1
4 65 1 -0.572101 1
4 66 1 0.0625358 1
4 67 1 4.49708 1
4 68 1 0.266411 1
4 69 1 2.68903 1
4 70 1 -0.0425131 1
4 71 1 -0.614897 1
4 72 1 -2.30228 1
4 73 1 -1.98653 0
4 74 1 0.313667 1
4 75 1 -7.11012 0
4 76 1 0.87092 1
4 77 1 4.07661 1
4 78 1 -0.131857 1
4 79 1 0.669907 1
4 80 1 -6.0831 1
4 81 1 1.6014 1
4 82 1 1.09119 1
4 83 1 -1.58757 1
4 84 1 -1.67212 1
4 85 1 1.21015 1
4 86 1 1.46217 1
4 87 1 -2.00064 1
4 88 1 -2.5298 1
4 89 1 -1.94258 1
4 90 1 3.62994 1
4 91 1 -2.86784 1
4 92 1 -1.66361 1
4 93 1 1.38924 0
4 94 1 -1.90175 1
4 95 1 2.93629 1
4 101 1 3.25827 1
4 17 1 5.89801 1
4 118 1 2.08876 1
4 145 1 0.952465 1
4 119 1 -0.513566 1
145 93 1 -0.281148 1
118 73 1 -5.36885 1
101 75 1 2.20122 1
5 64 1 -1.70196 1
5 65 1 7.04596 1
5 66 1 -2.39488 1
5 67 1 9.68063 1
5 68 1 2.17181 1
5 69 1 3.58082 1
5 70 1 0.781956 1
5 71 1 -0.681298 1
5 72 1 1.14601 1
5 73 1 -1.51854 1
5 74 1 -1.83051 1
5 75 1 3.64329 1
5 76 1 3.25195 1
5 77 1 1.37587 1
5 78 1 0.326367 1
5 79 1 0.958883 1
5 80 1 2.65227 1
5 81 1 -0.909205 1
5 82 1 -0.809185 1
5 83 1 5.14413 1
5 84 1 3.62724 1
5 85 1 3.55403 1
5 86 1 -0.142822 1
5 87 1 1.73189 1
5 88 1 0.706094 1
5 89 1 -4.35216 1
5 90 1 -3.15532 1
5 91 1 -0.955008 1
5 92 1 -2.02616 1
5 93 1 0.204298 1
5 94 1 -1.77549 1
5 95 1 -0.0570333 1
5 28 1 3.23579 1
6 64 1 -0.49334 1
6 65 1 -1.75826 1
6 66 1 1.70927 1
6 67 1 4.14774 1
6 68 1 -3.87006 1
6 69 1 -2.80318 1
6 70 1 -4.83411 1
6 71 1 0.953189 1
6 72 1 3.10753 1
6 73 1 -2.98225 1
6 74 1 -4.56861 1
6 75 1 2.64077 1
6 76 1 5.70719 1
6 77 1 -2.94953 1
6 78 1 0.0488257 1
6 79 1 -3.74976 1
6 80 1 3.08405 1
6 81 1 -0.943949 1
6 82 1 1.49956 1
6 83 1 2.12514 1
6 84 1 2.20327 1
6 85 1 -5.78298 1
6 86 1 -0.837933 1
6 87 1 5.87487 1
6 88 1 -1.71623 1
6 89 1 -1.14115 1
6 90 1 3.82789 1
6 91 1 -0.440155 1
6 92 1 4.54298 1
6 93 1 -4.26664 1
6 94 1 -2.04456 1
6 95 1 3.34946 1
6 26 1 1.22813 1
7 64 1 1.93347 1
7 65 1 1.78421 1
7 66 1 1.81473 1
7 67 1 -5.2567 1
7 68 1 -2.46533 1
7 69 1 -2.16043 1
7 70 1 5.90934 1
7 71 1 4.37074 1
7 72 1 3.29934 1
7 73 1 -1.25616 1
7 74 1 -1.57628 1
7 75 1 0.559548 0
7 76 1 1.38209 1
7 77 1 2.55042 1
7 78 1 2.4475 1
7 79 1 2.20525 1
7 80 1 -1.44885 1
7 81 1 2.32348 1
7 82 1 -5.62037 0
7 83 1 0.220559 0
7 84 1 -3.52159 1
7 85 1 3.53708 1
7 86 1 0.13835 1
7 87 1 4.86348 1
7 88 1 -1.87443 1
7 89 1 -1.82732 1
7 90 1 2.41337 1
7 91 1 -2.46414 1
7 92 1 1.28121 1
7 93 1 -2.18647 1
7 94 1 -0.525792 1
7 95 1 1.8503 1
7 100 1 1.15237 1
7 127 1 3.46754 1
7 164 1 1.27678 1
164 75 1 1.57509 1
127 82 1 -4.3748 0
127 169 1 -0.264214 1
127 150 1 0.825954 1
169 82 1 -4.23199 1
100 83 1 3.84196 0
100 24 1 -1.27038 0
100 106 1 4.78242 1
100 166 1 0.329645 1
166 83 1 3.31993 1
106 24 1 -7.37315 1
106 6 1 -3.11069 1
8 64 1 1.81381 1
8 65 1 -3.34739 1
8 66 1 -0.976717 1
8 67 1 -0.134394 1
8 68 1 -2.30041 1
8 69 1 3.48334 1
8 70 1 1.32396 1
8 71 1 3.58714 1
8 72 1 3.68304 1
8 73 1 -3.25997 1
8 74 1 -2.07241 1
8 75 1 -2.3118 1
8 76 1 1.5342 1
8 77 1 4.21924 1
8 78 1 0.805448 1
8 79 1 -3.22124 1
8 80 1 1.4648 1
8 81 1 -3.72183 1
8 82 1 -1.83964 1
8 83 1 -3.62568 1
8 84 1 2.96235 1
8 85 1 8.08175 1
8 86 1 5.93744 1
8 87 1 3.39289 1
8 88 1 0.13109 1
8 89 1 5.00758 1
8 90 1 1.58035 1
8 91 1 -1.07508 1
8 92 1 2.29098 1
8 93 1 4.6756 1
8 94 1 5.64608 1
8 95 1 -1.10695 1
8 17 1 0.172506 1
9 64 1 -3.832 1
9 65 1 -2.67841 1
9 66 1 1.61892 1
9 67 1 -1.01744 1
9 68 1 -1.63944 1
9 69 1 -1.03059 1
9 70 1 -8.37084 1
9 71 1 -2.89869 1
9 72 1 3.42558 1
9 73 1 -1.03488 1
9 74 1 -0.715314 1
9 75 1 1.43864 1
9 76 1 4.56519 1
9 77 1 0.321037 1
9 78 1 2.77504 1
9 79 1 2.1593 0
9 80 1 -1.26131 1
9 81 1 1.55478 1
9 82 1 -2.22784 1
9 83 1 -2.93383 1
9 84 1 4.41825 1
9 85 1 1.19427 1
9 86 1 0.418681 1
9 87 1 -1.04044 1
9 88 1 3.16025 1
9 89 1 4.99913 1
9 90 1 -0.334321 1
9 91 1 0.149418 1
9 92 1 -1.54306 1
9 93 1 -0.715734 1
9 94 1 -4.30089 1
9 95 1 0.492714 1
9 103 1 -2.83897 1
9 130 1 -0.778274 1
9 157 1 -0.12832 1
157 79 1 0.455746 1
157 22 1 -0.163389 1
10 64 1 1.41 1
10 65 1 0.232015 1
10 66 1 4.05697 1
10 67 1 -2.98855 1
10 68 1 4.10624 1
10 69 1 -0.960501 1
10 70 1 -0.781396 1
10 71 1 -0.279368 1
10 72 1 5.4588 1
10 73 1 3.71488 1
10 74 1 -0.821524 0
10 75 1 0.928067 1
10 76 1 3.76824 1
10 77 1 0.613163 1
10 78 1 0.435417 1
10 79 1 -4.61069 1
10 80 1 -2.80183 1
10 81 1 5.15697 1
10 82 1 3.74809 1
10 83 1 1.54084 1
10 84 1 6.29742 1
10 85 1 2.44691 1
10 86 1 -2.54796 1
10 87 1 -2.20775 1
10 88 1 3.42143 1
10 89 1 1.58407 1
10 90 1 -0.95792 1
10 91 1 1.98681 1
10 92 1 -0.976117 1
10 93 1 -0.863295 1
10 94 1 4.81613 1
10 95 1 4.19657 0
10 124 1 2.90302 1
10 165 1 -0.423495 1
165 95 1 4.18856 1
124 74 1 -0.920065 1
124 12 1 2.77091 0
124 171 1 1.46202 1
171 12 1 1.61872 1
11 64 1 3.05673 1
11 65 1 2.33433 1
11 66 1 4.22849 1
11 67 1 -3.00364 1
11 68 1 2.18195 1
11 69 1 1.53011 1
11 70 1 3.29644 1
11 71 1 0.632125 1
11 72 1 -7.36092 1
11 73 1 0.628478 1
11 74 1 0.764901 0
11 75 1 -2.04155 1
11 76 1 -1.59912 1
11 77 1 0.860412 1
11 78 1 -1.25715 1
11 79 1 -0.50787 1
11 80 1 -2.04576 1
11 81 1 1.41911 1
11 82 1 4.771 0
11 83 1 3.29587 1
11 84 1 1.63904 1
11 85 1 -1.696 1
11 86 1 -4.20676 1
11 87 1 -0.034295 1
11 88 1 -6.81691 1
11 89 1 1.01228 1
11 90 1 0.579676 1
11 91 1 -1.32738 1
11 92 1 -1.37952 1
11 93 1 2.91279 1
11 94 1 -3.66379 1
11 95 1 -5.97434 1
11 120 1 -7.25367 1
11 109 1 -0.289787 1
11 154 1 1.86827 1
11 8 1 -1.41712 1
11 112 1 2.28271 1
154 82 1 4.2947 1
120 74 1 -2.82145 1
120 13 1 0.100192 0
120 150 1 3.97886 1
150 13 1 2.7128 0
150 163 1 2.70472 1
163 13 1 2.38998 1
12 64 1 -1.54356 1
12 65 1 -2.46995 0
12 66 1 0.515493 1
12 67 1 -2.83868 1
12 68 1 0.988366 1
12 69 1 3.01572 1
12 70 1 0.491414 1
12 71 1 -1.10691 1
12 72 1 3.5473 1
12 73 1 -3.2766 1
12 74 1 -2.4293 1
12 75 1 -0.468831 1
12 76 1 -1.44489 1
12 77 1 2.02898 1
12 78 1 -1.86926 1
12 79 1 -3.09783 1
12 80 1 -2.14251 1
12 81 1 -2.24419 1
12 82 1 5.14034 1
12 83 1 0.948512 1
12 84 1 2.98392 1
12 85 1 -0.771728 1
12 86 1 -3.59218 1
12 87 1 -3.01036 1
12 88 1 -2.04066 1
12 89 1 1.4857 1
12 90 1 -0.846289 1
12 91 1 -2.60616 1
12 92 1 3.51346 1
12 93 1 -2.32234 1
12 94 1 2.48866 1
12 95 1 -3.05577 1
12 17 1 1.22918 1
12 18 1 -0.109123 1
12 144 1 -2.02922 1
12 167 1 1.2708 1
12 11 1 -0.384711 1
167 65 1 -1.89595 1
13 64 1 -0.670893 1
13 65 1 -3.71162 1
13 66 1 -1.18761 1
13 67 1 0.394262 1
13 68 1 3.21404 1
13 69 1 -3.03177 1
13 70 1 0.900359 1
13 71 1 0.220431 1
13 72 1 0.561096 1
13 73 1 -0.510919 1
13 74 1 -0.700648 1
13 75 1 -1.31573 1
13 76 1 -0.887888 1
13 77 1 -2.19656 1
13 78 1 4.07313 1
13 79 1 2.98607 1
13 80 1 -0.281401 1
13 81 1 1.65086 1
13 82 1 2.78521 1
13 83 1 4.14898 1
13 84 1 -4.25011 1
13 85 1 7.40905 1
13 86 1 5.64309 1
13 87 1 7.56957 1
13 88 1 3.44492 1
13 89 1 -0.122488 1
13 90 1 -4.0527 1
13 91 1 -6.00837 1
13 92 1 -3.20735 1
13 93 1 -1.85584 1
13 94 1 -0.742167 1
13 95 1 -3.60382 1
14 64 1 -0.447614 1
14 65 1 6.37358 1
14 66 1 0.485038 1
14 67 1 1.32191 1
14 68 1 -1.20245 1
14 69 1 0.856328 1
14 70 1 -1.54797 1
14 71 1 1.04625 1
14 72 1 4.61641 1
14 73 1 2.30678 1
14 74 1 -0.0515496 1
14 75 1 2.82229 1
14 76 1 -4.44978 1
14 77 1 0.736051 1
14 78 1 -1.56938 1
14 79 1 -1.50483 1
14 80 1 -0.986515 1
14 81 1 1.14647 0
14 82 1 3.18407 1
14 83 1 0.022281 1
14 84 1 -1.05877 1
14 85 1 -2.00809 1
14 86 1 2.91257 1
14 87 1 -0.627739 1
14 88 1 -2.31111 1
14 89 1 1.2341 1
14 90 1 -0.859675 1
14 91 1 4.25671 1
14 92 1 4.61283 1
14 93 1 2.23019 1
14 94 1 5.26568 1
14 95 1 1.66786 1
14 104 1 -0.743569 1
14 119 1 1.15216 1
14 126 1 0.487703 1
119 81 1 4.81862 1
119 99 1 0.659234 1
15 64 1 0.494506 1
15 65 1 3.09208 1
15 66 1 -2.93668 1
15 67 1 -1.58612 1
15 68 1 0.998846 1
15 69 1 -4.11828 1
15 70 1 7.31859 1
15 71 1 -2.6624 1
15 72 1 -2.25903 1
15 73 1 0.199767 1
15 74 1 0.527523 1
15 75 1 -1.11874 1
15 76 1 -0.0670893 1
15 77 1 1.94637 1
15 78 1 -2.67422 1
15 79 1 1.11316 1
15 80 1 3.5924 1
15 81 1 -0.0821027 1
15 82 1 -4.33716 1
15 83 1 0.93051 1
15 84 1 0.84311 1
15 85 1 -2.59719 1
15 86 1 1.9564 1
15 87 1 -6.79205 1
15 88 1 0.488057 1
15 89 1 3.30992 1
15 90 1 0.0242819 1
15 91 1 -3.60169 1
15 92 1 1.69679 1
15 93 1 -1.32539 1
15 94 1 -0.68441 1
15 95 1 -1.73629 1
15 20 1 -2.84579 1
16 64 1 4.13012 1
16 65 1 -1.21011 1
16 66 1 -2.52864 1
16 67 1 -4.26648 1
16 68 1 0.827574 1
16 69 1 -0.171968 1
16 70 1 2.79422 1
16 71 1 5.72395 1
16 72 1 -1.29616 1
16 73 1 -1.74801 1
16 74 1 -0.0241762 1
16 75 1 1.23331 1
16 76 1 2.72701 1
16 77 1 1.48628 1
16 78 1 -2.14877 1
16 79 1 -1.17438 0
16 80 1 1.65509 1
16 81 1 3.48787 1
16 82 1 -3.85454 1
16 83 1 1.48974 1
16 84 1 -0.394858 1
16 85 1 -1.46728 1
16 86 1 0.538263 1
16 87 1 -0.884761 1
16 88 1 1.34746 1
16 89 1 1.79344 1
16 90 1 -4.2564 1
16 91 1 3.28952 1
16 92 1 3.08682 1
16 93 1 -3.05281 1
16 94 1 -0.782373 1
16 95 1 -3.09752 1
16 26 1 -2.22468 1
16 151 1 3.03296 1
151 79 1 -1.03163 1
17 64 1 -1.79015 1
17 65 1 0.672054 1
17 66 1 -0.795377 1
17 67 1 2.76974 1
17 68 1 0.52503 1
17 69 1 1.06307 1
17 70 1 0.126628 1
17 71 1 4.30628 1
17 72 1 -6.15978 0
17 73 1 1.67502 1
17 74 1 2.84888 1
17 75 1 -1.44392 1
17 76 1 -0.856957 1
17 77 1 2.76593 1
17 78 1 -1.78967 1
17 79 1 -3.9255 1
17 80 1 6.28126 1
17 81 1 2.68477 1
17 82 1 0.607969 1
17 83 1 -2.20991 1
17 84 1 -1.63829 1
17 85 1 1.80379 1
17 86 1 -1.16453 1
17 87 1 -2.66598 1
17 88 1 -6.8295 1
17 89 1 1.67957 1
17 90 1 -4.34406 1
17 91 1 4.82404 1
17 92 1 0.187059 1
17 93 1 2.58437 1
17 94 1 2.51523 1
17 95 1 1.22132 1
17 146 1 2.36192 1
146 72 1 -4.87839 0
146 30 1 -1.16232 1
146 177 1 0.575782 1
177 72 1 -4.57695 1
18 64 1 2.64264 1
18 65 1 -3.17708 1
18 66 1 3.04059 1
18 67 1 2.58274 1
18 68 1 -2.68301 1
18 69 1 0.15992 1
18 70 1 3.59854 1
18 71 1 -1.60208 1
18 72 1 0.814034 1
18 73 1 -0.687729 1
18 74 1 1.48164 1
18 75 1 -3.5804 1
18 76 1 2.77606 1
18 77 1 -0.803074 1
18 78 1 1.50146 1
18 79 1 2.39592 1
18 80 1 -7.30553 1
18 81 1 4.2444 1
18 82 1 -3.59176 1
18 83 1 4.2845 1
18 84 1 -4.02436 1
18 85 1 2.41257 1
18 86 1 5.82846 1
18 87 1 -4.14533 1
18 88 1 1.16959 1
18 89 1 -3.50933 1
18 90 1 0.0494597 1
18 91 1 -0.82441 1
18 92 1 -2.87822 1
18 93 1 2.14341 1
18 94 1 -0.9315 1
18 95 1 0.640183 1
18 25 1 -0.50253 1
18 18 1 -0.677624 1
18 139 1 2.09411 1
19 64 1 5.89575 1
19 65 1 -1.24477 1
19 66 1 6.19966 1
19 67 1 -2.07898 1
19 68 1 -1.4315 1
19 69 1 2.93629 1
19 70 1 -0.804196 1
19 71 1 0.0526635 1
19 72 1 3.75321 1
19 73 1 0.404222 1
19 74 1 -0.281688 1
19 75 1 0.982865 1
19 76 1 -4.9443 1
19 77 1 -0.239928 1
19 78 1 0.22985 1
19 79 1 6.4444 1
19 80 1 -2.22358 1
19 81 1 -2.79789 1
19 82 1 1.01703 1
19 83 1 -3.36316 1
19 84 1 2.13147 1
19 85 1 3.34522 1
19 86 1 -1.72448 1
19 87 1 3.41268 1
19 88 1 -0.479942 1
19 89 1 5.43307 1
19 90 1 -1.02373 1
19 91 1 -0.782476 1
19 92 1 -1.95433 1
19 93 1 -4.30953 1
19 94 1 -2.20576 1
19 95 1 -7.08314 1
20 64 1 1.44943 1
20 65 1 0.0535706 1
20 66 1 -3.11478 1
20 67 1 0.265064 1
20 68 1 0.0374237 1
20 69 1 1.04294 1
20 70 1 -2.80928 1
20 71 1 4.09635 1
20 72 1 -0.053658 1
20 73 1 2.2521 1
20 74 1 3.25191 1
20 75 1 3.21186 1
20 76 1 -0.222593 1
20 77 1 -3.54509 1
20 78 1 1.75904 1
20 79 1 1.68468 1
20 80 1 -0.108819 1
20 81 1 -0.396719 1
20 82 1 3.2704 1
20 83 1 0.797739 1
20 84 1 3.68793 1
20 85 1 -3.76033 1
20 86 1 0.320342 1
20 87 1 -0.273926 1
20 88 1 1.21587 1
20 89 1 0.823614 1
20 90 1 2.57808 1
20 91 1 2.32597 0
20 92 1 2.82233 1
20 93 1 1.35533 0
20 94 1 3.18169 0
20 95 1 1.37843 1
20 96 1 -2.31411 1
20 98 1 2.70872 1
20 103 1 2.10201 1
20 109 1 -0.858663 1
103 91 1 1.67931 0
103 105 1 4.10657 1
103 112 1 -1.6738 0
103 123 1 -1.48059 1
103 140 1 -1.41439 1
140 112 1 1.55747 1
123 91 1 0.563428 1
123 113 1 -0.26134 0
123 136 1 1.25709 1
123 137 1 1.37646 1
136 113 1 -1.69905 1
136 6 1 0.0323836 1
105 91 1 2.0116 0
105 129 1 -0.137808 1
129 91 1 0.191469 0
129 135 1 4.2919 1
129 116 1 0.0621231 1
135 91 1 -1.69661 1
98 93 1 2.81634 1
98 99 1 7.06199 1
98 15 1 0.754879 1
96 94 1 1.38516 1
96 20 1 -0.925158 0
96 155 1 1.58695 1
155 20 1 -2.08735 0
155 30 1 1.16452 1
155 176 1 1.46226 1
176 20 1 -1.99635 1
21 64 1 4.23945 1
21 65 1 7.5358 1
21 66 1 -5.9934 1
21 67 1 -5.02683 1
21 68 1 -1.3853 1
21 69 1 0.623344 1
21 70 1 0.594005 1
21 71 1 -5.33389 1
21 72 1 -7.6789 1
21 73 1 -2.05837 1
21 74 1 -1.05376 1
21 75 1 1.55018 1
21 76 1 -1.79381 1
21 77 1 -2.85662 1
21 78 1 0.122455 1
21 79 1 -2.54288 1
21 80 1 0.660413 1
21 81 1 -2.7506 1
21 82 1 -0.0283153 1
21 83 1 -1.99613 1
21 84 1 8.91051 1
21 85 1 0.467756 1
21 86 1 1.68096 1
21 87 1 -0.475037 1
21 88 1 4.80272 1
21 89 1 0.910985 1
21 90 1 -0.760905 1
21 91 1 -0.397397 0
21 92 1 2.63971 1
21 93 1 1.32901 1
21 94 1 -2.83031 1
21 95 1 0.235106 1
21 143 1 4.47544 1
143 91 1 -1.71431 1
22 64 1 0.727185 1
22 65 1 0.627709 1
22 66 1 1.47056 1
22 67 1 5.41586 1
22 68 1 -0.0754456 1
22 69 1 -1.60037 1
22 70 1 -2.63542 1
22 71 1 0.202212 1
22 72 1 -3.34064 1
22 73 1 0.909108 1
22 74 1 -5.30026 1
22 75 1 -2.31784 1
22 76 1 0.250889 1
22 77 1 -0.709185 1
22 78 1 4.73285 1
22 79 1 4.66588 1
22 80 1 1.61348 1
22 81 1 -2.91431 1
22 82 1 1.27576 1
22 83 1 0.304683 1
22 84 1 -1.16672 1
22 85 1 3.04653 1
22 86 1 -0.0138946 1
22 87 1 6.07178 1
22 88 1 -3.9049 1
22 89 1 -0.543794 1
22 90 1 1.00495 1
22 91 1 1.35322 1
22 92 1 0.709942 1
22 93 1 3.50975 1
22 94 1 6.0767 1
22 95 1 1.51812 1
23 64 1 -2.26534 1
23 65 1 1.38617 1
23 66 1 2.82341 1
23 67 1 3.17823 1
23 68 1 -3.69649 1
23 69 1 2.73338 1
23 70 1 4.02659 1
23 71 1 -4.89639 1
23 72 1 -1.98498 1
23 73 1 -1.53196 1
23 74 1 2.82803 1
23 75 1 1.93125 1
23 76 1 2.76961 1
23 77 1 3.69965 1
23 78 1 0.841529 1
23 79 1 -5.97951 1
23 80 1 1.73244 1
23 81 1 0.578374 1
23 82 1 -3.27745 1
23 83 1 -0.0896008 1
23 84 1 2.45782 1
23 85 1 -1.86395 1
23 86 1 -11.5214 1
23 87 1 -0.292171 1
23 88 1 2.32633 1
23 89 1 -1.52182 1
23 90 1 -6.05931 1
23 91 1 -2.23261 1
23 92 1 3.68329 1
23 93 1 3.35576 1
23 94 1 -3.07473 1
23 95 1 0.829749 1
23 107 1 -0.0182742 1
23 27 1 0.579194 1
24 64 1 -1.2512 1
24 65 1 2.00796 1
24 66 1 -1.02399 1
24 67 1 6.39744 1
24 68 1 -5.32877 1
24 69 1 2.89143 0
24 70 1 1.5174 1
24 71 1 4.24698 1
24 72 1 0.93436 1
24 73 1 1.6773 1
24 74 1 0.819285 1
24 75 1 -0.416637 1
24 76 1 -3.30004 1
24 77 1 0.93812 1
24 78 1 -6.53377 1
24 79 1 0.582181 1
24 80 1 5.33202 1
24 81 1 2.66176 1
24 82 1 -1.93779 1
24 83 1 -1.64085 1
24 84 1 -3.1612 1
24 85 1 0.177038 1
24 86 1 -4.7533 1
24 87 1 4.7814 1
24 88 1 -1.01928 1
24 89 1 9.25729 1
24 90 1 3.46979 1
24 91 1 -3.50883 1
24 92 1 -0.0172337 1
24 93 1 -1.03669 1
24 94 1 -0.18221 1
24 95 1 -4.67819 1
24 5 1 0.526453 1
24 168 1 -0.531694 1
168 69 1 3.91174 1
168 172 1 -0.0169401 1
25 64 1 -1.98433 1
25 65 1 1.91218 1
25 66 1 -1.96653 1
25 67 1 -2.88928 1
25 68 1 1.15449 1
25 69 1 -5.54103 1
25 70 1 0.666237 0
25 71 1 -2.64169 1
25 72 1 2.66788 1
25 73 1 3.74559 1
25 74 1 1.36913 1
25 75 1 -2.57573 1
25 76 1 1.39896 1
25 77 1 -0.342939 1
25 78 1 2.71601 1
25 79 1 1.06784 1
25 80 1 -0.882539 1
25 81 1 -1.23455 1
25 82 1 -1.69828 1
25 83 1 2.46225 1
25 84 1 -1.0381 1
25 85 1 -1.67009 1
25 86 1 4.9083 1
25 87 1 -0.613855 1
25 88 1 -1.42988 1
25 89 1 -1.26536 1
25 90 1 -3.40663 1
25 91 1 2.77748 1
25 92 1 4.13809 1
25 93 1 -1.41818 1
25 94 1 -2.35966 0
25 95 1 -3.29842 1
25 8 1 1.34288 1
25 6 1 -1.68061 1
25 121 1 0.048127 1
25 175 1 0.888724 1
175 94 1 -3.27055 1
121 70 1 6.28547 1
26 64 1 -3.21685 1
26 65 1 2.8687 1
26 66 1 -0.503055 1
26 67 1 1.7073 1
26 68 1 0.15654 1
26 69 1 1.40804 1
26 70 1 -1.25761 1
26 71 1 1.65892 1
26 72 1 -3.16239 1
26 73 1 0.91858 1
26 74 1 -8.75389 1
26 75 1 3.08289 1
26 76 1 1.37465 1
26 77 1 -4.62286 1
26 78 1 1.27696 1
26 79 1 -0.120099 1
26 80 1 -2.5727 1
26 81 1 2.83252 1
26 82 1 2.74363 1
26 83 1 2.71981 1
26 84 1 -4.20534 1
26 85 1 0.866009 1
26 86 1 -3.86994 1
26 87 1 1.62393 1
26 88 1 -3.53874 1
26 89 1 1.23189 1
26 90 1 -3.33432 1
26 91 1 -3.15122 1
26 92 1 0.602108 1
26 93 1 -2.05293 1
26 94 1 2.07395 1
26 95 1 -0.0173577 1
26 23 1 4.22975 1
26 15 1 -0.00680784 1
26 161 1 -1.68104 1
27 64 1 -2.59656 1
27 65 1 4.96911 1
27 66 1 2.92167 1
27 67 1 -0.0189545 1
27 68 1 2.15082 1
27 69 1 1.02918 1
27 70 1 5.58675 1
27 71 1 -5.27701 1
27 72 1 0.239263 1
27 73 1 1.5037 1
27 74 1 -3.82178 1
27 75 1 3.49432 1
27 76 1 -3.96939 1
27 77 1 0.713376 1
27 78 1 2.87196 1
27 79 1 0.823658 1
27 80 1 -0.622993 1
27 81 1 -1.98006 1
27 82 1 1.74315 1
27 83 1 0.616879 1
27 84 1 2.50217 1
27 85 1 -1.56123 1
27 86 1 -2.97912 1
27 87 1 -1.82188 1
27 88 1 -7.58504 1
27 89 1 -4.89563 1
27 90 1 4.81352 1
27 91 1 -3.05559 1
27 92 1 0.211476 1
27 93 1 -0.751834 1
27 94 1 1.02858 1
27 95 1 -1.254 1
27 9 1 3.89056 1
27 5 1 0.325375 1
28 64 1 2.78711 1
28 65 1 -0.201734 1
28 66 1 -0.716539 1
28 67 1 4.14405 1
28 68 1 5.65875 1
28 69 1 0.557119 1
28 70 1 -1.83436 1
28 71 1 -0.235924 1
28 72 1 -7.47316 1
28 73 1 0.574838 1
28 74 1 -2.19755 1
28 75 1 2.7122 1
28 76 1 1.25732 1
28 77 1 2.27523 1
28 78 1 -3.33795 1
28 79 1 2.80731 1
28 80 1 1.36776 1
28 81 1 -0.965326 1
28 82 1 4.01661 1
28 83 1 1.73012 1
28 84 1 4.21915 1
28 85 1 -4.86951 1
28 86 1 -1.75554 1
28 87 1 1.33579 1
28 88 1 -4.40133 1
28 89 1 1.51916 1
28 90 1 -1.60976 1
28 91 1 -0.16283 1
28 92 1 5.94189 1
28 93 1 -1.53414 1
28 94 1 5.28038 1
28 95 1 -2.55302 1
29 64 1 -1.24469 1
29 65 1 1.58654 1
29 66 1 -1.08248 1
29 67 1 2.36879 1
29 68 1 -7.53356 1
29 69 1 1.56421 1
29 70 1 -3.35156 1
29 71 1 -0.524834 1
29 72 1 1.01376 1
29 73 1 0.252447 1
29 74 1 -2.78366 1
29 75 1 -0.485135 1
29 76 1 -0.127345 1
29 77 1 1.19605 1
29 78 1 -5.83441 1
29 79 1 -3.21626 1
29 80 1 2.1736 1
29 81 1 2.47379 1
29 82 1 1.3 1
29 83 1 0.730834 1
29 84 1 0.228852 1
29 85 1 -1.59211 1
29 86 1 -2.81508 1
29 87 1 -2.88941 1
29 88 1 -1.87734 1
29 89 1 -3.94499 1
29 90 1 -0.151971 1
29 91 1 0.807497 1
29 92 1 2.33158 1
29 93 1 0.182898 1
29 94 1 -1.8301 1
29 95 1 1.86416 1
29 113 1 1.53541 1
30 64 1 -0.980355 1
30 65 1 6.03188 1
30 66 1 4.55547 1
30 67 1 -1.0704 1
30 68 1 -0.285788 1
30 69 1 1.77647 1
30 70 1 4.45549 1
30 71 1 -1.15817 1
30 72 1 -2.00278 1
30 73 1 3.53275 1
30 74 1 -1.22475 1
30 75 1 1.44637 1
30 76 1 2.4097 1
30 77 1 -1.80157 1
30 78 1 3.05859 1
30 79 1 5.18025 1
30 80 1 -2.19746 1
30 81 1 -0.701643 1
30 82 1 6.00031 1
30 83 1 2.37973 1
30 84 1 0.858001 1
30 85 1 -3.20396 1
30 86 1 -2.77868 1
30 87 1 -2.9735 1
30 88 1 1.11271 1
30 89 1 -1.96867 1
30 90 1 -0.511885 1
30 91 1 5.4723 1
30 92 1 -0.544033 1
30 93 1 2.75341 1
30 94 1 1.68076 1
30 95 1 -2.96906 1
30 28 1 0.920186 1
31 64 1 1.56314 1
31 65 1 -2.60968 1
31 66 1 -4.34189 1
31 67 1 7.69063 1
31 68 1 5.06348 1
31 69 1 1.46222 1
31 70 1 -0.751599 1
31 71 1 1.9155 1
31 72 1 -2.99688 1
31 73 1 0.0652508 1
31 74 1 3.64622 1
31 75 1 -0.418666 1
31 76 1 -2.12737 1
31 77 1 0.850891 1
31 78 1 -4.20347 1
31 79 1 -0.0572629 1
31 80 1 -1.273 1
31 81 1 -0.752067 1
31 82 1 -0.497702 1
31 83 1 -0.881621 1
31 84 1 -3.7216 1
31 85 1 -4.4498 1
31 86 1 1.13328 1
31 87 1 -4.02362 0
31 88 1 1.92008 1
31 89 1 -0.920624 1
31 90 1 -1.31301 1
31 91 1 -4.15376 1
31 92 1 -0.517594 1
31 93 1 -0.289284 1
31 94 1 2.78641 1
31 95 1 -0.292456 1
31 122 1 2.14603 1
31 10 1 -1.0533 1
31 117 1 -1.57686 1
122 87 1 -0.944388 1
32 64 1 6.63238 1
32 65 1 1.50222 1
32 66 1 -3.21164 1
32 67 1 2.56671 1
32 68 1 1.74606 1
32 69 1 4.36358 1
32 70 1 -0.456749 1
32 71 1 3.31141 1
32 72 1 -3.02326 1
32 73 1 2.28422 1
32 74 1 0.0168336 1
32 75 1 4.71759 1
32 76 1 0.413815 1
32 77 1 4.276 1
32 78 1 0.622838 1
32 79 1 -0.34338 1
32 80 1 0.691743 1
32 81 1 -0.55279 1
32 82 1 -1.91217 1
32 83 1 -2.32885 1
32 84 1 2.27522 1
32 85 1 -0.410222 1
32 86 1 0.402555 1
32 87 1 -1.66335 1
32 88 1 0.912936 1
32 89 1 -1.89862 1
32 90 1 2.9881 1
32 91 1 -4.66822 1
32 92 1 2.88194 1
32 93 1 1.64689 1
32 94 1 -0.691718 1
32 95 1 -1.06764 1
33 64 1 2.2657 1
33 65 1 -4.52851 1
33 66 1 -1.46948 1
33 67 1 -0.771007 1
33 68 1 -0.548725 1
33 69 1 -4.56174 1
33 70 1 2.98948 1
33 71 1 4.42499 1
33 72 1 2.96202 1
33 73 1 4.46811 1
33 74 1 0.766915 1
33 75 1 -7.0353 1
33 76 1 -4.29781 1
33 77 1 1.30812 1
33 78 1 -1.47112 1
33 79 1 -4.42907 1
33 80 1 0.737166 1
33 81 1 -2.59059 1
33 82 1 -1.31062 1
33 83 1 0.77736 1
33 84 1 -0.0621762 1
33 85 1 0.864221 1
33 86 1 3.83516 1
33 87 1 1.7799 1
33 88 1 3.36177 1
33 89 1 4.91697 1
33 90 1 -3.12003 1
33 91 1 -1.31868 1
33 92 1 1.48311 1
33 93 1 2.66366 1
33 94 1 1.5712 1
33 95 1 1.34562 1
33 20 1 -0.35052 1
33 107 1 -0.930287 1
33 13 1 0.576141 1
33 113 1 -2.17331 1
34 64 1 -0.322122 1
34 65 1 -1.04196 1
34 66 1 2.84781 1
34 67 1 0.430097 1
34 68 1 -0.466628 1
34 69 1 -0.999502 1
34 70 1 -3.18433 1
34 71 1 -2.9802 1
34 72 1 -3.98311 1
34 73 1 -3.88667 1
34 74 1 3.07161 1
34 75 1 7.32643 1
34 76 1 -2.16117 1
34 77 1 0.359125 1
34 78 1 -0.817882 1
34 79 1 0.321329 1
34 80 1 2.87108 1
34 81 1 -1.61011 1
34 82 1 2.0927 1
34 83 1 1.33428 1
34 84 1 0.168194 1
34 85 1 -0.981037 1
34 86 1 -1.84088 1
34 87 1 -0.607197 1
34 88 1 -0.442364 1
34 89 1 0.522247 1
34 90 1 -6.52211 1
34 91 1 3.39922 1
34 92 1 3.90783 1
34 93 1 -1.41632 1
34 94 1 3.69425 1
34 95 1 2.88076 1
34 113 1 -0.969967 1
35 64 1 1.39508 1
35 65 1 -2.12041 1
35 66 1 -0.91821 1
35 67 1 5.21735 1
35 68 1 2.53277 1
35 69 1 2.32454 1
35 70 1 3.18437 1
35 71 1 3.26624 1
35 72 1 2.39746 1
35 73 1 6.12303 1
35 74 1 1.14989 1
35 75 1 -2.61784 1
35 76 1 -3.97726 1
35 77 1 1.69727 1
35 78 1 -1.3725 1
35 79 1 3.79366 1
35 80 1 -6.90428 1
35 81 1 -0.520948 1
35 82 1 4.08018 0
35 83 1 -3.03831 1
35 84 1 6.75082 1
35 85 1 -4.63703 1
35 86 1 -1.22915 1
35 87 1 -3.06354 1
35 88 1 -0.471783 1
35 89 1 2.47225 0
35 90 1 -0.152252 1
35 91 1 -1.84209 1
35 92 1 -3.27524 1
35 93 1 -4.83882 1
35 94 1 0.140754 1
35 95 1 0.300064 1
35 130 1 0.720528 1
35 133 1 6.18123 1
133 82 1 1.21317 1
130 89 1 0.172226 1
130 109 1 -0.656477 1
36 64 1 3.10085 1
36 65 1 2.63424 1
36 66 1 2.0622 1
36 67 1 -0.175244 1
36 68 1 -5.37522 1
36 69 1 -3.07713 1
36 70 1 -2.57547 1
36 71 1 1.15843 1
36 72 1 -2.88534 1
36 73 1 -0.423989 1
36 74 1 -1.45659 1
36 75 1 0.462308 1
36 76 1 1.2958 1
36 77 1 -5.10546 1
36 78 1 1.66471 1
36 79 1 4.71201 1
36 80 1 4.67112 1
36 81 1 0.107158 1
36 82 1 -0.0361048 0
36 83 1 -0.122474 1
36 84 1 3.18163 1
36 85 1 -3.66665 1
36 86 1 0.768894 1
36 87 1 0.567348 1
36 88 1 -2.87954 1
36 89 1 0.390136 1
36 90 1 -3.84221 1
36 91 1 0.879895 1
36 92 1 5.12936 1
36 93 1 2.55355 1
36 94 1 -2.05915 1
36 95 1 8.04269 1
36 109 1 0.261503 0
36 24 1 -2.94352 1
36 117 1 1.57257 1
117 109 1 1.74201 1
117 4 1 1.09893 1
109 82 1 0.683077 1
109 31 1 2.11806 1
37 64 1 -4.95016 1
37 65 1 1.52876 1
37 66 1 -4.21267 1
37 67 1 -0.502534 1
37 68 1 -3.83682 1
37 69 1 2.83985 1
37 70 1 -5.95903 1
37 71 1 -1.64404 1
37 72 1 1.47279 1
37 73 1 1.76338 1
37 74 1 0.0563839 1
37 75 1 -0.671998 1
37 76 1 1.83888 0
37 77 1 3.50397 1
37 78 1 -0.352629 1
37 79 1 0.490091 1
37 80 1 -0.213088 1
37 81 1 2.4029 1
37 82 1 2.13418 1
37 83 1 3.18858 1
37 84 1 -4.844 1
37 85 1 2.80435 1
37 86 1 -0.788368 1
37 87 1 -0.24358 1
37 88 1 -2.03532 1
37 89 1 -3.65971 1
37 90 1 -2.94214 1
37 91 1 1.01199 1
37 92 1 2.98359 1
37 93 1 -0.0232342 1
37 94 1 -0.879293 1
37 95 1 1.2466 1
37 142 1 0.341694 1
37 160 1 -0.260176 1
142 76 1 -0.497103 1
142 147 1 -0.660735 1
142 6 1 -0.032426 1
38 64 1 1.47008 1
38 65 1 -1.16695 1
38 66 1 -1.82378 1
38 67 1 -3.23814 1
38 68 1 -0.498641 1
38 69 1 -5.36263 1
38 70 1 0.21645 1
38 71 1 -0.465126 1
38 72 1 2.43864 1
38 73 1 2.29939 1
38 74 1 -1.84906 1
38 75 1 4.09092 1
38 76 1 2.87917 1
38 77 1 -2.33374 1
38 78 1 -0.421609 1
38 79 1 -0.412261 1
38 80 1 -1.36847 1
38 81 1 -2.57943 1
38 82 1 2.80537 1
38 83 1 -1.87837 1
38 84 1 -1.17008 1
38 85 1 -1.89289 1
38 86 1 -0.628377 1
38 87 1 1.50176 0
38 88 1 2.69798 1
38 89 1 4.74396 1
38 90 1 -1.97219 1
38 91 1 2.23418 1
38 92 1 3.19775 0
38 93 1 -0.139264 1
38 94 1 -0.441408 1
38 95 1 -2.85721 1
38 148 1 3.88119 1
38 162 1 0.119454 1
162 87 1 -0.00682982 1
148 92 1 2.39762 1
39 64 1 1.72943 1
39 65 1 -2.27497 1
39 66 1 0.969397 1
39 67 1 -1.89752 1
39 68 1 0.866537 1
39 69 1 -1.12047 1
39 70 1 0.0332756 1
39 71 1 -1.27432 1
39 72 1 -3.54958 1
39 73 1 -3.50695 1
39 74 1 0.986197 1
39 75 1 4.04814 0
39 76 1 4.8545 0
39 77 1 0.604448 1
39 78 1 -4.23085 1
39 79 1 -3.75144 1
39 80 1 -1.88709 1
39 81 1 -2.43105 1
39 82 1 -3.53352 1
39 83 1 -3.13677 1
39 84 1 -2.98599 1
39 85 1 0.948769 1
39 86 1 -0.0309155 1
39 87 1 1.24209 1
39 88 1 -0.718045 1
39 89 1 0.301895 1
39 90 1 4.43859 1
39 91 1 0.818207 1
39 92 1 5.72594 1
39 93 1 1.5307 1
39 94 1 -4.62652 1
39 95 1 -0.859523 1
39 2 1 -3.77889 1
39 112 1 4.21004 1
39 13 1 -0.124272 1
39 104 1 -0.141695 1
39 172 1 2.38973 1
172 76 1 4.32392 1
172 28 1 0.637973 1
112 75 1 -2.11164 1
112 138 1 -1.35426 1
112 153 1 0.946398 0
112 170 1 0.245759 1
112 113 1 0.85526 1
170 153 1 -2.27393 1
170 126 1 1.83244 1
40 64 1 -5.06328 1
40 65 1 -0.683488 1
40 66 1 2.1796 1
40 67 1 1.14177 1
40 68 1 1.75458 1
40 69 1 2.17955 1
40 70 1 -2.32639 1
40 71 1 1.51458 1
40 72 1 2.16905 1
40 73 1 1.40356 1
40 74 1 -2.15428 1
40 75 1 0.920718 1
40 76 1 -3.34189 1
40 77 1 3.32517 1
40 78 1 3.54893 1
40 79 1 -0.938728 1
40 80 1 2.83594 1
40 81 1 1.02963 1
40 82 1 1.2615 1
40 83 1 -4.44454 1
40 84 1 -1.74899 1
40 85 1 -0.078138 1
40 86 1 2.34684 1
40 87 1 0.166529 1
40 88 1 1.43257 1
40 89 1 -0.796332 1
40 90 1 -0.203238 1
40 91 1 -1.09859 1
40 92 1 -4.63521 1
40 93 1 0.485963 1
40 94 1 -0.662635 1
40 95 1 4.52486 1
40 2 1 0.458441 1
40 134 1 2.35126 1
41 64 1 4.64311 1
41 65 1 -0.0224589 1
41 66 1 0.169315 1
41 67 1 1.36295 1
41 68 1 2.94451 1
41 69 1 -0.915075 1
41 70 1 1.47476 1
41 71 1 -0.631754 1
41 72 1 3.99811 1
41 73 1 -6.01712 1
41 74 1 1.449 1
41 75 1 4.58122 1
41 76 1 -4.94593 1
41 77 1 0.862716 1
41 78 1 -4.6786 1
41 79 1 1.75208 1
41 80 1 1.97372 1
41 81 1 4.49369 1
41 82 1 -2.06066 1
41 83 1 2.95708 1
41 84 1 -2.77712 1
41 85 1 0.0963412 1
41 86 1 1.12438 1
41 87 1 1.74382 1
41 88 1 3.16204 1
41 89 1 0.232395 1
41 90 1 -1.57192 1
41 91 1 1.47014 1
41 92 1 0.822367 1
41 93 1 -0.254044 1
41 94 1 -2.6936 1
41 95 1 0.788495 1
41 11 1 0.33723 1
41 29 1 -3.08634 1
41 97 1 -1.40829 1
42 64 1 2.33544 1
42 65 1 -0.1594 1
42 66 1 -2.02684 1
42 67 1 2.8921 1
42 68 1 -2.56243 1
42 69 1 0.660078 1
42 70 1 -0.200906 1
42 71 1 0.0755885 1
42 72 1 -1.579 1
42 73 1 -1.48639 1
42 74 1 3.47303 1
42 75 1 -3.84059 1
42 76 1 -3.74688 1
42 77 1 -0.428018 1
42 78 1 -0.681 1
42 79 1 1.90953 1
42 80 1 -1.38892 1
42 81 1 2.63425 1
42 82 1 3.36604 1
42 83 1 2.79117 1
42 84 1 1.43848 1
42 85 1 -1.1039 1
42 86 1 1.73914 1
42 87 1 -3.04789 1
42 88 1 -1.92148 1
42 89 1 -0.99931 1
42 90 1 3.21668 1
42 91 1 1.82362 1
42 92 1 1.58463 1
42 93 1 1.73291 1
42 94 1 -4.52254 1
42 95 1 -0.144275 1
43 64 1 1.12333 1
43 65 1 -1.91078 1
43 66 1 4.31459 1
43 67 1 1.62989 1
43 68 1 0.425606 1
43 69 1 -2.64064 1
43 70 1 1.22149 1
43 71 1 -4.59386 1
43 72 1 0.595525 1
43 73 1 -7.88439 1
43 74 1 3.32505 1
43 75 1 -2.33363 1
43 76 1 -1.89831 1
43 77 1 1.20418 1
43 78 1 1.49251 1
43 79 1 -3.60844 1
43 80 1 -0.300347 1
43 81 1 2.12627 1
43 82 1 2.29035 1
43 83 1 -2.34343 1
43 84 1 -2.35642 1
43 85 1 3.06412 1
43 86 1 3.15416 1
43 87 1 5.83717 1
43 88 1 1.86313 1
43 89 1 2.67614 1
43 90 1 -0.439212 1
43 91 1 -3.64666 1
43 92 1 3.14941 1
43 93 1 2.19049 1
43 94 1 -1.22627 1
43 95 1 1.00945 1
44 64 1 -0.145664 1
44 65 1 -4.19254 1
44 66 1 -1.12333 1
44 67 1 -2.02062 1
44 68 1 0.514856 1
44 69 1 -2.92106 1
44 70 1 3.00288 1
44 71 1 3.2207 1
44 72 1 -2.74974 1
44 73 1 2.61014 1
44 74 1 -1.76743 1
44 75 1 -4.29376 1
44 76 1 -0.900111 1
44 77 1 2.3591 1
44 78 1 2.55916 1
44 79 1 0.869835 1
44 80 1 4.61009 1
44 81 1 -1.92051 1
44 82 1 2.07437 1
44 83 1 -0.443883 1
44 84 1 1.0382 1
44 85 1 -1.02777 1
44 86 1 3.08376 1
44 87 1 0.448306 1
44 88 1 0.982366 1
44 89 1 1.09623 1
44 90 1 1.89465 1
44 91 1 2.5042 1
44 92 1 -1.6031 1
44 93 1 3.35992 1
44 94 1 -2.80416 1
44 95 1 -2.64964 1
44 8 1 -1.70365 1
44 29 1 1.35247 1
45 64 1 -0.539513 1
45 65 1 0.602984 1
45 66 1 -0.187859 1
45 67 1 3.12253 1
45 68 1 0.934082 1
45 69 1 -6.25343 1
45 70 1 -3.59362 1
45 71 1 0.529592 1
45 72 1 -3.52472 1
45 73 1 2.65572 1
45 74 1 4.74327 1
45 75 1 2.53543 1
45 76 1 -1.85344 1
45 77 1 -0.823515 1
45 78 1 -2.90256 1
45 79 1 3.46832 1
45 80 1 -1.69882 1
45 81 1 2.26949 1
45 82 1 0.547058 1
45 83 1 -4.67228 1
45 84 1 0.0615079 1
45 85 1 -3.47981 1
45 86 1 1.37913 1
45 87 1 0.637869 1
45 88 1 2.83433 1
45 89 1 -2.79158 1
45 90 1 -0.749216 1
45 91 1 3.4474 1
45 92 1 -3.78674 1
45 93 1 -7.63286 1
45 94 1 1.88868 1
45 95 1 -5.39198 1
45 9 1 5.45153 1
45 20 1 0.447583 1
45 17 1 -1.12181 1
46 64 1 0.618824 1
46 65 1 0.395652 1
46 66 1 3.26787 1
46 67 1 1.83806 1
46 68 1 -5.01672 1
46 69 1 -0.385128 1
46 70 1 1.31364 1
46 71 1 -2.26088 1
46 72 1 4.04896 1
46 73 1 -3.89837 1
46 74 1 -1.14595 1
46 75 1 -1.01142 1
46 76 1 -5.72561 1
46 77 1 5.12891 1
46 78 1 0.406839 1
46 79 1 -1.98592 1
46 80 1 2.69365 1
46 81 1 1.99641 1
46 82 1 -0.363136 1
46 83 1 2.94024 1
46 84 1 -0.342474 1
46 85 1 3.28755 1
46 86 1 -2.08214 1
46 87 1 5.8241 1
46 88 1 0.40149 1
46 89 1 -4.72058 1
46 90 1 -3.56011 1
46 91 1 0.447396 1
46 92 1 -0.261755 1
46 93 1 -2.18867 1
46 94 1 1.82693 1
46 95 1 -0.781 1
46 24 1 1.62147 1
47 64 1 0.701445 1
47 65 1 0.433388 1
47 66 1 -0.763542 1
47 67 1 2.23259 1
47 68 1 -0.486168 1
47 69 1 2.00316 1
47 70 1 -2.06533 1
47 71 1 0.284437 1
47 72 1 0.0258383 1
47 73 1 5.06044 0
47 74 1 -2.36553 1
47 75 1 -0.967235 1
47 76 1 -2.88711 1
47 77 1 -8.01335 1
47 78 1 -2.63392 1
47 79 1 -0.224279 1
47 80 1 5.05145 1
47 81 1 -4.53337 1
47 82 1 2.45279 1
47 83 1 -0.427534 1
47 84 1 -3.44569 1
47 85 1 -0.664774 1
47 86 1 -2.15963 1
47 87 1 6.043 1
47 88 1 4.66452 1
47 89 1 1.46858 1
47 90 1 4.7458 1
47 91 1 1.58309 1
47 92 1 0.7505 1
47 93 1 0.76317 1
47 94 1 2.7431 1
47 95 1 -0.725465 1
47 4 1 0.47258 1
47 137 1 2.17906 1
137 73 1 3.16039 0
137 156 1 -0.553429 1
156 73 1 2.48883 1
156 15 1 -0.79969 1
156 104 1 1.10502 1
48 64 1 -0.626718 1
48 65 1 0.405594 1
48 66 1 3.92315 1
48 67 1 -3.46247 1
48 68 1 -5.88054 1
48 69 1 -5.09996 1
48 70 1 0.286546 1
48 71 1 1.9865 1
48 72 1 -7.29142 1
48 73 1 4.32276 1
48 74 1 5.00368 1
48 75 1 -4.55725 1
48 76 1 -0.775202 1
48 77 1 -1.39636 1
48 78 1 -0.949429 1
48 79 1 2.76386 1
48 80 1 -1.7167 1
48 81 1 -3.30541 1
48 82 1 -1.18783 1
48 83 1 -0.266129 1
48 84 1 0.608822 1
48 85 1 0.655894 1
48 86 1 -1.57681 1
48 87 1 0.580613 1
48 88 1 -0.778863 1
48 89 1 -1.28744 1
48 90 1 2.26439 1
48 91 1 -1.10301 1
48 92 1 -5.91613 1
48 93 1 0.640749 1
48 94 1 6.27598 1
48 95 1 2.87273 1
48 16 1 0.596278 1
48 12 1 0.642227 1
48 14 1 -1.79354 1
48 30 1 1.78772 1
49 64 1 -0.618198 1
49 65 1 -4.69378 1
49 66 1 1.22253 1
49 67 1 -1.30751 1
49 68 1 -4.18848 1
49 69 1 0.622039 1
49 70 1 -0.728309 1
49 71 1 -1.7401 1
49 72 1 -2.56401 1
49 73 1 0.649764 1
49 74 1 2.54687 1
49 75 1 0.963707 1
49 76 1 -6.55334 1
49 77 1 -4.45872 1
49 78 1 -0.93652 0
49 79 1 2.70949 1
49 80 1 5.251 1
49 81 1 -3.64153 1
49 82 1 1.28262 1
49 83 1 -0.622415 1
49 84 1 1.82889 1
49 85 1 -1.72232 1
49 86 1 -2.17938 1
49 87 1 -2.00511 1
49 88 1 1.36165 1
49 89 1 2.58759 1
49 90 1 -3.04008 1
49 91 1 3.29699 1
49 92 1 2.22856 1
49 93 1 2.58431 1
49 94 1 0.936428 1
49 95 1 4.3026 1
49 19 1 -1.50842 1
49 31 1 -0.407392 1
49 15 1 -2.13231 1
49 158 1 0.988894 1
49 26 1 0.0173829 1
49 144 1 -3.43051 1
158 78 1 -0.574779 1
50 64 1 -4.68559 1
50 65 1 -2.76155 1
50 66 1 1.46409 1
50 67 1 -1.06459 1
50 68 1 2.00955 1
50 69 1 -2.25535 1
50 70 1 0.203373 1
50 71 1 5.86422 1
50 72 1 -3.58711 1
50 73 1 3.96442 1
50 74 1 -1.29964 1
50 75 1 1.57308 1
50 76 1 -1.19435 1
50 77 1 -1.69643 1
50 78 1 1.57411 1
50 79 1 -1.42779 1
50 80 1 2.34631 1
50 81 1 -0.621565 1
50 82 1 -2.97027 1
50 83 1 3.36216 1
50 84 1 1.00046 1
50 85 1 4.10703 1
50 86 1 3.97672 1
50 87 1 -3.2186 1
50 88 1 -2.14145 1
50 89 1 -0.269475 1
50 90 1 1.25944 1
50 91 1 -0.201536 1
50 92 1 -0.0568062 1
50 93 1 -2.27309 1
50 94 1 -1.43794 1
50 95 1 0.907377 1
50 4 1 5.02348 1
50 22 1 0.597227 1
51 64 1 -1.56847 1
51 65 1 3.65039 1
51 66 1 3.43472 1
51 67 1 -2.90311 1
51 68 1 -0.832966 1
51 69 1 -0.23353 1
51 70 1 0.973176 1
51 71 1 4.82949 1
51 72 1 -5.48125 1
51 73 1 -2.02394 0
51 74 1 -3.15379 1
51 75 1 4.67869 1
51 76 1 -2.40531 1
51 77 1 2.87931 1
51 78 1 5.58096 1
51 79 1 -0.881651 1
51 80 1 0.789086 1
51 81 1 -1.91832 1
51 82 1 -0.437826 1
51 83 1 5.04062 1
51 84 1 -1.58167 1
51 85 1 -0.624022 1
51 86 1 -0.872252 1
51 87 1 2.87477 1
51 88 1 -0.249823 1
51 89 1 -0.747357 1
51 90 1 -0.584336 1
51 91 1 -2.71076 1
51 92 1 2.72126 1
51 93 1 4.96202 1
51 94 1 -4.96343 1
51 95 1 -3.02824 1
51 116 1 1.67407 1
51 12 1 -1.06065 1
116 73 1 0.208216 0
116 134 1 2.36197 1
134 73 1 4.36693 1
134 128 1 2.37488 1
52 64 1 -3.20439 1
52 65 1 3.94766 1
52 66 1 -0.288326 1
52 67 1 1.58577 1
52 68 1 0.52231 1
52 69 1 6.17251 1
52 70 1 4.06509 1
52 71 1 -1.19103 1
52 72 1 -0.900963 1
52 73 1 2.45783 1
52 74 1 4.21282 1
52 75 1 2.30464 1
52 76 1 -4.53751 1
52 77 1 0.841105 1
52 78 1 3.23134 1
52 79 1 -2.97811 1
52 80 1 0.0847518 1
52 81 1 -1.07618 1
52 82 1 -1.40332 1
52 83 1 -0.819988 1
52 84 1 0.0185033 1
52 85 1 -0.0284033 1
52 86 1 -6.89425 1
52 87 1 0.592532 1
52 88 1 1.03561 1
52 89 1 -0.0191809 1
52 90 1 -0.432987 1
52 91 1 0.0547763 1
52 92 1 1.11711 1
52 93 1 -3.78957 0
52 94 1 3.42213 1
52 95 1 1.89943 1
52 115 1 0.450772 1
52 139 1 1.4083 1
52 23 1 -1.66808 1
139 93 1 -0.53459 1
53 64 1 -3.28966 1
53 65 1 0.67283 1
53 66 1 -1.71442 1
53 67 1 -2.664 1
53 68 1 -0.275721 1
53 69 1 1.7085 1
53 70 1 0.865444 0
53 71 1 0.511108 1
53 72 1 -0.727881 1
53 73 1 -0.292381 1
53 74 1 0.836775 1
53 75 1 -2.71891 1
53 76 1 -0.137843 1
53 77 1 2.09946 1
53 78 1 -0.119001 1
53 79 1 0.918657 1
53 80 1 0.770019 1
53 81 1 2.95996 1
53 82 1 2.15775 1
53 83 1 -1.85566 1
53 84 1 1.48926 1
53 85 1 2.54399 1
53 86 1 0.637185 1
53 87 1 -0.677334 1
53 88 1 -0.409532 1
53 89 1 -1.03793 1
53 90 1 -2.94047 1
53 91 1 1.01824 1
53 92 1 3.24918 1
53 93 1 -0.964769 1
53 94 1 -0.721033 1
53 95 1 -2.36375 1
53 20 1 4.96898 1
53 23 1 -0.355955 1
53 149 1 -1.46445 1
149 70 1 -2.93054 0
149 153 1 0.580475 1
149 126 1 -0.430235 1
153 70 1 -0.201025 1
54 64 1 1.85684 1
54 65 1 0.0526262 1
54 66 1 -1.56987 1
54 67 1 1.20753 1
54 68 1 5.63185 1
54 69 1 -3.40279 1
54 70 1 1.38562 1
54 71 1 4.73501 1
54 72 1 1.03924 1
54 73 1 0.147903 1
54 74 1 -0.0174056 1
54 75 1 -1.92432 1
54 76 1 -5.0202 1
54 77 1 1.29302 1
54 78 1 -3.05575 1
54 79 1 2.16873 1
54 80 1 1.6688 1
54 81 1 4.72172 1
54 82 1 -1.87354 1
54 83 1 4.57213 1
54 84 1 1.09876 1
54 85 1 0.13358 1
54 86 1 -4.82852 1
54 87 1 -0.494028 1
54 88 1 1.54756 1
54 89 1 4.67459 1
54 90 1 -2.93231 1
54 91 1 2.55964 1
54 92 1 -2.30573 1
54 93 1 3.12599 1
54 94 1 -3.69041 1
54 95 1 -1.82677 1
54 30 1 -0.0682647 1
54 144 1 2.03758 1
55 64 1 0.526593 1
55 65 1 -3.40062 1
55 66 1 -3.57754 1
55 67 1 -2.09471 1
55 68 1 0.777894 1
55 69 1 0.835542 1
55 70 1 3.16991 1
55 71 1 -5.00592 1
55 72 1 2.59395 1
55 73 1 -1.06627 1
55 74 1 2.98233 1
55 75 1 -3.33539 1
55 76 1 -4.82195 1
55 77 1 0.654598 1
55 78 1 1.58043 1
55 79 1 4.95795 1
55 80 1 -0.743752 1
55 81 1 1.85671 1
55 82 1 -1.33561 1
55 83 1 0.845486 1
55 84 1 -0.128389 1
55 85 1 -7.32348 1
55 86 1 0.250609 1
55 87 1 -1.59552 1
55 88 1 -5.71802 1
55 89 1 1.53119 1
55 90 1 -1.14339 1
55 91 1 0.677154 1
55 92 1 9.66263 1
55 93 1 -4.07171 1
55 94 1 -3.97735 1
55 95 1 -2.68049 0
55 28 1 4.85 1
55 114 1 0.20101 1
55 0 1 -3.83421 1
55 2 1 0.903588 1
114 95 1 -0.191668 1
56 64 1 4.16854 1
56 65 1 -9.27532 1
56 66 1 -0.0102982 1
56 67 1 -0.18142 1
56 68 1 2.30417 0
56 69 1 -1.72073 1
56 70 1 0.973839 1
56 71 1 2.81457 1
56 72 1 -2.20152 1
56 73 1 -0.0677875 1
56 74 1 3.22071 1
56 75 1 4.99289 1
56 76 1 -2.24326 1
56 77 1 -2.06296 1
56 78 1 -3.16937 1
56 79 1 -1.13831 1
56 80 1 -0.533715 1
56 81 1 6.74218 1
56 82 1 2.63456 1
56 83 1 -1.30927 1
56 84 1 -2.0867 1
56 85 1 -0.173855 1
56 86 1 3.11796 1
56 87 1 0.661055 1
56 88 1 2.06753 1
56 89 1 1.69423 1
56 90 1 -0.62716 1
56 91 1 -1.12911 1
56 92 1 1.28062 1
56 93 1 3.05306 1
56 94 1 -1.14378 1
56 95 1 -2.07756 1
56 3 1 -3.60448 1
56 126 1 4.52872 1
56 0 1 0.334005 1
126 68 1 2.46978 1
126 11 1 -2.4947 1
57 64 1 -3.9301 1
57 65 1 6.83434 1
57 66 1 -2.1737 1
57 67 1 -2.83234 1
57 68 1 -0.03444 1
57 69 1 -1.07822 0
57 70 1 0.671331 1
57 71 1 3.0651 1
57 72 1 1.76706 1
57 73 1 -1.96825 1
57 74 1 1.49934 1
57 75 1 4.78326 1
57 76 1 4.72361 1
57 77 1 -5.58498 1
57 78 1 2.35125 1
57 79 1 -2.28306 1
57 80 1 3.06271 1
57 81 1 4.04508 1
57 82 1 3.82103 1
57 83 1 -2.05384 1
57 84 1 0.543552 1
57 85 1 -3.4679 1
57 86 1 -1.97073 1
57 87 1 -0.618208 1
57 88 1 2.71607 1
57 89 1 0.0804063 1
57 90 1 1.19462 1
57 91 1 -3.61747 1
57 92 1 -3.26159 1
57 93 1 -2.60624 1
57 94 1 -2.47052 1
57 95 1 2.21365 1
57 104 1 5.0866 1
57 22 1 0.331089 1
104 69 1 2.40956 1
104 1 1 2.13468 1
104 107 1 0.132699 1
58 64 1 7.28643 1
58 65 1 -2.31913 1
58 66 1 -2.47052 1
58 67 1 -0.256068 1
58 68 1 -3.86353 1
58 69 1 -1.96108 1
58 70 1 0.324915 1
58 71 1 3.11894 1
58 72 1 1.1274 1
58 73 1 -2.54686 1
58 74 1 0.877536 1
58 75 1 1.64285 1
58 76 1 1.45991 1
58 77 1 1.841 1
58 78 1 -3.47332 1
58 79 1 -1.87121 0
58 80 1 -3.50142 1
58 81 1 3.28523 1
58 82 1 0.415347 1
58 83 1 0.0268334 1
58 84 1 -2.02231 1
58 85 1 0.952293 1
58 86 1 0.832832 1
58 87 1 -4.05297 1
58 88 1 -5.96344 1
58 89 1 -2.69992 1
58 90 1 0.109441 1
58 91 1 -2.93237 1
58 92 1 2.16565 0
58 93 1 1.03366 1
58 94 1 -1.62523 1
58 95 1 2.99401 1
58 128 1 1.09519 1
58 115 1 -0.449423 1
58 174 1 1.17782 1
174 92 1 1.71373 1
128 79 1 -0.47402 0
128 131 1 1.68849 1
131 79 1 2.35727 0
131 160 1 1.40229 1
160 79 1 3.82763 0
160 125 1 0.690515 1
160 173 1 0.561212 1
173 79 1 2.70961 1
59 64 1 -4.17132 1
59 65 1 2.56619 1
59 66 1 4.91334 1
59 67 1 -3.66473 1
59 68 1 2.76375 1
59 69 1 -3.60843 1
59 70 1 -2.78658 1
59 71 1 -0.388311 1
59 72 1 -0.144191 1
59 73 1 -1.19747 1
59 74 1 1.64246 1
59 75 1 -0.168292 1
59 76 1 2.70364 1
59 77 1 -0.384506 0
59 78 1 2.03923 1
59 79 1 -2.66245 1
59 80 1 1.70108 1
59 81 1 1.30431 1
59 82 1 -4.60865 1
59 83 1 5.27344 1
59 84 1 -0.794208 1
59 85 1 -4.17409 1
59 86 1 -5.28412 1
59 87 1 1.78262 1
59 88 1 4.06108 1
59 89 1 0.660202 1
59 90 1 0.90189 1
59 91 1 -0.552843 1
59 92 1 1.83144 1
59 93 1 3.03563 1
59 94 1 -5.11087 1
59 95 1 1.81802 1
59 97 1 -0.838948 1
59 5 1 -5.84303 1
59 11 1 -2.43526 1
59 13 1 1.96519 1
97 77 1 -5.97636 1
97 22 1 0.907221 1
97 2 1 -6.63898 0
97 99 1 2.42155 1
97 7 1 3.2303 0
97 102 1 3.24164 1
97 17 1 2.54977 1
102 7 1 4.92679 1
99 2 1 1.08114 0
99 108 1 6.52071 1
99 15 1 3.88806 1
108 2 1 0.843107 0
108 125 1 6.31115 1
108 0 1 -1.70327 1
125 2 1 2.59357 1
125 1 1 0.262322 1
60 64 1 -0.0697223 1
60 65 1 -1.27213 1
60 66 1 1.78732 1
60 67 1 -0.686379 1
60 68 1 2.09559 1
60 69 1 2.46571 1
60 70 1 -3.20005 1
60 71 1 0.842092 1
60 72 1 -0.0967866 0
60 73 1 2.36332 1
60 74 1 0.853722 1
60 75 1 0.595299 1
60 76 1 -1.13235 1
60 77 1 5.85692 1
60 78 1 -3.52738 1
60 79 1 0.0311386 1
60 80 1 -5.28639 1
60 81 1 -1.8615 1
60 82 1 -1.10629 1
60 83 1 1.91939 1
60 84 1 -4.33272 1
60 85 1 2.68734 1
60 86 1 2.99431 1
60 87 1 -0.903216 1
60 88 1 -4.91548 1
60 89 1 0.103773 1
60 90 1 -1.03807 1
60 91 1 0.327734 1
60 92 1 -0.558595 1
60 93 1 -0.0971519 1
60 94 1 -0.56433 1
60 95 1 0.202729 1
60 24 1 -1.91846 1
60 0 1 4.0123 1
60 115 1 1.8193 1
60 3 1 -1.87673 1
115 72 1 -1.51772 1
115 18 1 0.991624 1
115 14 1 1.98913 1
115 19 1 -1.05414 1
61 64 1 -0.23676 1
61 65 1 0.694924 1
61 66 1 1.61714 1
61 67 1 -1.12122 1
61 68 1 -5.18399 1
61 69 1 3.16076 1
61 70 1 1.86463 1
61 71 1 0.928899 1
61 72 1 -0.0433166 1
61 73 1 0.604966 1
61 74 1 4.42556 1
61 75 1 4.56888 1
61 76 1 2.39289 1
61 77 1 -2.20099 0
61 78 1 -4.00032 1
61 79 1 1.74719 1
61 80 1 -2.82356 1
61 81 1 -0.332813 1
61 82 1 -0.52796 1
61 83 1 0.0227573 1
61 84 1 -3.43993 1
61 85 1 -1.71132 1
61 86 1 -0.730386 1
61 87 1 2.83502 1
61 88 1 -2.45876 1
61 89 1 0.957702 1
61 90 1 -1.92864 1
61 91 1 1.3594 1
61 92 1 -0.249693 1
61 93 1 0.313359 1
61 94 1 0.996754 1
61 95 1 -0.92971 1
61 107 1 0.563513 1
61 113 1 -0.850996 1
61 14 1 -1.24165 1
107 77 1 -5.88996 0
107 113 1 -0.58612 1
107 14 1 -2.10893 1
107 20 1 0.675814 1
113 77 1 -1.41435 0
113 23 1 -1.60775 1
113 147 1 0.114821 1
113 159 1 1.33988 1
159 77 1 -3.22373 0
159 161 1 0.273298 1
161 77 1 -1.59769 1
62 64 1 -0.633229 1
62 65 1 -3.71732 1
62 66 1 2.75761 1
62 67 1 -1.45886 1
62 68 1 2.15121 1
62 69 1 -2.04268 1
62 70 1 -1.23366 1
62 71 1 -4.81388 1
62 72 1 3.93498 1
62 73 1 2.70771 1
62 74 1 2.22781 1
62 75 1 -1.96756 1
62 76 1 1.81097 1
62 77 1 -3.55487 1
62 78 1 -1.2299 1
62 79 1 -1.94178 1
62 80 1 0.563715 1
62 81 1 1.76592 1
62 82 1 -1.50986 1
62 83 1 4.79379 1
62 84 1 -1.29272 0
62 85 1 0.142847 1
62 86 1 3.75191 1
62 87 1 -0.838654 1
62 88 1 0.481034 1
62 89 1 -2.7089 1
62 90 1 -8.312 1
62 91 1 1.23245 1
62 92 1 -0.855013 1
62 93 1 -0.987825 1
62 94 1 -0.132879 1
62 95 1 -1.72539 1
62 5 1 0.485735 1
62 138 1 1.80912 0
62 152 1 0.944562 1
62 31 1 -0.754535 1
152 138 1 1.9336 1
138 84 1 -1.9807 1
63 64 1 3.7816 1
63 65 1 -1.02778 1
63 66 1 4.60166 1
63 67 1 -3.08267 1
63 68 1 1.42296 1
63 69 1 -4.11071 1
63 70 1 -2.73181 1
63 71 1 1.38168 1
63 72 1 -0.0944127 1
63 73 1 2.63659 1
63 74 1 -8.39838 1
63 75 1 0.468268 1
63 76 1 -0.561627 0
63 77 1 -0.0565296 1
63 78 1 -0.314333 1
63 79 1 0.174735 1
63 80 1 3.29563 1
63 81 1 -2.92224 1
63 82 1 2.315 1
63 83 1 -4.06968 1
63 84 1 -2.06717 1
63 85 1 -4.99391 1
63 86 1 6.51822 1
63 87 1 -2.63077 0
63 88 1 -0.209799 1
63 89 1 -2.62304 1
63 90 1 -0.0829394 1
63 91 1 -2.01894 1
63 92 1 1.13806 1
63 93 1 0.90515 1
63 94 1 0.203649 1
63 95 1 -1.82317 1
63 141 1 5.44437 1
63 144 1 0.568826 1
144 76 1 -1.12459 0
144 147 1 2.8747 1
147 76 1 -2.21157 1
147 9 1 -2.89554 1
141 87 1 -5.29631 1
141 10 1 1.36997 1
