181 64 32
2.33964 -2.5821 -4.30672 5.35452 -5.12816 4.59416 -0.462635 4.06745 -1.40957 5.10862 1.99362 5.6787 -3.49443 -4.57956 -2.88623 -2.98259 2.05417 -0.323383 -0.193386 -1.77794 0.500845 -0.295907 0.229014 0.193672 -6.69393 0.0957249 3.98915 1.68938 -3.71103 -3.72165 -3.97863 -0.940118 -1.23017 0.115696 1.17116 3.0948 -4.05429 0.181657 -0.930865 -0.934643 -1.79106 1.4285 -2.67915 -4.38866 -5.42365 -3.90201 -5.09628 2.5913 0.224969 3.89489 -0.0332939 -4.64013 -5.04585 0.228419 -0.178924 2.72056 -3.32794 2.56985 0.514159 -1.81886 2.55113 -3.56076 -2.24071 -2.48415 -5.95145 -2.45317 4.11038 1.69091 -3.22191 2.51519 -2.29052 -4.32324 -4.07929 -3.17528 2.64204 3.84672 -0.309655 -1.25536 0.0232235 -4.85968 1.43856 0.918314 -4.8003 1.13802 3.39153 1.40752 -4.04335 -0.717458 4.59001 1.36102 -2.33846 2.32625 -1.33099 -1.63755 0.656241 -1.11198 -2.01218 -1.57382 -2.28766 -1.8399 2.18083 -2.77043 -4.71337 -1.20518 -5.30753 1.841 -1.80369 -3.2567 -1.40689 -1.93817 -2.91669 2.74618 2.446 -5.40607 0.896844 -1.02802 -2.36214 0.572763 -0.379097 -1.08606 4.54228 -1.75282 -1.22534 -0.234022 0.922979 4.22752 0.15025 1.11523 1.17401 2.82195 0.811988 0.358787 -2.39163 0.515101 -2.02804 -0.987693 -0.755416 -0.283782 -3.67416 -0.763432 2.42672 -3.22751 -1.572 -2.90433 0.849728 2.47856 -0.110742 -2.07348 1.15656 -3.54508 -2.37909 0.627965 1.62256 -1.52489 0.652797 -0.471968 0.346379 1.81774 0.211879 0.698043 1.13995 -0.220388 -0.00931532 1.28268 1.36997 0.0494008 1.51593 -0.726988 1.08089 0.610355 -0.540881 -0.436214 1.34538 -0.439995 -0.583006 -0.411423 -0.391615 -0.233041 -0.358766 -0.0476547 0.0894324 
0 64 1 -4.11028 1
0 65 1 2.01883 1
0 66 1 2.72184 1
0 67 1 0.0623812 1
0 68 1 -2.96892 1
0 69 1 2.18403 1
0 70 1 2.5244 1
0 71 1 1.33115 1
0 72 1 1.34296 1
0 73 1 -0.996425 1
0 74 1 -1.58698 1
0 75 1 2.16199 1
0 76 1 2.24355 1
0 77 1 1.77274 1
0 78 1 -0.667239 1
0 79 1 0.0650233 1
0 80 1 2.6752 1
0 81 1 3.59326 1
0 82 1 5.51695 1
0 83 1 0.724015 1
0 84 1 -1.70838 1
0 85 1 5.31924 1
0 86 1 -1.18266 1
0 87 1 -4.25942 1
0 88 1 3.03057 1
0 89 1 3.36268 1
0 90 1 2.89157 1
0 91 1 5.64651 1
0 92 1 -3.36886 1
0 93 1 -2.07668 1
0 94 1 0.878759 1
0 95 1 0.0689133 1
0 10 1 -4.10489 1
1 64 1 0.236628 1
1 65 1 -5.08994 1
1 66 1 2.55824 1
1 67 1 -5.54732 1
1 68 1 5.421 1
1 69 1 -2.00078 1
1 70 1 3.94849 1
1 71 1 -0.406958 1
1 72 1 -3.11505 1
1 73 1 -1.00858 1
1 74 1 -2.69671 1
1 75 1 3.92989 1
1 76 1 -1.95201 1
1 77 1 7.37971 1
1 78 1 -0.806946 1
1 79 1 -2.18229 1
1 80 1 -2.18918 1
1 81 1 1.10903 1
1 82 1 -0.376337 1
1 83 1 -6.54876 1
1 84 1 -4.81181 1
1 85 1 -2.15446 1
1 86 1 3.9018 1
1 87 1 -0.459637 1
1 88 1 -0.788685 1
1 89 1 4.01572 1
1 90 1 -0.611724 1
1 91 1 -1.59445 1
1 92 1 0.522829 1
1 93 1 1.05814 1
1 94 1 -0.58922 1
1 95 1 -6.41009 1
1 27 1 0.130064 1
2 64 1 -0.170587 1
2 65 1 -2.10725 1
2 66 1 -5.64054 1
2 67 1 -2.36611 1
2 68 1 -2.43927 1
2 69 1 -0.536914 1
2 70 1 -0.625364 1
2 71 1 2.40106 1
2 72 1 -0.934209 1
2 73 1 -1.79278 1
2 74 1 -4.34342 1
2 75 1 1.14159 1
2 76 1 -3.86093 1
2 77 1 -2.05111 1
2 78 1 0.329818 1
2 79 1 -3.53048 1
2 80 1 -5.90099 1
2 81 1 -5.57051 1
2 82 1 -0.172498 1
2 83 1 -3.2855 1
2 84 1 -0.0814813 1
2 85 1 3.79296 1
2 86 1 -1.0536 1
2 87 1 -0.84487 1
2 88 1 -1.04877 1
2 89 1 -4.54603 1
2 90 1 -3.8172 1
2 91 1 -1.53938 1
2 92 1 3.05677 1
2 93 1 -2.3155 1
2 94 1 2.79654 1
2 95 1 -1.93313 1
2 100 1 0.0448252 1
2 6 1 4.35965 1
2 110 1 -1.15437 1
3 64 1 -1.43222 1
3 65 1 -2.08962 1
3 66 1 0.50942 1
3 67 1 0.255256 1
3 68 1 5.96993 1
3 69 1 -1.84321 1
3 70 1 -3.53369 1
3 71 1 -0.00890981 1
3 72 1 8.51821 1
3 73 1 0.313521 1
3 74 1 -1.39602 1
3 75 1 3.78479 1
3 76 1 -1.07429 1
3 77 1 0.607812 1
3 78 1 -1.67481 1
3 79 1 0.77822 1
3 80 1 -3.98139 1
3 81 1 0.226947 1
3 82 1 5.05353 1
3 83 1 3.89103 1
3 84 1 0.587864 1
3 85 1 -5.52345 1
3 86 1 0.559941 1
3 87 1 4.27846 1
3 88 1 -2.67697 1
3 89 1 3.52608 1
3 90 1 0.217177 1
3 91 1 3.50693 1
3 92 1 2.65479 1
3 93 1 -2.38297 1
3 94 1 -1.92777 1
3 95 1 4.33611 0
3 110 1 2.83847 1
110 95 1 -1.2162 0
110 111 1 -1.0838 0
110 132 1 3.25606 1
110 152 1 -0.222224 1
110 126 1 -0.151876 1
110 20 1 -0.127933 1
110 16 1 0.866766 1
132 111 1 1.89666 1
111 95 1 -0.282359 1
4 64 1 1.94786 1
4 65 1 -0.850413 1
4 66 1 -0.0528469 1
4 67 1 4.83323 1
4 68 1 0.135419 1
4 69 1 3.13495 1
4 70 1 -0.294045 1
4 71 1 -0.433515 1
4 72 1 -1.96897 1
4 73 1 -2.6353 0
4 74 1 -0.0314438 1
4 75 1 -7.01861 0
4 76 1 0.952926 1
4 77 1 3.61555 1
4 78 1 0.20783 1
4 79 1 0.086986 1
4 80 1 -5.81189 1
4 81 1 1.64442 1
4 82 1 0.954472 1
4 83 1 -1.90714 1
4 84 1 -1.74955 1
4 85 1 1.28596 1
4 86 1 1.40458 1
4 87 1 -1.92268 1
4 88 1 -2.98311 1
4 89 1 -1.95766 1
4 90 1 3.61563 1
4 91 1 -2.70688 1
4 92 1 -1.93932 1
4 93 1 0.997128 0
4 94 1 -2.13354 1
4 95 1 3.1011 1
4 101 1 3.58597 1
4 17 1 5.9427 1
4 118 1 2.07381 1
4 145 1 0.806416 1
4 119 1 -1.02209 1
145 93 1 -0.283862 1
118 73 1 -5.62795 1
101 75 1 1.86427 1
5 64 1 -1.90791 1
5 65 1 7.57561 1
5 66 1 -2.91443 1
5 67 1 9.60516 1
5 68 1 2.05771 1
5 69 1 3.2323 1
5 70 1 1.02374 1
5 71 1 -0.847841 1
5 72 1 0.860232 1
5 73 1 -1.56181 1
5 74 1 -2.03374 1
5 75 1 3.5109 1
5 76 1 2.40916 1
5 77 1 1.27804 1
5 78 1 0.398063 1
5 79 1 1.86033 1
5 80 1 2.70836 1
5 81 1 -0.755606 1
5 82 1 -0.117552 1
5 83 1 5.42405 1
5 84 1 3.4426 1
5 85 1 3.28495 1
5 86 1 -0.134495 1
5 87 1 1.29401 1
5 88 1 0.983651 1
5 89 1 -4.92895 1
5 90 1 -2.81138 1
5 91 1 -0.628326 1
5 92 1 -2.53855 1
5 93 1 -0.13345 1
5 94 1 -1.93454 1
5 95 1 -0.160954 1
5 28 1 3.64988 1
6 64 1 -0.608496 1
6 65 1 -2.27451 1
6 66 1 1.83687 1
6 67 1 3.71309 1
6 68 1 -4.30378 1
6 69 1 -2.58947 1
6 70 1 -4.57873 1
6 71 1 1.26814 1
6 72 1 2.72527 1
6 73 1 -3.17588 1
6 74 1 -4.1493 1
6 75 1 2.58016 1
6 76 1 5.23456 1
6 77 1 -3.0688 1
6 78 1 0.182559 1
6 79 1 -3.80015 1
6 80 1 3.8439 1
6 81 1 -1.52094 1
6 82 1 1.65972 1
6 83 1 2.00749 1
6 84 1 1.43714 1
6 85 1 -6.02052 1
6 86 1 -1.14178 1
6 87 1 5.88223 1
6 88 1 -1.73151 1
6 89 1 -0.878959 1
6 90 1 3.60433 1
6 91 1 -0.492575 1
6 92 1 5.05457 1
6 93 1 -3.50458 1
6 94 1 -1.93872 1
6 95 1 3.27982 1
6 26 1 1.05926 1
7 64 1 2.1419 1
7 65 1 1.53669 1
7 66 1 1.14083 1
7 67 1 -5.50841 1
7 68 1 -2.53869 1
7 69 1 -2.43212 1
7 70 1 6.0625 1
7 71 1 4.84965 1
7 72 1 3.35607 1
7 73 1 -1.18778 1
7 74 1 -1.57499 1
7 75 1 0.458371 0
7 76 1 1.51097 1
7 77 1 2.59036 1
7 78 1 3.00527 1
7 79 1 2.20229 1
7 80 1 -1.21495 1
7 81 1 2.2672 1
7 82 1 -5.35672 0
7 83 1 0.100169 0
7 84 1 -3.82602 1
7 85 1 3.57012 1
7 86 1 0.213007 1
7 87 1 4.85926 1
7 88 1 -2.08654 1
7 89 1 -2.28395 1
7 90 1 2.45356 1
7 91 1 -2.33818 1
7 92 1 0.709239 1
7 93 1 -2.1106 1
7 94 1 -0.881419 1
7 95 1 1.78092 1
7 100 1 0.960064 1
7 127 1 4.10936 1
7 164 1 1.24144 1
164 75 1 1.5827 1
127 82 1 -4.75509 0
127 169 1 -0.457096 1
127 150 1 0.753976 1
169 82 1 -4.37442 1
100 83 1 3.68553 0
100 24 1 -1.08691 0
100 106 1 3.99308 1
100 166 1 0.00328611 1
166 83 1 3.78516 1
106 24 1 -7.46584 1
106 6 1 -3.30284 1
8 64 1 1.8462 1
8 65 1 -2.8672 1
8 66 1 -1.0938 1
8 67 1 -0.588579 1
8 68 1 -2.25232 1
8 69 1 3.6451 1
8 70 1 1.74652 1
8 71 1 3.24041 1
8 72 1 3.8922 1
8 73 1 -3.40715 1
8 74 1 -2.24805 1
8 75 1 -2.3593 1
8 76 1 2.4795 1
8 77 1 4.01014 1
8 78 1 0.511831 1
8 79 1 -2.82122 1
8 80 1 1.25248 1
8 81 1 -3.15634 1
8 82 1 -1.88681 1
8 83 1 -3.2252 1
8 84 1 2.47508 1
8 85 1 8.27171 1
8 86 1 5.34667 1
8 87 1 3.18934 1
8 88 1 0.28397 1
8 89 1 4.92478 1
8 90 1 1.34141 1
8 91 1 -1.16685 1
8 92 1 2.1916 1
8 93 1 4.70927 1
8 94 1 6.27333 1
8 95 1 -1.20221 1
8 17 1 0.622854 1
9 64 1 -3.54688 1
9 65 1 -2.43563 1
9 66 1 1.68778 1
9 67 1 -0.141893 1
9 68 1 -1.43546 1
9 69 1 -1.25791 1
9 70 1 -7.90928 1
9 71 1 -2.81471 1
9 72 1 3.37599 1
9 73 1 -0.885557 1
9 74 1 -0.265261 1
9 75 1 1.49921 1
9 76 1 4.65221 1
9 77 1 0.695272 1
9 78 1 2.33545 1
9 79 1 1.97104 0
9 80 1 -0.835193 1
9 81 1 1.79479 1
9 82 1 -2.36921 1
9 83 1 -3.12211 1
9 84 1 4.19357 1
9 85 1 0.989393 1
9 86 1 0.821629 1
9 87 1 -0.825514 1
9 88 1 3.09819 1
9 89 1 5.04947 1
9 90 1 -0.138976 1
9 91 1 0.324066 1
9 92 1 -1.4576 1
9 93 1 -0.577531 1
9 94 1 -4.58098 1
9 95 1 0.595568 1
9 103 1 -2.58358 1
9 130 1 -0.244722 1
9 157 1 0.560418 1
157 79 1 0.738776 1
157 22 1 -0.544645 1
10 64 1 1.11266 1
10 65 1 -0.0430783 1
10 66 1 3.93058 1
10 67 1 -3.00799 1
10 68 1 3.74271 1
10 69 1 -0.513601 1
10 70 1 -0.776535 1
10 71 1 0.0691833 1
10 72 1 5.96876 1
10 73 1 4.10824 1
10 74 1 -1.00805 0
10 75 1 1.14633 1
10 76 1 4.08534 1
10 77 1 0.20759 1
10 78 1 0.352218 1
10 79 1 -5.03248 1
10 80 1 -2.94248 1
10 81 1 4.90638 1
10 82 1 3.52017 1
10 83 1 1.67546 1
10 84 1 6.43584 1
10 85 1 2.54728 1
10 86 1 -2.86553 1
10 87 1 -2.12936 1
10 88 1 3.24312 1
10 89 1 1.46014 1
10 90 1 -1.44487 1
10 91 1 1.74829 1
10 92 1 -1.02053 1
10 93 1 -0.11988 1
10 94 1 4.82543 1
10 95 1 4.18719 0
10 124 1 3.10299 1
10 165 1 -0.223035 1
165 95 1 4.54545 1
165 133 1 1.28128 1
124 74 1 -1.14054 1
124 12 1 2.96633 0
124 171 1 0.841339 1
171 12 1 1.75035 1
11 64 1 2.82209 1
11 65 1 2.66779 1
11 66 1 3.71211 1
11 67 1 -3.11931 1
11 68 1 2.4818 1
11 69 1 0.773316 1
11 70 1 3.22252 1
11 71 1 0.958581 1
11 72 1 -7.82981 1
11 73 1 0.8735 1
11 74 1 0.432595 0
11 75 1 -2.23097 1
11 76 1 -1.47214 1
11 77 1 1.47331 1
11 78 1 -1.06757 1
11 79 1 -0.249637 1
11 80 1 -1.68701 1
11 81 1 1.75399 1
11 82 1 4.82002 0
11 83 1 3.48978 1
11 84 1 1.9897 1
11 85 1 -1.22071 1
11 86 1 -3.97152 1
11 87 1 -0.460332 1
11 88 1 -6.71197 1
11 89 1 1.28546 1
11 90 1 0.908486 1
11 91 1 -1.2536 1
11 92 1 -1.48182 1
11 93 1 3.26999 1
11 94 1 -3.46523 1
11 95 1 -5.98243 1
11 120 1 -7.17755 1
11 109 1 -0.623483 1
11 154 1 2.08337 1
11 8 1 -1.52225 1
11 112 1 2.32058 1
154 82 1 4.40891 1
120 74 1 -2.40856 1
120 13 1 -0.0774925 0
120 150 1 3.79281 1
150 13 1 2.20194 0
150 163 1 2.88364 1
163 13 1 2.47465 1
12 64 1 -1.12389 1
12 65 1 -2.05861 0
12 66 1 0.695868 1
12 67 1 -3.49019 1
12 68 1 1.13351 1
12 69 1 3.12871 1
12 70 1 0.832809 1
12 71 1 -1.36706 1
12 72 1 3.59804 1
12 73 1 -3.09595 1
12 74 1 -2.32742 1
12 75 1 -0.356335 1
12 76 1 -1.03587 1
12 77 1 1.96323 1
12 78 1 -2.0716 1
12 79 1 -3.31148 1
12 80 1 -2.10181 1
12 81 1 -1.60432 1
12 82 1 5.45042 1
12 83 1 1.00653 1
12 84 1 3.49777 1
12 85 1 -0.945361 1
12 86 1 -3.95048 1
12 87 1 -2.60516 1
12 88 1 -1.73528 1
12 89 1 1.44314 1
12 90 1 -0.659774 1
12 91 1 -2.53349 1
12 92 1 3.19963 1
12 93 1 -2.63336 1
12 94 1 2.73396 1
12 95 1 -2.9705 1
12 17 1 1.18544 1
12 18 1 0.128354 1
12 144 1 -1.81915 1
12 167 1 1.16832 1
12 11 1 -0.762513 1
167 65 1 -1.85566 1
13 64 1 -0.470302 1
13 65 1 -3.15388 1
13 66 1 -1.5672 1
13 67 1 0.380576 1
13 68 1 3.16836 1
13 69 1 -2.59256 1
13 70 1 0.587157 1
13 71 1 0.323412 1
13 72 1 0.715573 1
13 73 1 -0.91609 1
13 74 1 -0.931482 1
13 75 1 -1.80843 1
13 76 1 -0.961638 1
13 77 1 -2.77644 1
13 78 1 4.08499 1
13 79 1 2.89273 1
13 80 1 -1.03388 1
13 81 1 2.35254 1
13 82 1 2.90051 1
13 83 1 4.09217 1
13 84 1 -4.45196 1
13 85 1 7.35244 1
13 86 1 5.91576 1
13 87 1 7.191 1
13 88 1 3.487 1
13 89 1 0.14355 1
13 90 1 -4.30025 1
13 91 1 -6.16989 1
13 92 1 -3.24026 1
13 93 1 -2.18884 1
13 94 1 -0.636365 1
13 95 1 -3.64532 1
14 64 1 -0.398785 1
14 65 1 5.81595 1
14 66 1 0.760867 1
14 67 1 1.12814 1
14 68 1 -1.0167 1
14 69 1 1.1539 1
14 70 1 -1.56938 1
14 71 1 0.520253 1
14 72 1 4.60575 1
14 73 1 2.26666 1
14 74 1 0.378031 1
14 75 1 2.8649 1
14 76 1 -4.20388 1
14 77 1 0.827881 1
14 78 1 -1.46612 1
14 79 1 -1.38088 1
14 80 1 -1.0873 1
14 81 1 1.52831 0
14 82 1 3.08707 1
14 83 1 -0.794533 1
14 84 1 -1.34978 1
14 85 1 -2.41412 1
14 86 1 2.73305 1
14 87 1 -0.40508 1
14 88 1 -2.13984 1
14 89 1 0.91123 1
14 90 1 -1.10178 1
14 91 1 3.97515 1
14 92 1 4.23783 1
14 93 1 1.46432 1
14 94 1 5.75874 1
14 95 1 1.46827 1
14 104 1 -0.431142 1
14 119 1 1.11883 1
14 126 1 0.859538 1
119 81 1 5.08738 1
119 99 1 0.449162 1
15 64 1 -0.414446 1
15 65 1 3.28854 1
15 66 1 -2.84685 1
15 67 1 -1.44519 1
15 68 1 1.14481 1
15 69 1 -3.9876 1
15 70 1 7.01242 1
15 71 1 -2.61801 1
15 72 1 -2.29501 1
15 73 1 0.605125 1
15 74 1 0.795731 1
15 75 1 -1.20079 1
15 76 1 -0.0265979 1
15 77 1 0.838658 1
15 78 1 -2.74582 1
15 79 1 1.4768 1
15 80 1 4.11454 1
15 81 1 -0.574205 1
15 82 1 -4.82748 1
15 83 1 0.764965 1
15 84 1 0.916566 1
15 85 1 -2.00409 1
15 86 1 1.54287 1
15 87 1 -7.12033 1
15 88 1 0.866373 1
15 89 1 3.74753 1
15 90 1 0.398343 1
15 91 1 -3.60603 1
15 92 1 1.33469 1
15 93 1 -1.13009 1
15 94 1 -0.818915 1
15 95 1 -2.41881 1
15 20 1 -2.66399 1
16 64 1 4.56732 1
16 65 1 -0.686197 1
16 66 1 -2.39306 1
16 67 1 -4.49206 1
16 68 1 0.928748 1
16 69 1 0.0948416 1
16 70 1 2.54283 1
16 71 1 5.79529 1
16 72 1 -0.863921 1
16 73 1 -1.80746 1
16 74 1 -0.269397 1
16 75 1 1.11546 1
16 76 1 2.76585 1
16 77 1 1.95877 1
16 78 1 -1.74226 1
16 79 1 -1.64858 0
16 80 1 1.98642 1
16 81 1 3.22648 1
16 82 1 -4.04176 1
16 83 1 1.87015 1
16 84 1 -0.708222 1
16 85 1 -1.488 1
16 86 1 1.12205 1
16 87 1 -0.581792 1
16 88 1 1.18122 1
16 89 1 2.03803 1
16 90 1 -4.2847 1
16 91 1 3.07028 1
16 92 1 3.42253 1
16 93 1 -3.19564 1
16 94 1 -0.686666 1
16 95 1 -2.79326 1
16 26 1 -1.95252 1
16 151 1 2.60736 1
151 79 1 -0.289164 1
17 64 1 -1.86065 1
17 65 1 1.10794 1
17 66 1 -0.860299 1
17 67 1 2.77285 1
17 68 1 0.695134 1
17 69 1 0.964867 1
17 70 1 0.577268 1
17 71 1 4.46101 1
17 72 1 -6.01597 0
17 73 1 1.99758 1
17 74 1 2.82643 1
17 75 1 -1.28933 1
17 76 1 -0.997365 1
17 77 1 2.97498 1
17 78 1 -1.72908 1
17 79 1 -3.36791 1
17 80 1 5.98147 1
17 81 1 2.46908 1
17 82 1 0.564303 1
17 83 1 -2.2788 1
17 84 1 -1.48092 1
17 85 1 2.12422 1
17 86 1 -1.60471 1
17 87 1 -2.77603 1
17 88 1 -6.54878 1
17 89 1 1.78021 1
17 90 1 -4.37222 1
17 91 1 4.73563 1
17 92 1 0.382986 1
17 93 1 2.92802 1
17 94 1 2.64267 1
17 95 1 1.11946 1
17 146 1 3.11007 1
146 72 1 -4.37158 0
146 30 1 -0.562025 1
146 177 1 0.653865 1
177 72 1 -4.59163 1
18 64 1 3.1947 1
18 65 1 -3.42515 1
18 66 1 3.37363 1
18 67 1 2.15218 1
18 68 1 -2.85638 1
18 69 1 -0.0879123 1
18 70 1 3.86957 1
18 71 1 -1.48182 1
18 72 1 0.975547 1
18 73 1 -0.374364 1
18 74 1 1.37468 1
18 75 1 -3.59788 1
18 76 1 3.27719 1
18 77 1 -0.81717 1
18 78 1 1.17383 1
18 79 1 2.32183 1
18 80 1 -7.19145 1
18 81 1 4.2786 1
18 82 1 -3.92102 1
18 83 1 4.35681 1
18 84 1 -4.42966 1
18 85 1 2.46656 1
18 86 1 5.4237 1
18 87 1 -4.11236 1
18 88 1 1.02188 1
18 89 1 -3.95171 1
18 90 1 -0.22682 1
18 91 1 -0.327153 1
18 92 1 -2.75377 1
18 93 1 2.25006 1
18 94 1 -0.755836 1
18 95 1 0.556084 1
18 25 1 -1.0873 1
18 18 1 -1.18443 1
18 139 1 2.33676 1
19 64 1 6.04874 1
19 65 1 -1.53948 1
19 66 1 6.12644 1
19 67 1 -2.407 1
19 68 1 -1.5756 1
19 69 1 3.03711 1
19 70 1 -1.49377 1
19 71 1 -0.0288188 1
19 72 1 3.45286 1
19 73 1 0.564309 1
19 74 1 0.0647373 1
19 75 1 0.819107 1
19 76 1 -5.27217 1
19 77 1 -0.548183 1
19 78 1 0.530673 1
19 79 1 5.98244 1
19 80 1 -2.10351 1
19 81 1 -2.9306 1
19 82 1 0.845652 1
19 83 1 -3.19288 1
19 84 1 2.17384 1
19 85 1 2.90967 1
19 86 1 -1.58804 1
19 87 1 2.81064 1
19 88 1 -0.0225406 1
19 89 1 4.8411 1
19 90 1 -0.651303 1
19 91 1 -1.25607 1
19 92 1 -1.76985 1
19 93 1 -4.27111 1
19 94 1 -1.89739 1
19 95 1 -7.19704 1
20 64 1 1.38023 1
20 65 1 -0.108868 1
20 66 1 -3.28916 1
20 67 1 -0.425656 1
20 68 1 0.0907923 1
20 69 1 1.31547 1
20 70 1 -2.74196 1
20 71 1 4.84235 1
20 72 1 0.279337 1
20 73 1 2.59227 1
20 74 1 3.22519 1
20 75 1 3.86951 1
20 76 1 -0.37194 1
20 77 1 -4.25307 1
20 78 1 2.02758 1
20 79 1 1.50827 1
20 80 1 -0.23286 1
20 81 1 -0.638799 1
20 82 1 3.55529 1
20 83 1 0.61273 1
20 84 1 3.57172 1
20 85 1 -3.73976 1
20 86 1 0.271029 1
20 87 1 -0.255293 1
20 88 1 0.884871 1
20 89 1 0.880779 1
20 90 1 2.40521 1
20 91 1 2.31104 0
20 92 1 2.69428 1
20 93 1 1.99302 0
20 94 1 2.78206 0
20 95 1 1.82998 1
20 96 1 -1.77072 1
20 98 1 2.73006 1
20 103 1 2.08365 1
20 109 1 -0.795161 1
103 91 1 1.61275 0
103 105 1 4.12106 1
103 112 1 -1.34766 0
103 123 1 -1.75219 1
103 140 1 -1.06894 1
140 112 1 1.24268 1
123 91 1 0.0911574 1
123 113 1 -0.727616 0
123 136 1 0.68402 1
123 137 1 1.55508 1
136 113 1 -1.88572 1
136 6 1 -0.463999 1
105 91 1 1.9902 0
105 129 1 -0.283721 1
129 91 1 0.279573 0
129 135 1 4.08795 1
129 116 1 -0.48364 1
135 91 1 -1.70159 1
98 93 1 2.30115 1
98 99 1 6.76411 1
98 15 1 0.890178 1
96 94 1 1.04363 1
96 20 1 -1.40228 0
96 155 1 2.0573 1
155 20 1 -2.04527 0
155 30 1 1.07861 1
155 176 1 1.06196 1
176 20 1 -1.89094 1
21 64 1 4.00611 1
21 65 1 7.48725 1
21 66 1 -6.44968 1
21 67 1 -4.32079 1
21 68 1 -0.837592 1
21 69 1 0.627532 1
21 70 1 0.827386 1
21 71 1 -5.15504 1
21 72 1 -8.08098 1
21 73 1 -1.89547 1
21 74 1 -0.821648 1
21 75 1 1.42188 1
21 76 1 -2.18379 1
21 77 1 -2.44578 1
21 78 1 0.243649 1
21 79 1 -3.12795 1
21 80 1 0.723941 1
21 81 1 -2.16899 1
21 82 1 0.0317823 1
21 83 1 -2.01752 1
21 84 1 8.9661 1
21 85 1 0.582545 1
21 86 1 1.54584 1
21 87 1 -0.666726 1
21 88 1 4.5519 1
21 89 1 1.50165 1
21 90 1 -0.911834 1
21 91 1 -0.202634 0
21 92 1 3.04942 1
21 93 1 1.70147 1
21 94 1 -2.55834 1
21 95 1 0.458643 1
21 143 1 4.49373 1
143 91 1 -1.39342 1
22 64 1 1.16644 1
22 65 1 0.803383 1
22 66 1 2.28235 1
22 67 1 5.17773 1
22 68 1 0.272461 1
22 69 1 -1.47353 1
22 70 1 -1.95456 1
22 71 1 0.413307 1
22 72 1 -3.87335 1
22 73 1 1.55488 1
22 74 1 -5.0245 1
22 75 1 -2.06118 1
22 76 1 0.586623 1
22 77 1 -0.876251 1
22 78 1 4.40135 1
22 79 1 4.30635 1
22 80 1 1.78418 1
22 81 1 -3.00755 1
22 82 1 1.64209 1
22 83 1 0.0939754 1
22 84 1 -1.69851 1
22 85 1 2.98806 1
22 86 1 -0.103797 1
22 87 1 6.54509 1
22 88 1 -3.80259 1
22 89 1 -0.840744 1
22 90 1 0.861989 1
22 91 1 1.2213 1
22 92 1 0.941923 1
22 93 1 3.60771 1
22 94 1 6.02756 1
22 95 1 1.49884 1
23 64 1 -1.97128 1
23 65 1 1.41484 1
23 66 1 3.45858 1
23 67 1 2.89218 1
23 68 1 -3.42176 1
23 69 1 2.78107 1
23 70 1 3.44737 1
23 71 1 -5.1864 1
23 72 1 -1.90536 1
23 73 1 -1.79657 1
23 74 1 2.57795 1
23 75 1 1.76003 1
23 76 1 2.49583 1
23 77 1 3.62219 1
23 78 1 1.21928 0
23 79 1 -6.04089 1
23 80 1 1.71499 1
23 81 1 0.543896 1
23 82 1 -3.6681 1
23 83 1 0.13116 1
23 84 1 2.44774 1
23 85 1 -1.70109 1
23 86 1 -11.6837 1
23 87 1 -0.173055 1
23 88 1 2.54507 1
23 89 1 -1.77653 1
23 90 1 -6.80941 1
23 91 1 -1.97318 1
23 92 1 3.51257 1
23 93 1 4.14151 1
23 94 1 -2.92537 1
23 95 1 1.21664 1
23 107 1 -0.180195 1
23 27 1 0.270828 1
23 178 1 1.33267 1
178 78 1 0.690449 1
24 64 1 -1.42802 1
24 65 1 2.33523 1
24 66 1 -1.22507 1
24 67 1 6.31952 1
24 68 1 -5.19653 1
24 69 1 3.17783 0
24 70 1 1.26692 1
24 71 1 4.1312 1
24 72 1 0.835454 1
24 73 1 2.39743 1
24 74 1 0.789087 1
24 75 1 0.301789 1
24 76 1 -3.23158 1
24 77 1 0.825235 1
24 78 1 -6.58934 1
24 79 1 0.668342 1
24 80 1 5.4947 1
24 81 1 3.11147 1
24 82 1 -1.47855 1
24 83 1 -1.26433 1
24 84 1 -2.72555 1
24 85 1 -0.0458201 1
24 86 1 -4.53847 1
24 87 1 4.90632 1
24 88 1 -0.831854 1
24 89 1 8.59362 1
24 90 1 3.73886 1
24 91 1 -3.40557 1
24 92 1 -0.276763 1
24 93 1 -1.02424 1
24 94 1 -0.482166 1
24 95 1 -4.81407 1
24 5 1 1.03182 1
24 168 1 -0.318542 1
168 69 1 4.11699 1
168 172 1 0.278325 1
25 64 1 -1.37705 1
25 65 1 1.40992 1
25 66 1 -2.28838 1
25 67 1 -3.27708 1
25 68 1 1.39746 1
25 69 1 -5.50771 1
25 70 1 0.946764 0
25 71 1 -3.06027 1
25 72 1 3.00573 1
25 73 1 3.41758 1
25 74 1 1.59456 1
25 75 1 -2.84147 1
25 76 1 1.10519 1
25 77 1 -1.06686 1
25 78 1 2.48471 1
25 79 1 1.15407 1
25 80 1 -0.984874 1
25 81 1 -0.961581 1
25 82 1 -2.14491 1
25 83 1 2.33437 1
25 84 1 -1.24826 1
25 85 1 -1.4736 1
25 86 1 4.4742 1
25 87 1 -0.424258 1
25 88 1 -1.65452 1
25 89 1 -1.29774 1
25 90 1 -3.52217 1
25 91 1 2.64936 1
25 92 1 3.72322 1
25 93 1 -1.17092 1
25 94 1 -1.99546 0
25 95 1 -3.77683 1
25 8 1 1.77914 1
25 6 1 -1.40176 1
25 121 1 0.321451 1
25 175 1 1.01921 1
175 94 1 -2.87544 1
121 70 1 5.98642 1
26 64 1 -3.03257 1
26 65 1 2.69419 1
26 66 1 -0.425112 1
26 67 1 2.0485 1
26 68 1 -0.427944 1
26 69 1 1.63895 1
26 70 1 -1.04395 1
26 71 1 1.44166 1
26 72 1 -3.22538 1
26 73 1 0.658726 1
26 74 1 -8.56108 1
26 75 1 3.10643 1
26 76 1 1.42162 1
26 77 1 -5.06243 1
26 78 1 1.17055 1
26 79 1 -0.420863 1
26 80 1 -2.72416 1
26 81 1 3.51784 1
26 82 1 2.21909 1
26 83 1 2.32486 1
26 84 1 -4.69476 1
26 85 1 1.00837 1
26 86 1 -3.95536 1
26 87 1 0.998468 1
26 88 1 -3.34964 1
26 89 1 1.25411 1
26 90 1 -2.7075 1
26 91 1 -3.24932 1
26 92 1 0.18399 1
26 93 1 -1.46862 1
26 94 1 2.39718 1
26 95 1 -0.217871 1
26 23 1 4.21304 1
26 15 1 0.175747 1
26 161 1 -2.24179 1
27 64 1 -2.60901 1
27 65 1 4.8407 1
27 66 1 3.88665 1
27 67 1 0.391365 1
27 68 1 2.37337 1
27 69 1 0.897952 1
27 70 1 5.27348 1
27 71 1 -5.47376 1
27 72 1 0.35143 1
27 73 1 1.35114 1
27 74 1 -3.75462 1
27 75 1 3.85295 1
27 76 1 -3.55641 1
27 77 1 1.23304 1
27 78 1 3.15455 1
27 79 1 0.684523 1
27 80 1 -1.07767 1
27 81 1 -1.9137 1
27 82 1 1.96299 1
27 83 1 0.0900917 1
27 84 1 2.55923 1
27 85 1 -1.39361 1
27 86 1 -3.22332 1
27 87 1 -1.65203 1
27 88 1 -7.2816 1
27 89 1 -5.14427 1
27 90 1 5.17302 1
27 91 1 -2.91443 1
27 92 1 0.313705 1
27 93 1 -1.22513 1
27 94 1 1.36272 1
27 95 1 -1.04153 1
27 9 1 4.66331 1
27 5 1 0.109378 1
28 64 1 2.67687 1
28 65 1 -0.0596833 1
28 66 1 -0.683002 1
28 67 1 4.09452 1
28 68 1 5.78392 1
28 69 1 1.27645 1
28 70 1 -2.0515 1
28 71 1 -0.368179 1
28 72 1 -7.21941 1
28 73 1 0.495432 1
28 74 1 -2.03602 1
28 75 1 2.54564 1
28 76 1 1.67591 1
28 77 1 2.33222 1
28 78 1 -4.32635 1
28 79 1 3.23105 1
28 80 1 1.32956 1
28 81 1 -1.06132 1
28 82 1 3.9226 1
28 83 1 2.00925 1
28 84 1 3.75379 1
28 85 1 -4.76252 1
28 86 1 -1.91075 1
28 87 1 1.44437 1
28 88 1 -4.51128 1
28 89 1 1.73045 1
28 90 1 -2.0856 1
28 91 1 -0.200463 1
28 92 1 5.9522 1
28 93 1 -1.44198 1
28 94 1 4.86055 1
28 95 1 -2.57797 1
29 64 1 -1.47433 1
29 65 1 1.26629 1
29 66 1 -1.15279 1
29 67 1 2.87907 1
29 68 1 -7.98 1
29 69 1 1.73477 1
29 70 1 -2.76123 1
29 71 1 -1.00518 1
29 72 1 0.590714 1
29 73 1 0.485519 1
29 74 1 -2.88064 1
29 75 1 -0.469988 1
29 76 1 0.135835 1
29 77 1 1.36169 1
29 78 1 -6.08893 1
29 79 1 -3.5162 1
29 80 1 2.04219 1
29 81 1 2.72336 1
29 82 1 1.54255 1
29 83 1 0.719278 1
29 84 1 0.381339 1
29 85 1 -1.27006 1
29 86 1 -2.83905 1
29 87 1 -2.77607 1
29 88 1 -1.72309 1
29 89 1 -3.81857 1
29 90 1 -0.0416708 1
29 91 1 1.23912 1
29 92 1 2.71215 1
29 93 1 0.263181 1
29 94 1 -2.41647 1
29 95 1 2.1729 1
29 113 1 1.65071 1
30 64 1 -1.16672 1
30 65 1 6.18577 1
30 66 1 4.12485 1
30 67 1 -1.07742 1
30 68 1 0.30962 1
30 69 1 1.63205 1
30 70 1 4.96617 1
30 71 1 -1.15808 1
30 72 1 -2.12238 1
30 73 1 4.08593 1
30 74 1 -0.962895 1
30 75 1 1.85834 1
30 76 1 2.11739 1
30 77 1 -1.92273 1
30 78 1 3.46161 1
30 79 1 4.99352 1
30 80 1 -2.13071 1
30 81 1 -0.400209 1
30 82 1 5.96333 1
30 83 1 2.0007 1
30 84 1 1.67475 1
30 85 1 -2.35301 1
30 86 1 -2.62625 1
30 87 1 -2.8594 1
30 88 1 1.01556 1
30 89 1 -2.24504 1
30 90 1 -0.634152 1
30 91 1 5.43453 1
30 92 1 -0.503246 1
30 93 1 2.7186 1
30 94 1 1.67232 1
30 95 1 -3.31266 1
30 28 1 1.49556 1
31 64 1 1.10627 1
31 65 1 -2.87856 1
31 66 1 -4.53619 1
31 67 1 7.78208 1
31 68 1 5.0119 1
31 69 1 1.30824 1
31 70 1 -0.9347 1
31 71 1 1.50958 1
31 72 1 -2.99675 1
31 73 1 0.0240487 1
31 74 1 3.33865 1
31 75 1 -0.352472 1
31 76 1 -2.26742 1
31 77 1 0.37951 1
31 78 1 -4.51264 1
31 79 1 -0.0428042 1
31 80 1 -1.24582 1
31 81 1 -0.566263 1
31 82 1 -0.724495 1
31 83 1 -1.05227 1
31 84 1 -3.44997 1
31 85 1 -4.24185 1
31 86 1 1.52201 1
31 87 1 -4.628 0
31 88 1 2.09854 1
31 89 1 -0.815391 1
31 90 1 -1.50641 1
31 91 1 -4.25941 1
31 92 1 -0.282083 1
31 93 1 -0.567057 1
31 94 1 3.38293 1
31 95 1 -0.665994 1
31 122 1 1.72102 1
31 10 1 -1.25809 1
31 117 1 -1.27742 1
122 87 1 -0.88864 1
32 64 1 6.65307 1
32 65 1 2.0707 1
32 66 1 -3.39885 1
32 67 1 2.67783 1
32 68 1 1.91003 1
32 69 1 4.69594 1
32 70 1 -0.553113 1
32 71 1 3.76256 1
32 72 1 -2.37323 1
32 73 1 1.80992 1
32 74 1 -0.329934 1
32 75 1 4.63572 1
32 76 1 0.771044 1
32 77 1 4.19553 1
32 78 1 0.627223 1
32 79 1 -0.341434 1
32 80 1 -0.151152 1
32 81 1 -0.45515 1
32 82 1 -2.68462 1
32 83 1 -2.84656 1
32 84 1 2.38234 1
32 85 1 -0.408042 1
32 86 1 0.0105803 1
32 87 1 -2.01325 1
32 88 1 1.04992 1
32 89 1 -1.67599 1
32 90 1 3.03974 1
32 91 1 -5.03511 1
32 92 1 3.45639 1
32 93 1 1.79645 1
32 94 1 -1.22199 1
32 95 1 -1.21758 1
33 64 1 2.11651 1
33 65 1 -4.68594 1
33 66 1 -1.79782 1
33 67 1 -0.59477 1
33 68 1 -0.336066 1
33 69 1 -4.59169 1
33 70 1 3.58571 1
33 71 1 4.5938 1
33 72 1 2.78691 1
33 73 1 4.18027 1
33 74 1 0.777886 1
33 75 1 -7.41595 1
33 76 1 -4.6443 1
33 77 1 0.826058 1
33 78 1 -1.46083 1
33 79 1 -4.62285 1
33 80 1 0.364446 1
33 81 1 -2.96001 1
33 82 1 -1.24705 1
33 83 1 0.846221 1
33 84 1 0.151336 1
33 85 1 0.569923 1
33 86 1 3.63558 1
33 87 1 1.4127 1
33 88 1 3.07122 1
33 89 1 4.51124 1
33 90 1 -3.28961 1
33 91 1 -1.19898 1
33 92 1 1.5303 1
33 93 1 2.99043 1
33 94 1 1.776 1
33 95 1 0.799239 1
33 20 1 -0.753881 1
33 107 1 -0.876017 1
33 13 1 0.630248 1
33 113 1 -2.06232 1
34 64 1 -0.708548 1
34 65 1 -1.26071 1
34 66 1 2.86951 1
34 67 1 0.292476 1
34 68 1 -0.541576 1
34 69 1 -0.84699 1
34 70 1 -3.02183 1
34 71 1 -2.54539 1
34 72 1 -3.5825 1
34 73 1 -4.16006 1
34 74 1 2.63515 1
34 75 1 7.56763 1
34 76 1 -2.03524 1
34 77 1 0.676961 1
34 78 1 -1.15262 1
34 79 1 -0.301029 1
34 80 1 2.83787 1
34 81 1 -1.43967 1
34 82 1 1.97842 1
34 83 1 1.73083 1
34 84 1 -0.0516552 1
34 85 1 -1.18255 1
34 86 1 -1.71585 1
34 87 1 -0.323643 1
34 88 1 -0.174799 1
34 89 1 0.528797 1
34 90 1 -6.41183 1
34 91 1 3.92494 1
34 92 1 4.2136 1
34 93 1 -1.34163 1
34 94 1 3.61877 1
34 95 1 2.94384 1
34 113 1 -1.32008 1
35 64 1 1.59294 1
35 65 1 -2.23799 1
35 66 1 -1.17774 1
35 67 1 5.56367 1
35 68 1 2.92111 1
35 69 1 2.77787 1
35 70 1 3.30063 1
35 71 1 3.25448 1
35 72 1 2.16727 1
35 73 1 6.00812 1
35 74 1 1.05921 1
35 75 1 -2.21014 1
35 76 1 -3.68522 1
35 77 1 1.42711 1
35 78 1 -0.931405 1
35 79 1 3.93916 1
35 80 1 -6.61158 1
35 81 1 -0.862891 1
35 82 1 4.17879 0
35 83 1 -3.03012 1
35 84 1 6.38459 1
35 85 1 -4.218 1
35 86 1 -1.1705 1
35 87 1 -3.59638 1
35 88 1 -0.794822 1
35 89 1 2.61483 0
35 90 1 -0.712783 1
35 91 1 -1.79561 1
35 92 1 -3.40325 1
35 93 1 -5.15553 1
35 94 1 -0.205558 1
35 95 1 0.527438 1
35 130 1 0.822255 1
35 133 1 6.06911 1
133 82 1 1.35639 1
130 89 1 0.244445 1
130 109 1 -0.28475 1
36 64 1 3.19251 1
36 65 1 2.63949 1
36 66 1 2.24915 1
36 67 1 -0.663822 1
36 68 1 -5.44791 1
36 69 1 -3.14076 1
36 70 1 -2.39051 1
36 71 1 0.821843 1
36 72 1 -2.86506 1
36 73 1 -0.46836 1
36 74 1 -1.50877 1
36 75 1 0.800775 1
36 76 1 1.43851 1
36 77 1 -5.01869 1
36 78 1 1.93162 1
36 79 1 4.44533 1
36 80 1 4.62804 1
36 81 1 -0.0829231 1
36 82 1 0.216533 0
36 83 1 -0.0310386 1
36 84 1 3.16612 1
36 85 1 -3.17062 1
36 86 1 0.507735 1
36 87 1 0.767092 1
36 88 1 -2.84936 1
36 89 1 0.342904 1
36 90 1 -3.50904 1
36 91 1 0.700667 1
36 92 1 5.25192 1
36 93 1 2.38382 1
36 94 1 -1.75212 1
36 95 1 7.871 1
36 109 1 0.58514 0
36 24 1 -2.95815 1
36 117 1 1.84858 1
117 109 1 2.4732 1
117 4 1 1.41271 1
109 82 1 0.600009 1
109 31 1 2.47241 1
37 64 1 -5.79244 1
37 65 1 1.31244 1
37 66 1 -4.08231 1
37 67 1 -0.585365 1
37 68 1 -4.24101 1
37 69 1 1.786 1
37 70 1 -6.17464 1
37 71 1 -1.27556 1
37 72 1 1.24305 1
37 73 1 1.65883 1
37 74 1 0.255256 1
37 75 1 -0.1186 1
37 76 1 1.55002 0
37 77 1 3.08429 1
37 78 1 -0.274267 1
37 79 1 0.918501 1
37 80 1 -0.168576 1
37 81 1 2.95895 1
37 82 1 1.91904 1
37 83 1 3.46609 1
37 84 1 -4.68538 1
37 85 1 2.76994 1
37 86 1 -0.733129 1
37 87 1 -0.153269 1
37 88 1 -2.10658 1
37 89 1 -3.96406 1
37 90 1 -2.74787 1
37 91 1 1.26434 1
37 92 1 3.58195 1
37 93 1 0.243928 1
37 94 1 -1.54992 1
37 95 1 0.573214 1
37 142 1 0.134274 1
37 160 1 -0.702549 1
142 76 1 -1.06201 1
142 147 1 -0.752804 1
142 6 1 -0.202187 1
38 64 1 1.18823 1
38 65 1 -1.21595 1
38 66 1 -1.15447 1
38 67 1 -3.09967 1
38 68 1 -0.75924 1
38 69 1 -5.54861 1
38 70 1 0.544642 1
38 71 1 -0.216744 1
38 72 1 2.36001 1
38 73 1 1.73453 1
38 74 1 -1.65418 1
38 75 1 4.13517 1
38 76 1 3.13917 1
38 77 1 -2.37283 1
38 78 1 -1.18117 1
38 79 1 -0.491483 1
38 80 1 -1.38374 1
38 81 1 -2.58983 1
38 82 1 3.2012 1
38 83 1 -1.6529 1
38 84 1 -1.25883 1
38 85 1 -1.88051 1
38 86 1 -0.457728 1
38 87 1 1.25613 0
38 88 1 3.02988 1
38 89 1 4.58559 1
38 90 1 -1.62352 1
38 91 1 2.43072 1
38 92 1 2.79146 0
38 93 1 -0.759242 1
38 94 1 -0.288895 1
38 95 1 -3.3438 1
38 148 1 3.98751 1
38 162 1 -0.428702 1
162 87 1 0.130285 1
148 92 1 2.27886 1
39 64 1 1.52565 1
39 65 1 -1.91831 1
39 66 1 0.925091 1
39 67 1 -2.19094 1
39 68 1 0.988143 1
39 69 1 -1.07469 1
39 70 1 -0.777142 1
39 71 1 -0.945665 1
39 72 1 -3.87472 1
39 73 1 -3.91287 1
39 74 1 1.1931 1
39 75 1 3.67742 0
39 76 1 4.6274 0
39 77 1 0.651197 1
39 78 1 -4.52802 1
39 79 1 -4.21495 1
39 80 1 -2.09018 1
39 81 1 -1.99601 1
39 82 1 -3.70541 1
39 83 1 -3.50991 1
39 84 1 -3.48337 1
39 85 1 0.631078 1
39 86 1 0.469223 1
39 87 1 1.31738 1
39 88 1 -0.920342 1
39 89 1 0.697034 1
39 90 1 4.57683 1
39 91 1 0.473202 1
39 92 1 6.34018 1
39 93 1 1.46228 1
39 94 1 -4.67761 1
39 95 1 -1.01515 1
39 2 1 -3.52482 1
39 112 1 4.41648 1
39 13 1 -0.28029 1
39 104 1 0.0358558 1
39 172 1 2.32151 1
172 76 1 4.35036 1
172 28 1 0.630332 1
112 75 1 -2.5303 1
112 138 1 -1.60251 1
112 153 1 1.19092 0
112 170 1 0.121135 1
112 113 1 1.36251 1
170 153 1 -2.13083 1
170 126 1 2.02696 1
40 64 1 -5.14763 1
40 65 1 -0.893211 1
40 66 1 2.53242 1
40 67 1 1.54198 1
40 68 1 2.13842 1
40 69 1 2.6082 1
40 70 1 -2.0861 1
40 71 1 1.74696 1
40 72 1 1.94434 1
40 73 1 1.14075 1
40 74 1 -1.66729 1
40 75 1 0.813646 1
40 76 1 -3.34586 1
40 77 1 3.40862 1
40 78 1 3.40262 1
40 79 1 -1.08885 1
40 80 1 3.26576 1
40 81 1 0.966774 1
40 82 1 1.02124 1
40 83 1 -4.15902 1
40 84 1 -2.04012 1
40 85 1 -0.557547 1
40 86 1 2.06533 1
40 87 1 -0.0534279 1
40 88 1 0.973217 1
40 89 1 -1.0995 1
40 90 1 -0.347927 1
40 91 1 -0.962897 1
40 92 1 -4.25395 1
40 93 1 0.232922 1
40 94 1 -0.0151959 1
40 95 1 4.02375 1
40 2 1 0.493104 1
40 134 1 2.27231 1
41 64 1 4.26799 1
41 65 1 -0.245671 1
41 66 1 -0.0405775 1
41 67 1 1.08271 1
41 68 1 2.98323 1
41 69 1 -1.58391 1
41 70 1 1.05789 1
41 71 1 0.192298 1
41 72 1 3.95267 1
41 73 1 -5.87694 1
41 74 1 1.18403 1
41 75 1 4.54456 1
41 76 1 -5.71649 1
41 77 1 0.800572 1
41 78 1 -4.77413 1
41 79 1 1.46923 1
41 80 1 2.3603 1
41 81 1 4.68666 1
41 82 1 -1.66792 1
41 83 1 2.78788 1
41 84 1 -2.72269 1
41 85 1 0.449469 1
41 86 1 0.617659 1
41 87 1 1.51386 1
41 88 1 3.29135 1
41 89 1 0.207936 1
41 90 1 -1.29812 1
41 91 1 1.76982 1
41 92 1 0.872035 1
41 93 1 0.0503374 1
41 94 1 -3.00471 1
41 95 1 0.364741 1
41 11 1 0.11256 1
41 29 1 -3.05831 1
41 97 1 -1.56267 1
42 64 1 2.32805 1
42 65 1 -0.395479 1
42 66 1 -1.47189 1
42 67 1 2.46056 1
42 68 1 -3.20646 1
42 69 1 0.411302 1
42 70 1 -0.499657 1
42 71 1 -0.125292 1
42 72 1 -1.59511 1
42 73 1 -1.83932 1
42 74 1 3.68463 1
42 75 1 -3.35649 1
42 76 1 -4.18112 1
42 77 1 -0.836358 1
42 78 1 -0.520554 1
42 79 1 2.03589 1
42 80 1 -0.746624 1
42 81 1 2.74641 1
42 82 1 3.09411 1
42 83 1 2.65026 1
42 84 1 1.38869 1
42 85 1 -1.32131 1
42 86 1 1.78659 1
42 87 1 -3.12006 1
42 88 1 -2.05385 1
42 89 1 -1.08036 1
42 90 1 3.10376 1
42 91 1 1.81055 1
42 92 1 1.72987 1
42 93 1 1.38601 1
42 94 1 -4.98341 1
42 95 1 -0.25905 1
43 64 1 1.09619 1
43 65 1 -2.09385 1
43 66 1 3.89238 1
43 67 1 1.09174 1
43 68 1 0.498952 1
43 69 1 -2.79716 1
43 70 1 1.22127 1
43 71 1 -4.81632 1
43 72 1 0.594128 1
43 73 1 -7.85492 1
43 74 1 3.01442 1
43 75 1 -2.78626 1
43 76 1 -2.42588 1
43 77 1 1.02131 1
43 78 1 1.64342 1
43 79 1 -3.50869 1
43 80 1 -0.14436 1
43 81 1 2.3124 1
43 82 1 2.34212 1
43 83 1 -2.0168 1
43 84 1 -2.67932 1
43 85 1 2.72929 1
43 86 1 3.28572 1
43 87 1 6.22132 1
43 88 1 1.99548 1
43 89 1 2.59511 1
43 90 1 -0.665178 1
43 91 1 -3.5951 1
43 92 1 3.52024 1
43 93 1 2.21915 1
43 94 1 -1.41063 1
43 95 1 1.17839 1
44 64 1 0.0801069 1
44 65 1 -4.17914 1
44 66 1 -1.38529 1
44 67 1 -2.46045 1
44 68 1 -0.0898049 1
44 69 1 -2.37157 1
44 70 1 3.00445 1
44 71 1 3.24796 1
44 72 1 -3.04527 1
44 73 1 1.88103 1
44 74 1 -1.84813 1
44 75 1 -3.61367 1
44 76 1 -0.504137 1
44 77 1 2.13119 1
44 78 1 3.06379 1
44 79 1 0.545825 1
44 80 1 4.5048 1
44 81 1 -2.35717 1
44 82 1 1.99975 1
44 83 1 -0.737939 1
44 84 1 1.1928 1
44 85 1 -1.28228 1
44 86 1 2.66094 1
44 87 1 -0.381249 1
44 88 1 1.61994 1
44 89 1 0.965526 1
44 90 1 2.31323 1
44 91 1 2.48795 1
44 92 1 -2.1873 1
44 93 1 3.52739 1
44 94 1 -3.01196 1
44 95 1 -3.23108 1
44 8 1 -2.25192 1
44 29 1 1.7015 1
45 64 1 -0.576446 1
45 65 1 0.118375 1
45 66 1 0.0557492 1
45 67 1 3.01267 1
45 68 1 0.661933 1
45 69 1 -6.5878 1
45 70 1 -3.90172 1
45 71 1 1.05946 1
45 72 1 -4.27072 1
45 73 1 2.34644 1
45 74 1 4.45888 1
45 75 1 2.82613 1
45 76 1 -1.92764 1
45 77 1 -1.29176 1
45 78 1 -2.78029 1
45 79 1 3.81687 1
45 80 1 -0.956185 1
45 81 1 2.65058 1
45 82 1 0.722112 1
45 83 1 -4.62117 1
45 84 1 -0.134048 1
45 85 1 -3.22096 1
45 86 1 1.60492 1
45 87 1 0.598347 1
45 88 1 3.53588 1
45 89 1 -2.61667 1
45 90 1 -1.47152 1
45 91 1 3.92541 1
45 92 1 -3.17642 1
45 93 1 -7.66092 1
45 94 1 1.79638 1
45 95 1 -5.86076 1
45 9 1 5.10809 1
45 20 1 0.612873 1
45 17 1 -1.06874 1
46 64 1 0.677401 1
46 65 1 0.0655128 1
46 66 1 3.23457 1
46 67 1 1.889 1
46 68 1 -4.82776 1
46 69 1 0.164572 1
46 70 1 1.62064 1
46 71 1 -2.27344 1
46 72 1 4.35311 1
46 73 1 -3.79174 1
46 74 1 -1.8595 1
46 75 1 -0.754545 1
46 76 1 -5.48118 1
46 77 1 5.80196 1
46 78 1 0.296063 1
46 79 1 -1.42585 1
46 80 1 2.82068 1
46 81 1 1.32476 1
46 82 1 -0.34282 1
46 83 1 3.63044 1
46 84 1 -0.935675 1
46 85 1 3.40986 1
46 86 1 -1.87547 1
46 87 1 5.65743 1
46 88 1 0.584068 1
46 89 1 -4.77005 1
46 90 1 -3.12084 1
46 91 1 0.918477 1
46 92 1 -0.690425 1
46 93 1 -2.37787 1
46 94 1 1.84865 1
46 95 1 -0.506621 1
46 24 1 1.26115 1
47 64 1 0.435373 1
47 65 1 0.149214 1
47 66 1 -0.758468 1
47 67 1 2.15463 1
47 68 1 -0.141958 1
47 69 1 2.00099 1
47 70 1 -2.87198 1
47 71 1 0.618412 1
47 72 1 -0.0379719 1
47 73 1 5.23679 0
47 74 1 -2.17243 1
47 75 1 -0.96464 1
47 76 1 -3.2364 1
47 77 1 -8.15401 1
47 78 1 -2.9203 1
47 79 1 -0.351745 1
47 80 1 4.77928 1
47 81 1 -4.63369 1
47 82 1 2.15574 1
47 83 1 -0.178122 1
47 84 1 -3.20935 1
47 85 1 -0.246871 1
47 86 1 -1.59027 1
47 87 1 6.22076 1
47 88 1 4.30764 1
47 89 1 1.45295 1
47 90 1 4.80162 1
47 91 1 1.71668 1
47 92 1 1.43118 1
47 93 1 0.648896 1
47 94 1 2.4504 1
47 95 1 -0.044995 1
47 4 1 0.940191 1
47 137 1 2.43488 1
137 73 1 3.45593 0
137 156 1 -0.871174 1
156 73 1 2.36323 1
156 15 1 -0.732261 1
156 104 1 1.02174 1
48 64 1 -0.562505 1
48 65 1 -0.136499 1
48 66 1 4.25308 1
48 67 1 -3.63005 1
48 68 1 -5.56155 1
48 69 1 -4.57874 1
48 70 1 0.390899 1
48 71 1 2.30491 1
48 72 1 -7.14279 1
48 73 1 4.31666 1
48 74 1 4.69319 1
48 75 1 -4.90171 1
48 76 1 -0.604402 1
48 77 1 -1.83669 1
48 78 1 -0.332637 1
48 79 1 2.79399 1
48 80 1 -1.56817 1
48 81 1 -3.55096 1
48 82 1 -1.0797 1
48 83 1 -0.179007 1
48 84 1 1.24034 1
48 85 1 0.3543 1
48 86 1 -1.6716 1
48 87 1 0.535447 1
48 88 1 -1.08996 1
48 89 1 -1.24661 1
48 90 1 1.86326 1
48 91 1 -0.833517 1
48 92 1 -5.63894 1
48 93 1 0.623702 1
48 94 1 6.47987 1
48 95 1 3.0417 1
48 16 1 0.327819 1
48 12 1 0.838023 1
48 14 1 -1.68672 1
48 30 1 2.03575 1
49 64 1 -0.143362 1
49 65 1 -4.4705 1
49 66 1 1.45668 1
49 67 1 -1.33092 1
49 68 1 -4.32141 1
49 69 1 0.419098 1
49 70 1 -0.794716 1
49 71 1 -1.61761 1
49 72 1 -2.66765 1
49 73 1 0.255467 1
49 74 1 1.93022 1
49 75 1 1.4306 1
49 76 1 -6.23483 1
49 77 1 -4.47192 1
49 78 1 -0.575913 0
49 79 1 3.1944 1
49 80 1 5.07935 1
49 81 1 -3.31828 1
49 82 1 1.00663 1
49 83 1 -0.778677 1
49 84 1 1.67731 1
49 85 1 -1.32122 1
49 86 1 -2.0882 1
49 87 1 -1.58865 1
49 88 1 1.50016 1
49 89 1 2.2702 1
49 90 1 -3.14768 1
49 91 1 3.11426 1
49 92 1 2.38079 1
49 93 1 2.42957 1
49 94 1 0.842104 1
49 95 1 4.39855 1
49 19 1 -1.55496 1
49 31 1 -0.421193 1
49 15 1 -2.64178 1
49 158 1 1.35566 1
49 26 1 -0.0496207 1
49 144 1 -2.91412 1
158 78 1 -0.937144 1
50 64 1 -4.57526 1
50 65 1 -2.66909 1
50 66 1 1.48761 1
50 67 1 -0.74421 1
50 68 1 1.73392 1
50 69 1 -2.0022 1
50 70 1 0.813219 1
50 71 1 5.48646 1
50 72 1 -4.13567 1
50 73 1 3.21329 1
50 74 1 -1.16601 1
50 75 1 2.16779 1
50 76 1 -1.55222 1
50 77 1 -1.75947 1
50 78 1 1.52275 1
50 79 1 -1.1981 1
50 80 1 2.48252 1
50 81 1 -0.591666 1
50 82 1 -3.73575 1
50 83 1 3.22298 1
50 84 1 0.510184 1
50 85 1 4.28557 1
50 86 1 4.09794 1
50 87 1 -3.00241 1
50 88 1 -2.2167 1
50 89 1 -0.0364106 1
50 90 1 0.866842 1
50 91 1 0.0844033 1
50 92 1 -0.767551 1
50 93 1 -2.26186 1
50 94 1 -1.71194 1
50 95 1 1.12621 1
50 4 1 4.93477 1
50 22 1 0.839015 1
51 64 1 -1.67305 1
51 65 1 4.03052 1
51 66 1 4.14504 1
51 67 1 -3.15502 1
51 68 1 -0.679812 1
51 69 1 -0.230217 1
51 70 1 1.05949 1
51 71 1 4.8427 1
51 72 1 -5.45916 1
51 73 1 -2.11078 0
51 74 1 -2.25833 1
51 75 1 4.5803 1
51 76 1 -2.30138 1
51 77 1 2.65158 1
51 78 1 5.11726 1
51 79 1 -0.921182 1
51 80 1 0.18466 1
51 81 1 -2.48113 1
51 82 1 -0.478292 1
51 83 1 5.18341 1
51 84 1 -1.52586 1
51 85 1 -0.469022 1
51 86 1 -1.09168 1
51 87 1 2.81501 1
51 88 1 -0.514004 0
51 89 1 -0.436238 1
51 90 1 -0.941349 1
51 91 1 -2.40369 1
51 92 1 2.80344 1
51 93 1 5.07102 1
51 94 1 -5.27818 1
51 95 1 -2.77282 1
51 116 1 1.6484 1
51 12 1 -1.01691 1
51 179 1 1.35623 1
179 88 1 -0.686474 1
116 73 1 0.364038 0
116 134 1 2.18035 1
134 73 1 4.41632 1
134 128 1 2.15238 1
52 64 1 -3.56677 1
52 65 1 4.14868 1
52 66 1 -0.00731447 1
52 67 1 1.36728 1
52 68 1 1.18701 1
52 69 1 5.83001 1
52 70 1 3.81814 1
52 71 1 -0.906467 1
52 72 1 -0.657788 1
52 73 1 2.31709 1
52 74 1 4.24911 1
52 75 1 1.92919 1
52 76 1 -4.94282 1
52 77 1 1.04223 1
52 78 1 3.58407 1
52 79 1 -2.87553 1
52 80 1 -0.157824 1
52 81 1 -0.912347 1
52 82 1 -1.21137 1
52 83 1 -0.603197 1
52 84 1 -0.424272 1
52 85 1 0.0475036 1
52 86 1 -6.72643 1
52 87 1 0.877776 1
52 88 1 0.287153 1
52 89 1 -0.630814 1
52 90 1 -0.703555 1
52 91 1 -0.103578 1
52 92 1 0.886636 1
52 93 1 -3.62222 0
52 94 1 4.15131 1
52 95 1 2.30749 1
52 115 1 0.158072 1
52 139 1 0.863454 1
52 23 1 -1.40125 1
139 93 1 -0.533906 1
53 64 1 -3.30078 1
53 65 1 0.535261 1
53 66 1 -1.62141 1
53 67 1 -2.71582 1
53 68 1 -0.457093 1
53 69 1 1.83923 1
53 70 1 1.28681 0
53 71 1 0.607537 1
53 72 1 -1.01814 1
53 73 1 -0.193212 1
53 74 1 0.138646 1
53 75 1 -2.69912 1
53 76 1 -0.194711 1
53 77 1 1.91467 1
53 78 1 -0.386097 1
53 79 1 0.954841 1
53 80 1 1.17907 1
53 81 1 3.47079 1
53 82 1 2.72483 1
53 83 1 -1.68373 1
53 84 1 1.48052 1
53 85 1 2.13387 1
53 86 1 0.810575 1
53 87 1 -0.685432 1
53 88 1 -0.452705 1
53 89 1 -1.15049 1
53 90 1 -2.8769 1
53 91 1 0.692351 1
53 92 1 3.21846 1
53 93 1 -1.31187 1
53 94 1 -1.08744 1
53 95 1 -2.81825 1
53 20 1 4.96743 1
53 23 1 -0.67604 1
53 149 1 -1.6431 1
149 70 1 -2.78312 0
149 153 1 1.06144 1
149 126 1 -0.0844331 1
153 70 1 0.0959608 1
54 64 1 2.14514 1
54 65 1 0.449366 1
54 66 1 -1.84765 1
54 67 1 1.26544 1
54 68 1 5.40837 1
54 69 1 -2.8869 1
54 70 1 1.10877 1
54 71 1 4.67063 1
54 72 1 1.23013 1
54 73 1 0.210428 1
54 74 1 -0.193063 1
54 75 1 -1.94838 1
54 76 1 -4.88619 1
54 77 1 1.47534 1
54 78 1 -2.85384 1
54 79 1 2.44795 1
54 80 1 2.06989 1
54 81 1 4.84728 1
54 82 1 -2.70683 1
54 83 1 4.95394 1
54 84 1 0.691866 1
54 85 1 0.210827 1
54 86 1 -4.47743 1
54 87 1 -0.503927 1
54 88 1 1.12542 1
54 89 1 5.13734 1
54 90 1 -3.33713 1
54 91 1 2.42939 1
54 92 1 -1.79638 1
54 93 1 2.9154 1
54 94 1 -3.69054 1
54 95 1 -1.74421 1
54 30 1 -0.435527 1
54 144 1 1.85723 1
55 64 1 0.48612 1
55 65 1 -2.97353 1
55 66 1 -3.03815 1
55 67 1 -2.36043 1
55 68 1 0.957375 1
55 69 1 0.771328 1
55 70 1 3.02593 1
55 71 1 -4.97195 1
55 72 1 2.13028 1
55 73 1 -1.24609 1
55 74 1 3.07521 1
55 75 1 -3.70952 1
55 76 1 -5.2586 1
55 77 1 1.18127 1
55 78 1 0.885909 1
55 79 1 5.1545 1
55 80 1 -0.510773 1
55 81 1 1.9358 1
55 82 1 -1.29876 1
55 83 1 1.16938 1
55 84 1 -0.142217 1
55 85 1 -7.32566 1
55 86 1 0.505012 1
55 87 1 -1.61612 1
55 88 1 -6.23677 1
55 89 1 1.45048 1
55 90 1 -1.48102 1
55 91 1 0.341755 1
55 92 1 9.90391 1
55 93 1 -3.89929 1
55 94 1 -3.62743 1
55 95 1 -2.16802 0
55 28 1 4.83755 1
55 114 1 0.377239 1
55 0 1 -3.47968 1
55 2 1 0.707938 1
114 95 1 -0.291046 1
56 64 1 3.40351 1
56 65 1 -9.52467 1
56 66 1 0.101383 1
56 67 1 0.00786392 1
56 68 1 2.61568 0
56 69 1 -1.21146 1
56 70 1 0.992151 1
56 71 1 2.62328 1
56 72 1 -2.37333 1
56 73 1 -0.163275 1
56 74 1 2.87023 1
56 75 1 4.97552 1
56 76 1 -1.89457 1
56 77 1 -2.12566 1
56 78 1 -3.17678 1
56 79 1 -1.4459 1
56 80 1 -0.657558 1
56 81 1 7.01553 1
56 82 1 2.58382 1
56 83 1 -1.9878 1
56 84 1 -2.48443 1
56 85 1 -0.231625 1
56 86 1 2.89072 1
56 87 1 0.504946 1
56 88 1 1.62102 1
56 89 1 1.86972 1
56 90 1 -0.630348 1
56 91 1 -0.857014 1
56 92 1 0.728767 1
56 93 1 2.89516 1
56 94 1 -1.48973 1
56 95 1 -2.02835 1
56 3 1 -3.33544 1
56 126 1 4.75208 1
56 0 1 -0.0793494 1
126 68 1 2.50208 1
126 11 1 -2.68986 1
57 64 1 -4.18473 1
57 65 1 6.20611 1
57 66 1 -1.95975 1
57 67 1 -2.91805 1
57 68 1 -0.419707 1
57 69 1 -1.3544 0
57 70 1 0.848296 1
57 71 1 3.50216 1
57 72 1 2.52748 1
57 73 1 -2.30789 1
57 74 1 1.43936 1
57 75 1 5.22729 1
57 76 1 4.70345 1
57 77 1 -5.14842 1
57 78 1 2.03421 1
57 79 1 -2.192 1
57 80 1 2.96774 1
57 81 1 4.13758 1
57 82 1 3.11193 1
57 83 1 -2.14159 1
57 84 1 1.18663 1
57 85 1 -3.8564 1
57 86 1 -1.95136 1
57 87 1 -0.43155 1
57 88 1 2.17823 1
57 89 1 0.00532986 1
57 90 1 0.308663 1
57 91 1 -3.74007 1
57 92 1 -2.9084 1
57 93 1 -2.04483 1
57 94 1 -2.17517 1
57 95 1 2.36761 1
57 104 1 5.12788 1
57 22 1 0.167869 1
104 69 1 2.55875 1
104 1 1 1.8734 1
104 107 1 -0.0410871 1
58 64 1 7.0663 1
58 65 1 -2.40829 1
58 66 1 -1.92937 1
58 67 1 -0.087533 1
58 68 1 -3.19021 1
58 69 1 -1.71867 1
58 70 1 0.0625817 1
58 71 1 2.61043 1
58 72 1 1.02614 1
58 73 1 -2.68928 1
58 74 1 1.3531 1
58 75 1 1.54548 1
58 76 1 0.867404 1
58 77 1 2.03701 1
58 78 1 -3.76697 1
58 79 1 -1.60919 0
58 80 1 -3.99062 1
58 81 1 3.32856 1
58 82 1 0.768503 1
58 83 1 0.238129 1
58 84 1 -2.09054 1
58 85 1 0.887403 1
58 86 1 0.950609 1
58 87 1 -4.00128 1
58 88 1 -6.1314 1
58 89 1 -2.47234 1
58 90 1 -0.0487017 1
58 91 1 -2.32235 1
58 92 1 1.88624 0
58 93 1 1.42364 1
58 94 1 -1.17165 1
58 95 1 3.34724 1
58 128 1 1.67951 1
58 115 1 -0.545763 1
58 174 1 1.69987 1
174 92 1 1.91327 1
128 79 1 0.135563 0
128 131 1 1.44303 1
131 79 1 2.24303 0
131 160 1 1.04216 1
160 79 1 4.59301 0
160 125 1 0.754354 1
160 173 1 0.58722 1
173 79 1 2.93566 1
59 64 1 -4.3639 1
59 65 1 2.08787 1
59 66 1 5.32501 1
59 67 1 -3.62394 1
59 68 1 2.48384 1
59 69 1 -3.6175 1
59 70 1 -3.06489 1
59 71 1 -0.330563 1
59 72 1 -0.333802 1
59 73 1 -1.13066 1
59 74 1 1.79056 1
59 75 1 -0.145468 1
59 76 1 2.58986 1
59 77 1 -0.479006 0
59 78 1 2.44947 1
59 79 1 -2.69566 1
59 80 1 1.34748 1
59 81 1 1.22743 1
59 82 1 -4.12888 1
59 83 1 5.17222 1
59 84 1 -0.297391 1
59 85 1 -4.65143 1
59 86 1 -5.36766 1
59 87 1 2.0561 1
59 88 1 4.49192 1
59 89 1 0.593294 1
59 90 1 0.772705 1
59 91 1 -1.38112 1
59 92 1 1.40563 0
59 93 1 3.2266 1
59 94 1 -5.13269 1
59 95 1 1.99832 1
59 97 1 -1.0279 1
59 5 1 -5.76328 1
59 11 1 -2.10785 1
59 13 1 2.46486 1
59 180 1 0.910727 1
180 92 1 1.3557 1
97 77 1 -5.72723 1
97 22 1 0.847561 1
97 2 1 -6.29578 0
97 99 1 2.58258 1
97 7 1 3.56855 0
97 102 1 3.04467 1
97 17 1 2.44833 1
102 7 1 4.70478 1
99 2 1 0.413028 0
99 108 1 6.35925 1
99 15 1 4.2871 1
108 2 1 0.780567 0
108 125 1 6.48887 1
108 0 1 -1.61255 1
125 2 1 3.18741 1
125 1 1 0.438028 1
60 64 1 -0.152579 1
60 65 1 -1.00731 1
60 66 1 1.81824 1
60 67 1 -0.840124 1
60 68 1 1.58923 1
60 69 1 2.35531 1
60 70 1 -2.65156 1
60 71 1 0.826769 1
60 72 1 -0.124639 0
60 73 1 2.08769 1
60 74 1 1.21233 1
60 75 1 0.726316 1
60 76 1 -0.594672 1
60 77 1 5.46405 1
60 78 1 -3.51692 1
60 79 1 0.0424498 1
60 80 1 -5.45334 1
60 81 1 -1.71084 1
60 82 1 -1.28315 1
60 83 1 1.89966 1
60 84 1 -4.02713 1
60 85 1 2.45827 1
60 86 1 3.04807 1
60 87 1 -0.685881 1
60 88 1 -5.05989 1
60 89 1 0.26898 1
60 90 1 -0.491724 1
60 91 1 0.241781 1
60 92 1 -1.28602 1
60 93 1 -0.596315 1
60 94 1 -0.762819 1
60 95 1 -0.176742 1
60 24 1 -1.75891 1
60 0 1 4.09984 1
60 115 1 1.40486 1
60 3 1 -1.77824 1
60 20 1 -0.947929 1
115 72 1 -1.53272 1
115 18 1 0.846696 1
115 14 1 1.93381 1
115 19 1 -0.992559 1
61 64 1 -0.129003 1
61 65 1 0.940618 1
61 66 1 1.57705 1
61 67 1 -0.712486 1
61 68 1 -5.10528 1
61 69 1 3.20116 1
61 70 1 1.73487 1
61 71 1 1.20998 1
61 72 1 -0.0633311 1
61 73 1 1.02572 1
61 74 1 4.13352 1
61 75 1 4.88125 1
61 76 1 2.8972 1
61 77 1 -2.90314 0
61 78 1 -4.55189 1
61 79 1 1.36189 1
61 80 1 -2.65007 1
61 81 1 -0.0241299 1
61 82 1 -0.493472 1
61 83 1 -0.0427493 1
61 84 1 -3.82012 1
61 85 1 -1.46488 1
61 86 1 -0.34156 1
61 87 1 2.60815 1
61 88 1 -2.6385 1
61 89 1 1.49507 1
61 90 1 -2.6085 1
61 91 1 1.75864 1
61 92 1 -0.244617 1
61 93 1 0.44567 1
61 94 1 0.868378 1
61 95 1 -0.778796 1
61 107 1 0.245236 1
61 113 1 -0.851393 1
61 14 1 -1.05517 1
107 77 1 -5.6189 0
107 113 1 -0.849018 1
107 14 1 -2.01106 1
107 20 1 0.405904 1
113 77 1 -1.0063 0
113 23 1 -1.26127 1
113 147 1 0.502207 1
113 159 1 1.50521 1
159 77 1 -3.35618 0
159 161 1 0.386754 1
161 77 1 -1.19325 1
62 64 1 -0.641603 1
62 65 1 -3.43492 1
62 66 1 2.42084 1
62 67 1 -1.49036 1
62 68 1 2.0615 1
62 69 1 -1.62866 1
62 70 1 -1.20179 1
62 71 1 -4.73378 1
62 72 1 3.96046 1
62 73 1 2.45538 1
62 74 1 2.85041 1
62 75 1 -1.60802 1
62 76 1 2.03223 1
62 77 1 -3.54072 1
62 78 1 -1.40583 1
62 79 1 -2.29696 1
62 80 1 0.841624 1
62 81 1 1.19197 1
62 82 1 -1.32931 1
62 83 1 4.41327 1
62 84 1 -1.20155 0
62 85 1 -0.044148 1
62 86 1 3.50589 1
62 87 1 -0.672698 1
62 88 1 0.249557 1
62 89 1 -3.0865 1
62 90 1 -8.29521 1
62 91 1 1.08035 1
62 92 1 -1.15693 1
62 93 1 -1.01108 1
62 94 1 -0.435256 1
62 95 1 -1.78867 1
62 5 1 0.235422 1
62 138 1 2.20336 0
62 152 1 1.20001 1
62 31 1 -0.640329 1
152 138 1 1.89923 1
138 84 1 -2.07249 1
63 64 1 3.37672 1
63 65 1 -0.858727 1
63 66 1 5.04177 1
63 67 1 -3.62992 1
63 68 1 1.5393 1
63 69 1 -4.22793 1
63 70 1 -2.94575 1
63 71 1 1.94245 1
63 72 1 0.0482524 1
63 73 1 2.94749 1
63 74 1 -8.60557 1
63 75 1 -0.0940337 1
63 76 1 -0.568764 0
63 77 1 0.191271 1
63 78 1 -0.416324 1
63 79 1 -0.180489 1
63 80 1 2.90441 1
63 81 1 -2.39003 1
63 82 1 2.42217 1
63 83 1 -3.79003 1
63 84 1 -2.25282 1
63 85 1 -4.86652 1
63 86 1 6.43263 1
63 87 1 -3.13767 0
63 88 1 -0.558963 1
63 89 1 -2.44054 1
63 90 1 -0.120282 1
63 91 1 -1.81271 1
63 92 1 1.48795 1
63 93 1 0.923558 1
63 94 1 0.106896 1
63 95 1 -1.58797 1
63 141 1 5.91635 1
63 144 1 0.510822 1
144 76 1 -1.34572 0
144 147 1 2.81308 1
147 76 1 -2.4871 1
147 9 1 -2.87698 1
141 87 1 -5.20941 1
141 10 1 1.96906 1
