180 64 32
2.41256 -2.51307 -4.41174 5.04119 -5.09427 4.50244 -0.567711 4.03115 -1.61906 4.84701 1.70459 5.23668 -3.84204 -4.48975 -2.90442 -3.13851 2.48719 -0.724141 0.172659 -1.75972 0.142021 -0.21182 0.111788 0.419695 -6.91197 -0.235536 3.89789 1.55925 -3.39534 -3.5654 -3.75997 -0.783098 -1.1592 0.0265499 0.833187 3.30056 -4.39958 0.0755409 -0.893584 -1.09777 -2.2157 1.39649 -2.60693 -4.199 -5.38028 -3.81831 -4.84886 2.73548 0.115322 4.08013 -0.0427701 -4.88689 -5.31424 0.161355 -0.843662 2.81401 -3.41976 2.73439 0.64407 -2.00424 2.69176 -3.64868 -2.38217 -2.45387 -5.85528 -2.3005 4.20244 1.80918 -3.25036 2.61053 -2.73227 -4.47911 -4.21324 -3.00147 2.84497 4.11438 -0.264633 -1.17638 0.011825 -4.76058 1.43863 1.10372 -4.89475 1.132 3.45166 1.41737 -3.78623 -0.774235 4.57341 1.23981 -2.31146 2.30792 -1.00224 -1.32049 0.516112 -1.20738 -1.87957 -1.49246 -2.49752 -2.00851 2.03944 -2.34565 -4.84084 -1.07555 -5.32576 1.83075 -1.25419 -3.39148 -1.33194 -1.68484 -2.80756 2.78877 2.52534 -5.76773 0.834847 -0.796661 -2.09261 0.665456 -0.224693 -1.36307 4.51249 -1.80604 -1.3828 -0.461325 0.965363 4.29435 0.270916 1.38658 0.926514 2.86871 0.933876 0.311828 -2.31524 0.388606 -1.83187 -1.1119 -0.893233 -0.246363 -3.6913 -0.589615 2.38128 -3.53178 -1.7278 -3.16662 0.821355 2.54714 -0.123714 -2.05641 1.38252 -3.65098 -2.22626 0.703472 1.52123 -1.14721 0.554683 -0.5554 0.469254 1.70617 0.35136 0.390271 0.97794 -0.107109 0.0849112 1.16404 1.30696 -0.300459 1.41769 -0.701499 1.09319 0.73431 -0.463138 -0.559198 1.38491 -0.197421 -0.491835 -0.471163 -0.411965 -0.12946 -0.0707806 -0.127863 
0 64 1 -4.09527 1
0 65 1 1.80008 1
0 66 1 2.78798 1
0 67 1 0.0223563 1
0 68 1 -2.93762 1
0 69 1 2.23997 1
0 70 1 2.55384 1
0 71 1 1.19046 1
0 72 1 1.17964 1
0 73 1 -1.00225 1
0 74 1 -1.5396 1
0 75 1 2.14001 1
0 76 1 2.15217 1
0 77 1 1.6785 1
0 78 1 -0.786825 1
0 79 1 -0.15918 1
0 80 1 2.74859 1
0 81 1 3.71183 1
0 82 1 5.63231 1
0 83 1 0.862478 1
0 84 1 -1.89894 1
0 85 1 5.21629 1
0 86 1 -1.34886 1
0 87 1 -3.9184 1
0 88 1 2.74945 1
0 89 1 3.50357 1
0 90 1 2.70687 1
0 91 1 5.58087 1
0 92 1 -3.62002 1
0 93 1 -2.03356 1
0 94 1 0.961508 1
0 95 1 -0.352202 1
0 10 1 -3.95558 1
1 64 1 0.162306 1
1 65 1 -5.03216 1
1 66 1 2.44394 1
1 67 1 -5.22677 1
1 68 1 5.52917 1
1 69 1 -1.61116 1
1 70 1 3.96764 1
1 71 1 -0.176421 1
1 72 1 -3.19924 1
1 73 1 -1.28515 1
1 74 1 -2.77615 1
1 75 1 4.139 1
1 76 1 -2.34382 1
1 77 1 7.29185 1
1 78 1 -0.622183 1
1 79 1 -2.18429 1
1 80 1 -2.34395 1
1 81 1 0.918409 1
1 82 1 -0.125519 1
1 83 1 -6.37882 1
1 84 1 -4.85403 1
1 85 1 -1.95905 1
1 86 1 3.51025 1
1 87 1 -0.1662 1
1 88 1 -0.533215 1
1 89 1 4.01964 1
1 90 1 -0.931023 1
1 91 1 -1.61633 1
1 92 1 0.455909 1
1 93 1 1.30256 1
1 94 1 -0.839338 1
1 95 1 -6.569 1
1 27 1 0.0153372 1
2 64 1 -0.19548 1
2 65 1 -2.26008 1
2 66 1 -5.46657 1
2 67 1 -2.4077 1
2 68 1 -2.07307 1
2 69 1 -0.506003 1
2 70 1 -0.585147 1
2 71 1 2.39464 1
2 72 1 -0.802905 1
2 73 1 -1.68642 1
2 74 1 -4.42405 1
2 75 1 1.15473 1
2 76 1 -3.79598 1
2 77 1 -2.18398 1
2 78 1 0.279211 1
2 79 1 -3.49005 1
2 80 1 -6.58464 1
2 81 1 -5.23052 1
2 82 1 0.0670186 1
2 83 1 -3.32968 1
2 84 1 -0.203879 1
2 85 1 3.76409 1
2 86 1 -1.3435 1
2 87 1 -0.914957 1
2 88 1 -1.43038 1
2 89 1 -4.67402 1
2 90 1 -4.14287 1
2 91 1 -1.579 1
2 92 1 3.07973 1
2 93 1 -2.02593 1
2 94 1 2.70102 1
2 95 1 -1.71791 1
2 100 1 0.0434268 1
2 6 1 4.20015 1
2 110 1 -0.924261 1
3 64 1 -1.56368 1
3 65 1 -2.376 1
3 66 1 0.544673 1
3 67 1 0.186495 1
3 68 1 5.8372 1
3 69 1 -1.94698 1
3 70 1 -3.51148 1
3 71 1 0.0213508 1
3 72 1 8.6929 1
3 73 1 0.283368 1
3 74 1 -1.52093 1
3 75 1 3.65498 1
3 76 1 -0.918121 1
3 77 1 0.739917 1
3 78 1 -1.6286 1
3 79 1 0.986322 1
3 80 1 -3.96011 1
3 81 1 0.170196 1
3 82 1 5.09142 1
3 83 1 4.33356 1
3 84 1 0.547591 1
3 85 1 -5.30613 1
3 86 1 0.193663 1
3 87 1 4.01009 1
3 88 1 -2.9983 1
3 89 1 3.52992 1
3 90 1 0.271958 1
3 91 1 3.27435 1
3 92 1 2.65725 1
3 93 1 -2.51364 1
3 94 1 -2.17545 1
3 95 1 4.42169 0
3 110 1 2.72794 1
110 95 1 -1.22652 0
110 111 1 -0.844961 0
110 132 1 3.15887 1
110 152 1 0.101152 1
110 126 1 -0.160753 1
110 20 1 -0.522629 1
110 16 1 0.730732 1
132 111 1 1.74445 1
111 95 1 -0.0138934 1
4 64 1 1.73567 1
4 65 1 -1.02156 1
4 66 1 -0.153887 1
4 67 1 4.51487 1
4 68 1 0.319868 1
4 69 1 2.95688 1
4 70 1 -0.0984165 1
4 71 1 -0.48248 1
4 72 1 -1.88466 1
4 73 1 -2.59126 0
4 74 1 0.0130552 1
4 75 1 -7.13022 0
4 76 1 0.617522 1
4 77 1 3.51537 1
4 78 1 0.255337 1
4 79 1 0.280446 1
4 80 1 -6.20416 1
4 81 1 1.16831 1
4 82 1 0.688841 1
4 83 1 -1.71572 1
4 84 1 -2.04433 1
4 85 1 1.44395 1
4 86 1 1.4383 1
4 87 1 -1.99815 1
4 88 1 -3.01229 1
4 89 1 -2.17176 1
4 90 1 3.52716 1
4 91 1 -2.75413 1
4 92 1 -1.68676 1
4 93 1 0.946221 0
4 94 1 -1.96082 1
4 95 1 2.88689 1
4 101 1 3.73984 1
4 17 1 5.79012 1
4 118 1 2.41916 1
4 145 1 1.05979 1
4 119 1 -0.989788 1
145 93 1 -0.41986 1
118 73 1 -5.55597 1
101 75 1 1.99875 1
5 64 1 -2.05136 1
5 65 1 7.45255 1
5 66 1 -2.62475 1
5 67 1 9.45222 1
5 68 1 1.88921 1
5 69 1 3.06946 1
5 70 1 1.41129 1
5 71 1 -0.487185 1
5 72 1 1.1008 1
5 73 1 -1.8402 1
5 74 1 -2.16737 1
5 75 1 3.55975 1
5 76 1 2.54598 1
5 77 1 1.52099 1
5 78 1 0.42234 1
5 79 1 1.35163 1
5 80 1 2.68308 1
5 81 1 -1.03344 1
5 82 1 -0.290549 1
5 83 1 5.36081 1
5 84 1 3.49927 1
5 85 1 3.02036 1
5 86 1 -0.413985 1
5 87 1 1.33734 1
5 88 1 0.698291 1
5 89 1 -4.65923 1
5 90 1 -2.60651 1
5 91 1 -0.792471 1
5 92 1 -2.16548 1
5 93 1 -0.0643408 1
5 94 1 -2.27747 1
5 95 1 -0.226551 1
5 28 1 3.20309 1
6 64 1 -0.364022 1
6 65 1 -1.89806 1
6 66 1 1.89528 1
6 67 1 3.44569 1
6 68 1 -4.3356 1
6 69 1 -2.79726 1
6 70 1 -4.63837 1
6 71 1 1.27303 1
6 72 1 2.74664 1
6 73 1 -3.2081 1
6 74 1 -4.2023 1
6 75 1 2.91586 1
6 76 1 5.43229 1
6 77 1 -3.37235 1
6 78 1 0.270635 1
6 79 1 -4.13132 1
6 80 1 3.73184 1
6 81 1 -1.45445 1
6 82 1 1.65533 1
6 83 1 1.98205 1
6 84 1 1.68261 1
6 85 1 -5.96004 1
6 86 1 -1.38843 1
6 87 1 5.97819 1
6 88 1 -1.68585 1
6 89 1 -1.21687 1
6 90 1 3.54665 1
6 91 1 -0.334547 1
6 92 1 4.91544 1
6 93 1 -3.44515 1
6 94 1 -1.90869 1
6 95 1 3.63828 1
6 26 1 1.19902 1
7 64 1 2.12431 1
7 65 1 1.57757 1
7 66 1 1.48566 1
7 67 1 -5.52009 1
7 68 1 -2.43984 1
7 69 1 -2.18411 1
7 70 1 5.92175 1
7 71 1 4.45584 1
7 72 1 3.26325 1
7 73 1 -1.14804 1
7 74 1 -1.51083 1
7 75 1 0.484629 0
7 76 1 1.27226 1
7 77 1 2.69334 1
7 78 1 2.97098 1
7 79 1 1.71632 1
7 80 1 -1.18794 1
7 81 1 2.63824 1
7 82 1 -5.56066 0
7 83 1 0.111486 0
7 84 1 -3.73149 1
7 85 1 3.72268 1
7 86 1 0.074739 1
7 87 1 4.80695 1
7 88 1 -2.21747 1
7 89 1 -2.00977 1
7 90 1 2.47237 1
7 91 1 -2.46142 1
7 92 1 0.504448 1
7 93 1 -2.06448 1
7 94 1 -0.871863 1
7 95 1 1.91219 1
7 100 1 1.04466 1
7 127 1 3.83729 1
7 164 1 1.08327 1
164 75 1 1.42976 1
127 82 1 -4.74479 0
127 169 1 -0.336356 1
127 150 1 0.629072 1
169 82 1 -4.41576 1
100 83 1 3.64036 0
100 24 1 -0.943517 0
100 106 1 4.31329 1
100 166 1 0.153731 1
166 83 1 3.67682 1
106 24 1 -7.80394 1
106 6 1 -3.19404 1
8 64 1 1.91351 1
8 65 1 -2.96693 1
8 66 1 -1.35669 1
8 67 1 -0.786803 1
8 68 1 -2.25302 1
8 69 1 3.44941 1
8 70 1 1.61525 1
8 71 1 3.27054 1
8 72 1 4.12904 1
8 73 1 -3.22162 1
8 74 1 -2.40547 1
8 75 1 -2.38702 1
8 76 1 2.12198 1
8 77 1 3.62634 1
8 78 1 0.212247 1
8 79 1 -2.88119 1
8 80 1 1.35806 1
8 81 1 -3.27218 1
8 82 1 -1.83551 1
8 83 1 -3.49987 1
8 84 1 2.60382 1
8 85 1 8.10876 1
8 86 1 5.44353 1
8 87 1 3.24816 1
8 88 1 0.770521 1
8 89 1 4.57889 1
8 90 1 1.35928 1
8 91 1 -1.54508 1
8 92 1 2.38152 1
8 93 1 4.70985 1
8 94 1 6.16175 1
8 95 1 -1.37035 1
8 17 1 0.525993 1
9 64 1 -3.59061 1
9 65 1 -2.88894 1
9 66 1 1.79496 1
9 67 1 -0.0937371 1
9 68 1 -1.39783 1
9 69 1 -1.00947 1
9 70 1 -7.80763 1
9 71 1 -2.59361 1
9 72 1 3.36275 1
9 73 1 -0.905518 1
9 74 1 -0.270831 1
9 75 1 1.7328 1
9 76 1 4.91424 1
9 77 1 0.935747 1
9 78 1 2.38046 1
9 79 1 2.1031 0
9 80 1 -0.788545 1
9 81 1 1.24112 1
9 82 1 -2.08183 1
9 83 1 -3.07703 1
9 84 1 4.33192 1
9 85 1 0.980501 1
9 86 1 0.739868 1
9 87 1 -0.802098 1
9 88 1 3.20478 1
9 89 1 4.81655 1
9 90 1 0.272446 1
9 91 1 0.135744 1
9 92 1 -1.2967 1
9 93 1 -0.326771 1
9 94 1 -4.59329 1
9 95 1 0.426053 1
9 103 1 -2.58179 1
9 130 1 -0.00706519 1
9 157 1 0.475241 1
157 79 1 0.901496 1
157 22 1 -0.436635 1
10 64 1 1.23887 1
10 65 1 0.182726 1
10 66 1 3.82021 1
10 67 1 -3.17996 1
10 68 1 4.0519 1
10 69 1 -0.264881 1
10 70 1 -1.11393 1
10 71 1 0.22832 1
10 72 1 5.79977 1
10 73 1 3.98471 1
10 74 1 -0.978227 0
10 75 1 1.09578 1
10 76 1 4.02981 1
10 77 1 0.158798 1
10 78 1 0.44262 1
10 79 1 -4.93853 1
10 80 1 -2.91227 1
10 81 1 4.95737 1
10 82 1 3.59649 1
10 83 1 1.59052 1
10 84 1 6.19961 1
10 85 1 2.46831 1
10 86 1 -2.69148 1
10 87 1 -2.24034 1
10 88 1 3.23551 1
10 89 1 1.2773 1
10 90 1 -1.45149 1
10 91 1 1.8849 1
10 92 1 -0.95055 1
10 93 1 -0.370958 1
10 94 1 4.75235 1
10 95 1 4.20599 0
10 124 1 2.87494 1
10 165 1 -0.0373087 1
165 95 1 4.50429 1
165 133 1 0.839338 1
124 74 1 -0.976124 1
124 12 1 2.71823 0
124 171 1 1.43546 1
171 12 1 1.67305 1
11 64 1 3.20403 1
11 65 1 2.35401 1
11 66 1 3.74663 1
11 67 1 -2.83417 1
11 68 1 2.21349 1
11 69 1 0.961336 1
11 70 1 3.28796 1
11 71 1 0.785782 1
11 72 1 -7.81379 1
11 73 1 0.929879 1
11 74 1 0.582244 0
11 75 1 -1.8401 1
11 76 1 -1.58817 1
11 77 1 1.39636 1
11 78 1 -1.18717 1
11 79 1 -0.221901 1
11 80 1 -1.66855 1
11 81 1 1.51232 1
11 82 1 4.89655 0
11 83 1 3.56788 1
11 84 1 1.7463 1
11 85 1 -1.23265 1
11 86 1 -3.69702 1
11 87 1 -0.267812 1
11 88 1 -6.55266 1
11 89 1 0.865332 1
11 90 1 0.773283 1
11 91 1 -1.14716 1
11 92 1 -1.22335 1
11 93 1 3.75377 1
11 94 1 -3.62851 1
11 95 1 -6.01392 1
11 120 1 -7.19752 1
11 109 1 -0.76238 1
11 154 1 2.07785 1
11 8 1 -1.29026 1
11 112 1 2.41026 1
154 82 1 4.20453 1
120 74 1 -2.69637 1
120 13 1 0.157247 0
120 150 1 3.75212 1
150 13 1 2.45338 0
150 163 1 3.10424 1
163 13 1 2.3733 1
12 64 1 -0.866229 1
12 65 1 -2.41311 0
12 66 1 0.819088 1
12 67 1 -3.35713 1
12 68 1 1.39752 1
12 69 1 3.28628 1
12 70 1 0.697881 1
12 71 1 -1.82778 1
12 72 1 3.33673 1
12 73 1 -3.10494 1
12 74 1 -2.26235 1
12 75 1 -0.344663 1
12 76 1 -1.1789 1
12 77 1 1.86077 1
12 78 1 -1.95637 1
12 79 1 -3.29213 1
12 80 1 -2.13198 1
12 81 1 -1.80331 1
12 82 1 5.24989 1
12 83 1 1.1668 1
12 84 1 3.10508 1
12 85 1 -0.950376 1
12 86 1 -3.7254 1
12 87 1 -3.01701 1
12 88 1 -1.55629 1
12 89 1 1.54204 1
12 90 1 -0.538982 1
12 91 1 -2.76955 1
12 92 1 3.27029 1
12 93 1 -2.29041 1
12 94 1 2.8501 1
12 95 1 -2.84316 1
12 17 1 1.13994 1
12 18 1 0.619178 1
12 144 1 -1.94407 1
12 167 1 1.10038 1
12 11 1 -0.561041 1
167 65 1 -1.6385 1
13 64 1 -0.767291 1
13 65 1 -3.19874 1
13 66 1 -1.18482 1
13 67 1 0.456854 1
13 68 1 3.11426 1
13 69 1 -2.50331 1
13 70 1 0.427167 1
13 71 1 0.528228 1
13 72 1 0.708573 1
13 73 1 -0.647432 1
13 74 1 -0.594448 1
13 75 1 -1.27657 1
13 76 1 -0.616564 1
13 77 1 -2.62161 1
13 78 1 4.13415 1
13 79 1 2.87203 1
13 80 1 -1.04261 1
13 81 1 1.81811 1
13 82 1 2.72381 1
13 83 1 4.34897 1
13 84 1 -4.23034 1
13 85 1 7.40096 1
13 86 1 5.92671 1
13 87 1 7.47991 1
13 88 1 3.46361 1
13 89 1 -0.0353622 1
13 90 1 -3.97188 1
13 91 1 -6.05727 1
13 92 1 -3.32593 1
13 93 1 -2.04774 1
13 94 1 -0.77517 1
13 95 1 -3.59368 1
14 64 1 -0.263904 1
14 65 1 5.80128 1
14 66 1 0.702241 1
14 67 1 0.898701 1
14 68 1 -1.11519 1
14 69 1 1.32773 1
14 70 1 -1.53439 1
14 71 1 0.603081 1
14 72 1 4.47468 1
14 73 1 2.09344 1
14 74 1 0.487883 1
14 75 1 2.65753 1
14 76 1 -4.57523 1
14 77 1 0.851573 1
14 78 1 -1.62771 1
14 79 1 -1.17318 1
14 80 1 -1.00019 1
14 81 1 1.59622 0
14 82 1 2.98479 1
14 83 1 -0.752732 1
14 84 1 -1.55062 1
14 85 1 -2.19612 1
14 86 1 2.76359 1
14 87 1 -0.285056 1
14 88 1 -1.98006 1
14 89 1 0.351333 1
14 90 1 -0.783755 1
14 91 1 4.00992 1
14 92 1 4.33834 1
14 93 1 1.78921 1
14 94 1 5.47322 1
14 95 1 1.31608 1
14 104 1 -0.404128 1
14 119 1 1.27784 1
14 126 1 0.79081 1
119 81 1 4.90358 1
119 99 1 0.626183 1
15 64 1 -0.526607 1
15 65 1 3.31856 1
15 66 1 -2.6635 1
15 67 1 -1.45041 1
15 68 1 1.27007 1
15 69 1 -3.84883 1
15 70 1 6.86775 1
15 71 1 -3.00636 1
15 72 1 -2.0742 1
15 73 1 0.697524 1
15 74 1 0.712484 1
15 75 1 -1.21705 1
15 76 1 -0.109391 1
15 77 1 0.73682 1
15 78 1 -2.61833 1
15 79 1 1.60108 1
15 80 1 3.95316 1
15 81 1 -0.455705 1
15 82 1 -4.68211 1
15 83 1 0.768442 1
15 84 1 0.881798 1
15 85 1 -1.71864 1
15 86 1 1.81645 1
15 87 1 -7.54196 1
15 88 1 0.959159 1
15 89 1 3.40636 1
15 90 1 0.488487 1
15 91 1 -3.53795 1
15 92 1 1.36072 1
15 93 1 -1.23654 1
15 94 1 -0.314728 1
15 95 1 -2.24439 1
15 20 1 -2.74697 1
16 64 1 4.80241 1
16 65 1 -0.915343 1
16 66 1 -2.25457 1
16 67 1 -4.30571 1
16 68 1 1.1091 1
16 69 1 0.227332 1
16 70 1 2.50456 1
16 71 1 5.69574 1
16 72 1 -0.946329 1
16 73 1 -2.20869 1
16 74 1 -0.403855 1
16 75 1 1.02429 1
16 76 1 2.42928 1
16 77 1 1.96989 1
16 78 1 -1.3868 1
16 79 1 -1.55659 0
16 80 1 1.80412 1
16 81 1 3.4151 1
16 82 1 -3.7428 1
16 83 1 1.51426 1
16 84 1 -0.626748 1
16 85 1 -1.25319 1
16 86 1 1.24602 1
16 87 1 -0.326456 1
16 88 1 1.13435 1
16 89 1 1.94191 1
16 90 1 -3.95896 1
16 91 1 2.9875 1
16 92 1 3.35195 1
16 93 1 -3.23587 1
16 94 1 -0.775607 1
16 95 1 -3.02438 1
16 26 1 -1.84179 1
16 151 1 2.75604 1
151 79 1 -0.337802 1
17 64 1 -1.73465 1
17 65 1 0.997744 1
17 66 1 -0.601777 1
17 67 1 2.73528 1
17 68 1 0.589276 1
17 69 1 0.650393 1
17 70 1 0.510955 1
17 71 1 4.63022 1
17 72 1 -5.92769 0
17 73 1 2.0714 1
17 74 1 3.01763 1
17 75 1 -1.76787 1
17 76 1 -0.810945 1
17 77 1 2.83405 1
17 78 1 -1.56285 1
17 79 1 -3.31116 1
17 80 1 6.1246 1
17 81 1 2.45819 1
17 82 1 0.613114 1
17 83 1 -2.27413 1
17 84 1 -1.32462 1
17 85 1 2.20402 1
17 86 1 -1.43321 1
17 87 1 -3.24592 1
17 88 1 -6.7119 1
17 89 1 1.75712 1
17 90 1 -4.5599 1
17 91 1 4.6497 1
17 92 1 0.0775581 1
17 93 1 2.63522 1
17 94 1 2.73416 1
17 95 1 1.21359 1
17 146 1 2.75868 1
146 72 1 -4.71956 0
146 30 1 -0.53943 1
146 177 1 0.68608 1
177 72 1 -4.34877 1
18 64 1 2.72957 1
18 65 1 -3.12386 1
18 66 1 3.25247 1
18 67 1 2.18247 1
18 68 1 -2.86909 1
18 69 1 0.0862604 1
18 70 1 3.69642 1
18 71 1 -1.62284 1
18 72 1 0.890992 1
18 73 1 -0.684265 1
18 74 1 1.50078 1
18 75 1 -3.20322 1
18 76 1 2.96217 1
18 77 1 -0.78891 1
18 78 1 0.897233 1
18 79 1 2.50751 1
18 80 1 -7.16927 1
18 81 1 4.08637 1
18 82 1 -3.92908 1
18 83 1 4.59587 1
18 84 1 -4.44518 1
18 85 1 2.2732 1
18 86 1 5.34224 1
18 87 1 -3.94085 1
18 88 1 1.09048 1
18 89 1 -4.12679 1
18 90 1 -0.256833 1
18 91 1 -0.260097 1
18 92 1 -2.994 1
18 93 1 2.0641 1
18 94 1 -0.504928 1
18 95 1 0.895249 1
18 25 1 -0.921915 1
18 18 1 -1.09447 1
18 139 1 2.34016 1
19 64 1 5.96789 1
19 65 1 -1.36366 1
19 66 1 5.71794 1
19 67 1 -2.30821 1
19 68 1 -1.32971 1
19 69 1 2.94572 1
19 70 1 -1.11505 1
19 71 1 0.219551 1
19 72 1 2.9499 1
19 73 1 0.147112 1
19 74 1 0.193819 1
19 75 1 0.845265 1
19 76 1 -5.00969 1
19 77 1 -0.427213 1
19 78 1 0.55321 1
19 79 1 5.92 1
19 80 1 -1.98312 1
19 81 1 -2.75847 1
19 82 1 0.904147 1
19 83 1 -3.13949 1
19 84 1 2.26404 1
19 85 1 2.97853 1
19 86 1 -1.67211 1
19 87 1 3.05511 1
19 88 1 -0.1718 1
19 89 1 5.47991 1
19 90 1 -0.794436 1
19 91 1 -1.39331 1
19 92 1 -1.78514 1
19 93 1 -4.50414 1
19 94 1 -1.84851 1
19 95 1 -7.41891 1
20 64 1 1.08602 1
20 65 1 -0.0682114 1
20 66 1 -2.83677 1
20 67 1 -0.638244 1
20 68 1 0.378587 1
20 69 1 1.15529 1
20 70 1 -2.6826 1
20 71 1 4.55812 1
20 72 1 0.036532 1
20 73 1 2.56024 1
20 74 1 3.22704 1
20 75 1 3.98033 1
20 76 1 -0.417889 1
20 77 1 -3.67309 1
20 78 1 1.71365 1
20 79 1 1.59123 1
20 80 1 -0.22486 1
20 81 1 -0.550481 1
20 82 1 3.51663 1
20 83 1 0.511855 1
20 84 1 3.56485 1
20 85 1 -3.55935 1
20 86 1 -0.0677209 1
20 87 1 -0.248096 1
20 88 1 0.857577 1
20 89 1 1.00194 1
20 90 1 2.21326 1
20 91 1 2.10699 0
20 92 1 2.95375 1
20 93 1 1.96101 0
20 94 1 2.47816 0
20 95 1 1.87951 1
20 96 1 -2.02431 1
20 98 1 2.85748 1
20 103 1 1.95888 1
20 109 1 -0.690962 1
103 91 1 1.67888 0
103 105 1 4.3156 1
103 112 1 -1.47729 0
103 123 1 -1.51652 1
103 140 1 -0.979681 1
140 112 1 1.72346 1
123 91 1 -0.185488 1
123 113 1 -0.450625 0
123 136 1 0.741534 1
123 137 1 1.61366 1
136 113 1 -2.22278 1
136 6 1 -0.326992 1
105 91 1 2.15856 0
105 129 1 -0.338779 1
129 91 1 0.261299 0
129 135 1 4.27936 1
129 116 1 -0.709904 1
135 91 1 -2.1711 1
98 93 1 2.72228 1
98 99 1 6.78617 1
98 15 1 0.432807 1
96 94 1 1.02769 1
96 20 1 -1.16165 0
96 155 1 2.06234 1
155 20 1 -1.87877 0
155 30 1 1.07099 1
155 176 1 1.34511 1
176 20 1 -1.99209 1
21 64 1 4.0014 1
21 65 1 7.62835 1
21 66 1 -6.63627 1
21 67 1 -4.60841 1
21 68 1 -0.669796 1
21 69 1 0.893144 1
21 70 1 0.936548 1
21 71 1 -5.2334 1
21 72 1 -7.58504 1
21 73 1 -2.25889 1
21 74 1 -0.707058 1
21 75 1 1.51701 1
21 76 1 -2.57066 1
21 77 1 -2.40936 1
21 78 1 0.276825 1
21 79 1 -3.18646 1
21 80 1 0.893553 1
21 81 1 -1.8904 1
21 82 1 -0.0507121 1
21 83 1 -2.29021 1
21 84 1 8.81414 1
21 85 1 0.326588 1
21 86 1 1.77465 1
21 87 1 -0.232664 1
21 88 1 4.5098 1
21 89 1 1.52867 1
21 90 1 -1.06038 1
21 91 1 -0.37829 0
21 92 1 2.80945 1
21 93 1 1.62073 1
21 94 1 -2.84015 1
21 95 1 0.767899 1
21 143 1 4.91004 1
143 91 1 -1.38044 1
22 64 1 0.920081 1
22 65 1 0.598849 1
22 66 1 2.28922 1
22 67 1 5.70383 1
22 68 1 0.565446 1
22 69 1 -1.49284 1
22 70 1 -1.92268 1
22 71 1 0.334529 1
22 72 1 -4.15712 1
22 73 1 1.57173 1
22 74 1 -5.21701 1
22 75 1 -1.57474 1
22 76 1 0.647223 1
22 77 1 -1.04546 1
22 78 1 4.49359 1
22 79 1 4.75685 1
22 80 1 2.08239 1
22 81 1 -3.31372 1
22 82 1 1.46949 1
22 83 1 -0.0774598 1
22 84 1 -1.38487 1
22 85 1 3.12343 1
22 86 1 -0.0109082 1
22 87 1 6.51953 1
22 88 1 -3.81298 1
22 89 1 -0.65739 1
22 90 1 0.683057 1
22 91 1 1.44753 1
22 92 1 0.647066 1
22 93 1 3.61758 1
22 94 1 6.12124 1
22 95 1 1.16654 1
23 64 1 -2.01237 1
23 65 1 1.48795 1
23 66 1 3.45516 1
23 67 1 3.20774 1
23 68 1 -3.21127 1
23 69 1 2.59165 1
23 70 1 3.61697 1
23 71 1 -4.90636 1
23 72 1 -1.82929 1
23 73 1 -1.66251 1
23 74 1 2.96116 1
23 75 1 1.63063 1
23 76 1 2.3483 1
23 77 1 3.76318 1
23 78 1 1.09097 0
23 79 1 -6.29555 1
23 80 1 1.6853 1
23 81 1 0.769509 1
23 82 1 -3.78013 1
23 83 1 0.204997 1
23 84 1 2.47391 1
23 85 1 -1.62723 1
23 86 1 -11.3174 1
23 87 1 -0.262782 1
23 88 1 2.78575 1
23 89 1 -1.5592 1
23 90 1 -6.85074 1
23 91 1 -2.07504 1
23 92 1 3.13312 1
23 93 1 3.58964 1
23 94 1 -2.80331 1
23 95 1 0.817316 1
23 107 1 -0.0941622 1
23 27 1 0.305517 1
23 178 1 1.26224 1
178 78 1 0.998447 1
24 64 1 -1.34881 1
24 65 1 2.3892 1
24 66 1 -0.895329 1
24 67 1 6.85575 1
24 68 1 -5.03165 1
24 69 1 3.04919 0
24 70 1 1.56631 1
24 71 1 4.16915 1
24 72 1 0.727095 1
24 73 1 2.55257 1
24 74 1 1.07707 1
24 75 1 -0.145069 1
24 76 1 -3.6263 1
24 77 1 0.417133 1
24 78 1 -6.96243 1
24 79 1 0.385479 1
24 80 1 5.61398 1
24 81 1 3.18223 1
24 82 1 -1.32846 1
24 83 1 -1.04652 1
24 84 1 -2.75685 1
24 85 1 -0.0789859 1
24 86 1 -4.61009 1
24 87 1 4.6329 1
24 88 1 -1.40521 1
24 89 1 8.59728 1
24 90 1 3.6382 1
24 91 1 -3.23229 1
24 92 1 -0.0315279 1
24 93 1 -1.36379 1
24 94 1 -0.627533 1
24 95 1 -4.78214 1
24 5 1 0.776362 1
24 168 1 -0.404491 1
168 69 1 3.9888 1
168 172 1 0.400377 1
25 64 1 -1.55513 1
25 65 1 1.73079 1
25 66 1 -1.99245 1
25 67 1 -2.91377 1
25 68 1 1.43302 1
25 69 1 -5.60577 1
25 70 1 1.14843 0
25 71 1 -3.20836 1
25 72 1 2.7971 1
25 73 1 3.62131 1
25 74 1 1.44879 1
25 75 1 -3.02132 1
25 76 1 1.06441 1
25 77 1 -1.13853 1
25 78 1 2.74328 1
25 79 1 1.34664 1
25 80 1 -1.16947 1
25 81 1 -1.16736 1
25 82 1 -2.17697 1
25 83 1 2.45429 1
25 84 1 -1.21246 1
25 85 1 -1.40609 1
25 86 1 4.83053 1
25 87 1 -0.574437 1
25 88 1 -1.17659 1
25 89 1 -0.949642 1
25 90 1 -3.78064 1
25 91 1 2.37523 1
25 92 1 3.79693 1
25 93 1 -1.66717 1
25 94 1 -1.93545 0
25 95 1 -3.61132 1
25 8 1 1.56193 1
25 6 1 -1.36943 1
25 121 1 0.294845 1
25 175 1 1.03418 1
175 94 1 -2.63057 1
121 70 1 5.81758 1
26 64 1 -2.66478 1
26 65 1 2.69349 1
26 66 1 -0.151464 1
26 67 1 1.72167 1
26 68 1 -0.429317 1
26 69 1 1.28378 1
26 70 1 -1.07703 1
26 71 1 1.30754 1
26 72 1 -2.75464 1
26 73 1 0.729673 1
26 74 1 -8.45745 1
26 75 1 3.05458 1
26 76 1 1.20107 1
26 77 1 -4.87606 1
26 78 1 1.22668 1
26 79 1 -0.273766 1
26 80 1 -2.77983 1
26 81 1 3.61975 1
26 82 1 2.2772 1
26 83 1 1.99249 1
26 84 1 -4.51202 1
26 85 1 1.08422 1
26 86 1 -3.7955 1
26 87 1 1.3575 1
26 88 1 -3.49127 1
26 89 1 1.27843 1
26 90 1 -3.03582 1
26 91 1 -3.26701 1
26 92 1 0.417663 1
26 93 1 -1.60305 1
26 94 1 2.08137 1
26 95 1 -0.191748 1
26 23 1 4.38249 1
26 15 1 -0.188559 1
26 161 1 -1.96173 1
27 64 1 -2.5679 1
27 65 1 4.84573 1
27 66 1 3.86287 1
27 67 1 0.545033 1
27 68 1 2.21915 1
27 69 1 0.865436 1
27 70 1 5.42327 1
27 71 1 -5.44337 1
27 72 1 0.236831 1
27 73 1 1.24936 1
27 74 1 -3.78031 1
27 75 1 3.80018 1
27 76 1 -3.60684 1
27 77 1 1.54845 1
27 78 1 2.92068 1
27 79 1 0.603843 1
27 80 1 -1.10026 1
27 81 1 -1.92568 1
27 82 1 1.79494 1
27 83 1 0.0840928 1
27 84 1 2.59144 1
27 85 1 -1.53124 1
27 86 1 -3.4773 1
27 87 1 -1.36374 1
27 88 1 -6.94481 1
27 89 1 -5.15433 1
27 90 1 4.97012 1
27 91 1 -2.74283 1
27 92 1 0.318549 1
27 93 1 -0.569341 1
27 94 1 1.51418 1
27 95 1 -1.09318 1
27 9 1 4.42676 1
27 5 1 0.162775 1
28 64 1 2.17513 1
28 65 1 -0.0997681 1
28 66 1 -0.860878 1
28 67 1 4.22979 1
28 68 1 5.96849 1
28 69 1 1.2867 1
28 70 1 -2.16519 1
28 71 1 -0.484768 1
28 72 1 -7.25159 1
28 73 1 0.623973 1
28 74 1 -2.15737 1
28 75 1 2.92044 1
28 76 1 1.68439 1
28 77 1 2.14971 1
28 78 1 -4.17753 1
28 79 1 3.13232 1
28 80 1 1.34276 1
28 81 1 -1.00965 1
28 82 1 3.97318 1
28 83 1 1.83915 1
28 84 1 3.84319 1
28 85 1 -4.76147 1
28 86 1 -2.03169 1
28 87 1 1.40465 1
28 88 1 -4.49034 1
28 89 1 1.50753 1
28 90 1 -2.20344 1
28 91 1 -0.0210839 1
28 92 1 6.27153 1
28 93 1 -1.56195 1
28 94 1 4.81683 1
28 95 1 -2.45853 1
29 64 1 -1.52011 1
29 65 1 1.6572 1
29 66 1 -1.22989 1
29 67 1 2.58663 1
29 68 1 -8.13705 1
29 69 1 1.68947 1
29 70 1 -2.70544 1
29 71 1 -1.0517 1
29 72 1 0.82706 1
29 73 1 0.500512 1
29 74 1 -2.91431 1
29 75 1 -0.554988 1
29 76 1 0.197776 1
29 77 1 1.4271 1
29 78 1 -5.76915 1
29 79 1 -3.83399 1
29 80 1 2.45675 1
29 81 1 2.69917 1
29 82 1 1.81846 1
29 83 1 1.02165 1
29 84 1 0.526234 1
29 85 1 -1.38551 1
29 86 1 -2.81388 1
29 87 1 -2.44788 1
29 88 1 -1.17912 1
29 89 1 -3.55236 1
29 90 1 0.0738008 1
29 91 1 1.12777 1
29 92 1 2.08169 1
29 93 1 0.484478 1
29 94 1 -2.49478 1
29 95 1 2.18608 1
29 113 1 1.94025 1
30 64 1 -1.12829 1
30 65 1 6.09901 1
30 66 1 3.84098 1
30 67 1 -0.91392 1
30 68 1 0.0809576 1
30 69 1 1.43614 1
30 70 1 4.55238 1
30 71 1 -0.923478 1
30 72 1 -2.35144 1
30 73 1 4.16621 1
30 74 1 -1.04746 1
30 75 1 2.01013 1
30 76 1 2.64725 1
30 77 1 -1.79144 1
30 78 1 3.48314 1
30 79 1 4.94558 1
30 80 1 -2.65399 1
30 81 1 -0.347796 1
30 82 1 6.22883 1
30 83 1 2.0706 1
30 84 1 1.37862 1
30 85 1 -2.58517 1
30 86 1 -2.84341 1
30 87 1 -2.94268 1
30 88 1 1.48619 1
30 89 1 -2.59235 1
30 90 1 -0.685265 1
30 91 1 5.42874 1
30 92 1 -0.538049 1
30 93 1 2.59295 1
30 94 1 1.77457 1
30 95 1 -3.39435 1
30 28 1 1.25994 1
31 64 1 1.54525 1
31 65 1 -3.1626 1
31 66 1 -4.36719 1
31 67 1 8.03087 1
31 68 1 4.95663 1
31 69 1 1.70122 1
31 70 1 -0.540573 1
31 71 1 1.50547 1
31 72 1 -2.82269 1
31 73 1 -0.0691452 1
31 74 1 3.66206 1
31 75 1 -0.417617 1
31 76 1 -2.76326 1
31 77 1 0.59755 1
31 78 1 -4.38421 1
31 79 1 -0.424912 1
31 80 1 -1.38501 1
31 81 1 -0.548339 1
31 82 1 -0.42956 1
31 83 1 -1.20766 1
31 84 1 -3.58189 1
31 85 1 -4.44247 1
31 86 1 1.49752 1
31 87 1 -4.60455 0
31 88 1 1.84755 1
31 89 1 -0.67701 1
31 90 1 -1.27439 1
31 91 1 -4.26373 1
31 92 1 -0.236229 1
31 93 1 -0.821206 1
31 94 1 2.97816 1
31 95 1 -0.292082 1
31 122 1 1.68708 1
31 10 1 -1.16488 1
31 117 1 -1.12179 1
122 87 1 -1.04153 1
32 64 1 6.81733 1
32 65 1 1.99436 1
32 66 1 -3.55694 1
32 67 1 2.76286 1
32 68 1 1.48766 1
32 69 1 4.52315 1
32 70 1 -0.590237 1
32 71 1 3.76878 1
32 72 1 -2.63424 1
32 73 1 1.61781 1
32 74 1 -0.150652 1
32 75 1 4.57717 1
32 76 1 0.711888 1
32 77 1 3.88844 1
32 78 1 0.816218 1
32 79 1 -0.228453 1
32 80 1 -0.0883223 1
32 81 1 -0.200705 1
32 82 1 -2.70742 1
32 83 1 -2.70857 1
32 84 1 2.0865 1
32 85 1 -0.0885436 1
32 86 1 0.0927599 1
32 87 1 -1.90366 1
32 88 1 0.945942 1
32 89 1 -1.82484 1
32 90 1 2.71801 1
32 91 1 -4.8415 1
32 92 1 3.40946 1
32 93 1 1.8173 1
32 94 1 -1.25653 1
32 95 1 -1.18349 1
33 64 1 2.04326 1
33 65 1 -4.75685 1
33 66 1 -1.78329 1
33 67 1 -0.61531 1
33 68 1 -0.268948 1
33 69 1 -4.34515 1
33 70 1 3.79175 1
33 71 1 4.81728 1
33 72 1 2.6336 1
33 73 1 4.6468 1
33 74 1 0.634468 1
33 75 1 -7.41294 1
33 76 1 -4.58709 1
33 77 1 1.02629 1
33 78 1 -1.45774 1
33 79 1 -4.77317 1
33 80 1 0.489427 1
33 81 1 -2.81867 1
33 82 1 -1.40042 1
33 83 1 0.540231 1
33 84 1 0.131237 1
33 85 1 0.668221 1
33 86 1 4.02807 1
33 87 1 1.42647 1
33 88 1 3.27735 1
33 89 1 4.6012 1
33 90 1 -3.42001 1
33 91 1 -1.11635 1
33 92 1 1.73866 1
33 93 1 2.88593 1
33 94 1 1.68191 1
33 95 1 0.797318 1
33 20 1 -0.788534 1
33 107 1 -0.901307 1
33 13 1 0.751847 1
33 113 1 -2.00165 1
34 64 1 -0.556601 1
34 65 1 -1.15364 1
34 66 1 2.87326 1
34 67 1 0.10882 1
34 68 1 -0.917789 1
34 69 1 -0.723931 1
34 70 1 -2.93199 1
34 71 1 -2.48695 1
34 72 1 -3.84912 1
34 73 1 -4.24845 1
34 74 1 2.44823 1
34 75 1 7.23391 1
34 76 1 -2.22076 1
34 77 1 0.477813 1
34 78 1 -0.715662 1
34 79 1 0.141681 1
34 80 1 2.64659 1
34 81 1 -1.8266 1
34 82 1 2.24233 1
34 83 1 1.48959 1
34 84 1 0.0778491 1
34 85 1 -0.982693 1
34 86 1 -2.07124 1
34 87 1 -0.400068 1
34 88 1 -0.28425 1
34 89 1 0.523096 1
34 90 1 -6.37393 1
34 91 1 3.66425 1
34 92 1 4.21401 1
34 93 1 -1.5656 1
34 94 1 3.55997 1
34 95 1 2.969 1
34 113 1 -1.09681 1
35 64 1 1.47543 1
35 65 1 -2.44168 1
35 66 1 -0.985898 1
35 67 1 5.73616 1
35 68 1 2.45083 1
35 69 1 2.70039 1
35 70 1 3.03914 1
35 71 1 3.36427 1
35 72 1 2.00764 1
35 73 1 5.81387 1
35 74 1 0.993256 1
35 75 1 -2.35722 1
35 76 1 -3.51307 1
35 77 1 1.51905 1
35 78 1 -0.927532 1
35 79 1 3.93428 1
35 80 1 -6.35425 1
35 81 1 -0.672613 1
35 82 1 4.24222 0
35 83 1 -3.17978 1
35 84 1 6.68446 1
35 85 1 -4.50927 1
35 86 1 -1.39927 1
35 87 1 -3.25555 1
35 88 1 -1.02094 1
35 89 1 2.8717 0
35 90 1 -0.0755381 1
35 91 1 -1.62786 1
35 92 1 -3.38362 1
35 93 1 -5.49292 1
35 94 1 -0.00541863 1
35 95 1 0.661701 1
35 130 1 0.588159 1
35 133 1 5.97434 1
133 82 1 1.5519 1
130 89 1 0.134916 1
130 109 1 -0.133987 1
36 64 1 3.29184 1
36 65 1 2.62967 1
36 66 1 2.49381 1
36 67 1 -0.552687 1
36 68 1 -5.39553 1
36 69 1 -3.23488 1
36 70 1 -2.55333 1
36 71 1 0.530003 1
36 72 1 -3.05355 1
36 73 1 -0.714215 1
36 74 1 -1.58844 1
36 75 1 0.89129 1
36 76 1 1.45113 1
36 77 1 -4.71429 1
36 78 1 1.95468 1
36 79 1 4.47561 1
36 80 1 4.90269 1
36 81 1 -0.206116 1
36 82 1 0.14367 0
36 83 1 -0.0910569 1
36 84 1 3.38451 1
36 85 1 -3.35332 1
36 86 1 0.945627 1
36 87 1 0.557204 1
36 88 1 -2.74152 1
36 89 1 0.567781 1
36 90 1 -3.29669 1
36 91 1 0.58081 1
36 92 1 5.02661 1
36 93 1 2.48263 1
36 94 1 -1.53468 1
36 95 1 7.86357 1
36 109 1 0.45279 0
36 24 1 -3.07384 1
36 117 1 1.86113 1
117 109 1 2.57116 1
117 4 1 1.00214 1
109 82 1 0.501706 1
109 31 1 2.22581 1
37 64 1 -5.85611 1
37 65 1 1.24277 1
37 66 1 -4.0581 1
37 67 1 -0.852102 1
37 68 1 -3.92702 1
37 69 1 1.7973 1
37 70 1 -6.10335 1
37 71 1 -1.46972 1
37 72 1 1.17229 1
37 73 1 1.67338 1
37 74 1 0.444654 1
37 75 1 -0.150759 1
37 76 1 1.37932 0
37 77 1 3.3444 1
37 78 1 -0.670657 1
37 79 1 0.706733 1
37 80 1 -0.495269 1
37 81 1 3.02886 1
37 82 1 1.7977 1
37 83 1 3.48623 1
37 84 1 -4.63277 1
37 85 1 2.45273 1
37 86 1 -0.863719 1
37 87 1 -0.097738 1
37 88 1 -2.05767 1
37 89 1 -3.63415 1
37 90 1 -3.0026 1
37 91 1 1.14098 1
37 92 1 3.7419 1
37 93 1 0.361448 1
37 94 1 -1.31227 1
37 95 1 0.574603 1
37 142 1 -0.0151542 1
37 160 1 -0.899732 1
142 76 1 -0.729893 1
142 147 1 -0.606218 1
142 6 1 0.194291 1
38 64 1 1.12254 1
38 65 1 -1.0693 1
38 66 1 -1.22278 1
38 67 1 -3.08138 1
38 68 1 -0.449616 1
38 69 1 -5.42743 1
38 70 1 0.636598 1
38 71 1 -0.350072 1
38 72 1 2.13067 1
38 73 1 1.48387 1
38 74 1 -1.86339 1
38 75 1 4.25287 1
38 76 1 3.30428 1
38 77 1 -2.57543 1
38 78 1 -1.03855 1
38 79 1 -0.405056 1
38 80 1 -1.13783 1
38 81 1 -2.61699 1
38 82 1 3.39277 1
38 83 1 -1.45992 1
38 84 1 -1.02172 1
38 85 1 -1.85647 1
38 86 1 -0.563885 1
38 87 1 0.914435 0
38 88 1 2.96254 1
38 89 1 4.36452 1
38 90 1 -1.83053 1
38 91 1 2.23485 1
38 92 1 3.03734 0
38 93 1 -0.377883 1
38 94 1 -0.353305 1
38 95 1 -3.18875 1
38 148 1 3.85916 1
38 162 1 -0.60747 1
162 87 1 0.154922 1
148 92 1 2.11397 1
39 64 1 2.00879 1
39 65 1 -1.92485 1
39 66 1 0.871809 1
39 67 1 -1.90886 1
39 68 1 0.980457 1
39 69 1 -0.730649 1
39 70 1 -0.774403 1
39 71 1 -1.03104 1
39 72 1 -4.07768 1
39 73 1 -4.22939 1
39 74 1 1.04042 1
39 75 1 3.71584 0
39 76 1 4.56781 0
39 77 1 0.809979 1
39 78 1 -4.39301 1
39 79 1 -4.38465 1
39 80 1 -1.94912 1
39 81 1 -2.31273 1
39 82 1 -3.27079 1
39 83 1 -3.3261 1
39 84 1 -3.3825 1
39 85 1 0.851134 1
39 86 1 0.570839 1
39 87 1 1.50312 1
39 88 1 -1.1142 1
39 89 1 0.512042 1
39 90 1 4.53795 1
39 91 1 0.648577 1
39 92 1 6.37066 1
39 93 1 1.3339 1
39 94 1 -4.71643 1
39 95 1 -0.928776 1
39 2 1 -3.30009 1
39 112 1 4.13829 1
39 13 1 -0.352073 1
39 104 1 0.0720396 1
39 172 1 2.43884 1
172 76 1 4.58341 1
172 28 1 0.369723 1
112 75 1 -2.51672 1
112 138 1 -1.52604 1
112 153 1 1.12107 0
112 170 1 0.156203 1
112 113 1 0.973321 1
170 153 1 -2.30812 1
170 126 1 1.90365 1
40 64 1 -5.11456 1
40 65 1 -0.951488 1
40 66 1 2.5481 1
40 67 1 1.44442 1
40 68 1 2.16075 1
40 69 1 2.72276 1
40 70 1 -2.13073 1
40 71 1 1.8127 1
40 72 1 2.25285 1
40 73 1 0.847108 1
40 74 1 -1.57458 1
40 75 1 0.852615 1
40 76 1 -3.27405 1
40 77 1 3.05377 1
40 78 1 3.23978 1
40 79 1 -1.29439 1
40 80 1 2.95736 1
40 81 1 1.09784 1
40 82 1 1.26632 1
40 83 1 -4.22847 1
40 84 1 -1.58882 1
40 85 1 -0.57114 1
40 86 1 2.16542 1
40 87 1 -0.179904 1
40 88 1 1.08293 1
40 89 1 -0.999157 1
40 90 1 -0.513126 1
40 91 1 -1.1045 1
40 92 1 -4.35951 1
40 93 1 0.22552 1
40 94 1 0.192192 1
40 95 1 4.08839 1
40 2 1 0.712563 1
40 134 1 2.4281 1
41 64 1 4.14243 1
41 65 1 0.0415996 1
41 66 1 0.125346 1
41 67 1 1.34672 1
41 68 1 2.97583 1
41 69 1 -1.48199 1
41 70 1 1.25289 1
41 71 1 -0.118686 1
41 72 1 3.71389 1
41 73 1 -5.67971 1
41 74 1 1.16389 1
41 75 1 4.27069 1
41 76 1 -5.86267 1
41 77 1 0.734083 1
41 78 1 -4.62968 1
41 79 1 1.54255 1
41 80 1 2.37035 1
41 81 1 4.44762 1
41 82 1 -1.98463 1
41 83 1 2.66276 1
41 84 1 -2.60093 1
41 85 1 0.480494 1
41 86 1 0.776757 1
41 87 1 1.24993 1
41 88 1 3.40356 1
41 89 1 0.26312 1
41 90 1 -1.2556 1
41 91 1 1.89456 1
41 92 1 0.803741 1
41 93 1 -0.0714387 1
41 94 1 -3.02725 1
41 95 1 0.481715 1
41 11 1 0.238831 1
41 29 1 -3.13094 1
41 97 1 -1.55912 1
42 64 1 2.37404 1
42 65 1 -0.51691 1
42 66 1 -1.39896 1
42 67 1 2.4905 1
42 68 1 -3.1778 1
42 69 1 0.27379 1
42 70 1 -0.271252 1
42 71 1 -0.168529 1
42 72 1 -1.77122 1
42 73 1 -1.89236 1
42 74 1 3.66553 1
42 75 1 -3.56967 1
42 76 1 -4.2763 1
42 77 1 -0.970778 1
42 78 1 -0.673309 1
42 79 1 2.04751 1
42 80 1 -0.818246 1
42 81 1 2.77483 1
42 82 1 3.20039 1
42 83 1 2.5923 1
42 84 1 1.41591 1
42 85 1 -1.2795 1
42 86 1 1.72914 1
42 87 1 -3.0375 1
42 88 1 -1.99296 1
42 89 1 -1.01139 1
42 90 1 2.91674 1
42 91 1 1.99051 1
42 92 1 1.7742 1
42 93 1 1.32717 1
42 94 1 -4.69957 1
42 95 1 -0.515483 1
43 64 1 0.880232 1
43 65 1 -2.00386 1
43 66 1 3.57188 1
43 67 1 1.16122 1
43 68 1 0.640931 1
43 69 1 -2.54576 1
43 70 1 1.03053 1
43 71 1 -5.16851 1
43 72 1 0.518736 1
43 73 1 -8.30367 1
43 74 1 3.17178 1
43 75 1 -3.12673 1
43 76 1 -2.07546 1
43 77 1 1.05358 1
43 78 1 1.32153 1
43 79 1 -3.65817 1
43 80 1 -0.06384 1
43 81 1 2.04849 1
43 82 1 2.35753 1
43 83 1 -2.12725 1
43 84 1 -2.72158 1
43 85 1 2.57449 1
43 86 1 2.96331 1
43 87 1 6.5034 1
43 88 1 2.49236 1
43 89 1 2.12565 1
43 90 1 -0.834247 1
43 91 1 -3.21555 1
43 92 1 3.58278 1
43 93 1 2.10018 1
43 94 1 -1.26106 1
43 95 1 1.17303 1
44 64 1 0.0413464 1
44 65 1 -4.46078 1
44 66 1 -1.02776 1
44 67 1 -2.19476 1
44 68 1 0.0519163 1
44 69 1 -2.17319 1
44 70 1 2.84572 1
44 71 1 3.54461 1
44 72 1 -2.7767 1
44 73 1 1.95211 1
44 74 1 -1.74571 1
44 75 1 -3.89729 1
44 76 1 -0.702321 1
44 77 1 2.14003 1
44 78 1 2.98833 1
44 79 1 0.798377 1
44 80 1 4.97204 1
44 81 1 -2.49342 1
44 82 1 1.85091 1
44 83 1 -0.975408 1
44 84 1 1.15771 1
44 85 1 -1.07182 1
44 86 1 2.58327 1
44 87 1 0.00917608 1
44 88 1 1.84731 1
44 89 1 0.990511 1
44 90 1 2.19879 1
44 91 1 2.43917 1
44 92 1 -1.96367 1
44 93 1 3.31861 1
44 94 1 -2.87109 1
44 95 1 -3.26166 1
44 8 1 -2.1093 1
44 29 1 1.64043 1
45 64 1 -0.692474 1
45 65 1 0.210256 1
45 66 1 0.0625133 1
45 67 1 3.14767 1
45 68 1 1.09616 1
45 69 1 -6.53337 1
45 70 1 -3.74295 1
45 71 1 1.16509 1
45 72 1 -3.97221 1
45 73 1 2.61849 1
45 74 1 4.95596 1
45 75 1 2.8974 1
45 76 1 -2.11904 1
45 77 1 -1.20051 1
45 78 1 -2.75974 1
45 79 1 3.48718 1
45 80 1 -1.15672 1
45 81 1 2.66093 1
45 82 1 0.756481 1
45 83 1 -4.59421 1
45 84 1 -0.211036 1
45 85 1 -2.94084 1
45 86 1 1.65574 1
45 87 1 0.382596 1
45 88 1 3.33089 1
45 89 1 -2.68907 1
45 90 1 -1.47926 1
45 91 1 3.5571 1
45 92 1 -2.96103 1
45 93 1 -7.66841 1
45 94 1 1.91121 1
45 95 1 -5.62609 1
45 9 1 5.18165 1
45 20 1 0.496586 1
45 17 1 -0.939384 1
46 64 1 0.474032 1
46 65 1 -0.080737 1
46 66 1 3.11359 1
46 67 1 1.91083 1
46 68 1 -4.95254 1
46 69 1 -0.319413 1
46 70 1 1.64813 1
46 71 1 -2.13946 1
46 72 1 4.00336 1
46 73 1 -3.90384 1
46 74 1 -2.01274 1
46 75 1 -0.635455 1
46 76 1 -5.49078 1
46 77 1 5.82939 1
46 78 1 0.453032 1
46 79 1 -1.22376 1
46 80 1 2.96593 1
46 81 1 1.44618 1
46 82 1 -0.477499 1
46 83 1 3.4011 1
46 84 1 -0.948408 1
46 85 1 3.39981 1
46 86 1 -1.79326 1
46 87 1 5.58544 1
46 88 1 0.407011 1
46 89 1 -4.89108 1
46 90 1 -3.19856 1
46 91 1 0.613866 1
46 92 1 -0.329625 1
46 93 1 -2.51832 1
46 94 1 1.79635 1
46 95 1 -0.872352 1
46 24 1 1.21887 1
47 64 1 0.400723 1
47 65 1 0.165882 1
47 66 1 -0.628188 1
47 67 1 2.09158 1
47 68 1 -0.170519 1
47 69 1 1.88375 1
47 70 1 -2.84233 1
47 71 1 0.771847 1
47 72 1 0.142515 1
47 73 1 5.24139 0
47 74 1 -1.73563 1
47 75 1 -0.656277 1
47 76 1 -3.16671 1
47 77 1 -7.84423 1
47 78 1 -2.58261 1
47 79 1 -0.327077 1
47 80 1 4.96667 1
47 81 1 -4.67079 1
47 82 1 2.26507 1
47 83 1 -0.422533 1
47 84 1 -3.37806 1
47 85 1 -0.253468 1
47 86 1 -1.56777 1
47 87 1 5.95058 1
47 88 1 4.40437 1
47 89 1 1.46708 1
47 90 1 4.65991 1
47 91 1 1.58142 1
47 92 1 1.31496 1
47 93 1 0.842707 1
47 94 1 2.40217 1
47 95 1 -0.11519 1
47 4 1 0.689958 1
47 137 1 2.4319 1
137 73 1 3.40884 0
137 156 1 -0.84516 1
156 73 1 2.37747 1
156 15 1 -0.705161 1
156 104 1 1.27416 1
48 64 1 -0.685316 1
48 65 1 -0.206556 1
48 66 1 4.12391 1
48 67 1 -3.85937 1
48 68 1 -5.45429 1
48 69 1 -4.70184 1
48 70 1 0.894294 1
48 71 1 2.33608 1
48 72 1 -7.25503 1
48 73 1 4.02432 1
48 74 1 4.58684 1
48 75 1 -5.00401 1
48 76 1 -0.961716 1
48 77 1 -2.06116 1
48 78 1 -0.148282 1
48 79 1 2.73662 1
48 80 1 -1.90873 1
48 81 1 -3.52535 1
48 82 1 -1.28283 1
48 83 1 -0.181024 1
48 84 1 1.03786 1
48 85 1 0.447971 1
48 86 1 -1.27387 1
48 87 1 0.250601 1
48 88 1 -1.27738 1
48 89 1 -1.43387 1
48 90 1 1.95571 1
48 91 1 -0.927972 1
48 92 1 -5.79603 1
48 93 1 0.362378 1
48 94 1 6.41949 1
48 95 1 2.72329 1
48 16 1 0.491172 1
48 12 1 0.965862 1
48 14 1 -1.93235 1
48 30 1 1.64978 1
49 64 1 0.0636094 1
49 65 1 -4.49396 1
49 66 1 1.28495 1
49 67 1 -1.17311 1
49 68 1 -4.56759 1
49 69 1 0.5998 1
49 70 1 -0.611791 1
49 71 1 -1.98868 1
49 72 1 -2.32113 1
49 73 1 0.0705147 1
49 74 1 1.79029 1
49 75 1 1.33919 1
49 76 1 -6.16645 1
49 77 1 -4.29884 1
49 78 1 -0.724765 0
49 79 1 2.65597 1
49 80 1 5.11216 1
49 81 1 -3.62471 1
49 82 1 1.08857 1
49 83 1 -0.755136 1
49 84 1 1.75349 1
49 85 1 -1.503 1
49 86 1 -2.12631 1
49 87 1 -1.49588 1
49 88 1 1.26108 1
49 89 1 2.50387 1
49 90 1 -2.95047 1
49 91 1 2.86337 1
49 92 1 2.42948 1
49 93 1 2.4115 1
49 94 1 0.870485 1
49 95 1 4.37453 1
49 19 1 -1.9909 1
49 31 1 -0.687845 1
49 15 1 -2.56322 1
49 158 1 0.87853 1
49 26 1 0.0903085 1
49 144 1 -3.15 1
158 78 1 -1.11686 1
50 64 1 -4.42243 1
50 65 1 -3.02859 1
50 66 1 1.35257 1
50 67 1 -0.845082 1
50 68 1 1.6916 1
50 69 1 -1.99242 1
50 70 1 1.13484 1
50 71 1 5.7159 1
50 72 1 -4.00472 1
50 73 1 3.13647 1
50 74 1 -1.18293 1
50 75 1 2.19589 1
50 76 1 -1.67731 1
50 77 1 -1.2826 1
50 78 1 1.66882 1
50 79 1 -1.23803 1
50 80 1 2.19117 1
50 81 1 -0.493334 1
50 82 1 -3.40406 1
50 83 1 3.43843 1
50 84 1 0.496401 1
50 85 1 4.22698 1
50 86 1 4.02109 1
50 87 1 -3.17354 1
50 88 1 -1.92398 1
50 89 1 -0.0583525 1
50 90 1 1.28072 1
50 91 1 0.175776 1
50 92 1 -0.513953 1
50 93 1 -2.21268 1
50 94 1 -1.66626 1
50 95 1 1.02167 1
50 4 1 4.82821 1
50 22 1 0.843127 1
51 64 1 -1.6795 1
51 65 1 3.88503 1
51 66 1 4.04892 1
51 67 1 -3.47393 1
51 68 1 -0.558657 1
51 69 1 -0.101368 1
51 70 1 0.876657 1
51 71 1 4.94499 1
51 72 1 -5.63993 1
51 73 1 -2.14064 0
51 74 1 -2.24145 1
51 75 1 4.71776 1
51 76 1 -2.36558 1
51 77 1 2.68149 1
51 78 1 5.06508 1
51 79 1 -1.36437 1
51 80 1 0.476576 1
51 81 1 -2.7116 1
51 82 1 -0.454884 1
51 83 1 5.13436 1
51 84 1 -1.7879 1
51 85 1 -0.198896 1
51 86 1 -1.20728 1
51 87 1 2.65608 1
51 88 1 -0.616963 0
51 89 1 -0.742145 1
51 90 1 -0.853804 1
51 91 1 -2.25771 1
51 92 1 2.60377 1
51 93 1 5.2361 1
51 94 1 -5.31858 1
51 95 1 -2.52594 1
51 116 1 2.26503 1
51 12 1 -0.916809 1
51 179 1 1.05986 1
179 88 1 -0.689904 1
116 73 1 0.0239093 0
116 134 1 2.43011 1
134 73 1 4.69409 1
134 128 1 2.12138 1
52 64 1 -3.21203 1
52 65 1 3.76133 1
52 66 1 0.0383378 1
52 67 1 0.950041 1
52 68 1 1.20005 1
52 69 1 5.79725 1
52 70 1 4.00344 1
52 71 1 -1.01556 1
52 72 1 -0.605783 1
52 73 1 2.51423 1
52 74 1 4.37799 1
52 75 1 1.93905 1
52 76 1 -4.82358 1
52 77 1 1.15355 1
52 78 1 3.55663 1
52 79 1 -3.17122 1
52 80 1 -0.0480413 1
52 81 1 -0.962492 1
52 82 1 -1.17887 1
52 83 1 -0.587024 1
52 84 1 -0.258262 1
52 85 1 -0.010479 1
52 86 1 -6.92881 1
52 87 1 0.935941 1
52 88 1 0.301006 1
52 89 1 -0.239387 1
52 90 1 -0.727689 1
52 91 1 0.150801 1
52 92 1 0.844587 1
52 93 1 -3.67701 0
52 94 1 3.68613 1
52 95 1 2.01492 1
52 115 1 0.278418 1
52 139 1 0.843285 1
52 23 1 -1.55129 1
139 93 1 -0.610605 1
53 64 1 -3.48368 1
53 65 1 0.466313 1
53 66 1 -1.64045 1
53 67 1 -2.71068 1
53 68 1 -0.237538 1
53 69 1 1.44521 1
53 70 1 1.47283 0
53 71 1 0.668721 1
53 72 1 -0.816062 1
53 73 1 -0.442686 1
53 74 1 0.356163 1
53 75 1 -3.2241 1
53 76 1 0.00905476 1
53 77 1 2.08536 1
53 78 1 -0.502253 1
53 79 1 0.994483 1
53 80 1 0.955026 1
53 81 1 3.07886 1
53 82 1 2.49939 1
53 83 1 -1.37405 1
53 84 1 1.70687 1
53 85 1 2.35896 1
53 86 1 1.09391 1
53 87 1 -0.49322 1
53 88 1 -0.474606 1
53 89 1 -1.50724 1
53 90 1 -2.81401 1
53 91 1 1.23104 1
53 92 1 3.25574 1
53 93 1 -1.29383 1
53 94 1 -1.36411 1
53 95 1 -2.55593 1
53 20 1 4.98297 1
53 23 1 -0.877396 1
53 149 1 -1.53987 1
149 70 1 -2.58673 0
149 153 1 1.12364 1
149 126 1 -0.291655 1
153 70 1 0.101664 1
54 64 1 1.97946 1
54 65 1 0.744764 1
54 66 1 -1.70302 1
54 67 1 1.10324 1
54 68 1 5.17157 1
54 69 1 -3.30555 1
54 70 1 1.00781 1
54 71 1 4.72097 1
54 72 1 1.05084 1
54 73 1 0.470077 1
54 74 1 -0.245603 1
54 75 1 -1.99987 1
54 76 1 -4.82573 1
54 77 1 1.51377 1
54 78 1 -2.7087 1
54 79 1 2.73035 1
54 80 1 2.04531 1
54 81 1 4.68741 1
54 82 1 -2.45033 1
54 83 1 4.93046 1
54 84 1 0.743976 1
54 85 1 0.209316 1
54 86 1 -4.8101 1
54 87 1 -0.493406 1
54 88 1 1.07038 1
54 89 1 5.19712 1
54 90 1 -3.15705 1
54 91 1 2.4699 1
54 92 1 -1.79739 1
54 93 1 3.1812 1
54 94 1 -3.97606 1
54 95 1 -1.57948 1
54 30 1 -0.173532 1
54 144 1 1.91122 1
55 64 1 0.818753 1
55 65 1 -2.91727 1
55 66 1 -3.01911 1
55 67 1 -2.50697 1
55 68 1 0.828259 1
55 69 1 1.03044 1
55 70 1 3.44545 1
55 71 1 -4.46066 1
55 72 1 2.44518 1
55 73 1 -1.16434 1
55 74 1 3.15693 1
55 75 1 -3.77108 1
55 76 1 -4.69894 1
55 77 1 1.01265 1
55 78 1 0.91926 1
55 79 1 5.0984 1
55 80 1 -0.831426 1
55 81 1 2.1494 1
55 82 1 -1.40286 1
55 83 1 1.20543 1
55 84 1 -0.294431 1
55 85 1 -7.43964 1
55 86 1 0.230011 1
55 87 1 -1.41854 1
55 88 1 -6.18921 1
55 89 1 1.41305 1
55 90 1 -1.43064 1
55 91 1 0.361416 1
55 92 1 9.73878 1
55 93 1 -4.27422 1
55 94 1 -3.98633 1
55 95 1 -2.12106 0
55 28 1 4.6998 1
55 114 1 0.493052 1
55 0 1 -3.51629 1
55 2 1 0.638766 1
114 95 1 -0.347529 1
56 64 1 3.40759 1
56 65 1 -9.34987 1
56 66 1 0.172863 1
56 67 1 -0.0135656 1
56 68 1 2.3098 0
56 69 1 -1.19837 1
56 70 1 0.861623 1
56 71 1 2.73094 1
56 72 1 -2.05748 1
56 73 1 -0.302077 1
56 74 1 3.09975 1
56 75 1 4.96117 1
56 76 1 -1.96732 1
56 77 1 -2.37084 1
56 78 1 -3.22885 1
56 79 1 -1.40349 1
56 80 1 -0.969667 1
56 81 1 7.10852 1
56 82 1 2.32333 1
56 83 1 -1.61712 1
56 84 1 -2.01473 1
56 85 1 -0.0968361 1
56 86 1 2.88023 1
56 87 1 0.645592 1
56 88 1 1.99761 1
56 89 1 1.98484 1
56 90 1 -0.733652 1
56 91 1 -0.854592 1
56 92 1 0.77626 1
56 93 1 3.0609 1
56 94 1 -1.55677 1
56 95 1 -2.1426 1
56 3 1 -3.47634 1
56 126 1 4.73089 1
56 0 1 -0.258055 1
126 68 1 2.83717 1
126 11 1 -2.47389 1
57 64 1 -4.00485 1
57 65 1 6.628 1
57 66 1 -1.88811 1
57 67 1 -2.7711 1
57 68 1 -0.384404 1
57 69 1 -1.34588 0
57 70 1 0.628528 1
57 71 1 3.34518 1
57 72 1 2.35848 1
57 73 1 -2.32803 1
57 74 1 1.1212 1
57 75 1 5.10915 1
57 76 1 4.65453 1
57 77 1 -5.44609 1
57 78 1 2.32673 1
57 79 1 -2.22801 1
57 80 1 3.12941 1
57 81 1 3.92782 1
57 82 1 3.38703 1
57 83 1 -2.30749 1
57 84 1 1.17977 1
57 85 1 -3.77275 1
57 86 1 -1.82877 1
57 87 1 -0.236792 1
57 88 1 2.24239 1
57 89 1 -0.0575413 1
57 90 1 0.576486 1
57 91 1 -3.52485 1
57 92 1 -3.04412 1
57 93 1 -2.01981 1
57 94 1 -2.26609 1
57 95 1 2.47143 1
57 104 1 5.00545 1
57 22 1 0.070833 1
104 69 1 2.592 1
104 1 1 1.90813 1
104 107 1 -0.249993 1
58 64 1 6.9606 1
58 65 1 -2.3506 1
58 66 1 -2.1022 1
58 67 1 -0.305624 1
58 68 1 -3.44451 1
58 69 1 -1.54405 1
58 70 1 0.308872 1
58 71 1 2.83766 1
58 72 1 0.764999 1
58 73 1 -2.56252 1
58 74 1 1.03581 1
58 75 1 1.85865 1
58 76 1 1.04018 1
58 77 1 1.99208 1
58 78 1 -3.60275 1
58 79 1 -1.75125 0
58 80 1 -3.77095 1
58 81 1 3.19884 1
58 82 1 1.07594 1
58 83 1 0.421985 1
58 84 1 -2.36626 1
58 85 1 1.04123 1
58 86 1 0.991355 1
58 87 1 -4.00922 1
58 88 1 -6.24487 1
58 89 1 -2.15303 1
58 90 1 -0.0494514 1
58 91 1 -2.78104 1
58 92 1 1.89885 0
58 93 1 1.37448 1
58 94 1 -1.39824 1
58 95 1 3.28196 1
58 128 1 0.954401 1
58 115 1 -0.871391 1
58 174 1 1.88235 1
174 92 1 1.83652 1
128 79 1 0.158623 0
128 131 1 1.4806 1
131 79 1 2.24616 0
131 160 1 1.12112 1
160 79 1 4.45256 0
160 125 1 0.857659 1
160 173 1 0.444844 1
173 79 1 2.76571 1
59 64 1 -4.30952 1
59 65 1 2.28128 1
59 66 1 5.22765 1
59 67 1 -3.52719 1
59 68 1 2.52518 1
59 69 1 -3.46347 1
59 70 1 -3.03318 1
59 71 1 -0.330481 1
59 72 1 -0.456506 1
59 73 1 -1.24186 1
59 74 1 1.46956 1
59 75 1 -0.0361183 1
59 76 1 2.53561 1
59 77 1 -0.725075 0
59 78 1 2.50171 1
59 79 1 -2.41535 1
59 80 1 1.26667 1
59 81 1 1.22836 1
59 82 1 -4.09264 1
59 83 1 5.1186 1
59 84 1 -0.482136 1
59 85 1 -4.49961 1
59 86 1 -5.08437 1
59 87 1 2.33571 1
59 88 1 4.52989 1
59 89 1 0.547756 1
59 90 1 0.654265 1
59 91 1 -1.13072 1
59 92 1 1.52532 1
59 93 1 3.3437 1
59 94 1 -5.29489 1
59 95 1 2.16813 1
59 97 1 -1.00957 1
59 5 1 -5.89475 1
59 11 1 -2.34838 1
59 13 1 2.45132 1
97 77 1 -5.67655 1
97 22 1 1.14521 1
97 2 1 -6.34663 0
97 99 1 2.16226 1
97 7 1 3.4015 0
97 102 1 3.28923 1
97 17 1 2.4769 1
102 7 1 4.94589 1
99 2 1 0.499439 0
99 108 1 6.61343 1
99 15 1 4.43043 1
108 2 1 0.444192 0
108 125 1 6.35293 1
108 0 1 -1.83244 1
125 2 1 2.8413 1
125 1 1 0.363285 1
60 64 1 -0.1159 1
60 65 1 -1.24071 1
60 66 1 1.61252 1
60 67 1 -1.06703 1
60 68 1 1.43758 1
60 69 1 2.31424 1
60 70 1 -2.87574 1
60 71 1 1.03233 1
60 72 1 -0.0938511 0
60 73 1 2.20585 1
60 74 1 1.30733 1
60 75 1 0.59737 1
60 76 1 -0.461357 1
60 77 1 5.62497 1
60 78 1 -3.57329 1
60 79 1 0.1043 1
60 80 1 -5.76288 1
60 81 1 -1.6647 1
60 82 1 -1.03784 1
60 83 1 1.55458 1
60 84 1 -4.46094 1
60 85 1 2.57843 1
60 86 1 2.79838 1
60 87 1 -0.584407 1
60 88 1 -4.74228 1
60 89 1 -0.121948 1
60 90 1 -0.608337 1
60 91 1 0.319407 1
60 92 1 -1.37982 1
60 93 1 -0.450874 1
60 94 1 -0.800068 1
60 95 1 -0.326986 1
60 24 1 -1.39354 1
60 0 1 4.3108 1
60 115 1 1.32518 1
60 3 1 -1.95648 1
60 20 1 -0.670844 1
115 72 1 -1.79427 1
115 18 1 0.746611 1
115 14 1 1.71592 1
115 19 1 -0.859233 1
61 64 1 -0.52147 1
61 65 1 0.679214 1
61 66 1 1.50632 1
61 67 1 -0.789155 1
61 68 1 -4.79336 1
61 69 1 3.04307 1
61 70 1 1.85086 1
61 71 1 1.15701 1
61 72 1 0.150747 1
61 73 1 1.14171 1
61 74 1 4.0889 1
61 75 1 4.73055 1
61 76 1 2.77118 1
61 77 1 -2.99832 0
61 78 1 -4.41591 1
61 79 1 1.49886 1
61 80 1 -2.591 1
61 81 1 0.106978 1
61 82 1 -0.40344 1
61 83 1 -0.210572 1
61 84 1 -3.82778 1
61 85 1 -1.37228 1
61 86 1 -0.456412 1
61 87 1 2.61962 1
61 88 1 -2.62284 1
61 89 1 1.34822 1
61 90 1 -2.70041 1
61 91 1 1.66134 1
61 92 1 -0.489484 1
61 93 1 0.617993 1
61 94 1 0.899445 1
61 95 1 -0.511502 1
61 107 1 0.363058 1
61 113 1 -1.09059 1
61 14 1 -1.25713 1
107 77 1 -5.56898 0
107 113 1 -0.869649 1
107 14 1 -2.27068 1
107 20 1 0.469908 1
113 77 1 -1.51365 0
113 23 1 -1.18178 1
113 147 1 0.291536 1
113 159 1 1.61495 1
159 77 1 -3.44523 0
159 161 1 0.222043 1
161 77 1 -2.02837 1
62 64 1 -0.844202 1
62 65 1 -3.63857 1
62 66 1 2.53483 1
62 67 1 -1.34738 1
62 68 1 1.89443 1
62 69 1 -1.77012 1
62 70 1 -1.03427 1
62 71 1 -4.63499 1
62 72 1 3.72527 1
62 73 1 2.69006 1
62 74 1 2.5278 1
62 75 1 -2.20692 1
62 76 1 2.27465 1
62 77 1 -3.23809 1
62 78 1 -1.41393 1
62 79 1 -2.19238 1
62 80 1 0.853183 1
62 81 1 1.3411 1
62 82 1 -1.47905 1
62 83 1 4.85783 1
62 84 1 -1.27834 0
62 85 1 0.0660926 1
62 86 1 3.46867 1
62 87 1 -0.737652 1
62 88 1 0.205535 1
62 89 1 -2.98831 1
62 90 1 -8.0329 1
62 91 1 1.22906 1
62 92 1 -0.999338 1
62 93 1 -1.25001 1
62 94 1 -0.0757352 1
62 95 1 -1.53286 1
62 5 1 0.660011 1
62 138 1 1.9349 0
62 152 1 1.19353 1
62 31 1 -0.755711 1
152 138 1 1.72625 1
138 84 1 -2.12421 1
63 64 1 3.49067 1
63 65 1 -1.32691 1
63 66 1 5.20611 1
63 67 1 -3.70573 1
63 68 1 1.68308 1
63 69 1 -4.18069 1
63 70 1 -2.81492 1
63 71 1 1.75284 1
63 72 1 -0.149282 1
63 73 1 3.15468 1
63 74 1 -8.25068 1
63 75 1 0.163671 1
63 76 1 -0.542863 0
63 77 1 -0.0331096 1
63 78 1 -0.609866 1
63 79 1 -0.125259 1
63 80 1 3.05387 1
63 81 1 -2.50381 1
63 82 1 2.14621 1
63 83 1 -3.67429 1
63 84 1 -2.03399 1
63 85 1 -4.80459 1
63 86 1 6.46039 1
63 87 1 -2.95987 0
63 88 1 -0.654143 1
63 89 1 -2.46359 1
63 90 1 0.0485689 1
63 91 1 -1.88316 1
63 92 1 1.05368 1
63 93 1 0.80585 1
63 94 1 0.307095 1
63 95 1 -1.87364 1
63 141 1 5.77374 1
63 144 1 0.682847 1
144 76 1 -1.34184 0
144 147 1 2.9455 1
147 76 1 -2.26835 1
147 9 1 -2.91843 1
141 87 1 -5.22047 1
141 10 1 1.88406 1
