183 64 32
2.47403 -2.67932 -4.0045 5.2959 -5.67001 5.25158 -0.333548 4.48588 -0.98927 5.31751 2.20297 5.92465 -3.0695 -4.49519 -2.82139 -3.12784 1.83525 -0.347621 0.0699931 -1.36345 0.0924381 0.167125 -0.174392 0.685177 -6.69038 0.205611 3.88705 1.63233 -3.32102 -3.48079 -3.72404 -0.536554 -1.55926 0.484531 0.406574 3.22674 -4.35276 0.0172239 -0.699742 -0.966517 -1.75037 2.1312 -2.74346 -4.66546 -5.92802 -4.16747 -4.44375 2.79981 0.434214 3.98471 0.671476 -5.25989 -5.17749 0.122861 -0.445915 2.68336 -2.70177 2.54086 1.2387 -1.82906 2.56317 -4.59646 -2.78563 -2.29039 -5.69193 -3.11923 4.34427 2.18891 -3.69509 2.32806 -2.63085 -5.39647 -4.37877 -3.78323 2.76219 4.43517 -0.1077 -1.6449 -0.282532 -5.02838 1.0118 0.924375 -5.02877 1.25163 3.46339 1.71012 -3.12259 -0.785136 4.5204 1.4544 -2.27784 2.11011 -1.15046 -0.785763 0.391487 -1.0952 -1.84588 -1.88164 -2.38752 -2.0333 2.04997 -2.45075 -4.5354 -1.08704 -4.87596 2.07982 -1.81393 -3.35033 -1.6027 -2.47447 -2.44626 3.17246 1.98767 -5.35179 0.793637 -1.49237 -2.39129 0.372644 -0.693362 -0.905881 4.96356 -1.95833 -1.29551 -0.176257 0.503604 4.86967 -0.205888 0.916427 1.14964 3.33231 0.412535 -0.211891 -1.96895 0.713267 -1.84579 -0.816187 -0.803704 -0.0541855 -3.71633 -0.793155 2.30513 -2.81737 -1.83725 -3.26079 0.967709 2.867 -0.150568 -2.29453 0.8225 -3.60366 -2.53976 0.13777 0.791706 -1.01984 0.636494 -0.783415 0.341725 2.35543 0.604881 0.52374 1.2773 0.0124557 -0.45761 1.02361 0.986642 -0.218698 1.86832 -0.275608 0.884535 1.05543 -0.410204 -0.530894 1.31622 -0.494235 -0.388813 -0.797811 0.155331 -0.00434209 -0.14188 -0.214478 0.0242708 -0.371137 -0.0768859 
0 64 1 -4.36399 1
0 65 1 1.95275 1
0 66 1 2.42677 1
0 67 1 -0.346331 1
0 68 1 -2.54641 1
0 69 1 2.08803 1
0 70 1 2.96204 1
0 71 1 1.29802 1
0 72 1 1.04332 1
0 73 1 -1.0371 1
0 74 1 -1.23671 1
0 75 1 2.54549 1
0 76 1 2.59599 1
0 77 1 1.90129 1
0 78 1 -1.18079 1
0 79 1 -0.256342 1
0 80 1 3.14491 1
0 81 1 3.66625 1
0 82 1 5.96577 1
0 83 1 0.83609 1
0 84 1 -1.80573 1
0 85 1 5.51499 1
0 86 1 -1.62082 1
0 87 1 -3.64875 1
0 88 1 2.6413 1
0 89 1 3.76225 1
0 90 1 3.37564 1
0 91 1 5.85244 1
0 92 1 -4.0479 1
0 93 1 -2.0223 1
0 94 1 1.37759 1
0 95 1 -0.128824 1
0 10 1 -3.8806 1
1 64 1 0.204901 1
1 65 1 -5.43478 1
1 66 1 2.78532 1
1 67 1 -5.51508 1
1 68 1 5.06685 1
1 69 1 -2.2667 1
1 70 1 3.84296 1
1 71 1 0.0660307 1
1 72 1 -2.95482 1
1 73 1 -1.5733 1
1 74 1 -2.2891 1
1 75 1 4.07157 1
1 76 1 -1.77269 1
1 77 1 7.24545 1
1 78 1 -0.748848 1
1 79 1 -1.74462 1
1 80 1 -2.01744 1
1 81 1 0.940893 1
1 82 1 -0.172662 1
1 83 1 -6.44319 1
1 84 1 -4.45618 1
1 85 1 -1.99192 1
1 86 1 3.74964 1
1 87 1 -0.440567 1
1 88 1 -0.85178 1
1 89 1 3.71224 1
1 90 1 -2.06696 1
1 91 1 -1.72184 1
1 92 1 0.753311 1
1 93 1 1.03853 1
1 94 1 -0.526698 1
1 95 1 -6.52761 1
1 27 1 0.249651 1
2 64 1 -0.409574 1
2 65 1 -2.03578 1
2 66 1 -5.53171 1
2 67 1 -2.15337 1
2 68 1 -2.05315 1
2 69 1 -0.275825 1
2 70 1 -0.531706 1
2 71 1 2.90463 1
2 72 1 -1.02708 1
2 73 1 -1.87839 1
2 74 1 -4.29654 1
2 75 1 1.0657 1
2 76 1 -3.62769 1
2 77 1 -1.58765 1
2 78 1 0.692126 1
2 79 1 -3.76591 1
2 80 1 -6.04871 1
2 81 1 -4.7963 1
2 82 1 0.32473 1
2 83 1 -3.09898 1
2 84 1 -0.120009 1
2 85 1 3.16594 1
2 86 1 -1.62098 1
2 87 1 -0.751261 1
2 88 1 -1.17368 1
2 89 1 -4.96934 1
2 90 1 -3.40373 1
2 91 1 -1.98608 1
2 92 1 2.60136 0
2 93 1 -2.29128 1
2 94 1 3.17316 1
2 95 1 -1.51343 1
2 100 1 0.0501614 1
2 6 1 4.68649 1
2 110 1 -0.338485 1
2 180 1 1.03545 1
180 92 1 3.26756 1
3 64 1 -1.44345 1
3 65 1 -1.95828 1
3 66 1 0.787946 1
3 67 1 0.752372 1
3 68 1 6.04072 1
3 69 1 -1.95506 1
3 70 1 -3.83446 1
3 71 1 -0.265235 1
3 72 1 8.50383 1
3 73 1 0.273906 1
3 74 1 -1.31578 1
3 75 1 3.74633 1
3 76 1 -0.894778 1
3 77 1 0.233444 1
3 78 1 -1.606 1
3 79 1 0.696006 1
3 80 1 -3.73789 1
3 81 1 0.44089 1
3 82 1 5.09146 1
3 83 1 4.23326 1
3 84 1 0.873224 1
3 85 1 -4.35919 1
3 86 1 0.240683 1
3 87 1 4.05272 1
3 88 1 -2.4816 1
3 89 1 3.59689 1
3 90 1 0.0917851 1
3 91 1 2.98268 1
3 92 1 2.77052 1
3 93 1 -3.06356 1
3 94 1 -1.78519 1
3 95 1 3.98735 0
3 110 1 2.98512 1
110 95 1 -1.70542 0
110 111 1 -0.991986 0
110 132 1 3.09301 1
110 152 1 0.324799 1
110 126 1 0.0718051 1
110 20 1 -0.00927342 1
110 16 1 0.885415 1
132 111 1 1.68259 1
111 95 1 0.292249 1
4 64 1 2.40132 1
4 65 1 -1.18521 1
4 66 1 0.599834 1
4 67 1 5.01486 1
4 68 1 -0.161274 1
4 69 1 2.55768 1
4 70 1 -0.639592 1
4 71 1 -0.649016 1
4 72 1 -1.29887 1
4 73 1 -2.42924 0
4 74 1 0.0329669 1
4 75 1 -7.41542 0
4 76 1 1.00656 1
4 77 1 3.56773 1
4 78 1 0.256902 1
4 79 1 0.104346 1
4 80 1 -6.09723 1
4 81 1 1.53538 1
4 82 1 0.536026 1
4 83 1 -2.13173 1
4 84 1 -2.22363 1
4 85 1 1.54529 1
4 86 1 1.7425 1
4 87 1 -2.72348 1
4 88 1 -3.01489 1
4 89 1 -1.70258 1
4 90 1 3.90542 1
4 91 1 -2.52353 1
4 92 1 -1.44568 1
4 93 1 1.14211 0
4 94 1 -2.09593 1
4 95 1 2.55808 1
4 101 1 3.56477 1
4 17 1 5.42404 1
4 118 1 2.45063 1
4 145 1 0.922541 1
4 119 1 -0.636104 1
145 93 1 0.473117 1
118 73 1 -5.13649 1
101 75 1 1.89869 1
5 64 1 -2.39066 1
5 65 1 7.18715 1
5 66 1 -3.1815 1
5 67 1 10.0369 1
5 68 1 2.25912 1
5 69 1 3.5798 1
5 70 1 1.52235 1
5 71 1 -0.741131 1
5 72 1 0.369235 1
5 73 1 -1.85935 1
5 74 1 -1.99275 1
5 75 1 3.51285 1
5 76 1 3.07769 1
5 77 1 1.1154 1
5 78 1 -0.824432 1
5 79 1 1.00453 1
5 80 1 2.24517 1
5 81 1 -0.59887 1
5 82 1 -0.684264 1
5 83 1 5.39702 1
5 84 1 3.59797 1
5 85 1 3.07359 1
5 86 1 0.544333 1
5 87 1 1.04157 1
5 88 1 0.668748 1
5 89 1 -4.42183 1
5 90 1 -2.69037 1
5 91 1 -0.498876 1
5 92 1 -2.23454 1
5 93 1 0.256022 1
5 94 1 -1.95061 1
5 95 1 -0.0901394 1
5 28 1 3.71162 1
6 64 1 -1.01057 1
6 65 1 -1.74022 1
6 66 1 1.87735 1
6 67 1 3.67352 1
6 68 1 -3.80973 1
6 69 1 -2.67323 1
6 70 1 -5.41496 1
6 71 1 0.472152 1
6 72 1 2.83334 1
6 73 1 -3.19595 1
6 74 1 -4.07314 1
6 75 1 3.26371 1
6 76 1 5.68961 1
6 77 1 -3.60086 1
6 78 1 0.474609 1
6 79 1 -4.11587 1
6 80 1 4.23836 1
6 81 1 -1.39122 1
6 82 1 1.40945 1
6 83 1 2.85824 1
6 84 1 1.48691 1
6 85 1 -5.49769 1
6 86 1 -0.253359 1
6 87 1 5.52507 1
6 88 1 -1.9079 1
6 89 1 -1.23235 1
6 90 1 3.5371 1
6 91 1 0.0476923 1
6 92 1 5.45164 1
6 93 1 -3.99834 1
6 94 1 -2.69788 1
6 95 1 4.11204 1
6 26 1 1.11614 1
7 64 1 2.07084 1
7 65 1 1.46173 1
7 66 1 0.733126 1
7 67 1 -5.5212 1
7 68 1 -2.76784 1
7 69 1 -3.01613 1
7 70 1 5.70532 1
7 71 1 4.80223 1
7 72 1 3.65047 1
7 73 1 -1.65226 1
7 74 1 -1.06305 1
7 75 1 0.509271 0
7 76 1 1.37608 1
7 77 1 3.2288 1
7 78 1 2.67298 1
7 79 1 1.58076 1
7 80 1 -1.26222 1
7 81 1 2.8244 1
7 82 1 -5.17658 0
7 83 1 0.954611 0
7 84 1 -3.37351 1
7 85 1 4.03932 1
7 86 1 0.0503591 1
7 87 1 4.79467 1
7 88 1 -2.6302 1
7 89 1 -2.45653 1
7 90 1 2.43103 1
7 91 1 -2.85655 1
7 92 1 0.715533 1
7 93 1 -1.92314 1
7 94 1 -0.374054 1
7 95 1 1.92545 1
7 100 1 0.510744 1
7 127 1 3.94034 1
7 164 1 1.26369 1
164 75 1 1.70589 1
127 82 1 -4.67802 0
127 169 1 -0.351581 1
127 150 1 1.3737 1
169 82 1 -4.31091 1
100 83 1 3.95122 0
100 24 1 -0.785106 0
100 106 1 3.61569 1
100 166 1 0.0310543 1
166 83 1 4.01547 1
106 24 1 -7.78364 1
106 6 1 -3.0517 1
8 64 1 1.36437 1
8 65 1 -2.30427 1
8 66 1 -0.699523 1
8 67 1 -1.14625 1
8 68 1 -2.70679 1
8 69 1 3.83651 1
8 70 1 1.25184 1
8 71 1 3.12613 1
8 72 1 3.95829 1
8 73 1 -3.16353 1
8 74 1 -2.77317 1
8 75 1 -2.45674 1
8 76 1 2.38981 1
8 77 1 3.56477 1
8 78 1 0.918632 1
8 79 1 -3.05818 1
8 80 1 1.54824 1
8 81 1 -2.6812 1
8 82 1 -1.93198 1
8 83 1 -2.85301 1
8 84 1 2.92487 1
8 85 1 8.90741 1
8 86 1 5.81773 1
8 87 1 3.03786 1
8 88 1 1.19356 1
8 89 1 4.64876 1
8 90 1 1.09906 1
8 91 1 -1.45213 1
8 92 1 2.77109 1
8 93 1 4.75265 1
8 94 1 5.58047 1
8 95 1 -1.37843 1
8 17 1 -0.21507 1
9 64 1 -3.65027 1
9 65 1 -2.15442 1
9 66 1 1.78274 1
9 67 1 0.312348 1
9 68 1 -1.54709 1
9 69 1 -0.327946 1
9 70 1 -8.32871 1
9 71 1 -2.02811 1
9 72 1 3.06952 1
9 73 1 -0.952024 1
9 74 1 -0.450731 1
9 75 1 2.07163 1
9 76 1 5.27737 1
9 77 1 0.660044 1
9 78 1 2.1078 1
9 79 1 2.422 0
9 80 1 -0.864953 1
9 81 1 1.08257 1
9 82 1 -1.89753 1
9 83 1 -3.295 1
9 84 1 4.32651 1
9 85 1 0.703987 1
9 86 1 0.398812 1
9 87 1 -0.91085 1
9 88 1 3.41039 1
9 89 1 4.67714 1
9 90 1 0.302297 1
9 91 1 0.297202 1
9 92 1 -1.29619 1
9 93 1 -0.55864 1
9 94 1 -4.72494 1
9 95 1 0.339047 1
9 103 1 -2.79312 1
9 130 1 -0.0228789 1
9 157 1 0.14489 1
157 79 1 1.01548 1
157 22 1 -0.938774 1
10 64 1 1.45913 1
10 65 1 0.589147 1
10 66 1 3.44028 1
10 67 1 -2.96834 1
10 68 1 3.53138 1
10 69 1 -0.630209 1
10 70 1 -0.466458 1
10 71 1 -0.151258 1
10 72 1 5.87464 1
10 73 1 4.53393 1
10 74 1 -0.401969 0
10 75 1 1.30008 1
10 76 1 4.15655 1
10 77 1 0.0933256 1
10 78 1 0.791541 1
10 79 1 -4.59827 1
10 80 1 -2.98622 1
10 81 1 4.70753 1
10 82 1 3.57378 1
10 83 1 1.31116 1
10 84 1 6.67903 1
10 85 1 2.62121 1
10 86 1 -3.00574 1
10 87 1 -2.85185 1
10 88 1 2.65152 1
10 89 1 1.1085 1
10 90 1 -1.28072 1
10 91 1 2.14716 1
10 92 1 -0.814226 1
10 93 1 0.110331 1
10 94 1 4.59076 1
10 95 1 3.87971 0
10 124 1 2.40532 1
10 165 1 -0.0695801 1
165 95 1 4.54476 1
165 133 1 1.59372 1
124 74 1 -0.837138 1
124 12 1 3.02289 0
124 171 1 0.988727 1
171 12 1 1.7779 1
11 64 1 3.42922 1
11 65 1 2.16295 1
11 66 1 3.7303 1
11 67 1 -2.78379 1
11 68 1 2.55122 1
11 69 1 0.920196 1
11 70 1 2.94397 1
11 71 1 0.768566 1
11 72 1 -7.95658 1
11 73 1 0.831726 1
11 74 1 0.286499 0
11 75 1 -1.8531 1
11 76 1 -1.81768 1
11 77 1 0.924809 1
11 78 1 -1.0411 1
11 79 1 0.133667 1
11 80 1 -1.93516 1
11 81 1 1.91086 1
11 82 1 4.81501 0
11 83 1 3.85003 1
11 84 1 1.81568 1
11 85 1 -1.58893 1
11 86 1 -3.75957 1
11 87 1 0.204943 1
11 88 1 -6.38543 1
11 89 1 1.09156 1
11 90 1 0.820161 1
11 91 1 -1.56882 1
11 92 1 -1.56183 1
11 93 1 3.28334 1
11 94 1 -3.96209 1
11 95 1 -6.38758 1
11 120 1 -6.90327 1
11 109 1 -0.995969 1
11 154 1 1.74726 1
11 8 1 -1.65101 1
11 112 1 2.47918 1
154 82 1 4.24841 1
120 74 1 -3.00199 1
120 13 1 0.603928 0
120 150 1 3.53917 1
150 13 1 2.6912 0
150 163 1 2.91632 1
163 13 1 2.12802 1
12 64 1 -1.13735 1
12 65 1 -1.80448 0
12 66 1 0.462362 1
12 67 1 -3.3096 1
12 68 1 1.03151 1
12 69 1 2.83338 1
12 70 1 0.966697 1
12 71 1 -1.18551 1
12 72 1 3.44394 1
12 73 1 -3.18321 1
12 74 1 -2.20006 1
12 75 1 0.0628971 1
12 76 1 -1.85958 1
12 77 1 1.95319 1
12 78 1 -1.9913 1
12 79 1 -3.02823 1
12 80 1 -2.82673 1
12 81 1 -2.15517 1
12 82 1 4.25058 1
12 83 1 1.02278 1
12 84 1 2.47532 1
12 85 1 -0.0645143 1
12 86 1 -3.91711 1
12 87 1 -3.03307 1
12 88 1 -1.59929 1
12 89 1 1.89658 1
12 90 1 0.0529015 1
12 91 1 -2.29897 1
12 92 1 2.92874 1
12 93 1 -2.68698 1
12 94 1 2.93774 1
12 95 1 -2.7478 1
12 17 1 0.930055 1
12 18 1 0.903343 1
12 144 1 -2.20094 1
12 167 1 1.08485 1
12 11 1 -0.559004 1
167 65 1 -2.17067 1
13 64 1 -0.0984366 1
13 65 1 -2.95425 1
13 66 1 -1.02537 1
13 67 1 0.52181 1
13 68 1 3.77865 1
13 69 1 -3.03743 1
13 70 1 0.775964 1
13 71 1 0.608055 1
13 72 1 0.569439 1
13 73 1 -1.26734 1
13 74 1 -0.253773 1
13 75 1 -1.6237 1
13 76 1 -0.934696 1
13 77 1 -2.73917 1
13 78 1 3.79348 1
13 79 1 2.7967 1
13 80 1 -0.582663 1
13 81 1 2.61174 1
13 82 1 3.24994 1
13 83 1 4.65805 1
13 84 1 -4.87397 1
13 85 1 7.16986 1
13 86 1 5.56661 1
13 87 1 6.96026 1
13 88 1 3.73836 1
13 89 1 0.0382769 1
13 90 1 -4.09829 1
13 91 1 -5.64119 1
13 92 1 -3.07076 1
13 93 1 -1.97856 1
13 94 1 -0.700491 1
13 95 1 -3.44312 1
14 64 1 -0.388717 1
14 65 1 5.38399 1
14 66 1 0.259777 1
14 67 1 1.73731 1
14 68 1 -1.01373 1
14 69 1 1.67379 1
14 70 1 -1.24848 1
14 71 1 0.651187 1
14 72 1 5.03665 1
14 73 1 2.24337 1
14 74 1 0.344443 1
14 75 1 2.42837 1
14 76 1 -4.59945 1
14 77 1 0.603222 1
14 78 1 -2.19998 1
14 79 1 -1.63918 1
14 80 1 -0.799148 1
14 81 1 1.17893 0
14 82 1 2.98175 1
14 83 1 -0.537418 1
14 84 1 -1.04611 1
14 85 1 -2.12202 1
14 86 1 2.64343 1
14 87 1 -0.517212 1
14 88 1 -2.64475 1
14 89 1 1.10901 1
14 90 1 -0.359244 1
14 91 1 4.04462 1
14 92 1 4.11703 1
14 93 1 2.15842 1
14 94 1 5.60128 1
14 95 1 1.08645 1
14 104 1 -0.259558 1
14 119 1 1.31968 1
14 126 1 0.943406 1
119 81 1 5.3294 1
119 99 1 0.316415 1
15 64 1 -0.137637 1
15 65 1 3.60627 1
15 66 1 -2.25226 1
15 67 1 -1.43481 1
15 68 1 1.34535 1
15 69 1 -4.09158 1
15 70 1 6.61789 1
15 71 1 -2.64526 1
15 72 1 -2.50602 1
15 73 1 1.23311 1
15 74 1 1.11946 1
15 75 1 -0.976841 1
15 76 1 -0.187252 1
15 77 1 0.870405 1
15 78 1 -2.88217 1
15 79 1 1.32181 1
15 80 1 4.1041 1
15 81 1 -0.971926 1
15 82 1 -4.34227 1
15 83 1 0.712185 1
15 84 1 1.23157 1
15 85 1 -2.57114 1
15 86 1 1.78611 1
15 87 1 -6.64829 1
15 88 1 1.57243 1
15 89 1 3.74527 1
15 90 1 0.377455 1
15 91 1 -3.56987 1
15 92 1 1.44457 1
15 93 1 -1.34126 1
15 94 1 -0.41452 1
15 95 1 -2.17091 1
15 20 1 -2.31743 1
16 64 1 4.22432 1
16 65 1 -1.34381 1
16 66 1 -1.79113 1
16 67 1 -5.1339 1
16 68 1 0.761651 1
16 69 1 0.0709257 1
16 70 1 2.44211 1
16 71 1 5.63105 1
16 72 1 -0.791006 1
16 73 1 -1.80983 1
16 74 1 -0.404228 1
16 75 1 1.69099 1
16 76 1 2.93849 1
16 77 1 1.76865 1
16 78 1 -2.09538 1
16 79 1 -1.9867 0
16 80 1 2.61943 1
16 81 1 3.32267 1
16 82 1 -4.33866 1
16 83 1 1.76683 1
16 84 1 -0.980639 1
16 85 1 -0.751157 1
16 86 1 1.42057 1
16 87 1 -0.990522 1
16 88 1 0.941291 1
16 89 1 1.53878 1
16 90 1 -4.34488 1
16 91 1 3.71519 1
16 92 1 3.3691 1
16 93 1 -2.49404 1
16 94 1 -1.01175 1
16 95 1 -3.2743 1
16 26 1 -1.66871 1
16 151 1 2.493 1
151 79 1 -0.279138 1
17 64 1 -1.81789 1
17 65 1 1.04864 1
17 66 1 -1.00226 1
17 67 1 3.098 1
17 68 1 0.647574 1
17 69 1 0.572059 1
17 70 1 0.580064 1
17 71 1 4.67175 1
17 72 1 -5.42658 0
17 73 1 1.80481 1
17 74 1 3.09666 1
17 75 1 -1.63808 1
17 76 1 -1.3778 1
17 77 1 3.03524 1
17 78 1 -1.67984 1
17 79 1 -3.73397 1
17 80 1 5.94327 1
17 81 1 1.99724 1
17 82 1 1.09017 1
17 83 1 -2.11101 1
17 84 1 -1.03551 1
17 85 1 2.43348 1
17 86 1 -1.03728 1
17 87 1 -3.08382 1
17 88 1 -6.75665 1
17 89 1 1.51626 1
17 90 1 -4.15031 1
17 91 1 4.76668 1
17 92 1 0.261124 1
17 93 1 2.26397 1
17 94 1 2.7639 1
17 95 1 1.60313 1
17 146 1 3.56056 1
146 72 1 -4.88368 0
146 30 1 -1.42134 1
146 177 1 -0.0466919 1
177 72 1 -4.6925 1
18 64 1 2.14286 1
18 65 1 -3.38555 1
18 66 1 3.0646 1
18 67 1 2.23305 1
18 68 1 -2.89137 1
18 69 1 -0.385352 0
18 70 1 4.48139 1
18 71 1 -1.8796 1
18 72 1 1.04926 1
18 73 1 -1.12108 1
18 74 1 1.50828 1
18 75 1 -3.29796 1
18 76 1 3.00361 1
18 77 1 -0.65919 1
18 78 1 1.07678 1
18 79 1 2.23477 1
18 80 1 -7.00218 1
18 81 1 4.29051 1
18 82 1 -3.61685 1
18 83 1 4.11876 1
18 84 1 -4.35074 1
18 85 1 2.88742 1
18 86 1 5.72605 1
18 87 1 -4.47035 1
18 88 1 1.4537 1
18 89 1 -3.94725 1
18 90 1 0.57593 1
18 91 1 -0.322171 1
18 92 1 -3.14607 1
18 93 1 1.98589 1
18 94 1 -0.58924 1
18 95 1 0.690404 1
18 25 1 -1.38126 1
18 18 1 -1.06996 1
18 139 1 3.12753 1
18 182 1 0.779325 1
182 69 1 -0.190998 1
19 64 1 6.00801 1
19 65 1 -0.583026 1
19 66 1 6.78334 1
19 67 1 -2.42886 1
19 68 1 -1.66803 1
19 69 1 3.08901 1
19 70 1 -1.57223 1
19 71 1 0.398686 1
19 72 1 2.94957 1
19 73 1 0.101685 1
19 74 1 0.209162 1
19 75 1 0.944917 1
19 76 1 -4.89482 1
19 77 1 -0.522771 1
19 78 1 0.589386 1
19 79 1 6.17108 1
19 80 1 -2.42146 1
19 81 1 -2.53685 1
19 82 1 1.24141 1
19 83 1 -3.02397 1
19 84 1 2.34592 1
19 85 1 2.92708 1
19 86 1 -1.62951 1
19 87 1 3.01741 1
19 88 1 -0.135907 1
19 89 1 5.33636 1
19 90 1 -0.559769 1
19 91 1 -1.29256 1
19 92 1 -2.08041 1
19 93 1 -4.70834 1
19 94 1 -1.71572 1
19 95 1 -8.18685 1
20 64 1 0.959018 1
20 65 1 -0.663138 1
20 66 1 -2.57162 1
20 67 1 -0.719984 1
20 68 1 0.400485 1
20 69 1 1.23419 1
20 70 1 -2.5878 1
20 71 1 4.86445 1
20 72 1 0.322832 1
20 73 1 2.90645 1
20 74 1 3.45712 1
20 75 1 3.58757 1
20 76 1 -0.254887 1
20 77 1 -3.71515 1
20 78 1 1.44593 1
20 79 1 1.75939 1
20 80 1 0.491283 1
20 81 1 -0.57757 1
20 82 1 3.63891 1
20 83 1 0.26258 1
20 84 1 3.3761 1
20 85 1 -3.73224 1
20 86 1 0.21387 1
20 87 1 -0.327698 1
20 88 1 1.29903 1
20 89 1 1.00566 1
20 90 1 2.28803 1
20 91 1 2.31535 0
20 92 1 3.19244 1
20 93 1 2.3936 0
20 94 1 2.92265 0
20 95 1 1.60161 1
20 96 1 -2.2187 1
20 98 1 2.35065 1
20 103 1 2.35487 1
20 109 1 -0.86179 1
103 91 1 1.17253 0
103 105 1 4.16472 1
103 112 1 -1.31594 0
103 123 1 -2.00487 1
103 140 1 -1.28106 1
140 112 1 1.08811 1
123 91 1 -0.0554484 1
123 113 1 -0.741087 0
123 136 1 0.995086 1
123 137 1 0.846816 1
136 113 1 -2.03047 1
136 6 1 -0.648417 1
105 91 1 2.85185 0
105 129 1 -0.0637866 1
129 91 1 0.909882 0
129 135 1 4.8431 1
129 116 1 -0.975614 1
135 91 1 -1.77781 1
98 93 1 2.53191 1
98 99 1 6.80285 1
98 15 1 0.553017 1
96 94 1 1.31307 1
96 20 1 -0.989206 0
96 155 1 2.05794 1
155 20 1 -1.73744 0
155 30 1 0.76489 1
155 176 1 0.949219 1
176 20 1 -1.98084 1
21 64 1 3.99472 1
21 65 1 6.79681 1
21 66 1 -6.82269 1
21 67 1 -4.25028 1
21 68 1 -0.628656 1
21 69 1 0.557699 1
21 70 1 1.09811 1
21 71 1 -5.65035 1
21 72 1 -7.26863 1
21 73 1 -1.75516 1
21 74 1 -1.14163 1
21 75 1 1.5825 1
21 76 1 -2.85359 1
21 77 1 -2.19243 1
21 78 1 0.0902709 1
21 79 1 -3.0904 1
21 80 1 0.49472 1
21 81 1 -1.98726 1
21 82 1 0.153597 1
21 83 1 -1.99522 1
21 84 1 8.50611 1
21 85 1 0.437883 1
21 86 1 1.37273 1
21 87 1 -0.935088 1
21 88 1 4.99379 1
21 89 1 1.251 1
21 90 1 -0.700954 1
21 91 1 0.40975 0
21 92 1 2.65933 1
21 93 1 1.98319 1
21 94 1 -2.44362 1
21 95 1 1.15923 1
21 143 1 4.99057 1
143 91 1 -1.28714 1
22 64 1 1.15178 1
22 65 1 0.0564608 1
22 66 1 1.93339 1
22 67 1 6.11162 1
22 68 1 0.94457 1
22 69 1 -1.70799 1
22 70 1 -1.45151 1
22 71 1 0.521209 1
22 72 1 -3.9833 1
22 73 1 1.73085 1
22 74 1 -5.40197 1
22 75 1 -1.78104 1
22 76 1 0.575835 1
22 77 1 -1.04832 1
22 78 1 4.13428 1
22 79 1 4.91009 1
22 80 1 2.01412 1
22 81 1 -3.25937 1
22 82 1 1.50602 1
22 83 1 -0.680652 1
22 84 1 -1.5773 1
22 85 1 3.44037 1
22 86 1 -0.159728 1
22 87 1 6.26896 1
22 88 1 -3.88881 1
22 89 1 -0.365499 1
22 90 1 0.98454 1
22 91 1 1.0686 1
22 92 1 1.01002 1
22 93 1 3.63368 1
22 94 1 6.41446 1
22 95 1 0.83445 1
23 64 1 -2.09808 1
23 65 1 1.14303 1
23 66 1 3.37388 1
23 67 1 3.21654 1
23 68 1 -2.95354 1
23 69 1 2.53608 1
23 70 1 3.57109 1
23 71 1 -4.49096 1
23 72 1 -1.32023 1
23 73 1 -1.49446 1
23 74 1 3.24237 1
23 75 1 1.89006 1
23 76 1 2.50959 1
23 77 1 3.61375 1
23 78 1 0.992504 0
23 79 1 -6.23349 1
23 80 1 1.72343 1
23 81 1 0.956183 1
23 82 1 -3.75247 1
23 83 1 -0.0922315 1
23 84 1 2.33485 1
23 85 1 -2.25189 1
23 86 1 -11.9487 1
23 87 1 -0.322703 1
23 88 1 2.91748 1
23 89 1 -2.06101 1
23 90 1 -7.3076 1
23 91 1 -1.97932 1
23 92 1 3.1926 1
23 93 1 4.31329 1
23 94 1 -3.43812 1
23 95 1 1.21287 1
23 107 1 0.320612 1
23 27 1 0.429297 1
23 178 1 1.27245 1
178 78 1 0.457043 1
24 64 1 -1.74451 1
24 65 1 2.44876 1
24 66 1 -1.27466 1
24 67 1 6.64205 1
24 68 1 -4.51502 1
24 69 1 3.54261 0
24 70 1 1.04711 1
24 71 1 4.70923 1
24 72 1 1.04562 1
24 73 1 2.39751 1
24 74 1 0.945804 1
24 75 1 0.205379 1
24 76 1 -3.15151 1
24 77 1 0.724173 1
24 78 1 -7.10319 1
24 79 1 1.12153 1
24 80 1 5.93638 1
24 81 1 3.5151 1
24 82 1 -1.27854 1
24 83 1 -1.89786 1
24 84 1 -3.43229 1
24 85 1 0.382658 1
24 86 1 -4.38277 1
24 87 1 4.25765 1
24 88 1 -1.12832 1
24 89 1 8.81258 1
24 90 1 4.2629 1
24 91 1 -3.30794 1
24 92 1 -0.240552 1
24 93 1 -1.40261 1
24 94 1 -0.678251 1
24 95 1 -4.85946 1
24 5 1 1.09952 1
24 168 1 -0.434315 1
168 69 1 4.31345 1
168 172 1 0.646778 1
25 64 1 -1.91571 1
25 65 1 1.37979 1
25 66 1 -1.45306 1
25 67 1 -2.55751 1
25 68 1 1.10398 1
25 69 1 -5.98691 1
25 70 1 0.719098 0
25 71 1 -2.92894 1
25 72 1 2.57815 1
25 73 1 3.34379 1
25 74 1 1.58132 1
25 75 1 -2.98657 1
25 76 1 1.3602 1
25 77 1 -0.968126 1
25 78 1 2.96438 1
25 79 1 0.828458 1
25 80 1 -0.594814 1
25 81 1 -1.03851 1
25 82 1 -2.42001 1
25 83 1 2.08325 1
25 84 1 -1.37013 1
25 85 1 -1.35554 1
25 86 1 5.30659 1
25 87 1 -0.386755 1
25 88 1 -1.26006 1
25 89 1 -2.27875 1
25 90 1 -3.86172 1
25 91 1 2.9955 1
25 92 1 3.50852 1
25 93 1 -1.52081 1
25 94 1 -2.35795 0
25 95 1 -3.75417 1
25 8 1 1.53205 1
25 6 1 -1.53124 1
25 121 1 -0.0141513 1
25 175 1 0.925476 1
175 94 1 -2.6756 1
121 70 1 5.9193 1
26 64 1 -3.06693 1
26 65 1 2.50747 1
26 66 1 -0.506223 1
26 67 1 2.37486 1
26 68 1 -0.954843 1
26 69 1 1.11052 1
26 70 1 -1.32278 1
26 71 1 0.890537 1
26 72 1 -2.6786 1
26 73 1 0.391004 1
26 74 1 -8.80312 1
26 75 1 3.39508 1
26 76 1 2.13965 1
26 77 1 -4.85305 1
26 78 1 1.9122 1
26 79 1 -0.550295 1
26 80 1 -3.56004 1
26 81 1 3.77138 1
26 82 1 3.04309 1
26 83 1 2.70288 1
26 84 1 -5.05566 1
26 85 1 1.16799 1
26 86 1 -4.4075 1
26 87 1 1.54595 1
26 88 1 -3.18669 1
26 89 1 1.4043 1
26 90 1 -3.26735 1
26 91 1 -3.12741 1
26 92 1 -0.101794 1
26 93 1 -2.03378 1
26 94 1 2.22827 1
26 95 1 -0.161355 1
26 23 1 5.05061 1
26 15 1 -0.185344 1
26 161 1 -1.60854 1
27 64 1 -2.53354 1
27 65 1 5.15805 1
27 66 1 3.47079 1
27 67 1 0.600884 1
27 68 1 2.55692 1
27 69 1 0.750031 1
27 70 1 5.25577 1
27 71 1 -5.40833 1
27 72 1 -0.15529 1
27 73 1 1.61097 1
27 74 1 -3.63057 1
27 75 1 3.49744 1
27 76 1 -3.66902 1
27 77 1 1.67859 1
27 78 1 2.65236 1
27 79 1 0.682715 1
27 80 1 -1.06633 1
27 81 1 -2.02792 1
27 82 1 1.67076 1
27 83 1 0.304746 1
27 84 1 2.90986 1
27 85 1 -1.73074 1
27 86 1 -3.67016 1
27 87 1 -0.884018 1
27 88 1 -7.73999 1
27 89 1 -5.03611 1
27 90 1 4.92094 1
27 91 1 -2.50648 1
27 92 1 0.131684 1
27 93 1 -0.343601 1
27 94 1 1.36084 1
27 95 1 -0.527995 1
27 9 1 4.40659 1
27 5 1 0.324148 1
28 64 1 2.45308 1
28 65 1 0.117953 1
28 66 1 -0.584206 1
28 67 1 4.34975 1
28 68 1 5.7328 1
28 69 1 1.0942 1
28 70 1 -2.08377 1
28 71 1 0.260958 1
28 72 1 -7.33138 1
28 73 1 1.16925 1
28 74 1 -2.59041 1
28 75 1 2.15484 1
28 76 1 1.2296 1
28 77 1 2.03865 1
28 78 1 -4.1042 1
28 79 1 2.78509 1
28 80 1 0.81915 1
28 81 1 -0.972297 1
28 82 1 4.22639 1
28 83 1 1.78679 1
28 84 1 4.01776 1
28 85 1 -4.78282 1
28 86 1 -1.82291 1
28 87 1 1.3392 1
28 88 1 -5.33916 1
28 89 1 0.793084 1
28 90 1 -2.51171 1
28 91 1 -0.215509 1
28 92 1 6.44953 1
28 93 1 -1.46887 1
28 94 1 5.24347 1
28 95 1 -2.46556 1
29 64 1 -1.4327 1
29 65 1 1.46816 1
29 66 1 -0.79767 1
29 67 1 3.31963 1
29 68 1 -8.25934 1
29 69 1 1.53919 1
29 70 1 -3.31526 1
29 71 1 -1.25154 1
29 72 1 1.03266 1
29 73 1 0.60834 1
29 74 1 -2.81296 1
29 75 1 0.00849601 1
29 76 1 -0.188539 1
29 77 1 1.4598 1
29 78 1 -6.03601 1
29 79 1 -3.6058 1
29 80 1 2.26091 1
29 81 1 2.25766 1
29 82 1 0.993578 1
29 83 1 0.987444 1
29 84 1 0.702863 1
29 85 1 -1.78691 1
29 86 1 -3.25757 1
29 87 1 -2.7047 1
29 88 1 -1.97569 1
29 89 1 -3.50671 1
29 90 1 0.478806 1
29 91 1 2.15405 1
29 92 1 2.25259 1
29 93 1 0.355499 1
29 94 1 -1.98387 1
29 95 1 2.4232 1
29 113 1 1.77672 1
30 64 1 -1.62915 1
30 65 1 6.42152 1
30 66 1 3.85372 1
30 67 1 -1.10315 1
30 68 1 0.962785 1
30 69 1 1.02981 1
30 70 1 4.98373 1
30 71 1 -1.0699 1
30 72 1 -2.25181 1
30 73 1 4.15202 1
30 74 1 -1.23675 1
30 75 1 1.43575 1
30 76 1 2.73884 1
30 77 1 -1.84536 1
30 78 1 2.76092 1
30 79 1 4.23977 1
30 80 1 -2.88769 1
30 81 1 -0.437158 1
30 82 1 6.38725 1
30 83 1 1.86374 1
30 84 1 1.49895 1
30 85 1 -2.94025 1
30 86 1 -2.28413 1
30 87 1 -2.90179 1
30 88 1 1.0794 1
30 89 1 -2.52955 1
30 90 1 -1.05921 1
30 91 1 5.63881 1
30 92 1 -1.20545 1
30 93 1 1.95997 1
30 94 1 1.55917 1
30 95 1 -3.15126 1
30 28 1 1.46457 1
31 64 1 1.01803 1
31 65 1 -3.26262 1
31 66 1 -5.20069 1
31 67 1 7.95959 1
31 68 1 4.43689 1
31 69 1 1.2362 1
31 70 1 0.127702 1
31 71 1 1.37484 1
31 72 1 -2.67181 1
31 73 1 0.0597049 1
31 74 1 3.70875 1
31 75 1 0.0554145 1
31 76 1 -2.14056 1
31 77 1 0.712153 1
31 78 1 -4.2753 1
31 79 1 -0.480342 1
31 80 1 -1.13995 1
31 81 1 -1.27898 1
31 82 1 -0.81543 1
31 83 1 -0.740026 1
31 84 1 -3.27716 1
31 85 1 -4.10968 1
31 86 1 0.957599 1
31 87 1 -4.75178 0
31 88 1 1.9118 1
31 89 1 -0.841843 1
31 90 1 -1.26175 1
31 91 1 -4.5288 1
31 92 1 -0.277622 1
31 93 1 -0.739653 1
31 94 1 2.74185 1
31 95 1 -1.23236 1
31 122 1 2.1887 1
31 10 1 -1.07785 1
31 117 1 -1.27495 1
122 87 1 -1.26055 1
32 64 1 6.61323 1
32 65 1 1.5061 1
32 66 1 -3.68373 1
32 67 1 2.42349 1
32 68 1 1.55345 1
32 69 1 4.81046 1
32 70 1 -0.81094 1
32 71 1 3.47871 1
32 72 1 -2.48322 1
32 73 1 1.49365 1
32 74 1 0.0558157 1
32 75 1 4.91187 1
32 76 1 0.626172 1
32 77 1 3.91126 1
32 78 1 0.660873 1
32 79 1 -0.661927 1
32 80 1 -0.299171 1
32 81 1 -0.0345695 1
32 82 1 -2.62613 1
32 83 1 -2.49923 1
32 84 1 2.57594 1
32 85 1 -0.482506 1
32 86 1 -0.245302 1
32 87 1 -1.79139 1
32 88 1 0.762323 1
32 89 1 -1.37794 1
32 90 1 2.66484 1
32 91 1 -4.3185 1
32 92 1 4.22882 1
32 93 1 2.24871 1
32 94 1 -1.24059 1
32 95 1 -0.763022 1
33 64 1 1.46242 1
33 65 1 -3.95878 1
33 66 1 -2.58157 1
33 67 1 -1.00635 1
33 68 1 -1.02395 1
33 69 1 -4.71314 1
33 70 1 3.73021 1
33 71 1 4.70427 1
33 72 1 2.61273 1
33 73 1 4.2515 1
33 74 1 0.692629 1
33 75 1 -7.61723 1
33 76 1 -4.72789 1
33 77 1 1.44471 1
33 78 1 -0.963118 1
33 79 1 -4.71733 1
33 80 1 0.0732322 1
33 81 1 -3.01185 1
33 82 1 -1.41014 1
33 83 1 0.0947124 1
33 84 1 -0.564101 1
33 85 1 0.625878 1
33 86 1 3.61636 1
33 87 1 1.70846 1
33 88 1 3.6187 1
33 89 1 4.8016 1
33 90 1 -3.69295 1
33 91 1 -1.11235 1
33 92 1 1.81341 1
33 93 1 2.35709 1
33 94 1 1.47588 1
33 95 1 0.806297 1
33 20 1 -0.745019 1
33 107 1 -0.889287 1
33 13 1 1.14923 1
33 113 1 -1.56534 1
34 64 1 -0.46583 1
34 65 1 -0.971214 1
34 66 1 3.28284 1
34 67 1 0.565011 1
34 68 1 -0.968425 1
34 69 1 -1.38262 1
34 70 1 -3.41377 1
34 71 1 -2.95027 1
34 72 1 -4.18315 1
34 73 1 -3.93597 1
34 74 1 3.12089 1
34 75 1 7.23403 1
34 76 1 -2.11646 1
34 77 1 0.219833 1
34 78 1 -0.723109 1
34 79 1 0.285877 1
34 80 1 3.13269 1
34 81 1 -1.74719 1
34 82 1 2.24611 1
34 83 1 1.59628 1
34 84 1 0.0644478 1
34 85 1 -1.76119 1
34 86 1 -1.23448 1
34 87 1 -0.623094 1
34 88 1 0.0488964 1
34 89 1 0.858977 1
34 90 1 -6.63922 1
34 91 1 4.11936 1
34 92 1 4.29811 1
34 93 1 -2.22993 1
34 94 1 3.61576 1
34 95 1 2.89214 1
34 113 1 -1.10633 1
35 64 1 1.73572 1
35 65 1 -2.48896 1
35 66 1 -0.797751 1
35 67 1 5.64354 1
35 68 1 2.87006 1
35 69 1 2.73309 1
35 70 1 3.0996 1
35 71 1 3.41445 1
35 72 1 1.17549 1
35 73 1 5.86792 1
35 74 1 0.743946 1
35 75 1 -1.88769 1
35 76 1 -3.52389 1
35 77 1 1.50715 1
35 78 1 -1.15598 1
35 79 1 3.90897 1
35 80 1 -6.52133 1
35 81 1 -0.153335 1
35 82 1 4.18898 0
35 83 1 -3.1752 1
35 84 1 6.55378 1
35 85 1 -4.349 1
35 86 1 -1.30701 1
35 87 1 -3.1897 1
35 88 1 -0.735733 1
35 89 1 2.57324 0
35 90 1 -0.977445 1
35 91 1 -1.19583 1
35 92 1 -2.86993 1
35 93 1 -5.47739 1
35 94 1 0.39521 1
35 95 1 0.234842 1
35 130 1 1.3148 1
35 133 1 5.94916 1
133 82 1 1.11224 1
130 89 1 -0.0124464 1
130 109 1 -0.0994426 1
36 64 1 2.94528 1
36 65 1 2.70816 1
36 66 1 2.44821 1
36 67 1 -0.828613 1
36 68 1 -5.76903 1
36 69 1 -2.67447 1
36 70 1 -2.71518 1
36 71 1 0.989063 1
36 72 1 -3.20016 1
36 73 1 -0.389854 1
36 74 1 -1.58323 1
36 75 1 0.875837 1
36 76 1 1.36356 1
36 77 1 -4.83438 1
36 78 1 2.40813 1
36 79 1 4.61954 1
36 80 1 4.78586 1
36 81 1 0.0733966 1
36 82 1 -0.370857 0
36 83 1 0.17235 1
36 84 1 2.98896 1
36 85 1 -2.56036 1
36 86 1 0.71767 1
36 87 1 0.934683 1
36 88 1 -2.37546 1
36 89 1 0.274519 1
36 90 1 -2.90166 1
36 91 1 0.76385 1
36 92 1 5.42288 1
36 93 1 2.12869 1
36 94 1 -1.64122 1
36 95 1 8.02879 1
36 109 1 0.847464 0
36 24 1 -2.92408 1
36 117 1 1.86875 1
117 109 1 1.94381 1
117 4 1 0.910764 1
109 82 1 0.197057 1
109 31 1 2.49189 1
37 64 1 -5.83446 1
37 65 1 1.32502 1
37 66 1 -3.6471 1
37 67 1 -0.376433 1
37 68 1 -4.68721 1
37 69 1 1.02323 1
37 70 1 -6.63006 1
37 71 1 -0.739072 1
37 72 1 0.824641 1
37 73 1 1.24409 1
37 74 1 1.15965 1
37 75 1 0.145323 1
37 76 1 1.77284 0
37 77 1 3.71388 1
37 78 1 -0.643414 1
37 79 1 1.20554 1
37 80 1 0.094897 1
37 81 1 3.01097 1
37 82 1 1.9961 1
37 83 1 3.279 1
37 84 1 -4.60642 1
37 85 1 2.39001 1
37 86 1 -1.28415 1
37 87 1 0.196527 1
37 88 1 -1.91064 1
37 89 1 -3.23626 1
37 90 1 -3.58392 1
37 91 1 1.60996 1
37 92 1 3.50765 1
37 93 1 0.471627 1
37 94 1 -1.91505 1
37 95 1 1.07484 1
37 142 1 0.653406 1
37 160 1 -0.713009 1
142 76 1 -0.835894 1
142 147 1 -0.219315 1
142 6 1 0.140502 1
38 64 1 1.27091 1
38 65 1 -1.31624 1
38 66 1 -1.38004 1
38 67 1 -3.37419 1
38 68 1 -0.888281 1
38 69 1 -6.29002 1
38 70 1 -0.300653 1
38 71 1 -0.123632 1
38 72 1 1.71922 1
38 73 1 1.72482 1
38 74 1 -1.97142 1
38 75 1 4.7807 1
38 76 1 3.37871 1
38 77 1 -2.35155 1
38 78 1 -0.501402 1
38 79 1 -0.315893 1
38 80 1 -1.75042 1
38 81 1 -3.45909 1
38 82 1 3.89963 1
38 83 1 -1.21489 1
38 84 1 -1.16448 1
38 85 1 -2.14057 1
38 86 1 -0.252968 1
38 87 1 1.32943 0
38 88 1 2.83753 1
38 89 1 4.51621 1
38 90 1 -1.53889 1
38 91 1 1.97923 1
38 92 1 2.54374 0
38 93 1 -0.144003 1
38 94 1 -0.771572 1
38 95 1 -2.82994 1
38 148 1 3.6268 1
38 162 1 -0.616673 1
162 87 1 0.60882 1
148 92 1 2.26405 1
39 64 1 1.95762 1
39 65 1 -2.0825 1
39 66 1 0.424146 1
39 67 1 -1.87169 1
39 68 1 0.64446 1
39 69 1 -0.929416 1
39 70 1 -0.477538 1
39 71 1 -1.37165 1
39 72 1 -3.74065 1
39 73 1 -3.61968 1
39 74 1 0.652483 1
39 75 1 3.99339 0
39 76 1 4.48528 0
39 77 1 0.35814 1
39 78 1 -4.83453 1
39 79 1 -4.36927 1
39 80 1 -1.66721 1
39 81 1 -1.67505 1
39 82 1 -3.74193 1
39 83 1 -3.45127 1
39 84 1 -3.034 1
39 85 1 0.286916 1
39 86 1 0.199837 1
39 87 1 1.57853 1
39 88 1 -1.03577 1
39 89 1 0.273358 1
39 90 1 4.96147 1
39 91 1 0.627749 1
39 92 1 6.36079 1
39 93 1 1.56117 1
39 94 1 -4.32757 1
39 95 1 -0.130967 1
39 2 1 -3.88874 1
39 112 1 4.08873 1
39 13 1 -0.499183 1
39 104 1 -0.189507 1
39 172 1 2.52678 1
172 76 1 4.43083 1
172 28 1 0.544869 1
112 75 1 -2.75369 1
112 138 1 -1.6816 1
112 153 1 1.4449 0
112 170 1 -0.4566 1
112 113 1 0.3224 1
170 153 1 -2.03568 1
170 126 1 2.19659 1
40 64 1 -5.29897 1
40 65 1 -0.852407 1
40 66 1 2.91682 1
40 67 1 1.60828 1
40 68 1 2.37374 1
40 69 1 2.81137 1
40 70 1 -2.1291 1
40 71 1 1.10675 1
40 72 1 1.51908 1
40 73 1 0.797738 1
40 74 1 -1.9312 1
40 75 1 0.416453 1
40 76 1 -3.41743 1
40 77 1 3.32293 1
40 78 1 2.68607 1
40 79 1 -1.08896 1
40 80 1 3.20746 1
40 81 1 0.373735 1
40 82 1 0.996933 1
40 83 1 -4.01223 1
40 84 1 -2.18706 1
40 85 1 -0.603606 1
40 86 1 2.37593 1
40 87 1 -0.25828 1
40 88 1 1.25935 1
40 89 1 -1.14246 1
40 90 1 -0.363801 1
40 91 1 -0.670308 1
40 92 1 -3.95244 1
40 93 1 0.513294 1
40 94 1 0.171987 1
40 95 1 3.62792 1
40 2 1 0.287499 1
40 134 1 1.8944 1
41 64 1 3.64731 1
41 65 1 -0.468818 1
41 66 1 0.706789 1
41 67 1 1.47919 1
41 68 1 2.9357 1
41 69 1 -1.37454 1
41 70 1 1.76047 1
41 71 1 0.30161 1
41 72 1 3.921 1
41 73 1 -6.04586 1
41 74 1 1.22692 1
41 75 1 4.32464 1
41 76 1 -5.32033 1
41 77 1 0.801425 1
41 78 1 -5.08211 1
41 79 1 1.7685 1
41 80 1 2.02479 1
41 81 1 4.9609 1
41 82 1 -2.51281 1
41 83 1 2.29445 1
41 84 1 -2.76209 1
41 85 1 0.730451 1
41 86 1 0.612505 1
41 87 1 1.47664 1
41 88 1 3.46116 1
41 89 1 -0.390864 1
41 90 1 -1.37385 1
41 91 1 1.2941 1
41 92 1 1.01638 1
41 93 1 -0.131709 1
41 94 1 -3.36107 1
41 95 1 0.47979 1
41 11 1 0.11199 1
41 29 1 -3.53664 1
41 97 1 -1.8928 1
42 64 1 2.10412 1
42 65 1 -0.0225079 1
42 66 1 -1.82495 1
42 67 1 2.81706 1
42 68 1 -2.6789 1
42 69 1 0.0514819 1
42 70 1 -1.06713 1
42 71 1 -0.386192 1
42 72 1 -2.05254 1
42 73 1 -1.434 1
42 74 1 4.04584 1
42 75 1 -2.90822 1
42 76 1 -4.41416 1
42 77 1 -0.441024 1
42 78 1 -0.0745552 1
42 79 1 1.82706 1
42 80 1 -0.683683 1
42 81 1 2.87863 1
42 82 1 3.20927 1
42 83 1 2.88687 1
42 84 1 1.46292 1
42 85 1 -0.848421 1
42 86 1 2.04463 1
42 87 1 -2.6798 1
42 88 1 -2.02115 1
42 89 1 -1.26933 1
42 90 1 2.47317 1
42 91 1 1.57094 1
42 92 1 1.66025 1
42 93 1 1.27656 1
42 94 1 -4.6621 1
42 95 1 -0.375293 1
43 64 1 1.53902 1
43 65 1 -1.97016 1
43 66 1 4.50652 1
43 67 1 1.41593 1
43 68 1 0.439708 1
43 69 1 -2.56442 1
43 70 1 1.00624 1
43 71 1 -5.13528 1
43 72 1 0.801483 1
43 73 1 -8.33841 1
43 74 1 2.68232 1
43 75 1 -3.08853 1
43 76 1 -1.93521 1
43 77 1 0.984556 1
43 78 1 2.05854 1
43 79 1 -3.60985 1
43 80 1 0.242265 1
43 81 1 2.7218 1
43 82 1 2.18391 1
43 83 1 -1.71713 1
43 84 1 -2.26669 1
43 85 1 3.25622 1
43 86 1 3.14793 1
43 87 1 5.87606 1
43 88 1 1.77985 1
43 89 1 2.87236 1
43 90 1 -1.154 1
43 91 1 -3.71472 1
43 92 1 3.86121 1
43 93 1 1.93198 1
43 94 1 -1.12694 1
43 95 1 1.87557 1
44 64 1 0.105995 1
44 65 1 -4.97879 1
44 66 1 -0.957825 1
44 67 1 -2.34538 1
44 68 1 -0.172623 1
44 69 1 -2.48892 1
44 70 1 3.44347 1
44 71 1 3.67694 1
44 72 1 -3.32682 1
44 73 1 1.66097 1
44 74 1 -2.05582 1
44 75 1 -3.36043 1
44 76 1 -0.848195 1
44 77 1 2.29885 1
44 78 1 3.56901 1
44 79 1 0.82676 1
44 80 1 4.718 1
44 81 1 -2.53189 1
44 82 1 1.85752 1
44 83 1 -1.00595 1
44 84 1 1.35303 1
44 85 1 -0.366647 1
44 86 1 2.6936 1
44 87 1 0.0980971 1
44 88 1 1.45705 1
44 89 1 0.977592 1
44 90 1 2.39858 1
44 91 1 2.21401 1
44 92 1 -1.95257 1
44 93 1 3.71087 1
44 94 1 -2.52353 1
44 95 1 -3.66909 1
44 8 1 -1.75146 1
44 29 1 1.50422 1
45 64 1 -0.8998 1
45 65 1 0.0736525 1
45 66 1 0.276844 1
45 67 1 3.15613 1
45 68 1 0.431864 1
45 69 1 -6.01995 1
45 70 1 -4.06343 1
45 71 1 0.673408 1
45 72 1 -4.25598 1
45 73 1 2.11743 1
45 74 1 4.39319 1
45 75 1 2.32981 1
45 76 1 -2.49782 1
45 77 1 -1.36286 1
45 78 1 -2.69812 1
45 79 1 3.64206 1
45 80 1 -1.38252 1
45 81 1 2.26851 1
45 82 1 0.751122 1
45 83 1 -4.4027 1
45 84 1 -0.636144 1
45 85 1 -2.66518 1
45 86 1 1.70391 1
45 87 1 0.441491 1
45 88 1 2.91496 1
45 89 1 -2.67827 1
45 90 1 -1.28405 1
45 91 1 3.69614 1
45 92 1 -3.1089 1
45 93 1 -7.08049 1
45 94 1 1.40756 1
45 95 1 -5.52435 1
45 9 1 4.73786 1
45 20 1 0.684561 1
45 17 1 -0.46128 1
46 64 1 0.903334 1
46 65 1 -0.140104 1
46 66 1 3.05052 1
46 67 1 2.04344 1
46 68 1 -5.08444 1
46 69 1 0.314313 1
46 70 1 2.42527 1
46 71 1 -2.27326 1
46 72 1 3.45788 1
46 73 1 -3.66461 1
46 74 1 -1.95864 1
46 75 1 -0.500941 1
46 76 1 -5.6992 1
46 77 1 5.53505 1
46 78 1 -0.369958 1
46 79 1 -1.54991 1
46 80 1 2.67454 1
46 81 1 1.89729 1
46 82 1 -0.525018 1
46 83 1 2.98193 1
46 84 1 -0.854062 1
46 85 1 3.61089 1
46 86 1 -1.87785 1
46 87 1 5.98812 1
46 88 1 0.511271 1
46 89 1 -5.02503 1
46 90 1 -2.8035 1
46 91 1 1.40446 1
46 92 1 -1.03332 1
46 93 1 -2.49527 1
46 94 1 1.90299 1
46 95 1 -0.573888 1
46 24 1 0.731641 1
47 64 1 0.561588 1
47 65 1 1.14277 1
47 66 1 -0.835258 1
47 67 1 2.81202 1
47 68 1 -0.161585 1
47 69 1 2.35658 1
47 70 1 -2.60561 1
47 71 1 0.525322 1
47 72 1 0.142549 1
47 73 1 5.50629 0
47 74 1 -2.11417 1
47 75 1 -0.856494 1
47 76 1 -3.83341 1
47 77 1 -7.50382 1
47 78 1 -2.72557 1
47 79 1 0.496371 1
47 80 1 5.5361 1
47 81 1 -4.62546 1
47 82 1 2.66862 1
47 83 1 -0.682209 1
47 84 1 -3.25585 1
47 85 1 -0.166755 1
47 86 1 -1.65949 1
47 87 1 6.36537 1
47 88 1 4.624 1
47 89 1 1.15446 1
47 90 1 5.17755 1
47 91 1 1.99624 1
47 92 1 0.910273 1
47 93 1 0.866768 1
47 94 1 2.40082 1
47 95 1 -0.610876 1
47 4 1 0.89255 1
47 137 1 2.83212 1
137 73 1 3.4833 0
137 156 1 -0.724778 1
156 73 1 2.55488 1
156 15 1 -0.931573 1
156 104 1 1.40231 1
48 64 1 -0.347093 1
48 65 1 -0.546308 1
48 66 1 4.28595 1
48 67 1 -3.40987 1
48 68 1 -5.37465 1
48 69 1 -4.6464 1
48 70 1 1.10018 1
48 71 1 2.15231 1
48 72 1 -7.15505 1
48 73 1 4.55471 1
48 74 1 5.01652 1
48 75 1 -5.09742 1
48 76 1 -1.64938 1
48 77 1 -1.79277 1
48 78 1 -0.545029 1
48 79 1 2.48082 1
48 80 1 -1.28575 1
48 81 1 -3.70521 1
48 82 1 -1.55684 1
48 83 1 -0.211044 1
48 84 1 0.832129 1
48 85 1 0.426451 1
48 86 1 -1.19631 1
48 87 1 0.168672 1
48 88 1 -1.03795 1
48 89 1 -1.00032 1
48 90 1 1.82645 1
48 91 1 -0.784813 1
48 92 1 -6.08834 1
48 93 1 0.627204 1
48 94 1 6.63136 1
48 95 1 2.717 1
48 16 1 1.36061 1
48 12 1 0.241934 1
48 14 1 -1.29819 1
48 30 1 1.84964 1
49 64 1 -0.0765185 1
49 65 1 -5.09442 1
49 66 1 1.07994 1
49 67 1 -1.80916 1
49 68 1 -4.56748 1
49 69 1 0.659805 1
49 70 1 -0.253131 1
49 71 1 -2.24849 1
49 72 1 -2.46535 1
49 73 1 0.036169 1
49 74 1 2.2435 1
49 75 1 1.15386 1
49 76 1 -6.63183 1
49 77 1 -4.4725 1
49 78 1 -0.507332 0
49 79 1 2.11152 1
49 80 1 5.22727 1
49 81 1 -3.1606 1
49 82 1 1.0446 1
49 83 1 -0.970631 1
49 84 1 1.38274 1
49 85 1 -1.15199 1
49 86 1 -2.05486 1
49 87 1 -2.52592 1
49 88 1 1.22734 1
49 89 1 2.21766 1
49 90 1 -3.40581 1
49 91 1 2.59331 1
49 92 1 1.72637 1
49 93 1 2.98889 1
49 94 1 1.07814 1
49 95 1 3.78461 1
49 19 1 -1.44833 1
49 31 1 -0.852898 1
49 15 1 -3.62173 1
49 158 1 1.15905 1
49 26 1 0.384458 1
49 144 1 -3.21729 1
158 78 1 -1.19831 1
50 64 1 -4.15437 1
50 65 1 -3.44105 1
50 66 1 1.20428 1
50 67 1 -0.687017 1
50 68 1 1.78023 1
50 69 1 -2.04611 1
50 70 1 1.35204 1
50 71 1 5.64299 1
50 72 1 -3.79385 1
50 73 1 2.88969 1
50 74 1 -0.578943 1
50 75 1 2.24229 1
50 76 1 -1.44001 1
50 77 1 -2.27287 1
50 78 1 1.79878 1
50 79 1 -0.84679 1
50 80 1 2.63102 1
50 81 1 -0.699272 1
50 82 1 -3.41379 1
50 83 1 3.31356 1
50 84 1 0.177955 1
50 85 1 4.80169 1
50 86 1 3.91364 1
50 87 1 -2.73124 1
50 88 1 -1.70206 1
50 89 1 -0.393726 1
50 90 1 0.38026 1
50 91 1 0.845914 1
50 92 1 -0.492794 1
50 93 1 -2.87922 1
50 94 1 -1.34613 1
50 95 1 0.579529 1
50 4 1 4.62626 1
50 22 1 0.430189 1
51 64 1 -1.26395 1
51 65 1 3.92822 1
51 66 1 3.62852 1
51 67 1 -3.50658 1
51 68 1 -0.61479 1
51 69 1 0.150351 1
51 70 1 1.02075 1
51 71 1 4.62616 1
51 72 1 -5.51428 1
51 73 1 -2.39998 0
51 74 1 -1.70404 1
51 75 1 4.49388 1
51 76 1 -2.53128 1
51 77 1 3.15123 1
51 78 1 5.14317 1
51 79 1 -0.822995 1
51 80 1 0.451721 1
51 81 1 -2.66019 1
51 82 1 -1.27309 1
51 83 1 5.14209 1
51 84 1 -2.23742 1
51 85 1 0.269202 1
51 86 1 -1.47662 1
51 87 1 2.74306 1
51 88 1 -0.340585 0
51 89 1 -0.567594 1
51 90 1 -0.911114 1
51 91 1 -2.07971 1
51 92 1 2.85933 1
51 93 1 5.24111 1
51 94 1 -5.342 1
51 95 1 -2.39266 1
51 116 1 1.74762 1
51 12 1 -0.873472 1
51 179 1 0.396808 1
179 88 1 -0.684795 1
116 73 1 0.114778 0
116 134 1 2.59102 1
134 73 1 4.27384 1
134 128 1 2.08166 1
52 64 1 -3.75895 1
52 65 1 4.47236 1
52 66 1 0.520888 1
52 67 1 0.680181 1
52 68 1 0.740494 1
52 69 1 6.1377 1
52 70 1 4.34883 1
52 71 1 -0.860135 1
52 72 1 -0.734443 1
52 73 1 2.44266 1
52 74 1 4.20772 1
52 75 1 1.94256 1
52 76 1 -4.26617 1
52 77 1 0.71212 1
52 78 1 3.14034 1
52 79 1 -3.07989 1
52 80 1 -0.42203 1
52 81 1 -0.945551 1
52 82 1 -1.13725 1
52 83 1 -0.270899 1
52 84 1 -0.684736 1
52 85 1 0.240929 1
52 86 1 -6.57958 1
52 87 1 0.479301 1
52 88 1 -0.0863238 1
52 89 1 -0.500548 1
52 90 1 -0.581188 1
52 91 1 0.275944 1
52 92 1 0.518495 1
52 93 1 -3.29121 0
52 94 1 4.31668 1
52 95 1 1.25842 1
52 115 1 -0.276819 1
52 139 1 1.36126 1
52 23 1 -1.02981 1
139 93 1 -0.609419 0
139 181 1 1.15687 1
181 93 1 -0.547803 1
53 64 1 -3.98708 1
53 65 1 0.655986 1
53 66 1 -1.77956 1
53 67 1 -2.46036 1
53 68 1 -0.188532 1
53 69 1 0.842218 1
53 70 1 1.20994 0
53 71 1 0.965669 1
53 72 1 -0.436056 1
53 73 1 0.626543 1
53 74 1 0.242671 1
53 75 1 -3.59865 1
53 76 1 0.398115 1
53 77 1 1.56891 1
53 78 1 -0.752796 1
53 79 1 0.606957 1
53 80 1 1.3963 1
53 81 1 3.33194 1
53 82 1 2.34531 1
53 83 1 -1.78401 1
53 84 1 1.68564 1
53 85 1 1.9167 1
53 86 1 1.23796 1
53 87 1 -1.4181 1
53 88 1 0.13591 1
53 89 1 -0.665949 1
53 90 1 -3.14965 1
53 91 1 0.82388 1
53 92 1 2.35342 1
53 93 1 -0.863099 1
53 94 1 -0.928799 1
53 95 1 -2.55825 1
53 20 1 4.74529 1
53 23 1 -0.792023 1
53 149 1 -1.51835 1
149 70 1 -2.32445 0
149 153 1 0.244737 1
149 126 1 -0.804254 1
153 70 1 0.423143 1
54 64 1 1.94161 1
54 65 1 0.495329 1
54 66 1 -1.25019 1
54 67 1 0.474234 1
54 68 1 4.9249 1
54 69 1 -3.23049 1
54 70 1 1.41625 1
54 71 1 4.51028 1
54 72 1 1.59888 1
54 73 1 0.419888 1
54 74 1 -0.508375 1
54 75 1 -2.18963 1
54 76 1 -4.54401 1
54 77 1 1.4538 1
54 78 1 -2.35307 1
54 79 1 2.12064 1
54 80 1 1.80368 1
54 81 1 4.80647 1
54 82 1 -2.40076 1
54 83 1 5.23683 1
54 84 1 0.349766 1
54 85 1 -0.102124 1
54 86 1 -4.57477 1
54 87 1 -0.295905 1
54 88 1 0.940302 1
54 89 1 5.56955 1
54 90 1 -3.37416 1
54 91 1 1.92473 1
54 92 1 -1.60562 1
54 93 1 4.07353 1
54 94 1 -3.98978 1
54 95 1 -2.10503 1
54 30 1 -0.816573 1
54 144 1 2.1895 1
55 64 1 0.454717 1
55 65 1 -2.77681 1
55 66 1 -2.97567 1
55 67 1 -2.48968 1
55 68 1 0.625389 1
55 69 1 0.578006 1
55 70 1 3.049 1
55 71 1 -5.505 1
55 72 1 1.72677 1
55 73 1 -0.726753 1
55 74 1 3.52526 1
55 75 1 -3.42737 1
55 76 1 -4.67191 1
55 77 1 1.19263 1
55 78 1 1.56964 1
55 79 1 4.92541 1
55 80 1 -0.866174 1
55 81 1 1.67312 1
55 82 1 -2.07747 1
55 83 1 1.10365 1
55 84 1 0.0134341 1
55 85 1 -7.48879 1
55 86 1 0.583488 1
55 87 1 -1.71031 1
55 88 1 -5.76465 1
55 89 1 1.71916 1
55 90 1 -1.52695 1
55 91 1 0.860404 1
55 92 1 10.1086 1
55 93 1 -3.74039 1
55 94 1 -3.60896 1
55 95 1 -2.19868 0
55 28 1 5.3007 1
55 114 1 0.903303 1
55 0 1 -4.1389 1
55 2 1 0.987167 1
114 95 1 -0.297513 1
56 64 1 3.37529 1
56 65 1 -10.0083 1
56 66 1 0.169554 1
56 67 1 -0.552877 1
56 68 1 2.21745 0
56 69 1 -1.68778 1
56 70 1 1.46966 1
56 71 1 2.62652 1
56 72 1 -2.04585 1
56 73 1 -0.13346 1
56 74 1 2.42345 1
56 75 1 5.26363 1
56 76 1 -1.60855 1
56 77 1 -2.44887 1
56 78 1 -3.56597 1
56 79 1 -1.04271 1
56 80 1 -0.654199 1
56 81 1 7.20453 1
56 82 1 2.22782 1
56 83 1 -1.80221 1
56 84 1 -1.79494 1
56 85 1 -0.555571 1
56 86 1 2.62414 1
56 87 1 -0.0877347 1
56 88 1 1.38251 1
56 89 1 2.22895 1
56 90 1 -0.548995 1
56 91 1 -1.05457 1
56 92 1 1.14155 1
56 93 1 2.79615 1
56 94 1 -1.25082 1
56 95 1 -2.04535 1
56 3 1 -3.32129 1
56 126 1 5.29268 1
56 0 1 -0.706169 1
126 68 1 3.07274 1
126 11 1 -3.07852 1
57 64 1 -4.48375 1
57 65 1 6.0964 1
57 66 1 -1.78219 1
57 67 1 -3.21579 1
57 68 1 -0.631099 1
57 69 1 -0.783494 0
57 70 1 0.702112 1
57 71 1 3.78938 1
57 72 1 2.67568 1
57 73 1 -2.6225 1
57 74 1 1.61619 1
57 75 1 5.85373 1
57 76 1 4.61043 1
57 77 1 -5.72368 1
57 78 1 1.88919 1
57 79 1 -2.61129 1
57 80 1 3.16203 1
57 81 1 4.053 1
57 82 1 3.9758 1
57 83 1 -2.31163 1
57 84 1 0.878125 1
57 85 1 -3.48701 1
57 86 1 -1.38049 1
57 87 1 0.128027 1
57 88 1 1.91372 1
57 89 1 0.162254 1
57 90 1 0.359281 1
57 91 1 -2.62345 1
57 92 1 -3.10563 1
57 93 1 -2.30477 1
57 94 1 -1.42951 1
57 95 1 2.28017 1
57 104 1 6.02405 1
57 22 1 0.715029 1
104 69 1 2.2566 1
104 1 1 2.38678 1
104 107 1 0.0952212 1
58 64 1 6.42974 1
58 65 1 -3.09516 1
58 66 1 -1.73516 1
58 67 1 -0.581446 1
58 68 1 -3.58166 1
58 69 1 -1.61858 1
58 70 1 0.512342 1
58 71 1 2.14041 1
58 72 1 1.13901 1
58 73 1 -2.70911 1
58 74 1 1.01068 1
58 75 1 1.7646 1
58 76 1 0.812102 1
58 77 1 2.21094 1
58 78 1 -3.92542 1
58 79 1 -1.62327 0
58 80 1 -4.00775 1
58 81 1 3.69239 1
58 82 1 0.74633 1
58 83 1 0.747449 1
58 84 1 -2.1376 1
58 85 1 1.09525 1
58 86 1 0.951726 1
58 87 1 -4.00015 1
58 88 1 -6.02741 1
58 89 1 -2.45616 1
58 90 1 0.140314 1
58 91 1 -2.57338 1
58 92 1 1.65317 0
58 93 1 1.23032 1
58 94 1 -1.18676 1
58 95 1 3.74436 1
58 128 1 1.48679 1
58 115 1 -0.743902 1
58 174 1 1.66187 1
174 92 1 1.69976 1
128 79 1 0.237496 0
128 131 1 1.48019 1
131 79 1 1.36023 0
131 160 1 1.21859 1
160 79 1 4.56735 0
160 125 1 0.763481 1
160 173 1 -0.0855357 1
173 79 1 3.15973 1
59 64 1 -4.43598 1
59 65 1 2.31895 1
59 66 1 5.0513 1
59 67 1 -3.90616 1
59 68 1 2.91562 1
59 69 1 -3.64283 1
59 70 1 -2.90324 1
59 71 1 -0.151422 1
59 72 1 -0.582923 1
59 73 1 -1.07694 1
59 74 1 1.86726 1
59 75 1 0.460039 1
59 76 1 3.02844 1
59 77 1 0.219404 0
59 78 1 2.54971 1
59 79 1 -2.49984 1
59 80 1 1.29654 1
59 81 1 1.15977 1
59 82 1 -4.43154 1
59 83 1 5.05456 1
59 84 1 -0.211344 1
59 85 1 -4.91764 1
59 86 1 -5.46497 1
59 87 1 2.44915 1
59 88 1 4.86038 1
59 89 1 1.18407 1
59 90 1 0.254194 1
59 91 1 -1.27436 1
59 92 1 1.69807 1
59 93 1 2.96327 1
59 94 1 -5.44064 1
59 95 1 2.2748 1
59 97 1 -1.45907 1
59 5 1 -5.9254 1
59 11 1 -2.70105 1
59 13 1 1.84806 1
97 77 1 -5.61941 1
97 22 1 1.00658 1
97 2 1 -6.44786 0
97 99 1 2.16554 1
97 7 1 3.62145 0
97 102 1 3.07057 1
97 17 1 2.23829 1
102 7 1 4.77087 1
99 2 1 0.208126 0
99 108 1 6.50991 1
99 15 1 4.73853 1
108 2 1 0.739982 0
108 125 1 7.21198 1
108 0 1 -1.54894 1
125 2 1 2.76165 1
125 1 1 0.66283 1
60 64 1 -0.0380082 1
60 65 1 -0.525323 1
60 66 1 1.71235 1
60 67 1 -0.702497 1
60 68 1 1.0199 1
60 69 1 2.7912 1
60 70 1 -2.72405 1
60 71 1 0.790727 1
60 72 1 -0.362013 0
60 73 1 1.85052 1
60 74 1 1.38086 1
60 75 1 0.409057 1
60 76 1 -0.92762 1
60 77 1 5.54298 1
60 78 1 -3.10949 1
60 79 1 0.1644 1
60 80 1 -5.72585 1
60 81 1 -1.74382 1
60 82 1 -0.88645 1
60 83 1 1.73998 1
60 84 1 -4.53756 1
60 85 1 2.62422 1
60 86 1 2.52504 1
60 87 1 -0.36432 1
60 88 1 -4.39343 1
60 89 1 0.165602 1
60 90 1 -0.357036 1
60 91 1 0.0631832 1
60 92 1 -0.363211 1
60 93 1 -0.678124 1
60 94 1 -0.932902 1
60 95 1 0.105838 1
60 24 1 -1.06318 1
60 0 1 4.25009 1
60 115 1 1.52621 1
60 3 1 -1.81324 1
60 20 1 -0.471668 1
115 72 1 -1.87244 1
115 18 1 0.869443 1
115 14 1 1.74444 1
115 19 1 -0.939665 1
61 64 1 0.682141 1
61 65 1 0.6056 1
61 66 1 1.59827 1
61 67 1 -0.581718 1
61 68 1 -4.99951 1
61 69 1 3.30938 1
61 70 1 2.02479 1
61 71 1 1.28324 1
61 72 1 0.55311 1
61 73 1 0.897026 1
61 74 1 4.35834 1
61 75 1 5.54891 1
61 76 1 2.5668 1
61 77 1 -2.3611 0
61 78 1 -4.23384 1
61 79 1 1.78396 1
61 80 1 -2.83507 1
61 81 1 -0.161886 1
61 82 1 -0.773724 1
61 83 1 0.154356 1
61 84 1 -3.87675 1
61 85 1 -1.63395 1
61 86 1 0.0793832 1
61 87 1 2.9464 1
61 88 1 -2.15057 1
61 89 1 1.54626 1
61 90 1 -2.81539 1
61 91 1 1.78709 1
61 92 1 -0.194668 1
61 93 1 0.148756 1
61 94 1 0.962757 1
61 95 1 -1.15902 1
61 107 1 0.39548 1
61 113 1 -1.22482 1
61 14 1 -1.52051 1
107 77 1 -5.84739 0
107 113 1 -1.40801 1
107 14 1 -2.05934 1
107 20 1 1.1523 1
113 77 1 -1.35803 0
113 23 1 -1.24746 1
113 147 1 0.646005 1
113 159 1 1.76946 1
159 77 1 -3.38404 0
159 161 1 0.0400005 1
161 77 1 -1.56523 1
62 64 1 -0.75299 1
62 65 1 -3.82454 1
62 66 1 2.51732 1
62 67 1 -1.74871 1
62 68 1 1.89693 1
62 69 1 -1.69614 1
62 70 1 -0.582755 1
62 71 1 -4.94454 1
62 72 1 3.65366 1
62 73 1 2.68524 1
62 74 1 2.50601 1
62 75 1 -1.69688 1
62 76 1 1.8619 1
62 77 1 -3.23879 1
62 78 1 -1.29309 1
62 79 1 -2.11649 1
62 80 1 0.925563 1
62 81 1 1.64394 1
62 82 1 -1.01209 1
62 83 1 4.51821 1
62 84 1 -1.45491 0
62 85 1 -0.700175 1
62 86 1 3.01307 1
62 87 1 -0.346185 1
62 88 1 0.530435 1
62 89 1 -2.53526 1
62 90 1 -8.25966 1
62 91 1 0.834683 1
62 92 1 -0.916105 1
62 93 1 -1.13967 1
62 94 1 -0.72045 1
62 95 1 -1.75287 1
62 5 1 0.517972 1
62 138 1 2.04817 0
62 152 1 0.851897 1
62 31 1 -0.419934 1
152 138 1 1.9028 1
138 84 1 -1.53038 1
63 64 1 2.66876 1
63 65 1 -0.853263 1
63 66 1 5.14312 1
63 67 1 -3.50431 1
63 68 1 2.02666 1
63 69 1 -4.06109 1
63 70 1 -2.85152 1
63 71 1 2.08809 1
63 72 1 -0.172425 1
63 73 1 2.96197 1
63 74 1 -8.72555 1
63 75 1 -0.800769 1
63 76 1 -0.930538 0
63 77 1 0.168368 1
63 78 1 -1.0519 1
63 79 1 -0.732414 1
63 80 1 2.63733 1
63 81 1 -3.09178 1
63 82 1 2.45721 1
63 83 1 -3.71704 1
63 84 1 -2.43543 1
63 85 1 -5.22526 1
63 86 1 5.86849 1
63 87 1 -3.02925 0
63 88 1 -1.02448 1
63 89 1 -2.5165 1
63 90 1 0.0594501 1
63 91 1 -1.90652 1
63 92 1 1.24123 1
63 93 1 0.984007 1
63 94 1 -0.154931 1
63 95 1 -1.51946 1
63 141 1 5.87532 1
63 144 1 0.767995 1
144 76 1 -0.66718 0
144 147 1 2.82433 1
147 76 1 -2.67982 1
147 9 1 -3.33402 1
141 87 1 -5.69888 1
141 10 1 1.26605 1
