185 64 32
2.36633 -3.07773 -4.04863 4.93431 -5.7602 4.90558 -0.540977 4.40718 -1.29428 5.42721 2.05695 5.64826 -3.13391 -4.56292 -2.81915 -2.8347 2.0997 -0.350258 0.336549 -1.5348 -0.0990715 0.000813916 -0.597445 0.67192 -6.69742 0.150488 3.70335 1.62621 -3.52665 -3.56303 -3.661 -0.364223 -1.55689 0.424097 0.564709 3.19828 -4.25719 0.128159 -0.975292 -1.07079 -2.0613 1.76668 -3.05337 -4.87182 -6.13161 -4.23464 -4.6485 2.67113 0.271452 4.15675 0.317719 -5.38095 -5.53115 0.230295 -0.552005 2.5346 -2.77511 2.41942 1.35526 -2.13053 2.37978 -4.20289 -2.69829 -2.52532 -6.03445 -3.27403 4.49837 2.00144 -3.50757 2.32813 -2.76597 -5.35855 -4.32753 -3.67518 2.98256 4.31458 -0.220578 -1.8093 -0.592713 -5.34967 0.926985 0.637729 -4.6329 1.10526 3.39079 1.69882 -3.2317 -0.538797 4.43375 1.11366 -2.32637 2.20652 -1.18683 -0.86141 0.531938 -1.2627 -1.57642 -2.13549 -2.3268 -2.09037 1.83037 -2.56822 -4.68129 -1.28006 -4.63999 2.20944 -1.93986 -3.13693 -1.71898 -2.0282 -2.4874 2.76576 1.99823 -5.41745 0.579191 -1.46336 -2.3932 0.296408 -0.605081 -0.594544 5.11332 -2.00896 -1.24654 0.187369 0.413971 4.92219 -0.445199 0.735952 1.16501 2.9347 0.522857 -0.146858 -1.71075 0.636915 -2.26859 -1.0259 -1.0742 -0.129729 -3.96962 -1.35974 2.21101 -2.95696 -1.87221 -3.26283 1.1463 2.82373 -0.0344455 -2.19925 0.523685 -3.59486 -1.93496 -0.127212 0.857495 -1.04871 0.581842 -0.581342 0.3785 2.4614 0.458573 0.774782 1.16616 0.0188452 -0.144166 0.79594 0.666799 -0.20451 1.66591 -0.839928 0.623868 0.900589 -0.338445 -0.0701843 1.38091 -0.596654 -0.0861083 -0.513795 0.275835 -0.187127 -0.0391097 0.0359747 -0.096634 -0.393974 0.0798642 -0.0877717 0.00892379 
0 64 1 -4.36315 1
0 65 1 2.18882 1
0 66 1 2.68775 1
0 67 1 -0.569348 1
0 68 1 -2.64557 1
0 69 1 1.93818 1
0 70 1 2.97808 1
0 71 1 1.24813 1
0 72 1 1.37026 1
0 73 1 -0.744332 1
0 74 1 -1.34955 1
0 75 1 2.52724 1
0 76 1 2.19428 1
0 77 1 2.03641 1
0 78 1 -1.55387 1
0 79 1 -0.328985 1
0 80 1 2.80926 1
0 81 1 3.59127 1
0 82 1 5.77944 1
0 83 1 1.09601 1
0 84 1 -1.95622 1
0 85 1 5.59101 1
0 86 1 -1.72272 1
0 87 1 -3.61324 1
0 88 1 2.81652 1
0 89 1 4.10473 1
0 90 1 3.58327 1
0 91 1 5.61345 1
0 92 1 -3.69074 1
0 93 1 -1.4717 1
0 94 1 1.19177 1
0 95 1 0.535809 1
0 10 1 -3.7531 1
1 64 1 0.446197 1
1 65 1 -5.36573 1
1 66 1 2.75235 1
1 67 1 -5.47062 1
1 68 1 4.65038 1
1 69 1 -1.94539 1
1 70 1 4.00954 1
1 71 1 -0.402926 1
1 72 1 -2.96238 1
1 73 1 -1.13235 1
1 74 1 -2.48152 1
1 75 1 3.84299 1
1 76 1 -1.59774 1
1 77 1 7.22594 1
1 78 1 -0.638192 1
1 79 1 -2.15845 1
1 80 1 -2.27471 1
1 81 1 0.956245 1
1 82 1 -0.442329 1
1 83 1 -6.27977 1
1 84 1 -4.83261 1
1 85 1 -1.90869 1
1 86 1 3.88483 1
1 87 1 -0.435912 1
1 88 1 -1.14081 1
1 89 1 4.1239 1
1 90 1 -1.54501 1
1 91 1 -1.76515 1
1 92 1 0.534455 1
1 93 1 0.735365 1
1 94 1 -1.09714 1
1 95 1 -6.22803 1
1 27 1 0.493154 1
2 64 1 -0.0374851 1
2 65 1 -2.41341 1
2 66 1 -5.66812 1
2 67 1 -2.57738 1
2 68 1 -1.67001 1
2 69 1 -0.517674 1
2 70 1 -0.454973 1
2 71 1 3.07185 1
2 72 1 -1.15399 1
2 73 1 -1.8725 1
2 74 1 -4.41296 1
2 75 1 1.61653 1
2 76 1 -4.108 1
2 77 1 -1.47878 1
2 78 1 0.509929 1
2 79 1 -3.50807 1
2 80 1 -5.92244 1
2 81 1 -5.04265 1
2 82 1 0.137472 1
2 83 1 -3.61072 1
2 84 1 0.142331 1
2 85 1 3.489 1
2 86 1 -1.81421 1
2 87 1 -1.1335 1
2 88 1 -1.23889 1
2 89 1 -4.99918 1
2 90 1 -3.77527 1
2 91 1 -2.45374 1
2 92 1 2.9009 0
2 93 1 -1.9811 1
2 94 1 3.07659 1
2 95 1 -1.65304 1
2 100 1 0.390361 1
2 6 1 4.07297 1
2 110 1 -0.54663 1
2 180 1 0.891354 1
180 92 1 3.06069 1
3 64 1 -1.70875 1
3 65 1 -1.74054 1
3 66 1 0.496392 1
3 67 1 0.489285 1
3 68 1 5.4041 1
3 69 1 -1.93848 1
3 70 1 -4.28069 1
3 71 1 -0.503354 1
3 72 1 8.75857 1
3 73 1 0.346505 1
3 74 1 -1.06174 1
3 75 1 3.38999 1
3 76 1 -0.693401 1
3 77 1 0.628688 1
3 78 1 -1.73672 1
3 79 1 0.698716 1
3 80 1 -3.8412 1
3 81 1 0.424405 1
3 82 1 4.76931 1
3 83 1 3.9312 1
3 84 1 0.737238 1
3 85 1 -4.7156 1
3 86 1 0.596913 1
3 87 1 4.04171 1
3 88 1 -2.79567 1
3 89 1 3.48249 1
3 90 1 -0.0913463 1
3 91 1 2.96866 1
3 92 1 2.69507 1
3 93 1 -3.14101 1
3 94 1 -1.79817 1
3 95 1 4.21194 0
3 110 1 2.63796 1
110 95 1 -1.20082 0
110 111 1 -0.848952 0
110 132 1 2.99712 1
110 152 1 0.287264 1
110 126 1 0.328042 1
110 20 1 0.312228 1
110 16 1 0.909188 1
132 111 1 1.43454 1
111 95 1 0.903006 1
4 64 1 2.21438 1
4 65 1 -1.03208 1
4 66 1 0.394561 1
4 67 1 5.3462 1
4 68 1 -0.052711 1
4 69 1 3.02148 1
4 70 1 -0.400468 1
4 71 1 -0.452874 1
4 72 1 -1.94565 1
4 73 1 -1.90698 0
4 74 1 -0.00302624 1
4 75 1 -7.3565 0
4 76 1 0.590437 1
4 77 1 3.59625 1
4 78 1 0.227372 1
4 79 1 0.27444 1
4 80 1 -6.32545 1
4 81 1 1.57556 1
4 82 1 0.375838 1
4 83 1 -1.70133 1
4 84 1 -2.09535 1
4 85 1 1.01993 1
4 86 1 1.34163 1
4 87 1 -2.50454 1
4 88 1 -3.00279 1
4 89 1 -2.26099 1
4 90 1 3.69453 1
4 91 1 -2.37476 1
4 92 1 -1.3907 1
4 93 1 1.14944 0
4 94 1 -2.37457 1
4 95 1 2.79358 1
4 101 1 3.23781 1
4 17 1 5.17006 1
4 118 1 2.3801 1
4 145 1 1.28879 1
4 119 1 -0.763938 1
145 93 1 0.423977 1
118 73 1 -5.53558 1
101 75 1 2.33693 1
5 64 1 -2.4586 1
5 65 1 7.06757 1
5 66 1 -2.89744 1
5 67 1 10.032 1
5 68 1 2.18222 1
5 69 1 3.6072 1
5 70 1 1.35224 1
5 71 1 -0.260994 1
5 72 1 0.28228 1
5 73 1 -1.68958 1
5 74 1 -1.86678 1
5 75 1 3.18754 1
5 76 1 3.34408 1
5 77 1 1.1533 1
5 78 1 -0.45205 1
5 79 1 0.669916 1
5 80 1 2.36707 1
5 81 1 -0.775803 1
5 82 1 -0.452911 1
5 83 1 5.22903 1
5 84 1 3.39544 1
5 85 1 3.15437 1
5 86 1 0.37785 1
5 87 1 0.9558 1
5 88 1 0.904904 1
5 89 1 -4.44527 1
5 90 1 -2.544 1
5 91 1 -0.893174 1
5 92 1 -2.39227 1
5 93 1 0.325731 1
5 94 1 -1.95406 1
5 95 1 -0.769405 1
5 28 1 3.8588 1
6 64 1 -1.11493 1
6 65 1 -1.96141 1
6 66 1 1.77469 1
6 67 1 3.39608 1
6 68 1 -4.02408 1
6 69 1 -2.72883 1
6 70 1 -4.71476 1
6 71 1 0.944543 1
6 72 1 3.00582 1
6 73 1 -3.425 1
6 74 1 -3.88134 1
6 75 1 3.09794 1
6 76 1 5.73944 1
6 77 1 -3.64554 1
6 78 1 0.485006 1
6 79 1 -4.0988 1
6 80 1 3.67719 1
6 81 1 -1.89976 1
6 82 1 1.08394 1
6 83 1 2.75292 1
6 84 1 1.81159 1
6 85 1 -6.05274 1
6 86 1 -0.450767 1
6 87 1 5.55174 1
6 88 1 -1.90137 1
6 89 1 -1.47274 1
6 90 1 3.83589 1
6 91 1 -0.300792 1
6 92 1 5.32681 1
6 93 1 -3.61675 1
6 94 1 -3.01358 1
6 95 1 4.04816 1
6 26 1 1.3694 1
7 64 1 1.99477 1
7 65 1 1.4566 1
7 66 1 1.18934 1
7 67 1 -5.23096 1
7 68 1 -2.62438 1
7 69 1 -3.57844 1
7 70 1 5.88954 1
7 71 1 4.62167 1
7 72 1 3.60783 1
7 73 1 -1.48738 1
7 74 1 -1.2221 1
7 75 1 0.733307 0
7 76 1 1.55797 1
7 77 1 3.30978 1
7 78 1 2.84596 1
7 79 1 1.54142 1
7 80 1 -1.08374 1
7 81 1 2.40677 1
7 82 1 -5.85942 0
7 83 1 0.471137 0
7 84 1 -3.34087 1
7 85 1 4.37152 1
7 86 1 0.135291 1
7 87 1 4.66486 1
7 88 1 -3.02134 1
7 89 1 -2.00358 1
7 90 1 2.0177 1
7 91 1 -2.89691 1
7 92 1 0.871443 1
7 93 1 -1.59994 1
7 94 1 -0.0874515 1
7 95 1 1.87934 1
7 100 1 0.581578 1
7 127 1 4.27627 1
7 164 1 1.09939 1
164 75 1 1.28447 1
127 82 1 -4.89659 0
127 169 1 0.0534957 1
127 150 1 1.42077 1
169 82 1 -4.5605 1
100 83 1 3.74916 0
100 24 1 -0.54977 0
100 106 1 3.47274 1
100 166 1 -0.344855 1
166 83 1 3.98378 1
106 24 1 -7.77449 1
106 6 1 -2.91885 1
8 64 1 1.34825 1
8 65 1 -2.28255 1
8 66 1 -0.746752 1
8 67 1 -1.20493 1
8 68 1 -2.51987 1
8 69 1 4.32754 1
8 70 1 1.12445 1
8 71 1 3.42793 1
8 72 1 3.77213 1
8 73 1 -3.86467 1
8 74 1 -2.64385 1
8 75 1 -2.20778 1
8 76 1 2.01193 1
8 77 1 3.50503 1
8 78 1 0.966265 1
8 79 1 -3.35458 1
8 80 1 1.05226 1
8 81 1 -2.6352 1
8 82 1 -1.97174 1
8 83 1 -3.179 1
8 84 1 2.79709 1
8 85 1 8.59004 1
8 86 1 5.75981 1
8 87 1 2.99339 1
8 88 1 1.18736 1
8 89 1 4.73516 1
8 90 1 1.47462 1
8 91 1 -1.07922 1
8 92 1 2.38577 1
8 93 1 4.77495 1
8 94 1 5.60561 1
8 95 1 -1.62616 1
8 17 1 0.274828 1
9 64 1 -3.85083 1
9 65 1 -2.705 1
9 66 1 1.73862 1
9 67 1 0.559794 1
9 68 1 -1.14474 1
9 69 1 -0.497476 1
9 70 1 -8.36929 1
9 71 1 -1.91096 1
9 72 1 3.19628 1
9 73 1 -1.49696 1
9 74 1 -0.506214 1
9 75 1 2.03309 1
9 76 1 5.29574 1
9 77 1 0.715039 1
9 78 1 2.26435 1
9 79 1 2.25221 0
9 80 1 -0.939718 1
9 81 1 1.56232 1
9 82 1 -1.80712 1
9 83 1 -3.20171 1
9 84 1 4.4196 1
9 85 1 1.12281 1
9 86 1 0.521699 1
9 87 1 -0.82036 1
9 88 1 3.09468 1
9 89 1 4.37858 1
9 90 1 0.303269 1
9 91 1 0.506048 1
9 92 1 -0.928723 1
9 93 1 -0.730492 1
9 94 1 -4.63292 1
9 95 1 0.584706 1
9 103 1 -2.95102 1
9 130 1 -0.0366463 1
9 157 1 0.0447881 1
157 79 1 1.05472 1
157 22 1 -0.815534 1
10 64 1 1.40034 1
10 65 1 0.270316 1
10 66 1 3.33522 1
10 67 1 -2.85414 1
10 68 1 3.37376 1
10 69 1 -0.811012 1
10 70 1 -0.762149 1
10 71 1 -0.0995828 1
10 72 1 6.03982 1
10 73 1 4.04137 1
10 74 1 -0.572451 0
10 75 1 0.971954 1
10 76 1 4.06116 1
10 77 1 0.491444 1
10 78 1 0.667715 1
10 79 1 -4.28143 1
10 80 1 -2.68628 1
10 81 1 4.86554 1
10 82 1 3.22653 1
10 83 1 1.20079 1
10 84 1 6.21004 1
10 85 1 2.83961 1
10 86 1 -3.31949 1
10 87 1 -2.77008 1
10 88 1 2.63098 1
10 89 1 1.46197 1
10 90 1 -1.53586 1
10 91 1 1.89738 1
10 92 1 -0.969326 1
10 93 1 -0.528301 1
10 94 1 4.90488 1
10 95 1 3.87003 0
10 124 1 2.59409 1
10 165 1 -0.0327197 1
165 95 1 4.79961 1
165 133 1 1.51709 1
124 74 1 -0.64349 1
124 12 1 2.80261 0
124 171 1 0.826777 1
171 12 1 1.82187 1
11 64 1 3.64285 1
11 65 1 1.72854 1
11 66 1 3.71795 1
11 67 1 -2.77809 1
11 68 1 2.35668 1
11 69 1 1.0053 1
11 70 1 3.02356 1
11 71 1 0.428713 1
11 72 1 -7.64668 1
11 73 1 1.27716 1
11 74 1 0.144517 0
11 75 1 -1.60884 1
11 76 1 -1.37284 1
11 77 1 0.905662 1
11 78 1 -0.640147 1
11 79 1 -0.0786403 1
11 80 1 -2.00216 1
11 81 1 1.91307 1
11 82 1 5.07531 0
11 83 1 3.93652 1
11 84 1 1.66741 1
11 85 1 -1.44615 1
11 86 1 -3.95912 1
11 87 1 0.15965 1
11 88 1 -6.31102 1
11 89 1 1.04295 1
11 90 1 0.728623 1
11 91 1 -1.5009 1
11 92 1 -1.39901 1
11 93 1 3.29337 1
11 94 1 -3.77892 1
11 95 1 -5.55796 1
11 120 1 -6.49545 1
11 109 1 -0.661256 1
11 154 1 1.93303 1
11 8 1 -1.70006 1
11 112 1 2.21473 1
154 82 1 4.20309 1
120 74 1 -2.84287 1
120 13 1 0.226688 0
120 150 1 3.46037 1
150 13 1 2.63532 0
150 163 1 3.32458 1
163 13 1 2.03119 1
12 64 1 -1.10124 1
12 65 1 -1.79065 0
12 66 1 0.27286 1
12 67 1 -3.28416 1
12 68 1 1.09705 1
12 69 1 3.00249 1
12 70 1 1.28777 1
12 71 1 -1.59928 1
12 72 1 3.70549 1
12 73 1 -2.60991 1
12 74 1 -2.50063 1
12 75 1 0.111946 1
12 76 1 -2.15335 1
12 77 1 1.95517 1
12 78 1 -1.39277 1
12 79 1 -3.11957 1
12 80 1 -2.38876 1
12 81 1 -1.66098 1
12 82 1 4.54242 1
12 83 1 1.11083 1
12 84 1 2.67127 1
12 85 1 -0.339824 1
12 86 1 -3.91671 1
12 87 1 -3.35928 1
12 88 1 -1.31397 1
12 89 1 1.62884 1
12 90 1 0.0584756 1
12 91 1 -2.72012 1
12 92 1 2.90812 1
12 93 1 -2.45374 1
12 94 1 3.07814 1
12 95 1 -3.0961 1
12 17 1 1.04202 1
12 18 1 0.637905 1
12 144 1 -2.21137 1
12 167 1 1.17879 1
12 11 1 -0.823667 1
167 65 1 -2.21246 1
13 64 1 -0.114212 1
13 65 1 -2.78004 1
13 66 1 -1.39374 1
13 67 1 0.905358 1
13 68 1 3.41338 1
13 69 1 -2.91206 1
13 70 1 0.841395 1
13 71 1 0.307095 1
13 72 1 1.1082 1
13 73 1 -0.889938 1
13 74 1 -0.257361 1
13 75 1 -2.12581 1
13 76 1 -1.00388 1
13 77 1 -2.68216 1
13 78 1 3.69382 1
13 79 1 3.0692 1
13 80 1 -0.549912 1
13 81 1 2.4981 1
13 82 1 2.78973 1
13 83 1 4.32565 1
13 84 1 -4.46455 1
13 85 1 7.18416 1
13 86 1 5.87994 1
13 87 1 6.56703 1
13 88 1 3.05832 1
13 89 1 -0.229962 1
13 90 1 -3.87846 1
13 91 1 -4.8765 1
13 92 1 -3.05356 1
13 93 1 -1.97814 1
13 94 1 -0.10893 1
13 95 1 -3.84308 1
14 64 1 -0.529698 1
14 65 1 5.4483 1
14 66 1 0.363075 1
14 67 1 1.87633 1
14 68 1 -0.885489 1
14 69 1 1.35392 1
14 70 1 -1.41896 1
14 71 1 0.720037 1
14 72 1 4.99843 1
14 73 1 2.26228 1
14 74 1 0.46555 1
14 75 1 2.67407 1
14 76 1 -4.58675 1
14 77 1 0.762346 1
14 78 1 -2.53173 1
14 79 1 -1.34943 1
14 80 1 -0.735765 1
14 81 1 1.05932 0
14 82 1 3.25416 1
14 83 1 -0.429706 1
14 84 1 -0.692047 1
14 85 1 -2.42962 1
14 86 1 2.58895 1
14 87 1 -0.542548 1
14 88 1 -3.06951 1
14 89 1 0.751094 1
14 90 1 -0.162773 1
14 91 1 3.96921 1
14 92 1 4.17098 1
14 93 1 1.82605 1
14 94 1 5.61691 1
14 95 1 0.8749 1
14 104 1 -0.0749798 1
14 119 1 1.16456 1
14 126 1 0.902821 1
119 81 1 5.70986 1
119 99 1 0.507614 1
15 64 1 -0.296351 1
15 65 1 3.3874 1
15 66 1 -2.51273 1
15 67 1 -1.54854 1
15 68 1 1.6925 1
15 69 1 -4.04525 1
15 70 1 6.73255 1
15 71 1 -2.61951 1
15 72 1 -2.29155 1
15 73 1 1.28037 1
15 74 1 0.983914 1
15 75 1 -0.693395 1
15 76 1 -0.0798102 1
15 77 1 0.800884 1
15 78 1 -3.23255 1
15 79 1 0.987539 1
15 80 1 4.24732 1
15 81 1 -0.76972 1
15 82 1 -4.50317 1
15 83 1 0.986746 1
15 84 1 1.29658 1
15 85 1 -2.27904 1
15 86 1 1.82708 1
15 87 1 -7.3283 1
15 88 1 1.11375 1
15 89 1 3.54684 1
15 90 1 0.185716 1
15 91 1 -4.03071 1
15 92 1 1.29333 1
15 93 1 -1.31987 1
15 94 1 -0.429345 1
15 95 1 -2.35948 1
15 20 1 -2.66422 1
16 64 1 4.14375 1
16 65 1 -1.18852 1
16 66 1 -1.54838 1
16 67 1 -5.04384 1
16 68 1 0.995891 1
16 69 1 -0.0881292 1
16 70 1 2.8821 1
16 71 1 5.72438 1
16 72 1 -0.656058 1
16 73 1 -1.71913 1
16 74 1 -0.0746029 1
16 75 1 1.59942 1
16 76 1 3.00321 1
16 77 1 1.86874 1
16 78 1 -2.00674 1
16 79 1 -1.90625 0
16 80 1 2.52302 1
16 81 1 3.42629 1
16 82 1 -4.43727 1
16 83 1 2.17111 1
16 84 1 -0.772828 1
16 85 1 -0.865485 1
16 86 1 1.5436 1
16 87 1 -0.800098 1
16 88 1 1.09706 1
16 89 1 1.30387 1
16 90 1 -4.29431 1
16 91 1 3.46033 1
16 92 1 3.40864 1
16 93 1 -2.62925 1
16 94 1 -0.826926 1
16 95 1 -3.13765 1
16 26 1 -1.31882 1
16 151 1 2.31523 1
151 79 1 -0.303467 1
17 64 1 -1.47713 1
17 65 1 1.186 1
17 66 1 -1.40806 1
17 67 1 2.78318 1
17 68 1 0.921936 1
17 69 1 0.752987 1
17 70 1 0.494542 1
17 71 1 4.55646 1
17 72 1 -5.58769 0
17 73 1 1.44321 1
17 74 1 3.15198 1
17 75 1 -1.90126 1
17 76 1 -1.65369 1
17 77 1 2.44857 1
17 78 1 -2.06087 1
17 79 1 -3.50357 1
17 80 1 5.83156 1
17 81 1 2.03613 1
17 82 1 0.933901 1
17 83 1 -1.95603 1
17 84 1 -0.735037 1
17 85 1 3.12575 1
17 86 1 -1.18487 1
17 87 1 -3.44247 1
17 88 1 -6.88134 1
17 89 1 2.0686 1
17 90 1 -4.14438 1
17 91 1 4.72945 1
17 92 1 0.149318 1
17 93 1 1.97645 1
17 94 1 2.59655 1
17 95 1 1.16531 1
17 146 1 3.49293 1
146 72 1 -4.563 0
146 30 1 -0.965415 1
146 177 1 0.2471 1
177 72 1 -4.25749 1
18 64 1 1.92467 1
18 65 1 -3.19898 1
18 66 1 3.15284 1
18 67 1 2.1601 1
18 68 1 -2.90607 1
18 69 1 -0.0778568 0
18 70 1 4.20894 1
18 71 1 -1.68841 1
18 72 1 1.33221 1
18 73 1 -1.04209 1
18 74 1 1.81916 1
18 75 1 -3.09312 1
18 76 1 3.40432 1
18 77 1 -0.754908 1
18 78 1 0.661156 1
18 79 1 2.8352 1
18 80 1 -6.8425 1
18 81 1 4.62998 1
18 82 1 -3.52313 1
18 83 1 3.97304 1
18 84 1 -4.59076 1
18 85 1 3.26134 1
18 86 1 5.64513 1
18 87 1 -4.53098 1
18 88 1 1.15722 1
18 89 1 -3.68311 1
18 90 1 0.163636 1
18 91 1 -0.396726 1
18 92 1 -3.03929 1
18 93 1 1.60449 1
18 94 1 -0.440263 1
18 95 1 0.768208 1
18 25 1 -1.90609 1
18 18 1 -1.38048 1
18 139 1 2.84291 1
18 182 1 0.996419 1
182 69 1 -0.71514 1
19 64 1 6.53679 1
19 65 1 -0.664507 1
19 66 1 6.73771 1
19 67 1 -1.84985 1
19 68 1 -1.49023 1
19 69 1 3.17016 1
19 70 1 -1.6297 1
19 71 1 1.03679 1
19 72 1 3.10163 1
19 73 1 0.435277 1
19 74 1 0.24296 1
19 75 1 0.762163 1
19 76 1 -4.92757 1
19 77 1 -0.386173 1
19 78 1 0.820072 1
19 79 1 6.26494 1
19 80 1 -2.6282 1
19 81 1 -2.04505 1
19 82 1 1.33826 1
19 83 1 -3.21892 1
19 84 1 2.21373 1
19 85 1 2.89925 1
19 86 1 -1.69806 1
19 87 1 3.31149 1
19 88 1 -0.436291 1
19 89 1 5.39481 1
19 90 1 -0.29203 1
19 91 1 -1.39853 1
19 92 1 -1.69708 1
19 93 1 -4.45934 1
19 94 1 -1.75732 1
19 95 1 -8.01434 1
20 64 1 0.919875 1
20 65 1 -0.714871 1
20 66 1 -2.3378 1
20 67 1 -0.669171 1
20 68 1 0.421119 1
20 69 1 1.28842 1
20 70 1 -2.82766 1
20 71 1 4.96327 1
20 72 1 0.639235 1
20 73 1 2.93529 1
20 74 1 3.23911 1
20 75 1 3.34357 1
20 76 1 -0.387482 1
20 77 1 -3.80947 1
20 78 1 1.2822 1
20 79 1 1.68074 1
20 80 1 0.117318 1
20 81 1 -0.469521 1
20 82 1 3.78707 1
20 83 1 0.469419 1
20 84 1 3.3709 1
20 85 1 -3.62695 1
20 86 1 0.504644 1
20 87 1 -0.128097 1
20 88 1 1.01743 1
20 89 1 1.39176 1
20 90 1 1.83507 1
20 91 1 2.69575 0
20 92 1 3.22512 1
20 93 1 2.69714 0
20 94 1 2.85246 0
20 95 1 1.78273 1
20 96 1 -2.45278 1
20 98 1 2.69583 1
20 103 1 2.32077 1
20 109 1 -0.371478 1
103 91 1 1.2239 0
103 105 1 4.61293 1
103 112 1 -1.57185 0
103 123 1 -1.75536 1
103 140 1 -1.42987 1
140 112 1 1.11465 1
123 91 1 -0.162804 1
123 113 1 -1.01663 0
123 136 1 0.719609 1
123 137 1 0.740128 1
136 113 1 -2.02483 1
136 6 1 -0.75854 1
105 91 1 2.52086 0
105 129 1 0.413774 1
129 91 1 1.00339 0
129 135 1 4.40221 1
129 116 1 -0.895425 1
135 91 1 -2.02281 1
98 93 1 2.47497 1
98 99 1 6.60852 1
98 15 1 0.803379 1
96 94 1 1.28444 1
96 20 1 -1.20389 0
96 155 1 2.29679 1
155 20 1 -1.87003 0
155 30 1 1.14404 1
155 176 1 1.24382 1
176 20 1 -1.87857 1
21 64 1 3.75721 1
21 65 1 6.85629 1
21 66 1 -6.3544 1
21 67 1 -4.3444 1
21 68 1 -0.916045 1
21 69 1 0.343101 1
21 70 1 1.01321 1
21 71 1 -5.09306 1
21 72 1 -7.52129 1
21 73 1 -1.76738 1
21 74 1 -1.14736 1
21 75 1 1.7628 1
21 76 1 -2.61606 1
21 77 1 -2.04149 1
21 78 1 -0.00839031 1
21 79 1 -2.69588 1
21 80 1 0.976093 1
21 81 1 -2.60223 1
21 82 1 0.462829 1
21 83 1 -2.25118 1
21 84 1 8.87195 1
21 85 1 0.516632 1
21 86 1 1.482 1
21 87 1 -0.614716 1
21 88 1 4.98605 1
21 89 1 0.942472 1
21 90 1 -0.757536 1
21 91 1 0.214568 0
21 92 1 2.50917 1
21 93 1 1.81315 1
21 94 1 -2.37685 1
21 95 1 0.721599 1
21 143 1 5.40546 1
143 91 1 -0.840326 1
22 64 1 1.51446 1
22 65 1 -0.133135 1
22 66 1 1.78146 1
22 67 1 5.6304 1
22 68 1 0.574707 1
22 69 1 -1.76467 1
22 70 1 -1.08325 1
22 71 1 0.528031 1
22 72 1 -4.39099 1
22 73 1 1.73348 1
22 74 1 -5.25522 1
22 75 1 -1.63054 1
22 76 1 0.661802 1
22 77 1 -0.937296 1
22 78 1 4.29435 1
22 79 1 5.14568 1
22 80 1 2.0242 1
22 81 1 -3.31963 1
22 82 1 1.14987 1
22 83 1 -1.03679 1
22 84 1 -1.4094 1
22 85 1 3.57612 1
22 86 1 -0.184216 1
22 87 1 5.96973 1
22 88 1 -3.76548 1
22 89 1 -0.256097 1
22 90 1 0.797986 1
22 91 1 1.19585 1
22 92 1 0.63546 1
22 93 1 3.83716 1
22 94 1 6.75848 1
22 95 1 0.976729 1
23 64 1 -1.97056 1
23 65 1 1.20643 1
23 66 1 3.35276 1
23 67 1 3.3918 1
23 68 1 -3.00083 1
23 69 1 2.40883 1
23 70 1 3.8362 1
23 71 1 -4.38125 1
23 72 1 -1.68449 1
23 73 1 -1.53582 1
23 74 1 3.4021 1
23 75 1 1.78628 1
23 76 1 3.16844 1
23 77 1 3.56904 1
23 78 1 0.979081 0
23 79 1 -5.7532 1
23 80 1 1.55506 1
23 81 1 0.558487 1
23 82 1 -3.79473 1
23 83 1 -0.122597 1
23 84 1 2.03195 1
23 85 1 -1.73647 1
23 86 1 -11.6988 1
23 87 1 -0.0959149 1
23 88 1 2.99556 1
23 89 1 -2.19989 1
23 90 1 -6.98497 1
23 91 1 -2.05005 1
23 92 1 3.1139 1
23 93 1 4.20405 1
23 94 1 -3.06012 1
23 95 1 0.830084 1
23 107 1 -0.16953 1
23 27 1 0.234203 1
23 178 1 1.33528 1
178 78 1 0.840901 1
24 64 1 -1.65726 1
24 65 1 2.5593 1
24 66 1 -0.842025 1
24 67 1 6.23957 1
24 68 1 -5.04572 1
24 69 1 3.5349 0
24 70 1 1.29632 1
24 71 1 4.64033 1
24 72 1 1.09979 1
24 73 1 2.19003 1
24 74 1 1.05623 1
24 75 1 0.589591 1
24 76 1 -3.17486 1
24 77 1 0.721091 1
24 78 1 -7.01795 1
24 79 1 1.00929 1
24 80 1 5.6959 1
24 81 1 3.52763 1
24 82 1 -1.0349 1
24 83 1 -2.3245 1
24 84 1 -3.69741 1
24 85 1 0.36228 1
24 86 1 -4.01833 1
24 87 1 4.36829 1
24 88 1 -1.16866 1
24 89 1 8.68704 1
24 90 1 4.44445 1
24 91 1 -3.41476 1
24 92 1 -0.232681 1
24 93 1 -1.19608 1
24 94 1 -0.693195 1
24 95 1 -4.33057 1
24 5 1 1.379 1
24 168 1 -0.936703 1
168 69 1 4.62804 1
168 172 1 0.839003 1
25 64 1 -2.12051 1
25 65 1 0.929203 1
25 66 1 -1.59448 1
25 67 1 -2.65063 1
25 68 1 0.964416 1
25 69 1 -5.64138 1
25 70 1 0.674675 0
25 71 1 -3.137 1
25 72 1 2.93424 1
25 73 1 3.40717 1
25 74 1 1.97773 1
25 75 1 -2.74789 1
25 76 1 0.856997 1
25 77 1 -0.977194 1
25 78 1 3.01763 1
25 79 1 0.553819 1
25 80 1 -0.569116 1
25 81 1 -1.12635 1
25 82 1 -2.48218 1
25 83 1 1.74503 1
25 84 1 -1.52385 1
25 85 1 -1.49961 1
25 86 1 5.3756 1
25 87 1 -0.483861 1
25 88 1 -1.65066 1
25 89 1 -1.94895 1
25 90 1 -4.17603 1
25 91 1 2.94675 1
25 92 1 4.11114 1
25 93 1 -1.43782 1
25 94 1 -2.4243 0
25 95 1 -3.50611 1
25 8 1 1.76684 1
25 6 1 -1.05453 1
25 121 1 0.382502 1
25 175 1 0.692976 1
175 94 1 -2.74801 1
121 70 1 6.21005 1
26 64 1 -2.52507 1
26 65 1 2.71699 1
26 66 1 -0.17428 1
26 67 1 2.12673 1
26 68 1 -1.16498 1
26 69 1 1.19508 1
26 70 1 -1.64411 1
26 71 1 0.832276 1
26 72 1 -2.34336 1
26 73 1 0.204407 1
26 74 1 -8.80544 1
26 75 1 2.83188 1
26 76 1 1.95207 1
26 77 1 -4.48267 1
26 78 1 1.95486 1
26 79 1 -0.668078 1
26 80 1 -3.4542 1
26 81 1 3.87391 1
26 82 1 2.84707 1
26 83 1 2.54653 1
26 84 1 -5.25048 1
26 85 1 0.839435 1
26 86 1 -4.26742 1
26 87 1 1.22274 1
26 88 1 -3.02583 1
26 89 1 1.53872 1
26 90 1 -3.26308 1
26 91 1 -3.02367 1
26 92 1 0.0585343 1
26 93 1 -1.8964 1
26 94 1 2.61432 1
26 95 1 -0.153712 1
26 23 1 5.09116 1
26 15 1 -0.227568 1
26 161 1 -1.67953 1
27 64 1 -2.56102 1
27 65 1 4.73278 1
27 66 1 3.35822 1
27 67 1 0.700406 1
27 68 1 3.06809 1
27 69 1 1.13746 1
27 70 1 5.119 1
27 71 1 -5.31592 1
27 72 1 0.0853536 1
27 73 1 1.74087 1
27 74 1 -3.29018 1
27 75 1 3.54805 1
27 76 1 -3.69651 1
27 77 1 1.67122 1
27 78 1 2.67767 1
27 79 1 0.699287 1
27 80 1 -1.25431 1
27 81 1 -2.13887 1
27 82 1 2.24923 1
27 83 1 0.450261 1
27 84 1 2.5792 1
27 85 1 -1.87512 1
27 86 1 -3.19467 1
27 87 1 -0.982744 1
27 88 1 -7.59059 1
27 89 1 -5.31791 1
27 90 1 4.71305 1
27 91 1 -2.42469 1
27 92 1 0.118556 1
27 93 1 -0.38085 1
27 94 1 1.09818 1
27 95 1 -0.913345 1
27 9 1 4.34526 1
27 5 1 0.385796 1
28 64 1 2.27212 1
28 65 1 0.394727 1
28 66 1 -1.03731 1
28 67 1 4.24573 1
28 68 1 5.48926 1
28 69 1 1.20685 1
28 70 1 -2.04326 1
28 71 1 0.541606 1
28 72 1 -7.14574 1
28 73 1 0.797525 1
28 74 1 -2.23981 1
28 75 1 2.5696 1
28 76 1 1.3835 1
28 77 1 2.35944 1
28 78 1 -4.16949 1
28 79 1 2.73788 1
28 80 1 0.630638 1
28 81 1 -0.806932 1
28 82 1 4.07176 1
28 83 1 1.85833 1
28 84 1 4.37468 1
28 85 1 -4.79003 1
28 86 1 -2.15671 1
28 87 1 1.65499 1
28 88 1 -4.69822 1
28 89 1 1.08255 1
28 90 1 -2.97821 1
28 91 1 -0.207225 1
28 92 1 6.48219 1
28 93 1 -1.31843 1
28 94 1 5.20011 1
28 95 1 -2.87995 1
29 64 1 -1.70707 1
29 65 1 1.47891 1
29 66 1 -0.444818 1
29 67 1 3.71143 1
29 68 1 -8.677 1
29 69 1 1.4099 1
29 70 1 -3.4033 1
29 71 1 -0.900536 1
29 72 1 1.17757 1
29 73 1 0.33804 1
29 74 1 -2.82613 1
29 75 1 -0.152563 1
29 76 1 -0.328406 1
29 77 1 1.81438 1
29 78 1 -6.29342 1
29 79 1 -3.96187 1
29 80 1 2.31246 1
29 81 1 2.6607 1
29 82 1 0.807697 1
29 83 1 0.799963 1
29 84 1 0.310306 1
29 85 1 -1.44181 1
29 86 1 -3.3635 1
29 87 1 -2.56702 1
29 88 1 -1.66473 1
29 89 1 -3.41792 1
29 90 1 0.392166 1
29 91 1 1.6973 1
29 92 1 2.5812 1
29 93 1 0.0458431 1
29 94 1 -1.72589 1
29 95 1 2.23748 1
29 113 1 1.44179 1
30 64 1 -1.62069 1
30 65 1 6.56255 1
30 66 1 3.68491 1
30 67 1 -1.09402 1
30 68 1 0.434148 1
30 69 1 0.853925 1
30 70 1 4.64693 1
30 71 1 -0.981285 1
30 72 1 -2.01478 1
30 73 1 4.26957 1
30 74 1 -1.0349 1
30 75 1 1.53009 1
30 76 1 2.42101 1
30 77 1 -1.64056 1
30 78 1 2.97913 1
30 79 1 4.20076 1
30 80 1 -3.03793 1
30 81 1 -0.751646 1
30 82 1 6.19985 1
30 83 1 1.97085 1
30 84 1 1.7096 1
30 85 1 -2.95614 1
30 86 1 -2.03489 1
30 87 1 -2.83983 1
30 88 1 0.932295 1
30 89 1 -2.44579 1
30 90 1 -1.2666 1
30 91 1 5.42278 1
30 92 1 -1.44917 1
30 93 1 2.1646 1
30 94 1 1.32318 1
30 95 1 -3.15305 1
30 28 1 1.40265 1
31 64 1 1.3898 1
31 65 1 -2.99142 1
31 66 1 -4.39764 1
31 67 1 7.91472 1
31 68 1 4.46579 1
31 69 1 1.34927 1
31 70 1 0.187524 1
31 71 1 1.27775 1
31 72 1 -2.4015 1
31 73 1 -0.164156 1
31 74 1 3.51251 1
31 75 1 0.234794 1
31 76 1 -2.06588 1
31 77 1 0.419967 1
31 78 1 -3.91619 1
31 79 1 -0.352887 1
31 80 1 -1.59163 1
31 81 1 -1.11996 1
31 82 1 -0.636603 1
31 83 1 -0.726937 1
31 84 1 -3.29203 1
31 85 1 -3.97877 1
31 86 1 1.46035 1
31 87 1 -4.68329 0
31 88 1 1.73733 1
31 89 1 -1.34674 1
31 90 1 -1.44279 1
31 91 1 -4.12842 1
31 92 1 -0.672115 1
31 93 1 -0.847652 1
31 94 1 2.74166 1
31 95 1 -1.3233 1
31 122 1 2.28967 1
31 10 1 -1.34879 1
31 117 1 -1.59996 1
122 87 1 -0.97613 1
32 64 1 6.5095 1
32 65 1 1.28894 1
32 66 1 -3.40782 1
32 67 1 2.33861 1
32 68 1 1.44353 1
32 69 1 4.78858 1
32 70 1 -0.466512 1
32 71 1 3.4436 1
32 72 1 -2.34091 1
32 73 1 2.23692 1
32 74 1 -0.0554527 1
32 75 1 4.89853 1
32 76 1 0.60898 1
32 77 1 3.60998 1
32 78 1 0.734148 1
32 79 1 -0.936412 1
32 80 1 -0.642599 1
32 81 1 -0.317972 1
32 82 1 -2.58753 1
32 83 1 -2.6517 1
32 84 1 2.88096 1
32 85 1 -0.649217 1
32 86 1 -0.396151 1
32 87 1 -1.6412 1
32 88 1 0.931796 1
32 89 1 -1.04786 1
32 90 1 2.64821 1
32 91 1 -4.32289 1
32 92 1 4.49088 1
32 93 1 1.92708 1
32 94 1 -1.40952 1
32 95 1 0.0289502 1
33 64 1 1.94122 1
33 65 1 -4.01776 1
33 66 1 -2.50641 1
33 67 1 -0.707279 1
33 68 1 -1.13354 1
33 69 1 -4.93219 1
33 70 1 3.91216 1
33 71 1 4.73803 1
33 72 1 2.31893 1
33 73 1 4.41291 1
33 74 1 0.621521 1
33 75 1 -7.27436 1
33 76 1 -4.54583 1
33 77 1 1.47126 1
33 78 1 -1.07971 1
33 79 1 -4.15193 1
33 80 1 0.646208 1
33 81 1 -2.54967 1
33 82 1 -1.67456 1
33 83 1 0.202864 1
33 84 1 -1.08197 1
33 85 1 0.460612 1
33 86 1 3.40319 1
33 87 1 1.51686 1
33 88 1 3.38676 1
33 89 1 4.76345 1
33 90 1 -3.51342 1
33 91 1 -1.46249 1
33 92 1 1.53512 1
33 93 1 2.44513 1
33 94 1 1.84408 1
33 95 1 0.775508 1
33 20 1 -0.369828 1
33 107 1 -0.817564 1
33 13 1 1.0171 1
33 113 1 -1.9471 1
34 64 1 -0.847523 1
34 65 1 -1.03543 1
34 66 1 3.44749 1
34 67 1 0.379877 1
34 68 1 -0.785077 1
34 69 1 -1.55481 1
34 70 1 -3.08026 1
34 71 1 -2.6037 1
34 72 1 -4.47647 1
34 73 1 -3.55183 1
34 74 1 3.16847 1
34 75 1 7.27004 1
34 76 1 -2.03504 1
34 77 1 -0.0232941 1
34 78 1 -0.911064 1
34 79 1 -0.0082402 1
34 80 1 2.87018 1
34 81 1 -1.28229 1
34 82 1 2.21462 1
34 83 1 1.54566 1
34 84 1 0.302686 1
34 85 1 -1.92502 1
34 86 1 -1.66622 1
34 87 1 -0.849839 1
34 88 1 0.082329 1
34 89 1 0.446373 1
34 90 1 -6.6513 1
34 91 1 3.97775 1
34 92 1 4.50957 1
34 93 1 -1.92582 1
34 94 1 3.5144 1
34 95 1 2.85292 1
34 113 1 -0.881768 1
35 64 1 1.86945 1
35 65 1 -2.34286 1
35 66 1 -0.474117 1
35 67 1 5.85055 1
35 68 1 2.4629 1
35 69 1 2.34257 1
35 70 1 3.00301 1
35 71 1 2.73048 1
35 72 1 1.30503 1
35 73 1 5.99721 1
35 74 1 1.01232 1
35 75 1 -1.67921 1
35 76 1 -3.5351 1
35 77 1 1.61919 1
35 78 1 -1.0391 1
35 79 1 3.99154 1
35 80 1 -7.13159 1
35 81 1 -0.475705 1
35 82 1 3.96937 0
35 83 1 -3.23184 1
35 84 1 6.13214 1
35 85 1 -4.66978 1
35 86 1 -1.28356 1
35 87 1 -3.15812 1
35 88 1 -0.782285 1
35 89 1 2.79017 0
35 90 1 -0.990738 1
35 91 1 -1.20701 1
35 92 1 -3.17744 1
35 93 1 -5.54095 1
35 94 1 0.00927647 1
35 95 1 0.857126 1
35 130 1 1.37326 1
35 133 1 6.0901 1
133 82 1 1.22391 1
130 89 1 0.172705 1
130 109 1 0.0523145 1
36 64 1 2.39313 1
36 65 1 2.67979 1
36 66 1 2.57174 1
36 67 1 -0.618343 1
36 68 1 -6.29212 1
36 69 1 -2.64544 1
36 70 1 -2.95849 1
36 71 1 0.839474 1
36 72 1 -3.32647 1
36 73 1 -0.464433 1
36 74 1 -1.13145 1
36 75 1 0.781299 1
36 76 1 1.38819 1
36 77 1 -5.22424 1
36 78 1 2.60465 1
36 79 1 4.9978 1
36 80 1 4.63202 1
36 81 1 -0.18306 1
36 82 1 -0.550888 0
36 83 1 -0.259517 1
36 84 1 3.65352 1
36 85 1 -3.09915 1
36 86 1 0.75793 1
36 87 1 0.984401 1
36 88 1 -2.2345 1
36 89 1 0.509441 1
36 90 1 -3.03118 1
36 91 1 1.01389 1
36 92 1 5.09931 1
36 93 1 2.19402 1
36 94 1 -1.98943 1
36 95 1 7.66339 1
36 109 1 1.07697 0
36 24 1 -2.87877 1
36 117 1 2.01305 1
117 109 1 2.48264 1
117 4 1 0.852105 1
109 82 1 0.597462 1
109 31 1 2.36916 1
37 64 1 -5.69184 1
37 65 1 1.18033 1
37 66 1 -3.1548 1
37 67 1 -0.265689 1
37 68 1 -4.6818 1
37 69 1 1.47495 1
37 70 1 -6.48109 1
37 71 1 -1.34675 1
37 72 1 1.12229 1
37 73 1 1.13428 1
37 74 1 0.565568 1
37 75 1 -0.0992977 1
37 76 1 2.31371 0
37 77 1 3.21877 1
37 78 1 -0.737496 1
37 79 1 1.62806 1
37 80 1 0.381285 1
37 81 1 2.43726 1
37 82 1 1.90884 1
37 83 1 3.70144 1
37 84 1 -4.36532 1
37 85 1 2.38632 1
37 86 1 -0.947853 1
37 87 1 0.371062 1
37 88 1 -2.37524 1
37 89 1 -3.69135 1
37 90 1 -3.50729 1
37 91 1 1.28017 1
37 92 1 4.0756 1
37 93 1 0.57248 1
37 94 1 -2.14922 1
37 95 1 0.879328 1
37 142 1 0.45364 1
37 160 1 -0.298615 1
142 76 1 -1.19606 1
142 147 1 -0.19101 1
142 6 1 0.0792737 1
38 64 1 1.72472 1
38 65 1 -1.44206 1
38 66 1 -2.08534 1
38 67 1 -3.21799 1
38 68 1 -0.552001 1
38 69 1 -5.9324 1
38 70 1 -0.00728607 1
38 71 1 -0.0779405 1
38 72 1 1.31484 1
38 73 1 2.05297 1
38 74 1 -2.0555 1
38 75 1 4.66785 1
38 76 1 3.13431 1
38 77 1 -2.89074 1
38 78 1 -0.749837 1
38 79 1 -0.261409 1
38 80 1 -1.82277 1
38 81 1 -2.72879 1
38 82 1 4.05226 1
38 83 1 -1.20989 1
38 84 1 -1.55802 1
38 85 1 -2.34483 1
38 86 1 0.103749 1
38 87 1 1.46936 0
38 88 1 3.07612 1
38 89 1 4.6951 1
38 90 1 -1.48718 1
38 91 1 1.97506 1
38 92 1 2.37369 0
38 93 1 0.181339 1
38 94 1 -0.175512 1
38 95 1 -2.79995 1
38 148 1 3.30591 1
38 162 1 -0.314857 1
162 87 1 0.582325 1
148 92 1 2.00001 1
39 64 1 1.80702 1
39 65 1 -2.04687 1
39 66 1 0.149546 1
39 67 1 -1.89904 1
39 68 1 0.665818 1
39 69 1 -1.22085 1
39 70 1 -0.523567 1
39 71 1 -1.06566 1
39 72 1 -3.54772 1
39 73 1 -3.97706 1
39 74 1 0.659175 1
39 75 1 4.34369 0
39 76 1 4.59286 0
39 77 1 0.771572 1
39 78 1 -4.87539 1
39 79 1 -4.29722 1
39 80 1 -1.7833 1
39 81 1 -1.07722 1
39 82 1 -4.16103 1
39 83 1 -3.39185 1
39 84 1 -2.89573 1
39 85 1 0.173566 1
39 86 1 0.276435 1
39 87 1 1.54767 1
39 88 1 -0.902558 1
39 89 1 0.339273 1
39 90 1 4.84704 1
39 91 1 0.87375 1
39 92 1 6.26561 1
39 93 1 1.66007 1
39 94 1 -4.74036 1
39 95 1 -0.589046 1
39 2 1 -3.80356 1
39 112 1 4.22018 1
39 13 1 -0.393602 1
39 104 1 -0.333144 1
39 172 1 2.39033 1
172 76 1 4.7459 1
172 28 1 0.402774 1
112 75 1 -2.79326 1
112 138 1 -1.70051 0
112 153 1 1.37306 0
112 170 1 -0.43487 1
112 113 1 0.393103 1
112 184 1 1.2194 1
184 138 1 -1.61757 1
170 153 1 -2.09289 1
170 126 1 1.93216 1
40 64 1 -4.87865 1
40 65 1 -0.89961 1
40 66 1 3.07366 1
40 67 1 1.27641 1
40 68 1 2.10167 1
40 69 1 2.84056 1
40 70 1 -2.03402 1
40 71 1 1.19155 1
40 72 1 1.5748 1
40 73 1 0.910396 1
40 74 1 -1.72984 1
40 75 1 0.492305 1
40 76 1 -2.86502 1
40 77 1 2.98445 1
40 78 1 2.33364 1
40 79 1 -0.907983 1
40 80 1 3.29573 1
40 81 1 0.599476 1
40 82 1 1.28071 1
40 83 1 -3.61132 1
40 84 1 -2.50676 1
40 85 1 -0.878333 1
40 86 1 2.60886 1
40 87 1 0.0408491 1
40 88 1 1.18977 1
40 89 1 -1.31985 1
40 90 1 -0.332105 1
40 91 1 -0.837292 1
40 92 1 -4.15153 1
40 93 1 0.549665 1
40 94 1 0.148334 1
40 95 1 3.41329 1
40 2 1 0.366914 1
40 134 1 2.1329 1
41 64 1 3.42078 1
41 65 1 -0.26213 1
41 66 1 0.473463 1
41 67 1 1.76256 1
41 68 1 3.11098 1
41 69 1 -1.85847 1
41 70 1 1.45793 1
41 71 1 -0.0643893 1
41 72 1 4.18243 1
41 73 1 -5.9019 1
41 74 1 1.36924 1
41 75 1 3.86188 1
41 76 1 -5.51702 1
41 77 1 1.14242 1
41 78 1 -4.75971 1
41 79 1 1.69519 1
41 80 1 2.48485 1
41 81 1 4.75697 1
41 82 1 -2.85579 1
41 83 1 2.00514 1
41 84 1 -2.42652 1
41 85 1 0.73441 1
41 86 1 0.903194 1
41 87 1 1.17213 1
41 88 1 3.51669 1
41 89 1 0.0343329 1
41 90 1 -0.864301 1
41 91 1 1.24652 1
41 92 1 0.906216 1
41 93 1 -0.170554 1
41 94 1 -3.01526 1
41 95 1 0.507652 1
41 11 1 0.249154 1
41 29 1 -3.17564 1
41 97 1 -1.69103 1
42 64 1 2.35465 1
42 65 1 0.0957498 1
42 66 1 -1.67845 1
42 67 1 2.64488 1
42 68 1 -2.94247 1
42 69 1 -0.0992568 1
42 70 1 -1.30884 1
42 71 1 -0.110342 1
42 72 1 -1.76128 1
42 73 1 -1.65115 1
42 74 1 3.42986 1
42 75 1 -3.05002 1
42 76 1 -4.05325 1
42 77 1 -1.20509 1
42 78 1 -0.146972 1
42 79 1 2.09461 1
42 80 1 -0.602961 1
42 81 1 3.22477 1
42 82 1 3.28104 1
42 83 1 2.84466 1
42 84 1 1.14869 1
42 85 1 -0.626067 1
42 86 1 1.82859 1
42 87 1 -2.91983 1
42 88 1 -2.06566 1
42 89 1 -1.28932 1
42 90 1 2.24188 1
42 91 1 1.74379 1
42 92 1 1.52793 1
42 93 1 1.48734 1
42 94 1 -4.94896 1
42 95 1 -0.138165 1
43 64 1 1.6321 1
43 65 1 -2.22023 1
43 66 1 4.23858 1
43 67 1 1.35289 1
43 68 1 0.644916 1
43 69 1 -2.98979 1
43 70 1 0.388317 1
43 71 1 -5.20721 1
43 72 1 0.30226 1
43 73 1 -8.68059 1
43 74 1 2.53861 1
43 75 1 -3.26079 1
43 76 1 -1.80842 1
43 77 1 0.604633 1
43 78 1 1.80479 1
43 79 1 -4.05965 1
43 80 1 -0.0221365 1
43 81 1 2.78165 1
43 82 1 2.11122 1
43 83 1 -2.28712 1
43 84 1 -2.49652 1
43 85 1 3.11405 1
43 86 1 2.95059 1
43 87 1 5.89809 1
43 88 1 2.04633 1
43 89 1 2.51436 1
43 90 1 -0.842647 1
43 91 1 -3.20911 1
43 92 1 3.59848 1
43 93 1 1.62023 1
43 94 1 -1.27717 1
43 95 1 1.98373 1
44 64 1 0.223396 1
44 65 1 -4.69765 1
44 66 1 -1.05707 1
44 67 1 -2.14621 1
44 68 1 0.120161 1
44 69 1 -2.49723 1
44 70 1 3.3852 1
44 71 1 4.06155 1
44 72 1 -3.63397 1
44 73 1 1.73026 1
44 74 1 -1.85252 1
44 75 1 -3.48182 1
44 76 1 -0.632142 1
44 77 1 2.15184 1
44 78 1 3.81641 1
44 79 1 0.863578 1
44 80 1 5.17886 1
44 81 1 -2.56762 1
44 82 1 2.17386 1
44 83 1 -1.29666 1
44 84 1 1.45237 1
44 85 1 -0.983732 1
44 86 1 2.52151 1
44 87 1 0.103994 1
44 88 1 1.59782 1
44 89 1 0.771713 1
44 90 1 2.85336 1
44 91 1 2.4683 1
44 92 1 -1.91363 1
44 93 1 3.83569 1
44 94 1 -2.52031 1
44 95 1 -3.52708 1
44 8 1 -2.03287 1
44 29 1 1.94239 1
45 64 1 -0.789511 1
45 65 1 0.494105 1
45 66 1 0.14521 1
45 67 1 2.83469 1
45 68 1 0.452245 1
45 69 1 -6.3335 1
45 70 1 -4.09399 1
45 71 1 0.497673 1
45 72 1 -4.24359 1
45 73 1 2.02001 1
45 74 1 4.63124 1
45 75 1 2.38948 1
45 76 1 -2.48379 1
45 77 1 -1.59455 1
45 78 1 -2.24199 1
45 79 1 3.63395 1
45 80 1 -1.89816 1
45 81 1 2.44996 1
45 82 1 0.318899 1
45 83 1 -4.40418 1
45 84 1 -0.330898 1
45 85 1 -2.9354 1
45 86 1 1.64928 1
45 87 1 0.36301 1
45 88 1 2.92559 1
45 89 1 -2.02815 1
45 90 1 -1.07997 1
45 91 1 3.44871 1
45 92 1 -2.94991 1
45 93 1 -7.13913 1
45 94 1 1.63187 1
45 95 1 -5.35775 1
45 9 1 4.87666 1
45 20 1 0.744484 1
45 17 1 -0.842218 1
46 64 1 0.782262 1
46 65 1 -0.235114 1
46 66 1 3.24352 1
46 67 1 2.16097 1
46 68 1 -5.00779 1
46 69 1 -0.0187648 1
46 70 1 2.22998 1
46 71 1 -2.29837 1
46 72 1 3.28047 1
46 73 1 -3.57699 1
46 74 1 -1.55876 1
46 75 1 -0.578458 1
46 76 1 -5.73546 1
46 77 1 5.60657 1
46 78 1 -0.195943 1
46 79 1 -1.73373 1
46 80 1 2.38619 1
46 81 1 1.82598 1
46 82 1 -0.530785 1
46 83 1 3.44864 1
46 84 1 -0.714236 1
46 85 1 3.42886 1
46 86 1 -1.96931 1
46 87 1 6.14273 1
46 88 1 0.88731 1
46 89 1 -4.61757 1
46 90 1 -3.08411 1
46 91 1 0.998948 1
46 92 1 -0.924074 1
46 93 1 -2.10487 1
46 94 1 1.41423 1
46 95 1 -0.3578 1
46 24 1 0.855671 1
47 64 1 0.458414 1
47 65 1 1.03022 1
47 66 1 -0.782746 1
47 67 1 2.90288 1
47 68 1 -0.339734 1
47 69 1 2.52292 1
47 70 1 -2.6179 1
47 71 1 0.792421 1
47 72 1 -0.0301415 1
47 73 1 5.22124 0
47 74 1 -2.02908 1
47 75 1 -1.00737 1
47 76 1 -3.81778 1
47 77 1 -7.37778 1
47 78 1 -3.06646 1
47 79 1 0.433309 1
47 80 1 5.44207 1
47 81 1 -4.59635 1
47 82 1 2.25742 1
47 83 1 -0.394953 1
47 84 1 -3.1937 1
47 85 1 -0.127295 1
47 86 1 -1.8805 1
47 87 1 6.16672 1
47 88 1 4.79664 1
47 89 1 0.946344 1
47 90 1 5.17372 1
47 91 1 1.95121 1
47 92 1 0.954955 1
47 93 1 0.985552 1
47 94 1 2.36386 1
47 95 1 -0.374951 1
47 4 1 0.824195 1
47 137 1 2.67224 1
137 73 1 3.46536 0
137 156 1 -0.86761 1
156 73 1 2.70777 1
156 15 1 -1.29294 1
156 104 1 1.38036 1
48 64 1 -0.454708 1
48 65 1 -0.663421 1
48 66 1 4.82147 1
48 67 1 -3.47653 1
48 68 1 -5.56134 1
48 69 1 -4.82787 1
48 70 1 1.28593 1
48 71 1 2.38675 1
48 72 1 -7.20887 1
48 73 1 4.16119 1
48 74 1 4.89553 1
48 75 1 -5.00588 1
48 76 1 -1.61111 1
48 77 1 -1.90687 1
48 78 1 -0.0345224 1
48 79 1 2.26513 1
48 80 1 -1.32004 1
48 81 1 -3.48647 1
48 82 1 -1.21303 1
48 83 1 -0.390844 1
48 84 1 0.609129 1
48 85 1 0.206789 1
48 86 1 -1.64851 1
48 87 1 -0.038278 1
48 88 1 -1.06192 1
48 89 1 -1.2263 1
48 90 1 2.18882 1
48 91 1 -0.777536 1
48 92 1 -5.86171 1
48 93 1 0.397964 1
48 94 1 6.70107 1
48 95 1 2.67047 1
48 16 1 1.04857 1
48 12 1 0.314286 1
48 14 1 -1.00703 1
48 30 1 1.78325 1
49 64 1 -0.564177 1
49 65 1 -5.41404 1
49 66 1 0.504515 1
49 67 1 -1.9454 1
49 68 1 -4.44609 1
49 69 1 0.648115 1
49 70 1 -0.166336 1
49 71 1 -2.5996 1
49 72 1 -2.69831 1
49 73 1 0.0607604 1
49 74 1 2.71587 1
49 75 1 1.10344 1
49 76 1 -6.37644 1
49 77 1 -4.61531 1
49 78 1 -0.652344 0
49 79 1 2.47909 1
49 80 1 5.55033 1
49 81 1 -3.29776 1
49 82 1 1.44348 1
49 83 1 -0.77654 1
49 84 1 1.56762 1
49 85 1 -1.28497 1
49 86 1 -2.04984 1
49 87 1 -2.37171 1
49 88 1 1.6612 1
49 89 1 2.09986 1
49 90 1 -3.62029 1
49 91 1 2.90855 1
49 92 1 1.61846 1
49 93 1 2.94054 1
49 94 1 0.873261 1
49 95 1 3.90757 1
49 19 1 -1.11687 1
49 31 1 -0.232016 1
49 15 1 -3.38472 1
49 158 1 0.778958 1
49 26 1 0.366079 1
49 144 1 -2.93812 1
158 78 1 -0.757795 1
50 64 1 -3.80913 1
50 65 1 -3.00588 1
50 66 1 1.55495 1
50 67 1 -0.783239 1
50 68 1 2.04044 1
50 69 1 -1.50892 1
50 70 1 0.910028 1
50 71 1 5.78033 1
50 72 1 -3.68553 1
50 73 1 3.07189 1
50 74 1 -0.622286 1
50 75 1 2.28766 1
50 76 1 -1.74522 1
50 77 1 -2.01904 1
50 78 1 1.63618 1
50 79 1 -0.853515 1
50 80 1 2.36714 1
50 81 1 -0.785118 1
50 82 1 -3.05283 1
50 83 1 3.31513 1
50 84 1 0.310478 1
50 85 1 4.84335 1
50 86 1 3.72944 1
50 87 1 -2.47391 1
50 88 1 -1.86387 1
50 89 1 -0.568997 1
50 90 1 0.323802 1
50 91 1 0.61875 1
50 92 1 0.020127 1
50 93 1 -2.99822 1
50 94 1 -1.64683 1
50 95 1 -0.00439988 1
50 4 1 4.48927 1
50 22 1 0.0727176 1
51 64 1 -1.318 1
51 65 1 3.93938 1
51 66 1 3.55856 1
51 67 1 -3.12158 1
51 68 1 -0.39408 1
51 69 1 0.00398487 1
51 70 1 1.04719 1
51 71 1 4.65394 1
51 72 1 -5.85448 1
51 73 1 -2.06065 0
51 74 1 -1.33645 1
51 75 1 5.05574 1
51 76 1 -2.50575 1
51 77 1 3.13854 1
51 78 1 5.47091 1
51 79 1 -0.593519 1
51 80 1 1.02604 1
51 81 1 -2.45734 1
51 82 1 -1.13096 1
51 83 1 5.61211 1
51 84 1 -2.26383 1
51 85 1 0.426664 1
51 86 1 -1.33927 1
51 87 1 2.71429 1
51 88 1 -0.292439 0
51 89 1 -0.597409 1
51 90 1 -1.01964 1
51 91 1 -1.93276 1
51 92 1 2.69519 1
51 93 1 5.49042 1
51 94 1 -5.48469 1
51 95 1 -2.57008 1
51 116 1 1.71077 1
51 12 1 -0.615048 1
51 179 1 0.707314 1
179 88 1 -0.204082 1
116 73 1 0.128687 0
116 134 1 2.50218 1
134 73 1 4.04913 1
134 128 1 2.48741 1
52 64 1 -3.09385 1
52 65 1 4.51431 1
52 66 1 0.760509 1
52 67 1 0.463476 1
52 68 1 1.16279 1
52 69 1 6.0733 1
52 70 1 4.35053 1
52 71 1 -0.905706 1
52 72 1 -0.987603 1
52 73 1 2.46783 1
52 74 1 3.98634 1
52 75 1 1.81716 1
52 76 1 -4.1315 1
52 77 1 0.955166 1
52 78 1 3.45767 1
52 79 1 -3.39574 1
52 80 1 -0.61416 1
52 81 1 -1.15648 1
52 82 1 -1.26225 1
52 83 1 0.00685022 1
52 84 1 -0.693522 1
52 85 1 -0.0331201 1
52 86 1 -6.92034 1
52 87 1 0.110372 1
52 88 1 -0.297394 1
52 89 1 -0.678199 1
52 90 1 -1.14308 1
52 91 1 -0.264773 1
52 92 1 0.448787 1
52 93 1 -3.37049 0
52 94 1 4.47216 1
52 95 1 1.30994 1
52 115 1 -0.286904 1
52 139 1 1.09851 1
52 23 1 -1.15111 1
139 93 1 -0.640063 0
139 181 1 0.99061 1
181 93 1 -0.744587 1
53 64 1 -3.94283 1
53 65 1 0.570737 1
53 66 1 -1.29112 1
53 67 1 -2.54615 1
53 68 1 -0.338806 1
53 69 1 0.552897 1
53 70 1 1.51623 0
53 71 1 0.915712 1
53 72 1 -0.254475 1
53 73 1 0.681801 1
53 74 1 -0.491933 1
53 75 1 -3.27273 1
53 76 1 0.235246 1
53 77 1 1.89694 1
53 78 1 -0.998081 1
53 79 1 0.29875 1
53 80 1 1.35346 1
53 81 1 3.01475 1
53 82 1 2.50873 1
53 83 1 -1.70953 1
53 84 1 1.53778 1
53 85 1 2.03626 1
53 86 1 1.29622 1
53 87 1 -1.4239 1
53 88 1 0.0892511 1
53 89 1 -0.546642 1
53 90 1 -2.8216 1
53 91 1 0.923771 1
53 92 1 2.63922 1
53 93 1 -1.01858 1
53 94 1 -0.41044 1
53 95 1 -2.67116 1
53 20 1 5.22156 1
53 23 1 -0.639151 1
53 149 1 -1.53539 1
149 70 1 -2.22292 0
149 153 1 0.542595 1
149 126 1 -0.8554 1
153 70 1 0.280187 0
153 183 1 0.968828 1
183 70 1 0.219168 1
54 64 1 1.81369 1
54 65 1 0.809364 1
54 66 1 -1.04667 1
54 67 1 0.617559 1
54 68 1 4.95613 1
54 69 1 -3.32664 1
54 70 1 1.00817 1
54 71 1 4.61122 1
54 72 1 1.50397 1
54 73 1 0.338233 1
54 74 1 -0.332322 1
54 75 1 -1.86682 1
54 76 1 -4.65422 1
54 77 1 1.0905 1
54 78 1 -2.36242 1
54 79 1 2.12295 1
54 80 1 1.56294 1
54 81 1 4.56326 1
54 82 1 -1.94735 1
54 83 1 4.91559 1
54 84 1 0.230126 1
54 85 1 -0.145512 1
54 86 1 -4.8549 1
54 87 1 -0.530116 1
54 88 1 1.08493 1
54 89 1 5.59459 1
54 90 1 -3.25369 1
54 91 1 2.13617 1
54 92 1 -2.00543 1
54 93 1 3.78691 1
54 94 1 -4.22748 1
54 95 1 -2.37541 1
54 30 1 -0.881916 1
54 144 1 2.2417 1
55 64 1 0.602199 1
55 65 1 -2.52265 1
55 66 1 -3.05448 1
55 67 1 -2.91047 1
55 68 1 0.62014 1
55 69 1 0.37871 1
55 70 1 3.38871 1
55 71 1 -5.97674 1
55 72 1 1.99666 1
55 73 1 -0.894568 1
55 74 1 3.46653 1
55 75 1 -3.33785 1
55 76 1 -4.59248 1
55 77 1 1.43979 1
55 78 1 1.43926 1
55 79 1 5.12493 1
55 80 1 -1.40546 1
55 81 1 1.69426 1
55 82 1 -2.23802 1
55 83 1 1.45103 1
55 84 1 -0.435289 1
55 85 1 -7.76103 1
55 86 1 0.563886 1
55 87 1 -1.55403 1
55 88 1 -6.2636 1
55 89 1 1.72858 1
55 90 1 -1.54889 1
55 91 1 0.784019 1
55 92 1 9.68613 1
55 93 1 -4.12675 1
55 94 1 -3.29661 1
55 95 1 -1.97401 0
55 28 1 4.92964 1
55 114 1 0.63411 1
55 0 1 -4.02145 1
55 2 1 0.681459 1
114 95 1 -0.429407 1
56 64 1 3.53083 1
56 65 1 -9.83002 1
56 66 1 -0.0155432 1
56 67 1 -0.509487 1
56 68 1 2.54223 0
56 69 1 -1.95728 1
56 70 1 1.33328 1
56 71 1 3.28116 1
56 72 1 -1.97406 1
56 73 1 0.00369639 1
56 74 1 2.78372 1
56 75 1 5.03579 1
56 76 1 -1.78432 1
56 77 1 -2.53706 1
56 78 1 -3.40823 1
56 79 1 -1.29285 1
56 80 1 -0.733395 1
56 81 1 6.8597 1
56 82 1 2.44658 1
56 83 1 -1.40917 1
56 84 1 -1.60953 1
56 85 1 -0.456122 1
56 86 1 2.50398 1
56 87 1 0.240518 1
56 88 1 1.37683 1
56 89 1 2.00862 1
56 90 1 -0.70208 1
56 91 1 -1.21322 1
56 92 1 1.0456 1
56 93 1 2.83199 1
56 94 1 -1.37948 1
56 95 1 -1.57705 1
56 3 1 -3.28612 1
56 126 1 4.78132 1
56 0 1 -0.951166 1
126 68 1 3.17975 1
126 11 1 -2.89485 1
57 64 1 -4.02979 1
57 65 1 5.95256 1
57 66 1 -1.51669 1
57 67 1 -2.96627 1
57 68 1 -0.278037 1
57 69 1 -0.93397 0
57 70 1 0.521662 1
57 71 1 3.19216 1
57 72 1 2.76691 1
57 73 1 -2.52872 1
57 74 1 1.52591 1
57 75 1 6.19439 1
57 76 1 4.60898 1
57 77 1 -5.63319 1
57 78 1 2.04532 1
57 79 1 -2.33298 1
57 80 1 2.8285 1
57 81 1 4.31715 1
57 82 1 3.91755 1
57 83 1 -2.07048 1
57 84 1 0.788282 1
57 85 1 -3.2711 1
57 86 1 -1.56894 1
57 87 1 0.0167241 1
57 88 1 2.1504 1
57 89 1 0.431987 1
57 90 1 0.237248 1
57 91 1 -3.09058 1
57 92 1 -2.75541 1
57 93 1 -2.24617 1
57 94 1 -1.74638 1
57 95 1 2.52701 1
57 104 1 5.64649 1
57 22 1 0.627571 1
104 69 1 1.94368 1
104 1 1 2.1631 1
104 107 1 0.103288 1
58 64 1 6.53351 1
58 65 1 -3.14778 1
58 66 1 -1.70416 1
58 67 1 -0.539476 1
58 68 1 -3.99882 1
58 69 1 -1.41662 1
58 70 1 0.10911 1
58 71 1 2.48275 1
58 72 1 0.82512 1
58 73 1 -2.85688 1
58 74 1 1.43095 1
58 75 1 1.58831 1
58 76 1 0.667157 1
58 77 1 2.3411 1
58 78 1 -3.58288 1
58 79 1 -1.19508 0
58 80 1 -3.76467 1
58 81 1 3.37827 1
58 82 1 0.556314 1
58 83 1 0.878465 1
58 84 1 -2.63937 1
58 85 1 1.13273 1
58 86 1 1.10686 1
58 87 1 -3.69042 1
58 88 1 -6.12427 1
58 89 1 -2.10962 1
58 90 1 0.0994707 1
58 91 1 -2.53516 1
58 92 1 1.77786 0
58 93 1 1.34232 1
58 94 1 -1.51705 1
58 95 1 3.9154 1
58 128 1 1.57729 1
58 115 1 -1.08538 1
58 174 1 1.60729 1
174 92 1 1.42899 1
128 79 1 -0.0403197 0
128 131 1 1.51957 1
131 79 1 1.78653 0
131 160 1 1.26943 1
160 79 1 4.40246 0
160 125 1 1.01858 1
160 173 1 -0.200906 1
173 79 1 2.83434 1
59 64 1 -4.40836 1
59 65 1 2.22331 1
59 66 1 5.0218 1
59 67 1 -3.70738 1
59 68 1 2.81318 1
59 69 1 -3.63622 1
59 70 1 -2.49767 1
59 71 1 0.254499 1
59 72 1 -0.753637 1
59 73 1 -0.997923 1
59 74 1 1.89142 1
59 75 1 0.319172 1
59 76 1 2.90169 1
59 77 1 -0.148535 0
59 78 1 2.6507 1
59 79 1 -2.41561 1
59 80 1 1.52418 1
59 81 1 1.46504 1
59 82 1 -4.70118 1
59 83 1 5.08147 1
59 84 1 -0.29477 1
59 85 1 -5.1903 1
59 86 1 -5.86989 1
59 87 1 2.34847 1
59 88 1 4.47802 1
59 89 1 1.17444 1
59 90 1 0.245017 1
59 91 1 -1.48934 1
59 92 1 1.87934 1
59 93 1 3.09992 1
59 94 1 -5.5246 1
59 95 1 2.22274 1
59 97 1 -0.981256 1
59 5 1 -6.03153 1
59 11 1 -3.0895 1
59 13 1 1.49026 1
97 77 1 -5.7528 1
97 22 1 1.11598 1
97 2 1 -6.43437 0
97 99 1 1.92839 1
97 7 1 3.16382 0
97 102 1 3.43617 1
97 17 1 2.10957 1
102 7 1 5.49955 1
99 2 1 -0.0630843 0
99 108 1 6.22878 1
99 15 1 4.67882 1
108 2 1 0.362726 0
108 125 1 7.15149 1
108 0 1 -1.44713 1
125 2 1 2.72974 1
125 1 1 0.931963 1
60 64 1 0.00784431 1
60 65 1 -0.83002 1
60 66 1 1.83117 1
60 67 1 -1.12368 1
60 68 1 1.01806 1
60 69 1 2.55211 1
60 70 1 -2.92773 1
60 71 1 0.897309 1
60 72 1 0.0240166 0
60 73 1 1.68064 1
60 74 1 1.63463 1
60 75 1 0.546425 1
60 76 1 -0.76486 1
60 77 1 5.62866 1
60 78 1 -3.03481 1
60 79 1 -0.136815 1
60 80 1 -5.89893 1
60 81 1 -2.07308 1
60 82 1 -0.8812 1
60 83 1 1.67085 1
60 84 1 -4.54152 1
60 85 1 2.31211 1
60 86 1 2.64799 1
60 87 1 -0.498441 1
60 88 1 -4.46689 1
60 89 1 0.188298 1
60 90 1 -0.395592 1
60 91 1 0.377749 1
60 92 1 -0.128662 1
60 93 1 -0.957142 1
60 94 1 -1.11284 1
60 95 1 0.359061 1
60 24 1 -0.924887 1
60 0 1 4.50174 1
60 115 1 1.57631 1
60 3 1 -1.67992 1
60 20 1 -0.712202 1
115 72 1 -1.74221 1
115 18 1 1.20181 1
115 14 1 1.99346 1
115 19 1 -0.932894 1
61 64 1 0.417239 1
61 65 1 0.368593 1
61 66 1 1.52315 1
61 67 1 -0.518769 1
61 68 1 -5.13032 1
61 69 1 3.32581 1
61 70 1 2.1013 1
61 71 1 1.54153 1
61 72 1 0.675833 1
61 73 1 0.369618 1
61 74 1 4.43452 1
61 75 1 5.4654 1
61 76 1 2.3953 1
61 77 1 -2.4933 0
61 78 1 -4.38246 1
61 79 1 1.56608 1
61 80 1 -2.5117 1
61 81 1 -0.345685 1
61 82 1 -0.733893 1
61 83 1 0.246134 1
61 84 1 -3.99017 1
61 85 1 -1.48891 1
61 86 1 -0.332845 1
61 87 1 3.02139 1
61 88 1 -1.97502 1
61 89 1 1.38886 1
61 90 1 -2.77465 1
61 91 1 1.53792 1
61 92 1 -0.246973 1
61 93 1 0.489056 1
61 94 1 0.813017 1
61 95 1 -0.977443 1
61 107 1 0.209684 1
61 113 1 -1.24932 1
61 14 1 -1.56843 1
107 77 1 -5.41614 0
107 113 1 -1.02289 1
107 14 1 -2.2141 1
107 20 1 1.30839 1
113 77 1 -1.26465 0
113 23 1 -1.00185 1
113 147 1 -0.0225429 1
113 159 1 1.83535 1
159 77 1 -2.97905 0
159 161 1 0.0951159 1
161 77 1 -1.46696 1
62 64 1 -0.971136 1
62 65 1 -3.80586 1
62 66 1 2.19471 1
62 67 1 -2.0813 1
62 68 1 1.74333 1
62 69 1 -1.73083 1
62 70 1 -0.40378 1
62 71 1 -5.07504 1
62 72 1 3.8084 1
62 73 1 2.62643 1
62 74 1 2.83523 1
62 75 1 -1.53876 1
62 76 1 1.95521 1
62 77 1 -3.38548 1
62 78 1 -1.53909 1
62 79 1 -2.55829 1
62 80 1 0.747655 1
62 81 1 0.968343 1
62 82 1 -1.11831 1
62 83 1 4.12884 1
62 84 1 -1.59672 0
62 85 1 -0.417144 1
62 86 1 3.33109 1
62 87 1 -0.226591 1
62 88 1 0.710278 1
62 89 1 -2.95752 1
62 90 1 -7.94559 1
62 91 1 0.531212 1
62 92 1 -0.698959 1
62 93 1 -1.16448 1
62 94 1 -0.985574 1
62 95 1 -1.58016 1
62 5 1 0.875749 1
62 138 1 2.13298 0
62 152 1 1.27437 1
62 31 1 -0.291494 1
152 138 1 1.68082 1
138 84 1 -1.17623 1
63 64 1 2.66678 1
63 65 1 -1.12812 1
63 66 1 5.1532 1
63 67 1 -3.62454 1
63 68 1 1.44498 1
63 69 1 -4.18728 1
63 70 1 -2.79654 1
63 71 1 2.21499 1
63 72 1 -0.235682 1
63 73 1 2.80356 1
63 74 1 -8.17076 1
63 75 1 -0.418524 1
63 76 1 -0.571914 0
63 77 1 -0.0481462 1
63 78 1 -0.911392 1
63 79 1 -0.579654 1
63 80 1 2.57996 1
63 81 1 -3.19581 1
63 82 1 2.04933 1
63 83 1 -4.39258 1
63 84 1 -2.23975 1
63 85 1 -5.80963 1
63 86 1 6.27958 1
63 87 1 -3.18209 0
63 88 1 -1.1697 1
63 89 1 -2.72746 1
63 90 1 -0.135212 1
63 91 1 -2.01183 1
63 92 1 0.995975 1
63 93 1 0.700412 1
63 94 1 0.19375 1
63 95 1 -1.6927 1
63 141 1 6.08545 1
63 144 1 0.537925 1
144 76 1 -0.311494 0
144 147 1 2.38053 1
147 76 1 -2.33106 1
147 9 1 -2.88005 1
141 87 1 -5.42496 1
141 10 1 1.48096 1
