186 64 32
2.63782 -1.84338 -3.74795 4.85768 -5.98983 4.66516 -0.243876 4.13335 -0.932313 5.69503 2.37182 5.88249 -3.5208 -4.57152 -2.55557 -2.8034 1.9897 0.0922532 0.725637 -1.21714 -0.108125 0.272552 0.327967 0.52008 -6.47739 -0.117039 3.56448 1.9253 -4.12009 -3.72205 -3.65746 -0.323138 -1.75018 0.415195 0.624894 2.96968 -4.16895 0.0939873 -0.992809 -0.970746 -2.16687 1.67747 -2.9578 -4.01604 -5.90135 -4.2837 -4.174 1.89142 0.277386 3.86078 0.359513 -5.38015 -4.86154 -0.322363 -0.0566091 2.71606 -2.67338 2.93173 0.754853 -1.6567 2.31047 -4.10769 -3.32345 -2.76596 -5.11592 -3.24596 4.49016 2.5006 -3.64367 2.41542 -2.33759 -5.33259 -4.36756 -3.38293 2.41686 4.59185 -0.479738 -2.20808 -1.02205 -5.37178 0.993815 -0.0591453 -4.85859 1.13344 3.28793 1.93407 -3.33818 -0.458349 4.53887 1.4738 -2.31569 1.84059 -1.5967 -0.543977 0.588728 -0.823597 -1.45981 -2.46457 -2.11958 -2.15126 2.08882 -2.2315 -5.12231 -1.77509 -5.4254 1.82433 -1.85884 -3.91938 -2.02819 -1.57704 -1.78184 2.39443 1.71161 -5.53644 1.23653 -1.14216 -2.089 -0.0377107 -0.0582144 -0.671855 5.15171 -2.23634 -1.17401 -0.431719 1.0963 4.91097 -0.398281 1.11791 1.08257 3.10263 0.212915 -0.604909 -1.82966 0.596714 -2.61256 -0.763979 -0.738776 0.52869 -4.09 -1.9951 2.86571 -2.78364 -1.74799 -3.68183 0.912186 2.57618 0.00552688 -2.55215 0.500774 -3.41527 -1.72952 -0.0398575 0.93242 -0.84615 0.640734 -0.916273 0.000576032 2.48842 0.331117 0.546847 1.43482 0.558453 -0.0802283 0.762618 0.819334 -0.39322 1.63347 -0.614432 0.327211 1.26986 -0.223003 0.404095 1.59017 -0.360684 -0.398398 -0.751623 0.187541 -0.0190793 0.358602 0.189837 0.822948 -0.192977 0.0969171 -0.087218 -0.408144 0.155988 
0 64 1 -4.20631 1
0 65 1 1.90351 1
0 66 1 2.93676 1
0 67 1 -0.411826 1
0 68 1 -2.58181 1
0 69 1 1.72364 1
0 70 1 3.25083 1
0 71 1 1.07931 1
0 72 1 1.09408 1
0 73 1 -0.617756 1
0 74 1 -1.40364 1
0 75 1 2.6008 1
0 76 1 2.60799 1
0 77 1 2.48898 1
0 78 1 -0.760413 1
0 79 1 -0.542159 1
0 80 1 2.89156 1
0 81 1 3.55568 1
0 82 1 6.09181 1
0 83 1 0.866832 1
0 84 1 -2.02377 1
0 85 1 5.25239 1
0 86 1 -2.10817 1
0 87 1 -3.91073 1
0 88 1 3.30037 1
0 89 1 3.98497 1
0 90 1 4.05388 1
0 91 1 5.52694 1
0 92 1 -4.21345 1
0 93 1 -1.98826 1
0 94 1 1.52819 1
0 95 1 0.0506908 1
0 10 1 -3.18807 1
1 64 1 0.0911525 1
1 65 1 -4.98771 1
1 66 1 2.38723 1
1 67 1 -5.25351 1
1 68 1 5.16737 1
1 69 1 -2.04597 1
1 70 1 3.50241 1
1 71 1 -0.29285 1
1 72 1 -3.17633 1
1 73 1 -1.2261 1
1 74 1 -2.35405 1
1 75 1 4.47021 1
1 76 1 -2.33935 1
1 77 1 6.97617 1
1 78 1 -0.968968 1
1 79 1 -2.26694 1
1 80 1 -1.93477 1
1 81 1 1.1615 1
1 82 1 -0.531897 1
1 83 1 -5.95654 1
1 84 1 -5.54044 1
1 85 1 -2.05239 1
1 86 1 3.15763 1
1 87 1 -0.685437 1
1 88 1 -0.953154 1
1 89 1 4.07793 1
1 90 1 -1.26753 1
1 91 1 -1.5277 1
1 92 1 0.490009 1
1 93 1 0.419756 1
1 94 1 -0.87112 1
1 95 1 -6.94205 1
1 27 1 -0.0728501 1
2 64 1 0.095361 1
2 65 1 -1.93147 1
2 66 1 -5.56346 1
2 67 1 -2.3437 1
2 68 1 -1.78034 1
2 69 1 -0.33394 1
2 70 1 -0.484596 1
2 71 1 2.2735 1
2 72 1 -0.892796 1
2 73 1 -1.75505 1
2 74 1 -3.81924 1
2 75 1 1.27558 1
2 76 1 -3.12495 1
2 77 1 -1.66694 1
2 78 1 0.601009 1
2 79 1 -3.89602 1
2 80 1 -6.15053 1
2 81 1 -5.17346 1
2 82 1 1.20232 1
2 83 1 -4.05718 1
2 84 1 -0.64608 1
2 85 1 3.63514 1
2 86 1 -1.213 1
2 87 1 -0.85217 1
2 88 1 -1.49345 1
2 89 1 -4.70553 1
2 90 1 -4.1611 1
2 91 1 -2.60819 1
2 92 1 2.01731 0
2 93 1 -2.40479 1
2 94 1 2.93518 1
2 95 1 -1.99891 1
2 100 1 0.475222 1
2 6 1 4.04524 1
2 110 1 -0.306085 1
2 180 1 0.89391 1
180 92 1 2.89654 1
3 64 1 -2.0822 1
3 65 1 -1.8073 1
3 66 1 0.799915 1
3 67 1 0.114588 1
3 68 1 6.07958 1
3 69 1 -2.28917 1
3 70 1 -3.48633 1
3 71 1 -0.274076 1
3 72 1 8.32984 1
3 73 1 -0.384252 1
3 74 1 -0.0145971 1
3 75 1 3.41088 1
3 76 1 -0.95396 1
3 77 1 0.17172 1
3 78 1 -1.35742 1
3 79 1 0.573873 1
3 80 1 -3.85604 1
3 81 1 0.86781 1
3 82 1 5.21904 1
3 83 1 3.68218 1
3 84 1 0.486355 1
3 85 1 -4.48118 1
3 86 1 1.24483 1
3 87 1 4.36118 1
3 88 1 -2.53675 1
3 89 1 3.96777 1
3 90 1 -0.171558 1
3 91 1 3.25599 1
3 92 1 2.21352 1
3 93 1 -2.81853 1
3 94 1 -1.86468 1
3 95 1 3.52258 0
3 110 1 3.24148 1
110 95 1 -1.44628 0
110 111 1 -1.39759 0
110 132 1 2.21378 1
110 152 1 0.724034 1
110 126 1 -0.0458462 1
110 20 1 0.0327382 1
110 16 1 0.829596 1
132 111 1 1.24682 1
111 95 1 0.960721 1
4 64 1 2.56336 1
4 65 1 -1.09171 1
4 66 1 -0.403026 1
4 67 1 4.82882 1
4 68 1 0.561269 1
4 69 1 3.22339 1
4 70 1 -0.266633 1
4 71 1 -0.18452 1
4 72 1 -1.39434 1
4 73 1 -2.38128 0
4 74 1 -0.365847 1
4 75 1 -7.04799 0
4 76 1 1.30504 1
4 77 1 3.46772 1
4 78 1 0.302377 1
4 79 1 0.596449 1
4 80 1 -6.59106 1
4 81 1 2.15379 1
4 82 1 -0.259781 1
4 83 1 -1.43144 1
4 84 1 -2.09 1
4 85 1 1.50316 1
4 86 1 1.97108 1
4 87 1 -3.21486 1
4 88 1 -2.26456 1
4 89 1 -2.54988 1
4 90 1 4.09826 1
4 91 1 -2.22904 1
4 92 1 -2.15273 1
4 93 1 1.3198 0
4 94 1 -3.07862 1
4 95 1 2.65881 1
4 101 1 3.08474 1
4 17 1 5.33761 1
4 118 1 1.965 1
4 145 1 1.09682 1
4 119 1 -0.922483 1
145 93 1 0.552893 1
118 73 1 -6.20139 1
101 75 1 2.16496 1
5 64 1 -2.37343 1
5 65 1 6.73748 1
5 66 1 -2.7419 1
5 67 1 9.81874 1
5 68 1 2.63777 1
5 69 1 3.61494 1
5 70 1 1.262 1
5 71 1 -1.1066 1
5 72 1 0.169294 1
5 73 1 -1.7498 1
5 74 1 -1.79219 1
5 75 1 3.59696 1
5 76 1 2.65373 1
5 77 1 0.989905 1
5 78 1 -0.646269 1
5 79 1 1.05683 1
5 80 1 1.67118 1
5 81 1 -0.804888 1
5 82 1 -0.200193 1
5 83 1 4.89471 1
5 84 1 3.58865 1
5 85 1 3.00501 1
5 86 1 0.433191 1
5 87 1 0.479776 1
5 88 1 0.544003 1
5 89 1 -4.58475 1
5 90 1 -2.02466 1
5 91 1 -1.16707 1
5 92 1 -2.24303 1
5 93 1 0.335496 1
5 94 1 -2.09068 1
5 95 1 -0.259603 1
5 28 1 4.23362 1
6 64 1 -0.837397 1
6 65 1 -1.62206 1
6 66 1 1.81339 1
6 67 1 2.81744 1
6 68 1 -2.73594 1
6 69 1 -2.84541 1
6 70 1 -5.09249 1
6 71 1 0.546063 1
6 72 1 3.03055 1
6 73 1 -3.44942 1
6 74 1 -4.14782 1
6 75 1 3.01765 1
6 76 1 5.52869 1
6 77 1 -3.19592 1
6 78 1 0.702312 1
6 79 1 -3.7859 1
6 80 1 3.88696 1
6 81 1 -1.47359 1
6 82 1 1.18287 1
6 83 1 3.24081 1
6 84 1 2.10188 1
6 85 1 -5.2843 1
6 86 1 -0.499741 1
6 87 1 6.1565 1
6 88 1 -1.99998 1
6 89 1 -1.83995 1
6 90 1 3.75164 1
6 91 1 0.379134 1
6 92 1 5.76462 1
6 93 1 -4.25733 1
6 94 1 -2.56484 1
6 95 1 3.89067 1
6 26 1 0.529608 1
7 64 1 1.60124 1
7 65 1 1.33829 1
7 66 1 1.07107 1
7 67 1 -5.16102 1
7 68 1 -2.87532 1
7 69 1 -3.25511 1
7 70 1 5.69469 1
7 71 1 4.52296 1
7 72 1 3.68661 1
7 73 1 -1.45761 1
7 74 1 -1.49829 1
7 75 1 0.125847 0
7 76 1 1.50869 1
7 77 1 2.94208 1
7 78 1 3.04753 1
7 79 1 1.51816 1
7 80 1 -0.924931 1
7 81 1 2.59558 1
7 82 1 -5.47623 0
7 83 1 0.768003 0
7 84 1 -3.1579 1
7 85 1 4.31195 1
7 86 1 -0.00150759 1
7 87 1 4.38521 1
7 88 1 -2.17193 1
7 89 1 -2.22526 1
7 90 1 2.37823 1
7 91 1 -2.82184 1
7 92 1 0.564532 1
7 93 1 -1.13062 1
7 94 1 0.155023 1
7 95 1 1.8791 1
7 100 1 0.0759129 1
7 127 1 3.96818 1
7 164 1 0.947794 1
164 75 1 0.585047 1
127 82 1 -5.20571 0
127 169 1 0.749441 1
127 150 1 1.45724 1
169 82 1 -4.57048 1
100 83 1 3.97157 0
100 24 1 -0.494196 0
100 106 1 3.28982 1
100 166 1 -0.449405 1
166 83 1 3.42558 1
106 24 1 -7.913 1
106 6 1 -2.84743 1
8 64 1 1.29541 1
8 65 1 -2.30856 1
8 66 1 -0.575502 1
8 67 1 -1.08157 1
8 68 1 -2.7534 1
8 69 1 4.15317 1
8 70 1 1.66358 1
8 71 1 3.842 1
8 72 1 3.80552 1
8 73 1 -3.26586 1
8 74 1 -3.10116 1
8 75 1 -2.65846 1
8 76 1 2.78708 1
8 77 1 3.60998 1
8 78 1 1.10778 1
8 79 1 -3.15819 1
8 80 1 1.03806 1
8 81 1 -2.13647 1
8 82 1 -2.25921 1
8 83 1 -3.54663 1
8 84 1 2.56815 1
8 85 1 8.47168 1
8 86 1 5.99247 1
8 87 1 3.03271 1
8 88 1 1.13811 1
8 89 1 4.90732 1
8 90 1 1.39404 1
8 91 1 -1.40676 1
8 92 1 2.53537 1
8 93 1 4.62546 1
8 94 1 5.60783 1
8 95 1 -1.50064 1
8 17 1 0.0698777 1
9 64 1 -3.90097 1
9 65 1 -2.38772 1
9 66 1 2.09086 1
9 67 1 0.946859 1
9 68 1 -0.892118 1
9 69 1 -0.445849 1
9 70 1 -8.29346 1
9 71 1 -2.64985 1
9 72 1 3.43193 1
9 73 1 -1.5914 1
9 74 1 -0.830593 1
9 75 1 1.54336 1
9 76 1 4.30552 1
9 77 1 1.28106 1
9 78 1 1.63058 1
9 79 1 2.47637 0
9 80 1 -0.897891 1
9 81 1 1.59233 1
9 82 1 -2.43839 1
9 83 1 -2.97882 1
9 84 1 4.60324 1
9 85 1 0.646779 1
9 86 1 0.378581 1
9 87 1 -0.797547 1
9 88 1 3.47432 1
9 89 1 4.43926 1
9 90 1 0.36948 1
9 91 1 -0.00912832 1
9 92 1 -1.60463 1
9 93 1 -0.671371 1
9 94 1 -4.81911 1
9 95 1 0.493814 1
9 103 1 -2.91231 1
9 130 1 0.256481 1
9 157 1 0.05242 1
157 79 1 1.17422 1
157 22 1 -0.470714 1
10 64 1 1.6854 1
10 65 1 0.328206 1
10 66 1 3.17681 1
10 67 1 -2.42789 1
10 68 1 2.89009 1
10 69 1 -1.65326 1
10 70 1 -0.489898 1
10 71 1 0.618073 1
10 72 1 5.98763 1
10 73 1 4.23572 1
10 74 1 -0.132106 0
10 75 1 1.47781 1
10 76 1 4.17537 1
10 77 1 -0.0144234 1
10 78 1 0.747449 1
10 79 1 -3.96036 1
10 80 1 -2.38515 1
10 81 1 5.07376 1
10 82 1 2.75501 1
10 83 1 1.46441 1
10 84 1 6.72995 1
10 85 1 2.48646 1
10 86 1 -2.71165 1
10 87 1 -2.69179 1
10 88 1 3.12251 1
10 89 1 1.16534 1
10 90 1 -0.849674 1
10 91 1 2.56993 1
10 92 1 -0.74102 1
10 93 1 0.17081 1
10 94 1 4.33891 1
10 95 1 4.40807 0
10 124 1 3.25056 1
10 165 1 0.0228474 1
165 95 1 4.89662 1
165 133 1 1.18051 1
124 74 1 -0.521831 1
124 12 1 2.81744 0
124 171 1 0.585594 1
171 12 1 1.74457 1
11 64 1 3.30679 1
11 65 1 2.25683 1
11 66 1 4.23739 1
11 67 1 -3.19632 1
11 68 1 2.05003 1
11 69 1 1.61004 1
11 70 1 3.00325 1
11 71 1 0.50592 1
11 72 1 -8.06607 1
11 73 1 1.17865 1
11 74 1 0.415255 0
11 75 1 -1.99177 1
11 76 1 -1.97592 1
11 77 1 0.295682 1
11 78 1 -0.973928 1
11 79 1 0.302002 1
11 80 1 -1.47033 1
11 81 1 2.32623 1
11 82 1 5.24387 0
11 83 1 4.49054 1
11 84 1 1.3326 1
11 85 1 -0.807585 1
11 86 1 -4.27417 1
11 87 1 -0.762889 1
11 88 1 -6.29397 1
11 89 1 1.03959 1
11 90 1 0.947244 1
11 91 1 -2.21885 1
11 92 1 -1.84172 1
11 93 1 2.95019 1
11 94 1 -3.6149 1
11 95 1 -6.16044 1
11 120 1 -6.61383 1
11 109 1 -1.29568 1
11 154 1 2.30714 1
11 8 1 -1.52864 1
11 112 1 3.01745 1
154 82 1 4.70553 1
120 74 1 -2.77121 1
120 13 1 0.403742 0
120 150 1 3.61832 1
150 13 1 2.98441 0
150 163 1 2.8527 1
163 13 1 2.26218 1
12 64 1 -1.35128 1
12 65 1 -2.25269 0
12 66 1 0.0332374 1
12 67 1 -3.60392 1
12 68 1 0.982463 1
12 69 1 2.67691 1
12 70 1 1.01282 1
12 71 1 -1.80369 1
12 72 1 3.53859 1
12 73 1 -2.71837 1
12 74 1 -2.60656 1
12 75 1 -0.195546 1
12 76 1 -2.01002 1
12 77 1 1.79677 1
12 78 1 -1.66991 1
12 79 1 -3.08671 1
12 80 1 -2.84561 1
12 81 1 -1.89834 1
12 82 1 4.71653 1
12 83 1 0.822935 1
12 84 1 2.67763 1
12 85 1 0.255803 1
12 86 1 -3.99453 1
12 87 1 -3.30611 1
12 88 1 -1.43876 1
12 89 1 1.69246 1
12 90 1 -1.05003 1
12 91 1 -3.02246 1
12 92 1 2.62685 1
12 93 1 -2.5674 1
12 94 1 2.80651 1
12 95 1 -3.00633 1
12 17 1 1.13279 1
12 18 1 0.780529 1
12 144 1 -2.16316 1
12 167 1 1.8533 1
12 11 1 -0.555923 1
167 65 1 -2.34052 1
167 12 1 0.370517 1
13 64 1 -0.486873 1
13 65 1 -2.66356 1
13 66 1 -1.88961 1
13 67 1 0.365476 1
13 68 1 3.45065 1
13 69 1 -2.66888 1
13 70 1 0.171303 1
13 71 1 0.561563 1
13 72 1 0.77146 1
13 73 1 -0.757242 1
13 74 1 -0.877179 1
13 75 1 -1.76773 1
13 76 1 -0.801886 1
13 77 1 -2.53518 1
13 78 1 3.69689 1
13 79 1 3.75286 1
13 80 1 -0.507545 1
13 81 1 1.8818 1
13 82 1 2.91402 1
13 83 1 4.83695 1
13 84 1 -4.97175 1
13 85 1 6.63074 1
13 86 1 5.3542 1
13 87 1 5.59923 1
13 88 1 3.39606 1
13 89 1 -0.00949017 1
13 90 1 -4.38319 1
13 91 1 -5.58682 1
13 92 1 -3.34176 1
13 93 1 -2.45088 1
13 94 1 0.0662986 1
13 95 1 -3.20372 1
14 64 1 -0.268499 1
14 65 1 5.81006 1
14 66 1 0.238106 1
14 67 1 2.23474 1
14 68 1 -0.57074 1
14 69 1 1.73055 1
14 70 1 -0.454077 1
14 71 1 0.640937 1
14 72 1 5.20636 1
14 73 1 2.44537 1
14 74 1 0.090491 1
14 75 1 3.00628 1
14 76 1 -4.39832 1
14 77 1 0.762427 1
14 78 1 -2.11783 1
14 79 1 -1.05644 1
14 80 1 -0.237682 1
14 81 1 1.46765 0
14 82 1 3.87751 1
14 83 1 -0.910974 1
14 84 1 -0.813015 1
14 85 1 -2.31831 1
14 86 1 2.1276 1
14 87 1 -1.0679 1
14 88 1 -2.79236 1
14 89 1 1.10293 1
14 90 1 -0.0658103 1
14 91 1 3.93327 1
14 92 1 4.59287 1
14 93 1 1.92038 1
14 94 1 5.88168 1
14 95 1 1.25035 1
14 104 1 0.374874 1
14 119 1 1.40945 1
14 126 1 1.22512 1
119 81 1 5.36072 1
119 99 1 0.497697 1
15 64 1 0.0611152 1
15 65 1 3.28464 1
15 66 1 -2.51868 1
15 67 1 -1.92793 1
15 68 1 1.24666 1
15 69 1 -3.4046 1
15 70 1 7.13105 1
15 71 1 -2.29189 1
15 72 1 -2.64298 1
15 73 1 1.18804 1
15 74 1 1.49972 1
15 75 1 -0.771888 1
15 76 1 0.151123 1
15 77 1 0.881744 1
15 78 1 -2.91855 1
15 79 1 0.859496 1
15 80 1 3.86443 1
15 81 1 -0.0268968 1
15 82 1 -4.41944 1
15 83 1 0.373659 1
15 84 1 1.52516 1
15 85 1 -2.30811 1
15 86 1 1.85099 1
15 87 1 -7.47878 1
15 88 1 1.34481 1
15 89 1 4.17556 1
15 90 1 -0.134406 1
15 91 1 -3.58235 1
15 92 1 1.41458 1
15 93 1 -0.790049 1
15 94 1 -0.00438571 1
15 95 1 -2.2534 1
15 20 1 -2.36127 1
16 64 1 4.20315 1
16 65 1 -2.03081 1
16 66 1 -1.09329 1
16 67 1 -4.53365 1
16 68 1 1.12513 1
16 69 1 0.308483 1
16 70 1 2.88541 1
16 71 1 5.45351 1
16 72 1 -0.739615 1
16 73 1 -1.57408 1
16 74 1 -0.170593 1
16 75 1 1.37495 1
16 76 1 2.95609 1
16 77 1 1.67099 1
16 78 1 -1.90487 1
16 79 1 -1.65064 0
16 80 1 2.39876 1
16 81 1 3.08408 1
16 82 1 -4.11689 1
16 83 1 1.4635 1
16 84 1 -1.23995 1
16 85 1 -0.111162 1
16 86 1 2.08957 1
16 87 1 -0.522932 1
16 88 1 1.63771 1
16 89 1 1.08507 1
16 90 1 -4.16378 1
16 91 1 3.10778 1
16 92 1 3.29373 1
16 93 1 -2.53762 1
16 94 1 -0.411295 1
16 95 1 -3.66184 1
16 26 1 -1.34959 1
16 151 1 2.66747 1
16 144 1 -0.472895 1
151 79 1 0.0260823 1
17 64 1 -1.35584 1
17 65 1 0.499272 1
17 66 1 -0.975075 1
17 67 1 3.36347 1
17 68 1 0.252804 1
17 69 1 0.690915 1
17 70 1 0.954583 1
17 71 1 5.53076 1
17 72 1 -5.76208 0
17 73 1 1.47482 1
17 74 1 2.99115 1
17 75 1 -1.9912 1
17 76 1 -1.59799 1
17 77 1 2.10074 1
17 78 1 -1.70975 1
17 79 1 -3.8382 1
17 80 1 5.20054 1
17 81 1 2.28263 1
17 82 1 1.11419 1
17 83 1 -1.72331 1
17 84 1 -0.653298 1
17 85 1 3.47934 1
17 86 1 -0.7111 1
17 87 1 -3.46599 1
17 88 1 -6.70679 1
17 89 1 1.10412 1
17 90 1 -3.27272 1
17 91 1 3.74092 1
17 92 1 0.498573 1
17 93 1 1.79444 1
17 94 1 2.32829 1
17 95 1 0.967504 1
17 146 1 3.51413 1
146 72 1 -4.97166 0
146 30 1 -0.661635 1
146 177 1 -0.142163 1
177 72 1 -4.21301 1
18 64 1 1.68584 1
18 65 1 -4.07516 1
18 66 1 2.58974 1
18 67 1 2.77512 1
18 68 1 -3.42987 1
18 69 1 -0.650013 0
18 70 1 4.5478 1
18 71 1 -1.99158 1
18 72 1 0.79239 1
18 73 1 -1.3191 1
18 74 1 1.81903 1
18 75 1 -2.32758 1
18 76 1 2.86058 1
18 77 1 -0.592603 1
18 78 1 1.24142 1
18 79 1 2.88568 1
18 80 1 -6.28148 1
18 81 1 4.6996 1
18 82 1 -3.33629 1
18 83 1 3.78041 1
18 84 1 -4.22142 1
18 85 1 2.62912 1
18 86 1 5.04723 1
18 87 1 -4.70981 1
18 88 1 1.25657 1
18 89 1 -3.16115 1
18 90 1 -0.426832 1
18 91 1 0.121423 1
18 92 1 -3.07408 1
18 93 1 2.40598 1
18 94 1 -0.523554 1
18 95 1 0.668346 1
18 25 1 -1.79402 1
18 18 1 -1.26971 1
18 139 1 2.60678 1
18 182 1 0.965309 1
182 69 1 -0.339697 1
19 64 1 6.33443 1
19 65 1 -0.81478 1
19 66 1 6.46262 1
19 67 1 -1.88694 1
19 68 1 -1.92175 1
19 69 1 2.36917 1
19 70 1 -1.26738 1
19 71 1 0.0382288 1
19 72 1 3.292 1
19 73 1 0.449076 1
19 74 1 1.07063 1
19 75 1 0.693008 1
19 76 1 -4.88246 1
19 77 1 -0.234866 1
19 78 1 0.672905 1
19 79 1 5.93494 1
19 80 1 -1.99964 1
19 81 1 -2.32429 1
19 82 1 0.501292 1
19 83 1 -2.62385 1
19 84 1 2.06061 1
19 85 1 2.92844 1
19 86 1 -1.92353 1
19 87 1 2.90284 1
19 88 1 0.055663 1
19 89 1 5.8008 1
19 90 1 -1.02197 1
19 91 1 -1.39585 1
19 92 1 -1.30885 1
19 93 1 -4.34297 1
19 94 1 -2.29524 1
19 95 1 -7.82697 1
20 64 1 1.04522 1
20 65 1 -0.848474 1
20 66 1 -2.25041 1
20 67 1 -0.677905 1
20 68 1 -0.215678 1
20 69 1 1.10982 1
20 70 1 -2.70968 1
20 71 1 5.20577 1
20 72 1 0.30599 1
20 73 1 3.04319 1
20 74 1 3.09086 1
20 75 1 3.21624 1
20 76 1 -0.475459 1
20 77 1 -4.13813 1
20 78 1 1.82268 1
20 79 1 1.43981 1
20 80 1 0.626607 1
20 81 1 -0.405196 1
20 82 1 4.31056 1
20 83 1 0.493907 1
20 84 1 3.69777 1
20 85 1 -3.84339 1
20 86 1 -0.231758 1
20 87 1 -0.0278914 1
20 88 1 0.943702 1
20 89 1 0.593693 1
20 90 1 1.15745 1
20 91 1 1.73427 0
20 92 1 3.06005 1
20 93 1 2.6026 0
20 94 1 2.61319 0
20 95 1 1.61945 1
20 96 1 -1.86353 1
20 98 1 2.18459 1
20 103 1 2.07444 1
20 109 1 -0.425883 1
103 91 1 1.48295 0
103 105 1 4.04567 1
103 112 1 -1.64132 0
103 123 1 -1.69174 1
103 140 1 -1.69972 1
140 112 1 0.986774 1
123 91 1 -0.0734563 1
123 113 1 -0.55276 0
123 136 1 0.515777 1
123 137 1 0.559508 1
136 113 1 -1.696 1
136 6 1 -1.05168 1
105 91 1 3.27089 0
105 129 1 0.456457 1
129 91 1 1.50877 0
129 135 1 4.71048 1
129 116 1 -1.37855 1
135 91 1 -2.3414 1
98 93 1 2.49416 1
98 99 1 7.06147 1
98 15 1 1.00609 1
96 94 1 1.93649 1
96 20 1 -0.515794 0
96 155 1 1.68591 1
155 20 1 -1.93342 0
155 30 1 0.776057 1
155 176 1 0.756397 1
176 20 1 -1.83351 1
21 64 1 3.46485 1
21 65 1 6.41273 1
21 66 1 -6.04756 1
21 67 1 -4.34246 1
21 68 1 0.0323425 1
21 69 1 0.209842 1
21 70 1 1.025 1
21 71 1 -5.74457 1
21 72 1 -8.00647 1
21 73 1 -1.08153 1
21 74 1 -1.14966 1
21 75 1 2.2091 1
21 76 1 -2.03496 1
21 77 1 -2.08266 1
21 78 1 -0.494225 1
21 79 1 -3.2071 1
21 80 1 1.00143 1
21 81 1 -2.06213 1
21 82 1 0.466585 1
21 83 1 -2.01904 1
21 84 1 8.12536 1
21 85 1 1.09626 1
21 86 1 2.06015 1
21 87 1 -0.862569 1
21 88 1 5.64324 1
21 89 1 1.3011 1
21 90 1 -0.35942 1
21 91 1 0.824499 0
21 92 1 3.12662 1
21 93 1 2.28293 1
21 94 1 -2.67778 1
21 95 1 0.999582 1
21 143 1 5.55772 1
143 91 1 -2.12076 1
22 64 1 1.22037 1
22 65 1 0.436211 1
22 66 1 1.52089 1
22 67 1 6.29203 1
22 68 1 1.09079 1
22 69 1 -1.7091 1
22 70 1 -1.74874 1
22 71 1 0.669638 1
22 72 1 -4.07255 1
22 73 1 1.06643 1
22 74 1 -5.4131 1
22 75 1 -1.16455 1
22 76 1 0.694119 1
22 77 1 -1.1366 1
22 78 1 4.30462 1
22 79 1 5.19416 1
22 80 1 1.85637 1
22 81 1 -3.77987 1
22 82 1 1.79613 1
22 83 1 -1.44754 1
22 84 1 -1.77649 1
22 85 1 3.54086 1
22 86 1 -0.568994 1
22 87 1 5.41162 1
22 88 1 -3.43921 1
22 89 1 -0.0861137 1
22 90 1 0.444131 1
22 91 1 1.0222 1
22 92 1 0.750544 1
22 93 1 3.6245 1
22 94 1 6.2964 1
22 95 1 1.40147 1
23 64 1 -2.2063 1
23 65 1 1.07927 1
23 66 1 2.77831 1
23 67 1 3.38537 1
23 68 1 -3.55357 1
23 69 1 2.41604 1
23 70 1 3.56878 1
23 71 1 -4.27869 1
23 72 1 -1.74523 1
23 73 1 -1.07165 1
23 74 1 3.03561 1
23 75 1 2.72362 1
23 76 1 2.71847 1
23 77 1 3.24218 1
23 78 1 0.992581 0
23 79 1 -6.22633 1
23 80 1 2.31819 1
23 81 1 1.16923 1
23 82 1 -3.68893 1
23 83 1 -0.572267 1
23 84 1 1.95006 1
23 85 1 -2.20797 1
23 86 1 -11.8399 1
23 87 1 -0.472283 1
23 88 1 2.6793 1
23 89 1 -1.99698 1
23 90 1 -6.83845 1
23 91 1 -1.97783 1
23 92 1 2.7806 1
23 93 1 3.93964 1
23 94 1 -3.79996 1
23 95 1 1.11096 1
23 107 1 0.0982021 1
23 27 1 0.325536 1
23 178 1 1.44155 1
178 78 1 0.426383 1
24 64 1 -2.2014 1
24 65 1 2.71529 1
24 66 1 -0.854069 1
24 67 1 6.20124 1
24 68 1 -5.27654 1
24 69 1 2.86985 0
24 70 1 1.52247 1
24 71 1 4.91956 1
24 72 1 1.33279 1
24 73 1 2.54155 1
24 74 1 -0.240548 1
24 75 1 0.770042 1
24 76 1 -3.15544 1
24 77 1 0.00542611 1
24 78 1 -6.61976 1
24 79 1 0.718978 1
24 80 1 6.45637 1
24 81 1 3.70246 1
24 82 1 -0.635769 1
24 83 1 -1.45183 1
24 84 1 -3.29496 1
24 85 1 -0.539648 1
24 86 1 -4.67192 1
24 87 1 4.64131 1
24 88 1 -1.15904 1
24 89 1 8.62043 1
24 90 1 4.30416 1
24 91 1 -2.88394 1
24 92 1 -0.138691 1
24 93 1 -0.907154 1
24 94 1 -0.682365 1
24 95 1 -4.58197 1
24 5 1 1.49398 1
24 168 1 -0.942639 1
168 69 1 4.13215 1
168 172 1 0.59588 1
25 64 1 -1.93268 1
25 65 1 1.85932 1
25 66 1 -1.35347 1
25 67 1 -3.23012 1
25 68 1 1.49857 1
25 69 1 -5.80947 1
25 70 1 0.19636 0
25 71 1 -3.16809 1
25 72 1 2.70588 1
25 73 1 3.11428 1
25 74 1 1.80608 1
25 75 1 -3.56187 1
25 76 1 0.552252 1
25 77 1 -0.443396 1
25 78 1 3.88863 1
25 79 1 0.496231 1
25 80 1 -0.76056 1
25 81 1 -0.181247 1
25 82 1 -2.63045 1
25 83 1 2.11705 1
25 84 1 -0.187713 1
25 85 1 -1.78235 1
25 86 1 5.77329 1
25 87 1 -0.784109 1
25 88 1 -1.51012 1
25 89 1 -2.43105 1
25 90 1 -3.87513 1
25 91 1 3.26447 1
25 92 1 3.45123 1
25 93 1 -1.42205 1
25 94 1 -2.63894 0
25 95 1 -3.78837 1
25 8 1 2.15436 1
25 6 1 -1.10674 1
25 121 1 0.347533 1
25 175 1 1.05804 1
175 94 1 -3.10848 1
121 70 1 6.24252 1
26 64 1 -2.79396 1
26 65 1 2.59662 1
26 66 1 -0.897577 1
26 67 1 2.35647 1
26 68 1 -1.16549 1
26 69 1 1.46835 1
26 70 1 -1.28179 1
26 71 1 1.47829 1
26 72 1 -2.87632 1
26 73 1 0.815739 1
26 74 1 -8.97736 1
26 75 1 3.89386 1
26 76 1 2.27989 1
26 77 1 -4.90975 1
26 78 1 2.08125 1
26 79 1 -0.367481 1
26 80 1 -3.41454 1
26 81 1 3.9148 1
26 82 1 2.82067 1
26 83 1 2.19247 1
26 84 1 -5.47182 1
26 85 1 0.538284 1
26 86 1 -4.63124 1
26 87 1 1.49705 1
26 88 1 -3.85797 1
26 89 1 1.82903 1
26 90 1 -3.23055 1
26 91 1 -2.45682 1
26 92 1 0.18146 1
26 93 1 -1.94439 1
26 94 1 2.02462 1
26 95 1 0.016489 1
26 23 1 5.30971 1
26 15 1 0.161811 1
26 161 1 -0.884206 1
27 64 1 -2.04323 1
27 65 1 5.36425 1
27 66 1 3.7447 1
27 67 1 0.0989919 1
27 68 1 3.1306 1
27 69 1 1.27858 1
27 70 1 5.45667 1
27 71 1 -6.16243 1
27 72 1 -0.0947731 1
27 73 1 0.929705 1
27 74 1 -3.59826 1
27 75 1 3.55941 1
27 76 1 -3.2082 1
27 77 1 1.81953 1
27 78 1 2.79728 1
27 79 1 1.39731 1
27 80 1 -0.694233 1
27 81 1 -2.02424 1
27 82 1 2.32535 1
27 83 1 0.149871 1
27 84 1 3.46388 1
27 85 1 -1.29266 1
27 86 1 -3.50074 1
27 87 1 -0.897115 1
27 88 1 -7.93947 1
27 89 1 -4.77132 1
27 90 1 5.22519 1
27 91 1 -2.58389 1
27 92 1 0.276687 1
27 93 1 -0.951687 1
27 94 1 0.594649 1
27 95 1 -0.983291 1
27 9 1 4.46366 1
27 5 1 0.0162943 1
28 64 1 2.30724 1
28 65 1 -0.313061 1
28 66 1 -0.405787 1
28 67 1 4.90816 1
28 68 1 5.6958 1
28 69 1 1.43322 1
28 70 1 -2.43146 1
28 71 1 0.860348 1
28 72 1 -7.35027 1
28 73 1 0.829513 1
28 74 1 -2.30707 1
28 75 1 2.25927 1
28 76 1 1.24577 1
28 77 1 2.27984 1
28 78 1 -3.89212 1
28 79 1 2.43163 1
28 80 1 1.4982 1
28 81 1 -0.508454 1
28 82 1 4.11802 1
28 83 1 2.11077 1
28 84 1 4.16098 1
28 85 1 -4.2718 1
28 86 1 -2.18192 1
28 87 1 1.96051 1
28 88 1 -5.10531 1
28 89 1 0.948084 1
28 90 1 -2.61237 1
28 91 1 0.363456 1
28 92 1 6.61064 1
28 93 1 -1.08538 1
28 94 1 5.47329 1
28 95 1 -2.8748 1
29 64 1 -1.54017 1
29 65 1 1.37415 1
29 66 1 -1.36025 1
29 67 1 3.98179 1
29 68 1 -8.41537 1
29 69 1 1.73584 1
29 70 1 -3.59234 1
29 71 1 -1.26916 1
29 72 1 1.18179 1
29 73 1 1.01161 1
29 74 1 -2.3028 1
29 75 1 0.0852992 1
29 76 1 0.0990846 1
29 77 1 2.2655 1
29 78 1 -5.6389 1
29 79 1 -3.65963 1
29 80 1 2.27512 1
29 81 1 2.38483 1
29 82 1 0.723189 1
29 83 1 1.036 1
29 84 1 0.393871 1
29 85 1 -1.27287 1
29 86 1 -3.98031 1
29 87 1 -2.67844 1
29 88 1 -1.99647 1
29 89 1 -2.97238 1
29 90 1 -0.0843018 1
29 91 1 2.57357 1
29 92 1 1.97113 1
29 93 1 0.624208 1
29 94 1 -2.03243 1
29 95 1 1.88564 1
29 113 1 1.7877 1
30 64 1 -1.72804 1
30 65 1 6.56133 1
30 66 1 3.58258 1
30 67 1 -1.74546 1
30 68 1 0.844428 1
30 69 1 1.37969 1
30 70 1 4.83915 1
30 71 1 -1.37834 1
30 72 1 -2.43166 1
30 73 1 3.83843 1
30 74 1 -1.10655 1
30 75 1 1.80875 1
30 76 1 2.91073 1
30 77 1 -1.81612 1
30 78 1 3.71237 1
30 79 1 4.81153 1
30 80 1 -3.0033 1
30 81 1 -0.451695 1
30 82 1 6.29502 1
30 83 1 2.42921 1
30 84 1 1.63114 1
30 85 1 -2.86053 1
30 86 1 -1.79072 1
30 87 1 -3.85739 1
30 88 1 1.26193 1
30 89 1 -2.11896 1
30 90 1 -0.310219 1
30 91 1 5.54258 1
30 92 1 -0.743041 1
30 93 1 2.33774 1
30 94 1 1.23637 1
30 95 1 -3.10581 1
30 28 1 1.02129 1
31 64 1 0.783998 1
31 65 1 -3.55908 1
31 66 1 -4.38155 1
31 67 1 8.14746 1
31 68 1 4.79032 1
31 69 1 1.28805 1
31 70 1 0.298813 1
31 71 1 1.67717 1
31 72 1 -2.75612 1
31 73 1 0.207379 1
31 74 1 3.78532 1
31 75 1 -0.239004 1
31 76 1 -2.88653 1
31 77 1 0.65914 1
31 78 1 -3.81043 1
31 79 1 -0.0564561 1
31 80 1 -1.63157 1
31 81 1 -1.35578 1
31 82 1 -0.814244 1
31 83 1 -0.981918 1
31 84 1 -3.80825 1
31 85 1 -4.28629 1
31 86 1 1.17029 1
31 87 1 -4.34963 0
31 88 1 1.53243 1
31 89 1 -1.29009 1
31 90 1 -1.34551 1
31 91 1 -4.27903 1
31 92 1 -0.683861 1
31 93 1 -1.05325 1
31 94 1 3.23726 1
31 95 1 -0.769218 1
31 122 1 1.44271 1
31 10 1 -1.34138 1
31 117 1 -1.49464 1
122 87 1 -1.24541 1
32 64 1 6.25209 1
32 65 1 2.34626 1
32 66 1 -3.25541 1
32 67 1 2.61952 1
32 68 1 1.36219 1
32 69 1 4.12133 1
32 70 1 -0.768609 1
32 71 1 3.33771 1
32 72 1 -2.07501 1
32 73 1 2.17416 1
32 74 1 -0.312768 1
32 75 1 4.98146 1
32 76 1 0.462351 1
32 77 1 3.80908 1
32 78 1 1.39194 1
32 79 1 -1.18642 1
32 80 1 -0.702199 1
32 81 1 -0.335661 1
32 82 1 -3.18276 1
32 83 1 -2.6714 1
32 84 1 2.66169 1
32 85 1 -1.61167 1
32 86 1 0.075147 1
32 87 1 -2.10732 1
32 88 1 0.437467 1
32 89 1 -0.724464 1
32 90 1 2.95115 1
32 91 1 -4.01641 1
32 92 1 4.16033 1
32 93 1 1.71225 1
32 94 1 -1.98237 1
32 95 1 -0.274939 1
33 64 1 1.62169 1
33 65 1 -4.33632 1
33 66 1 -1.80616 1
33 67 1 -1.1486 1
33 68 1 -1.81995 1
33 69 1 -4.61127 1
33 70 1 4.38605 1
33 71 1 4.46207 1
33 72 1 2.72664 1
33 73 1 3.69402 1
33 74 1 0.999233 1
33 75 1 -7.14921 1
33 76 1 -4.69308 1
33 77 1 1.48834 1
33 78 1 -1.43458 1
33 79 1 -4.88549 1
33 80 1 0.197181 1
33 81 1 -2.46875 1
33 82 1 -1.55621 1
33 83 1 0.269887 1
33 84 1 -1.14297 1
33 85 1 0.42137 1
33 86 1 3.72634 1
33 87 1 1.57674 1
33 88 1 2.86765 1
33 89 1 4.45637 1
33 90 1 -3.86906 1
33 91 1 -1.89504 1
33 92 1 1.78156 1
33 93 1 2.81377 1
33 94 1 2.11273 1
33 95 1 0.840247 1
33 20 1 -0.62167 1
33 107 1 -0.408549 1
33 13 1 0.862336 1
33 113 1 -2.05051 1
34 64 1 -0.795036 1
34 65 1 -1.29957 1
34 66 1 3.30545 1
34 67 1 0.48758 1
34 68 1 -1.36501 1
34 69 1 -1.23557 1
34 70 1 -3.03394 1
34 71 1 -2.69806 1
34 72 1 -4.27782 1
34 73 1 -3.93674 1
34 74 1 3.82902 1
34 75 1 7.36553 1
34 76 1 -2.58963 1
34 77 1 -0.436887 1
34 78 1 -1.07091 1
34 79 1 0.138244 1
34 80 1 3.16478 1
34 81 1 -1.20671 1
34 82 1 2.56882 1
34 83 1 1.40327 1
34 84 1 0.171265 1
34 85 1 -1.87549 1
34 86 1 -1.09558 1
34 87 1 -1.70139 1
34 88 1 -0.112227 1
34 89 1 0.866871 1
34 90 1 -6.38562 1
34 91 1 4.22165 1
34 92 1 4.12473 1
34 93 1 -1.94612 1
34 94 1 3.75814 1
34 95 1 2.09879 1
34 113 1 -1.24933 1
35 64 1 1.46167 1
35 65 1 -2.22272 1
35 66 1 -0.797526 1
35 67 1 5.8446 1
35 68 1 2.67972 1
35 69 1 2.39862 1
35 70 1 2.95191 1
35 71 1 2.96173 1
35 72 1 0.954812 1
35 73 1 5.79457 1
35 74 1 0.733506 1
35 75 1 -2.21322 1
35 76 1 -3.34628 1
35 77 1 1.63685 1
35 78 1 -0.136288 1
35 79 1 4.03499 1
35 80 1 -6.3276 1
35 81 1 -0.511963 1
35 82 1 4.94674 0
35 83 1 -2.66448 1
35 84 1 5.98 1
35 85 1 -4.22632 1
35 86 1 -1.35003 1
35 87 1 -2.71001 1
35 88 1 -0.443913 1
35 89 1 2.23136 0
35 90 1 -1.65762 1
35 91 1 -0.899428 1
35 92 1 -2.80224 1
35 93 1 -6.63731 1
35 94 1 0.230463 1
35 95 1 0.493503 1
35 130 1 1.46548 1
35 133 1 6.262 1
133 82 1 1.59638 1
130 89 1 0.173282 1
130 109 1 0.335511 1
36 64 1 3.15839 1
36 65 1 2.63105 1
36 66 1 2.4686 1
36 67 1 -0.694011 1
36 68 1 -6.22439 1
36 69 1 -2.72714 1
36 70 1 -2.39512 1
36 71 1 1.1969 1
36 72 1 -3.67849 1
36 73 1 0.0424597 1
36 74 1 -0.507801 1
36 75 1 0.513016 1
36 76 1 1.33602 1
36 77 1 -5.01939 1
36 78 1 2.32232 1
36 79 1 4.98891 1
36 80 1 4.98674 1
36 81 1 -0.720967 1
36 82 1 -0.126023 0
36 83 1 0.508695 1
36 84 1 4.08767 1
36 85 1 -3.13944 1
36 86 1 0.450427 1
36 87 1 1.17072 1
36 88 1 -1.52747 1
36 89 1 0.0925848 1
36 90 1 -3.49667 1
36 91 1 0.421483 1
36 92 1 4.97815 1
36 93 1 2.33459 1
36 94 1 -1.97931 1
36 95 1 7.87128 1
36 109 1 0.701016 0
36 24 1 -2.89414 1
36 117 1 2.0609 1
117 109 1 2.14568 1
117 4 1 0.997171 1
109 82 1 0.306928 1
109 31 1 1.52715 1
37 64 1 -5.48408 1
37 65 1 1.55641 1
37 66 1 -3.09462 1
37 67 1 0.30188 1
37 68 1 -4.73798 1
37 69 1 1.71201 1
37 70 1 -6.9241 1
37 71 1 -0.753934 1
37 72 1 1.55478 1
37 73 1 1.43165 1
37 74 1 1.33157 1
37 75 1 0.286156 1
37 76 1 2.12966 0
37 77 1 3.06639 1
37 78 1 -1.78982 1
37 79 1 1.41547 1
37 80 1 0.549139 1
37 81 1 2.09954 1
37 82 1 1.81622 1
37 83 1 3.2001 1
37 84 1 -4.32238 1
37 85 1 2.38278 1
37 86 1 -0.965097 1
37 87 1 0.303878 1
37 88 1 -1.95098 1
37 89 1 -3.40968 1
37 90 1 -4.0369 1
37 91 1 1.256 1
37 92 1 3.48825 1
37 93 1 1.04478 1
37 94 1 -1.55944 1
37 95 1 1.45638 1
37 142 1 0.281408 1
37 160 1 -0.941035 1
142 76 1 -0.927527 1
142 147 1 -0.338707 1
142 6 1 0.640974 1
38 64 1 1.24707 1
38 65 1 -1.55448 1
38 66 1 -1.906 1
38 67 1 -3.17246 1
38 68 1 -0.969033 1
38 69 1 -5.32047 1
38 70 1 0.136142 1
38 71 1 -0.228169 1
38 72 1 2.20499 1
38 73 1 1.90729 1
38 74 1 -2.21896 1
38 75 1 4.99499 1
38 76 1 2.92359 1
38 77 1 -2.73991 1
38 78 1 -1.12446 1
38 79 1 -0.404867 1
38 80 1 -1.18871 1
38 81 1 -2.45142 1
38 82 1 4.41259 1
38 83 1 -1.09374 1
38 84 1 -1.24171 1
38 85 1 -2.23151 1
38 86 1 -0.00962272 1
38 87 1 1.78196 0
38 88 1 2.93714 1
38 89 1 4.32934 1
38 90 1 -2.05698 1
38 91 1 2.32608 1
38 92 1 2.66279 0
38 93 1 -0.0771129 1
38 94 1 -0.421872 1
38 95 1 -2.27626 1
38 148 1 3.26176 1
38 162 1 0.0434413 1
162 87 1 0.965724 0
162 185 1 0.915368 1
185 87 1 0.788179 1
148 92 1 2.09818 1
39 64 1 1.82044 1
39 65 1 -2.48565 1
39 66 1 -0.253943 1
39 67 1 -1.49895 1
39 68 1 0.501874 1
39 69 1 -0.714923 1
39 70 1 0.0385912 1
39 71 1 -1.00081 1
39 72 1 -3.71551 1
39 73 1 -4.18713 1
39 74 1 0.602612 1
39 75 1 4.03551 0
39 76 1 4.63438 0
39 77 1 0.815029 1
39 78 1 -4.97391 1
39 79 1 -4.96393 1
39 80 1 -1.30247 1
39 81 1 -1.34106 1
39 82 1 -4.25888 1
39 83 1 -3.25602 1
39 84 1 -2.69847 1
39 85 1 0.326748 1
39 86 1 0.16479 1
39 87 1 1.60094 1
39 88 1 -1.494 1
39 89 1 0.647595 1
39 90 1 4.41427 1
39 91 1 0.321535 1
39 92 1 6.54892 1
39 93 1 1.62414 1
39 94 1 -4.50569 1
39 95 1 -0.933072 1
39 2 1 -3.08402 1
39 112 1 4.15502 1
39 13 1 -0.315503 1
39 104 1 -0.59611 1
39 172 1 2.67552 1
172 76 1 5.1277 1
172 28 1 0.861218 1
112 75 1 -2.60118 1
112 138 1 -1.35456 1
112 153 1 1.62961 0
112 170 1 -0.218282 1
112 113 1 0.845766 1
170 153 1 -2.47398 1
170 126 1 1.39733 1
40 64 1 -4.96169 1
40 65 1 -0.972843 1
40 66 1 3.24918 1
40 67 1 1.47196 1
40 68 1 2.16221 1
40 69 1 2.95065 1
40 70 1 -1.39522 1
40 71 1 0.892754 1
40 72 1 1.51369 1
40 73 1 1.28696 1
40 74 1 -1.39956 1
40 75 1 0.806551 1
40 76 1 -2.53537 1
40 77 1 3.08024 1
40 78 1 2.63913 1
40 79 1 -1.07918 1
40 80 1 3.01983 1
40 81 1 -0.229173 1
40 82 1 0.633323 1
40 83 1 -4.43134 1
40 84 1 -2.23992 1
40 85 1 -0.975225 1
40 86 1 1.7736 1
40 87 1 -0.0838139 1
40 88 1 1.44878 1
40 89 1 -1.18349 1
40 90 1 -0.530547 1
40 91 1 -0.952461 1
40 92 1 -3.36428 1
40 93 1 0.115551 1
40 94 1 0.231236 1
40 95 1 3.1971 1
40 2 1 0.318403 1
40 134 1 1.91649 1
41 64 1 3.40603 1
41 65 1 -0.205481 1
41 66 1 0.635275 1
41 67 1 1.1501 1
41 68 1 3.48116 1
41 69 1 -1.71469 1
41 70 1 2.3014 1
41 71 1 0.868404 1
41 72 1 4.64229 1
41 73 1 -5.49517 1
41 74 1 1.02379 1
41 75 1 3.6717 1
41 76 1 -5.23235 1
41 77 1 1.15078 1
41 78 1 -4.86877 1
41 79 1 1.25599 1
41 80 1 2.43702 1
41 81 1 4.66314 1
41 82 1 -2.50545 1
41 83 1 1.53971 1
41 84 1 -2.5871 1
41 85 1 0.55781 1
41 86 1 0.682238 1
41 87 1 1.71802 1
41 88 1 3.50331 1
41 89 1 -0.21372 1
41 90 1 -0.744159 1
41 91 1 1.37647 1
41 92 1 0.512154 1
41 93 1 -0.330083 1
41 94 1 -3.07694 1
41 95 1 0.758776 1
41 11 1 0.621273 1
41 29 1 -3.65955 1
41 97 1 -1.35892 1
42 64 1 2.67285 1
42 65 1 0.0349779 1
42 66 1 -1.8898 1
42 67 1 2.72814 1
42 68 1 -2.77113 1
42 69 1 -0.310595 1
42 70 1 -0.401541 1
42 71 1 0.357802 1
42 72 1 -2.02556 1
42 73 1 -1.26949 1
42 74 1 4.15238 1
42 75 1 -2.89591 1
42 76 1 -4.50637 1
42 77 1 -1.29905 1
42 78 1 0.241217 1
42 79 1 2.16786 1
42 80 1 -0.533586 1
42 81 1 3.10753 1
42 82 1 3.57387 1
42 83 1 2.58426 1
42 84 1 1.05276 1
42 85 1 -0.997885 1
42 86 1 2.88035 1
42 87 1 -2.75802 1
42 88 1 -2.81091 1
42 89 1 -1.42112 1
42 90 1 2.90207 1
42 91 1 1.88866 1
42 92 1 1.46606 1
42 93 1 1.12945 1
42 94 1 -4.68714 1
42 95 1 -0.226056 1
43 64 1 1.34066 1
43 65 1 -2.07148 1
43 66 1 4.73026 1
43 67 1 1.82764 1
43 68 1 0.482363 1
43 69 1 -3.23706 1
43 70 1 0.737955 1
43 71 1 -4.15181 1
43 72 1 0.0984135 1
43 73 1 -8.33832 1
43 74 1 3.00844 1
43 75 1 -3.34575 1
43 76 1 -1.86377 1
43 77 1 0.243417 1
43 78 1 2.0384 1
43 79 1 -3.85102 1
43 80 1 -0.395501 1
43 81 1 3.09974 1
43 82 1 2.52269 1
43 83 1 -1.99998 1
43 84 1 -2.7285 1
43 85 1 2.83244 1
43 86 1 3.01533 1
43 87 1 5.57067 1
43 88 1 2.21514 1
43 89 1 2.42375 1
43 90 1 -0.76187 1
43 91 1 -3.48295 1
43 92 1 3.54956 1
43 93 1 1.66422 1
43 94 1 -0.912298 1
43 95 1 2.42471 1
44 64 1 0.0605924 1
44 65 1 -5.54235 1
44 66 1 -0.884122 1
44 67 1 -2.29386 1
44 68 1 0.0658478 1
44 69 1 -2.8452 1
44 70 1 3.25417 1
44 71 1 3.88291 1
44 72 1 -3.25329 1
44 73 1 1.32831 1
44 74 1 -1.88057 1
44 75 1 -3.79458 1
44 76 1 -1.41322 1
44 77 1 2.88553 1
44 78 1 3.41558 1
44 79 1 0.588213 1
44 80 1 5.29627 1
44 81 1 -3.01787 1
44 82 1 2.21412 1
44 83 1 -1.5145 1
44 84 1 1.27888 1
44 85 1 -0.58449 1
44 86 1 3.13475 1
44 87 1 -0.0457956 1
44 88 1 1.59087 1
44 89 1 0.830511 1
44 90 1 3.12734 1
44 91 1 2.40667 1
44 92 1 -1.73214 1
44 93 1 3.72439 1
44 94 1 -1.70578 1
44 95 1 -3.84154 1
44 8 1 -1.4608 1
44 29 1 1.74324 1
45 64 1 -1.09928 1
45 65 1 0.745629 1
45 66 1 0.241225 1
45 67 1 2.9055 1
45 68 1 0.544274 1
45 69 1 -5.59891 1
45 70 1 -4.18457 1
45 71 1 0.774065 1
45 72 1 -4.22844 1
45 73 1 2.03493 1
45 74 1 4.54386 1
45 75 1 2.41552 1
45 76 1 -2.20899 1
45 77 1 -1.0173 1
45 78 1 -1.78532 1
45 79 1 4.26889 1
45 80 1 -1.90267 1
45 81 1 2.47272 1
45 82 1 1.16537 1
45 83 1 -4.12226 1
45 84 1 -0.536104 1
45 85 1 -3.35816 1
45 86 1 1.92859 1
45 87 1 0.819915 1
45 88 1 3.27733 1
45 89 1 -1.88586 1
45 90 1 -0.889862 1
45 91 1 3.00661 1
45 92 1 -2.31247 1
45 93 1 -7.96726 1
45 94 1 1.40604 1
45 95 1 -5.1532 1
45 9 1 5.0289 1
45 20 1 0.846059 1
45 17 1 -0.823706 1
46 64 1 1.49558 1
46 65 1 0.106138 1
46 66 1 2.84203 1
46 67 1 2.15821 1
46 68 1 -5.06037 1
46 69 1 0.0385549 1
46 70 1 2.92296 1
46 71 1 -2.17608 1
46 72 1 3.55303 1
46 73 1 -3.92142 1
46 74 1 -1.42676 1
46 75 1 -1.24529 1
46 76 1 -5.54906 1
46 77 1 4.9506 1
46 78 1 -0.408524 1
46 79 1 -1.43646 1
46 80 1 2.68105 1
46 81 1 1.44787 1
46 82 1 -0.373991 1
46 83 1 2.88407 1
46 84 1 -1.12608 1
46 85 1 3.88429 1
46 86 1 -2.62491 1
46 87 1 5.80449 1
46 88 1 0.95739 1
46 89 1 -5.46935 1
46 90 1 -2.97259 1
46 91 1 1.17421 1
46 92 1 -1.23813 1
46 93 1 -1.61538 1
46 94 1 1.87318 1
46 95 1 -0.361989 1
46 24 1 0.928304 1
47 64 1 0.562146 1
47 65 1 0.836738 1
47 66 1 -0.594078 1
47 67 1 2.4888 1
47 68 1 -0.555275 1
47 69 1 3.53973 1
47 70 1 -2.52013 1
47 71 1 0.932609 1
47 72 1 -0.464724 1
47 73 1 5.20837 0
47 74 1 -1.88688 1
47 75 1 -0.856566 1
47 76 1 -3.17919 1
47 77 1 -7.10254 1
47 78 1 -2.63727 1
47 79 1 0.418032 1
47 80 1 5.74412 1
47 81 1 -3.98929 1
47 82 1 2.82413 1
47 83 1 0.0467439 1
47 84 1 -3.36465 1
47 85 1 -0.149049 1
47 86 1 -1.63985 1
47 87 1 6.12525 1
47 88 1 5.28122 1
47 89 1 1.39047 1
47 90 1 6.01185 1
47 91 1 1.8359 1
47 92 1 1.34923 1
47 93 1 1.32567 1
47 94 1 2.21357 1
47 95 1 -0.577433 1
47 4 1 1.57234 1
47 137 1 3.1391 1
137 73 1 3.15874 0
137 156 1 -0.779517 1
156 73 1 2.92944 1
156 15 1 -0.898387 1
156 104 1 1.59555 1
48 64 1 -0.611471 1
48 65 1 -0.594761 1
48 66 1 4.88216 1
48 67 1 -2.71274 1
48 68 1 -5.69579 1
48 69 1 -4.88017 1
48 70 1 1.02489 1
48 71 1 1.74998 1
48 72 1 -7.58401 1
48 73 1 4.35022 1
48 74 1 4.98476 1
48 75 1 -5.22421 1
48 76 1 -2.09932 1
48 77 1 -1.21111 1
48 78 1 -0.581249 1
48 79 1 2.73961 1
48 80 1 -1.67845 1
48 81 1 -3.53061 1
48 82 1 -1.9275 1
48 83 1 -0.718253 1
48 84 1 1.0414 1
48 85 1 -0.577759 1
48 86 1 -1.65321 1
48 87 1 0.478865 1
48 88 1 -0.826524 1
48 89 1 -0.509586 1
48 90 1 2.20892 1
48 91 1 -0.815068 1
48 92 1 -6.5131 1
48 93 1 0.0609856 1
48 94 1 6.8757 1
48 95 1 3.31915 1
48 16 1 0.768508 1
48 12 1 -0.236031 1
48 14 1 -0.73586 1
48 30 1 1.64197 1
49 64 1 -0.112656 1
49 65 1 -4.93939 1
49 66 1 0.293309 1
49 67 1 -1.56981 1
49 68 1 -4.08773 1
49 69 1 1.00813 1
49 70 1 0.107951 1
49 71 1 -2.38777 1
49 72 1 -3.0555 1
49 73 1 -0.000959512 1
49 74 1 2.50894 1
49 75 1 0.938835 1
49 76 1 -6.69188 1
49 77 1 -5.17215 1
49 78 1 -0.976384 0
49 79 1 2.52064 1
49 80 1 5.4263 1
49 81 1 -2.87264 1
49 82 1 1.496 1
49 83 1 -0.304311 1
49 84 1 1.37056 1
49 85 1 -1.06456 1
49 86 1 -1.96602 1
49 87 1 -2.43978 1
49 88 1 1.65138 1
49 89 1 2.2327 1
49 90 1 -3.24364 1
49 91 1 3.2346 1
49 92 1 1.14093 1
49 93 1 3.40105 1
49 94 1 1.65517 1
49 95 1 3.40084 1
49 19 1 -0.239035 1
49 31 1 -0.631475 1
49 15 1 -3.37177 1
49 158 1 0.139003 1
49 26 1 1.00145 1
49 144 1 -2.91839 1
158 78 1 -0.863643 1
50 64 1 -3.38629 1
50 65 1 -3.30695 1
50 66 1 1.53624 1
50 67 1 -0.834518 1
50 68 1 2.19866 1
50 69 1 -1.50416 1
50 70 1 1.42785 1
50 71 1 6.38091 1
50 72 1 -3.72102 1
50 73 1 3.83213 1
50 74 1 -0.18719 1
50 75 1 2.04191 1
50 76 1 -1.86735 1
50 77 1 -1.80669 1
50 78 1 1.49169 1
50 79 1 -1.44709 1
50 80 1 2.10601 1
50 81 1 -0.0288178 1
50 82 1 -3.54714 1
50 83 1 3.50086 1
50 84 1 0.162079 1
50 85 1 4.21099 1
50 86 1 4.23784 1
50 87 1 -2.26562 1
50 88 1 -1.8483 1
50 89 1 0.084603 1
50 90 1 0.402601 1
50 91 1 0.671212 1
50 92 1 0.0446717 1
50 93 1 -3.00872 1
50 94 1 -1.65345 1
50 95 1 0.149244 1
50 4 1 5.01722 1
50 22 1 0.11686 1
51 64 1 -0.842114 1
51 65 1 4.20424 1
51 66 1 3.03108 1
51 67 1 -2.98163 1
51 68 1 -0.315171 1
51 69 1 0.0510501 1
51 70 1 1.41527 1
51 71 1 4.47115 1
51 72 1 -5.27786 1
51 73 1 -1.52376 0
51 74 1 -1.78581 1
51 75 1 4.0063 1
51 76 1 -2.94494 1
51 77 1 3.37722 1
51 78 1 5.71514 1
51 79 1 -0.783545 1
51 80 1 0.720307 1
51 81 1 -2.7465 1
51 82 1 -0.832076 1
51 83 1 5.63057 1
51 84 1 -3.20807 1
51 85 1 0.185914 1
51 86 1 -1.48725 1
51 87 1 3.32737 1
51 88 1 -0.573664 0
51 89 1 0.105441 1
51 90 1 -0.789957 1
51 91 1 -1.99103 1
51 92 1 2.77092 1
51 93 1 5.29608 1
51 94 1 -5.56141 1
51 95 1 -2.8911 1
51 116 1 1.29935 1
51 12 1 -1.21376 1
51 179 1 0.319716 1
179 88 1 -0.616077 1
116 73 1 0.302417 0
116 134 1 2.77962 1
134 73 1 3.87587 1
134 128 1 2.7906 1
52 64 1 -3.38356 1
52 65 1 4.47985 1
52 66 1 -0.313904 1
52 67 1 0.521992 1
52 68 1 0.600445 1
52 69 1 6.62617 1
52 70 1 4.15097 1
52 71 1 -1.21084 1
52 72 1 -1.02941 1
52 73 1 2.7261 1
52 74 1 3.92461 1
52 75 1 2.56502 1
52 76 1 -4.71934 1
52 77 1 0.548147 1
52 78 1 3.58613 1
52 79 1 -3.25532 1
52 80 1 -1.10041 1
52 81 1 -0.766202 1
52 82 1 -1.88143 1
52 83 1 0.140253 1
52 84 1 -0.687601 1
52 85 1 -0.340513 1
52 86 1 -6.60873 1
52 87 1 0.238657 1
52 88 1 0.202299 1
52 89 1 -0.413918 1
52 90 1 -1.00223 1
52 91 1 0.0645133 1
52 92 1 0.19517 1
52 93 1 -3.48819 0
52 94 1 4.12122 1
52 95 1 0.723648 1
52 115 1 0.0803509 1
52 139 1 1.01385 1
52 23 1 -1.52665 1
139 93 1 -0.356772 0
139 181 1 1.1004 0
139 184 1 1.76802 1
184 181 1 0.705189 1
181 93 1 -0.607522 1
53 64 1 -4.00843 1
53 65 1 0.451375 1
53 66 1 -1.93282 1
53 67 1 -2.47379 1
53 68 1 -0.676014 1
53 69 1 1.22536 1
53 70 1 1.59096 0
53 71 1 1.17837 1
53 72 1 -0.927493 1
53 73 1 1.01403 1
53 74 1 -0.200101 1
53 75 1 -3.79705 1
53 76 1 -0.309378 1
53 77 1 1.93036 1
53 78 1 -0.616606 1
53 79 1 0.124796 1
53 80 1 1.28048 1
53 81 1 3.38289 1
53 82 1 2.01541 1
53 83 1 -1.46007 1
53 84 1 1.52716 1
53 85 1 1.52868 1
53 86 1 1.14449 1
53 87 1 -1.41595 1
53 88 1 0.355236 1
53 89 1 -0.483105 1
53 90 1 -2.75094 1
53 91 1 0.0319656 1
53 92 1 2.17321 1
53 93 1 -1.44863 1
53 94 1 -0.871752 1
53 95 1 -2.38238 1
53 20 1 4.82346 1
53 23 1 -1.41562 1
53 149 1 -1.46237 1
149 70 1 -2.12052 0
149 153 1 0.802713 1
149 126 1 -0.722248 1
153 70 1 0.00579503 0
153 183 1 1.34453 1
183 70 1 0.739465 1
54 64 1 2.89851 1
54 65 1 0.271713 1
54 66 1 -0.985465 1
54 67 1 1.01956 1
54 68 1 4.86056 1
54 69 1 -3.72735 1
54 70 1 2.01604 1
54 71 1 4.76045 1
54 72 1 1.20422 1
54 73 1 0.455286 1
54 74 1 -0.548939 1
54 75 1 -2.57814 1
54 76 1 -4.55663 1
54 77 1 1.04432 1
54 78 1 -2.58075 1
54 79 1 2.11104 1
54 80 1 1.90319 1
54 81 1 4.75986 1
54 82 1 -2.68769 1
54 83 1 4.89271 1
54 84 1 0.122117 1
54 85 1 0.140088 1
54 86 1 -4.72948 1
54 87 1 -0.412064 1
54 88 1 0.485702 1
54 89 1 5.32736 1
54 90 1 -2.93545 1
54 91 1 2.39257 1
54 92 1 -2.34451 1
54 93 1 3.47563 1
54 94 1 -3.27769 1
54 95 1 -1.84729 1
54 30 1 -0.431938 1
54 144 1 1.8807 1
55 64 1 0.823091 1
55 65 1 -2.80371 1
55 66 1 -2.51837 1
55 67 1 -2.62318 1
55 68 1 0.662364 1
55 69 1 0.688752 1
55 70 1 3.67798 1
55 71 1 -5.82854 1
55 72 1 1.54257 1
55 73 1 -0.648838 1
55 74 1 3.46608 1
55 75 1 -3.22917 1
55 76 1 -5.23675 1
55 77 1 1.46292 1
55 78 1 1.81896 1
55 79 1 4.81183 1
55 80 1 -1.04919 1
55 81 1 1.87295 1
55 82 1 -2.07437 1
55 83 1 1.75022 1
55 84 1 0.286595 1
55 85 1 -7.21841 1
55 86 1 1.07776 1
55 87 1 -1.67976 1
55 88 1 -5.69767 1
55 89 1 2.43629 1
55 90 1 -1.42642 1
55 91 1 0.282252 1
55 92 1 10.3196 1
55 93 1 -3.5062 1
55 94 1 -3.41157 1
55 95 1 -1.56851 0
55 28 1 5.49172 1
55 114 1 0.42184 1
55 0 1 -3.87213 1
55 2 1 0.729403 1
114 95 1 -0.0156909 1
56 64 1 3.81656 1
56 65 1 -9.75742 1
56 66 1 -0.516405 1
56 67 1 -0.990123 1
56 68 1 2.37789 0
56 69 1 -1.90136 1
56 70 1 1.48809 1
56 71 1 2.48872 1
56 72 1 -2.3315 1
56 73 1 0.346175 1
56 74 1 3.06898 1
56 75 1 5.26747 1
56 76 1 -2.18667 1
56 77 1 -2.39786 1
56 78 1 -3.44961 1
56 79 1 -0.513029 1
56 80 1 -0.61429 1
56 81 1 7.04694 1
56 82 1 2.77462 1
56 83 1 -1.83969 1
56 84 1 -1.13999 1
56 85 1 -1.08437 1
56 86 1 1.8803 1
56 87 1 -0.0170445 1
56 88 1 1.27208 1
56 89 1 1.34217 1
56 90 1 -0.632257 1
56 91 1 -1.03444 1
56 92 1 1.84251 1
56 93 1 3.2895 1
56 94 1 -0.875302 1
56 95 1 -1.66771 1
56 3 1 -3.12341 1
56 126 1 4.9849 1
56 0 1 -1.1912 1
126 68 1 2.99215 1
126 11 1 -3.35101 1
57 64 1 -4.21477 1
57 65 1 6.11621 1
57 66 1 -1.45342 1
57 67 1 -2.85714 1
57 68 1 -0.339565 1
57 69 1 -1.28904 0
57 70 1 -0.024288 1
57 71 1 3.19951 1
57 72 1 2.72638 1
57 73 1 -2.2151 1
57 74 1 2.00693 1
57 75 1 5.76842 1
57 76 1 4.64341 1
57 77 1 -5.46409 1
57 78 1 1.67206 1
57 79 1 -2.64166 1
57 80 1 2.79492 1
57 81 1 4.38874 1
57 82 1 4.30443 1
57 83 1 -2.28917 1
57 84 1 1.06046 1
57 85 1 -3.40573 1
57 86 1 -1.10802 1
57 87 1 -0.265124 1
57 88 1 2.22613 1
57 89 1 0.560975 1
57 90 1 0.305714 1
57 91 1 -3.19523 1
57 92 1 -2.47499 1
57 93 1 -1.90091 1
57 94 1 -1.18642 1
57 95 1 2.4762 1
57 104 1 5.45155 1
57 22 1 1.08027 1
104 69 1 1.69871 1
104 1 1 1.94718 1
104 107 1 0.43194 1
58 64 1 6.5375 1
58 65 1 -2.58876 1
58 66 1 -1.57217 1
58 67 1 -0.114918 1
58 68 1 -3.83468 1
58 69 1 -1.92358 1
58 70 1 -0.237881 1
58 71 1 2.4519 1
58 72 1 1.43892 1
58 73 1 -3.08691 1
58 74 1 1.24321 1
58 75 1 1.92161 1
58 76 1 0.236003 1
58 77 1 2.38488 1
58 78 1 -3.58987 1
58 79 1 -1.41972 0
58 80 1 -3.90443 1
58 81 1 3.03029 1
58 82 1 1.02354 1
58 83 1 0.788451 1
58 84 1 -1.97787 1
58 85 1 0.640422 1
58 86 1 0.88628 1
58 87 1 -3.49542 1
58 88 1 -6.31695 1
58 89 1 -2.08989 1
58 90 1 0.021774 1
58 91 1 -2.84762 1
58 92 1 1.74979 0
58 93 1 1.03604 1
58 94 1 -1.67737 1
58 95 1 3.95603 1
58 128 1 1.32596 1
58 115 1 -0.412751 1
58 174 1 1.90515 1
174 92 1 1.13524 1
128 79 1 -0.0174272 0
128 131 1 1.82864 1
131 79 1 1.72807 0
131 160 1 1.42694 1
160 79 1 3.82858 0
160 125 1 1.28103 1
160 173 1 -0.247673 1
173 79 1 2.541 1
59 64 1 -3.99012 1
59 65 1 1.79775 1
59 66 1 4.83122 1
59 67 1 -3.35297 1
59 68 1 2.92049 1
59 69 1 -3.22082 1
59 70 1 -2.88256 1
59 71 1 -0.113981 1
59 72 1 -0.708744 1
59 73 1 -0.92959 1
59 74 1 1.98966 1
59 75 1 0.48905 1
59 76 1 2.39296 1
59 77 1 0.115065 0
59 78 1 2.27794 1
59 79 1 -2.12266 1
59 80 1 1.83196 1
59 81 1 1.57385 1
59 82 1 -3.91149 1
59 83 1 5.09709 1
59 84 1 0.0585914 1
59 85 1 -5.09796 1
59 86 1 -5.60386 1
59 87 1 2.45522 1
59 88 1 4.46722 1
59 89 1 0.945142 1
59 90 1 0.465848 1
59 91 1 -0.988329 1
59 92 1 2.16622 1
59 93 1 2.86931 1
59 94 1 -5.57432 1
59 95 1 1.99452 1
59 97 1 -1.48162 1
59 5 1 -6.021 1
59 11 1 -3.31288 1
59 13 1 1.35187 1
97 77 1 -5.77735 1
97 22 1 0.345009 1
97 2 1 -6.42167 0
97 99 1 1.91038 1
97 7 1 2.97596 0
97 102 1 2.94115 1
97 17 1 2.66939 1
102 7 1 5.37311 1
99 2 1 0.240279 0
99 108 1 6.30766 1
99 15 1 4.17431 1
108 2 1 0.0851315 0
108 125 1 7.01347 1
108 0 1 -0.872924 1
125 2 1 2.90116 1
125 1 1 1.17681 1
60 64 1 -0.0103924 1
60 65 1 -0.812914 1
60 66 1 1.44149 1
60 67 1 -1.17848 1
60 68 1 0.982037 1
60 69 1 3.04493 1
60 70 1 -2.88342 1
60 71 1 1.28061 1
60 72 1 -0.0770065 0
60 73 1 1.73438 1
60 74 1 1.16214 1
60 75 1 0.936996 1
60 76 1 -1.09028 1
60 77 1 5.45566 1
60 78 1 -3.09263 1
60 79 1 -0.34854 1
60 80 1 -5.74392 1
60 81 1 -2.40262 1
60 82 1 -1.23112 1
60 83 1 1.93167 1
60 84 1 -4.47861 1
60 85 1 2.25908 1
60 86 1 2.66016 1
60 87 1 0.048772 1
60 88 1 -4.28013 1
60 89 1 -0.155798 1
60 90 1 -1.16401 1
60 91 1 0.218047 1
60 92 1 -0.515785 1
60 93 1 -1.23226 1
60 94 1 -0.523511 1
60 95 1 -0.154027 1
60 24 1 -1.29337 1
60 0 1 4.44311 1
60 115 1 1.81059 1
60 3 1 -1.45619 1
60 20 1 -0.834124 1
115 72 1 -1.20134 1
115 18 1 1.24901 1
115 14 1 2.46248 1
115 19 1 -0.665786 1
61 64 1 0.15442 1
61 65 1 0.330619 1
61 66 1 1.71059 1
61 67 1 -0.0574236 1
61 68 1 -4.20531 1
61 69 1 3.47372 1
61 70 1 2.19291 1
61 71 1 1.21855 1
61 72 1 0.553325 1
61 73 1 0.709766 1
61 74 1 4.6976 1
61 75 1 5.52375 1
61 76 1 2.51569 1
61 77 1 -2.28731 0
61 78 1 -4.56147 1
61 79 1 1.56015 1
61 80 1 -2.34279 1
61 81 1 0.133796 1
61 82 1 -0.735634 1
61 83 1 0.0586365 1
61 84 1 -3.96669 1
61 85 1 -1.46392 1
61 86 1 0.00595299 1
61 87 1 2.24292 1
61 88 1 -2.04595 1
61 89 1 1.82136 1
61 90 1 -3.1219 1
61 91 1 2.19592 1
61 92 1 0.313755 1
61 93 1 0.348179 1
61 94 1 0.947178 1
61 95 1 -0.747812 1
61 107 1 0.566167 1
61 113 1 -0.881702 1
61 14 1 -1.53702 1
107 77 1 -5.22425 0
107 113 1 -1.03884 1
107 14 1 -1.90436 1
107 20 1 1.56238 1
113 77 1 -1.18045 0
113 23 1 -1.41631 1
113 147 1 0.847934 1
113 159 1 1.53536 1
159 77 1 -2.85651 0
159 161 1 0.0117099 1
161 77 1 -1.80041 1
62 64 1 -0.758985 1
62 65 1 -3.21922 1
62 66 1 2.55396 1
62 67 1 -2.1873 1
62 68 1 2.27492 1
62 69 1 -1.67425 1
62 70 1 -1.0791 1
62 71 1 -4.82567 1
62 72 1 4.15485 1
62 73 1 2.92724 1
62 74 1 2.68242 1
62 75 1 -1.80901 1
62 76 1 1.88083 1
62 77 1 -4.2471 1
62 78 1 -1.67057 1
62 79 1 -2.74389 1
62 80 1 0.757541 1
62 81 1 1.11689 1
62 82 1 -1.37388 1
62 83 1 4.12092 1
62 84 1 -1.58134 0
62 85 1 -0.517914 1
62 86 1 3.79609 1
62 87 1 -0.560874 1
62 88 1 0.325121 1
62 89 1 -2.84092 1
62 90 1 -8.61302 1
62 91 1 0.548687 1
62 92 1 -0.198513 1
62 93 1 -1.48403 1
62 94 1 -1.2406 1
62 95 1 -1.61773 1
62 5 1 1.0781 1
62 138 1 2.02109 0
62 152 1 1.3488 1
62 31 1 0.375697 1
152 138 1 1.76171 1
138 84 1 -1.15735 1
63 64 1 3.46201 1
63 65 1 -1.4326 1
63 66 1 5.04117 1
63 67 1 -3.54558 1
63 68 1 1.40669 1
63 69 1 -4.49603 1
63 70 1 -3.01612 1
63 71 1 1.85623 1
63 72 1 -0.32406 1
63 73 1 2.64864 1
63 74 1 -7.88448 1
63 75 1 -0.43328 1
63 76 1 -0.855163 0
63 77 1 0.0125304 1
63 78 1 -1.35591 1
63 79 1 -0.701664 1
63 80 1 2.68136 1
63 81 1 -2.55166 1
63 82 1 2.85181 1
63 83 1 -3.98122 1
63 84 1 -1.98416 1
63 85 1 -5.41409 1
63 86 1 6.47691 1
63 87 1 -3.30054 0
63 88 1 -1.11032 1
63 89 1 -2.60043 1
63 90 1 -0.526695 1
63 91 1 -2.46663 1
63 92 1 1.05269 1
63 93 1 1.07078 1
63 94 1 0.00309862 1
63 95 1 -1.59503 1
63 141 1 6.12576 1
63 144 1 0.48706 1
144 76 1 -0.602003 0
144 147 1 1.97588 1
147 76 1 -2.5343 1
147 9 1 -2.82761 1
141 87 1 -5.27426 1
141 10 1 1.26373 1
