186 64 32
2.63943 -1.96568 -3.58481 4.74434 -6.24241 4.61287 -0.0891061 3.94986 -1.39748 5.53182 2.53494 5.7799 -3.40608 -4.47843 -2.58069 -2.91243 1.84007 0.196977 0.700321 -1.24556 0.037854 0.392111 -0.0352507 0.726977 -6.56757 -0.139378 3.91587 2.13085 -4.24972 -3.41287 -3.80621 0.193765 -1.85697 0.754001 0.42685 2.67629 -4.17603 0.380384 -1.08104 -1.1211 -2.04696 1.44641 -3.18735 -3.87579 -5.82093 -4.08743 -4.27296 2.17357 0.242354 4.00842 0.270262 -5.49938 -5.07144 -0.356811 -0.177587 2.58278 -2.89736 2.84235 0.565695 -2.21889 2.48333 -4.3177 -3.25693 -2.76445 -5.30871 -3.4056 4.19735 2.40175 -3.41707 2.5954 -2.31204 -5.2082 -4.2751 -3.39655 2.40172 4.64658 -0.20886 -2.17425 -0.822237 -5.47203 0.877734 -0.394506 -5.05581 1.05881 3.11976 1.84581 -3.28951 -0.91024 4.68378 1.47892 -2.24794 1.85958 -1.27647 -0.712817 0.938898 -0.705843 -1.45289 -2.56622 -1.81433 -2.02301 2.07759 -2.16828 -5.19591 -1.62284 -5.38307 1.90399 -2.03752 -3.91979 -2.11332 -1.48225 -1.95831 2.37336 1.70918 -5.3579 1.26073 -1.20447 -2.07232 0.0787332 -0.178462 -0.714302 4.98745 -2.35313 -1.49687 -0.442142 0.886759 5.03678 -0.252295 1.40865 1.19785 3.19825 0.107464 -0.28329 -1.9949 0.607494 -2.61068 -1.02841 -0.447375 0.255296 -3.66926 -1.97887 2.77088 -2.61382 -1.95535 -3.86054 1.02606 2.88125 -0.26389 -2.95651 0.0734687 -3.52032 -1.99735 0.0573611 0.671339 -0.932508 0.287702 -0.822122 -0.0736084 2.36024 0.431508 0.40932 1.56361 0.512583 0.178949 0.764304 0.874391 -0.560298 1.48723 -0.526621 0.513192 1.35677 -0.285788 0.535779 1.56235 -0.47865 -0.363184 -0.60316 0.288598 0.359644 0.271627 0.0356219 0.576563 -0.178054 0.2176 0.24198 -0.279238 0.250223 
0 64 1 -3.99597 1
0 65 1 2.19227 1
0 66 1 3.18815 1
0 67 1 -0.643949 1
0 68 1 -2.90624 1
0 69 1 1.65231 1
0 70 1 3.14629 1
0 71 1 0.904295 1
0 72 1 1.04022 1
0 73 1 -0.589427 1
0 74 1 -1.61222 1
0 75 1 2.38103 1
0 76 1 2.50999 1
0 77 1 2.68837 1
0 78 1 -0.783827 1
0 79 1 -0.628841 1
0 80 1 2.97454 1
0 81 1 3.48554 1
0 82 1 6.24591 1
0 83 1 0.939988 1
0 84 1 -1.78934 1
0 85 1 5.31638 1
0 86 1 -1.97033 1
0 87 1 -4.03419 1
0 88 1 3.68584 1
0 89 1 3.97753 1
0 90 1 4.10514 1
0 91 1 5.6177 1
0 92 1 -4.03492 1
0 93 1 -2.04793 1
0 94 1 1.19044 1
0 95 1 0.117443 1
0 10 1 -3.20283 1
1 64 1 0.303127 1
1 65 1 -5.0303 1
1 66 1 2.60264 1
1 67 1 -5.28788 1
1 68 1 5.37392 1
1 69 1 -1.83359 1
1 70 1 3.2565 1
1 71 1 -0.214804 1
1 72 1 -3.28378 1
1 73 1 -0.941161 1
1 74 1 -2.19301 1
1 75 1 4.70825 1
1 76 1 -2.30655 1
1 77 1 7.11642 1
1 78 1 -0.715398 1
1 79 1 -1.90968 1
1 80 1 -2.11015 1
1 81 1 1.17711 1
1 82 1 -0.392303 1
1 83 1 -6.25112 1
1 84 1 -5.39475 1
1 85 1 -2.12845 1
1 86 1 2.89754 1
1 87 1 -0.950411 1
1 88 1 -0.73427 1
1 89 1 4.26187 1
1 90 1 -1.24536 1
1 91 1 -1.3702 1
1 92 1 0.471728 1
1 93 1 0.458905 1
1 94 1 -0.931563 1
1 95 1 -6.76107 1
1 27 1 0.100998 1
2 64 1 0.31852 1
2 65 1 -2.11432 1
2 66 1 -5.33659 1
2 67 1 -2.307 1
2 68 1 -1.90445 1
2 69 1 -0.244387 1
2 70 1 -0.567391 1
2 71 1 2.07977 1
2 72 1 -0.752679 1
2 73 1 -1.64817 1
2 74 1 -3.93069 1
2 75 1 1.28728 1
2 76 1 -3.16698 1
2 77 1 -1.75562 1
2 78 1 0.726107 1
2 79 1 -3.8442 1
2 80 1 -6.00203 1
2 81 1 -5.31969 1
2 82 1 1.19751 1
2 83 1 -4.103 1
2 84 1 -0.404947 1
2 85 1 3.68907 1
2 86 1 -1.20548 1
2 87 1 -1.09197 1
2 88 1 -1.63085 1
2 89 1 -4.80552 1
2 90 1 -4.05067 1
2 91 1 -2.58206 1
2 92 1 2.19602 0
2 93 1 -2.52255 1
2 94 1 3.14696 1
2 95 1 -2.27844 1
2 100 1 0.261607 1
2 6 1 3.90028 1
2 110 1 -0.431658 1
2 180 1 0.875418 1
180 92 1 3.09297 1
3 64 1 -2.11731 1
3 65 1 -1.6704 1
3 66 1 1.04656 1
3 67 1 0.0546686 1
3 68 1 5.99697 1
3 69 1 -2.16751 1
3 70 1 -3.68874 1
3 71 1 -0.439776 1
3 72 1 8.16557 1
3 73 1 -0.302936 1
3 74 1 -0.144327 1
3 75 1 3.38398 1
3 76 1 -0.900881 1
3 77 1 0.329208 1
3 78 1 -1.21825 1
3 79 1 0.464956 1
3 80 1 -3.93237 1
3 81 1 0.452874 1
3 82 1 4.96821 1
3 83 1 3.56656 1
3 84 1 0.303297 1
3 85 1 -4.73888 1
3 86 1 1.12069 1
3 87 1 4.20041 1
3 88 1 -2.8844 1
3 89 1 3.93261 1
3 90 1 -0.292097 1
3 91 1 3.08549 1
3 92 1 1.87707 1
3 93 1 -3.04956 1
3 94 1 -1.79761 1
3 95 1 3.41969 0
3 110 1 3.03624 1
110 95 1 -1.36351 0
110 111 1 -1.51753 0
110 132 1 2.36815 1
110 152 1 0.532143 1
110 126 1 0.139784 1
110 20 1 0.341816 1
110 16 1 1.0005 1
132 111 1 1.23274 1
111 95 1 1.41269 1
4 64 1 2.4607 1
4 65 1 -1.48486 1
4 66 1 -0.091336 1
4 67 1 5.03087 1
4 68 1 0.367398 1
4 69 1 2.95838 1
4 70 1 -0.0081112 1
4 71 1 -0.247542 1
4 72 1 -1.49702 1
4 73 1 -2.81191 0
4 74 1 -0.308857 1
4 75 1 -7.11627 0
4 76 1 1.35326 1
4 77 1 3.27908 1
4 78 1 0.0416444 1
4 79 1 0.48459 1
4 80 1 -6.46744 1
4 81 1 2.13348 1
4 82 1 0.00340919 1
4 83 1 -1.181 1
4 84 1 -2.13461 1
4 85 1 1.46591 1
4 86 1 1.98414 1
4 87 1 -3.24069 1
4 88 1 -2.08644 1
4 89 1 -2.1724 1
4 90 1 3.98058 1
4 91 1 -2.29713 1
4 92 1 -2.04778 1
4 93 1 1.17234 0
4 94 1 -3.2589 1
4 95 1 2.82436 1
4 101 1 3.19828 1
4 17 1 5.36734 1
4 118 1 2.05043 1
4 145 1 1.26344 1
4 119 1 -1.25822 1
145 93 1 0.487935 1
118 73 1 -6.15457 1
101 75 1 2.0182 1
5 64 1 -2.58464 1
5 65 1 6.71725 1
5 66 1 -2.77521 1
5 67 1 9.82328 1
5 68 1 2.66656 1
5 69 1 3.4953 1
5 70 1 1.51373 1
5 71 1 -1.1116 1
5 72 1 0.164897 1
5 73 1 -1.83323 1
5 74 1 -1.70435 1
5 75 1 3.63341 1
5 76 1 2.78988 1
5 77 1 0.874388 1
5 78 1 -0.46882 1
5 79 1 1.23295 1
5 80 1 1.90636 1
5 81 1 -0.448345 1
5 82 1 -0.557529 1
5 83 1 4.75329 1
5 84 1 3.26297 1
5 85 1 3.21948 1
5 86 1 0.276017 1
5 87 1 0.581221 1
5 88 1 0.377783 1
5 89 1 -4.30883 1
5 90 1 -1.93248 1
5 91 1 -1.21704 1
5 92 1 -2.27931 1
5 93 1 0.450089 1
5 94 1 -2.0919 1
5 95 1 0.00622854 1
5 28 1 3.80134 1
6 64 1 -1.08972 1
6 65 1 -1.60179 1
6 66 1 1.53585 1
6 67 1 2.98417 1
6 68 1 -3.15663 1
6 69 1 -2.55486 1
6 70 1 -5.44759 1
6 71 1 0.938784 1
6 72 1 3.13669 1
6 73 1 -3.5965 1
6 74 1 -3.85437 1
6 75 1 3.11549 1
6 76 1 5.66697 1
6 77 1 -3.3166 1
6 78 1 0.52682 1
6 79 1 -4.11039 1
6 80 1 3.78283 1
6 81 1 -1.17811 1
6 82 1 1.441 1
6 83 1 3.09868 1
6 84 1 2.19206 1
6 85 1 -5.63406 1
6 86 1 -0.56013 1
6 87 1 6.03575 1
6 88 1 -2.06163 1
6 89 1 -2.15879 1
6 90 1 3.77809 1
6 91 1 0.254954 1
6 92 1 5.80034 1
6 93 1 -4.2325 1
6 94 1 -2.47503 1
6 95 1 3.8359 1
6 26 1 0.650619 1
7 64 1 1.27078 1
7 65 1 1.27848 1
7 66 1 1.37505 1
7 67 1 -5.19231 1
7 68 1 -2.89161 1
7 69 1 -3.29 1
7 70 1 5.13664 1
7 71 1 4.20258 1
7 72 1 3.61695 1
7 73 1 -1.57624 1
7 74 1 -1.83595 1
7 75 1 0.564005 0
7 76 1 1.6854 1
7 77 1 2.94146 1
7 78 1 3.08133 1
7 79 1 1.51928 1
7 80 1 -0.934455 1
7 81 1 2.61455 1
7 82 1 -5.39212 0
7 83 1 0.647237 0
7 84 1 -3.25063 1
7 85 1 4.17464 1
7 86 1 0.0515878 1
7 87 1 4.51395 1
7 88 1 -2.17128 1
7 89 1 -2.09554 1
7 90 1 2.53292 1
7 91 1 -2.94324 1
7 92 1 0.578691 1
7 93 1 -0.993149 1
7 94 1 0.080289 1
7 95 1 1.49118 1
7 100 1 -0.217524 1
7 127 1 3.69995 1
7 164 1 0.865665 1
164 75 1 0.611953 1
127 82 1 -5.28389 0
127 169 1 0.674934 1
127 150 1 1.51061 1
169 82 1 -4.44997 1
100 83 1 4.16918 0
100 24 1 -0.758065 0
100 106 1 3.09466 1
100 166 1 -0.744151 1
166 83 1 3.15104 1
106 24 1 -8.19117 1
106 6 1 -3.04079 1
8 64 1 1.23578 1
8 65 1 -2.36751 1
8 66 1 -0.248042 1
8 67 1 -1.01707 1
8 68 1 -2.68709 1
8 69 1 4.3564 1
8 70 1 1.85318 1
8 71 1 3.95307 1
8 72 1 3.75622 1
8 73 1 -3.25693 1
8 74 1 -3.18987 1
8 75 1 -2.89907 1
8 76 1 2.81502 1
8 77 1 3.3834 1
8 78 1 0.779817 1
8 79 1 -3.23278 1
8 80 1 1.24139 1
8 81 1 -2.24798 1
8 82 1 -2.18637 1
8 83 1 -3.69683 1
8 84 1 2.73936 1
8 85 1 8.22273 1
8 86 1 6.10052 1
8 87 1 2.93567 1
8 88 1 0.878524 1
8 89 1 5.00228 1
8 90 1 1.05991 1
8 91 1 -1.40931 1
8 92 1 2.44986 1
8 93 1 4.6698 1
8 94 1 5.72213 1
8 95 1 -1.4567 1
8 17 1 -0.110569 1
9 64 1 -4.12669 1
9 65 1 -2.36314 1
9 66 1 2.47835 1
9 67 1 1.07753 1
9 68 1 -1.057 1
9 69 1 -0.317778 1
9 70 1 -8.37649 1
9 71 1 -2.76294 1
9 72 1 3.48623 1
9 73 1 -1.827 1
9 74 1 -0.854344 1
9 75 1 1.43552 1
9 76 1 4.3259 1
9 77 1 0.847954 1
9 78 1 1.40047 1
9 79 1 2.66682 0
9 80 1 -0.572764 1
9 81 1 1.53053 1
9 82 1 -2.14544 1
9 83 1 -2.95631 1
9 84 1 5.00289 1
9 85 1 0.740079 1
9 86 1 0.162774 1
9 87 1 -1.15665 1
9 88 1 3.25315 1
9 89 1 4.50609 1
9 90 1 0.200119 1
9 91 1 -0.0601111 1
9 92 1 -1.38738 1
9 93 1 -0.850732 1
9 94 1 -4.77944 1
9 95 1 0.186096 1
9 103 1 -2.75602 1
9 130 1 0.0710048 1
9 157 1 -0.15526 1
157 79 1 1.31043 1
157 22 1 -0.395177 1
10 64 1 1.67711 1
10 65 1 0.137101 1
10 66 1 2.90467 1
10 67 1 -2.308 1
10 68 1 2.93055 1
10 69 1 -1.79016 1
10 70 1 -0.684625 1
10 71 1 0.808742 1
10 72 1 5.99893 1
10 73 1 4.23192 1
10 74 1 -0.465502 0
10 75 1 1.39896 1
10 76 1 4.05269 1
10 77 1 -0.0288612 1
10 78 1 0.878057 1
10 79 1 -3.82577 1
10 80 1 -2.16883 1
10 81 1 4.6247 1
10 82 1 3.15166 1
10 83 1 1.33855 1
10 84 1 6.65065 1
10 85 1 2.77107 1
10 86 1 -2.56845 1
10 87 1 -2.27426 1
10 88 1 3.34545 1
10 89 1 1.15454 1
10 90 1 -1.02489 1
10 91 1 2.58963 1
10 92 1 -1.02353 1
10 93 1 -0.0281592 1
10 94 1 4.50989 1
10 95 1 4.15369 0
10 124 1 3.5207 1
10 165 1 -0.0875885 1
165 95 1 5.12707 1
165 133 1 1.27783 1
165 136 1 -0.553437 1
124 74 1 -0.432317 1
124 12 1 2.46412 0
124 171 1 0.462727 1
171 12 1 1.44865 1
11 64 1 3.1351 1
11 65 1 2.2553 1
11 66 1 4.43413 1
11 67 1 -3.30273 1
11 68 1 1.82732 1
11 69 1 1.52145 1
11 70 1 3.17236 1
11 71 1 0.289163 1
11 72 1 -7.79441 1
11 73 1 1.33831 1
11 74 1 0.278741 0
11 75 1 -2.10468 1
11 76 1 -2.12357 1
11 77 1 0.314079 1
11 78 1 -0.966186 1
11 79 1 0.0274788 1
11 80 1 -1.51282 1
11 81 1 2.48521 1
11 82 1 5.04154 0
11 83 1 4.54239 1
11 84 1 1.15603 1
11 85 1 -0.819311 1
11 86 1 -4.43198 1
11 87 1 -0.800184 1
11 88 1 -6.55305 1
11 89 1 1.24227 1
11 90 1 0.988178 1
11 91 1 -2.35474 1
11 92 1 -1.73433 1
11 93 1 2.79058 1
11 94 1 -3.48628 1
11 95 1 -6.23232 1
11 120 1 -6.48247 1
11 109 1 -1.22782 1
11 154 1 2.24477 1
11 8 1 -1.3282 1
11 112 1 3.03754 1
154 82 1 4.79846 1
120 74 1 -3.10122 1
120 13 1 0.449879 0
120 150 1 3.46343 1
150 13 1 2.81464 0
150 163 1 2.5186 1
163 13 1 2.23882 1
12 64 1 -1.39414 1
12 65 1 -2.47063 0
12 66 1 0.102365 1
12 67 1 -3.54126 1
12 68 1 0.909 1
12 69 1 2.83245 1
12 70 1 1.03515 1
12 71 1 -1.8828 1
12 72 1 3.38109 1
12 73 1 -2.78943 1
12 74 1 -2.71693 1
12 75 1 -0.336353 1
12 76 1 -1.86174 1
12 77 1 2.12867 1
12 78 1 -1.93712 1
12 79 1 -3.07074 1
12 80 1 -2.76654 1
12 81 1 -1.83663 1
12 82 1 4.93225 1
12 83 1 1.0248 1
12 84 1 2.58607 1
12 85 1 0.0831447 1
12 86 1 -3.44958 1
12 87 1 -3.41804 1
12 88 1 -1.47563 1
12 89 1 1.95806 1
12 90 1 -1.09136 1
12 91 1 -3.38228 1
12 92 1 2.3721 1
12 93 1 -2.74851 1
12 94 1 2.7231 1
12 95 1 -3.05836 1
12 17 1 1.14511 1
12 18 1 0.679979 1
12 144 1 -2.03001 1
12 167 1 1.94706 1
12 11 1 -0.555369 1
167 65 1 -2.42454 1
167 12 1 0.375094 1
13 64 1 -0.587557 1
13 65 1 -2.57285 1
13 66 1 -1.94102 1
13 67 1 0.329321 1
13 68 1 3.34604 1
13 69 1 -2.51634 1
13 70 1 0.29216 1
13 71 1 0.804163 1
13 72 1 0.954791 1
13 73 1 -0.714269 1
13 74 1 -0.777786 1
13 75 1 -1.67824 1
13 76 1 -0.97565 1
13 77 1 -2.54256 1
13 78 1 3.77231 1
13 79 1 3.62793 1
13 80 1 -0.660761 1
13 81 1 1.78289 1
13 82 1 2.79872 1
13 83 1 4.54239 1
13 84 1 -4.69649 1
13 85 1 6.95494 1
13 86 1 5.4329 1
13 87 1 5.43688 1
13 88 1 3.37694 1
13 89 1 -0.190038 1
13 90 1 -4.20834 1
13 91 1 -5.7926 1
13 92 1 -3.17667 1
13 93 1 -2.31856 1
13 94 1 0.0890643 1
13 95 1 -3.6146 1
14 64 1 -0.363282 1
14 65 1 5.7206 1
14 66 1 0.341475 1
14 67 1 2.28706 1
14 68 1 -0.717548 1
14 69 1 1.92174 1
14 70 1 -0.466993 1
14 71 1 0.723402 1
14 72 1 5.08342 1
14 73 1 2.30823 1
14 74 1 0.0383346 1
14 75 1 3.03118 1
14 76 1 -4.5041 1
14 77 1 0.828687 1
14 78 1 -2.56609 1
14 79 1 -1.07898 1
14 80 1 -0.406346 1
14 81 1 1.64379 0
14 82 1 3.51476 1
14 83 1 -0.904196 1
14 84 1 -0.680089 1
14 85 1 -2.13923 1
14 86 1 2.09721 1
14 87 1 -1.12014 1
14 88 1 -2.57784 1
14 89 1 1.18276 1
14 90 1 -0.18426 1
14 91 1 3.86587 1
14 92 1 4.57227 1
14 93 1 1.69108 1
14 94 1 5.8248 1
14 95 1 1.60879 1
14 104 1 0.381039 1
14 119 1 1.20108 1
14 126 1 1.31094 1
119 81 1 5.48653 1
119 99 1 0.572807 1
15 64 1 0.241366 1
15 65 1 3.33261 1
15 66 1 -2.43662 1
15 67 1 -1.76748 1
15 68 1 1.19748 1
15 69 1 -3.34285 1
15 70 1 7.20626 1
15 71 1 -2.37117 1
15 72 1 -2.52753 1
15 73 1 1.23693 1
15 74 1 1.67896 1
15 75 1 -0.803678 1
15 76 1 0.275476 1
15 77 1 0.785059 1
15 78 1 -3.22074 1
15 79 1 1.12525 1
15 80 1 3.6473 1
15 81 1 0.117009 1
15 82 1 -4.29701 1
15 83 1 0.661714 1
15 84 1 1.53106 1
15 85 1 -2.00425 1
15 86 1 2.00375 1
15 87 1 -7.90391 1
15 88 1 1.62743 1
15 89 1 4.07956 1
15 90 1 -0.0144608 1
15 91 1 -3.63056 1
15 92 1 1.60209 1
15 93 1 -0.786985 1
15 94 1 -0.104262 1
15 95 1 -2.06909 1
15 20 1 -2.29114 1
16 64 1 4.28559 1
16 65 1 -1.79789 1
16 66 1 -1.05608 1
16 67 1 -4.78561 1
16 68 1 1.0534 1
16 69 1 0.376991 1
16 70 1 2.94844 1
16 71 1 5.15198 1
16 72 1 -0.647135 1
16 73 1 -1.7413 1
16 74 1 -0.207586 1
16 75 1 1.55266 1
16 76 1 2.65618 1
16 77 1 1.9723 1
16 78 1 -2.01853 1
16 79 1 -1.49772 0
16 80 1 2.43204 1
16 81 1 2.78824 1
16 82 1 -4.17748 1
16 83 1 1.46097 1
16 84 1 -1.14444 1
16 85 1 -0.1595 1
16 86 1 2.01557 1
16 87 1 -0.599603 1
16 88 1 1.83666 1
16 89 1 0.966989 1
16 90 1 -4.02899 1
16 91 1 2.85837 1
16 92 1 3.47737 1
16 93 1 -2.29443 1
16 94 1 -0.599372 1
16 95 1 -3.80092 1
16 26 1 -1.42349 1
16 151 1 2.66409 1
16 144 1 -0.357023 1
151 79 1 -0.0550233 1
17 64 1 -1.30474 1
17 65 1 0.309033 1
17 66 1 -0.97505 1
17 67 1 3.2315 1
17 68 1 0.242936 1
17 69 1 0.761905 1
17 70 1 0.820957 1
17 71 1 5.54322 1
17 72 1 -5.90342 0
17 73 1 1.42722 1
17 74 1 2.90906 1
17 75 1 -1.8205 1
17 76 1 -1.78007 1
17 77 1 2.17033 1
17 78 1 -1.66817 1
17 79 1 -3.7614 1
17 80 1 5.30684 1
17 81 1 2.15962 1
17 82 1 0.960856 1
17 83 1 -1.6359 1
17 84 1 -1.03136 1
17 85 1 2.98646 1
17 86 1 -0.518407 1
17 87 1 -3.55582 1
17 88 1 -6.71078 1
17 89 1 0.999924 1
17 90 1 -3.49833 1
17 91 1 3.78745 1
17 92 1 0.510761 1
17 93 1 1.76911 1
17 94 1 2.0443 1
17 95 1 1.17463 1
17 146 1 3.87813 1
146 72 1 -4.79055 0
146 30 1 -0.786609 1
146 177 1 -0.00913248 1
177 72 1 -4.12376 1
18 64 1 1.48649 1
18 65 1 -4.47938 1
18 66 1 2.86344 1
18 67 1 2.41864 1
18 68 1 -3.40214 1
18 69 1 -0.357536 0
18 70 1 4.48423 1
18 71 1 -1.71035 1
18 72 1 1.01069 1
18 73 1 -1.3311 1
18 74 1 1.67614 1
18 75 1 -2.52907 1
18 76 1 2.99835 1
18 77 1 -0.463508 1
18 78 1 0.783647 1
18 79 1 2.97874 1
18 80 1 -6.14228 1
18 81 1 4.6847 1
18 82 1 -3.18674 1
18 83 1 3.99134 1
18 84 1 -4.10668 1
18 85 1 3.0063 1
18 86 1 4.84797 1
18 87 1 -4.75126 1
18 88 1 1.39695 1
18 89 1 -3.18657 1
18 90 1 -0.368152 1
18 91 1 0.122508 1
18 92 1 -3.20926 1
18 93 1 2.40598 1
18 94 1 -0.757497 1
18 95 1 0.942714 1
18 25 1 -1.75122 1
18 18 1 -1.09807 1
18 139 1 2.39744 1
18 182 1 0.951879 1
182 69 1 -0.257533 1
19 64 1 6.37156 1
19 65 1 -0.740373 1
19 66 1 6.53536 1
19 67 1 -1.88347 1
19 68 1 -2.07103 1
19 69 1 2.26761 1
19 70 1 -1.191 1
19 71 1 -0.0728265 1
19 72 1 3.64397 1
19 73 1 0.455408 1
19 74 1 0.947617 1
19 75 1 0.648503 1
19 76 1 -5.01604 1
19 77 1 -0.0835919 1
19 78 1 0.328258 1
19 79 1 5.93554 1
19 80 1 -1.96506 1
19 81 1 -2.03031 1
19 82 1 0.709063 1
19 83 1 -2.87349 1
19 84 1 1.95206 1
19 85 1 2.92667 1
19 86 1 -1.84195 1
19 87 1 2.82514 1
19 88 1 0.200612 1
19 89 1 5.57849 1
19 90 1 -0.971836 1
19 91 1 -1.5432 1
19 92 1 -1.25785 1
19 93 1 -4.17003 1
19 94 1 -2.59239 1
19 95 1 -7.8078 1
20 64 1 0.840176 1
20 65 1 -0.766854 1
20 66 1 -2.26811 1
20 67 1 -0.72815 1
20 68 1 -0.265043 1
20 69 1 1.58684 1
20 70 1 -2.73961 1
20 71 1 5.2306 1
20 72 1 0.0543954 1
20 73 1 2.93894 1
20 74 1 2.95285 1
20 75 1 3.34922 1
20 76 1 -0.366871 1
20 77 1 -3.85329 1
20 78 1 1.86847 1
20 79 1 1.53561 1
20 80 1 0.63547 1
20 81 1 -0.411579 1
20 82 1 4.39001 1
20 83 1 0.572565 1
20 84 1 3.67923 1
20 85 1 -3.69131 1
20 86 1 -0.163521 1
20 87 1 -0.119653 1
20 88 1 1.13828 1
20 89 1 0.76882 1
20 90 1 1.21453 1
20 91 1 1.7301 0
20 92 1 3.24901 1
20 93 1 2.8289 0
20 94 1 2.51328 0
20 95 1 1.61209 1
20 96 1 -2.00273 1
20 98 1 2.13084 1
20 103 1 2.01287 1
20 109 1 -0.458534 1
103 91 1 1.14942 0
103 105 1 4.43644 1
103 112 1 -1.94631 0
103 123 1 -1.5371 1
103 140 1 -1.63242 1
140 112 1 0.931802 1
123 91 1 -0.110415 1
123 113 1 -0.436556 0
123 136 1 0.686541 1
123 137 1 0.683086 1
136 113 1 -1.91351 1
136 6 1 -1.0859 1
105 91 1 3.74153 0
105 129 1 0.395248 1
129 91 1 1.12614 0
129 135 1 4.77405 1
129 116 1 -1.46248 1
135 91 1 -2.32652 1
98 93 1 2.40711 1
98 99 1 7.16443 1
98 15 1 0.8791 1
96 94 1 2.07638 1
96 20 1 -0.353213 0
96 155 1 1.99314 1
155 20 1 -1.85029 0
155 30 1 0.816308 1
155 176 1 1.22385 1
176 20 1 -1.65013 1
21 64 1 3.19879 1
21 65 1 6.43413 1
21 66 1 -5.99585 1
21 67 1 -4.62684 1
21 68 1 -0.0739623 1
21 69 1 0.297906 1
21 70 1 1.03702 1
21 71 1 -5.95313 1
21 72 1 -7.92807 1
21 73 1 -1.27231 1
21 74 1 -1.48894 1
21 75 1 2.12227 1
21 76 1 -2.1045 1
21 77 1 -2.13298 1
21 78 1 -0.387033 1
21 79 1 -3.37673 1
21 80 1 1.60549 1
21 81 1 -2.1293 1
21 82 1 0.458764 1
21 83 1 -1.91383 1
21 84 1 7.84731 1
21 85 1 0.949856 1
21 86 1 1.70738 1
21 87 1 -0.950552 1
21 88 1 5.15058 1
21 89 1 1.18663 1
21 90 1 -0.272761 1
21 91 1 0.70169 0
21 92 1 3.04115 1
21 93 1 2.20516 1
21 94 1 -2.4733 1
21 95 1 0.886751 1
21 143 1 5.70773 1
143 91 1 -2.12898 1
22 64 1 1.20224 1
22 65 1 0.0948472 1
22 66 1 1.73834 1
22 67 1 6.27497 1
22 68 1 1.22368 1
22 69 1 -1.82382 1
22 70 1 -1.88238 1
22 71 1 0.617141 1
22 72 1 -3.95306 1
22 73 1 0.948349 1
22 74 1 -5.08976 1
22 75 1 -0.933498 1
22 76 1 0.637273 1
22 77 1 -1.30533 1
22 78 1 4.04054 1
22 79 1 5.24297 1
22 80 1 1.75005 1
22 81 1 -3.62588 1
22 82 1 1.6546 1
22 83 1 -1.24894 1
22 84 1 -1.91561 1
22 85 1 3.64547 1
22 86 1 -0.520103 1
22 87 1 5.56937 1
22 88 1 -3.56237 1
22 89 1 -0.182049 1
22 90 1 0.35549 1
22 91 1 0.902885 1
22 92 1 0.83333 1
22 93 1 3.82079 1
22 94 1 6.5009 1
22 95 1 1.21172 1
23 64 1 -2.00477 1
23 65 1 1.16125 1
23 66 1 3.14033 1
23 67 1 3.62677 1
23 68 1 -3.48223 1
23 69 1 2.56859 1
23 70 1 3.44369 1
23 71 1 -4.13534 1
23 72 1 -1.98269 1
23 73 1 -1.13619 1
23 74 1 3.04242 1
23 75 1 2.69426 1
23 76 1 2.70743 1
23 77 1 3.29801 1
23 78 1 0.866926 0
23 79 1 -6.21913 1
23 80 1 2.23318 1
23 81 1 1.32163 1
23 82 1 -3.89932 1
23 83 1 -0.491003 1
23 84 1 1.89599 1
23 85 1 -2.10743 1
23 86 1 -11.7221 1
23 87 1 -0.772819 1
23 88 1 2.98412 1
23 89 1 -2.10281 1
23 90 1 -7.10151 1
23 91 1 -1.75672 1
23 92 1 2.76355 1
23 93 1 3.73861 1
23 94 1 -3.33612 1
23 95 1 1.15751 1
23 107 1 -0.305737 1
23 27 1 0.27017 1
23 178 1 1.26106 1
178 78 1 0.405027 1
24 64 1 -2.27611 1
24 65 1 2.6612 1
24 66 1 -1.02311 1
24 67 1 6.09569 1
24 68 1 -5.41966 1
24 69 1 2.60284 0
24 70 1 1.67735 1
24 71 1 5.02969 1
24 72 1 1.4473 1
24 73 1 2.5753 1
24 74 1 -0.0685315 1
24 75 1 0.594831 1
24 76 1 -3.35624 1
24 77 1 -0.0175975 1
24 78 1 -6.94972 1
24 79 1 0.730664 1
24 80 1 6.14158 1
24 81 1 3.53645 1
24 82 1 -0.824669 1
24 83 1 -1.10447 1
24 84 1 -3.04069 1
24 85 1 -0.618549 1
24 86 1 -4.50758 1
24 87 1 4.5446 1
24 88 1 -1.36895 1
24 89 1 8.43653 1
24 90 1 4.47023 1
24 91 1 -2.62119 1
24 92 1 -0.110254 1
24 93 1 -1.40971 1
24 94 1 -0.943875 1
24 95 1 -4.67476 1
24 5 1 1.30316 1
24 168 1 -0.741295 1
168 69 1 4.34271 1
168 172 1 0.394085 1
25 64 1 -1.52509 1
25 65 1 1.98055 1
25 66 1 -1.31173 1
25 67 1 -3.31258 1
25 68 1 1.60118 1
25 69 1 -6.02571 1
25 70 1 0.230559 0
25 71 1 -3.25278 1
25 72 1 2.8332 1
25 73 1 3.22588 1
25 74 1 1.64093 1
25 75 1 -3.58296 1
25 76 1 0.714309 1
25 77 1 -0.352903 1
25 78 1 3.50348 1
25 79 1 0.576733 1
25 80 1 -0.698177 1
25 81 1 -0.092315 1
25 82 1 -2.59213 1
25 83 1 2.21817 1
25 84 1 -0.26855 1
25 85 1 -1.49176 1
25 86 1 5.96828 1
25 87 1 -0.609579 1
25 88 1 -1.2186 1
25 89 1 -2.47443 1
25 90 1 -3.93021 1
25 91 1 3.12724 1
25 92 1 3.30314 1
25 93 1 -1.55359 1
25 94 1 -2.51829 0
25 95 1 -3.70766 1
25 8 1 2.18804 1
25 6 1 -1.3191 1
25 121 1 0.127541 1
25 175 1 1.12845 1
175 94 1 -2.93503 1
121 70 1 6.10588 1
26 64 1 -2.76108 1
26 65 1 2.66875 1
26 66 1 -0.79273 1
26 67 1 2.26536 1
26 68 1 -1.25687 1
26 69 1 1.29431 1
26 70 1 -1.06262 1
26 71 1 1.5554 1
26 72 1 -2.68157 1
26 73 1 0.457904 1
26 74 1 -9.02585 1
26 75 1 3.85512 1
26 76 1 2.69026 1
26 77 1 -4.5647 1
26 78 1 2.03115 1
26 79 1 -0.51463 1
26 80 1 -3.76108 1
26 81 1 3.77001 1
26 82 1 3.00354 1
26 83 1 2.19026 1
26 84 1 -5.44529 1
26 85 1 0.700814 1
26 86 1 -4.80499 1
26 87 1 1.40383 1
26 88 1 -3.71369 1
26 89 1 1.55741 1
26 90 1 -3.11183 1
26 91 1 -2.93015 1
26 92 1 -0.137232 1
26 93 1 -2.03685 1
26 94 1 2.07944 1
26 95 1 0.335339 1
26 23 1 5.08178 1
26 15 1 0.279959 1
26 161 1 -0.92562 1
27 64 1 -1.9117 1
27 65 1 5.39923 1
27 66 1 3.88082 1
27 67 1 0.184045 1
27 68 1 3.07841 1
27 69 1 0.846124 1
27 70 1 5.45641 1
27 71 1 -6.2787 1
27 72 1 -0.0534485 1
27 73 1 1.14327 1
27 74 1 -3.49617 1
27 75 1 3.59122 1
27 76 1 -3.13565 1
27 77 1 2.0742 1
27 78 1 2.78394 1
27 79 1 1.33687 1
27 80 1 -0.73045 1
27 81 1 -2.24267 1
27 82 1 2.39968 1
27 83 1 0.0671988 1
27 84 1 3.72661 1
27 85 1 -1.40578 1
27 86 1 -3.47018 1
27 87 1 -1.0091 1
27 88 1 -7.66661 1
27 89 1 -4.76941 1
27 90 1 5.21014 1
27 91 1 -2.60556 1
27 92 1 0.397772 1
27 93 1 -0.684934 1
27 94 1 0.801124 1
27 95 1 -0.826414 1
27 9 1 4.69211 1
27 5 1 0.125752 1
28 64 1 1.88426 1
28 65 1 -0.110384 1
28 66 1 -0.550952 1
28 67 1 4.79572 1
28 68 1 6.02049 1
28 69 1 1.58992 1
28 70 1 -2.24022 1
28 71 1 0.987533 1
28 72 1 -7.34952 1
28 73 1 1.19649 1
28 74 1 -2.27233 1
28 75 1 1.97058 1
28 76 1 1.32179 1
28 77 1 2.56726 1
28 78 1 -3.86834 1
28 79 1 2.58474 1
28 80 1 1.45249 1
28 81 1 -0.531118 1
28 82 1 4.287 1
28 83 1 1.903 1
28 84 1 4.38839 1
28 85 1 -4.1514 1
28 86 1 -2.12193 1
28 87 1 2.00435 1
28 88 1 -5.35069 1
28 89 1 0.869093 1
28 90 1 -2.97283 1
28 91 1 0.291508 1
28 92 1 6.41482 1
28 93 1 -1.04598 1
28 94 1 5.31415 1
28 95 1 -2.69276 1
29 64 1 -1.79302 1
29 65 1 1.46322 1
29 66 1 -1.14209 1
29 67 1 3.89176 1
29 68 1 -8.24091 1
29 69 1 1.56656 1
29 70 1 -3.39372 1
29 71 1 -1.18702 1
29 72 1 1.02648 1
29 73 1 0.865995 1
29 74 1 -2.48643 1
29 75 1 0.132216 1
29 76 1 -0.0629418 1
29 77 1 2.43514 1
29 78 1 -5.54448 1
29 79 1 -3.78305 1
29 80 1 2.33729 1
29 81 1 2.39597 1
29 82 1 0.735416 1
29 83 1 1.141 1
29 84 1 0.371123 1
29 85 1 -1.21123 1
29 86 1 -4.42579 1
29 87 1 -2.80075 1
29 88 1 -1.75528 1
29 89 1 -3.14709 1
29 90 1 0.103019 1
29 91 1 2.50984 1
29 92 1 2.07076 1
29 93 1 0.711096 1
29 94 1 -1.98149 1
29 95 1 1.69013 1
29 113 1 2.04232 1
30 64 1 -1.56143 1
30 65 1 6.58463 1
30 66 1 3.87169 1
30 67 1 -1.82253 1
30 68 1 0.80389 1
30 69 1 1.41098 1
30 70 1 4.54573 1
30 71 1 -1.39234 1
30 72 1 -2.22752 1
30 73 1 4.20017 1
30 74 1 -1.1158 1
30 75 1 1.79911 1
30 76 1 2.92379 1
30 77 1 -1.99458 1
30 78 1 4.07825 1
30 79 1 4.76372 1
30 80 1 -2.78558 1
30 81 1 -0.406165 1
30 82 1 6.45703 1
30 83 1 2.28315 1
30 84 1 1.71219 1
30 85 1 -3.11613 1
30 86 1 -2.02797 1
30 87 1 -3.46623 1
30 88 1 1.14529 1
30 89 1 -2.08429 1
30 90 1 -0.766462 1
30 91 1 5.40391 1
30 92 1 -0.57817 1
30 93 1 2.11275 1
30 94 1 1.46403 1
30 95 1 -3.30554 1
30 28 1 1.49766 1
31 64 1 0.866394 1
31 65 1 -3.62194 1
31 66 1 -4.14582 1
31 67 1 8.25976 1
31 68 1 4.71826 1
31 69 1 1.22357 1
31 70 1 0.219104 1
31 71 1 1.59602 1
31 72 1 -2.98057 1
31 73 1 0.103333 1
31 74 1 4.00837 1
31 75 1 -0.0781512 1
31 76 1 -2.45601 1
31 77 1 0.765673 1
31 78 1 -3.40357 1
31 79 1 0.0576126 1
31 80 1 -1.75062 1
31 81 1 -1.32084 1
31 82 1 -0.950832 1
31 83 1 -0.842692 1
31 84 1 -3.67529 1
31 85 1 -4.3152 1
31 86 1 0.732764 1
31 87 1 -4.39665 0
31 88 1 1.87963 1
31 89 1 -1.16566 1
31 90 1 -1.43767 1
31 91 1 -4.33107 1
31 92 1 -0.895114 1
31 93 1 -1.0955 1
31 94 1 3.22612 1
31 95 1 -1.17655 1
31 122 1 1.67693 1
31 10 1 -1.05284 1
31 117 1 -1.06965 1
122 87 1 -0.778458 1
32 64 1 6.35956 1
32 65 1 1.99716 1
32 66 1 -3.34859 1
32 67 1 2.04248 1
32 68 1 1.39713 1
32 69 1 4.19127 1
32 70 1 -1.15365 1
32 71 1 3.88776 1
32 72 1 -2.12959 1
32 73 1 2.44949 1
32 74 1 -0.535332 1
32 75 1 4.9084 1
32 76 1 0.980566 1
32 77 1 3.70786 1
32 78 1 1.48268 1
32 79 1 -1.32113 1
32 80 1 -0.911584 1
32 81 1 -0.267075 1
32 82 1 -3.04348 1
32 83 1 -2.4435 1
32 84 1 2.59712 1
32 85 1 -1.55586 1
32 86 1 -0.0617772 1
32 87 1 -2.0001 1
32 88 1 0.453396 1
32 89 1 -0.951665 1
32 90 1 2.71596 1
32 91 1 -3.98531 1
32 92 1 4.20639 1
32 93 1 1.75165 1
32 94 1 -2.14562 1
32 95 1 -0.484762 1
33 64 1 1.6284 1
33 65 1 -4.66119 1
33 66 1 -1.8755 1
33 67 1 -1.03623 1
33 68 1 -1.91589 1
33 69 1 -4.88012 1
33 70 1 4.41288 1
33 71 1 4.64159 1
33 72 1 2.85414 1
33 73 1 3.64274 1
33 74 1 0.916494 1
33 75 1 -7.07691 1
33 76 1 -4.76945 1
33 77 1 1.42543 1
33 78 1 -1.39431 1
33 79 1 -4.64597 1
33 80 1 0.404333 1
33 81 1 -2.46015 1
33 82 1 -1.16928 1
33 83 1 -0.0112769 1
33 84 1 -1.2149 1
33 85 1 0.468648 1
33 86 1 3.85247 1
33 87 1 1.69034 1
33 88 1 3.31326 1
33 89 1 4.78156 1
33 90 1 -3.97075 1
33 91 1 -1.72416 1
33 92 1 1.92802 1
33 93 1 2.63934 1
33 94 1 1.97146 1
33 95 1 0.83126 1
33 20 1 -0.5402 1
33 107 1 -0.642506 1
33 13 1 1.12957 1
33 113 1 -1.69484 1
34 64 1 -0.724164 1
34 65 1 -1.06412 1
34 66 1 3.17184 1
34 67 1 0.616808 1
34 68 1 -1.17142 1
34 69 1 -1.29634 1
34 70 1 -3.2017 1
34 71 1 -2.66783 1
34 72 1 -3.99973 1
34 73 1 -4.0666 1
34 74 1 3.6978 1
34 75 1 7.48043 1
34 76 1 -2.33867 1
34 77 1 -0.643702 1
34 78 1 -1.36123 1
34 79 1 0.378255 1
34 80 1 3.20535 1
34 81 1 -1.01268 1
34 82 1 2.32115 1
34 83 1 1.47702 1
34 84 1 0.287743 1
34 85 1 -1.2906 1
34 86 1 -1.22577 1
34 87 1 -1.3618 1
34 88 1 -0.238113 1
34 89 1 0.648627 1
34 90 1 -6.20244 1
34 91 1 4.29357 1
34 92 1 4.06085 1
34 93 1 -2.09269 1
34 94 1 3.71673 1
34 95 1 2.23561 1
34 113 1 -1.56458 1
35 64 1 1.29441 1
35 65 1 -2.09935 1
35 66 1 -0.509935 1
35 67 1 5.94509 1
35 68 1 2.585 1
35 69 1 2.35126 1
35 70 1 3.17753 1
35 71 1 2.64358 1
35 72 1 0.677261 1
35 73 1 5.67995 1
35 74 1 0.715439 1
35 75 1 -1.8586 1
35 76 1 -3.27437 1
35 77 1 1.39441 1
35 78 1 -0.0690394 1
35 79 1 4.07294 1
35 80 1 -6.14514 1
35 81 1 -0.232669 1
35 82 1 5.06713 0
35 83 1 -2.56038 1
35 84 1 5.8084 1
35 85 1 -4.27756 1
35 86 1 -1.26807 1
35 87 1 -2.94276 1
35 88 1 -0.319189 1
35 89 1 2.43314 0
35 90 1 -1.42078 1
35 91 1 -0.941825 1
35 92 1 -2.71786 1
35 93 1 -6.93502 1
35 94 1 0.0605311 1
35 95 1 0.547977 1
35 130 1 1.19995 1
35 133 1 6.4905 1
133 82 1 1.51626 1
130 89 1 0.152823 1
130 109 1 0.21354 1
36 64 1 2.84878 1
36 65 1 2.63867 1
36 66 1 2.46537 1
36 67 1 -0.791398 1
36 68 1 -6.5049 1
36 69 1 -2.58675 1
36 70 1 -2.44054 1
36 71 1 1.13587 1
36 72 1 -3.85592 1
36 73 1 0.254051 1
36 74 1 -0.813925 1
36 75 1 0.708024 1
36 76 1 1.54767 1
36 77 1 -5.20913 1
36 78 1 2.44495 1
36 79 1 4.9147 1
36 80 1 5.30185 1
36 81 1 -0.849317 1
36 82 1 -0.192376 0
36 83 1 0.45149 1
36 84 1 3.97175 1
36 85 1 -2.99563 1
36 86 1 0.564113 1
36 87 1 1.1503 1
36 88 1 -1.56497 1
36 89 1 0.263012 1
36 90 1 -3.38654 1
36 91 1 0.0384109 1
36 92 1 4.94801 1
36 93 1 2.19343 1
36 94 1 -2.3091 1
36 95 1 7.89313 1
36 109 1 0.69776 0
36 24 1 -2.83102 1
36 117 1 2.47078 1
117 109 1 2.22015 1
117 4 1 1.26602 1
109 82 1 0.285095 1
109 31 1 1.74874 1
37 64 1 -5.37461 1
37 65 1 1.34353 1
37 66 1 -3.18814 1
37 67 1 0.184075 1
37 68 1 -4.90589 1
37 69 1 1.80685 1
37 70 1 -6.86285 1
37 71 1 -0.902116 1
37 72 1 1.54682 1
37 73 1 1.32999 1
37 74 1 1.07003 1
37 75 1 0.334181 1
37 76 1 2.28914 0
37 77 1 3.17439 1
37 78 1 -1.67891 1
37 79 1 1.66022 1
37 80 1 0.699796 1
37 81 1 1.62262 1
37 82 1 2.02865 1
37 83 1 3.5315 1
37 84 1 -4.09297 1
37 85 1 2.35276 1
37 86 1 -1.17161 1
37 87 1 0.263243 1
37 88 1 -1.92509 1
37 89 1 -3.52121 1
37 90 1 -4.012 1
37 91 1 1.29016 1
37 92 1 3.45182 1
37 93 1 1.23089 1
37 94 1 -1.89531 1
37 95 1 1.22454 1
37 142 1 0.0785924 1
37 160 1 -0.93274 1
142 76 1 -0.762045 1
142 147 1 -0.479873 1
142 6 1 0.580531 1
38 64 1 1.31769 1
38 65 1 -1.40807 1
38 66 1 -1.74779 1
38 67 1 -3.05822 1
38 68 1 -0.880631 1
38 69 1 -5.49398 1
38 70 1 -0.149735 1
38 71 1 -0.242287 1
38 72 1 2.45311 1
38 73 1 1.98598 1
38 74 1 -2.02274 1
38 75 1 4.88243 1
38 76 1 2.88447 1
38 77 1 -2.4854 1
38 78 1 -1.27834 1
38 79 1 0.0747079 1
38 80 1 -1.26036 1
38 81 1 -2.5238 1
38 82 1 4.34974 1
38 83 1 -1.08659 1
38 84 1 -1.46314 1
38 85 1 -1.94852 1
38 86 1 0.252872 1
38 87 1 1.76064 0
38 88 1 2.71262 1
38 89 1 4.31424 1
38 90 1 -1.95131 1
38 91 1 2.32762 1
38 92 1 2.54754 0
38 93 1 0.0786429 1
38 94 1 -0.248453 1
38 95 1 -2.21694 1
38 148 1 3.23778 1
38 162 1 0.225656 1
162 87 1 0.999537 0
162 185 1 1.02865 1
185 87 1 0.894541 1
148 92 1 2.0533 1
39 64 1 1.8034 1
39 65 1 -2.26787 1
39 66 1 -0.0148102 1
39 67 1 -1.27418 1
39 68 1 0.517475 1
39 69 1 -0.761149 1
39 70 1 0.0761614 1
39 71 1 -0.663255 1
39 72 1 -3.59126 1
39 73 1 -4.12236 1
39 74 1 0.8174 1
39 75 1 4.10393 0
39 76 1 4.68385 0
39 77 1 0.692936 1
39 78 1 -5.2033 1
39 79 1 -4.77882 1
39 80 1 -1.35058 1
39 81 1 -1.63872 1
39 82 1 -4.11775 1
39 83 1 -3.25508 1
39 84 1 -2.86439 1
39 85 1 0.359514 1
39 86 1 0.0907997 1
39 87 1 1.84012 1
39 88 1 -1.55761 1
39 89 1 0.999361 1
39 90 1 4.60554 1
39 91 1 0.369623 1
39 92 1 6.21974 1
39 93 1 1.5875 1
39 94 1 -4.65199 1
39 95 1 -0.939095 1
39 2 1 -2.84279 1
39 112 1 4.2142 1
39 13 1 -0.266771 1
39 104 1 -0.808475 1
39 172 1 2.50996 1
172 76 1 5.37422 1
172 28 1 0.843406 1
112 75 1 -2.72524 1
112 138 1 -1.35187 1
112 153 1 1.80802 0
112 170 1 -0.0578433 1
112 113 1 0.558557 1
170 153 1 -2.34469 1
170 126 1 1.11319 1
40 64 1 -4.80795 1
40 65 1 -1.0421 1
40 66 1 3.52834 1
40 67 1 1.30939 1
40 68 1 2.47742 1
40 69 1 3.05534 1
40 70 1 -1.28856 1
40 71 1 1.03212 1
40 72 1 1.52175 1
40 73 1 1.35722 1
40 74 1 -1.44493 1
40 75 1 1.11647 1
40 76 1 -2.50411 1
40 77 1 3.4622 1
40 78 1 2.56386 1
40 79 1 -1.29413 1
40 80 1 3.22631 1
40 81 1 -0.0365933 1
40 82 1 0.589971 1
40 83 1 -4.36913 1
40 84 1 -2.19692 1
40 85 1 -0.953236 1
40 86 1 1.8873 1
40 87 1 -0.312697 1
40 88 1 1.37765 1
40 89 1 -1.18135 1
40 90 1 -0.661556 1
40 91 1 -0.780927 1
40 92 1 -3.53052 1
40 93 1 0.239814 1
40 94 1 0.313854 1
40 95 1 3.31298 1
40 2 1 0.732579 1
40 134 1 2.41949 1
41 64 1 3.46814 1
41 65 1 -0.175136 1
41 66 1 0.86444 1
41 67 1 1.29348 1
41 68 1 3.1689 1
41 69 1 -1.50007 1
41 70 1 2.38027 1
41 71 1 0.551572 1
41 72 1 4.30321 1
41 73 1 -5.34397 1
41 74 1 1.04511 1
41 75 1 3.80684 1
41 76 1 -5.18633 1
41 77 1 0.699009 1
41 78 1 -5.04669 1
41 79 1 1.23121 1
41 80 1 2.46553 1
41 81 1 4.66063 1
41 82 1 -2.46991 1
41 83 1 1.74097 1
41 84 1 -2.26723 1
41 85 1 0.769428 1
41 86 1 0.635292 1
41 87 1 1.5714 1
41 88 1 3.51258 1
41 89 1 -0.359552 1
41 90 1 -0.786742 1
41 91 1 1.57088 1
41 92 1 0.639377 1
41 93 1 -0.371164 1
41 94 1 -3.06617 1
41 95 1 0.637031 1
41 11 1 0.496948 1
41 29 1 -3.67317 1
41 97 1 -1.35562 1
42 64 1 2.56204 1
42 65 1 -0.0223907 1
42 66 1 -1.82359 1
42 67 1 3.23779 1
42 68 1 -3.00603 1
42 69 1 -0.172286 1
42 70 1 -0.281027 1
42 71 1 0.20326 1
42 72 1 -2.04176 1
42 73 1 -1.49771 1
42 74 1 3.88134 1
42 75 1 -2.5096 1
42 76 1 -4.52642 1
42 77 1 -1.21951 1
42 78 1 0.46302 1
42 79 1 2.06744 1
42 80 1 -0.734644 1
42 81 1 3.00857 1
42 82 1 3.68155 1
42 83 1 2.79382 1
42 84 1 1.07031 1
42 85 1 -0.895221 1
42 86 1 2.90589 1
42 87 1 -2.8693 1
42 88 1 -2.75414 1
42 89 1 -1.25622 1
42 90 1 3.12394 1
42 91 1 1.92351 1
42 92 1 1.06871 1
42 93 1 1.35157 1
42 94 1 -4.59749 1
42 95 1 -0.211105 1
43 64 1 1.36886 1
43 65 1 -1.73587 1
43 66 1 4.67197 1
43 67 1 2.04632 1
43 68 1 0.587754 1
43 69 1 -3.1127 1
43 70 1 0.664942 1
43 71 1 -4.37733 1
43 72 1 0.234921 1
43 73 1 -8.13755 1
43 74 1 2.60541 1
43 75 1 -3.45624 1
43 76 1 -1.9144 1
43 77 1 0.523437 1
43 78 1 2.01484 1
43 79 1 -3.63038 1
43 80 1 -0.24981 1
43 81 1 3.27214 1
43 82 1 2.54918 1
43 83 1 -2.11584 1
43 84 1 -2.367 1
43 85 1 2.85997 1
43 86 1 2.6518 1
43 87 1 5.7447 1
43 88 1 2.24871 1
43 89 1 2.48479 1
43 90 1 -0.618202 1
43 91 1 -3.44609 1
43 92 1 3.83313 1
43 93 1 1.36575 1
43 94 1 -1.00793 1
43 95 1 2.62392 1
44 64 1 0.22775 1
44 65 1 -5.5733 1
44 66 1 -0.996609 1
44 67 1 -2.54253 1
44 68 1 -0.372464 1
44 69 1 -2.7689 1
44 70 1 3.74304 1
44 71 1 4.23567 1
44 72 1 -3.57819 1
44 73 1 1.13384 1
44 74 1 -1.54682 1
44 75 1 -3.66185 1
44 76 1 -1.162 1
44 77 1 2.94461 1
44 78 1 3.39084 1
44 79 1 0.86164 1
44 80 1 5.49137 1
44 81 1 -2.96291 1
44 82 1 2.12371 1
44 83 1 -1.53346 1
44 84 1 1.09053 1
44 85 1 -0.367973 1
44 86 1 3.36577 1
44 87 1 -0.205458 1
44 88 1 1.56268 1
44 89 1 0.965323 1
44 90 1 2.98635 1
44 91 1 2.64268 1
44 92 1 -1.54619 1
44 93 1 3.84907 1
44 94 1 -1.94803 1
44 95 1 -3.58651 1
44 8 1 -1.18634 1
44 29 1 1.57755 1
45 64 1 -1.23819 1
45 65 1 0.88219 1
45 66 1 0.268806 1
45 67 1 3.13946 1
45 68 1 0.297306 1
45 69 1 -5.29254 1
45 70 1 -4.23642 1
45 71 1 0.967809 1
45 72 1 -3.82478 1
45 73 1 2.01396 1
45 74 1 4.56095 1
45 75 1 2.34671 1
45 76 1 -2.2687 1
45 77 1 -0.937912 1
45 78 1 -1.86025 1
45 79 1 4.4 1
45 80 1 -1.79526 1
45 81 1 2.12543 1
45 82 1 1.20356 1
45 83 1 -4.1226 1
45 84 1 -0.810141 1
45 85 1 -3.45217 1
45 86 1 1.74277 1
45 87 1 1.05047 1
45 88 1 3.22882 1
45 89 1 -2.10673 1
45 90 1 -1.10437 1
45 91 1 2.97649 1
45 92 1 -2.41925 1
45 93 1 -7.77671 1
45 94 1 1.72927 1
45 95 1 -5.42269 1
45 9 1 4.93626 1
45 20 1 1.14449 1
45 17 1 -0.646877 1
46 64 1 1.73695 1
46 65 1 0.247025 1
46 66 1 2.83944 1
46 67 1 2.02056 1
46 68 1 -4.74636 1
46 69 1 0.112703 1
46 70 1 2.91476 1
46 71 1 -2.25007 1
46 72 1 3.33524 1
46 73 1 -4.04584 1
46 74 1 -1.61186 1
46 75 1 -0.956214 1
46 76 1 -5.29369 1
46 77 1 4.85335 1
46 78 1 -0.580685 1
46 79 1 -1.19679 1
46 80 1 2.82255 1
46 81 1 1.21459 1
46 82 1 -0.524456 1
46 83 1 2.98963 1
46 84 1 -1.43307 1
46 85 1 3.92086 1
46 86 1 -3.01674 1
46 87 1 5.96246 1
46 88 1 1.20957 1
46 89 1 -5.50954 1
46 90 1 -3.20263 1
46 91 1 1.01972 1
46 92 1 -1.40938 1
46 93 1 -1.7415 1
46 94 1 1.59928 1
46 95 1 -0.566517 1
46 24 1 1.17155 1
47 64 1 0.457282 1
47 65 1 0.984888 1
47 66 1 -0.887621 1
47 67 1 2.55505 1
47 68 1 -0.462271 1
47 69 1 3.70234 1
47 70 1 -2.39123 1
47 71 1 0.7237 1
47 72 1 -0.788159 1
47 73 1 5.08722 0
47 74 1 -1.86086 1
47 75 1 -0.722733 1
47 76 1 -3.23394 1
47 77 1 -7.01308 1
47 78 1 -2.65609 1
47 79 1 0.449771 1
47 80 1 6.00935 1
47 81 1 -3.94899 1
47 82 1 2.8841 1
47 83 1 0.137862 1
47 84 1 -3.19678 1
47 85 1 -0.15014 1
47 86 1 -1.73823 1
47 87 1 5.82889 1
47 88 1 5.04011 1
47 89 1 1.3485 1
47 90 1 6.17691 1
47 91 1 2.1066 1
47 92 1 1.02064 1
47 93 1 1.16816 1
47 94 1 1.89498 1
47 95 1 -0.557214 1
47 4 1 1.64349 1
47 137 1 3.24207 1
137 73 1 3.44337 0
137 156 1 -0.925588 1
156 73 1 3.02051 1
156 15 1 -0.991234 1
156 104 1 1.64397 1
48 64 1 -0.472955 1
48 65 1 -0.350693 1
48 66 1 4.9593 1
48 67 1 -2.59824 1
48 68 1 -5.71878 1
48 69 1 -4.88924 1
48 70 1 1.18559 1
48 71 1 1.62676 1
48 72 1 -7.42947 1
48 73 1 4.35129 1
48 74 1 4.74134 1
48 75 1 -5.20529 1
48 76 1 -1.96184 1
48 77 1 -1.27389 1
48 78 1 -0.757977 1
48 79 1 2.69454 1
48 80 1 -1.70744 1
48 81 1 -3.81603 1
48 82 1 -1.83535 1
48 83 1 -0.578203 1
48 84 1 0.907948 1
48 85 1 -0.584493 1
48 86 1 -1.66349 1
48 87 1 0.875092 1
48 88 1 -1.07293 1
48 89 1 -0.70975 1
48 90 1 2.14284 1
48 91 1 -0.633239 1
48 92 1 -6.62601 1
48 93 1 0.141386 1
48 94 1 6.53971 1
48 95 1 3.1444 1
48 16 1 0.871622 1
48 12 1 -0.317042 1
48 14 1 -0.711252 1
48 30 1 1.5532 1
49 64 1 -0.082852 1
49 65 1 -4.96322 1
49 66 1 0.34212 1
49 67 1 -1.64787 1
49 68 1 -4.42046 1
49 69 1 0.774071 1
49 70 1 0.0155353 1
49 71 1 -2.25201 1
49 72 1 -2.77959 1
49 73 1 -0.129509 1
49 74 1 2.17679 1
49 75 1 0.875973 1
49 76 1 -6.38727 1
49 77 1 -5.05481 1
49 78 1 -1.13533 0
49 79 1 2.74247 1
49 80 1 5.44654 1
49 81 1 -2.63746 1
49 82 1 1.49235 1
49 83 1 -0.305782 1
49 84 1 1.34036 1
49 85 1 -0.665285 1
49 86 1 -1.80539 1
49 87 1 -2.20094 1
49 88 1 1.85173 1
49 89 1 2.40902 1
49 90 1 -3.28586 1
49 91 1 3.41019 1
49 92 1 1.30469 1
49 93 1 3.46269 1
49 94 1 1.60386 1
49 95 1 3.51821 1
49 19 1 -0.312389 1
49 31 1 -0.785206 1
49 15 1 -3.38073 1
49 158 1 0.247682 1
49 26 1 1.01748 1
49 144 1 -2.86022 1
158 78 1 -0.761271 1
50 64 1 -3.50012 1
50 65 1 -3.3733 1
50 66 1 1.78658 1
50 67 1 -0.843396 1
50 68 1 2.1071 1
50 69 1 -1.34452 1
50 70 1 1.54531 1
50 71 1 6.169 1
50 72 1 -3.79678 1
50 73 1 3.73225 1
50 74 1 -0.299957 1
50 75 1 1.89521 1
50 76 1 -1.9913 1
50 77 1 -2.23773 1
50 78 1 1.74229 1
50 79 1 -1.1201 1
50 80 1 2.1693 1
50 81 1 -0.212315 1
50 82 1 -3.69328 1
50 83 1 4.06773 1
50 84 1 0.545629 1
50 85 1 4.28934 1
50 86 1 4.15093 1
50 87 1 -2.18792 1
50 88 1 -1.94796 1
50 89 1 -0.219106 1
50 90 1 0.309166 1
50 91 1 0.664852 1
50 92 1 -0.226498 1
50 93 1 -2.85249 1
50 94 1 -1.47488 1
50 95 1 0.157292 1
50 4 1 4.87426 1
50 22 1 -0.138959 1
51 64 1 -1.07786 1
51 65 1 4.29512 1
51 66 1 3.27581 1
51 67 1 -3.00609 1
51 68 1 -0.460685 1
51 69 1 0.0944975 1
51 70 1 1.2858 1
51 71 1 4.42496 1
51 72 1 -4.77638 1
51 73 1 -1.43434 0
51 74 1 -2.14284 1
51 75 1 3.82236 1
51 76 1 -2.64212 1
51 77 1 3.32535 1
51 78 1 5.96346 1
51 79 1 -1.02268 1
51 80 1 0.425241 1
51 81 1 -2.57856 1
51 82 1 -0.890425 1
51 83 1 5.60005 1
51 84 1 -3.36673 1
51 85 1 0.257678 1
51 86 1 -1.41563 1
51 87 1 3.17225 1
51 88 1 -0.773973 0
51 89 1 -0.0336004 1
51 90 1 -0.96842 1
51 91 1 -1.78325 1
51 92 1 2.86943 1
51 93 1 5.35109 1
51 94 1 -5.46192 1
51 95 1 -2.92267 1
51 116 1 1.20883 1
51 12 1 -1.28696 1
51 179 1 0.267775 1
179 88 1 -0.799256 1
116 73 1 0.493926 0
116 134 1 2.7901 1
134 73 1 3.97258 1
134 128 1 2.5985 1
52 64 1 -3.34729 1
52 65 1 4.37937 1
52 66 1 -0.424741 1
52 67 1 0.630545 1
52 68 1 1.04415 1
52 69 1 6.80613 1
52 70 1 3.8731 1
52 71 1 -1.38384 1
52 72 1 -0.862166 1
52 73 1 2.90249 1
52 74 1 3.96213 1
52 75 1 2.65922 1
52 76 1 -4.66973 1
52 77 1 0.692073 1
52 78 1 3.50215 1
52 79 1 -3.40871 1
52 80 1 -1.05798 1
52 81 1 -0.737035 1
52 82 1 -1.87347 1
52 83 1 0.205659 1
52 84 1 -0.801807 1
52 85 1 -0.306156 1
52 86 1 -6.78109 1
52 87 1 0.502165 1
52 88 1 0.273166 1
52 89 1 -0.597041 1
52 90 1 -0.809708 1
52 91 1 0.362968 1
52 92 1 0.735771 1
52 93 1 -3.37046 0
52 94 1 3.8524 1
52 95 1 0.433086 1
52 115 1 -0.0581917 1
52 139 1 1.19102 1
52 23 1 -1.82858 1
139 93 1 -0.353252 0
139 181 1 1.0441 0
139 184 1 1.83162 1
184 181 1 0.773119 1
181 93 1 -0.589551 1
53 64 1 -3.96936 1
53 65 1 0.301902 1
53 66 1 -1.94152 1
53 67 1 -2.36257 1
53 68 1 -0.911029 1
53 69 1 1.26049 1
53 70 1 1.33833 0
53 71 1 1.16024 1
53 72 1 -1.30437 1
53 73 1 0.693741 1
53 74 1 -0.0484406 1
53 75 1 -3.87869 1
53 76 1 -0.235617 1
53 77 1 2.14228 1
53 78 1 -0.444711 1
53 79 1 0.202507 1
53 80 1 1.35831 1
53 81 1 3.33518 1
53 82 1 1.88997 1
53 83 1 -1.62253 1
53 84 1 1.61631 1
53 85 1 1.45542 1
53 86 1 1.53181 1
53 87 1 -1.33711 1
53 88 1 0.511668 1
53 89 1 -0.0354248 1
53 90 1 -2.90336 1
53 91 1 -0.0797723 1
53 92 1 2.0975 1
53 93 1 -1.08506 1
53 94 1 -1.16337 1
53 95 1 -2.54257 1
53 20 1 4.9025 1
53 23 1 -1.31419 1
53 149 1 -1.33975 1
149 70 1 -2.22176 0
149 153 1 0.732143 1
149 126 1 -0.766043 1
153 70 1 0.102706 0
153 183 1 1.3252 1
183 70 1 0.833452 1
54 64 1 2.90605 1
54 65 1 0.192571 1
54 66 1 -1.02925 1
54 67 1 1.22581 1
54 68 1 4.54956 1
54 69 1 -3.74341 1
54 70 1 1.80209 1
54 71 1 4.7821 1
54 72 1 1.27496 1
54 73 1 0.396904 1
54 74 1 -0.408345 1
54 75 1 -2.98701 1
54 76 1 -4.4709 1
54 77 1 0.864317 1
54 78 1 -2.53232 1
54 79 1 2.40961 1
54 80 1 1.98281 1
54 81 1 4.74224 1
54 82 1 -2.75978 1
54 83 1 5.08839 1
54 84 1 -0.0577119 1
54 85 1 0.439018 1
54 86 1 -4.56174 1
54 87 1 -0.743308 1
54 88 1 0.58912 1
54 89 1 5.45402 1
54 90 1 -3.01531 1
54 91 1 2.07809 1
54 92 1 -2.59645 1
54 93 1 3.52247 1
54 94 1 -3.53527 1
54 95 1 -1.82176 1
54 30 1 -0.238564 1
54 144 1 1.69276 1
55 64 1 0.98246 1
55 65 1 -2.88629 1
55 66 1 -2.47877 1
55 67 1 -2.43533 1
55 68 1 0.715698 1
55 69 1 0.517791 1
55 70 1 3.46836 1
55 71 1 -5.79284 1
55 72 1 1.37567 1
55 73 1 -0.474831 1
55 74 1 3.3491 1
55 75 1 -3.41559 1
55 76 1 -5.5698 1
55 77 1 1.66578 1
55 78 1 1.83296 1
55 79 1 4.88278 1
55 80 1 -1.4619 1
55 81 1 1.79201 1
55 82 1 -2.08542 1
55 83 1 2.01898 1
55 84 1 0.410669 1
55 85 1 -7.56834 1
55 86 1 1.11403 1
55 87 1 -1.60258 1
55 88 1 -5.56218 1
55 89 1 2.23211 1
55 90 1 -1.16335 1
55 91 1 0.227199 1
55 92 1 10.3536 1
55 93 1 -3.50497 1
55 94 1 -3.42435 1
55 95 1 -1.57506 0
55 28 1 5.41501 1
55 114 1 0.299171 1
55 0 1 -3.86912 1
55 2 1 1.17323 1
114 95 1 -0.0443962 1
56 64 1 3.91624 1
56 65 1 -10.1099 1
56 66 1 -0.557349 1
56 67 1 -0.911103 1
56 68 1 2.48573 0
56 69 1 -1.91451 1
56 70 1 1.35807 1
56 71 1 2.39664 1
56 72 1 -2.05579 1
56 73 1 0.366132 1
56 74 1 3.15358 1
56 75 1 5.19974 1
56 76 1 -2.23685 1
56 77 1 -2.77054 1
56 78 1 -3.39837 1
56 79 1 -0.221435 1
56 80 1 -0.745514 1
56 81 1 6.93935 1
56 82 1 2.53121 1
56 83 1 -2.03344 1
56 84 1 -1.32582 1
56 85 1 -1.18057 1
56 86 1 1.86148 1
56 87 1 0.13006 1
56 88 1 1.4415 1
56 89 1 1.48345 1
56 90 1 -1.03063 1
56 91 1 -0.806523 1
56 92 1 1.91437 1
56 93 1 3.19661 1
56 94 1 -1.31362 1
56 95 1 -1.78697 1
56 3 1 -3.05613 1
56 126 1 4.43797 1
56 0 1 -0.879412 1
126 68 1 2.68882 1
126 11 1 -3.32146 1
57 64 1 -4.44118 1
57 65 1 5.96313 1
57 66 1 -1.58161 1
57 67 1 -3.15417 1
57 68 1 -0.563792 1
57 69 1 -1.56175 0
57 70 1 0.0962716 1
57 71 1 3.55675 1
57 72 1 2.65076 1
57 73 1 -2.15184 1
57 74 1 2.03521 1
57 75 1 5.9621 1
57 76 1 4.76479 1
57 77 1 -5.43743 1
57 78 1 1.67827 1
57 79 1 -2.63314 1
57 80 1 2.7901 1
57 81 1 4.46344 1
57 82 1 4.47005 1
57 83 1 -2.10575 1
57 84 1 1.02848 1
57 85 1 -3.65009 1
57 86 1 -0.90163 1
57 87 1 -0.25617 1
57 88 1 2.35515 1
57 89 1 0.400872 1
57 90 1 0.369299 1
57 91 1 -3.0458 1
57 92 1 -2.42183 1
57 93 1 -2.27634 1
57 94 1 -1.22028 1
57 95 1 2.47896 1
57 104 1 5.27247 1
57 22 1 0.945185 1
104 69 1 1.84814 1
104 1 1 1.99866 1
104 107 1 0.232933 1
58 64 1 6.59401 1
58 65 1 -2.37863 1
58 66 1 -1.57613 1
58 67 1 -0.100452 1
58 68 1 -3.56246 1
58 69 1 -2.2547 1
58 70 1 -0.217197 1
58 71 1 2.55739 1
58 72 1 1.32709 1
58 73 1 -3.26254 1
58 74 1 1.32578 1
58 75 1 1.8593 1
58 76 1 0.357156 1
58 77 1 2.52822 1
58 78 1 -3.38066 1
58 79 1 -1.50038 0
58 80 1 -3.956 1
58 81 1 3.04734 1
58 82 1 1.01715 1
58 83 1 0.745412 1
58 84 1 -1.98849 1
58 85 1 0.677813 1
58 86 1 0.498458 1
58 87 1 -3.22379 1
58 88 1 -6.47168 1
58 89 1 -1.91547 1
58 90 1 0.152443 1
58 91 1 -2.75156 1
58 92 1 1.63217 0
58 93 1 1.19286 1
58 94 1 -1.51792 1
58 95 1 3.97923 1
58 128 1 1.43674 1
58 115 1 -0.532672 1
58 174 1 1.74912 1
174 92 1 1.33107 1
128 79 1 0.275832 0
128 131 1 1.80039 1
131 79 1 1.97151 0
131 160 1 1.87745 1
160 79 1 3.72812 0
160 125 1 1.36382 1
160 173 1 -0.38685 1
173 79 1 2.67 1
59 64 1 -4.16792 1
59 65 1 1.99899 1
59 66 1 4.84841 1
59 67 1 -3.5453 1
59 68 1 2.40478 1
59 69 1 -3.09772 1
59 70 1 -2.76244 1
59 71 1 -0.0465065 1
59 72 1 -0.817343 1
59 73 1 -0.990687 1
59 74 1 1.87902 1
59 75 1 0.44295 1
59 76 1 2.17385 1
59 77 1 0.0845118 0
59 78 1 2.38674 1
59 79 1 -2.23005 1
59 80 1 1.86758 1
59 81 1 1.69696 1
59 82 1 -4.09419 1
59 83 1 5.23221 1
59 84 1 -0.0716027 1
59 85 1 -4.63681 1
59 86 1 -5.55234 1
59 87 1 2.44358 1
59 88 1 4.60311 1
59 89 1 0.90871 1
59 90 1 0.690103 1
59 91 1 -1.18652 1
59 92 1 2.18049 1
59 93 1 2.65258 1
59 94 1 -5.46714 1
59 95 1 1.70522 1
59 97 1 -1.3116 1
59 5 1 -6.22748 1
59 11 1 -3.45836 1
59 13 1 1.23171 1
97 77 1 -5.91003 1
97 22 1 0.445485 1
97 2 1 -6.57197 0
97 99 1 2.32287 1
97 7 1 3.35578 0
97 102 1 3.17451 1
97 17 1 2.78335 1
102 7 1 5.30559 1
99 2 1 0.189209 0
99 108 1 6.42018 1
99 15 1 4.09176 1
108 2 1 0.0268535 0
108 125 1 6.93589 1
108 0 1 -0.926281 1
125 2 1 2.9533 1
125 1 1 1.28379 1
60 64 1 0.0499963 1
60 65 1 -1.14239 1
60 66 1 1.43024 1
60 67 1 -1.23321 1
60 68 1 0.806997 1
60 69 1 3.2404 1
60 70 1 -2.70062 1
60 71 1 1.31324 1
60 72 1 0.150817 0
60 73 1 1.50303 1
60 74 1 1.11571 1
60 75 1 1.13169 1
60 76 1 -0.786028 1
60 77 1 5.31154 1
60 78 1 -3.06242 1
60 79 1 -0.0357173 1
60 80 1 -5.59588 1
60 81 1 -2.5695 1
60 82 1 -1.44265 1
60 83 1 1.77102 1
60 84 1 -4.46718 1
60 85 1 1.9326 1
60 86 1 2.89726 1
60 87 1 0.0286644 1
60 88 1 -4.33958 1
60 89 1 0.0316563 1
60 90 1 -0.958116 1
60 91 1 -0.0645513 1
60 92 1 -0.273662 1
60 93 1 -1.08254 1
60 94 1 -0.545181 1
60 95 1 0.090685 1
60 24 1 -1.29699 1
60 0 1 4.70265 1
60 115 1 1.96831 1
60 3 1 -1.56925 1
60 20 1 -0.844924 1
115 72 1 -1.04558 1
115 18 1 1.51756 1
115 14 1 2.50937 1
115 19 1 -0.692141 1
61 64 1 0.358718 1
61 65 1 0.114088 1
61 66 1 1.65927 1
61 67 1 -0.111378 1
61 68 1 -4.54315 1
61 69 1 3.46875 1
61 70 1 2.61408 1
61 71 1 1.20793 1
61 72 1 0.662208 1
61 73 1 0.907193 1
61 74 1 4.50881 1
61 75 1 5.48124 1
61 76 1 2.45617 1
61 77 1 -2.15605 0
61 78 1 -4.42624 1
61 79 1 1.58461 1
61 80 1 -2.16973 1
61 81 1 0.222901 1
61 82 1 -0.785689 1
61 83 1 0.184916 1
61 84 1 -3.7718 1
61 85 1 -1.40276 1
61 86 1 -0.428141 1
61 87 1 2.44676 1
61 88 1 -2.16695 1
61 89 1 1.75326 1
61 90 1 -3.17364 1
61 91 1 2.26715 1
61 92 1 0.0756148 1
61 93 1 0.306801 1
61 94 1 0.779657 1
61 95 1 -0.58957 1
61 107 1 0.507404 1
61 113 1 -0.920285 1
61 14 1 -1.53364 1
107 77 1 -5.37852 0
107 113 1 -0.794886 1
107 14 1 -1.85209 1
107 20 1 1.56638 1
113 77 1 -1.16491 0
113 23 1 -1.22369 1
113 147 1 0.580978 1
113 159 1 1.53871 1
159 77 1 -2.77895 0
159 161 1 0.153141 1
161 77 1 -1.79706 1
62 64 1 -0.690948 1
62 65 1 -3.13769 1
62 66 1 2.43894 1
62 67 1 -2.3121 1
62 68 1 2.42933 1
62 69 1 -1.49381 1
62 70 1 -0.759491 1
62 71 1 -4.92549 1
62 72 1 4.29653 1
62 73 1 2.85708 1
62 74 1 2.34075 1
62 75 1 -1.96593 1
62 76 1 1.95001 1
62 77 1 -4.36604 1
62 78 1 -1.62321 1
62 79 1 -2.55051 1
62 80 1 0.688421 1
62 81 1 0.995408 1
62 82 1 -1.402 1
62 83 1 4.1244 1
62 84 1 -1.89762 0
62 85 1 -0.736823 1
62 86 1 3.6029 1
62 87 1 -0.445423 1
62 88 1 0.243894 1
62 89 1 -2.60618 1
62 90 1 -8.75083 1
62 91 1 0.587539 1
62 92 1 0.0194563 1
62 93 1 -1.65018 1
62 94 1 -1.06889 1
62 95 1 -1.6725 1
62 5 1 1.36457 1
62 138 1 2.17286 0
62 152 1 1.27613 1
62 31 1 0.401577 1
152 138 1 1.77545 1
138 84 1 -1.11687 1
63 64 1 3.22087 1
63 65 1 -1.46138 1
63 66 1 5.0049 1
63 67 1 -3.68659 1
63 68 1 1.589 1
63 69 1 -4.44113 1
63 70 1 -3.05352 1
63 71 1 1.7593 1
63 72 1 -0.173734 1
63 73 1 2.82318 1
63 74 1 -8.1674 1
63 75 1 -0.56232 1
63 76 1 -0.454636 0
63 77 1 -0.134876 1
63 78 1 -1.33174 1
63 79 1 -0.495447 1
63 80 1 2.73679 1
63 81 1 -2.33391 1
63 82 1 2.81809 1
63 83 1 -4.11625 1
63 84 1 -1.98047 1
63 85 1 -5.24633 1
63 86 1 6.30459 1
63 87 1 -3.08365 0
63 88 1 -0.790366 1
63 89 1 -2.50197 1
63 90 1 -0.286402 1
63 91 1 -2.65765 1
63 92 1 1.06362 1
63 93 1 1.00101 1
63 94 1 -0.127239 1
63 95 1 -1.82978 1
63 141 1 6.08636 1
63 144 1 0.509314 1
144 76 1 -0.478151 0
144 147 1 2.00746 1
147 76 1 -2.74146 1
147 9 1 -2.77529 1
141 87 1 -5.25085 1
141 10 1 1.07247 1
