111 64 32
-0.580105 -0.82765 -2.37952 2.13336 -1.9457 2.55617 -0.818317 -0.798667 -0.863154 2.25546 1.0763 -0.0906668 -2.7935 -1.74353 -0.61065 -2.36561 -0.785671 -0.644767 -0.845655 -0.334881 -2.18269 -0.477599 -0.635128 0.0892131 1.97643 0.270432 1.61843 1.43282 -1.01345 0.794629 -2.80376 -0.260987 -0.028336 2.83774 -0.520848 0.816411 0.269703 -0.190724 -1.25817 -1.2596 -0.0957241 -1.24334 0.461588 -1.30152 -1.12249 -0.272897 -0.274308 1.1471 0.673119 -0.870262 2.39726 -1.85351 -1.13406 -0.201246 2.89904 0.496596 -0.215051 1.29486 0.285027 -0.769206 -0.363533 -0.783077 0.285381 -2.32923 -0.797976 1.7193 1.76362 0.147839 -2.14599 -1.71616 -2.08188 -1.85594 0.21108 -0.888819 0.0933655 1.70455 -1.17344 0.889719 -0.116748 -2.9631 1.6778 -0.233274 0.0387329 -0.703677 0.503735 -0.793731 -0.176165 1.23691 1.00171 -0.623378 -0.745764 0.438508 -1.66778 0.455913 -1.00253 -1.2998 -0.66698 0.538179 -0.92941 0.474657 0.459616 -0.357168 -0.703287 -1.3632 -0.685664 0.698414 0.640946 -0.93903 0.278206 -0.129823 -0.0990037 
0 64 1 -2.72471 1
0 65 1 -1.72424 1
0 66 1 0.420645 1
0 67 1 -1.64385 1
0 68 1 1.56644 1
0 69 1 0.634138 1
0 70 1 -1.42469 1
0 71 1 -0.495068 1
0 72 1 -1.86386 1
0 73 1 1.19548 1
0 74 1 -0.93614 1
0 75 1 0.241648 1
0 76 1 0.821804 1
0 77 1 1.78682 1
0 78 1 -0.249201 1
0 79 1 2.83113 1
0 80 1 -0.0926629 1
0 81 1 0.406825 1
0 82 1 0.728964 1
0 83 1 -1.45953 1
0 84 1 -0.986228 1
0 85 1 0.697357 1
0 86 1 -0.610475 1
0 87 1 0.0764861 1
0 88 1 0.909619 1
0 89 1 2.05502 1
0 90 1 0.491981 1
0 91 1 1.23489 1
0 92 1 -1.25356 1
0 93 1 0.828421 1
0 94 1 0.873336 1
0 95 1 1.67412 1
1 64 1 0.156236 1
1 65 1 -0.0918912 1
1 66 1 0.416989 1
1 67 1 -0.45703 1
1 68 1 1.49549 1
1 69 1 3.30066 1
1 70 1 1.38263 1
1 71 1 -0.646008 1
1 72 1 0.345091 1
1 73 1 -0.820934 1
1 74 1 -0.557332 1
1 75 1 -0.864681 1
1 76 1 0.890364 1
1 77 1 3.62337 1
1 78 1 -1.14853 1
1 79 1 -0.476326 1
1 80 1 -2.84209 1
1 81 1 0.161847 1
1 82 1 0.487521 1
1 83 1 -1.88608 1
1 84 1 0.597176 1
1 85 1 0.161499 1
1 86 1 0.401613 1
1 87 1 -0.872847 1
1 88 1 -1.11922 1
1 89 1 1.52978 1
1 90 1 1.50765 1
1 91 1 -0.461891 1
1 92 1 -0.644223 1
1 93 1 1.63604 1
1 94 1 -1.18025 1
1 95 1 -1.65286 1
2 64 1 0.216739 1
2 65 1 1.10333 1
2 66 1 -0.688826 1
2 67 1 -0.610167 1
2 68 1 -0.805375 1
2 69 1 0.702518 1
2 70 1 0.186585 1
2 71 1 1.50343 1
2 72 1 0.0193943 1
2 73 1 -2.0158 1
2 74 1 -0.145815 1
2 75 1 -0.207765 1
2 76 1 -3.57512 1
2 77 1 0.576553 1
2 78 1 -1.52219 1
2 79 1 -1.42415 1
2 80 1 0.3439 1
2 81 1 -2.38737 1
2 82 1 0.515266 1
2 83 1 -1.02142 1
2 84 1 1.25592 1
2 85 1 1.3741 1
2 86 1 -2.26261 1
2 87 1 -0.626064 1
2 88 1 -0.594843 1
2 89 1 -3.55345 1
2 90 1 -2.07721 1
2 91 1 -0.512047 1
2 92 1 1.10242 1
2 93 1 -0.0746615 1
2 94 1 1.23416 1
2 95 1 -0.0494095 1
2 100 1 -0.291416 1
3 64 1 -1.44546 1
3 65 1 -1.13917 1
3 66 1 -0.765556 1
3 67 1 -0.343266 1
3 68 1 1.20746 1
3 69 1 -0.980251 1
3 70 1 1.86159 1
3 71 1 1.64938 1
3 72 1 3.67439 1
3 73 1 0.455314 1
3 74 1 -0.596389 1
3 75 1 1.47361 1
3 76 1 4.1567 1
3 77 1 -1.03459 1
3 78 1 -1.20156 1
3 79 1 -1.09428 1
3 80 1 0.396865 1
3 81 1 2.97708 1
3 82 1 3.75078 1
3 83 1 -0.409912 1
3 84 1 -0.186741 1
3 85 1 -0.928408 1
3 86 1 1.6601 1
3 87 1 -1.17659 1
3 88 1 2.64548 1
3 89 1 0.375366 1
3 90 1 -1.00372 1
3 91 1 -0.0464632 1
3 92 1 -1.13994 1
3 93 1 -1.03325 1
3 94 1 0.0433738 1
3 95 1 0.220961 0
3 110 1 0.893128 1
110 95 1 0.639739 1
4 64 1 0.961323 1
4 65 1 -0.223782 1
4 66 1 -1.46835 1
4 67 1 1.53809 1
4 68 1 0.334031 1
4 69 1 0.150773 1
4 70 1 0.976117 1
4 71 1 0.115128 1
4 72 1 0.290017 1
4 73 1 -0.199486 1
4 74 1 -0.56259 1
4 75 1 -1.99059 0
4 76 1 0.979406 1
4 77 1 2.07629 1
4 78 1 0.243575 1
4 79 1 -0.54004 1
4 80 1 -3.22054 1
4 81 1 -1.36545 1
4 82 1 -0.160937 1
4 83 1 0.888732 1
4 84 1 1.23638 1
4 85 1 2.08441 1
4 86 1 -1.58041 1
4 87 1 -2.6101 1
4 88 1 1.01388 1
4 89 1 -0.941713 1
4 90 1 -0.000789633 1
4 91 1 -2.07718 1
4 92 1 -0.658161 1
4 93 1 1.60502 1
4 94 1 -0.621661 1
4 95 1 1.16742 1
4 101 1 0.973458 1
101 75 1 -0.97589 1
5 64 1 0.918379 1
5 65 1 0.557788 1
5 66 1 0.0676563 1
5 67 1 2.19328 1
5 68 1 0.57649 1
5 69 1 1.59202 1
5 70 1 -1.2403 1
5 71 1 -1.13039 1
5 72 1 0.950498 1
5 73 1 -1.90961 1
5 74 1 0.884878 1
5 75 1 0.875772 1
5 76 1 1.27404 1
5 77 1 0.136708 1
5 78 1 -2.46273 1
5 79 1 1.9018 1
5 80 1 1.44895 1
5 81 1 0.497226 1
5 82 1 1.75972 1
5 83 1 2.39092 1
5 84 1 2.06514 1
5 85 1 0.793535 1
5 86 1 -0.701113 1
5 87 1 0.0654654 1
5 88 1 -0.946292 1
5 89 1 -0.533729 1
5 90 1 -0.662132 1
5 91 1 0.38875 1
5 92 1 -1.64353 1
5 93 1 -0.00630344 1
5 94 1 -1.11898 1
5 95 1 -1.60519 1
6 64 1 1.09194 1
6 65 1 -1.08653 1
6 66 1 2.36576 1
6 67 1 -0.00916266 1
6 68 1 -2.40691 1
6 69 1 -0.717107 1
6 70 1 -2.35745 1
6 71 1 -0.501147 1
6 72 1 0.568927 1
6 73 1 -1.01889 1
6 74 1 -0.805724 1
6 75 1 -0.837314 1
6 76 1 2.57352 1
6 77 1 -0.212482 1
6 78 1 0.548126 1
6 79 1 -2.87019 1
6 80 1 0.628072 1
6 81 1 1.59098 1
6 82 1 -0.10156 1
6 83 1 1.7522 1
6 84 1 2.02997 1
6 85 1 -1.05173 1
6 86 1 -0.70315 1
6 87 1 0.885323 1
6 88 1 -0.349956 1
6 89 1 -1.5656 1
6 90 1 0.717895 1
6 91 1 -1.64645 1
6 92 1 1.04533 1
6 93 1 1.32019 1
6 94 1 -1.42383 1
6 95 1 1.21103 1
7 64 1 -0.00312264 1
7 65 1 -0.442301 1
7 66 1 -0.341127 1
7 67 1 -0.884082 1
7 68 1 -1.55093 1
7 69 1 -1.47312 1
7 70 1 1.83664 1
7 71 1 -0.0197071 1
7 72 1 1.44612 1
7 73 1 0.285965 1
7 74 1 0.212107 1
7 75 1 -2.11472 1
7 76 1 2.23562 1
7 77 1 0.380695 1
7 78 1 0.889001 1
7 79 1 1.02338 1
7 80 1 -1.24907 1
7 81 1 -1.72069 1
7 82 1 -2.51641 1
7 83 1 -0.147616 0
7 84 1 -1.40074 1
7 85 1 0.611967 1
7 86 1 2.37071 1
7 87 1 -0.19684 1
7 88 1 -1.93201 1
7 89 1 -0.8587 1
7 90 1 0.980767 1
7 91 1 -1.38609 1
7 92 1 -0.380903 1
7 93 1 0.178919 1
7 94 1 0.248149 1
7 95 1 2.20532 1
7 100 1 0.133294 1
100 83 1 -1.17111 1
100 24 1 -0.426105 0
100 106 1 1.11153 1
106 24 1 -1.29281 1
8 64 1 3.38727 1
8 65 1 -2.17641 1
8 66 1 -0.138705 1
8 67 1 -0.170756 1
8 68 1 -1.01047 1
8 69 1 1.14676 1
8 70 1 -1.13168 1
8 71 1 0.692966 1
8 72 1 0.637994 1
8 73 1 2.51279 1
8 74 1 -0.0487094 1
8 75 1 -2.49257 1
8 76 1 -1.39092 1
8 77 1 0.963128 1
8 78 1 -0.649333 1
8 79 1 -0.835352 1
8 80 1 -0.0681658 1
8 81 1 -0.645013 1
8 82 1 -0.659893 1
8 83 1 -2.06433 1
8 84 1 1.49553 1
8 85 1 2.40403 1
8 86 1 4.41938 1
8 87 1 -0.288624 1
8 88 1 -0.518281 1
8 89 1 3.61624 1
8 90 1 -0.628388 1
8 91 1 -0.856488 1
8 92 1 2.44184 1
8 93 1 2.36044 1
8 94 1 2.57941 1
8 95 1 0.0816039 1
9 64 1 1.25197 1
9 65 1 -0.442191 1
9 66 1 0.202291 1
9 67 1 0.502731 1
9 68 1 -1.35139 1
9 69 1 -0.493904 1
9 70 1 -2.2453 1
9 71 1 -1.32823 1
9 72 1 0.733789 1
9 73 1 -0.336791 1
9 74 1 1.13939 1
9 75 1 -2.73881 1
9 76 1 0.51188 1
9 77 1 -0.259029 1
9 78 1 -0.295417 1
9 79 1 1.19825 1
9 80 1 0.323142 1
9 81 1 -0.213045 1
9 82 1 -1.23176 1
9 83 1 -1.11838 1
9 84 1 2.92334 1
9 85 1 2.66715 1
9 86 1 -1.74153 1
9 87 1 0.378282 1
9 88 1 -0.869513 1
9 89 1 2.79254 1
9 90 1 -0.54533 1
9 91 1 -0.726108 1
9 92 1 -0.89463 1
9 93 1 -0.699341 1
9 94 1 -1.92191 1
9 95 1 -0.584868 1
10 64 1 -0.0889203 1
10 65 1 -0.116768 1
10 66 1 2.14816 1
10 67 1 0.121784 1
10 68 1 1.17422 1
10 69 1 0.614327 1
10 70 1 0.516461 1
10 71 1 -0.982614 1
10 72 1 0.93931 1
10 73 1 1.00443 1
10 74 1 -0.0779446 1
10 75 1 0.309948 1
10 76 1 -0.580652 1
10 77 1 2.02498 1
10 78 1 -2.80837 1
10 79 1 -0.61362 1
10 80 1 1.01812 1
10 81 1 -0.279405 1
10 82 1 0.571914 1
10 83 1 0.991677 1
10 84 1 1.26711 1
10 85 1 1.89407 1
10 86 1 -0.641953 1
10 87 1 0.815479 1
10 88 1 1.50811 1
10 89 1 -0.493025 1
10 90 1 -0.473541 1
10 91 1 0.691559 1
10 92 1 3.74334 1
10 93 1 -0.365437 1
10 94 1 3.14386 1
10 95 1 1.53383 1
11 64 1 2.06481 1
11 65 1 0.788633 1
11 66 1 0.491005 1
11 67 1 -3.10205 1
11 68 1 2.06241 1
11 69 1 -0.246332 1
11 70 1 0.822579 1
11 71 1 0.059241 1
11 72 1 0.931458 1
11 73 1 0.262229 1
11 74 1 -1.1613 1
11 75 1 -0.908534 1
11 76 1 -1.9136 1
11 77 1 0.930704 1
11 78 1 -1.60711 1
11 79 1 -1.16141 1
11 80 1 1.73784 1
11 81 1 1.20561 1
11 82 1 1.47209 1
11 83 1 0.178827 1
11 84 1 3.41835 1
11 85 1 -0.982903 1
11 86 1 -1.58912 1
11 87 1 -0.883562 1
11 88 1 -1.29782 1
11 89 1 -1.91144 1
11 90 1 -0.342069 1
11 91 1 -0.0615704 1
11 92 1 -1.01046 1
11 93 1 1.8203 1
11 94 1 0.104385 1
11 95 1 -0.526675 1
12 64 1 -1.58047 1
12 65 1 2.44563 1
12 66 1 -0.177551 1
12 67 1 -1.10694 1
12 68 1 0.480914 1
12 69 1 1.0003 1
12 70 1 0.598656 1
12 71 1 0.718837 1
12 72 1 -0.23151 1
12 73 1 1.25801 1
12 74 1 1.27329 1
12 75 1 -1.89619 1
12 76 1 1.05139 1
12 77 1 0.673271 1
12 78 1 -0.971525 1
12 79 1 -2.00552 1
12 80 1 -1.15026 1
12 81 1 -0.190028 1
12 82 1 -0.441752 1
12 83 1 0.37048 1
12 84 1 -1.21473 1
12 85 1 -0.516672 1
12 86 1 0.280299 1
12 87 1 1.07663 1
12 88 1 0.621795 1
12 89 1 0.839131 1
12 90 1 0.843565 1
12 91 1 -1.00971 1
12 92 1 0.250699 1
12 93 1 -2.04064 1
12 94 1 -1.60598 1
12 95 1 0.46217 1
13 64 1 -1.1667 1
13 65 1 -1.27381 1
13 66 1 -0.714888 1
13 67 1 -0.465804 1
13 68 1 1.38245 1
13 69 1 -1.30737 1
13 70 1 0.308171 1
13 71 1 3.20097 1
13 72 1 -0.633964 1
13 73 1 -2.77929 1
13 74 1 0.323723 1
13 75 1 0.808753 1
13 76 1 0.691379 1
13 77 1 -0.803813 1
13 78 1 -0.103469 1
13 79 1 -0.819414 1
13 80 1 -0.847874 1
13 81 1 -1.16995 1
13 82 1 0.0156265 1
13 83 1 -0.988127 1
13 84 1 -0.81064 1
13 85 1 -1.08318 1
13 86 1 2.98921 1
13 87 1 3.16039 1
13 88 1 0.630014 1
13 89 1 0.275389 1
13 90 1 -3.28053 1
13 91 1 -1.03707 1
13 92 1 -1.38091 1
13 93 1 -1.39618 1
13 94 1 -0.371012 1
13 95 1 -1.38186 1
14 64 1 -2.69217 1
14 65 1 0.182496 1
14 66 1 -0.660785 1
14 67 1 -1.59796 1
14 68 1 -1.00882 1
14 69 1 2.51773 1
14 70 1 0.917501 1
14 71 1 1.4891 1
14 72 1 -0.267433 1
14 73 1 -0.958341 1
14 74 1 1.80518 1
14 75 1 -0.363269 1
14 76 1 -0.254177 1
14 77 1 0.227974 1
14 78 1 -1.71022 1
14 79 1 1.70386 1
14 80 1 2.33172 1
14 81 1 1.15965 1
14 82 1 2.52105 1
14 83 1 -3.12641 1
14 84 1 0.744505 1
14 85 1 -0.770337 1
14 86 1 2.67796 1
14 87 1 -0.704544 1
14 88 1 -1.66635 1
14 89 1 -0.73585 1
14 90 1 2.11916 1
14 91 1 3.13006 1
14 92 1 1.19704 1
14 93 1 1.75773 1
14 94 1 3.96396 1
14 95 1 -0.266056 1
15 64 1 -0.960309 1
15 65 1 -0.420509 1
15 66 1 -1.82976 1
15 67 1 0.347958 1
15 68 1 1.59262 1
15 69 1 1.70121 1
15 70 1 2.28886 1
15 71 1 -0.742049 1
15 72 1 -2.97788 1
15 73 1 0.722196 1
15 74 1 -1.53364 1
15 75 1 -2.2554 1
15 76 1 -0.0692603 1
15 77 1 1.35671 1
15 78 1 -0.763382 1
15 79 1 -0.511177 1
15 80 1 1.02553 1
15 81 1 1.00471 1
15 82 1 -1.48547 1
15 83 1 0.947227 1
15 84 1 1.38101 1
15 85 1 -0.468973 1
15 86 1 0.127108 1
15 87 1 -1.03365 1
15 88 1 1.54046 1
15 89 1 0.431762 1
15 90 1 0.854215 1
15 91 1 -1.05909 1
15 92 1 -1.08757 1
15 93 1 0.379876 1
15 94 1 1.8976 1
15 95 1 2.01884 1
16 64 1 0.52879 1
16 65 1 -2.88269 1
16 66 1 -4.13842 1
16 67 1 -1.86761 1
16 68 1 2.05333 1
16 69 1 -0.0126094 1
16 70 1 1.3815 1
16 71 1 1.34103 1
16 72 1 -1.53508 1
16 73 1 -1.30779 1
16 74 1 0.93986 1
16 75 1 -1.90131 1
16 76 1 -1.83385 1
16 77 1 0.244402 1
16 78 1 0.00598181 1
16 79 1 -1.4402 1
16 80 1 -2.83527 1
16 81 1 2.6852 1
16 82 1 -1.46053 1
16 83 1 0.888961 1
16 84 1 0.450678 1
16 85 1 0.293911 1
16 86 1 -1.96486 1
16 87 1 -0.134631 1
16 88 1 2.10742 1
16 89 1 0.75855 1
16 90 1 -0.917455 1
16 91 1 0.199387 1
16 92 1 0.999407 1
16 93 1 -0.539252 1
16 94 1 1.21742 1
16 95 1 -1.54572 1
17 64 1 -2.57905 1
17 65 1 -1.39453 1
17 66 1 -0.315854 1
17 67 1 0.66304 1
17 68 1 -0.867078 1
17 69 1 0.00732349 1
17 70 1 2.1586 1
17 71 1 1.71975 1
17 72 1 -4.14868 1
17 73 1 1.62786 1
17 74 1 1.45926 1
17 75 1 -0.112588 1
17 76 1 -3.18555 1
17 77 1 0.0254351 1
17 78 1 1.37431 1
17 79 1 -3.20468 1
17 80 1 1.53196 1
17 81 1 1.58436 1
17 82 1 -1.77377 1
17 83 1 -0.731812 1
17 84 1 -1.52009 1
17 85 1 -0.496332 1
17 86 1 2.36922 1
17 87 1 1.70686 1
17 88 1 -0.854937 1
17 89 1 -1.05977 1
17 90 1 -2.66984 1
17 91 1 1.93672 1
17 92 1 -0.00810785 1
17 93 1 0.634721 1
17 94 1 0.92571 1
17 95 1 -0.578514 1
18 64 1 0.383948 1
18 65 1 0.653007 1
18 66 1 0.473947 1
18 67 1 -0.438781 1
18 68 1 0.0342778 1
18 69 1 -0.685361 1
18 70 1 -0.184571 1
18 71 1 0.0995885 1
18 72 1 1.93313 1
18 73 1 -0.798096 1
18 74 1 1.39187 1
18 75 1 0.629357 1
18 76 1 0.748781 1
18 77 1 1.41222 1
18 78 1 0.752785 1
18 79 1 -0.977497 1
18 80 1 0.730626 1
18 81 1 1.86891 1
18 82 1 -1.4963 1
18 83 1 -1.07744 1
18 84 1 0.297865 1
18 85 1 -2.28491 1
18 86 1 0.906134 1
18 87 1 -0.325728 1
18 88 1 1.68654 1
18 89 1 0.845547 1
18 90 1 -0.443625 1
18 91 1 0.663607 1
18 92 1 -0.939081 1
18 93 1 0.345539 1
18 94 1 -0.0422143 1
18 95 1 -0.245336 1
18 25 1 -1.36602 1
19 64 1 -0.525971 1
19 65 1 -0.395895 1
19 66 1 2.05539 1
19 67 1 -2.17499 1
19 68 1 -2.18176 1
19 69 1 0.569384 1
19 70 1 -1.33869 1
19 71 1 0.00340248 1
19 72 1 1.93077 1
19 73 1 0.993384 1
19 74 1 0.346875 1
19 75 1 -1.17719 1
19 76 1 -1.21087 1
19 77 1 -0.882426 1
19 78 1 -1.29466 1
19 79 1 1.43115 1
19 80 1 -1.16848 1
19 81 1 -2.19662 1
19 82 1 -0.029053 1
19 83 1 -2.43214 1
19 84 1 1.36967 1
19 85 1 -0.205764 1
19 86 1 0.140947 1
19 87 1 1.96888 1
19 88 1 0.697762 1
19 89 1 3.24947 1
19 90 1 -0.745049 1
19 91 1 -0.589757 1
19 92 1 0.749682 1
19 93 1 -3.30358 1
19 94 1 -2.35039 1
19 95 1 -3.00184 1
20 64 1 2.32666 1
20 65 1 0.171748 1
20 66 1 1.20497 1
20 67 1 0.239141 1
20 68 1 -0.540367 1
20 69 1 -2.38238 1
20 70 1 -1.59863 1
20 71 1 -1.46438 1
20 72 1 0.402993 1
20 73 1 -0.126805 1
20 74 1 1.38627 1
20 75 1 0.982707 1
20 76 1 -0.774473 1
20 77 1 0.0176174 1
20 78 1 1.4416 1
20 79 1 1.00177 1
20 80 1 0.0612242 1
20 81 1 -0.176404 1
20 82 1 2.20058 1
20 83 1 1.76698 1
20 84 1 0.514483 1
20 85 1 -0.48882 1
20 86 1 0.561067 1
20 87 1 0.461405 1
20 88 1 -0.164197 1
20 89 1 1.15907 1
20 90 1 0.834631 1
20 91 1 -1.12165 0
20 92 1 -1.96339 1
20 93 1 2.88528 0
20 94 1 0.232968 0
20 95 1 -0.251471 1
20 96 1 -0.572665 1
20 98 1 0.552255 1
20 103 1 2.22043 1
103 91 1 -0.812185 0
103 105 1 1.70943 1
105 91 1 -0.268122 1
98 93 1 0.122905 1
98 99 1 -0.26943 1
96 94 1 -0.0053725 1
21 64 1 -0.722985 1
21 65 1 0.383707 1
21 66 1 -1.49757 1
21 67 1 -1.44121 1
21 68 1 -0.597351 1
21 69 1 1.98897 1
21 70 1 -1.28389 1
21 71 1 -1.65446 1
21 72 1 -0.63588 1
21 73 1 -0.207456 1
21 74 1 -1.96166 1
21 75 1 -1.94215 1
21 76 1 0.029623 1
21 77 1 1.57472 1
21 78 1 -1.24238 1
21 79 1 -1.48971 1
21 80 1 0.118702 1
21 81 1 -0.0673055 1
21 82 1 -0.379429 1
21 83 1 -0.159194 1
21 84 1 3.39199 1
21 85 1 0.106452 1
21 86 1 1.23188 1
21 87 1 -0.409767 1
21 88 1 1.78175 1
21 89 1 2.79712 1
21 90 1 1.61756 1
21 91 1 -0.378817 1
21 92 1 0.458389 1
21 93 1 -0.828265 1
21 94 1 -0.161412 1
21 95 1 0.0878649 1
22 64 1 1.19614 1
22 65 1 1.84083 1
22 66 1 1.10931 1
22 67 1 2.28386 1
22 68 1 -1.30089 1
22 69 1 -1.02132 1
22 70 1 -1.26605 1
22 71 1 1.57735 1
22 72 1 -1.79116 1
22 73 1 -1.04211 1
22 74 1 -1.03996 1
22 75 1 1.24616 1
22 76 1 1.75178 1
22 77 1 0.5741 1
22 78 1 1.21046 1
22 79 1 1.79073 1
22 80 1 -1.20694 1
22 81 1 -2.83949 1
22 82 1 0.52953 1
22 83 1 0.262389 1
22 84 1 -1.14334 1
22 85 1 -0.468894 1
22 86 1 0.0160653 1
22 87 1 3.24428 1
22 88 1 0.18221 1
22 89 1 -0.296664 1
22 90 1 2.36475 1
22 91 1 0.260729 1
22 92 1 0.891041 1
22 93 1 1.29597 1
22 94 1 0.819508 1
22 95 1 2.92609 1
23 64 1 -0.966408 1
23 65 1 -0.487451 1
23 66 1 0.619744 1
23 67 1 -0.351886 1
23 68 1 -1.24912 1
23 69 1 0.320787 1
23 70 1 1.46147 1
23 71 1 -1.94923 1
23 72 1 0.155663 1
23 73 1 -0.130371 1
23 74 1 1.29096 1
23 75 1 -0.0835808 1
23 76 1 0.474722 1
23 77 1 1.73375 1
23 78 1 1.32357 1
23 79 1 -3.56909 1
23 80 1 0.371953 1
23 81 1 -1.07585 1
23 82 1 -1.23519 1
23 83 1 0.718092 1
23 84 1 1.24648 1
23 85 1 0.335036 1
23 86 1 -4.44389 1
23 87 1 0.145258 1
23 88 1 1.22055 1
23 89 1 0.202285 1
23 90 1 -0.56457 1
23 91 1 0.0271138 1
23 92 1 -0.216559 1
23 93 1 0.814514 1
23 94 1 0.352692 1
23 95 1 -0.879392 1
23 107 1 0.0725421 1
24 64 1 -1.36921 1
24 65 1 -0.555939 1
24 66 1 -1.6001 1
24 67 1 3.10917 1
24 68 1 -2.8772 1
24 69 1 1.25609 1
24 70 1 -2.5895 1
24 71 1 3.47371 1
24 72 1 0.206378 1
24 73 1 0.815863 1
24 74 1 -1.1024 1
24 75 1 0.862151 1
24 76 1 2.70573 1
24 77 1 -2.2078 1
24 78 1 -1.84992 1
24 79 1 0.820402 1
24 80 1 0.308471 1
24 81 1 0.148175 1
24 82 1 3.35285 1
24 83 1 -2.37557 1
24 84 1 -0.876184 1
24 85 1 -0.0348475 1
24 86 1 -1.89717 1
24 87 1 1.80785 1
24 88 1 -0.915662 1
24 89 1 -0.243905 1
24 90 1 2.15777 1
24 91 1 -0.0410307 1
24 92 1 0.743479 1
24 93 1 0.81913 1
24 94 1 0.23613 1
24 95 1 1.22852 1
24 5 1 3.23648 1
25 64 1 -1.44233 1
25 65 1 1.26046 1
25 66 1 -0.980473 1
25 67 1 0.49554 1
25 68 1 3.12455 1
25 69 1 -4.02625 1
25 70 1 2.47967 1
25 71 1 -2.19074 1
25 72 1 -0.262946 1
25 73 1 -0.691818 1
25 74 1 0.190224 1
25 75 1 -1.07818 1
25 76 1 2.14221 1
25 77 1 2.46609 1
25 78 1 1.26429 1
25 79 1 -1.91174 1
25 80 1 1.66423 1
25 81 1 0.0828365 1
25 82 1 -0.87053 1
25 83 1 1.03141 1
25 84 1 -1.64808 1
25 85 1 -2.3161 1
25 86 1 0.807701 1
25 87 1 0.891605 1
25 88 1 0.89402 1
25 89 1 1.55978 1
25 90 1 -0.982956 1
25 91 1 -1.59756 1
25 92 1 -0.183261 1
25 93 1 0.517331 1
25 94 1 -1.01796 1
25 95 1 -0.147075 1
25 8 1 1.36919 1
25 6 1 0.834542 1
26 64 1 -0.132525 1
26 65 1 0.699822 1
26 66 1 -0.11754 1
26 67 1 1.70126 1
26 68 1 2.38202 1
26 69 1 2.87924 1
26 70 1 -1.09878 1
26 71 1 0.180092 1
26 72 1 -1.37721 1
26 73 1 0.244004 1
26 74 1 -0.31491 1
26 75 1 2.07615 1
26 76 1 -0.895968 1
26 77 1 -2.38935 1
26 78 1 0.0903112 1
26 79 1 -2.75239 1
26 80 1 -0.00286277 1
26 81 1 2.65035 1
26 82 1 0.451685 1
26 83 1 1.85955 1
26 84 1 -1.33569 1
26 85 1 -0.461225 1
26 86 1 -1.57229 1
26 87 1 1.07681 1
26 88 1 -0.493355 1
26 89 1 -0.329776 1
26 90 1 -1.28913 1
26 91 1 -2.3217 1
26 92 1 -0.767559 1
26 93 1 -2.13483 1
26 94 1 1.02565 1
26 95 1 -0.424626 1
26 23 1 2.01649 1
27 64 1 -3.01336 1
27 65 1 2.08133 1
27 66 1 -0.196032 1
27 67 1 -0.294048 1
27 68 1 -1.22718 1
27 69 1 -1.27597 1
27 70 1 1.03507 1
27 71 1 -2.62622 1
27 72 1 -2.75227 1
27 73 1 2.01761 1
27 74 1 -0.271884 1
27 75 1 2.70197 1
27 76 1 -1.45411 1
27 77 1 -2.1559 1
27 78 1 3.14023 1
27 79 1 0.423832 1
27 80 1 0.487542 1
27 81 1 -0.143546 1
27 82 1 -0.049865 1
27 83 1 -0.613419 1
27 84 1 1.36745 1
27 85 1 -1.21423 1
27 86 1 0.114205 1
27 87 1 0.86953 1
27 88 1 -3.39234 1
27 89 1 0.235545 1
27 90 1 -0.0767696 1
27 91 1 -0.255313 1
27 92 1 -2.61464 1
27 93 1 -1.01462 1
27 94 1 1.84875 1
27 95 1 0.373231 1
27 9 1 1.68618 1
28 64 1 0.254066 1
28 65 1 0.496178 1
28 66 1 0.669399 1
28 67 1 1.69181 1
28 68 1 -0.103503 1
28 69 1 2.4531 1
28 70 1 -1.53021 1
28 71 1 -0.927892 1
28 72 1 -0.669487 1
28 73 1 0.033322 1
28 74 1 -0.207745 1
28 75 1 -0.837284 1
28 76 1 -0.82896 1
28 77 1 -1.32119 1
28 78 1 0.478515 1
28 79 1 0.735101 1
28 80 1 3.45187 1
28 81 1 -0.966304 1
28 82 1 1.25571 1
28 83 1 -0.408579 1
28 84 1 0.0790226 1
28 85 1 -2.39215 1
28 86 1 -2.16703 1
28 87 1 -0.00226782 1
28 88 1 -2.89471 1
28 89 1 -1.14713 1
28 90 1 -1.02796 1
28 91 1 -1.22264 1
28 92 1 1.40318 1
28 93 1 -1.25956 1
28 94 1 -0.739603 1
28 95 1 -1.13156 1
29 64 1 0.974936 1
29 65 1 -0.816322 1
29 66 1 0.991827 1
29 67 1 1.25433 1
29 68 1 -1.33805 1
29 69 1 1.212 1
29 70 1 -0.543581 1
29 71 1 0.154544 1
29 72 1 0.630612 1
29 73 1 1.37757 1
29 74 1 0.912756 1
29 75 1 1.58928 1
29 76 1 0.287056 1
29 77 1 0.859902 1
29 78 1 -2.48254 1
29 79 1 0.250027 1
29 80 1 0.161224 1
29 81 1 0.138436 1
29 82 1 -0.69213 1
29 83 1 0.088078 1
29 84 1 0.229555 1
29 85 1 -0.199504 1
29 86 1 -0.661985 1
29 87 1 -3.50387 1
29 88 1 0.622926 1
29 89 1 0.536459 1
29 90 1 -2.03232 1
29 91 1 0.959032 1
29 92 1 0.184543 1
29 93 1 0.566176 1
29 94 1 0.402767 1
29 95 1 -0.920077 1
30 64 1 0.707659 1
30 65 1 1.20178 1
30 66 1 -0.307386 1
30 67 1 0.904776 1
30 68 1 1.49568 1
30 69 1 -0.102452 1
30 70 1 -0.633271 1
30 71 1 2.21588 1
30 72 1 -1.25074 1
30 73 1 4.80745 1
30 74 1 0.499775 1
30 75 1 0.889676 1
30 76 1 -0.232837 1
30 77 1 -1.18912 1
30 78 1 -1.03784 1
30 79 1 -0.727865 1
30 80 1 1.10524 1
30 81 1 -1.64936 1
30 82 1 1.14529 1
30 83 1 3.32299 1
30 84 1 1.47345 1
30 85 1 -1.72957 1
30 86 1 -1.07422 1
30 87 1 -3.34181 1
30 88 1 0.99103 1
30 89 1 -2.00209 1
30 90 1 0.83755 1
30 91 1 1.78788 1
30 92 1 0.745384 1
30 93 1 0.800631 1
30 94 1 2.27016 1
30 95 1 0.0978602 1
31 64 1 1.51458 1
31 65 1 0.477425 1
31 66 1 -1.16458 1
31 67 1 4.13084 1
31 68 1 4.76816 1
31 69 1 0.338962 1
31 70 1 -1.25594 1
31 71 1 1.52391 1
31 72 1 -2.08854 1
31 73 1 -1.82949 1
31 74 1 -1.04697 1
31 75 1 -0.706438 1
31 76 1 -1.21981 1
31 77 1 -1.28854 1
31 78 1 -0.00642387 1
31 79 1 0.175455 1
31 80 1 -0.187345 1
31 81 1 0.144929 1
31 82 1 2.53473 1
31 83 1 -0.713811 1
31 84 1 -1.6458 1
31 85 1 0.327693 1
31 86 1 0.819573 1
31 87 1 1.59134 1
31 88 1 0.668062 1
31 89 1 1.14409 1
31 90 1 1.01753 1
31 91 1 0.0140989 1
31 92 1 -1.73314 1
31 93 1 1.47232 1
31 94 1 -0.309643 1
31 95 1 -0.965789 1
32 64 1 2.25906 1
32 65 1 0.550993 1
32 66 1 -2.39543 1
32 67 1 0.579905 1
32 68 1 0.870783 1
32 69 1 2.67105 1
32 70 1 1.07248 1
32 71 1 1.68501 1
32 72 1 -3.16984 1
32 73 1 -0.109339 1
32 74 1 0.543442 1
32 75 1 1.26314 1
32 76 1 -2.19378 1
32 77 1 -0.738537 1
32 78 1 -2.03993 1
32 79 1 2.6848 1
32 80 1 0.524222 1
32 81 1 -2.33219 1
32 82 1 1.24422 1
32 83 1 0.534379 1
32 84 1 -0.487628 1
32 85 1 -1.87451 1
32 86 1 0.0128002 1
32 87 1 1.12875 1
32 88 1 -0.810947 1
32 89 1 -1.95983 1
32 90 1 0.0868487 1
32 91 1 0.036693 1
32 92 1 1.76052 1
32 93 1 -2.37724 1
32 94 1 1.4266 1
32 95 1 -0.501536 1
33 64 1 0.927566 1
33 65 1 -3.0313 1
33 66 1 -0.586656 1
33 67 1 -0.838929 1
33 68 1 -1.70612 1
33 69 1 -1.56834 1
33 70 1 3.27192 1
33 71 1 0.845588 1
33 72 1 0.33155 1
33 73 1 0.811014 1
33 74 1 2.19803 1
33 75 1 -1.58179 1
33 76 1 -0.572343 1
33 77 1 2.78275 1
33 78 1 -1.53345 1
33 79 1 -0.857436 1
33 80 1 1.52322 1
33 81 1 0.28713 1
33 82 1 0.0390068 1
33 83 1 0.308245 1
33 84 1 1.67226 1
33 85 1 2.77016 1
33 86 1 -0.70796 1
33 87 1 2.12679 1
33 88 1 1.99734 1
33 89 1 1.40835 1
33 90 1 -0.292423 1
33 91 1 1.61135 1
33 92 1 0.84677 1
33 93 1 1.02951 1
33 94 1 1.82624 1
33 95 1 -0.457367 1
34 64 1 0.245224 1
34 65 1 0.879053 1
34 66 1 -0.943595 1
34 67 1 1.15224 1
34 68 1 2.26329 1
34 69 1 0.0825419 1
34 70 1 -1.34996 1
34 71 1 0.457154 1
34 72 1 1.08248 1
34 73 1 -0.0843358 1
34 74 1 -0.479968 1
34 75 1 1.92419 1
34 76 1 -1.97384 1
34 77 1 0.452881 1
34 78 1 0.0159385 1
34 79 1 -0.0904871 1
34 80 1 1.09597 1
34 81 1 0.927557 1
34 82 1 0.395144 1
34 83 1 1.39765 1
34 84 1 0.379461 1
34 85 1 0.431214 1
34 86 1 0.522253 1
34 87 1 -0.499736 1
34 88 1 1.8915 1
34 89 1 -0.402754 1
34 90 1 -0.865979 1
34 91 1 1.06962 1
34 92 1 -1.56459 1
34 93 1 -3.07469 1
34 94 1 0.799201 1
34 95 1 0.289186 1
35 64 1 -1.25506 1
35 65 1 1.63731 1
35 66 1 0.686996 1
35 67 1 -0.12449 1
35 68 1 1.16831 1
35 69 1 1.28704 1
35 70 1 0.550507 1
35 71 1 0.312601 1
35 72 1 -0.633243 1
35 73 1 1.05951 1
35 74 1 1.68122 1
35 75 1 -1.71427 1
35 76 1 -0.108244 1
35 77 1 1.90958 1
35 78 1 -2.56339 1
35 79 1 -1.37787 1
35 80 1 -3.70777 1
35 81 1 0.330761 1
35 82 1 3.38155 1
35 83 1 -0.14111 1
35 84 1 0.885857 1
35 85 1 -1.50998 1
35 86 1 -0.591226 1
35 87 1 -0.56635 1
35 88 1 -0.617983 1
35 89 1 1.58704 1
35 90 1 -2.02322 1
35 91 1 -3.29363 1
35 92 1 -0.116935 1
35 93 1 0.437953 1
35 94 1 -0.0276679 1
35 95 1 -0.0286945 1
36 64 1 -0.912283 1
36 65 1 0.512757 1
36 66 1 -0.63219 1
36 67 1 -0.191317 1
36 68 1 -0.371983 1
36 69 1 0.323214 1
36 70 1 -0.446088 1
36 71 1 3.374 1
36 72 1 -0.576656 1
36 73 1 1.06118 1
36 74 1 2.41777 1
36 75 1 0.206579 1
36 76 1 -0.155852 1
36 77 1 -1.40089 1
36 78 1 1.90088 1
36 79 1 2.52077 1
36 80 1 -0.716337 1
36 81 1 0.230866 1
36 82 1 -0.244536 0
36 83 1 -1.74673 1
36 84 1 0.337904 1
36 85 1 -0.221313 1
36 86 1 -0.110168 1
36 87 1 -1.16581 1
36 88 1 2.09462 1
36 89 1 -0.745535 1
36 90 1 -1.15075 1
36 91 1 -0.0992255 1
36 92 1 2.41353 1
36 93 1 0.272044 1
36 94 1 -1.825 1
36 95 1 2.14901 1
36 109 1 0.917754 1
109 82 1 0.391616 1
37 64 1 -2.90172 1
37 65 1 -0.810674 1
37 66 1 -2.7652 1
37 67 1 -3.12067 1
37 68 1 -1.33751 1
37 69 1 1.67571 1
37 70 1 -0.995241 1
37 71 1 -0.873735 1
37 72 1 0.191149 1
37 73 1 0.167331 1
37 74 1 -0.810763 1
37 75 1 -0.466248 1
37 76 1 1.10193 1
37 77 1 0.983346 1
37 78 1 -0.141791 1
37 79 1 0.272692 1
37 80 1 1.77746 1
37 81 1 0.427307 1
37 82 1 4.8063 1
37 83 1 -0.0436216 1
37 84 1 -1.71024 1
37 85 1 1.51913 1
37 86 1 -1.21702 1
37 87 1 0.205057 1
37 88 1 -1.13476 1
37 89 1 1.10772 1
37 90 1 -0.754795 1
37 91 1 -1.86804 1
37 92 1 1.17987 1
37 93 1 -0.840048 1
37 94 1 -1.47417 1
37 95 1 -1.01573 1
38 64 1 0.735196 1
38 65 1 -1.84912 1
38 66 1 -1.69668 1
38 67 1 -0.0299724 1
38 68 1 0.73273 1
38 69 1 0.133668 1
38 70 1 2.55785 1
38 71 1 0.457966 1
38 72 1 0.624873 1
38 73 1 -0.581694 1
38 74 1 -0.136662 1
38 75 1 1.40489 1
38 76 1 2.29556 1
38 77 1 -1.2381 1
38 78 1 0.563904 1
38 79 1 -1.48189 1
38 80 1 -1.58872 1
38 81 1 -0.803391 1
38 82 1 -1.51842 1
38 83 1 -0.62077 1
38 84 1 0.103951 1
38 85 1 -0.922436 1
38 86 1 -0.573239 1
38 87 1 0.776842 1
38 88 1 1.77179 1
38 89 1 1.77923 1
38 90 1 -1.16583 1
38 91 1 2.23739 1
38 92 1 -0.0761672 1
38 93 1 0.217816 1
38 94 1 -1.00122 1
38 95 1 -0.363652 1
39 64 1 -0.169102 1
39 65 1 -0.230614 1
39 66 1 0.0287407 1
39 67 1 -1.23949 1
39 68 1 -0.377333 1
39 69 1 0.663966 1
39 70 1 -1.41285 1
39 71 1 0.370484 1
39 72 1 0.309138 1
39 73 1 0.255915 1
39 74 1 1.39683 1
39 75 1 0.704076 1
39 76 1 -0.204297 1
39 77 1 -1.84598 1
39 78 1 0.203105 1
39 79 1 -0.79327 1
39 80 1 -0.583227 1
39 81 1 -1.86247 1
39 82 1 -0.331888 1
39 83 1 1.0248 1
39 84 1 2.57394 1
39 85 1 -0.831428 1
39 86 1 -0.0187579 1
39 87 1 0.435298 1
39 88 1 -1.09317 1
39 89 1 1.19935 1
39 90 1 2.01692 1
39 91 1 -1.86739 1
39 92 1 1.53609 1
39 93 1 -0.482438 1
39 94 1 0.138282 1
39 95 1 1.12987 1
39 2 1 -2.86818 1
40 64 1 -3.75634 1
40 65 1 0.502691 1
40 66 1 -0.973415 1
40 67 1 1.73977 1
40 68 1 2.7817 1
40 69 1 -1.21995 1
40 70 1 -2.01003 1
40 71 1 0.47279 1
40 72 1 2.27871 1
40 73 1 0.177954 1
40 74 1 -0.609576 1
40 75 1 -0.569126 1
40 76 1 0.448084 1
40 77 1 0.0518899 1
40 78 1 1.33999 1
40 79 1 -1.2401 1
40 80 1 1.16083 1
40 81 1 0.145542 1
40 82 1 0.561799 1
40 83 1 -0.567454 1
40 84 1 -0.0467467 1
40 85 1 2.50827 1
40 86 1 1.64357 1
40 87 1 0.206981 1
40 88 1 -1.2989 1
40 89 1 -0.20179 1
40 90 1 0.996973 1
40 91 1 -0.47874 1
40 92 1 -0.231391 1
40 93 1 1.67012 1
40 94 1 -0.805889 1
40 95 1 1.4685 1
41 64 1 2.34487 1
41 65 1 -0.223616 1
41 66 1 1.52286 1
41 67 1 -1.70543 1
41 68 1 -0.402855 1
41 69 1 0.690152 1
41 70 1 0.34723 1
41 71 1 2.16003 1
41 72 1 3.60229 1
41 73 1 -1.59169 1
41 74 1 -1.62648 1
41 75 1 0.878178 1
41 76 1 -0.151967 1
41 77 1 -0.485117 1
41 78 1 -1.6065 1
41 79 1 -2.69132 1
41 80 1 2.1456 1
41 81 1 -0.578744 1
41 82 1 0.282884 1
41 83 1 0.332299 1
41 84 1 0.255201 1
41 85 1 -0.905321 1
41 86 1 -0.202635 1
41 87 1 -0.480306 1
41 88 1 3.2202 1
41 89 1 -0.578313 1
41 90 1 -0.656278 1
41 91 1 0.875585 1
41 92 1 -0.933456 1
41 93 1 0.198939 1
41 94 1 0.815471 1
41 95 1 -1.74073 1
41 11 1 -0.0345612 1
42 64 1 0.787117 1
42 65 1 -0.106205 1
42 66 1 0.86346 1
42 67 1 0.668297 1
42 68 1 1.20472 1
42 69 1 -1.22172 1
42 70 1 0.200365 1
42 71 1 0.464089 1
42 72 1 -2.54751 1
42 73 1 -1.12256 1
42 74 1 1.15246 1
42 75 1 1.13352 1
42 76 1 -1.17009 1
42 77 1 1.47609 1
42 78 1 -1.69274 1
42 79 1 -0.946811 1
42 80 1 0.50855 1
42 81 1 1.27829 1
42 82 1 1.73333 1
42 83 1 1.1698 1
42 84 1 1.30854 1
42 85 1 0.441901 1
42 86 1 0.221645 1
42 87 1 -0.779238 1
42 88 1 1.54869 1
42 89 1 -0.225638 1
42 90 1 0.849676 1
42 91 1 1.46449 1
42 92 1 -0.31703 1
42 93 1 1.35082 1
42 94 1 -1.22355 1
42 95 1 -1.64698 1
43 64 1 0.326331 1
43 65 1 -0.225859 1
43 66 1 0.65431 1
43 67 1 1.08466 1
43 68 1 -1.05385 1
43 69 1 -2.79715 1
43 70 1 0.2041 1
43 71 1 -1.56606 1
43 72 1 -0.602851 1
43 73 1 -0.632405 1
43 74 1 0.531585 1
43 75 1 -1.52651 1
43 76 1 2.40055 1
43 77 1 0.911848 1
43 78 1 0.871726 1
43 79 1 0.110617 1
43 80 1 -1.48166 1
43 81 1 0.207556 1
43 82 1 0.224111 1
43 83 1 -0.637654 1
43 84 1 1.34153 1
43 85 1 1.57152 1
43 86 1 -0.927231 1
43 87 1 2.90492 1
43 88 1 -0.205115 1
43 89 1 2.52346 1
43 90 1 -0.610627 1
43 91 1 -1.55844 1
43 92 1 0.514432 1
43 93 1 1.01585 1
43 94 1 -1.25513 1
43 95 1 -0.7661 1
44 64 1 1.80871 1
44 65 1 -3.17883 1
44 66 1 0.823788 1
44 67 1 -0.082686 1
44 68 1 -0.885745 1
44 69 1 0.273041 1
44 70 1 -0.0408455 1
44 71 1 0.434877 1
44 72 1 -1.72955 1
44 73 1 0.549913 1
44 74 1 -1.58064 1
44 75 1 -0.265323 1
44 76 1 0.236524 1
44 77 1 1.0675 1
44 78 1 0.171833 1
44 79 1 0.546634 1
44 80 1 1.14495 1
44 81 1 0.420348 1
44 82 1 1.83636 1
44 83 1 -1.73447 1
44 84 1 1.49973 1
44 85 1 0.41405 1
44 86 1 0.929474 1
44 87 1 -2.14924 1
44 88 1 0.480005 1
44 89 1 -0.426372 1
44 90 1 1.1861 1
44 91 1 -0.219661 1
44 92 1 -0.216413 1
44 93 1 2.40768 1
44 94 1 -0.81271 1
44 95 1 -0.434483 1
44 8 1 -0.0252358 1
45 64 1 1.02844 1
45 65 1 0.822541 1
45 66 1 -0.192366 1
45 67 1 -1.35014 1
45 68 1 -1.44617 1
45 69 1 -4.66031 1
45 70 1 -0.0330567 1
45 71 1 -0.545939 1
45 72 1 -1.26194 1
45 73 1 1.68297 1
45 74 1 2.60417 1
45 75 1 1.78809 1
45 76 1 0.925784 1
45 77 1 0.164239 1
45 78 1 -2.4842 1
45 79 1 0.498033 1
45 80 1 -1.39775 1
45 81 1 -0.0250744 1
45 82 1 0.839085 1
45 83 1 -0.0182918 1
45 84 1 0.0971983 1
45 85 1 -1.39429 1
45 86 1 1.21968 1
45 87 1 -0.0270402 1
45 88 1 -1.30286 1
45 89 1 -1.52221 1
45 90 1 -0.800853 1
45 91 1 0.679091 1
45 92 1 -1.56513 1
45 93 1 -1.62293 1
45 94 1 0.831325 1
45 95 1 -0.0201714 1
45 9 1 1.30187 1
46 64 1 0.593141 1
46 65 1 0.91189 1
46 66 1 0.662878 1
46 67 1 0.786322 1
46 68 1 -1.93274 1
46 69 1 -1.55104 1
46 70 1 0.742625 1
46 71 1 -0.639508 1
46 72 1 -0.675394 1
46 73 1 -1.42561 1
46 74 1 -2.98535 1
46 75 1 -0.752923 1
46 76 1 -1.65571 1
46 77 1 1.22758 1
46 78 1 -0.791957 1
46 79 1 -0.135698 1
46 80 1 0.695383 1
46 81 1 -1.04015 1
46 82 1 0.193768 1
46 83 1 1.45355 1
46 84 1 -0.495687 1
46 85 1 -0.00813383 1
46 86 1 -1.81929 1
46 87 1 -0.642632 1
46 88 1 -0.973974 1
46 89 1 -1.54076 1
46 90 1 -0.0638759 1
46 91 1 -1.33651 1
46 92 1 -2.01257 1
46 93 1 0.548907 1
46 94 1 0.836076 1
46 95 1 0.19532 1
47 64 1 1.08695 1
47 65 1 0.78038 1
47 66 1 -0.897537 1
47 67 1 1.95944 1
47 68 1 -0.47389 1
47 69 1 3.03315 1
47 70 1 -0.594199 1
47 71 1 1.06252 1
47 72 1 1.60049 1
47 73 1 0.866356 1
47 74 1 0.0283851 1
47 75 1 -0.068439 1
47 76 1 -0.753309 1
47 77 1 -3.73229 1
47 78 1 0.234021 1
47 79 1 -0.110463 1
47 80 1 -1.05853 1
47 81 1 -1.70607 1
47 82 1 0.268546 1
47 83 1 0.103248 1
47 84 1 -0.809477 1
47 85 1 1.32139 1
47 86 1 -1.46963 1
47 87 1 0.694193 1
47 88 1 -2.2029 1
47 89 1 0.0149306 1
47 90 1 0.476633 1
47 91 1 0.381826 1
47 92 1 1.54172 1
47 93 1 -0.815325 1
47 94 1 0.641866 1
47 95 1 -1.56602 1
47 4 1 -0.713518 1
48 64 1 -0.585893 1
48 65 1 -0.432245 1
48 66 1 -1.0196 1
48 67 1 -1.68455 1
48 68 1 -1.06634 1
48 69 1 -1.31791 1
48 70 1 1.19635 1
48 71 1 1.50464 1
48 72 1 -0.461625 1
48 73 1 1.91957 1
48 74 1 2.94872 1
48 75 1 -0.858038 1
48 76 1 -0.830003 1
48 77 1 -1.32429 1
48 78 1 0.660121 1
48 79 1 0.172508 1
48 80 1 0.645939 1
48 81 1 0.553134 1
48 82 1 -0.348226 1
48 83 1 1.29421 1
48 84 1 -0.833243 1
48 85 1 2.31237 1
48 86 1 0.124154 1
48 87 1 -0.477056 1
48 88 1 -0.963048 1
48 89 1 0.863381 1
48 90 1 -0.320691 1
48 91 1 0.68741 1
48 92 1 -1.85949 1
48 93 1 -0.881216 1
48 94 1 -0.537094 1
48 95 1 -1.16591 1
48 16 1 0.714186 1
48 12 1 -0.112453 1
49 64 1 1.15388 1
49 65 1 -1.32501 1
49 66 1 -1.52912 1
49 67 1 2.18782 1
49 68 1 1.66776 1
49 69 1 2.4386 1
49 70 1 0.206624 1
49 71 1 -2.0281 1
49 72 1 -1.44931 1
49 73 1 1.30458 1
49 74 1 0.525434 1
49 75 1 0.268706 1
49 76 1 -2.43602 1
49 77 1 -0.855477 1
49 78 1 -0.462489 1
49 79 1 2.66752 1
49 80 1 3.09782 1
49 81 1 -2.19052 1
49 82 1 0.291797 1
49 83 1 1.84702 1
49 84 1 1.06274 1
49 85 1 -1.62445 1
49 86 1 0.563784 1
49 87 1 -2.09629 1
49 88 1 -2.65327 1
49 89 1 0.00885114 1
49 90 1 0.978288 1
49 91 1 0.62341 1
49 92 1 -0.864319 1
49 93 1 0.73128 1
49 94 1 -0.106929 1
49 95 1 2.20456 1
49 19 1 0.121657 1
50 64 1 -3.22187 1
50 65 1 -0.996626 1
50 66 1 1.95189 1
50 67 1 -0.819547 1
50 68 1 0.12486 1
50 69 1 0.57164 1
50 70 1 2.21536 1
50 71 1 2.03382 1
50 72 1 -1.88651 1
50 73 1 2.00714 1
50 74 1 1.27137 1
50 75 1 2.019 1
50 76 1 -1.65486 1
50 77 1 0.426709 1
50 78 1 0.830659 1
50 79 1 -1.42048 1
50 80 1 0.100951 1
50 81 1 -1.13025 1
50 82 1 -0.25665 1
50 83 1 3.01225 1
50 84 1 -0.870364 1
50 85 1 1.46112 1
50 86 1 0.162602 1
50 87 1 -2.01856 1
50 88 1 -2.48589 1
50 89 1 -0.110047 1
50 90 1 -0.524115 1
50 91 1 0.425048 1
50 92 1 0.182815 1
50 93 1 2.27756 1
50 94 1 -1.02587 1
50 95 1 1.67245 1
50 4 1 -1.51137 1
51 64 1 -1.99502 1
51 65 1 1.23864 1
51 66 1 -0.602027 1
51 67 1 -1.41956 1
51 68 1 -0.688833 1
51 69 1 -0.661022 1
51 70 1 -0.781906 1
51 71 1 1.90495 1
51 72 1 0.318473 1
51 73 1 -0.472783 1
51 74 1 -0.990445 1
51 75 1 3.86583 1
51 76 1 -0.300828 1
51 77 1 0.531785 1
51 78 1 -0.808335 1
51 79 1 1.04753 1
51 80 1 0.714475 1
51 81 1 -1.37385 1
51 82 1 -0.429816 1
51 83 1 1.73817 1
51 84 1 -1.22237 1
51 85 1 0.187483 1
51 86 1 -0.0247291 1
51 87 1 0.15208 1
51 88 1 0.0500612 1
51 89 1 -0.943334 1
51 90 1 -0.877436 1
51 91 1 -0.222891 1
51 92 1 -0.667081 1
51 93 1 2.2506 1
51 94 1 -2.7273 1
51 95 1 0.329706 1
52 64 1 -1.47213 1
52 65 1 0.402344 1
52 66 1 2.08534 1
52 67 1 0.241602 1
52 68 1 -0.965352 1
52 69 1 1.75118 1
52 70 1 0.812129 1
52 71 1 -1.49712 1
52 72 1 -1.8003 1
52 73 1 2.26879 1
52 74 1 1.8982 1
52 75 1 0.278805 1
52 76 1 -1.58725 1
52 77 1 0.00421449 1
52 78 1 -1.70485 1
52 79 1 -1.06454 1
52 80 1 -1.31998 1
52 81 1 0.183902 1
52 82 1 -1.63702 1
52 83 1 -1.2675 1
52 84 1 -0.964513 1
52 85 1 -2.09042 1
52 86 1 -1.68422 1
52 87 1 1.49361 1
52 88 1 -0.477891 1
52 89 1 0.951283 1
52 90 1 -0.825418 1
52 91 1 0.0548317 1
52 92 1 -1.38689 1
52 93 1 -0.276307 1
52 94 1 0.0566964 1
52 95 1 -0.993857 1
53 64 1 -0.926672 1
53 65 1 1.39514 1
53 66 1 0.408537 1
53 67 1 -3.16544 1
53 68 1 -0.197948 1
53 69 1 3.35588 1
53 70 1 0.0443827 1
53 71 1 -0.543687 1
53 72 1 1.13506 1
53 73 1 -0.0181556 1
53 74 1 0.750455 1
53 75 1 -1.30096 1
53 76 1 1.15611 1
53 77 1 1.45826 1
53 78 1 0.310135 1
53 79 1 0.40286 1
53 80 1 -1.32088 1
53 81 1 -0.403377 1
53 82 1 0.506601 1
53 83 1 0.798257 1
53 84 1 0.843209 1
53 85 1 -0.536139 1
53 86 1 0.359936 1
53 87 1 -1.15122 1
53 88 1 -1.97076 1
53 89 1 -0.896639 1
53 90 1 -1.56853 1
53 91 1 -0.987558 1
53 92 1 0.00826088 1
53 93 1 0.831689 1
53 94 1 0.523013 1
53 95 1 -1.86642 1
53 20 1 1.2433 1
54 64 1 1.11606 1
54 65 1 1.53555 1
54 66 1 0.385425 1
54 67 1 1.09628 1
54 68 1 -0.0259745 1
54 69 1 -1.10924 1
54 70 1 -0.398385 1
54 71 1 0.788986 1
54 72 1 0.774221 1
54 73 1 -0.788039 1
54 74 1 0.0652188 1
54 75 1 -1.31129 1
54 76 1 0.144854 1
54 77 1 1.13116 1
54 78 1 0.556654 1
54 79 1 -0.386905 1
54 80 1 -0.174653 1
54 81 1 -1.76946 1
54 82 1 -1.66437 1
54 83 1 2.13782 1
54 84 1 1.05947 1
54 85 1 0.0905673 1
54 86 1 -1.42796 1
54 87 1 0.729816 1
54 88 1 3.6271 1
54 89 1 0.584693 1
54 90 1 -0.803116 1
54 91 1 0.799111 1
54 92 1 -0.345382 1
54 93 1 -0.220776 1
54 94 1 0.184225 1
54 95 1 1.93157 1
54 30 1 0.663061 1
55 64 1 -0.0734387 1
55 65 1 -1.62525 1
55 66 1 1.82896 1
55 67 1 0.921865 1
55 68 1 -1.00743 1
55 69 1 1.81838 1
55 70 1 2.6502 1
55 71 1 -3.42649 1
55 72 1 1.28189 1
55 73 1 -0.309697 1
55 74 1 3.33135 1
55 75 1 -3.77742 1
55 76 1 -3.22659 1
55 77 1 1.30902 1
55 78 1 -2.28236 1
55 79 1 -0.457909 1
55 80 1 0.0707991 1
55 81 1 -1.10179 1
55 82 1 -0.243933 1
55 83 1 -0.97632 1
55 84 1 -0.250934 1
55 85 1 0.697032 1
55 86 1 0.475112 1
55 87 1 2.6852 1
55 88 1 -1.31656 1
55 89 1 -1.91121 1
55 90 1 0.643808 1
55 91 1 0.529618 1
55 92 1 1.30711 1
55 93 1 -1.36993 1
55 94 1 -0.56606 1
55 95 1 -2.23248 1
55 28 1 0.132402 1
56 64 1 1.51779 1
56 65 1 0.732613 1
56 66 1 -0.029579 1
56 67 1 -0.201699 1
56 68 1 1.47306 1
56 69 1 0.905276 1
56 70 1 0.458109 1
56 71 1 0.751369 1
56 72 1 0.734995 1
56 73 1 -0.896032 1
56 74 1 -0.197929 1
56 75 1 2.5882 1
56 76 1 -0.323053 1
56 77 1 0.286638 1
56 78 1 -0.992971 1
56 79 1 0.0511163 1
56 80 1 -1.61142 1
56 81 1 1.62645 1
56 82 1 1.05941 1
56 83 1 -1.5508 1
56 84 1 -0.0923811 1
56 85 1 -1.76222 1
56 86 1 -0.54623 1
56 87 1 -2.0606 1
56 88 1 1.4532 1
56 89 1 -2.15515 1
56 90 1 -0.236033 1
56 91 1 -1.42869 1
56 92 1 0.739899 1
56 93 1 1.51381 1
56 94 1 -1.88879 1
56 95 1 1.1971 1
56 3 1 0.376816 1
57 64 1 -1.57907 1
57 65 1 1.39934 1
57 66 1 -2.20463 1
57 67 1 1.74176 1
57 68 1 3.68362 1
57 69 1 -0.409356 0
57 70 1 1.67519 1
57 71 1 -0.130375 1
57 72 1 -0.512932 1
57 73 1 -1.89074 1
57 74 1 0.831892 1
57 75 1 2.82953 1
57 76 1 1.67429 1
57 77 1 -2.27151 1
57 78 1 -1.01631 1
57 79 1 -1.10543 1
57 80 1 2.43045 1
57 81 1 1.25342 1
57 82 1 -0.301211 1
57 83 1 -2.51609 1
57 84 1 0.740709 1
57 85 1 -3.67336 1
57 86 1 -0.906751 1
57 87 1 0.633021 1
57 88 1 -1.52061 1
57 89 1 1.95908 1
57 90 1 0.810923 1
57 91 1 -0.533257 1
57 92 1 0.107215 1
57 93 1 1.55492 1
57 94 1 2.30482 1
57 95 1 1.37907 1
57 104 1 0.971182 1
104 69 1 -0.304986 1
58 64 1 0.167444 1
58 65 1 -0.413986 1
58 66 1 -0.701251 1
58 67 1 -1.24824 1
58 68 1 1.12742 1
58 69 1 -1.19107 1
58 70 1 -0.95562 1
58 71 1 -0.685132 1
58 72 1 0.685931 1
58 73 1 -2.11216 1
58 74 1 1.8284 1
58 75 1 2.14297 1
58 76 1 -0.896966 1
58 77 1 -1.95406 1
58 78 1 -0.021281 1
58 79 1 -1.27481 1
58 80 1 0.183267 1
58 81 1 0.537655 1
58 82 1 1.08835 1
58 83 1 -0.6056 1
58 84 1 1.52212 1
58 85 1 0.756874 1
58 86 1 0.227128 1
58 87 1 -1.26759 1
58 88 1 -0.626054 1
58 89 1 -1.58351 1
58 90 1 -0.365229 1
58 91 1 0.487005 1
58 92 1 1.79202 1
58 93 1 0.353771 1
58 94 1 -3.18621 1
58 95 1 1.2852 1
59 64 1 -0.966585 1
59 65 1 -0.490113 1
59 66 1 0.728183 1
59 67 1 -0.75655 1
59 68 1 -0.4496 1
59 69 1 -1.36166 1
59 70 1 -1.58626 1
59 71 1 -0.0657685 1
59 72 1 -1.03304 1
59 73 1 -1.54658 1
59 74 1 2.16047 1
59 75 1 1.55962 1
59 76 1 1.66757 1
59 77 1 -0.983248 0
59 78 1 -2.07822 1
59 79 1 -0.170358 1
59 80 1 0.211304 1
59 81 1 -0.673159 1
59 82 1 -1.36275 1
59 83 1 0.915289 1
59 84 1 0.56864 1
59 85 1 -0.0690683 1
59 86 1 0.0962995 1
59 87 1 1.24817 1
59 88 1 1.0707 1
59 89 1 0.589483 1
59 90 1 1.85802 1
59 91 1 -0.020025 1
59 92 1 1.72061 1
59 93 1 0.488328 1
59 94 1 0.057285 1
59 95 1 2.00193 1
59 97 1 1.87568 1
59 5 1 -0.597423 1
59 11 1 0.463878 1
97 77 1 -1.50729 1
97 22 1 -1.69545 1
97 2 1 -0.788821 0
97 99 1 0.564417 1
97 7 1 -0.14668 0
97 102 1 1.88873 1
102 7 1 0.241455 1
99 2 1 0.302835 0
99 108 1 1.3642 1
108 2 1 1.50194 1
60 64 1 1.33761 1
60 65 1 -0.0498524 1
60 66 1 -0.594274 1
60 67 1 -0.216268 1
60 68 1 1.91369 1
60 69 1 2.01134 1
60 70 1 -0.751371 1
60 71 1 -1.44231 1
60 72 1 -2.13253 1
60 73 1 -1.34661 1
60 74 1 -0.597374 1
60 75 1 1.246 1
60 76 1 0.0812522 1
60 77 1 2.92119 1
60 78 1 -0.575195 1
60 79 1 -0.174735 1
60 80 1 -1.589 1
60 81 1 1.57336 1
60 82 1 -2.18233 1
60 83 1 1.09376 1
60 84 1 -1.43647 1
60 85 1 0.171667 1
60 86 1 1.23724 1
60 87 1 0.0578952 1
60 88 1 -1.56717 1
60 89 1 -1.62784 1
60 90 1 -1.84299 1
60 91 1 0.67378 1
60 92 1 -0.294446 1
60 93 1 0.780042 1
60 94 1 0.551406 1
60 95 1 -2.30104 1
60 24 1 0.326633 1
61 64 1 -1.1583 1
61 65 1 0.46347 1
61 66 1 0.526894 1
61 67 1 -0.403104 1
61 68 1 -2.147 1
61 69 1 0.588422 1
61 70 1 -0.342769 1
61 71 1 0.747534 1
61 72 1 -0.794102 1
61 73 1 -0.332269 1
61 74 1 0.76773 1
61 75 1 0.130303 1
61 76 1 1.014 1
61 77 1 -1.3107 0
61 78 1 2.29921 1
61 79 1 -1.0401 1
61 80 1 -0.876625 1
61 81 1 0.836332 1
61 82 1 1.106 1
61 83 1 0.329505 1
61 84 1 0.825581 1
61 85 1 0.686565 1
61 86 1 0.50781 1
61 87 1 0.700052 1
61 88 1 2.25651 1
61 89 1 1.45029 1
61 90 1 -0.278257 1
61 91 1 1.00123 1
61 92 1 -1.23242 1
61 93 1 -0.343268 1
61 94 1 0.935569 1
61 95 1 2.35943 1
61 107 1 1.37203 1
107 77 1 -2.39715 1
62 64 1 1.67671 1
62 65 1 -1.84225 1
62 66 1 0.443748 1
62 67 1 -0.218522 1
62 68 1 -1.17478 1
62 69 1 0.725131 1
62 70 1 -0.795675 1
62 71 1 -1.31385 1
62 72 1 0.597303 1
62 73 1 2.08889 1
62 74 1 1.65908 1
62 75 1 -0.558883 1
62 76 1 -1.60077 1
62 77 1 -1.28582 1
62 78 1 -0.90109 1
62 79 1 1.61686 1
62 80 1 -0.0854141 1
62 81 1 -0.810448 1
62 82 1 -0.826403 1
62 83 1 0.828643 1
62 84 1 -0.589558 1
62 85 1 0.181065 1
62 86 1 2.46804 1
62 87 1 -0.517496 1
62 88 1 -0.0495284 1
62 89 1 -0.987494 1
62 90 1 -4.30562 1
62 91 1 -0.55973 1
62 92 1 -1.40626 1
62 93 1 1.95287 1
62 94 1 -0.620425 1
62 95 1 -0.242786 1
62 5 1 -0.606229 1
63 64 1 2.40044 1
63 65 1 0.103725 1
63 66 1 2.34299 1
63 67 1 1.96898 1
63 68 1 0.724606 1
63 69 1 -2.35232 1
63 70 1 0.292202 1
63 71 1 1.88179 1
63 72 1 0.507262 1
63 73 1 0.269147 1
63 74 1 -0.661315 1
63 75 1 -0.27524 1
63 76 1 -1.22118 1
63 77 1 1.88687 1
63 78 1 -0.655472 1
63 79 1 -1.15384 1
63 80 1 0.893489 1
63 81 1 0.947308 1
63 82 1 1.68875 1
63 83 1 -1.74558 1
63 84 1 -1.75342 1
63 85 1 -3.65597 1
63 86 1 2.55382 1
63 87 1 -0.486971 1
63 88 1 0.027221 1
63 89 1 -0.786595 1
63 90 1 1.49418 1
63 91 1 0.285898 1
63 92 1 -1.27468 1
63 93 1 0.0572999 1
63 94 1 -1.32634 1
63 95 1 2.07181 1
