186 64 32
3.59669 -1.75844 -3.99802 4.54656 -5.99979 5.21707 0.183131 4.25666 -1.12403 6.29496 2.35 6.36118 -3.88134 -4.321 -3.01948 -3.08934 1.90189 0.914196 1.29872 -1.38083 -1.26183 0.358237 0.230496 0.906021 -6.73679 -0.149489 3.98226 1.44783 -4.40659 -3.52183 -3.63711 -0.0670121 -2.42047 1.03318 -0.084362 3.53473 -4.6644 0.246597 -1.67617 -0.50432 -2.58977 2.51844 -2.15642 -3.27638 -5.10809 -5.01738 -4.22577 2.50382 0.0817325 4.6336 1.13988 -5.61534 -5.07659 -0.848127 -0.906579 2.76377 -2.29255 3.14321 1.27022 -1.44223 2.11336 -4.50943 -3.83773 -2.55147 -4.98291 -3.04051 3.64994 1.60909 -3.98502 1.81864 -2.37572 -5.70468 -3.75176 -3.05914 2.32927 4.89938 -0.429834 -1.93644 -0.693185 -6.01166 0.193453 0.395969 -5.11204 1.83549 3.18439 1.70146 -3.26526 0.19972 3.89245 0.649463 -3.15494 1.58831 -1.0425 -0.679794 0.925999 -0.994442 -1.88881 -1.91512 -1.88794 -2.30322 1.97321 -2.57193 -4.92899 -1.53367 -5.02077 1.74441 -1.74345 -4.78405 -2.15736 -1.60163 -2.44308 2.86571 2.54627 -6.65309 0.855489 -1.71693 -1.77566 -0.225474 -0.880751 -1.15546 4.63947 -1.9108 -1.15554 -0.558474 0.783064 4.63691 -0.00693435 1.09725 1.18646 3.5726 0.82572 -0.224098 -1.94133 -0.0310228 -2.81716 -0.737395 -0.75055 0.768923 -4.2098 -1.80865 3.2107 -3.03503 -1.73499 -3.82142 1.11609 2.19117 0.078314 -3.17577 -1.10893 -3.63342 -1.6728 -0.354731 0.724339 -0.88891 0.606321 -0.339839 -0.103649 1.52576 0.0357334 0.402058 1.66268 0.66162 0.5668 1.11289 0.501517 -1.01707 1.90303 -0.386115 -0.0855631 1.53396 0.434464 1.14968 1.69057 -0.214905 -1.13526 -1.06097 0.385771 0.309876 0.272925 0.686726 0.700306 0.335019 0.556553 -0.0602734 -0.449026 0.138711 
0 64 1 -4.57684 1
0 65 1 1.69857 1
0 66 1 2.19096 1
0 67 1 -0.329727 1
0 68 1 -2.93441 1
0 69 1 1.73014 1
0 70 1 2.88334 1
0 71 1 2.16411 1
0 72 1 1.37932 1
0 73 1 -0.606608 1
0 74 1 -2.08313 1
0 75 1 2.52078 1
0 76 1 2.73618 1
0 77 1 2.55037 1
0 78 1 -1.33228 1
0 79 1 -0.00629863 1
0 80 1 3.55146 1
0 81 1 3.72161 1
0 82 1 6.14169 1
0 83 1 1.16519 1
0 84 1 -2.61131 1
0 85 1 5.0793 1
0 86 1 -2.69376 1
0 87 1 -4.32099 1
0 88 1 3.47338 1
0 89 1 4.02705 1
0 90 1 3.83768 1
0 91 1 5.2131 1
0 92 1 -4.24094 1
0 93 1 -1.38044 1
0 94 1 2.22786 1
0 95 1 -0.727199 1
0 10 1 -2.68057 1
1 64 1 0.0205073 1
1 65 1 -4.63509 1
1 66 1 2.59469 1
1 67 1 -5.8127 1
1 68 1 5.6842 1
1 69 1 -2.31126 1
1 70 1 3.44064 1
1 71 1 -0.633397 1
1 72 1 -3.66669 1
1 73 1 -1.27136 1
1 74 1 -2.5963 1
1 75 1 4.61748 1
1 76 1 -3.01312 1
1 77 1 6.41617 1
1 78 1 -0.423463 1
1 79 1 -2.17635 1
1 80 1 -1.34474 1
1 81 1 0.693343 1
1 82 1 -0.670756 1
1 83 1 -5.98031 1
1 84 1 -5.45453 1
1 85 1 -1.93411 1
1 86 1 3.50525 1
1 87 1 -1.25063 1
1 88 1 -1.23332 1
1 89 1 3.79306 1
1 90 1 -0.440848 1
1 91 1 -1.27789 1
1 92 1 0.358308 1
1 93 1 0.612579 1
1 94 1 -0.516155 1
1 95 1 -7.0018 1
1 27 1 -0.308547 1
2 64 1 1.05741 1
2 65 1 -2.31327 1
2 66 1 -5.53079 1
2 67 1 -2.83882 1
2 68 1 -1.15258 1
2 69 1 -0.646767 1
2 70 1 -1.14702 1
2 71 1 1.34419 1
2 72 1 -0.815773 1
2 73 1 -1.58771 1
2 74 1 -3.23309 1
2 75 1 1.55165 1
2 76 1 -3.3016 1
2 77 1 -2.27781 1
2 78 1 0.218031 1
2 79 1 -4.10733 1
2 80 1 -5.91518 1
2 81 1 -5.62428 1
2 82 1 0.958527 1
2 83 1 -4.03919 1
2 84 1 -0.341066 1
2 85 1 3.25773 1
2 86 1 -1.7721 1
2 87 1 -0.817116 1
2 88 1 -1.36907 1
2 89 1 -4.4479 1
2 90 1 -3.75488 1
2 91 1 -2.75548 1
2 92 1 2.50587 0
2 93 1 -1.62903 1
2 94 1 3.06235 1
2 95 1 -2.36792 1
2 100 1 0.0423931 1
2 6 1 4.32506 1
2 110 1 -0.677451 1
2 180 1 1.57671 1
180 92 1 2.39949 1
3 64 1 -1.08899 1
3 65 1 -1.98915 1
3 66 1 0.745866 1
3 67 1 -0.15823 1
3 68 1 5.97944 1
3 69 1 -2.67274 1
3 70 1 -3.80701 1
3 71 1 -0.565484 1
3 72 1 8.101 1
3 73 1 -0.601796 1
3 74 1 -0.143967 1
3 75 1 3.8604 1
3 76 1 -0.741653 1
3 77 1 -0.0866711 1
3 78 1 -2.02399 1
3 79 1 0.423288 1
3 80 1 -3.74852 1
3 81 1 1.33064 1
3 82 1 5.75541 1
3 83 1 3.1315 1
3 84 1 0.34626 1
3 85 1 -4.82201 1
3 86 1 1.81786 1
3 87 1 3.96177 1
3 88 1 -2.03992 1
3 89 1 4.45517 1
3 90 1 -0.314264 1
3 91 1 2.42913 1
3 92 1 1.30553 1
3 93 1 -3.428 1
3 94 1 -1.2558 1
3 95 1 3.87362 0
3 110 1 2.18378 1
110 95 1 -1.79726 0
110 111 1 -2.50173 0
110 132 1 2.96852 1
110 152 1 1.13974 1
110 126 1 -0.489669 1
110 20 1 0.0907727 1
110 16 1 0.665898 1
132 111 1 2.1353 1
111 95 1 1.38882 1
4 64 1 2.83165 1
4 65 1 -0.207496 1
4 66 1 -0.421367 1
4 67 1 4.868 1
4 68 1 0.883553 1
4 69 1 2.70111 1
4 70 1 -0.28015 1
4 71 1 -0.739088 1
4 72 1 -1.75131 1
4 73 1 -1.86333 0
4 74 1 -0.690338 1
4 75 1 -7.20305 0
4 76 1 0.386786 1
4 77 1 3.62617 1
4 78 1 -0.65326 1
4 79 1 0.507885 1
4 80 1 -5.92674 1
4 81 1 2.2965 1
4 82 1 0.343961 1
4 83 1 -1.27649 1
4 84 1 -2.47117 1
4 85 1 1.89373 1
4 86 1 1.59663 1
4 87 1 -3.45705 1
4 88 1 -2.06262 1
4 89 1 -3.1382 1
4 90 1 4.04472 1
4 91 1 -1.87916 1
4 92 1 -1.34742 1
4 93 1 1.35465 0
4 94 1 -3.07215 1
4 95 1 2.04961 1
4 101 1 3.41664 1
4 17 1 5.68088 1
4 118 1 2.49013 1
4 145 1 0.564951 1
4 119 1 -1.09659 1
145 93 1 0.552381 1
118 73 1 -6.39231 1
101 75 1 2.17126 1
5 64 1 -2.88857 1
5 65 1 6.90356 1
5 66 1 -2.68352 1
5 67 1 9.83959 1
5 68 1 2.84614 1
5 69 1 4.04399 1
5 70 1 1.29048 1
5 71 1 -1.30866 1
5 72 1 -0.392517 1
5 73 1 -1.83135 1
5 74 1 -1.55813 1
5 75 1 3.61453 1
5 76 1 2.0527 1
5 77 1 1.8054 1
5 78 1 -1.12344 1
5 79 1 1.12953 1
5 80 1 1.61513 1
5 81 1 -0.565567 1
5 82 1 -0.64362 1
5 83 1 5.15045 1
5 84 1 3.24751 1
5 85 1 2.77898 1
5 86 1 1.08116 1
5 87 1 0.514979 1
5 88 1 0.928587 1
5 89 1 -3.80637 1
5 90 1 -1.51268 1
5 91 1 -0.938148 1
5 92 1 -1.88212 1
5 93 1 0.244445 1
5 94 1 -2.0427 1
5 95 1 -0.90286 1
5 28 1 3.69092 1
6 64 1 -0.241415 1
6 65 1 -1.56508 1
6 66 1 1.88949 1
6 67 1 2.59365 1
6 68 1 -3.1445 1
6 69 1 -3.26888 1
6 70 1 -5.07851 1
6 71 1 0.0888982 1
6 72 1 3.31659 1
6 73 1 -3.58988 1
6 74 1 -3.80786 1
6 75 1 2.64218 1
6 76 1 5.51804 1
6 77 1 -3.29617 1
6 78 1 0.0537288 1
6 79 1 -4.20873 1
6 80 1 3.91043 1
6 81 1 -1.42471 1
6 82 1 1.35714 1
6 83 1 3.15564 1
6 84 1 3.07727 1
6 85 1 -6.87856 1
6 86 1 -0.33622 1
6 87 1 5.91356 1
6 88 1 -2.62358 1
6 89 1 -1.96838 1
6 90 1 3.41284 1
6 91 1 1.03133 1
6 92 1 6.0827 1
6 93 1 -4.12366 1
6 94 1 -2.73702 1
6 95 1 3.67575 1
6 26 1 1.41139 1
7 64 1 1.83539 1
7 65 1 1.75904 1
7 66 1 1.27812 1
7 67 1 -5.44222 1
7 68 1 -3.48714 1
7 69 1 -3.12821 1
7 70 1 5.78164 1
7 71 1 4.66784 1
7 72 1 4.24917 1
7 73 1 -1.99813 1
7 74 1 -0.345144 1
7 75 1 -0.136311 0
7 76 1 1.24696 1
7 77 1 3.25274 1
7 78 1 2.64073 1
7 79 1 1.98342 1
7 80 1 -1.1553 1
7 81 1 2.47394 1
7 82 1 -5.42999 0
7 83 1 0.443239 0
7 84 1 -3.73262 1
7 85 1 3.9309 1
7 86 1 0.000785492 1
7 87 1 3.94393 1
7 88 1 -2.48958 1
7 89 1 -1.64638 1
7 90 1 1.56854 1
7 91 1 -3.15851 1
7 92 1 0.175524 1
7 93 1 -1.20956 1
7 94 1 -0.0837696 1
7 95 1 1.84572 1
7 100 1 -0.306416 1
7 127 1 3.37141 1
7 164 1 0.494744 1
164 75 1 0.205982 1
127 82 1 -5.35511 0
127 169 1 0.508908 1
127 150 1 1.197 1
169 82 1 -4.56762 1
100 83 1 3.86867 0
100 24 1 -1.17552 0
100 106 1 2.75015 1
100 166 1 -0.186622 1
166 83 1 3.92849 1
106 24 1 -8.03286 1
106 6 1 -3.04765 1
8 64 1 1.26133 1
8 65 1 -2.57862 1
8 66 1 -0.247385 1
8 67 1 -1.18004 1
8 68 1 -3.24484 1
8 69 1 4.17207 1
8 70 1 1.38706 1
8 71 1 2.74497 1
8 72 1 4.47684 1
8 73 1 -2.99585 1
8 74 1 -3.21439 1
8 75 1 -2.88025 1
8 76 1 2.22192 1
8 77 1 3.15778 1
8 78 1 1.06449 1
8 79 1 -2.77362 1
8 80 1 0.79491 1
8 81 1 -1.91226 1
8 82 1 -1.90011 1
8 83 1 -2.89629 1
8 84 1 2.9435 1
8 85 1 8.42802 1
8 86 1 6.12883 1
8 87 1 2.7789 1
8 88 1 1.06885 1
8 89 1 4.63318 1
8 90 1 0.958668 1
8 91 1 -1.99897 1
8 92 1 1.60288 1
8 93 1 4.49727 1
8 94 1 5.90325 1
8 95 1 -1.6559 1
8 17 1 -0.10426 1
9 64 1 -3.99946 1
9 65 1 -2.05278 1
9 66 1 2.61619 1
9 67 1 0.899524 1
9 68 1 -1.18537 1
9 69 1 -0.758914 1
9 70 1 -7.90442 1
9 71 1 -2.2541 1
9 72 1 2.81647 1
9 73 1 -2.36957 1
9 74 1 0.407336 1
9 75 1 1.94381 1
9 76 1 3.47884 1
9 77 1 0.978999 1
9 78 1 2.40125 1
9 79 1 0.869334 0
9 80 1 -1.84955 1
9 81 1 1.99625 1
9 82 1 -2.5309 1
9 83 1 -2.64145 1
9 84 1 4.80231 1
9 85 1 1.0949 1
9 86 1 1.08454 1
9 87 1 -0.20129 1
9 88 1 2.95161 1
9 89 1 4.10121 1
9 90 1 -0.191268 1
9 91 1 0.693881 1
9 92 1 -1.70129 1
9 93 1 -1.02402 1
9 94 1 -4.50042 1
9 95 1 0.856455 1
9 103 1 -2.62345 1
9 130 1 -0.66217 1
9 157 1 -0.287083 1
157 79 1 0.370265 1
157 22 1 -1.19765 1
10 64 1 1.26155 1
10 65 1 -0.375349 1
10 66 1 4.17759 1
10 67 1 -2.17815 1
10 68 1 2.72933 1
10 69 1 -1.59798 1
10 70 1 -0.46748 1
10 71 1 0.514949 1
10 72 1 5.92574 1
10 73 1 3.72324 1
10 74 1 0.101991 0
10 75 1 2.02697 1
10 76 1 3.51655 1
10 77 1 -0.308102 1
10 78 1 0.436113 1
10 79 1 -4.0587 1
10 80 1 -2.81834 1
10 81 1 5.42023 1
10 82 1 2.90469 1
10 83 1 0.979153 1
10 84 1 7.36818 1
10 85 1 2.01357 1
10 86 1 -3.12981 1
10 87 1 -2.30928 1
10 88 1 2.79204 1
10 89 1 1.02441 1
10 90 1 0.330352 1
10 91 1 2.17266 1
10 92 1 -1.27042 1
10 93 1 -0.228003 1
10 94 1 4.60352 1
10 95 1 4.70887 0
10 124 1 2.64257 1
10 165 1 -0.356123 1
165 95 1 5.54758 1
165 133 1 0.883746 1
124 74 1 -0.96741 1
124 12 1 2.16567 0
124 171 1 -0.34267 1
171 12 1 1.31147 1
11 64 1 3.66292 1
11 65 1 1.74069 1
11 66 1 3.99379 1
11 67 1 -2.80327 1
11 68 1 1.57259 1
11 69 1 1.24435 1
11 70 1 4.10128 1
11 71 1 0.664526 1
11 72 1 -8.70281 1
11 73 1 0.870679 1
11 74 1 0.157141 0
11 75 1 -2.34133 1
11 76 1 -1.8172 1
11 77 1 0.15685 1
11 78 1 -1.57188 1
11 79 1 -0.213584 1
11 80 1 -1.08777 1
11 81 1 2.80986 1
11 82 1 4.55603 0
11 83 1 4.78525 1
11 84 1 1.23549 1
11 85 1 -1.7043 1
11 86 1 -5.02845 1
11 87 1 -0.242936 1
11 88 1 -6.85757 1
11 89 1 2.09177 1
11 90 1 0.82848 1
11 91 1 -2.30501 1
11 92 1 -1.52836 1
11 93 1 2.9176 1
11 94 1 -3.55867 1
11 95 1 -6.58691 1
11 120 1 -6.89103 1
11 109 1 -1.04904 1
11 154 1 2.38531 1
11 8 1 -1.46435 1
11 112 1 3.25286 1
154 82 1 4.22787 1
120 74 1 -3.06638 1
120 13 1 0.324176 0
120 150 1 3.84068 1
150 13 1 2.51775 0
150 163 1 3.34919 1
163 13 1 1.38175 1
12 64 1 -1.76665 1
12 65 1 -1.75721 0
12 66 1 -0.180346 1
12 67 1 -3.66295 1
12 68 1 0.98986 1
12 69 1 2.31783 1
12 70 1 1.36912 1
12 71 1 -1.98993 1
12 72 1 4.03892 1
12 73 1 -2.86582 1
12 74 1 -2.98104 1
12 75 1 -0.4958 1
12 76 1 -2.10236 1
12 77 1 1.99347 1
12 78 1 -1.76555 1
12 79 1 -1.67337 1
12 80 1 -2.05245 1
12 81 1 -1.96778 1
12 82 1 4.91233 1
12 83 1 0.97847 1
12 84 1 2.44326 1
12 85 1 0.76912 1
12 86 1 -4.37833 1
12 87 1 -3.29706 1
12 88 1 -1.23453 1
12 89 1 1.69017 1
12 90 1 -0.651462 1
12 91 1 -2.77022 1
12 92 1 2.30682 1
12 93 1 -1.97301 1
12 94 1 2.26345 1
12 95 1 -2.80558 1
12 17 1 1.49675 1
12 18 1 0.48291 1
12 144 1 -1.70625 1
12 167 1 1.99739 1
12 11 1 -0.451188 1
167 65 1 -2.5932 1
167 12 1 0.606022 1
13 64 1 -0.256192 1
13 65 1 -2.77665 1
13 66 1 -1.45258 1
13 67 1 0.172802 1
13 68 1 3.34795 1
13 69 1 -3.33166 1
13 70 1 -1.13038 1
13 71 1 0.857909 1
13 72 1 0.642274 1
13 73 1 -0.106252 1
13 74 1 -1.03019 1
13 75 1 -1.87713 1
13 76 1 -1.23056 1
13 77 1 -2.09014 1
13 78 1 3.43763 1
13 79 1 3.63317 1
13 80 1 -0.313753 1
13 81 1 1.94756 1
13 82 1 3.29718 1
13 83 1 4.3405 1
13 84 1 -5.69054 1
13 85 1 6.13836 1
13 86 1 5.24059 1
13 87 1 5.46911 1
13 88 1 3.06249 1
13 89 1 -0.0733884 1
13 90 1 -4.48311 1
13 91 1 -5.55751 1
13 92 1 -3.17677 1
13 93 1 -2.95497 1
13 94 1 0.247582 1
13 95 1 -3.8317 1
14 64 1 0.306372 1
14 65 1 5.43517 1
14 66 1 -0.242222 1
14 67 1 2.75381 1
14 68 1 -1.48423 1
14 69 1 2.10217 1
14 70 1 -0.0649561 1
14 71 1 0.508309 1
14 72 1 4.81288 1
14 73 1 1.93183 1
14 74 1 0.601271 1
14 75 1 2.56242 1
14 76 1 -5.17941 1
14 77 1 0.471757 1
14 78 1 -1.82801 1
14 79 1 -0.582148 1
14 80 1 -0.103284 1
14 81 1 1.54348 0
14 82 1 4.48 1
14 83 1 -1.26284 1
14 84 1 -1.07203 1
14 85 1 -2.25506 1
14 86 1 2.89004 1
14 87 1 -1.08942 1
14 88 1 -2.76911 1
14 89 1 1.16634 1
14 90 1 0.0363452 1
14 91 1 3.78224 1
14 92 1 4.51058 1
14 93 1 2.31232 1
14 94 1 5.98507 1
14 95 1 1.67385 1
14 104 1 0.153778 1
14 119 1 1.2209 1
14 126 1 1.63913 1
119 81 1 4.72705 1
119 99 1 0.501468 1
15 64 1 -0.0195627 1
15 65 1 2.24048 1
15 66 1 -2.83266 1
15 67 1 -1.76745 1
15 68 1 1.62223 1
15 69 1 -3.53698 1
15 70 1 7.35971 1
15 71 1 -2.45299 1
15 72 1 -1.96136 1
15 73 1 0.701905 1
15 74 1 1.09528 1
15 75 1 -1.26207 1
15 76 1 0.292062 1
15 77 1 2.28797 1
15 78 1 -3.86754 1
15 79 1 1.19694 1
15 80 1 4.65895 1
15 81 1 -0.582009 1
15 82 1 -3.99522 1
15 83 1 0.62567 1
15 84 1 1.34433 1
15 85 1 -1.97954 1
15 86 1 1.76851 1
15 87 1 -7.09045 1
15 88 1 1.39214 1
15 89 1 4.41519 1
15 90 1 0.0331959 1
15 91 1 -4.08289 1
15 92 1 1.14667 1
15 93 1 -0.845424 1
15 94 1 -0.738084 1
15 95 1 -2.50089 1
15 20 1 -2.40739 1
16 64 1 3.27857 1
16 65 1 -2.32957 1
16 66 1 -1.67541 1
16 67 1 -4.70519 1
16 68 1 0.765815 1
16 69 1 -0.102142 1
16 70 1 2.45838 1
16 71 1 5.81738 1
16 72 1 -0.580428 1
16 73 1 -1.8624 1
16 74 1 0.667272 1
16 75 1 1.91962 1
16 76 1 2.05005 1
16 77 1 2.55384 1
16 78 1 -1.40631 1
16 79 1 -2.32416 0
16 80 1 2.72577 1
16 81 1 2.35802 1
16 82 1 -3.6418 1
16 83 1 1.79625 1
16 84 1 -0.0639055 1
16 85 1 -0.278607 1
16 86 1 2.38668 1
16 87 1 -0.857376 1
16 88 1 2.13863 1
16 89 1 0.912363 1
16 90 1 -4.24758 1
16 91 1 4.13037 1
16 92 1 3.52901 1
16 93 1 -2.60936 1
16 94 1 -0.53982 1
16 95 1 -3.45584 1
16 26 1 -0.81667 1
16 151 1 2.18983 1
16 144 1 -0.798061 1
151 79 1 -0.254045 1
17 64 1 -1.21693 1
17 65 1 -0.326763 1
17 66 1 -0.23657 1
17 67 1 3.35275 1
17 68 1 0.109399 1
17 69 1 0.96494 1
17 70 1 0.771951 1
17 71 1 4.88614 1
17 72 1 -5.69655 0
17 73 1 1.22076 1
17 74 1 2.82976 1
17 75 1 -0.858369 1
17 76 1 -1.15863 1
17 77 1 2.668 1
17 78 1 -2.31078 1
17 79 1 -3.96826 1
17 80 1 5.13961 1
17 81 1 2.71756 1
17 82 1 1.09419 1
17 83 1 -1.96942 1
17 84 1 -0.157786 1
17 85 1 2.89866 1
17 86 1 -0.828307 1
17 87 1 -2.66933 1
17 88 1 -6.69655 1
17 89 1 0.569449 1
17 90 1 -3.32135 1
17 91 1 3.70582 1
17 92 1 0.907829 1
17 93 1 2.20575 1
17 94 1 2.17174 1
17 95 1 1.20964 1
17 146 1 3.93181 1
146 72 1 -4.94171 0
146 30 1 -0.691089 1
146 177 1 -0.0163976 1
177 72 1 -4.23755 1
18 64 1 1.04057 1
18 65 1 -3.97221 1
18 66 1 2.66124 1
18 67 1 2.58863 1
18 68 1 -3.20537 1
18 69 1 -1.07096 0
18 70 1 4.36111 1
18 71 1 -1.18433 1
18 72 1 1.15775 1
18 73 1 -0.540768 1
18 74 1 2.08903 1
18 75 1 -2.617 1
18 76 1 2.66175 1
18 77 1 -0.332962 1
18 78 1 1.29484 1
18 79 1 3.12713 1
18 80 1 -6.95313 1
18 81 1 4.51827 1
18 82 1 -4.59038 1
18 83 1 3.11734 1
18 84 1 -5.09987 1
18 85 1 2.88541 1
18 86 1 5.65235 1
18 87 1 -4.7088 1
18 88 1 1.46789 1
18 89 1 -2.85612 1
18 90 1 -0.203613 1
18 91 1 -0.125242 1
18 92 1 -3.97939 1
18 93 1 2.0925 1
18 94 1 -0.494239 1
18 95 1 0.982057 1
18 25 1 -2.70679 1
18 18 1 -0.528052 1
18 139 1 2.50138 1
18 182 1 0.512705 1
182 69 1 -0.212916 1
19 64 1 6.51468 1
19 65 1 -0.615632 1
19 66 1 6.98853 1
19 67 1 -1.35387 1
19 68 1 -1.68747 1
19 69 1 2.01589 1
19 70 1 -1.2478 1
19 71 1 1.22846 1
19 72 1 3.25283 1
19 73 1 0.226414 1
19 74 1 1.28434 1
19 75 1 0.212083 1
19 76 1 -5.38792 1
19 77 1 -0.0465094 1
19 78 1 0.461216 1
19 79 1 5.34413 1
19 80 1 -1.48063 1
19 81 1 -2.28057 1
19 82 1 0.0302668 1
19 83 1 -2.48505 1
19 84 1 2.15719 1
19 85 1 2.97723 1
19 86 1 -1.52706 1
19 87 1 3.06944 1
19 88 1 0.304133 1
19 89 1 5.67743 1
19 90 1 -0.897608 1
19 91 1 -1.68061 1
19 92 1 -0.93027 1
19 93 1 -3.89371 1
19 94 1 -1.81578 1
19 95 1 -8.01448 1
20 64 1 1.46148 1
20 65 1 -0.712521 1
20 66 1 -2.42404 1
20 67 1 -1.36071 1
20 68 1 0.60642 1
20 69 1 0.0522315 1
20 70 1 -3.83332 1
20 71 1 5.21593 1
20 72 1 -0.796044 1
20 73 1 2.67003 1
20 74 1 3.95502 1
20 75 1 4.20206 1
20 76 1 -0.988142 1
20 77 1 -3.64547 1
20 78 1 2.48035 1
20 79 1 1.06247 1
20 80 1 0.882027 1
20 81 1 -0.0849745 1
20 82 1 4.3903 1
20 83 1 0.857356 1
20 84 1 3.93572 1
20 85 1 -2.77619 1
20 86 1 0.043793 1
20 87 1 0.717181 1
20 88 1 1.37394 1
20 89 1 0.928103 1
20 90 1 1.28189 1
20 91 1 2.22938 0
20 92 1 3.40952 1
20 93 1 2.81844 0
20 94 1 2.23042 0
20 95 1 1.45571 1
20 96 1 -2.21422 1
20 98 1 2.12773 1
20 103 1 2.44214 1
20 109 1 -0.760554 1
103 91 1 1.97855 0
103 105 1 3.49436 1
103 112 1 -1.08605 0
103 123 1 -1.64805 1
103 140 1 -2.65616 1
140 112 1 0.749209 1
123 91 1 -0.58895 1
123 113 1 -1.19349 0
123 136 1 0.988973 1
123 137 1 -0.00663564 1
136 113 1 -1.44237 1
136 6 1 -1.37549 1
105 91 1 3.82338 0
105 129 1 0.693966 1
129 91 1 1.17065 0
129 135 1 4.87291 1
129 116 1 -1.01875 1
135 91 1 -1.31782 1
98 93 1 3.11808 1
98 99 1 6.62509 1
98 15 1 1.83859 1
96 94 1 2.03562 1
96 20 1 -0.676049 0
96 155 1 2.71881 1
96 25 1 1.07277 1
155 20 1 -1.06154 0
155 30 1 0.870052 1
155 176 1 -0.287085 1
176 20 1 -1.68514 1
21 64 1 3.60172 1
21 65 1 5.89768 1
21 66 1 -5.91849 1
21 67 1 -4.26556 1
21 68 1 -0.415755 1
21 69 1 0.525114 1
21 70 1 1.01161 1
21 71 1 -6.4496 1
21 72 1 -7.9012 1
21 73 1 -1.57021 1
21 74 1 -2.44566 1
21 75 1 2.38955 1
21 76 1 -2.53495 1
21 77 1 -2.48392 1
21 78 1 -0.676596 1
21 79 1 -2.70055 1
21 80 1 0.683683 1
21 81 1 -2.22846 1
21 82 1 0.745084 1
21 83 1 -2.64368 1
21 84 1 8.0015 1
21 85 1 1.08668 1
21 86 1 1.76172 1
21 87 1 -0.387997 1
21 88 1 4.62246 1
21 89 1 1.50961 1
21 90 1 -1.13285 1
21 91 1 1.09803 0
21 92 1 3.31895 1
21 93 1 2.04811 1
21 94 1 -2.35972 1
21 95 1 0.740294 1
21 143 1 5.63492 1
143 91 1 -1.95224 1
22 64 1 1.07799 1
22 65 1 0.252728 1
22 66 1 2.04031 1
22 67 1 5.43296 1
22 68 1 1.02402 1
22 69 1 -2.23296 1
22 70 1 -1.53866 1
22 71 1 0.432319 1
22 72 1 -4.35758 1
22 73 1 1.76326 1
22 74 1 -5.14062 1
22 75 1 0.0639366 1
22 76 1 0.364597 1
22 77 1 -1.09982 1
22 78 1 3.76602 1
22 79 1 5.77318 1
22 80 1 1.55868 1
22 81 1 -4.53434 1
22 82 1 2.17379 1
22 83 1 -1.30707 1
22 84 1 -2.35925 1
22 85 1 2.92732 1
22 86 1 -0.449851 1
22 87 1 4.94795 1
22 88 1 -3.47239 1
22 89 1 -0.594947 1
22 90 1 0.54126 1
22 91 1 1.11539 1
22 92 1 1.50334 1
22 93 1 2.85324 1
22 94 1 6.25636 1
22 95 1 0.642313 1
23 64 1 -1.3101 1
23 65 1 1.86528 1
23 66 1 3.07098 1
23 67 1 3.24197 1
23 68 1 -4.38729 1
23 69 1 2.80957 1
23 70 1 3.67992 1
23 71 1 -4.03878 1
23 72 1 -0.577764 1
23 73 1 -1.14009 1
23 74 1 3.18545 1
23 75 1 2.81782 1
23 76 1 2.26112 1
23 77 1 3.14896 1
23 78 1 0.553782 0
23 79 1 -6.06711 1
23 80 1 2.09051 1
23 81 1 1.37783 1
23 82 1 -4.19786 1
23 83 1 -0.799533 1
23 84 1 2.02965 1
23 85 1 -2.81765 1
23 86 1 -11.9953 1
23 87 1 -0.322789 1
23 88 1 1.74476 1
23 89 1 -3.1445 1
23 90 1 -6.5571 1
23 91 1 -1.81755 1
23 92 1 2.71609 1
23 93 1 4.37538 1
23 94 1 -3.47988 1
23 95 1 0.29601 1
23 107 1 0.434287 1
23 27 1 0.636751 1
23 178 1 0.947868 1
178 78 1 0.652626 1
24 64 1 -2.07837 1
24 65 1 3.31266 1
24 66 1 -1.07086 1
24 67 1 6.70757 1
24 68 1 -4.77457 1
24 69 1 2.9403 0
24 70 1 1.69806 1
24 71 1 5.52029 1
24 72 1 1.95064 1
24 73 1 2.15707 1
24 74 1 -0.144335 1
24 75 1 1.21236 1
24 76 1 -4.03229 1
24 77 1 -0.378708 1
24 78 1 -7.24944 1
24 79 1 0.563289 1
24 80 1 5.85416 1
24 81 1 3.91491 1
24 82 1 -1.63422 1
24 83 1 -1.75955 1
24 84 1 -3.89533 1
24 85 1 -0.212091 1
24 86 1 -3.98506 1
24 87 1 3.66955 1
24 88 1 -0.0976181 1
24 89 1 9.19458 1
24 90 1 5.23806 1
24 91 1 -2.1687 1
24 92 1 -0.489465 1
24 93 1 -0.199097 1
24 94 1 -0.45763 1
24 95 1 -4.90164 1
24 5 1 2.17718 1
24 168 1 -1.02164 1
168 69 1 3.94853 1
168 172 1 0.905877 1
25 64 1 -2.54529 1
25 65 1 1.93117 1
25 66 1 -1.52312 1
25 67 1 -3.12402 1
25 68 1 1.23335 1
25 69 1 -6.13589 1
25 70 1 -0.865317 0
25 71 1 -3.4037 1
25 72 1 2.04003 1
25 73 1 2.69199 1
25 74 1 2.33668 1
25 75 1 -3.11081 1
25 76 1 0.351302 1
25 77 1 -1.8171 1
25 78 1 3.36763 1
25 79 1 0.372994 1
25 80 1 -0.775832 1
25 81 1 -0.552545 1
25 82 1 -2.16683 1
25 83 1 1.74914 1
25 84 1 0.0541292 1
25 85 1 -1.70257 1
25 86 1 5.17752 1
25 87 1 -0.452483 1
25 88 1 -1.29227 1
25 89 1 -2.56821 1
25 90 1 -3.99573 1
25 91 1 3.96292 1
25 92 1 3.10766 1
25 93 1 -1.83065 1
25 94 1 -2.65586 0
25 95 1 -3.62963 1
25 8 1 1.44553 1
25 6 1 -1.03152 1
25 121 1 0.626609 1
25 175 1 1.6021 1
175 94 1 -3.27632 1
121 70 1 6.73111 1
26 64 1 -2.29864 1
26 65 1 2.82267 1
26 66 1 -0.973978 1
26 67 1 2.53407 1
26 68 1 -0.982557 1
26 69 1 1.72296 1
26 70 1 -1.02433 1
26 71 1 1.31724 1
26 72 1 -3.24937 1
26 73 1 0.569489 1
26 74 1 -8.932 1
26 75 1 3.2833 1
26 76 1 1.99373 1
26 77 1 -4.82152 1
26 78 1 0.942255 1
26 79 1 -0.0696852 1
26 80 1 -3.68916 1
26 81 1 4.63256 1
26 82 1 3.57781 1
26 83 1 1.40551 1
26 84 1 -5.3897 1
26 85 1 -0.252777 1
26 86 1 -5.05283 1
26 87 1 1.36829 1
26 88 1 -4.33229 1
26 89 1 2.51459 1
26 90 1 -2.96931 1
26 91 1 -2.61678 1
26 92 1 -0.554002 1
26 93 1 -1.70648 1
26 94 1 1.44832 1
26 95 1 0.859524 1
26 23 1 5.35134 1
26 15 1 1.3686 1
26 161 1 0.0481474 1
27 64 1 -2.12703 1
27 65 1 6.38543 1
27 66 1 3.22427 1
27 67 1 -0.384282 1
27 68 1 2.89854 1
27 69 1 1.46104 1
27 70 1 5.17686 1
27 71 1 -6.87493 1
27 72 1 0.119323 1
27 73 1 2.11548 1
27 74 1 -3.07988 1
27 75 1 2.91606 1
27 76 1 -2.67346 1
27 77 1 1.99437 1
27 78 1 2.72513 1
27 79 1 1.18126 1
27 80 1 -0.757579 1
27 81 1 -2.28894 1
27 82 1 2.06064 1
27 83 1 -0.394133 1
27 84 1 3.24757 1
27 85 1 -0.726594 1
27 86 1 -4.02289 1
27 87 1 -1.19836 1
27 88 1 -7.93161 1
27 89 1 -4.89539 1
27 90 1 5.72151 1
27 91 1 -2.57571 1
27 92 1 0.160507 1
27 93 1 -0.0456123 1
27 94 1 -0.205542 1
27 95 1 -0.973888 1
27 9 1 4.3281 1
27 5 1 0.587213 1
28 64 1 2.19123 1
28 65 1 -0.118401 1
28 66 1 -0.762603 1
28 67 1 4.65743 1
28 68 1 5.35429 1
28 69 1 1.41165 1
28 70 1 -1.53249 1
28 71 1 1.10682 1
28 72 1 -7.6306 1
28 73 1 0.381919 1
28 74 1 -2.6105 1
28 75 1 2.06728 1
28 76 1 0.491034 1
28 77 1 2.31635 1
28 78 1 -3.8813 1
28 79 1 2.22501 1
28 80 1 1.49173 1
28 81 1 -0.700408 1
28 82 1 4.11834 1
28 83 1 1.98287 1
28 84 1 3.83406 1
28 85 1 -5.38744 1
28 86 1 -3.13781 1
28 87 1 1.51655 1
28 88 1 -5.15001 1
28 89 1 1.15417 1
28 90 1 -2.18798 1
28 91 1 1.60346 1
28 92 1 5.93289 1
28 93 1 -2.20457 1
28 94 1 6.01912 1
28 95 1 -2.16256 1
29 64 1 -0.373191 1
29 65 1 2.06205 1
29 66 1 -1.37049 1
29 67 1 4.16893 1
29 68 1 -8.40576 1
29 69 1 2.10787 1
29 70 1 -3.32916 1
29 71 1 -0.907109 1
29 72 1 1.76076 1
29 73 1 1.01246 1
29 74 1 -2.62524 1
29 75 1 -0.131173 1
29 76 1 -0.477736 1
29 77 1 1.88446 1
29 78 1 -5.41583 1
29 79 1 -2.70772 1
29 80 1 2.06763 1
29 81 1 2.76508 1
29 82 1 0.700857 1
29 83 1 1.30439 1
29 84 1 -0.55993 1
29 85 1 -1.08674 1
29 86 1 -4.09056 1
29 87 1 -2.98735 1
29 88 1 -1.88609 1
29 89 1 -2.34661 1
29 90 1 0.126819 1
29 91 1 1.87044 1
29 92 1 1.40379 1
29 93 1 0.145933 1
29 94 1 -1.38058 1
29 95 1 2.23161 1
29 113 1 1.10644 1
30 64 1 -1.62018 1
30 65 1 6.34599 1
30 66 1 3.97773 1
30 67 1 -2.27415 1
30 68 1 1.4666 1
30 69 1 1.37634 1
30 70 1 4.99158 1
30 71 1 -1.00048 1
30 72 1 -2.53507 1
30 73 1 4.08826 1
30 74 1 -0.886917 1
30 75 1 1.78557 1
30 76 1 2.77661 1
30 77 1 -1.79187 1
30 78 1 4.06339 1
30 79 1 4.54106 1
30 80 1 -3.40641 1
30 81 1 -0.433043 1
30 82 1 6.50132 1
30 83 1 2.58404 1
30 84 1 2.15745 1
30 85 1 -2.33535 1
30 86 1 -1.37665 1
30 87 1 -3.7611 1
30 88 1 1.21882 1
30 89 1 -2.26157 1
30 90 1 -0.0494344 1
30 91 1 4.99322 1
30 92 1 -0.264821 1
30 93 1 1.5311 1
30 94 1 1.66927 1
30 95 1 -2.69479 1
30 28 1 0.897818 1
31 64 1 1.87566 1
31 65 1 -4.41293 1
31 66 1 -4.38899 1
31 67 1 7.74573 1
31 68 1 5.60595 1
31 69 1 0.874574 1
31 70 1 0.224892 1
31 71 1 1.18107 1
31 72 1 -2.3218 1
31 73 1 0.680871 1
31 74 1 3.27482 1
31 75 1 -0.288843 1
31 76 1 -2.91265 1
31 77 1 0.397035 1
31 78 1 -3.66242 1
31 79 1 -0.184095 1
31 80 1 -0.698988 1
31 81 1 -1.23809 1
31 82 1 -0.249698 1
31 83 1 -0.802579 1
31 84 1 -3.73401 1
31 85 1 -4.03734 1
31 86 1 1.40308 1
31 87 1 -4.96707 0
31 88 1 1.92298 1
31 89 1 -1.88733 1
31 90 1 -1.31713 1
31 91 1 -3.88256 1
31 92 1 -0.780864 1
31 93 1 -0.469747 1
31 94 1 2.9187 1
31 95 1 -0.664013 1
31 122 1 1.50677 1
31 10 1 -1.40149 1
31 117 1 -0.82606 1
122 87 1 -0.668918 1
32 64 1 5.88795 1
32 65 1 2.44229 1
32 66 1 -2.96019 1
32 67 1 2.15427 1
32 68 1 0.956185 1
32 69 1 3.91909 1
32 70 1 -0.880131 1
32 71 1 3.78843 1
32 72 1 -2.04247 1
32 73 1 1.9043 1
32 74 1 -0.124167 1
32 75 1 5.48208 1
32 76 1 0.479004 1
32 77 1 3.85738 1
32 78 1 0.477654 1
32 79 1 -0.922833 1
32 80 1 -1.18595 1
32 81 1 -0.349829 1
32 82 1 -3.23363 1
32 83 1 -3.11439 1
32 84 1 1.75377 1
32 85 1 -2.07645 1
32 86 1 -0.169233 1
32 87 1 -1.66975 1
32 88 1 -0.375461 1
32 89 1 -0.441943 1
32 90 1 3.2764 1
32 91 1 -4.22682 1
32 92 1 4.15498 1
32 93 1 2.22963 1
32 94 1 -1.83398 1
32 95 1 -0.306735 1
33 64 1 1.34338 1
33 65 1 -3.51582 1
33 66 1 -1.93555 1
33 67 1 -1.38302 1
33 68 1 -1.59363 1
33 69 1 -3.98736 1
33 70 1 4.19969 1
33 71 1 4.01901 1
33 72 1 3.27345 1
33 73 1 4.00954 1
33 74 1 0.504174 1
33 75 1 -7.51624 1
33 76 1 -4.84793 1
33 77 1 1.87353 1
33 78 1 -1.32776 1
33 79 1 -4.99842 1
33 80 1 0.646472 1
33 81 1 -2.92777 1
33 82 1 -1.61382 1
33 83 1 0.668719 1
33 84 1 -1.8505 1
33 85 1 0.341364 1
33 86 1 4.17902 1
33 87 1 2.20358 1
33 88 1 2.94803 1
33 89 1 5.18633 1
33 90 1 -3.3917 1
33 91 1 -2.00928 1
33 92 1 1.97455 1
33 93 1 3.22929 1
33 94 1 3.2903 1
33 95 1 1.10119 1
33 20 1 0.118607 1
33 107 1 -0.966013 1
33 13 1 0.974499 1
33 113 1 -2.54321 1
34 64 1 -0.718578 1
34 65 1 -1.23673 1
34 66 1 3.57592 1
34 67 1 0.406881 1
34 68 1 -2.25486 1
34 69 1 -1.72746 1
34 70 1 -2.27436 1
34 71 1 -2.98004 1
34 72 1 -3.27681 1
34 73 1 -4.33152 1
34 74 1 4.35069 1
34 75 1 6.98429 1
34 76 1 -2.6932 1
34 77 1 -1.34654 1
34 78 1 -0.85433 1
34 79 1 0.360927 1
34 80 1 3.92661 1
34 81 1 -1.53041 1
34 82 1 2.83453 1
34 83 1 2.09584 1
34 84 1 0.238937 1
34 85 1 -1.3746 1
34 86 1 -1.27132 1
34 87 1 -1.43906 1
34 88 1 -0.147762 1
34 89 1 0.0953134 1
34 90 1 -6.5752 1
34 91 1 4.5504 1
34 92 1 3.79995 1
34 93 1 -2.55714 1
34 94 1 3.9108 1
34 95 1 2.30903 1
34 113 1 -1.39762 1
35 64 1 1.86388 1
35 65 1 -2.92834 1
35 66 1 -1.58816 1
35 67 1 5.88257 1
35 68 1 2.7569 1
35 69 1 2.17215 1
35 70 1 2.83773 1
35 71 1 2.58745 1
35 72 1 1.05169 1
35 73 1 6.73254 1
35 74 1 0.140529 1
35 75 1 -2.21251 1
35 76 1 -3.6718 1
35 77 1 1.22109 1
35 78 1 -0.0222787 1
35 79 1 4.07119 1
35 80 1 -6.36289 1
35 81 1 -0.188188 1
35 82 1 5.48113 0
35 83 1 -2.58125 1
35 84 1 6.49227 1
35 85 1 -3.91365 1
35 86 1 -1.24406 1
35 87 1 -2.95942 1
35 88 1 0.159136 1
35 89 1 2.88531 0
35 90 1 -1.79072 1
35 91 1 -0.0550927 1
35 92 1 -2.81858 1
35 93 1 -7.21713 1
35 94 1 0.209018 1
35 95 1 -0.295058 1
35 130 1 1.43336 1
35 133 1 6.5133 1
133 82 1 1.17643 1
130 89 1 -0.00198184 1
130 109 1 0.266925 1
36 64 1 3.06924 1
36 65 1 3.11037 1
36 66 1 2.30379 1
36 67 1 0.137153 1
36 68 1 -6.12436 1
36 69 1 -2.16528 1
36 70 1 -2.67001 1
36 71 1 1.10072 1
36 72 1 -2.97128 1
36 73 1 -0.390545 1
36 74 1 -0.640724 1
36 75 1 0.0049315 1
36 76 1 2.41561 1
36 77 1 -4.95786 1
36 78 1 1.6191 1
36 79 1 5.24143 1
36 80 1 4.28184 1
36 81 1 -1.27843 1
36 82 1 0.296527 0
36 83 1 0.330445 1
36 84 1 4.16048 1
36 85 1 -2.87031 1
36 86 1 0.261225 1
36 87 1 1.43448 1
36 88 1 -2.08171 1
36 89 1 -0.0719147 1
36 90 1 -4.13066 1
36 91 1 0.0298788 1
36 92 1 4.98421 1
36 93 1 2.00252 1
36 94 1 -2.01152 1
36 95 1 8.35283 1
36 109 1 0.50777 0
36 24 1 -2.14174 1
36 117 1 2.19796 1
117 109 1 1.87493 1
117 4 1 0.417111 1
109 82 1 0.102129 1
109 31 1 1.11175 1
37 64 1 -5.88625 1
37 65 1 1.90523 1
37 66 1 -3.74136 1
37 67 1 0.460833 1
37 68 1 -4.23981 1
37 69 1 2.35795 1
37 70 1 -6.73699 1
37 71 1 -1.4761 1
37 72 1 1.75661 1
37 73 1 0.840947 1
37 74 1 0.596177 1
37 75 1 0.484594 1
37 76 1 2.88757 0
37 77 1 2.37111 1
37 78 1 -1.58986 1
37 79 1 1.50694 1
37 80 1 1.19978 1
37 81 1 2.61233 1
37 82 1 2.07587 1
37 83 1 3.7779 1
37 84 1 -4.4718 1
37 85 1 3.46173 1
37 86 1 -1.39555 1
37 87 1 -0.268115 1
37 88 1 -1.86407 1
37 89 1 -4.01208 1
37 90 1 -4.02428 1
37 91 1 0.877462 1
37 92 1 3.66182 1
37 93 1 0.715248 1
37 94 1 -1.61731 1
37 95 1 2.02509 1
37 142 1 0.116818 1
37 160 1 -0.886949 1
142 76 1 -0.767569 1
142 147 1 0.0911302 1
142 6 1 0.270914 1
38 64 1 0.537856 1
38 65 1 -1.81203 1
38 66 1 -1.74437 1
38 67 1 -3.94492 1
38 68 1 -1.67351 1
38 69 1 -5.39602 1
38 70 1 -0.0322676 1
38 71 1 -1.01507 1
38 72 1 2.53357 1
38 73 1 1.84148 1
38 74 1 -1.78169 1
38 75 1 5.19329 1
38 76 1 2.47075 1
38 77 1 -3.13767 1
38 78 1 -0.686483 1
38 79 1 -0.163619 1
38 80 1 -1.02388 1
38 81 1 -2.67478 1
38 82 1 3.36378 1
38 83 1 -1.51539 1
38 84 1 -0.807796 1
38 85 1 -2.01094 1
38 86 1 -0.194594 1
38 87 1 2.06921 0
38 88 1 3.74915 1
38 89 1 5.15197 1
38 90 1 -2.06742 1
38 91 1 3.04048 1
38 92 1 2.93904 0
38 93 1 0.513056 1
38 94 1 0.38198 1
38 95 1 -2.67138 1
38 148 1 2.87585 1
38 162 1 -0.211627 1
162 87 1 0.933904 0
162 185 1 1.58613 1
185 87 1 0.617742 1
148 92 1 2.58431 1
39 64 1 1.36304 1
39 65 1 -2.05889 1
39 66 1 0.419859 1
39 67 1 -0.767812 1
39 68 1 0.903706 1
39 69 1 -0.695627 1
39 70 1 0.864605 1
39 71 1 -0.985744 1
39 72 1 -3.47899 1
39 73 1 -3.92868 1
39 74 1 -0.334628 1
39 75 1 3.71497 0
39 76 1 5.17724 0
39 77 1 -0.1299 1
39 78 1 -4.16319 1
39 79 1 -5.02753 1
39 80 1 -1.4485 1
39 81 1 -1.63652 1
39 82 1 -4.84813 1
39 83 1 -3.27432 1
39 84 1 -3.36444 1
39 85 1 0.253369 1
39 86 1 1.40904 1
39 87 1 1.82272 1
39 88 1 -1.57286 1
39 89 1 0.817492 1
39 90 1 4.20056 1
39 91 1 0.422714 1
39 92 1 6.56303 1
39 93 1 1.41068 1
39 94 1 -5.8688 1
39 95 1 -1.34363 1
39 2 1 -2.05676 1
39 112 1 3.72043 1
39 13 1 -0.37747 1
39 104 1 -1.14924 1
39 172 1 2.84307 1
172 76 1 4.00658 1
172 28 1 -0.0385103 1
112 75 1 -1.79175 1
112 138 1 -0.809813 1
112 153 1 1.34439 0
112 170 1 -0.000189661 1
112 113 1 0.683549 1
170 153 1 -2.53305 1
170 126 1 1.90262 1
40 64 1 -4.94104 1
40 65 1 -0.303769 1
40 66 1 3.30552 1
40 67 1 2.105 1
40 68 1 1.48439 1
40 69 1 3.27292 1
40 70 1 -0.572559 1
40 71 1 0.550225 1
40 72 1 1.18704 1
40 73 1 1.40083 1
40 74 1 -0.453733 1
40 75 1 1.45655 1
40 76 1 -2.11427 1
40 77 1 3.21305 1
40 78 1 2.31337 1
40 79 1 -1.80061 1
40 80 1 3.08941 1
40 81 1 0.625368 1
40 82 1 0.12628 1
40 83 1 -4.13376 1
40 84 1 -2.91276 1
40 85 1 -0.00135279 1
40 86 1 1.5566 1
40 87 1 -0.144114 1
40 88 1 1.71468 1
40 89 1 -1.32155 1
40 90 1 -0.653316 1
40 91 1 -1.62813 1
40 92 1 -2.57888 1
40 93 1 0.311675 1
40 94 1 0.283267 1
40 95 1 3.0335 1
40 2 1 0.785798 1
40 134 1 2.00344 1
41 64 1 3.59 1
41 65 1 -0.777893 1
41 66 1 0.818496 1
41 67 1 1.1054 1
41 68 1 2.94801 1
41 69 1 -1.72733 1
41 70 1 1.74438 1
41 71 1 0.803556 1
41 72 1 4.81392 1
41 73 1 -5.33432 1
41 74 1 0.604947 1
41 75 1 3.32433 1
41 76 1 -5.87447 1
41 77 1 1.68838 1
41 78 1 -5.01502 1
41 79 1 1.87551 1
41 80 1 3.07521 1
41 81 1 4.46478 1
41 82 1 -2.01211 1
41 83 1 1.87432 1
41 84 1 -2.53925 1
41 85 1 0.507577 1
41 86 1 0.69694 1
41 87 1 0.916412 1
41 88 1 2.97746 1
41 89 1 -0.271776 1
41 90 1 -0.452943 1
41 91 1 1.10468 1
41 92 1 -0.0612801 1
41 93 1 -0.527473 1
41 94 1 -2.79414 1
41 95 1 0.562898 1
41 11 1 1.02835 1
41 29 1 -3.55694 1
41 97 1 -1.47262 1
42 64 1 2.81865 1
42 65 1 0.606066 1
42 66 1 -1.25001 1
42 67 1 3.05084 1
42 68 1 -3.48227 1
42 69 1 -1.67768 1
42 70 1 0.347548 1
42 71 1 0.209528 1
42 72 1 -1.9266 1
42 73 1 -1.38041 1
42 74 1 3.72498 1
42 75 1 -2.54393 1
42 76 1 -4.07589 1
42 77 1 -2.04519 1
42 78 1 0.309768 1
42 79 1 2.25344 1
42 80 1 -0.405935 1
42 81 1 3.80048 1
42 82 1 3.2385 1
42 83 1 2.52254 1
42 84 1 -0.220653 1
42 85 1 -0.560192 1
42 86 1 2.37825 1
42 87 1 -3.02218 1
42 88 1 -3.21623 1
42 89 1 -1.8151 1
42 90 1 2.55838 1
42 91 1 1.70722 1
42 92 1 2.08133 1
42 93 1 1.47002 1
42 94 1 -4.12164 1
42 95 1 -0.892845 1
43 64 1 1.47797 1
43 65 1 -2.40951 1
43 66 1 3.95836 1
43 67 1 1.13045 1
43 68 1 0.221985 1
43 69 1 -3.20885 1
43 70 1 0.427384 1
43 71 1 -4.54685 1
43 72 1 0.559029 1
43 73 1 -8.81896 1
43 74 1 3.06478 1
43 75 1 -4.56471 1
43 76 1 -2.25512 1
43 77 1 0.874374 1
43 78 1 1.25525 1
43 79 1 -4.27241 1
43 80 1 -0.458466 1
43 81 1 2.98523 1
43 82 1 2.06473 1
43 83 1 -1.89748 1
43 84 1 -1.8405 1
43 85 1 2.67374 1
43 86 1 3.45609 1
43 87 1 5.53284 1
43 88 1 2.32995 1
43 89 1 3.10065 1
43 90 1 -1.04917 1
43 91 1 -3.26773 1
43 92 1 3.26243 1
43 93 1 1.38016 1
43 94 1 -0.333143 1
43 95 1 2.1282 1
44 64 1 -0.734002 1
44 65 1 -5.52796 1
44 66 1 -1.25291 1
44 67 1 -2.39596 1
44 68 1 0.350271 1
44 69 1 -3.54413 1
44 70 1 3.07807 1
44 71 1 3.93017 1
44 72 1 -3.00812 1
44 73 1 1.72219 1
44 74 1 -1.89771 1
44 75 1 -3.54118 1
44 76 1 -1.6547 1
44 77 1 3.0866 1
44 78 1 3.40487 1
44 79 1 0.493042 1
44 80 1 6.453 1
44 81 1 -3.30857 1
44 82 1 2.5994 1
44 83 1 -1.05357 1
44 84 1 1.23192 1
44 85 1 -0.514251 1
44 86 1 3.29851 1
44 87 1 -0.0188994 1
44 88 1 1.57208 1
44 89 1 0.501691 1
44 90 1 3.09403 1
44 91 1 3.00558 1
44 92 1 -1.69838 1
44 93 1 3.14553 1
44 94 1 -2.31896 1
44 95 1 -3.3156 1
44 8 1 -0.887037 1
44 29 1 1.42207 1
45 64 1 -1.03027 1
45 65 1 0.0970598 1
45 66 1 -0.481978 1
45 67 1 2.94059 1
45 68 1 0.5635 1
45 69 1 -5.21303 1
45 70 1 -4.04154 1
45 71 1 0.469059 1
45 72 1 -4.7708 1
45 73 1 1.83326 1
45 74 1 3.81712 1
45 75 1 3.06362 1
45 76 1 -2.07398 1
45 77 1 -1.15369 1
45 78 1 -1.51788 1
45 79 1 3.61415 1
45 80 1 -1.44431 1
45 81 1 2.19349 1
45 82 1 0.818154 1
45 83 1 -3.59141 1
45 84 1 0.945551 1
45 85 1 -3.36597 1
45 86 1 2.19194 1
45 87 1 0.544091 1
45 88 1 4.0773 1
45 89 1 -2.52403 1
45 90 1 -0.625343 1
45 91 1 3.04436 1
45 92 1 -1.80439 1
45 93 1 -7.85971 1
45 94 1 1.4184 1
45 95 1 -5.62477 1
45 9 1 5.15892 1
45 20 1 0.109733 1
45 17 1 -0.995964 1
46 64 1 2.16028 1
46 65 1 0.0654491 1
46 66 1 1.89759 1
46 67 1 3.00202 1
46 68 1 -5.39934 1
46 69 1 0.0468134 1
46 70 1 2.79712 1
46 71 1 -1.87112 1
46 72 1 3.29008 1
46 73 1 -3.90956 1
46 74 1 -1.71309 1
46 75 1 -1.75386 1
46 76 1 -6.0354 1
46 77 1 4.64189 1
46 78 1 0.193339 1
46 79 1 -0.792938 1
46 80 1 2.77918 1
46 81 1 1.73308 1
46 82 1 -0.749976 1
46 83 1 2.70315 1
46 84 1 -0.99272 1
46 85 1 4.06862 1
46 86 1 -2.81326 1
46 87 1 6.88326 1
46 88 1 0.694523 1
46 89 1 -5.26756 1
46 90 1 -3.72656 1
46 91 1 0.88549 1
46 92 1 -1.78271 1
46 93 1 -0.869476 1
46 94 1 1.25332 1
46 95 1 0.325372 1
46 24 1 1.07772 1
47 64 1 0.136616 1
47 65 1 0.968458 1
47 66 1 -1.08836 1
47 67 1 2.62315 1
47 68 1 -0.957781 1
47 69 1 2.52836 1
47 70 1 -2.19885 1
47 71 1 0.872306 1
47 72 1 -0.348874 1
47 73 1 5.42314 0
47 74 1 -1.35192 1
47 75 1 -0.652664 1
47 76 1 -3.68679 1
47 77 1 -7.40707 1
47 78 1 -2.93874 1
47 79 1 -0.778282 1
47 80 1 5.7532 1
47 81 1 -3.89935 1
47 82 1 2.82891 1
47 83 1 -0.380815 1
47 84 1 -3.50824 1
47 85 1 -1.22862 1
47 86 1 -2.54477 1
47 87 1 5.66497 1
47 88 1 5.19463 1
47 89 1 1.91328 1
47 90 1 6.11866 1
47 91 1 2.01043 1
47 92 1 2.44705 1
47 93 1 1.86464 1
47 94 1 2.52117 1
47 95 1 -0.605859 1
47 4 1 1.17834 1
47 137 1 2.69517 1
137 73 1 3.9217 0
137 156 1 -0.547868 1
156 73 1 2.86883 1
156 15 1 -0.438412 1
156 104 1 1.5512 1
48 64 1 -0.411782 1
48 65 1 -1.44391 1
48 66 1 3.72184 1
48 67 1 -3.20938 1
48 68 1 -5.26734 1
48 69 1 -4.60745 1
48 70 1 0.708328 1
48 71 1 1.10325 1
48 72 1 -6.68679 1
48 73 1 3.4541 1
48 74 1 5.31257 1
48 75 1 -5.14169 1
48 76 1 -2.42435 1
48 77 1 -1.5043 1
48 78 1 -1.51031 1
48 79 1 2.68755 1
48 80 1 -0.868956 1
48 81 1 -2.95618 1
48 82 1 -2.36593 1
48 83 1 -0.669281 1
48 84 1 1.13066 1
48 85 1 -0.595096 1
48 86 1 -0.845885 1
48 87 1 0.798575 1
48 88 1 0.261323 1
48 89 1 -0.783406 1
48 90 1 1.90537 1
48 91 1 -0.36646 1
48 92 1 -6.92992 1
48 93 1 0.195777 1
48 94 1 7.36546 1
48 95 1 3.51077 1
48 16 1 0.502714 1
48 12 1 -0.557039 1
48 14 1 -1.13115 1
48 30 1 1.63082 1
49 64 1 0.226565 1
49 65 1 -5.35573 1
49 66 1 1.28637 1
49 67 1 -1.26003 1
49 68 1 -4.59254 1
49 69 1 1.02525 1
49 70 1 -0.0864565 1
49 71 1 -2.19487 1
49 72 1 -3.0362 1
49 73 1 -0.132411 1
49 74 1 2.7747 1
49 75 1 0.815023 1
49 76 1 -6.08444 1
49 77 1 -4.4053 1
49 78 1 -1.85301 0
49 79 1 2.18421 1
49 80 1 5.80299 1
49 81 1 -2.19968 1
49 82 1 1.11857 1
49 83 1 0.328033 1
49 84 1 1.06443 1
49 85 1 -1.37176 1
49 86 1 -1.33984 1
49 87 1 -2.67556 1
49 88 1 1.87854 1
49 89 1 2.81656 1
49 90 1 -2.93218 1
49 91 1 3.0028 1
49 92 1 0.777283 1
49 93 1 3.53164 1
49 94 1 1.08917 1
49 95 1 2.9491 1
49 19 1 0.0688714 1
49 31 1 -0.815369 1
49 15 1 -3.54651 1
49 158 1 -0.408494 1
49 26 1 1.13741 1
49 144 1 -3.40846 1
158 78 1 -1.9568 1
50 64 1 -3.50714 1
50 65 1 -3.17476 1
50 66 1 0.691722 1
50 67 1 -0.419789 1
50 68 1 2.47088 1
50 69 1 -1.51686 1
50 70 1 1.97299 1
50 71 1 6.97445 1
50 72 1 -3.74209 1
50 73 1 3.93513 1
50 74 1 -0.213098 1
50 75 1 2.79733 1
50 76 1 -2.49711 1
50 77 1 -1.43881 1
50 78 1 1.1379 1
50 79 1 -1.4071 1
50 80 1 2.10435 1
50 81 1 0.695428 1
50 82 1 -3.56011 1
50 83 1 4.43735 1
50 84 1 1.02012 1
50 85 1 4.86448 1
50 86 1 4.71223 1
50 87 1 -2.26265 1
50 88 1 -1.47835 1
50 89 1 0.208517 1
50 90 1 0.331404 1
50 91 1 0.973893 1
50 92 1 -0.400487 1
50 93 1 -2.02413 1
50 94 1 -1.15152 1
50 95 1 0.444683 1
50 4 1 4.5986 1
50 22 1 -0.327755 1
51 64 1 -0.416701 1
51 65 1 4.31718 1
51 66 1 3.23225 1
51 67 1 -2.29908 1
51 68 1 0.168533 1
51 69 1 0.42934 1
51 70 1 1.11789 1
51 71 1 4.46915 1
51 72 1 -4.56356 1
51 73 1 -1.35 0
51 74 1 -1.94172 1
51 75 1 3.90252 1
51 76 1 -3.05088 1
51 77 1 4.04663 1
51 78 1 6.31895 1
51 79 1 -0.626351 1
51 80 1 0.150352 1
51 81 1 -2.82252 1
51 82 1 -0.467522 1
51 83 1 5.69102 1
51 84 1 -3.16266 1
51 85 1 0.724774 1
51 86 1 -1.95014 1
51 87 1 2.81537 1
51 88 1 -1.8806 0
51 89 1 0.580127 1
51 90 1 -0.83232 1
51 91 1 -2.37859 1
51 92 1 2.58196 1
51 93 1 5.52486 1
51 94 1 -4.7852 1
51 95 1 -2.23302 1
51 116 1 1.81435 1
51 12 1 -1.47968 1
51 179 1 -0.735429 1
179 88 1 -0.85723 1
116 73 1 0.977007 0
116 134 1 2.47752 1
134 73 1 3.94709 1
134 128 1 2.29911 1
52 64 1 -3.0154 1
52 65 1 4.85972 1
52 66 1 -0.635709 1
52 67 1 0.701228 1
52 68 1 1.08268 1
52 69 1 6.36427 1
52 70 1 3.22599 1
52 71 1 -1.44578 1
52 72 1 -0.239056 1
52 73 1 3.45043 1
52 74 1 4.14935 1
52 75 1 2.35908 1
52 76 1 -4.90134 1
52 77 1 -0.143215 1
52 78 1 3.98063 1
52 79 1 -3.15277 1
52 80 1 -1.30042 1
52 81 1 0.0690004 1
52 82 1 -1.87285 1
52 83 1 0.25645 1
52 84 1 -0.3891 1
52 85 1 -1.19548 1
52 86 1 -6.47894 1
52 87 1 0.577391 1
52 88 1 0.119913 1
52 89 1 0.400108 1
52 90 1 -1.35543 1
52 91 1 -0.609982 1
52 92 1 0.595524 1
52 93 1 -3.64229 0
52 94 1 4.67474 1
52 95 1 -0.246215 1
52 115 1 0.921889 1
52 139 1 1.61035 1
52 23 1 -1.81628 1
139 93 1 -0.347286 0
139 181 1 0.925061 0
139 184 1 1.53003 1
184 181 1 0.512507 1
184 15 1 1.17914 1
181 93 1 -0.832168 1
53 64 1 -3.70864 1
53 65 1 0.484462 1
53 66 1 -1.84457 1
53 67 1 -1.51582 1
53 68 1 -1.74509 1
53 69 1 1.24051 1
53 70 1 1.45498 0
53 71 1 0.905191 1
53 72 1 -1.43122 1
53 73 1 0.730387 1
53 74 1 -0.211372 1
53 75 1 -3.21216 1
53 76 1 -0.443267 1
53 77 1 2.10211 1
53 78 1 0.116111 1
53 79 1 -0.267339 1
53 80 1 1.98661 1
53 81 1 3.29223 1
53 82 1 1.73377 1
53 83 1 -1.86109 1
53 84 1 0.777048 1
53 85 1 1.40657 1
53 86 1 0.389389 1
53 87 1 -1.50929 1
53 88 1 0.604109 1
53 89 1 0.490779 1
53 90 1 -2.36838 1
53 91 1 -0.0328983 1
53 92 1 2.63632 1
53 93 1 -1.63997 1
53 94 1 -1.02479 1
53 95 1 -3.13149 1
53 20 1 5.98771 1
53 23 1 -1.16939 1
53 149 1 -1.17094 1
149 70 1 -2.79758 0
149 153 1 0.489115 1
149 126 1 -0.945855 1
153 70 1 1.05004 0
153 183 1 1.29598 1
183 70 1 0.832527 1
54 64 1 3.67624 1
54 65 1 1.25747 1
54 66 1 -1.46992 1
54 67 1 1.01392 1
54 68 1 4.34124 1
54 69 1 -3.80087 1
54 70 1 1.06381 1
54 71 1 4.79319 1
54 72 1 0.830594 1
54 73 1 -0.128627 1
54 74 1 -0.14353 1
54 75 1 -3.26201 1
54 76 1 -4.16395 1
54 77 1 1.2698 1
54 78 1 -2.07714 1
54 79 1 2.61223 1
54 80 1 1.93917 1
54 81 1 5.25652 1
54 82 1 -2.27212 1
54 83 1 3.59429 1
54 84 1 -0.322946 1
54 85 1 0.519683 1
54 86 1 -5.33807 1
54 87 1 -0.429215 1
54 88 1 0.433589 1
54 89 1 5.03044 1
54 90 1 -3.1068 1
54 91 1 2.40858 1
54 92 1 -2.43521 1
54 93 1 3.97932 1
54 94 1 -3.57463 1
54 95 1 -2.12044 1
54 30 1 -0.554347 1
54 144 1 2.89678 1
54 16 1 -0.106869 1
55 64 1 0.909489 1
55 65 1 -3.0491 1
55 66 1 -3.11596 1
55 67 1 -2.34694 1
55 68 1 1.34681 1
55 69 1 0.0145426 1
55 70 1 3.52428 1
55 71 1 -5.45651 1
55 72 1 1.69414 1
55 73 1 -0.734661 1
55 74 1 3.87549 1
55 75 1 -3.05729 1
55 76 1 -5.83585 1
55 77 1 2.26168 1
55 78 1 2.296 1
55 79 1 5.21859 1
55 80 1 -1.77486 1
55 81 1 1.99711 1
55 82 1 -2.6597 1
55 83 1 2.23948 1
55 84 1 0.087373 1
55 85 1 -7.57453 1
55 86 1 0.564084 1
55 87 1 -1.96513 1
55 88 1 -5.97315 1
55 89 1 1.47287 1
55 90 1 -1.46948 1
55 91 1 0.250968 1
55 92 1 10.4534 1
55 93 1 -3.3214 1
55 94 1 -2.77185 1
55 95 1 -1.07802 0
55 28 1 5.15959 1
55 114 1 -0.418351 1
55 0 1 -2.83018 1
55 2 1 -0.269852 1
114 95 1 -0.800512 1
56 64 1 3.64133 1
56 65 1 -10.7114 1
56 66 1 -0.798708 1
56 67 1 -1.62529 1
56 68 1 2.91006 0
56 69 1 -1.86517 1
56 70 1 2.13582 1
56 71 1 2.69406 1
56 72 1 -2.28384 1
56 73 1 1.03881 1
56 74 1 2.63639 1
56 75 1 5.95154 1
56 76 1 -2.02772 1
56 77 1 -2.26045 1
56 78 1 -3.64547 1
56 79 1 -1.53496 1
56 80 1 0.328532 1
56 81 1 6.51354 1
56 82 1 2.83551 1
56 83 1 -1.7665 1
56 84 1 -2.17987 1
56 85 1 -0.881252 1
56 86 1 1.78147 1
56 87 1 1.04146 1
56 88 1 2.11426 1
56 89 1 1.92787 1
56 90 1 -0.121102 1
56 91 1 -1.05227 1
56 92 1 0.980357 1
56 93 1 2.88544 1
56 94 1 -1.20032 1
56 95 1 -1.24884 1
56 3 1 -3.29318 1
56 126 1 4.54775 1
56 0 1 -2.11437 1
126 68 1 2.75156 1
126 11 1 -4.03694 1
57 64 1 -4.67158 1
57 65 1 6.4332 1
57 66 1 -0.78411 1
57 67 1 -3.07475 1
57 68 1 -0.326373 1
57 69 1 -1.07649 0
57 70 1 0.424752 1
57 71 1 2.54943 1
57 72 1 3.21111 1
57 73 1 -2.17656 1
57 74 1 1.10581 1
57 75 1 5.66279 1
57 76 1 4.2984 1
57 77 1 -5.19994 1
57 78 1 1.04305 1
57 79 1 -2.55834 1
57 80 1 3.43945 1
57 81 1 4.89983 1
57 82 1 4.58524 1
57 83 1 -2.66741 1
57 84 1 0.30684 1
57 85 1 -4.1396 1
57 86 1 -1.28399 1
57 87 1 -0.632176 1
57 88 1 2.38975 1
57 89 1 1.58741 1
57 90 1 0.220955 1
57 91 1 -3.18242 1
57 92 1 -2.2013 1
57 93 1 -3.43219 1
57 94 1 -0.957391 1
57 95 1 2.90603 1
57 104 1 4.94872 1
57 22 1 0.820674 1
104 69 1 1.60203 1
104 1 1 1.83817 1
104 107 1 -0.252291 1
58 64 1 6.97873 1
58 65 1 -2.84802 1
58 66 1 -1.64466 1
58 67 1 0.269716 1
58 68 1 -3.66545 1
58 69 1 -2.35932 1
58 70 1 -0.533903 1
58 71 1 2.00323 1
58 72 1 1.44041 1
58 73 1 -3.25117 1
58 74 1 1.85874 1
58 75 1 1.36259 1
58 76 1 1.15912 1
58 77 1 3.93083 1
58 78 1 -3.17274 1
58 79 1 -0.757176 0
58 80 1 -3.83777 1
58 81 1 2.54028 1
58 82 1 0.877644 1
58 83 1 1.0999 1
58 84 1 -1.56874 1
58 85 1 0.346515 1
58 86 1 1.58449 1
58 87 1 -3.55719 1
58 88 1 -6.18416 1
58 89 1 -2.71831 1
58 90 1 1.1369 1
58 91 1 -2.57429 1
58 92 1 0.969613 0
58 93 1 1.23183 1
58 94 1 -2.21385 1
58 95 1 3.20252 1
58 128 1 1.35346 1
58 115 1 -0.480505 1
58 174 1 1.78842 1
174 92 1 0.669515 1
128 79 1 -0.0250166 0
128 131 1 2.1193 1
131 79 1 1.71936 0
131 160 1 0.944895 1
160 79 1 3.53244 0
160 125 1 1.79128 1
160 173 1 -0.146387 1
173 79 1 2.11336 1
59 64 1 -2.79598 1
59 65 1 1.30867 1
59 66 1 5.57792 1
59 67 1 -2.35126 1
59 68 1 3.61678 1
59 69 1 -3.20711 1
59 70 1 -2.78987 1
59 71 1 -0.14373 1
59 72 1 -0.77025 1
59 73 1 -0.791581 1
59 74 1 0.767795 1
59 75 1 0.76691 1
59 76 1 2.42269 1
59 77 1 0.19532 0
59 78 1 2.77607 1
59 79 1 -2.28282 1
59 80 1 2.91937 1
59 81 1 1.62292 1
59 82 1 -3.63051 1
59 83 1 5.76909 1
59 84 1 1.21189 1
59 85 1 -5.93164 1
59 86 1 -4.93156 1
59 87 1 1.73434 1
59 88 1 4.18233 1
59 89 1 0.355569 1
59 90 1 0.362615 1
59 91 1 -1.50168 1
59 92 1 2.36899 1
59 93 1 2.64895 1
59 94 1 -5.55548 1
59 95 1 2.87368 1
59 97 1 -0.855284 1
59 5 1 -5.58032 1
59 11 1 -4.39579 1
59 13 1 0.928904 1
97 77 1 -5.64426 1
97 22 1 0.0452763 1
97 2 1 -6.58319 0
97 99 1 1.06616 1
97 7 1 3.78647 0
97 102 1 1.79204 1
97 17 1 2.74449 1
102 7 1 5.44756 1
99 2 1 -0.141884 0
99 108 1 4.77685 1
99 15 1 4.39598 1
108 2 1 0.261605 0
108 125 1 7.17047 1
108 0 1 -0.859927 1
125 2 1 2.51358 1
125 1 1 1.12034 1
60 64 1 0.898514 1
60 65 1 -0.977842 1
60 66 1 1.53034 1
60 67 1 -0.906346 1
60 68 1 0.888168 1
60 69 1 3.389 1
60 70 1 -1.77404 1
60 71 1 1.63614 1
60 72 1 -0.250518 0
60 73 1 1.77779 1
60 74 1 1.17443 1
60 75 1 0.706827 1
60 76 1 -1.44868 1
60 77 1 6.09634 1
60 78 1 -3.06562 1
60 79 1 -0.201502 1
60 80 1 -5.4445 1
60 81 1 -3.30844 1
60 82 1 -0.921874 1
60 83 1 1.87061 1
60 84 1 -4.9082 1
60 85 1 2.0994 1
60 86 1 2.48985 1
60 87 1 -0.371337 1
60 88 1 -5.10417 1
60 89 1 1.21751 1
60 90 1 -1.59962 1
60 91 1 -0.375268 1
60 92 1 -0.36657 1
60 93 1 -0.990357 1
60 94 1 -1.01215 1
60 95 1 0.548419 1
60 24 1 -1.03953 1
60 0 1 4.2858 1
60 115 1 2.28917 1
60 3 1 -2.53054 1
60 20 1 -0.368611 1
115 72 1 -1.47394 1
115 18 1 1.53351 1
115 14 1 3.08059 1
115 19 1 -0.816961 1
61 64 1 0.534936 1
61 65 1 0.0059643 1
61 66 1 2.33305 1
61 67 1 0.370669 1
61 68 1 -3.97701 1
61 69 1 3.89621 1
61 70 1 2.64556 1
61 71 1 0.821859 1
61 72 1 0.762796 1
61 73 1 0.949781 1
61 74 1 4.74624 1
61 75 1 5.37421 1
61 76 1 2.13377 1
61 77 1 -2.643 0
61 78 1 -4.48327 1
61 79 1 1.61297 1
61 80 1 -1.91868 1
61 81 1 -0.492999 1
61 82 1 -2.10795 1
61 83 1 -0.707091 1
61 84 1 -3.11218 1
61 85 1 -0.773248 1
61 86 1 -0.203354 1
61 87 1 2.58762 1
61 88 1 -2.00814 1
61 89 1 2.10645 1
61 90 1 -3.40213 1
61 91 1 2.11586 1
61 92 1 -0.570386 1
61 93 1 0.106916 1
61 94 1 0.776851 1
61 95 1 -1.22158 1
61 107 1 0.187089 1
61 113 1 -1.12373 1
61 14 1 -1.44591 1
107 77 1 -4.9564 0
107 113 1 -1.21835 1
107 14 1 -1.62824 1
107 20 1 2.05587 1
113 77 1 -1.63519 0
113 23 1 -1.43818 1
113 147 1 1.03381 1
113 159 1 1.13785 1
159 77 1 -2.55674 0
159 161 1 0.0736515 1
161 77 1 -2.39495 1
62 64 1 -0.983323 1
62 65 1 -2.95929 1
62 66 1 3.31037 1
62 67 1 -1.46577 1
62 68 1 2.27771 1
62 69 1 -1.03204 1
62 70 1 -0.733113 1
62 71 1 -5.29808 1
62 72 1 4.28166 1
62 73 1 2.82697 1
62 74 1 2.98475 1
62 75 1 -1.72703 1
62 76 1 1.8371 1
62 77 1 -4.01448 1
62 78 1 -2.17534 1
62 79 1 -2.75074 1
62 80 1 1.43526 1
62 81 1 1.07659 1
62 82 1 -1.4912 1
62 83 1 3.58253 1
62 84 1 -1.27434 0
62 85 1 -0.95785 1
62 86 1 3.43473 1
62 87 1 -1.44585 1
62 88 1 0.874637 1
62 89 1 -2.96682 1
62 90 1 -8.58332 1
62 91 1 -0.166516 1
62 92 1 -0.332605 1
62 93 1 -0.685456 1
62 94 1 -1.05173 1
62 95 1 -1.47277 1
62 5 1 0.696261 1
62 138 1 2.18739 0
62 152 1 1.111 1
62 31 1 0.78788 1
152 138 1 1.06113 1
138 84 1 -1.64749 1
63 64 1 2.96256 1
63 65 1 -1.9724 1
63 66 1 5.20049 1
63 67 1 -4.14187 1
63 68 1 2.41893 1
63 69 1 -3.65248 1
63 70 1 -4.31581 1
63 71 1 2.26296 1
63 72 1 -0.0987998 1
63 73 1 2.07151 1
63 74 1 -7.97723 1
63 75 1 0.00393126 1
63 76 1 0.406196 0
63 77 1 0.521754 1
63 78 1 -1.3643 1
63 79 1 -1.35969 1
63 80 1 2.56211 1
63 81 1 -2.51361 1
63 82 1 2.80719 1
63 83 1 -4.39655 1
63 84 1 -1.5491 1
63 85 1 -5.04078 1
63 86 1 6.57744 1
63 87 1 -3.17551 0
63 88 1 -0.547176 1
63 89 1 -2.19927 1
63 90 1 -0.695185 1
63 91 1 -2.04267 1
63 92 1 0.6071 1
63 93 1 2.07363 1
63 94 1 1.01337 1
63 95 1 -1.28855 1
63 141 1 7.18027 1
63 144 1 0.912433 1
144 76 1 -0.483418 0
144 147 1 1.91928 1
147 76 1 -2.55897 1
147 9 1 -2.9134 1
141 87 1 -5.38607 1
141 10 1 1.6105 1
