186 64 32
3.50187 -1.5915 -3.88195 4.53583 -6.12414 5.27454 0.0426217 4.2191 -1.14702 6.41246 2.42694 6.3184 -3.70798 -4.24802 -2.8667 -3.03491 1.76927 1.01073 1.16372 -1.36685 -1.25913 0.403463 0.167682 1.0727 -6.72596 -0.162742 4.19528 1.52958 -4.33862 -3.58461 -3.70044 -0.138933 -2.409 1.10263 -0.0650711 3.55744 -4.7006 0.205001 -1.43842 -0.392918 -2.53625 2.49009 -2.08592 -3.41921 -5.16936 -5.16696 -4.3404 2.4759 -0.0594509 4.65523 1.15481 -5.66898 -4.96765 -0.934882 -0.895769 2.77247 -2.26735 3.14459 1.33373 -1.5286 2.04779 -4.60119 -4.00861 -2.58556 -5.11282 -2.90823 3.58928 1.63552 -4.01723 1.91313 -2.4959 -5.75058 -3.66493 -3.14353 2.24235 4.97812 -0.492551 -2.02451 -0.693185 -5.93833 0.175694 0.241232 -5.33101 1.72116 3.16355 1.63193 -3.29741 0.200102 3.86221 0.62927 -3.15808 1.47024 -1.16018 -0.646739 0.929818 -0.958217 -1.84902 -1.90902 -1.89252 -2.20985 2.01528 -2.6158 -5.05673 -1.52606 -5.06103 1.76358 -1.71027 -4.7496 -2.16088 -1.70319 -2.53438 3.12209 2.51361 -6.60143 0.963039 -1.80756 -1.79193 -0.256042 -0.710523 -1.27444 4.5622 -2.10531 -1.16707 -0.538211 0.792813 4.5574 -0.00587525 1.04486 1.24091 3.47898 0.963064 -0.323383 -1.87759 -0.0125083 -2.75965 -0.696319 -0.73359 0.670869 -4.02565 -1.83283 3.18121 -3.11701 -1.6298 -3.78368 1.19335 2.07572 0.0195146 -3.1042 -1.17971 -3.76032 -1.68157 -0.324858 0.533826 -0.962376 0.417556 -0.381393 -0.0356485 1.48094 0.00247855 0.263013 1.72249 0.545721 0.59529 1.22712 0.56723 -1.17782 1.73674 -0.310498 -0.0476853 1.42443 0.451522 1.25905 1.6883 -0.221215 -1.11678 -1.05622 0.405683 0.143413 0.360642 0.688624 0.748264 0.520826 0.624332 -0.0267829 -0.550547 0.147658 
0 64 1 -4.509 1
0 65 1 1.91202 1
0 66 1 2.10787 1
0 67 1 -0.411468 1
0 68 1 -2.9007 1
0 69 1 1.82449 1
0 70 1 2.92587 1
0 71 1 2.25559 1
0 72 1 1.32377 1
0 73 1 -0.578195 1
0 74 1 -2.03099 1
0 75 1 2.51052 1
0 76 1 2.77513 1
0 77 1 2.5687 1
0 78 1 -1.22376 1
0 79 1 -0.0451114 1
0 80 1 3.58184 1
0 81 1 3.72161 1
0 82 1 6.17435 1
0 83 1 1.11248 1
0 84 1 -2.53619 1
0 85 1 5.08153 1
0 86 1 -2.67552 1
0 87 1 -4.47374 1
0 88 1 3.44429 1
0 89 1 4.1095 1
0 90 1 3.73097 1
0 91 1 5.38046 1
0 92 1 -4.30417 1
0 93 1 -1.61734 1
0 94 1 2.16535 1
0 95 1 -0.726044 1
0 10 1 -2.6558 1
1 64 1 -0.0338915 1
1 65 1 -4.61213 1
1 66 1 2.60035 1
1 67 1 -5.94544 1
1 68 1 5.56961 1
1 69 1 -2.32815 1
1 70 1 3.48038 1
1 71 1 -0.691706 1
1 72 1 -3.73837 1
1 73 1 -1.04807 1
1 74 1 -2.79559 1
1 75 1 4.65944 1
1 76 1 -2.99464 1
1 77 1 6.49768 1
1 78 1 -0.429398 1
1 79 1 -2.22799 1
1 80 1 -1.2669 1
1 81 1 0.739547 1
1 82 1 -0.605075 1
1 83 1 -6.04239 1
1 84 1 -5.32255 1
1 85 1 -1.88046 1
1 86 1 3.58249 1
1 87 1 -1.3502 1
1 88 1 -1.14135 1
1 89 1 3.72718 1
1 90 1 -0.556658 1
1 91 1 -1.15904 1
1 92 1 0.476876 1
1 93 1 0.56938 1
1 94 1 -0.514965 1
1 95 1 -6.96462 1
1 27 1 -0.313583 1
2 64 1 1.24045 1
2 65 1 -2.31875 1
2 66 1 -5.55463 1
2 67 1 -2.7888 1
2 68 1 -1.29535 1
2 69 1 -0.781837 1
2 70 1 -1.08606 1
2 71 1 1.23619 1
2 72 1 -0.958165 1
2 73 1 -1.61789 1
2 74 1 -3.22722 1
2 75 1 1.57477 1
2 76 1 -3.25118 1
2 77 1 -2.22955 1
2 78 1 0.162353 1
2 79 1 -4.09909 1
2 80 1 -5.81944 1
2 81 1 -5.5662 1
2 82 1 0.92174 1
2 83 1 -4.02317 1
2 84 1 -0.256255 1
2 85 1 3.05208 1
2 86 1 -1.71126 1
2 87 1 -0.726249 1
2 88 1 -1.22009 1
2 89 1 -4.49677 1
2 90 1 -3.73028 1
2 91 1 -2.57516 1
2 92 1 2.34088 0
2 93 1 -1.73565 1
2 94 1 3.13625 1
2 95 1 -2.27397 1
2 100 1 -0.018724 1
2 6 1 4.28203 1
2 110 1 -0.69613 1
2 180 1 1.61125 1
180 92 1 2.35685 1
3 64 1 -1.02051 1
3 65 1 -1.94007 1
3 66 1 0.635142 1
3 67 1 -0.203837 1
3 68 1 6.05669 1
3 69 1 -2.59544 1
3 70 1 -3.79215 1
3 71 1 -0.490713 1
3 72 1 7.91375 1
3 73 1 -0.57168 1
3 74 1 -0.198184 1
3 75 1 3.75549 1
3 76 1 -0.656147 1
3 77 1 -0.194313 1
3 78 1 -2.04786 1
3 79 1 0.555696 1
3 80 1 -3.69713 1
3 81 1 1.43056 1
3 82 1 5.79139 1
3 83 1 2.99679 1
3 84 1 0.312809 1
3 85 1 -4.7857 1
3 86 1 1.80477 1
3 87 1 4.01107 1
3 88 1 -2.02857 1
3 89 1 4.2737 1
3 90 1 -0.282721 1
3 91 1 2.33959 1
3 92 1 1.4473 1
3 93 1 -3.48928 1
3 94 1 -1.33554 1
3 95 1 3.86426 0
3 110 1 2.09509 1
110 95 1 -1.81525 0
110 111 1 -2.41489 0
110 132 1 2.89132 1
110 152 1 1.06989 1
110 126 1 -0.554811 1
110 20 1 0.113569 1
110 16 1 0.58885 1
132 111 1 2.09003 1
111 95 1 1.30046 1
4 64 1 2.80795 1
4 65 1 -0.366016 1
4 66 1 -0.421367 1
4 67 1 4.88216 1
4 68 1 0.806953 1
4 69 1 2.79122 1
4 70 1 -0.351254 1
4 71 1 -0.742934 1
4 72 1 -1.75131 1
4 73 1 -1.85391 0
4 74 1 -0.637638 1
4 75 1 -7.16834 0
4 76 1 0.39844 1
4 77 1 3.61705 1
4 78 1 -0.678635 1
4 79 1 0.443831 1
4 80 1 -5.97339 1
4 81 1 2.27916 1
4 82 1 0.238571 1
4 83 1 -1.44517 1
4 84 1 -2.56778 1
4 85 1 1.92777 1
4 86 1 1.57364 1
4 87 1 -3.50196 1
4 88 1 -2.14629 1
4 89 1 -3.2847 1
4 90 1 4.00332 1
4 91 1 -1.95396 1
4 92 1 -1.21062 1
4 93 1 1.39 0
4 94 1 -3.06695 1
4 95 1 2.07408 1
4 101 1 3.3543 1
4 17 1 5.64523 1
4 118 1 2.59261 1
4 145 1 0.58553 1
4 119 1 -1.04872 1
145 93 1 0.603254 1
118 73 1 -6.47769 1
101 75 1 2.2594 1
5 64 1 -2.98193 1
5 65 1 6.82904 1
5 66 1 -2.49632 1
5 67 1 9.88781 1
5 68 1 2.97034 1
5 69 1 3.99965 1
5 70 1 1.23446 1
5 71 1 -1.2746 1
5 72 1 -0.613387 1
5 73 1 -1.71645 1
5 74 1 -1.37737 1
5 75 1 3.68834 1
5 76 1 2.0612 1
5 77 1 1.77297 1
5 78 1 -1.08389 1
5 79 1 1.124 1
5 80 1 1.89533 1
5 81 1 -0.482254 1
5 82 1 -0.593611 1
5 83 1 5.18949 1
5 84 1 3.34818 1
5 85 1 2.97485 1
5 86 1 1.09896 1
5 87 1 0.502123 1
5 88 1 0.974164 1
5 89 1 -3.74921 1
5 90 1 -1.54872 1
5 91 1 -0.921348 1
5 92 1 -1.92803 1
5 93 1 0.335722 1
5 94 1 -1.94525 1
5 95 1 -0.934138 1
5 28 1 3.74547 1
6 64 1 -0.195903 1
6 65 1 -1.50836 1
6 66 1 1.81662 1
6 67 1 2.75504 1
6 68 1 -3.14845 1
6 69 1 -3.28092 1
6 70 1 -5.06108 1
6 71 1 0.0256808 1
6 72 1 3.20991 1
6 73 1 -3.66607 1
6 74 1 -3.7358 1
6 75 1 2.55096 1
6 76 1 5.56573 1
6 77 1 -3.29181 1
6 78 1 -0.0407461 1
6 79 1 -4.31658 1
6 80 1 3.84723 1
6 81 1 -1.46443 1
6 82 1 1.55279 1
6 83 1 2.98489 1
6 84 1 3.03029 1
6 85 1 -6.93367 1
6 86 1 -0.29308 1
6 87 1 6.02937 1
6 88 1 -2.66898 1
6 89 1 -2.10324 1
6 90 1 3.3635 1
6 91 1 0.946226 1
6 92 1 6.16366 1
6 93 1 -4.15429 1
6 94 1 -2.70247 1
6 95 1 3.50583 1
6 26 1 1.43392 1
7 64 1 1.91979 1
7 65 1 1.92202 1
7 66 1 1.25995 1
7 67 1 -5.45019 1
7 68 1 -3.60003 1
7 69 1 -3.26221 1
7 70 1 5.7034 1
7 71 1 4.49452 1
7 72 1 4.1208 1
7 73 1 -2.01817 1
7 74 1 -0.426247 1
7 75 1 -0.217772 0
7 76 1 1.31756 1
7 77 1 3.03563 1
7 78 1 2.51989 1
7 79 1 1.8661 1
7 80 1 -1.14802 1
7 81 1 2.47785 1
7 82 1 -5.34753 0
7 83 1 0.350651 0
7 84 1 -3.76868 1
7 85 1 3.79696 1
7 86 1 -0.159352 1
7 87 1 4.02956 1
7 88 1 -2.42799 1
7 89 1 -1.49301 1
7 90 1 1.62584 1
7 91 1 -3.33085 1
7 92 1 0.25926 1
7 93 1 -1.09599 1
7 94 1 -0.267576 1
7 95 1 2.00522 1
7 100 1 -0.289882 1
7 127 1 3.26617 1
7 164 1 0.566803 1
164 75 1 0.307466 1
127 82 1 -5.28243 0
127 169 1 0.438888 1
127 150 1 1.19911 1
169 82 1 -4.60675 1
100 83 1 3.97304 0
100 24 1 -1.12828 0
100 106 1 2.78401 1
100 166 1 -0.221499 1
166 83 1 3.97135 1
106 24 1 -8.07285 1
106 6 1 -3.12885 1
8 64 1 1.31902 1
8 65 1 -2.54056 1
8 66 1 -0.123692 1
8 67 1 -1.29772 1
8 68 1 -3.27635 1
8 69 1 4.23199 1
8 70 1 1.3099 1
8 71 1 2.82978 1
8 72 1 4.5964 1
8 73 1 -3.03785 1
8 74 1 -3.18614 1
8 75 1 -2.93818 1
8 76 1 2.06102 1
8 77 1 3.18598 1
8 78 1 1.05058 1
8 79 1 -2.79047 1
8 80 1 0.758682 1
8 81 1 -1.83327 1
8 82 1 -1.91196 1
8 83 1 -2.91789 1
8 84 1 2.89438 1
8 85 1 8.28694 1
8 86 1 6.11839 1
8 87 1 2.64456 1
8 88 1 1.06422 1
8 89 1 4.67354 1
8 90 1 0.924793 1
8 91 1 -1.87461 1
8 92 1 1.6854 1
8 93 1 4.49057 1
8 94 1 6.01913 1
8 95 1 -1.58565 1
8 17 1 -0.0642308 1
9 64 1 -4.0092 1
9 65 1 -1.96235 1
9 66 1 2.46091 1
9 67 1 1.01448 1
9 68 1 -1.15628 1
9 69 1 -0.742622 1
9 70 1 -7.83792 1
9 71 1 -2.19872 1
9 72 1 2.88285 1
9 73 1 -2.58799 1
9 74 1 0.449771 1
9 75 1 1.94381 1
9 76 1 3.45897 1
9 77 1 1.11561 1
9 78 1 2.37502 1
9 79 1 0.815866 0
9 80 1 -1.95586 1
9 81 1 2.01466 1
9 82 1 -2.70195 1
9 83 1 -2.61234 1
9 84 1 4.74497 1
9 85 1 1.22341 1
9 86 1 1.10683 1
9 87 1 -0.0993557 1
9 88 1 3.0242 1
9 89 1 3.9041 1
9 90 1 -0.212063 1
9 91 1 0.775514 1
9 92 1 -1.80456 1
9 93 1 -0.957155 1
9 94 1 -4.5023 1
9 95 1 0.894357 1
9 103 1 -2.71619 1
9 130 1 -0.669378 1
9 157 1 -0.214902 1
157 79 1 0.323051 1
157 22 1 -1.20966 1
10 64 1 1.23842 1
10 65 1 -0.412674 1
10 66 1 4.01988 1
10 67 1 -2.25501 1
10 68 1 2.67012 1
10 69 1 -1.73154 1
10 70 1 -0.581223 1
10 71 1 0.291837 1
10 72 1 5.86811 1
10 73 1 3.71844 1
10 74 1 0.0689236 0
10 75 1 1.85629 1
10 76 1 3.58707 1
10 77 1 -0.2499 1
10 78 1 0.489828 1
10 79 1 -4.05959 1
10 80 1 -2.86626 1
10 81 1 5.35144 1
10 82 1 2.96492 1
10 83 1 1.08484 1
10 84 1 7.33455 1
10 85 1 1.88024 1
10 86 1 -3.03124 1
10 87 1 -2.33676 1
10 88 1 2.72249 1
10 89 1 0.959736 1
10 90 1 0.21692 1
10 91 1 2.22328 1
10 92 1 -1.37224 1
10 93 1 -0.158187 1
10 94 1 4.62915 1
10 95 1 4.56355 0
10 124 1 2.66938 1
10 165 1 -0.396884 1
165 95 1 5.43347 1
165 133 1 0.807747 1
124 74 1 -0.980552 1
124 12 1 2.26194 0
124 171 1 -0.529228 1
171 12 1 1.32049 1
11 64 1 3.6992 1
11 65 1 1.64335 1
11 66 1 4.02485 1
11 67 1 -2.81715 1
11 68 1 1.52656 1
11 69 1 1.34201 1
11 70 1 4.15973 1
11 71 1 0.641284 1
11 72 1 -8.67046 1
11 73 1 0.86254 1
11 74 1 0.176541 0
11 75 1 -2.24927 1
11 76 1 -1.75313 1
11 77 1 0.181514 1
11 78 1 -1.56347 1
11 79 1 -0.316457 1
11 80 1 -1.15573 1
11 81 1 2.68793 1
11 82 1 4.63338 0
11 83 1 4.63781 1
11 84 1 1.31807 1
11 85 1 -1.61679 1
11 86 1 -5.05375 1
11 87 1 -0.456944 1
11 88 1 -6.80193 1
11 89 1 1.99496 1
11 90 1 0.72384 1
11 91 1 -2.28956 1
11 92 1 -1.46352 1
11 93 1 2.81073 1
11 94 1 -3.55176 1
11 95 1 -6.59053 1
11 120 1 -6.85799 1
11 109 1 -0.929063 1
11 154 1 2.42938 1
11 8 1 -1.35616 1
11 112 1 3.19169 1
154 82 1 4.18214 1
120 74 1 -3.01951 1
120 13 1 0.33677 0
120 150 1 3.98013 1
150 13 1 2.47102 0
150 163 1 3.35846 1
163 13 1 1.40924 1
12 64 1 -1.92195 1
12 65 1 -1.71781 0
12 66 1 -0.213102 1
12 67 1 -3.71644 1
12 68 1 0.720214 1
12 69 1 2.3692 1
12 70 1 1.26527 1
12 71 1 -1.97321 1
12 72 1 3.92144 1
12 73 1 -2.88165 1
12 74 1 -2.96677 1
12 75 1 -0.469785 1
12 76 1 -2.05372 1
12 77 1 1.9252 1
12 78 1 -1.61168 1
12 79 1 -1.68425 1
12 80 1 -1.96319 1
12 81 1 -2.15088 1
12 82 1 5.00763 1
12 83 1 1.1038 1
12 84 1 2.64455 1
12 85 1 0.795978 1
12 86 1 -4.30484 1
12 87 1 -3.36442 1
12 88 1 -1.26711 1
12 89 1 1.69017 1
12 90 1 -0.593309 1
12 91 1 -2.79243 1
12 92 1 2.27649 1
12 93 1 -1.89358 1
12 94 1 2.36567 1
12 95 1 -2.69401 1
12 17 1 1.58569 1
12 18 1 0.45829 1
12 144 1 -1.81656 1
12 167 1 1.91922 1
12 11 1 -0.3364 1
167 65 1 -2.48377 1
167 12 1 0.624111 1
13 64 1 -0.19972 1
13 65 1 -2.90032 1
13 66 1 -1.38443 1
13 67 1 0.150277 1
13 68 1 3.42974 1
13 69 1 -3.1892 1
13 70 1 -1.14022 1
13 71 1 0.877974 1
13 72 1 0.482587 1
13 73 1 -0.0983077 1
13 74 1 -0.962966 1
13 75 1 -1.94119 1
13 76 1 -1.20898 1
13 77 1 -2.07297 1
13 78 1 3.43789 1
13 79 1 3.59644 1
13 80 1 -0.320575 1
13 81 1 1.95348 1
13 82 1 3.35085 1
13 83 1 4.30024 1
13 84 1 -5.65416 1
13 85 1 6.19169 1
13 86 1 5.28557 1
13 87 1 5.47193 1
13 88 1 3.14536 1
13 89 1 -0.0674751 1
13 90 1 -4.39348 1
13 91 1 -5.65927 1
13 92 1 -3.25079 1
13 93 1 -3.06483 1
13 94 1 0.165662 1
13 95 1 -3.92634 1
14 64 1 0.335188 1
14 65 1 5.46203 1
14 66 1 -0.0771681 1
14 67 1 2.79394 1
14 68 1 -1.54219 1
14 69 1 2.1257 1
14 70 1 -0.0175127 1
14 71 1 0.605067 1
14 72 1 5.02704 1
14 73 1 1.94395 1
14 74 1 0.713165 1
14 75 1 2.48381 1
14 76 1 -5.2092 1
14 77 1 0.556929 1
14 78 1 -1.85858 1
14 79 1 -0.670425 1
14 80 1 -0.238396 1
14 81 1 1.57715 0
14 82 1 4.62176 1
14 83 1 -1.4298 1
14 84 1 -1.1565 1
14 85 1 -2.24243 1
14 86 1 3.00161 1
14 87 1 -0.993469 1
14 88 1 -2.77128 1
14 89 1 0.99541 1
14 90 1 0.15461 1
14 91 1 3.91299 1
14 92 1 4.64236 1
14 93 1 2.30985 1
14 94 1 5.87683 1
14 95 1 1.5989 1
14 104 1 0.0867937 1
14 119 1 1.28218 1
14 126 1 1.79788 1
119 81 1 4.79524 1
119 99 1 0.501468 1
15 64 1 0.111647 1
15 65 1 2.20784 1
15 66 1 -2.74887 1
15 67 1 -1.82656 1
15 68 1 1.72195 1
15 69 1 -3.46945 1
15 70 1 7.43407 1
15 71 1 -2.5576 1
15 72 1 -1.99354 1
15 73 1 0.728543 1
15 74 1 1.12592 1
15 75 1 -1.27172 1
15 76 1 0.445769 1
15 77 1 2.37583 1
15 78 1 -3.86016 1
15 79 1 1.10876 1
15 80 1 4.72253 1
15 81 1 -0.482491 1
15 82 1 -3.89931 1
15 83 1 0.725698 1
15 84 1 1.24238 1
15 85 1 -2.1484 1
15 86 1 1.75852 1
15 87 1 -6.95108 1
15 88 1 1.4226 1
15 89 1 4.36422 1
15 90 1 0.168136 1
15 91 1 -3.92478 1
15 92 1 1.18739 1
15 93 1 -0.789127 1
15 94 1 -0.587516 1
15 95 1 -2.36781 1
15 20 1 -2.44067 1
16 64 1 3.17362 1
16 65 1 -2.31348 1
16 66 1 -1.67584 1
16 67 1 -4.78154 1
16 68 1 0.765815 1
16 69 1 -0.0244016 1
16 70 1 2.36431 1
16 71 1 5.98223 1
16 72 1 -0.518236 1
16 73 1 -1.90987 1
16 74 1 0.568026 1
16 75 1 1.95319 1
16 76 1 2.12924 1
16 77 1 2.60262 1
16 78 1 -1.50804 1
16 79 1 -2.5568 0
16 80 1 2.70513 1
16 81 1 2.37721 1
16 82 1 -3.59067 1
16 83 1 1.98243 1
16 84 1 -0.127144 1
16 85 1 -0.279001 1
16 86 1 2.34146 1
16 87 1 -0.745737 1
16 88 1 2.06437 1
16 89 1 0.956433 1
16 90 1 -4.37243 1
16 91 1 4.12961 1
16 92 1 3.47952 1
16 93 1 -2.64177 1
16 94 1 -0.523833 1
16 95 1 -3.6012 1
16 26 1 -0.900335 1
16 151 1 2.20848 1
16 144 1 -0.981299 1
151 79 1 -0.303258 1
17 64 1 -1.22919 1
17 65 1 -0.361448 1
17 66 1 -0.17329 1
17 67 1 3.32685 1
17 68 1 0.133948 1
17 69 1 0.975769 1
17 70 1 0.695938 1
17 71 1 4.97213 1
17 72 1 -5.55973 0
17 73 1 1.22963 1
17 74 1 2.83032 1
17 75 1 -0.839946 1
17 76 1 -1.21141 1
17 77 1 2.66446 1
17 78 1 -2.15144 1
17 79 1 -3.9068 1
17 80 1 5.04332 1
17 81 1 2.71756 1
17 82 1 1.06989 1
17 83 1 -1.88663 1
17 84 1 -0.235686 1
17 85 1 3.03692 1
17 86 1 -0.76123 1
17 87 1 -2.74042 1
17 88 1 -6.76769 1
17 89 1 0.60995 1
17 90 1 -3.05417 1
17 91 1 3.71763 1
17 92 1 0.943292 1
17 93 1 2.06831 1
17 94 1 2.12305 1
17 95 1 1.2474 1
17 146 1 3.93174 1
146 72 1 -4.92703 0
146 30 1 -0.594615 1
146 177 1 -0.0317847 1
177 72 1 -4.33154 1
18 64 1 1.00336 1
18 65 1 -3.98531 1
18 66 1 2.62981 1
18 67 1 2.56448 1
18 68 1 -3.19426 1
18 69 1 -1.17185 0
18 70 1 4.29522 1
18 71 1 -1.14762 1
18 72 1 1.12864 1
18 73 1 -0.557385 1
18 74 1 2.07351 1
18 75 1 -2.4875 1
18 76 1 2.68525 1
18 77 1 -0.378397 1
18 78 1 1.28222 1
18 79 1 3.14263 1
18 80 1 -6.91168 1
18 81 1 4.50142 1
18 82 1 -4.60031 1
18 83 1 3.16329 1
18 84 1 -5.23091 1
18 85 1 2.97487 1
18 86 1 5.70865 1
18 87 1 -4.81846 1
18 88 1 1.43495 1
18 89 1 -2.93558 1
18 90 1 -0.258055 1
18 91 1 -0.157815 1
18 92 1 -4.10355 1
18 93 1 1.99532 1
18 94 1 -0.393227 1
18 95 1 0.930782 1
18 25 1 -2.6621 1
18 18 1 -0.639151 1
18 139 1 2.37075 1
18 182 1 0.411669 1
182 69 1 -0.32597 1
19 64 1 6.41887 1
19 65 1 -0.697757 1
19 66 1 6.85238 1
19 67 1 -1.24877 1
19 68 1 -1.79963 1
19 69 1 2.09651 1
19 70 1 -1.31188 1
19 71 1 1.23333 1
19 72 1 3.35573 1
19 73 1 0.368933 1
19 74 1 1.41041 1
19 75 1 0.146869 1
19 76 1 -5.47114 1
19 77 1 -0.155811 1
19 78 1 0.330825 1
19 79 1 5.30774 1
19 80 1 -1.52529 1
19 81 1 -2.3437 1
19 82 1 0.122058 1
19 83 1 -2.5603 1
19 84 1 2.19362 1
19 85 1 2.99808 1
19 86 1 -1.72122 1
19 87 1 2.98736 1
19 88 1 0.341168 1
19 89 1 5.79691 1
19 90 1 -0.962383 1
19 91 1 -1.72863 1
19 92 1 -0.950704 1
19 93 1 -3.85146 1
19 94 1 -1.91326 1
19 95 1 -7.8985 1
20 64 1 1.38831 1
20 65 1 -0.604064 1
20 66 1 -2.48607 1
20 67 1 -1.23677 1
20 68 1 0.515015 1
20 69 1 0.158893 1
20 70 1 -3.90519 1
20 71 1 5.18407 1
20 72 1 -0.824545 1
20 73 1 2.78751 1
20 74 1 4.05561 1
20 75 1 4.05387 1
20 76 1 -1.02014 1
20 77 1 -3.57479 1
20 78 1 2.43242 1
20 79 1 1.16427 1
20 80 1 0.744105 1
20 81 1 0.109605 1
20 82 1 4.32236 1
20 83 1 0.851176 1
20 84 1 3.94268 1
20 85 1 -2.68702 1
20 86 1 -0.0605755 1
20 87 1 0.779932 1
20 88 1 1.39959 1
20 89 1 0.907073 1
20 90 1 1.23099 1
20 91 1 2.08583 0
20 92 1 3.51051 1
20 93 1 2.665 0
20 94 1 2.15117 0
20 95 1 1.47116 1
20 96 1 -2.12501 1
20 98 1 2.07471 1
20 103 1 2.31721 1
20 109 1 -0.828926 1
103 91 1 1.97226 0
103 105 1 3.50941 1
103 112 1 -1.12104 0
103 123 1 -1.66538 1
103 140 1 -2.6568 1
140 112 1 0.674165 1
123 91 1 -0.674151 1
123 113 1 -1.15028 0
123 136 1 1.09907 1
123 137 1 0.0152677 1
136 113 1 -1.32598 1
136 6 1 -1.41347 1
105 91 1 3.83106 0
105 129 1 0.662088 1
129 91 1 1.06025 0
129 135 1 4.81708 1
129 116 1 -1.15872 1
135 91 1 -1.278 1
98 93 1 3.11242 1
98 99 1 6.76868 1
98 15 1 1.85566 1
96 94 1 1.94748 1
96 20 1 -0.77357 0
96 155 1 2.94147 1
96 25 1 1.19769 1
155 20 1 -1.10098 0
155 30 1 0.791747 1
155 176 1 -0.324219 1
176 20 1 -1.54981 1
21 64 1 3.60846 1
21 65 1 5.99046 1
21 66 1 -5.83321 1
21 67 1 -4.38575 1
21 68 1 -0.463799 1
21 69 1 0.567385 1
21 70 1 0.99414 1
21 71 1 -6.43209 1
21 72 1 -7.97922 1
21 73 1 -1.60765 1
21 74 1 -2.45113 1
21 75 1 2.60351 1
21 76 1 -2.47755 1
21 77 1 -2.44032 1
21 78 1 -0.679254 1
21 79 1 -2.80656 1
21 80 1 0.575375 1
21 81 1 -2.2206 1
21 82 1 0.662872 1
21 83 1 -2.65541 1
21 84 1 7.96813 1
21 85 1 1.11854 1
21 86 1 1.92162 1
21 87 1 -0.59548 1
21 88 1 4.54486 1
21 89 1 1.42134 1
21 90 1 -1.08415 1
21 91 1 0.948643 0
21 92 1 3.39521 1
21 93 1 1.97591 1
21 94 1 -2.44385 1
21 95 1 0.711325 1
21 143 1 5.6643 1
143 91 1 -1.91638 1
22 64 1 1.01186 1
22 65 1 0.261341 1
22 66 1 2.16465 1
22 67 1 5.33367 1
22 68 1 1.02509 1
22 69 1 -2.17816 1
22 70 1 -1.65686 1
22 71 1 0.501657 1
22 72 1 -4.32995 1
22 73 1 1.80841 1
22 74 1 -5.0089 1
22 75 1 -0.0616028 1
22 76 1 0.504359 1
22 77 1 -1.18879 1
22 78 1 3.72073 1
22 79 1 5.83722 1
22 80 1 1.66824 1
22 81 1 -4.53988 1
22 82 1 2.10731 1
22 83 1 -1.37838 1
22 84 1 -2.07056 1
22 85 1 3.09271 1
22 86 1 -0.279756 1
22 87 1 4.90396 1
22 88 1 -3.58322 1
22 89 1 -0.558378 1
22 90 1 0.780198 1
22 91 1 1.15461 1
22 92 1 1.56268 1
22 93 1 2.80615 1
22 94 1 6.26086 1
22 95 1 0.670743 1
23 64 1 -1.33811 1
23 65 1 1.76424 1
23 66 1 3.19532 1
23 67 1 3.32251 1
23 68 1 -4.34156 1
23 69 1 2.67365 1
23 70 1 3.65121 1
23 71 1 -4.07123 1
23 72 1 -0.419473 1
23 73 1 -1.32609 1
23 74 1 3.34135 1
23 75 1 2.72608 1
23 76 1 2.10692 1
23 77 1 3.19878 1
23 78 1 0.530224 0
23 79 1 -6.08674 1
23 80 1 2.04727 1
23 81 1 1.41203 1
23 82 1 -4.23163 1
23 83 1 -0.791855 1
23 84 1 2.01746 1
23 85 1 -3.03597 1
23 86 1 -11.938 1
23 87 1 -0.549059 1
23 88 1 1.73361 1
23 89 1 -3.09095 1
23 90 1 -6.54328 1
23 91 1 -1.95585 1
23 92 1 2.84772 1
23 93 1 4.43174 1
23 94 1 -3.52956 1
23 95 1 0.155511 1
23 107 1 0.417447 1
23 27 1 0.638023 1
23 178 1 0.977324 1
178 78 1 0.636452 1
24 64 1 -2.19707 1
24 65 1 3.19575 1
24 66 1 -1.05014 1
24 67 1 6.56494 1
24 68 1 -4.88316 1
24 69 1 2.6844 0
24 70 1 1.66223 1
24 71 1 5.54119 1
24 72 1 1.89919 1
24 73 1 2.03466 1
24 74 1 -0.202354 1
24 75 1 1.21236 1
24 76 1 -4.07928 1
24 77 1 -0.282287 1
24 78 1 -7.14946 1
24 79 1 0.563289 1
24 80 1 5.67286 1
24 81 1 3.98175 1
24 82 1 -1.58017 1
24 83 1 -1.72189 1
24 84 1 -3.96728 1
24 85 1 -0.103406 1
24 86 1 -3.90477 1
24 87 1 3.77259 1
24 88 1 0.0133982 1
24 89 1 9.27824 1
24 90 1 5.31843 1
24 91 1 -1.92486 1
24 92 1 -0.433457 1
24 93 1 -0.110397 1
24 94 1 -0.4925 1
24 95 1 -4.84519 1
24 5 1 2.0919 1
24 168 1 -0.969814 1
168 69 1 4.03459 1
168 172 1 0.970382 1
25 64 1 -2.63379 1
25 65 1 1.88083 1
25 66 1 -1.41692 1
25 67 1 -2.95101 1
25 68 1 1.45621 1
25 69 1 -6.12852 1
25 70 1 -0.873279 0
25 71 1 -3.25073 1
25 72 1 2.06385 1
25 73 1 2.72909 1
25 74 1 2.27081 1
25 75 1 -3.00813 1
25 76 1 0.52281 1
25 77 1 -1.77611 1
25 78 1 3.36336 1
25 79 1 0.358025 1
25 80 1 -0.756436 1
25 81 1 -0.573431 1
25 82 1 -2.17334 1
25 83 1 1.76616 1
25 84 1 0.0423193 1
25 85 1 -1.7264 1
25 86 1 5.21427 1
25 87 1 -0.469757 1
25 88 1 -1.48187 1
25 89 1 -2.46671 1
25 90 1 -3.95999 1
25 91 1 4.04809 1
25 92 1 3.04254 1
25 93 1 -1.84703 1
25 94 1 -2.7743 0
25 95 1 -3.62005 1
25 8 1 1.55716 1
25 6 1 -1.05964 1
25 121 1 0.578391 1
25 175 1 1.61948 1
175 94 1 -3.24074 1
121 70 1 6.6591 1
26 64 1 -2.27755 1
26 65 1 2.91401 1
26 66 1 -0.914162 1
26 67 1 2.36043 1
26 68 1 -1.16886 1
26 69 1 1.8588 1
26 70 1 -0.93445 1
26 71 1 1.41507 1
26 72 1 -3.25539 1
26 73 1 0.642954 1
26 74 1 -8.84174 1
26 75 1 3.35654 1
26 76 1 2.06652 1
26 77 1 -4.95864 1
26 78 1 0.940458 1
26 79 1 0.000831047 1
26 80 1 -3.59392 1
26 81 1 4.42697 1
26 82 1 3.64258 1
26 83 1 1.39235 1
26 84 1 -5.38455 1
26 85 1 -0.278566 1
26 86 1 -4.97927 1
26 87 1 1.50463 1
26 88 1 -4.36003 1
26 89 1 2.35948 1
26 90 1 -2.81662 1
26 91 1 -2.63873 1
26 92 1 -0.672348 1
26 93 1 -1.71572 1
26 94 1 1.55227 1
26 95 1 0.800991 1
26 23 1 5.46841 1
26 15 1 1.52842 1
26 161 1 -0.036936 1
27 64 1 -2.32016 1
27 65 1 6.2096 1
27 66 1 3.3046 1
27 67 1 -0.479296 1
27 68 1 2.9632 1
27 69 1 1.55607 1
27 70 1 5.33627 1
27 71 1 -6.85557 1
27 72 1 0.0903904 1
27 73 1 2.01292 1
27 74 1 -3.03951 1
27 75 1 2.91034 1
27 76 1 -2.74424 1
27 77 1 1.99437 1
27 78 1 2.62529 1
27 79 1 1.23415 1
27 80 1 -0.774245 1
27 81 1 -2.17188 1
27 82 1 2.20811 1
27 83 1 -0.525415 1
27 84 1 3.3626 1
27 85 1 -0.840885 1
27 86 1 -3.9807 1
27 87 1 -1.09197 1
27 88 1 -7.88958 1
27 89 1 -4.86976 1
27 90 1 5.90528 1
27 91 1 -2.62268 1
27 92 1 0.114953 1
27 93 1 -0.125401 1
27 94 1 -0.246819 1
27 95 1 -0.971319 1
27 9 1 4.35804 1
27 5 1 0.713388 1
28 64 1 2.16902 1
28 65 1 -0.118401 1
28 66 1 -0.77836 1
28 67 1 4.54029 1
28 68 1 5.24023 1
28 69 1 1.42511 1
28 70 1 -1.43065 1
28 71 1 1.03443 1
28 72 1 -7.71785 1
28 73 1 0.293316 1
28 74 1 -2.67908 1
28 75 1 1.92991 1
28 76 1 0.43412 1
28 77 1 2.27232 1
28 78 1 -3.85689 1
28 79 1 2.10653 1
28 80 1 1.56049 1
28 81 1 -0.574292 1
28 82 1 4.03229 1
28 83 1 1.93594 1
28 84 1 3.9088 1
28 85 1 -5.41731 1
28 86 1 -3.21324 1
28 87 1 1.68658 1
28 88 1 -5.16087 1
28 89 1 1.196 1
28 90 1 -2.19294 1
28 91 1 1.65701 1
28 92 1 5.88369 1
28 93 1 -2.06211 1
28 94 1 6.11212 1
28 95 1 -2.07267 1
29 64 1 -0.234785 1
29 65 1 2.06833 1
29 66 1 -1.34389 1
29 67 1 4.19029 1
29 68 1 -8.58896 1
29 69 1 2.28545 1
29 70 1 -3.38686 1
29 71 1 -1.00963 1
29 72 1 1.89683 1
29 73 1 1.08677 1
29 74 1 -2.60723 1
29 75 1 -0.139037 1
29 76 1 -0.476855 1
29 77 1 1.94048 1
29 78 1 -5.47689 1
29 79 1 -2.89021 1
29 80 1 2.11454 1
29 81 1 2.64837 1
29 82 1 0.62939 1
29 83 1 1.21483 1
29 84 1 -0.723973 1
29 85 1 -1.09187 1
29 86 1 -4.118 1
29 87 1 -3.05767 1
29 88 1 -1.89301 1
29 89 1 -2.32856 1
29 90 1 0.219473 1
29 91 1 1.8858 1
29 92 1 1.397 1
29 93 1 0.0347835 1
29 94 1 -1.43473 1
29 95 1 2.32119 1
29 113 1 1.01828 1
30 64 1 -1.60442 1
30 65 1 6.31409 1
30 66 1 4.01587 1
30 67 1 -2.15839 1
30 68 1 1.33423 1
30 69 1 1.31209 1
30 70 1 4.89187 1
30 71 1 -0.833884 1
30 72 1 -2.68673 1
30 73 1 4.25048 1
30 74 1 -0.920331 1
30 75 1 1.84074 1
30 76 1 2.88397 1
30 77 1 -1.76226 1
30 78 1 3.97795 1
30 79 1 4.57267 1
30 80 1 -3.25122 1
30 81 1 -0.347699 1
30 82 1 6.47169 1
30 83 1 2.54358 1
30 84 1 2.07447 1
30 85 1 -2.36512 1
30 86 1 -1.33166 1
30 87 1 -3.71352 1
30 88 1 1.14044 1
30 89 1 -2.33163 1
30 90 1 -0.178822 1
30 91 1 5.01604 1
30 92 1 -0.40858 1
30 93 1 1.61663 1
30 94 1 1.75398 1
30 95 1 -2.93559 1
30 28 1 0.883675 1
31 64 1 2.08802 1
31 65 1 -4.51392 1
31 66 1 -4.46104 1
31 67 1 7.76806 1
31 68 1 5.54212 1
31 69 1 0.810667 1
31 70 1 0.363209 1
31 71 1 1.3304 1
31 72 1 -2.3548 1
31 73 1 0.617112 1
31 74 1 3.17647 1
31 75 1 -0.374111 1
31 76 1 -2.92384 1
31 77 1 0.284339 1
31 78 1 -3.57966 1
31 79 1 -0.162458 1
31 80 1 -0.698988 1
31 81 1 -1.29197 1
31 82 1 -0.196881 1
31 83 1 -0.779254 1
31 84 1 -3.72122 1
31 85 1 -4.13711 1
31 86 1 1.35867 1
31 87 1 -4.89026 0
31 88 1 2.02112 1
31 89 1 -1.90989 1
31 90 1 -1.24711 1
31 91 1 -3.94593 1
31 92 1 -0.591334 1
31 93 1 -0.577302 1
31 94 1 2.92419 1
31 95 1 -0.668267 1
31 122 1 1.52255 1
31 10 1 -1.39789 1
31 117 1 -0.871357 1
122 87 1 -0.616217 1
32 64 1 5.85982 1
32 65 1 2.51702 1
32 66 1 -2.89899 1
32 67 1 1.95953 1
32 68 1 0.928148 1
32 69 1 3.90544 1
32 70 1 -0.922457 1
32 71 1 3.84401 1
32 72 1 -2.09909 1
32 73 1 1.9658 1
32 74 1 -0.1005 1
32 75 1 5.49376 1
32 76 1 0.393787 1
32 77 1 4.026 1
32 78 1 0.426058 1
32 79 1 -0.856917 1
32 80 1 -1.06206 1
32 81 1 -0.383971 1
32 82 1 -3.29292 1
32 83 1 -3.11377 1
32 84 1 1.85697 1
32 85 1 -2.11792 1
32 86 1 -0.12661 1
32 87 1 -1.66108 1
32 88 1 -0.544642 1
32 89 1 -0.431526 1
32 90 1 3.20336 1
32 91 1 -4.11518 1
32 92 1 4.06858 1
32 93 1 2.21087 1
32 94 1 -1.77821 1
32 95 1 -0.357594 1
33 64 1 1.31215 1
33 65 1 -3.5474 1
33 66 1 -1.97114 1
33 67 1 -1.24899 1
33 68 1 -1.57406 1
33 69 1 -3.8628 1
33 70 1 4.25608 1
33 71 1 3.93353 1
33 72 1 3.16164 1
33 73 1 3.97198 1
33 74 1 0.629309 1
33 75 1 -7.38955 1
33 76 1 -4.85177 1
33 77 1 1.85377 1
33 78 1 -1.49654 1
33 79 1 -4.95052 1
33 80 1 0.723537 1
33 81 1 -3.09729 1
33 82 1 -1.51284 1
33 83 1 0.575578 1
33 84 1 -1.75797 1
33 85 1 0.307625 1
33 86 1 4.25253 1
33 87 1 2.166 1
33 88 1 3.03498 1
33 89 1 5.18361 1
33 90 1 -3.2613 1
33 91 1 -2.06414 1
33 92 1 2.03784 1
33 93 1 3.10956 1
33 94 1 3.25064 1
33 95 1 1.25543 1
33 20 1 0.221872 1
33 107 1 -1.10633 1
33 13 1 1.15941 1
33 113 1 -2.5543 1
34 64 1 -0.709086 1
34 65 1 -1.1753 1
34 66 1 3.44358 1
34 67 1 0.428238 1
34 68 1 -2.21566 1
34 69 1 -1.72946 1
34 70 1 -2.2845 1
34 71 1 -3.0228 1
34 72 1 -3.27046 1
34 73 1 -4.3454 1
34 74 1 4.3921 1
34 75 1 6.84887 1
34 76 1 -2.79559 1
34 77 1 -1.25837 1
34 78 1 -1.00822 1
34 79 1 0.370602 1
34 80 1 3.87429 1
34 81 1 -1.57893 1
34 82 1 2.89893 1
34 83 1 2.00307 1
34 84 1 0.219215 1
34 85 1 -1.42069 1
34 86 1 -1.09605 1
34 87 1 -1.40968 1
34 88 1 -0.242039 1
34 89 1 0.0291431 1
34 90 1 -6.58955 1
34 91 1 4.45251 1
34 92 1 3.70264 1
34 93 1 -2.41048 1
34 94 1 3.88995 1
34 95 1 2.31224 1
34 113 1 -1.3725 1
35 64 1 1.96517 1
35 65 1 -2.93334 1
35 66 1 -1.56139 1
35 67 1 5.72797 1
35 68 1 2.88764 1
35 69 1 2.16608 1
35 70 1 2.83365 1
35 71 1 2.52602 1
35 72 1 1.17108 1
35 73 1 6.88169 1
35 74 1 0.0239149 1
35 75 1 -2.2918 1
35 76 1 -3.80163 1
35 77 1 1.24185 1
35 78 1 -0.171867 1
35 79 1 3.96804 1
35 80 1 -6.35714 1
35 81 1 -0.143027 1
35 82 1 5.48229 0
35 83 1 -2.57205 1
35 84 1 6.55685 1
35 85 1 -3.94987 1
35 86 1 -1.25798 1
35 87 1 -2.97723 1
35 88 1 0.0230668 1
35 89 1 2.98404 0
35 90 1 -1.99343 1
35 91 1 -0.0358228 1
35 92 1 -2.68551 1
35 93 1 -7.34381 1
35 94 1 0.195113 1
35 95 1 -0.28711 1
35 130 1 1.25825 1
35 133 1 6.42955 1
133 82 1 1.13706 1
130 89 1 -0.0186899 1
130 109 1 0.281787 1
36 64 1 3.07335 1
36 65 1 3.18041 1
36 66 1 2.24899 1
36 67 1 0.225111 1
36 68 1 -6.281 1
36 69 1 -2.07472 1
36 70 1 -2.71801 1
36 71 1 1.28173 1
36 72 1 -2.95698 1
36 73 1 -0.496006 1
36 74 1 -0.640502 1
36 75 1 -0.0547156 1
36 76 1 2.46995 1
36 77 1 -4.92912 1
36 78 1 1.61513 1
36 79 1 5.20497 1
36 80 1 4.27825 1
36 81 1 -1.31009 1
36 82 1 0.36952 0
36 83 1 0.158395 1
36 84 1 4.00208 1
36 85 1 -2.8504 1
36 86 1 0.137681 1
36 87 1 1.31607 1
36 88 1 -2.00278 1
36 89 1 -0.24979 1
36 90 1 -4.10984 1
36 91 1 0.0770302 1
36 92 1 4.80716 1
36 93 1 2.13742 1
36 94 1 -2.05844 1
36 95 1 8.26866 1
36 109 1 0.425509 0
36 24 1 -2.14421 1
36 117 1 1.99882 1
117 109 1 1.84135 1
117 4 1 0.270538 1
109 82 1 0.24027 1
109 31 1 0.973335 1
37 64 1 -5.852 1
37 65 1 1.67767 1
37 66 1 -3.80423 1
37 67 1 0.344616 1
37 68 1 -4.42264 1
37 69 1 2.23916 1
37 70 1 -6.77703 1
37 71 1 -1.57519 1
37 72 1 1.69195 1
37 73 1 0.795508 1
37 74 1 0.581239 1
37 75 1 0.530366 1
37 76 1 2.9449 0
37 77 1 2.3677 1
37 78 1 -1.48737 1
37 79 1 1.53086 1
37 80 1 1.2863 1
37 81 1 2.80934 1
37 82 1 2.01594 1
37 83 1 3.82167 1
37 84 1 -4.48548 1
37 85 1 3.39436 1
37 86 1 -1.29689 1
37 87 1 -0.236336 1
37 88 1 -1.90362 1
37 89 1 -3.99661 1
37 90 1 -3.94517 1
37 91 1 0.918815 1
37 92 1 3.52093 1
37 93 1 0.629682 1
37 94 1 -1.61731 1
37 95 1 1.96382 1
37 142 1 -0.035003 1
37 160 1 -0.887011 1
142 76 1 -0.697327 1
142 147 1 0.137871 1
142 6 1 0.458335 1
38 64 1 0.682844 1
38 65 1 -1.81203 1
38 66 1 -1.69745 1
38 67 1 -4.04015 1
38 68 1 -1.75226 1
38 69 1 -5.48973 1
38 70 1 -0.061037 1
38 71 1 -0.856717 1
38 72 1 2.70061 1
38 73 1 1.93402 1
38 74 1 -1.82892 1
38 75 1 5.22229 1
38 76 1 2.45532 1
38 77 1 -3.13704 1
38 78 1 -0.824419 1
38 79 1 -0.36734 1
38 80 1 -1.07902 1
38 81 1 -2.70001 1
38 82 1 3.57302 1
38 83 1 -1.64837 1
38 84 1 -0.904009 1
38 85 1 -2.18092 1
38 86 1 -0.10509 1
38 87 1 2.01345 0
38 88 1 3.65156 1
38 89 1 5.10331 1
38 90 1 -2.08097 1
38 91 1 3.06342 1
38 92 1 2.97847 0
38 93 1 0.673775 1
38 94 1 0.375667 1
38 95 1 -2.58952 1
38 148 1 2.80172 1
38 162 1 -0.206538 1
162 87 1 1.06651 0
162 185 1 1.53506 1
185 87 1 0.681765 1
148 92 1 2.60672 1
39 64 1 1.07614 1
39 65 1 -2.0904 1
39 66 1 0.442936 1
39 67 1 -0.754021 1
39 68 1 0.857993 1
39 69 1 -0.756655 1
39 70 1 0.905217 1
39 71 1 -1.01144 1
39 72 1 -3.62773 1
39 73 1 -3.98913 1
39 74 1 -0.180963 1
39 75 1 3.5569 0
39 76 1 5.28959 0
39 77 1 -0.00638306 1
39 78 1 -4.259 1
39 79 1 -5.07844 1
39 80 1 -1.36436 1
39 81 1 -1.53881 1
39 82 1 -4.85532 1
39 83 1 -3.29276 1
39 84 1 -3.42774 1
39 85 1 0.1674 1
39 86 1 1.4123 1
39 87 1 1.82767 1
39 88 1 -1.51363 1
39 89 1 0.786197 1
39 90 1 4.26919 1
39 91 1 0.381113 1
39 92 1 6.56434 1
39 93 1 1.46683 1
39 94 1 -5.99437 1
39 95 1 -1.48198 1
39 2 1 -1.99516 1
39 112 1 3.67296 1
39 13 1 -0.27186 1
39 104 1 -1.12303 1
39 172 1 2.96848 1
172 76 1 4.18092 1
172 28 1 0.0585758 1
112 75 1 -1.71006 1
112 138 1 -0.747892 1
112 153 1 1.33942 0
112 170 1 -0.06034 1
112 113 1 0.776399 1
170 153 1 -2.46391 1
170 126 1 1.82467 1
40 64 1 -5.01168 1
40 65 1 -0.336626 1
40 66 1 3.24404 1
40 67 1 2.19316 1
40 68 1 1.55979 1
40 69 1 3.14696 1
40 70 1 -0.596235 1
40 71 1 0.462381 1
40 72 1 1.18678 1
40 73 1 1.51749 1
40 74 1 -0.487653 1
40 75 1 1.44302 1
40 76 1 -2.16607 1
40 77 1 3.14864 1
40 78 1 2.35736 1
40 79 1 -1.97413 1
40 80 1 3.00167 1
40 81 1 0.759696 1
40 82 1 0.0620698 1
40 83 1 -4.14087 1
40 84 1 -2.88468 1
40 85 1 0.0795953 1
40 86 1 1.54573 1
40 87 1 -0.144114 1
40 88 1 1.65465 1
40 89 1 -1.20889 1
40 90 1 -0.570653 1
40 91 1 -1.72547 1
40 92 1 -2.50821 1
40 93 1 0.183962 1
40 94 1 0.237037 1
40 95 1 2.89444 1
40 2 1 0.733373 1
40 134 1 1.948 1
41 64 1 3.55768 1
41 65 1 -0.655685 1
41 66 1 1.01767 1
41 67 1 1.07541 1
41 68 1 2.97985 1
41 69 1 -1.70191 1
41 70 1 1.86081 1
41 71 1 0.898265 1
41 72 1 4.69332 1
41 73 1 -5.24053 1
41 74 1 0.665958 1
41 75 1 3.20489 1
41 76 1 -5.87726 1
41 77 1 1.6229 1
41 78 1 -5.00263 1
41 79 1 1.84254 1
41 80 1 3.03081 1
41 81 1 4.42526 1
41 82 1 -1.9605 1
41 83 1 1.88324 1
41 84 1 -2.49131 1
41 85 1 0.406195 1
41 86 1 0.772558 1
41 87 1 0.9392 1
41 88 1 3.02954 1
41 89 1 -0.321647 1
41 90 1 -0.39983 1
41 91 1 1.19922 1
41 92 1 -0.199064 1
41 93 1 -0.48166 1
41 94 1 -2.70117 1
41 95 1 0.553872 1
41 11 1 1.03153 1
41 29 1 -3.57131 1
41 97 1 -1.52727 1
42 64 1 2.80949 1
42 65 1 0.597189 1
42 66 1 -1.20052 1
42 67 1 3.16023 1
42 68 1 -3.3882 1
42 69 1 -1.70252 1
42 70 1 0.255816 1
42 71 1 0.234487 1
42 72 1 -1.96776 1
42 73 1 -1.44912 1
42 74 1 3.67561 1
42 75 1 -2.58183 1
42 76 1 -4.10967 1
42 77 1 -2.16969 1
42 78 1 0.297705 1
42 79 1 2.22731 1
42 80 1 -0.536126 1
42 81 1 3.6963 1
42 82 1 3.29211 1
42 83 1 2.54852 1
42 84 1 -0.197459 1
42 85 1 -0.624971 1
42 86 1 2.6135 1
42 87 1 -3.09516 1
42 88 1 -3.25879 1
42 89 1 -1.86675 1
42 90 1 2.62368 1
42 91 1 1.72213 1
42 92 1 2.01089 1
42 93 1 1.58041 1
42 94 1 -3.9792 1
42 95 1 -0.970877 1
43 64 1 1.43406 1
43 65 1 -2.49141 1
43 66 1 3.98601 1
43 67 1 1.05926 1
43 68 1 0.178747 1
43 69 1 -3.2217 1
43 70 1 0.558554 1
43 71 1 -4.40074 1
43 72 1 0.65226 1
43 73 1 -8.97468 1
43 74 1 3.00804 1
43 75 1 -4.61028 1
43 76 1 -2.39256 1
43 77 1 0.790331 1
43 78 1 1.22013 1
43 79 1 -4.35173 1
43 80 1 -0.465265 1
43 81 1 3.05043 1
43 82 1 2.18982 1
43 83 1 -1.80514 1
43 84 1 -1.87607 1
43 85 1 2.599 1
43 86 1 3.35858 1
43 87 1 5.41891 1
43 88 1 2.33873 1
43 89 1 3.13922 1
43 90 1 -0.985219 1
43 91 1 -3.44915 1
43 92 1 3.36481 1
43 93 1 1.34337 1
43 94 1 -0.377043 1
43 95 1 2.02616 1
44 64 1 -0.769809 1
44 65 1 -5.44174 1
44 66 1 -1.38856 1
44 67 1 -2.32495 1
44 68 1 0.3645 1
44 69 1 -3.55399 1
44 70 1 3.07966 1
44 71 1 3.90144 1
44 72 1 -3.0896 1
44 73 1 1.74734 1
44 74 1 -1.6389 1
44 75 1 -3.49901 1
44 76 1 -1.70102 1
44 77 1 2.96363 1
44 78 1 3.54719 1
44 79 1 0.335285 1
44 80 1 6.38881 1
44 81 1 -3.29357 1
44 82 1 2.51106 1
44 83 1 -1.1807 1
44 84 1 1.18076 1
44 85 1 -0.408527 1
44 86 1 3.36 1
44 87 1 -0.171219 1
44 88 1 1.5891 1
44 89 1 0.575712 1
44 90 1 3.20259 1
44 91 1 3.06083 1
44 92 1 -1.75432 1
44 93 1 3.06629 1
44 94 1 -2.49152 1
44 95 1 -3.24989 1
44 8 1 -0.853536 1
44 29 1 1.43194 1
45 64 1 -1.018 1
45 65 1 0.0981427 1
45 66 1 -0.48722 1
45 67 1 3.05222 1
45 68 1 0.453573 1
45 69 1 -5.16975 1
45 70 1 -3.95496 1
45 71 1 0.475047 1
45 72 1 -4.73359 1
45 73 1 1.75615 1
45 74 1 3.73666 1
45 75 1 2.96098 1
45 76 1 -1.99962 1
45 77 1 -1.12591 1
45 78 1 -1.5129 1
45 79 1 3.49075 1
45 80 1 -1.36546 1
45 81 1 2.21543 1
45 82 1 0.840691 1
45 83 1 -3.46143 1
45 84 1 0.871229 1
45 85 1 -3.37341 1
45 86 1 2.37671 1
45 87 1 0.694331 1
45 88 1 4.05373 1
45 89 1 -2.38306 1
45 90 1 -0.611531 1
45 91 1 2.93028 1
45 92 1 -1.66424 1
45 93 1 -7.83197 1
45 94 1 1.33567 1
45 95 1 -5.52248 1
45 9 1 5.07259 1
45 20 1 0.100126 1
45 17 1 -0.835527 1
46 64 1 2.34496 1
46 65 1 -0.0996684 1
46 66 1 1.77683 1
46 67 1 2.90041 1
46 68 1 -5.53172 1
46 69 1 0.0224846 1
46 70 1 2.73355 1
46 71 1 -1.87287 1
46 72 1 3.38111 1
46 73 1 -3.86305 1
46 74 1 -1.61798 1
46 75 1 -1.90706 1
46 76 1 -6.08276 1
46 77 1 4.64536 1
46 78 1 0.202858 1
46 79 1 -0.806792 1
46 80 1 2.69785 1
46 81 1 1.81698 1
46 82 1 -0.652192 1
46 83 1 2.68632 1
46 84 1 -1.13044 1
46 85 1 4.13418 1
46 86 1 -2.9235 1
46 87 1 6.88305 1
46 88 1 0.746288 1
46 89 1 -5.43835 1
46 90 1 -3.60379 1
46 91 1 1.04207 1
46 92 1 -1.81855 1
46 93 1 -0.874352 1
46 94 1 1.23744 1
46 95 1 0.396224 1
46 24 1 1.27235 1
47 64 1 0.0729085 1
47 65 1 1.0086 1
47 66 1 -1.13091 1
47 67 1 2.66596 1
47 68 1 -0.903807 1
47 69 1 2.51013 1
47 70 1 -2.24066 1
47 71 1 0.86727 1
47 72 1 -0.418942 1
47 73 1 5.45063 0
47 74 1 -1.33115 1
47 75 1 -0.544592 1
47 76 1 -3.50859 1
47 77 1 -7.32329 1
47 78 1 -3.14768 1
47 79 1 -0.79088 1
47 80 1 6.00283 1
47 81 1 -3.97522 1
47 82 1 2.85245 1
47 83 1 -0.372585 1
47 84 1 -3.43859 1
47 85 1 -1.26084 1
47 86 1 -2.47038 1
47 87 1 5.58057 1
47 88 1 5.16593 1
47 89 1 1.86396 1
47 90 1 6.03237 1
47 91 1 1.90016 1
47 92 1 2.23478 1
47 93 1 1.88707 1
47 94 1 2.4475 1
47 95 1 -0.652289 1
47 4 1 0.966021 1
47 137 1 2.65364 1
137 73 1 3.84607 0
137 156 1 -0.662174 1
156 73 1 3.12477 1
156 15 1 -0.436479 1
156 104 1 1.51959 1
48 64 1 -0.502947 1
48 65 1 -1.44456 1
48 66 1 3.62815 1
48 67 1 -3.14434 1
48 68 1 -5.28524 1
48 69 1 -4.53668 1
48 70 1 0.783935 1
48 71 1 1.03593 1
48 72 1 -6.54348 1
48 73 1 3.5537 1
48 74 1 5.21051 1
48 75 1 -5.00503 1
48 76 1 -2.57678 1
48 77 1 -1.44154 1
48 78 1 -1.6264 1
48 79 1 2.55414 1
48 80 1 -0.882955 1
48 81 1 -3.03725 1
48 82 1 -2.33349 1
48 83 1 -0.600501 1
48 84 1 1.15247 1
48 85 1 -0.71789 1
48 86 1 -0.685955 1
48 87 1 1.03926 1
48 88 1 0.261323 1
48 89 1 -0.731298 1
48 90 1 1.73839 1
48 91 1 -0.425608 1
48 92 1 -6.92793 1
48 93 1 0.219944 1
48 94 1 7.40634 1
48 95 1 3.65661 1
48 16 1 0.602446 1
48 12 1 -0.527535 1
48 14 1 -1.20766 1
48 30 1 1.58513 1
49 64 1 0.213166 1
49 65 1 -5.26911 1
49 66 1 1.21937 1
49 67 1 -1.16993 1
49 68 1 -4.76727 1
49 69 1 0.801552 1
49 70 1 -0.164445 1
49 71 1 -2.28638 1
49 72 1 -2.79654 1
49 73 1 -0.100487 1
49 74 1 2.81242 1
49 75 1 0.82815 1
49 76 1 -6.03943 1
49 77 1 -4.25258 1
49 78 1 -1.94149 0
49 79 1 2.19182 1
49 80 1 5.8239 1
49 81 1 -2.17108 1
49 82 1 1.10058 1
49 83 1 0.428485 1
49 84 1 1.1071 1
49 85 1 -1.31707 1
49 86 1 -1.3911 1
49 87 1 -2.70546 1
49 88 1 1.86093 1
49 89 1 2.70174 1
49 90 1 -2.9812 1
49 91 1 3.09864 1
49 92 1 0.79041 1
49 93 1 3.58169 1
49 94 1 1.05924 1
49 95 1 2.7888 1
49 19 1 0.101729 1
49 31 1 -0.887252 1
49 15 1 -3.64267 1
49 158 1 -0.426676 1
49 26 1 1.20913 1
49 144 1 -3.28302 1
158 78 1 -2.0796 1
50 64 1 -3.598 1
50 65 1 -3.21264 1
50 66 1 0.910822 1
50 67 1 -0.497828 1
50 68 1 2.55544 1
50 69 1 -1.55625 1
50 70 1 1.95308 1
50 71 1 6.97149 1
50 72 1 -3.81079 1
50 73 1 3.99067 1
50 74 1 -0.256906 1
50 75 1 2.68751 1
50 76 1 -2.4922 1
50 77 1 -1.34276 1
50 78 1 1.31979 1
50 79 1 -1.40868 1
50 80 1 1.9393 1
50 81 1 0.77685 1
50 82 1 -3.57877 1
50 83 1 4.50119 1
50 84 1 0.974847 1
50 85 1 4.77309 1
50 86 1 4.69912 1
50 87 1 -2.12456 1
50 88 1 -1.539 1
50 89 1 -0.0286183 1
50 90 1 0.453456 1
50 91 1 0.924495 1
50 92 1 -0.377632 1
50 93 1 -2.06547 1
50 94 1 -1.20929 1
50 95 1 0.392075 1
50 4 1 4.60214 1
50 22 1 -0.277586 1
51 64 1 -0.330887 1
51 65 1 4.38596 1
51 66 1 3.11501 1
51 67 1 -2.31258 1
51 68 1 0.270771 1
51 69 1 0.53689 1
51 70 1 1.21103 1
51 71 1 4.54824 1
51 72 1 -4.61469 1
51 73 1 -1.24851 0
51 74 1 -1.79296 1
51 75 1 4.01075 1
51 76 1 -2.93629 1
51 77 1 4.06819 1
51 78 1 6.44767 1
51 79 1 -0.664957 1
51 80 1 0.151839 1
51 81 1 -2.68701 1
51 82 1 -0.450509 1
51 83 1 5.79244 1
51 84 1 -3.25238 1
51 85 1 0.682174 1
51 86 1 -1.86532 1
51 87 1 2.83364 1
51 88 1 -1.77076 0
51 89 1 0.718706 1
51 90 1 -0.903958 1
51 91 1 -2.46327 1
51 92 1 2.56144 1
51 93 1 5.57646 1
51 94 1 -4.87326 1
51 95 1 -2.14241 1
51 116 1 1.87338 1
51 12 1 -1.33801 1
51 179 1 -0.643913 1
179 88 1 -0.973388 1
116 73 1 0.985339 0
116 134 1 2.61034 1
134 73 1 3.80741 1
134 128 1 2.24044 1
52 64 1 -3.03878 1
52 65 1 5.00141 1
52 66 1 -0.634111 1
52 67 1 0.759615 1
52 68 1 1.20059 1
52 69 1 6.50707 1
52 70 1 3.44589 1
52 71 1 -1.42368 1
52 72 1 -0.275979 1
52 73 1 3.33091 1
52 74 1 4.13073 1
52 75 1 2.28313 1
52 76 1 -4.92583 1
52 77 1 -0.117807 1
52 78 1 3.97822 1
52 79 1 -2.98267 1
52 80 1 -1.33765 1
52 81 1 0.0229868 1
52 82 1 -1.82867 1
52 83 1 0.188699 1
52 84 1 -0.155693 1
52 85 1 -1.1881 1
52 86 1 -6.56966 1
52 87 1 0.582124 1
52 88 1 0.0334493 1
52 89 1 0.340591 1
52 90 1 -1.34438 1
52 91 1 -0.690094 1
52 92 1 0.501233 1
52 93 1 -3.68241 0
52 94 1 4.61741 1
52 95 1 -0.0556146 1
52 115 1 0.913078 1
52 139 1 1.57235 1
52 23 1 -1.70729 1
139 93 1 -0.264851 0
139 181 1 0.930442 0
139 184 1 1.53003 1
184 181 1 0.534251 1
184 15 1 1.1609 1
181 93 1 -1.00499 1
53 64 1 -3.61531 1
53 65 1 0.325896 1
53 66 1 -1.96924 1
53 67 1 -1.6421 1
53 68 1 -1.73198 1
53 69 1 1.19643 1
53 70 1 1.48864 0
53 71 1 0.844758 1
53 72 1 -1.34062 1
53 73 1 0.522687 1
53 74 1 -0.28943 1
53 75 1 -3.30624 1
53 76 1 -0.422712 1
53 77 1 1.98033 1
53 78 1 0.0866789 1
53 79 1 -0.295376 1
53 80 1 2.18359 1
53 81 1 3.20698 1
53 82 1 1.81534 1
53 83 1 -1.98076 1
53 84 1 0.754781 1
53 85 1 1.22368 1
53 86 1 0.364284 1
53 87 1 -1.40518 1
53 88 1 0.787599 1
53 89 1 0.533924 1
53 90 1 -2.35572 1
53 91 1 -0.00417775 1
53 92 1 2.5556 1
53 93 1 -1.69653 1
53 94 1 -1.04154 1
53 95 1 -3.05425 1
53 20 1 5.91213 1
53 23 1 -1.11968 1
53 149 1 -1.16018 1
149 70 1 -2.73596 0
149 153 1 0.409824 1
149 126 1 -0.986735 1
153 70 1 1.1041 0
153 183 1 1.22653 1
183 70 1 0.737148 1
54 64 1 3.70913 1
54 65 1 1.17213 1
54 66 1 -1.24928 1
54 67 1 0.988065 1
54 68 1 4.3526 1
54 69 1 -3.78062 1
54 70 1 0.960479 1
54 71 1 4.72775 1
54 72 1 0.86031 1
54 73 1 -0.117981 1
54 74 1 -0.201994 1
54 75 1 -3.1078 1
54 76 1 -4.16416 1
54 77 1 1.20634 1
54 78 1 -2.13248 1
54 79 1 2.54831 1
54 80 1 1.90207 1
54 81 1 5.43057 1
54 82 1 -2.30372 1
54 83 1 3.52514 1
54 84 1 -0.224697 1
54 85 1 0.571602 1
54 86 1 -5.14982 1
54 87 1 -0.462943 1
54 88 1 0.706593 1
54 89 1 5.06969 1
54 90 1 -3.07446 1
54 91 1 2.43022 1
54 92 1 -2.37987 1
54 93 1 3.9595 1
54 94 1 -3.64563 1
54 95 1 -2.07134 1
54 30 1 -0.50656 1
54 144 1 2.8887 1
54 16 1 -0.0622383 1
55 64 1 0.933153 1
55 65 1 -2.96384 1
55 66 1 -3.0193 1
55 67 1 -2.33992 1
55 68 1 1.40957 1
55 69 1 0.0450321 1
55 70 1 3.60028 1
55 71 1 -5.42312 1
55 72 1 1.78577 1
55 73 1 -0.640878 1
55 74 1 3.84484 1
55 75 1 -3.11108 1
55 76 1 -5.89088 1
55 77 1 2.29246 1
55 78 1 2.40315 1
55 79 1 5.22907 1
55 80 1 -1.62111 1
55 81 1 1.96977 1
55 82 1 -2.71585 1
55 83 1 2.03822 1
55 84 1 0.103405 1
55 85 1 -7.41097 1
55 86 1 0.686563 1
55 87 1 -1.95266 1
55 88 1 -6.05308 1
55 89 1 1.43466 1
55 90 1 -1.37277 1
55 91 1 0.407947 1
55 92 1 10.5638 1
55 93 1 -3.35402 1
55 94 1 -2.84171 1
55 95 1 -1.06193 0
55 28 1 5.20735 1
55 114 1 -0.319436 1
55 0 1 -2.9277 1
55 2 1 -0.25537 1
114 95 1 -0.795906 1
56 64 1 3.67241 1
56 65 1 -10.6328 1
56 66 1 -0.608396 1
56 67 1 -1.55541 1
56 68 1 3.05048 0
56 69 1 -2.03107 1
56 70 1 2.08938 1
56 71 1 2.65918 1
56 72 1 -2.22468 1
56 73 1 1.03525 1
56 74 1 2.66507 1
56 75 1 5.98697 1
56 76 1 -1.95839 1
56 77 1 -2.23307 1
56 78 1 -3.44917 1
56 79 1 -1.52707 1
56 80 1 0.310461 1
56 81 1 6.60725 1
56 82 1 2.78624 1
56 83 1 -1.57457 1
56 84 1 -2.18482 1
56 85 1 -0.944996 1
56 86 1 1.85397 1
56 87 1 1.09188 1
56 88 1 2.25657 1
56 89 1 2.07454 1
56 90 1 -0.116571 1
56 91 1 -0.990878 1
56 92 1 1.10039 1
56 93 1 3.15508 1
56 94 1 -1.25222 1
56 95 1 -1.34235 1
56 3 1 -3.23505 1
56 126 1 4.5896 1
56 0 1 -2.09021 1
126 68 1 2.70718 1
126 11 1 -4.19848 1
57 64 1 -4.59262 1
57 65 1 6.43404 1
57 66 1 -0.754579 1
57 67 1 -3.06397 1
57 68 1 -0.483274 1
57 69 1 -1.07803 0
57 70 1 0.248319 1
57 71 1 2.56964 1
57 72 1 3.23553 1
57 73 1 -2.04348 1
57 74 1 1.27615 1
57 75 1 5.55268 1
57 76 1 4.24096 1
57 77 1 -5.20144 1
57 78 1 1.12974 1
57 79 1 -2.56341 1
57 80 1 3.41102 1
57 81 1 4.96548 1
57 82 1 4.58048 1
57 83 1 -2.75255 1
57 84 1 0.276459 1
57 85 1 -4.06743 1
57 86 1 -1.18888 1
57 87 1 -0.702003 1
57 88 1 2.35123 1
57 89 1 1.50185 1
57 90 1 0.408687 1
57 91 1 -3.27009 1
57 92 1 -2.27344 1
57 93 1 -3.52689 1
57 94 1 -0.971659 1
57 95 1 2.97036 1
57 104 1 4.94511 1
57 22 1 0.689089 1
104 69 1 1.46153 1
104 1 1 1.89571 1
104 107 1 -0.162365 1
58 64 1 6.92306 1
58 65 1 -2.84802 1
58 66 1 -1.65716 1
58 67 1 0.0354559 1
58 68 1 -3.5864 1
58 69 1 -2.46557 1
58 70 1 -0.645542 1
58 71 1 2.10737 1
58 72 1 1.43451 1
58 73 1 -3.21312 1
58 74 1 1.96708 1
58 75 1 1.34761 1
58 76 1 1.23407 1
58 77 1 4.01388 1
58 78 1 -3.21144 1
58 79 1 -0.822221 0
58 80 1 -3.72655 1
58 81 1 2.65159 1
58 82 1 0.776841 1
58 83 1 0.969437 1
58 84 1 -1.64454 1
58 85 1 0.378685 1
58 86 1 1.74543 1
58 87 1 -3.61565 1
58 88 1 -6.32866 1
58 89 1 -2.55548 1
58 90 1 1.04392 1
58 91 1 -2.74916 1
58 92 1 0.94258 0
58 93 1 1.29853 1
58 94 1 -2.27246 1
58 95 1 3.09376 1
58 128 1 1.46825 1
58 115 1 -0.49031 1
58 174 1 1.79468 1
174 92 1 0.566429 1
128 79 1 0.0362581 0
128 131 1 2.25213 1
131 79 1 1.59497 0
131 160 1 1.0756 1
160 79 1 3.50215 0
160 125 1 1.64046 1
160 173 1 -0.284582 1
173 79 1 2.29297 1
59 64 1 -2.86957 1
59 65 1 1.27314 1
59 66 1 5.66755 1
59 67 1 -2.37641 1
59 68 1 3.46589 1
59 69 1 -3.27867 1
59 70 1 -2.75767 1
59 71 1 -0.0757627 1
59 72 1 -0.696854 1
59 73 1 -0.909612 1
59 74 1 0.712369 1
59 75 1 0.66263 1
59 76 1 2.31453 1
59 77 1 0.397332 0
59 78 1 2.71959 1
59 79 1 -2.29326 1
59 80 1 2.94386 1
59 81 1 1.68749 1
59 82 1 -3.64378 1
59 83 1 5.93646 1
59 84 1 1.17775 1
59 85 1 -5.91434 1
59 86 1 -4.90826 1
59 87 1 1.75503 1
59 88 1 4.22699 1
59 89 1 0.392237 1
59 90 1 0.419491 1
59 91 1 -1.57779 1
59 92 1 2.24542 1
59 93 1 2.82263 1
59 94 1 -5.47882 1
59 95 1 2.90013 1
59 97 1 -0.927504 1
59 5 1 -5.5447 1
59 11 1 -4.29192 1
59 13 1 1.09145 1
97 77 1 -5.71162 1
97 22 1 0.153811 1
97 2 1 -6.54901 0
97 99 1 1.24178 1
97 7 1 3.97898 0
97 102 1 1.71059 1
97 17 1 2.84408 1
102 7 1 5.32166 1
99 2 1 -0.0682585 0
99 108 1 4.77688 1
99 15 1 4.3495 1
108 2 1 0.12698 0
108 125 1 7.22028 1
108 0 1 -0.735674 1
125 2 1 2.47247 1
125 1 1 1.26601 1
60 64 1 0.831935 1
60 65 1 -1.167 1
60 66 1 1.57045 1
60 67 1 -0.989818 1
60 68 1 0.714027 1
60 69 1 3.47219 1
60 70 1 -1.82857 1
60 71 1 1.65163 1
60 72 1 -0.373217 0
60 73 1 1.77398 1
60 74 1 1.12642 1
60 75 1 0.566061 1
60 76 1 -1.47286 1
60 77 1 6.19935 1
60 78 1 -3.11734 1
60 79 1 -0.233709 1
60 80 1 -5.6836 1
60 81 1 -3.23921 1
60 82 1 -0.936432 1
60 83 1 1.80876 1
60 84 1 -4.93131 1
60 85 1 2.23896 1
60 86 1 2.41902 1
60 87 1 -0.48595 1
60 88 1 -4.86985 1
60 89 1 1.21484 1
60 90 1 -1.55235 1
60 91 1 -0.35534 1
60 92 1 -0.312755 1
60 93 1 -0.945806 1
60 94 1 -0.992841 1
60 95 1 0.362408 1
60 24 1 -1.03953 1
60 0 1 4.1983 1
60 115 1 2.2225 1
60 3 1 -2.58818 1
60 20 1 -0.433579 1
115 72 1 -1.57033 1
115 18 1 1.56962 1
115 14 1 3.06713 1
115 19 1 -0.75146 1
61 64 1 0.589232 1
61 65 1 -0.00866788 1
61 66 1 2.33175 1
61 67 1 0.320675 1
61 68 1 -4.0139 1
61 69 1 3.88218 1
61 70 1 2.5985 1
61 71 1 0.863426 1
61 72 1 0.849727 1
61 73 1 1.01787 1
61 74 1 4.69913 1
61 75 1 5.39816 1
61 76 1 2.1326 1
61 77 1 -2.68496 0
61 78 1 -4.29834 1
61 79 1 1.52565 1
61 80 1 -1.84361 1
61 81 1 -0.540777 1
61 82 1 -2.03867 1
61 83 1 -0.726477 1
61 84 1 -3.14738 1
61 85 1 -0.794981 1
61 86 1 -0.234006 1
61 87 1 2.44928 1
61 88 1 -1.89226 1
61 89 1 2.1252 1
61 90 1 -3.42195 1
61 91 1 2.05178 1
61 92 1 -0.450196 1
61 93 1 0.0417941 1
61 94 1 0.842676 1
61 95 1 -1.25732 1
61 107 1 0.139878 1
61 113 1 -1.07755 1
61 14 1 -1.53949 1
107 77 1 -5.01338 0
107 113 1 -1.24527 1
107 14 1 -1.62824 1
107 20 1 2.1248 1
113 77 1 -1.52443 0
113 23 1 -1.53255 1
113 147 1 1.13219 1
113 159 1 1.25047 1
159 77 1 -2.49741 0
159 161 1 0.10308 1
161 77 1 -2.49298 1
62 64 1 -0.959169 1
62 65 1 -2.91337 1
62 66 1 3.39439 1
62 67 1 -1.43711 1
62 68 1 2.23474 1
62 69 1 -0.976572 1
62 70 1 -0.867128 1
62 71 1 -5.12686 1
62 72 1 4.28189 1
62 73 1 2.81105 1
62 74 1 2.96217 1
62 75 1 -1.58036 1
62 76 1 1.97477 1
62 77 1 -4.07351 1
62 78 1 -2.12966 1
62 79 1 -2.74595 1
62 80 1 1.525 1
62 81 1 0.993869 1
62 82 1 -1.54125 1
62 83 1 3.52738 1
62 84 1 -1.10726 0
62 85 1 -1.12136 1
62 86 1 3.34317 1
62 87 1 -1.4812 1
62 88 1 0.652268 1
62 89 1 -2.81836 1
62 90 1 -8.43531 1
62 91 1 -0.229991 1
62 92 1 -0.33527 1
62 93 1 -0.858355 1
62 94 1 -1.16105 1
62 95 1 -1.4084 1
62 5 1 0.747542 1
62 138 1 2.16007 0
62 152 1 1.09413 1
62 31 1 0.916177 1
152 138 1 1.11095 1
138 84 1 -1.654 1
63 64 1 2.82298 1
63 65 1 -2.1156 1
63 66 1 5.33192 1
63 67 1 -3.99822 1
63 68 1 2.39541 1
63 69 1 -3.67859 1
63 70 1 -4.34273 1
63 71 1 2.33018 1
63 72 1 -0.110334 1
63 73 1 2.17166 1
63 74 1 -7.93752 1
63 75 1 0.109595 1
63 76 1 0.319369 0
63 77 1 0.521097 1
63 78 1 -1.40947 1
63 79 1 -1.28754 1
63 80 1 2.59619 1
63 81 1 -2.53929 1
63 82 1 2.75295 1
63 83 1 -4.33139 1
63 84 1 -1.42487 1
63 85 1 -4.94324 1
63 86 1 6.57605 1
63 87 1 -3.13562 0
63 88 1 -0.445826 1
63 89 1 -2.34188 1
63 90 1 -0.65533 1
63 91 1 -2.00339 1
63 92 1 0.637254 1
63 93 1 1.89552 1
63 94 1 1.03486 1
63 95 1 -1.28902 1
63 141 1 7.26323 1
63 144 1 0.895524 1
144 76 1 -0.354597 0
144 147 1 1.87534 1
147 76 1 -2.66377 1
147 9 1 -2.88028 1
141 87 1 -5.31197 1
141 10 1 1.76068 1
