187 64 32
2.86632 -1.97355 -3.45687 4.33703 -6.54592 4.86094 0.574174 4.2927 -1.0691 6.17964 3.18382 6.28464 -4.09596 -3.69356 -2.29768 -2.93996 2.44784 0.402849 1.28428 -1.17065 -1.43797 -0.0760355 -0.148389 1.44664 -6.70266 -0.0277599 4.45117 1.5114 -4.5467 -3.60374 -4.16061 -0.0701264 -2.31101 0.773305 -0.53226 3.76611 -4.61153 0.29832 -0.911519 -0.0547604 -2.50641 2.14486 -1.91862 -3.00343 -4.82177 -5.40907 -4.61956 2.36833 0.62164 4.95122 1.63557 -5.4331 -4.68193 -1.36699 -1.0202 3.45707 -2.55579 3.16573 1.81228 -1.66205 2.04032 -3.98385 -4.46436 -2.7916 -4.93902 -3.16721 3.88638 1.56405 -3.6783 1.30784 -1.85809 -5.84501 -4.02139 -3.06798 2.88394 4.65844 -0.327607 -1.47918 -0.589752 -5.56586 0.674091 0.285088 -4.58147 2.43546 3.19832 1.24311 -3.12624 -0.010674 4.22813 1.02236 -3.14351 1.58159 -1.2205 -0.880307 0.882779 -0.97702 -2.49903 -1.25959 -2.144 -2.57349 1.41433 -3.11155 -4.68475 -1.47876 -5.04253 1.07289 -2.10496 -4.69033 -2.1208 -1.99973 -1.74609 2.90301 2.16856 -6.72701 1.44807 -1.60331 -2.06349 0.249007 -0.382669 -0.983095 3.98349 -2.16951 -1.15871 -0.163405 0.679411 4.5019 -0.0501846 0.750326 0.79965 3.53991 0.44857 -0.893606 -1.64956 0.266965 -2.53964 0.0383034 -0.285663 0.396309 -3.84593 -1.19542 3.42967 -2.82583 -2.08872 -3.78886 1.4185 2.28262 0.336747 -3.10494 -1.29054 -4.1538 -1.60167 -0.426593 0.110753 -0.460385 -0.0683158 -0.821649 0.665038 0.842237 -0.450931 0.472407 1.55961 0.507129 0.809668 1.38826 1.02963 -0.92363 1.67417 -0.273024 -0.183621 0.658883 0.42568 1.51484 2.18169 -0.301969 -0.777212 -0.0250409 0.275626 -0.409026 -0.400523 0.811096 0.33925 0.499967 0.678099 0.526059 -0.167989 0.325924 -0.330732 
0 64 1 -4.90376 1
0 65 1 1.75958 1
0 66 1 2.42007 1
0 67 1 -0.171161 1
0 68 1 -3.10999 1
0 69 1 1.61089 1
0 70 1 2.739 1
0 71 1 1.77074 1
0 72 1 2.31313 1
0 73 1 -0.35705 1
0 74 1 -1.99613 1
0 75 1 2.6372 1
0 76 1 2.66503 1
0 77 1 3.05334 1
0 78 1 -0.711809 1
0 79 1 0.527722 1
0 80 1 3.08339 1
0 81 1 3.5807 1
0 82 1 6.18564 1
0 83 1 1.28065 1
0 84 1 -2.44252 1
0 85 1 5.15988 1
0 86 1 -3.19458 1
0 87 1 -4.36152 1
0 88 1 3.6608 1
0 89 1 3.63632 1
0 90 1 3.45765 1
0 91 1 5.24685 1
0 92 1 -4.04507 1
0 93 1 -1.32593 1
0 94 1 2.82799 1
0 95 1 -0.564158 1
0 10 1 -2.31818 1
1 64 1 0.667456 1
1 65 1 -5.05932 1
1 66 1 2.82557 1
1 67 1 -5.69553 1
1 68 1 6.11389 1
1 69 1 -2.30516 1
1 70 1 3.38188 1
1 71 1 -0.352126 1
1 72 1 -3.82749 1
1 73 1 -1.41628 1
1 74 1 -3.25562 1
1 75 1 4.62066 1
1 76 1 -3.34685 1
1 77 1 6.44925 1
1 78 1 -0.236623 1
1 79 1 -2.53404 1
1 80 1 -0.818061 1
1 81 1 0.382914 1
1 82 1 -0.471393 1
1 83 1 -5.48531 1
1 84 1 -5.41397 1
1 85 1 -2.1128 1
1 86 1 3.35294 1
1 87 1 -1.0872 1
1 88 1 -1.48844 1
1 89 1 3.45847 1
1 90 1 -0.771054 1
1 91 1 -0.913911 1
1 92 1 0.17814 1
1 93 1 0.68176 1
1 94 1 -0.588178 1
1 95 1 -6.89636 1
1 27 1 -0.46906 1
2 64 1 2.03594 1
2 65 1 -2.3083 1
2 66 1 -5.55199 1
2 67 1 -3.5705 1
2 68 1 -1.24634 1
2 69 1 -0.481443 1
2 70 1 -1.53344 1
2 71 1 1.4785 1
2 72 1 -0.753224 1
2 73 1 -1.39298 1
2 74 1 -2.92738 1
2 75 1 1.50435 1
2 76 1 -2.95103 1
2 77 1 -2.33049 1
2 78 1 -0.158412 1
2 79 1 -3.98189 1
2 80 1 -5.55287 1
2 81 1 -6.0603 1
2 82 1 0.915194 1
2 83 1 -4.20765 1
2 84 1 -0.172853 1
2 85 1 3.28496 1
2 86 1 -1.68161 1
2 87 1 -1.06416 1
2 88 1 -1.48661 1
2 89 1 -4.16282 1
2 90 1 -3.36011 1
2 91 1 -2.71264 1
2 92 1 2.60851 0
2 93 1 -1.79096 1
2 94 1 3.70644 1
2 95 1 -2.60927 1
2 100 1 -0.623141 1
2 6 1 4.24684 1
2 110 1 -0.890244 1
2 180 1 2.2535 1
180 92 1 2.45491 1
3 64 1 -1.272 1
3 65 1 -2.28385 1
3 66 1 0.57268 1
3 67 1 0.00902445 1
3 68 1 5.99 1
3 69 1 -2.73902 1
3 70 1 -3.2038 1
3 71 1 -0.742417 1
3 72 1 8.2124 1
3 73 1 -0.461366 1
3 74 1 -0.242778 1
3 75 1 3.98238 1
3 76 1 -0.182847 1
3 77 1 0.300074 1
3 78 1 -2.16504 1
3 79 1 0.985895 1
3 80 1 -3.93466 1
3 81 1 1.30085 1
3 82 1 6.22654 1
3 83 1 3.85227 1
3 84 1 -0.337057 1
3 85 1 -4.88269 1
3 86 1 1.86427 1
3 87 1 4.4787 1
3 88 1 -1.82955 1
3 89 1 4.36619 1
3 90 1 0.00543399 1
3 91 1 2.232 1
3 92 1 1.28109 1
3 93 1 -3.52429 1
3 94 1 -1.04524 1
3 95 1 4.44407 0
3 110 1 2.28126 1
110 95 1 -1.82606 0
110 111 1 -2.11179 0
110 132 1 3.36054 1
110 152 1 1.11512 1
110 126 1 -0.412285 1
110 20 1 0.854649 1
110 16 1 0.559416 1
132 111 1 2.51811 1
111 95 1 1.59484 1
4 64 1 2.63005 1
4 65 1 -0.1094 1
4 66 1 -0.806512 1
4 67 1 5.36807 1
4 68 1 0.96163 1
4 69 1 2.79989 1
4 70 1 -0.721675 1
4 71 1 0.163393 1
4 72 1 -1.69539 1
4 73 1 -1.62692 0
4 74 1 -0.031122 1
4 75 1 -6.99585 0
4 76 1 0.389402 1
4 77 1 3.26738 1
4 78 1 -0.745759 1
4 79 1 0.560437 1
4 80 1 -6.11171 1
4 81 1 2.63469 1
4 82 1 0.556766 1
4 83 1 -1.59968 1
4 84 1 -2.9906 1
4 85 1 2.00484 1
4 86 1 1.32139 1
4 87 1 -2.77045 1
4 88 1 -2.76495 1
4 89 1 -3.13789 1
4 90 1 3.86281 1
4 91 1 -1.78349 1
4 92 1 -1.34299 1
4 93 1 1.1917 0
4 94 1 -3.26076 1
4 95 1 1.89013 1
4 101 1 2.97443 1
4 17 1 5.10268 1
4 118 1 2.19814 1
4 145 1 1.03141 1
4 119 1 -0.941162 1
145 93 1 0.294043 1
118 73 1 -6.09679 1
101 75 1 1.99542 1
5 64 1 -2.86582 1
5 65 1 6.72941 1
5 66 1 -2.33718 1
5 67 1 10.0207 1
5 68 1 2.90361 1
5 69 1 3.71683 1
5 70 1 1.61509 1
5 71 1 -1.5546 1
5 72 1 -0.768377 1
5 73 1 -1.88654 1
5 74 1 -1.97682 1
5 75 1 3.90824 1
5 76 1 2.30387 1
5 77 1 1.58459 1
5 78 1 -1.19468 1
5 79 1 0.798777 1
5 80 1 1.6853 1
5 81 1 -0.862633 1
5 82 1 -0.880485 1
5 83 1 5.58393 1
5 84 1 2.74151 1
5 85 1 2.75564 1
5 86 1 0.869711 1
5 87 1 -0.204515 1
5 88 1 1.02757 1
5 89 1 -3.4427 1
5 90 1 -1.38628 1
5 91 1 -1.22866 1
5 92 1 -2.92195 1
5 93 1 -0.196595 1
5 94 1 -2.21992 1
5 95 1 -1.21945 1
5 28 1 3.35921 1
6 64 1 -0.586529 1
6 65 1 -1.83252 1
6 66 1 2.05558 1
6 67 1 2.83483 1
6 68 1 -2.8245 1
6 69 1 -3.18088 1
6 70 1 -5.29952 1
6 71 1 -0.201828 1
6 72 1 2.73469 1
6 73 1 -4.16614 1
6 74 1 -3.50013 1
6 75 1 2.60051 1
6 76 1 5.34012 1
6 77 1 -3.10527 1
6 78 1 0.0275624 1
6 79 1 -4.51127 1
6 80 1 3.30068 1
6 81 1 -1.79443 1
6 82 1 1.46821 1
6 83 1 3.19138 1
6 84 1 3.14984 1
6 85 1 -6.90363 1
6 86 1 -1.00209 1
6 87 1 5.61844 1
6 88 1 -2.16349 1
6 89 1 -2.19989 1
6 90 1 3.70513 1
6 91 1 1.11756 1
6 92 1 5.84525 1
6 93 1 -4.25301 1
6 94 1 -2.21518 1
6 95 1 2.82879 1
6 26 1 1.54431 1
7 64 1 2.03735 1
7 65 1 2.27108 1
7 66 1 1.18827 1
7 67 1 -5.58838 1
7 68 1 -3.80948 1
7 69 1 -3.35536 1
7 70 1 5.93819 1
7 71 1 4.53272 1
7 72 1 4.36931 1
7 73 1 -2.0976 1
7 74 1 0.131582 1
7 75 1 -0.553719 0
7 76 1 0.603037 1
7 77 1 3.25002 1
7 78 1 2.95934 1
7 79 1 1.77096 1
7 80 1 -1.18288 1
7 81 1 2.26042 1
7 82 1 -5.29277 0
7 83 1 0.452887 0
7 84 1 -3.65788 1
7 85 1 3.64926 1
7 86 1 -0.162576 1
7 87 1 3.77418 1
7 88 1 -2.67769 1
7 89 1 -1.95729 1
7 90 1 1.65501 1
7 91 1 -3.46141 1
7 92 1 -0.461229 1
7 93 1 -1.07442 1
7 94 1 0.133721 1
7 95 1 1.79396 1
7 100 1 -0.220245 1
7 127 1 3.29186 1
7 164 1 0.871446 1
164 75 1 0.194941 1
127 82 1 -5.00011 0
127 169 1 0.308529 1
127 150 1 1.48653 1
169 82 1 -4.40225 1
100 83 1 3.63298 0
100 24 1 -1.29869 0
100 106 1 2.39782 1
100 166 1 0.110842 1
166 83 1 3.12175 1
106 24 1 -8.82259 1
106 6 1 -3.03835 1
8 64 1 1.90914 1
8 65 1 -2.38865 1
8 66 1 -0.852665 1
8 67 1 -1.28624 1
8 68 1 -3.19179 1
8 69 1 4.05455 1
8 70 1 1.46068 1
8 71 1 2.93861 1
8 72 1 4.52589 1
8 73 1 -3.60796 1
8 74 1 -3.34549 1
8 75 1 -2.41981 1
8 76 1 2.49399 1
8 77 1 2.66336 1
8 78 1 0.595849 1
8 79 1 -2.11286 1
8 80 1 0.910492 1
8 81 1 -1.76338 1
8 82 1 -1.25988 1
8 83 1 -3.40409 1
8 84 1 2.87165 1
8 85 1 8.44522 1
8 86 1 6.09604 1
8 87 1 2.78075 1
8 88 1 0.528851 1
8 89 1 5.2684 1
8 90 1 1.37948 1
8 91 1 -2.61254 1
8 92 1 1.77943 1
8 93 1 4.6294 1
8 94 1 5.95055 1
8 95 1 -1.71041 1
8 17 1 0.113812 1
9 64 1 -3.99319 1
9 65 1 -2.25293 1
9 66 1 1.99883 1
9 67 1 0.707386 1
9 68 1 -1.2113 1
9 69 1 -0.624045 1
9 70 1 -7.7693 1
9 71 1 -1.86494 1
9 72 1 2.22602 1
9 73 1 -2.50916 1
9 74 1 0.282631 1
9 75 1 1.63518 1
9 76 1 2.79713 1
9 77 1 0.521582 1
9 78 1 2.91314 1
9 79 1 0.517648 0
9 80 1 -1.72118 1
9 81 1 1.55624 1
9 82 1 -2.22241 1
9 83 1 -2.44968 1
9 84 1 5.2996 1
9 85 1 0.860136 1
9 86 1 0.635086 1
9 87 1 -0.475828 1
9 88 1 3.23148 1
9 89 1 4.4007 1
9 90 1 -0.219018 1
9 91 1 0.0855774 1
9 92 1 -1.82605 1
9 93 1 -1.24079 1
9 94 1 -4.57093 1
9 95 1 0.613908 1
9 103 1 -2.33948 1
9 130 1 -0.146051 1
9 157 1 -0.0759255 1
157 79 1 0.137721 1
157 22 1 -1.34267 1
10 64 1 1.13726 1
10 65 1 -0.816443 1
10 66 1 4.19501 1
10 67 1 -2.11078 1
10 68 1 2.83754 1
10 69 1 -1.71709 1
10 70 1 -0.659968 1
10 71 1 -0.340464 1
10 72 1 5.44217 1
10 73 1 4.10104 1
10 74 1 0.94523 0
10 75 1 1.45677 1
10 76 1 3.95215 1
10 77 1 -0.610359 1
10 78 1 0.0870783 1
10 79 1 -4.37403 1
10 80 1 -3.1453 1
10 81 1 5.62888 1
10 82 1 3.27499 1
10 83 1 0.38276 1
10 84 1 7.41763 1
10 85 1 1.84604 1
10 86 1 -3.08917 1
10 87 1 -2.4972 1
10 88 1 2.52638 1
10 89 1 0.849503 1
10 90 1 0.133231 1
10 91 1 2.40597 1
10 92 1 -1.42709 1
10 93 1 -0.325074 1
10 94 1 4.05145 1
10 95 1 4.62397 0
10 124 1 3.24857 1
10 165 1 -0.668803 1
165 95 1 5.20081 1
165 133 1 0.852971 1
124 74 1 -1.53288 1
124 12 1 2.24291 0
124 171 1 -1.00916 1
171 12 1 1.79751 1
11 64 1 3.31116 1
11 65 1 1.7253 1
11 66 1 4.00578 1
11 67 1 -2.53442 1
11 68 1 1.54905 1
11 69 1 1.66409 1
11 70 1 3.7965 1
11 71 1 0.737285 1
11 72 1 -8.57888 1
11 73 1 0.746849 1
11 74 1 0.0740101 0
11 75 1 -2.53675 1
11 76 1 -2.03679 1
11 77 1 -0.074109 1
11 78 1 -1.65539 1
11 79 1 -0.00247482 1
11 80 1 -1.14988 1
11 81 1 2.44722 1
11 82 1 4.71518 0
11 83 1 4.01734 1
11 84 1 1.14668 1
11 85 1 -1.58362 1
11 86 1 -4.75082 1
11 87 1 0.113974 1
11 88 1 -6.89226 1
11 89 1 2.72275 1
11 90 1 0.825758 1
11 91 1 -2.57435 1
11 92 1 -1.47124 1
11 93 1 2.78099 1
11 94 1 -3.54227 1
11 95 1 -6.24636 1
11 120 1 -6.38091 1
11 109 1 -1.48958 1
11 154 1 2.40417 1
11 8 1 -1.46565 1
11 112 1 3.62507 1
154 82 1 4.24819 1
120 74 1 -2.77314 1
120 13 1 0.421263 0
120 150 1 4.11974 1
150 13 1 2.24739 0
150 163 1 3.54931 1
163 13 1 1.36639 1
12 64 1 -2.08746 1
12 65 1 -1.48417 0
12 66 1 -0.190657 1
12 67 1 -3.57834 1
12 68 1 1.14241 1
12 69 1 1.8941 1
12 70 1 0.991321 1
12 71 1 -2.27021 1
12 72 1 3.49545 1
12 73 1 -3.51439 1
12 74 1 -2.93782 1
12 75 1 -0.240967 1
12 76 1 -2.1453 1
12 77 1 2.26302 1
12 78 1 -1.50917 1
12 79 1 -2.08609 1
12 80 1 -1.75017 1
12 81 1 -2.28219 1
12 82 1 5.12267 1
12 83 1 0.813716 1
12 84 1 2.81772 1
12 85 1 0.807766 1
12 86 1 -4.48787 1
12 87 1 -3.7731 1
12 88 1 -1.25629 1
12 89 1 1.31011 1
12 90 1 -0.159406 1
12 91 1 -2.82133 1
12 92 1 1.72179 1
12 93 1 -1.58194 1
12 94 1 2.47935 1
12 95 1 -3.19308 1
12 17 1 1.3669 1
12 18 1 0.365653 1
12 144 1 -1.90632 1
12 167 1 1.84555 1
12 11 1 -0.831948 1
167 65 1 -2.56829 1
167 12 1 1.26016 1
13 64 1 -0.413409 1
13 65 1 -2.20198 1
13 66 1 -1.32958 1
13 67 1 -0.143273 1
13 68 1 3.98674 1
13 69 1 -3.90058 1
13 70 1 -1.17885 1
13 71 1 0.796645 1
13 72 1 0.554517 1
13 73 1 0.235014 1
13 74 1 -0.685095 1
13 75 1 -2.09447 1
13 76 1 -0.673221 1
13 77 1 -2.33429 1
13 78 1 3.48007 1
13 79 1 3.61662 1
13 80 1 -0.263911 1
13 81 1 1.93003 1
13 82 1 3.4482 1
13 83 1 4.14566 1
13 84 1 -5.93832 1
13 85 1 5.92099 1
13 86 1 5.22154 1
13 87 1 5.51843 1
13 88 1 3.41056 1
13 89 1 0.0943986 1
13 90 1 -4.59387 1
13 91 1 -5.11572 1
13 92 1 -3.29556 1
13 93 1 -3.39327 1
13 94 1 0.0855529 1
13 95 1 -4.03819 1
14 64 1 0.495056 1
14 65 1 5.20369 1
14 66 1 -0.0720794 1
14 67 1 3.13542 1
14 68 1 -1.3852 1
14 69 1 2.06894 1
14 70 1 0.0483477 1
14 71 1 1.00498 1
14 72 1 5.01366 1
14 73 1 2.01023 1
14 74 1 0.450421 1
14 75 1 2.27882 1
14 76 1 -4.99711 1
14 77 1 0.314111 1
14 78 1 -1.60797 1
14 79 1 -0.696611 1
14 80 1 -0.123526 1
14 81 1 2.06715 0
14 82 1 4.72272 1
14 83 1 -0.84712 1
14 84 1 -0.771219 1
14 85 1 -2.1633 1
14 86 1 3.5132 1
14 87 1 -0.43025 1
14 88 1 -3.04479 1
14 89 1 1.0012 1
14 90 1 0.16091 1
14 91 1 4.30229 1
14 92 1 4.34313 1
14 93 1 2.87442 1
14 94 1 6.05783 1
14 95 1 1.62477 1
14 104 1 -0.215523 1
14 119 1 0.810871 1
14 126 1 1.5107 1
119 81 1 5.23301 1
119 99 1 0.686619 1
15 64 1 0.00652063 1
15 65 1 2.27704 1
15 66 1 -2.44379 1
15 67 1 -1.99511 1
15 68 1 1.71304 1
15 69 1 -3.35457 1
15 70 1 7.7316 1
15 71 1 -2.38575 1
15 72 1 -1.3736 1
15 73 1 1.2901 1
15 74 1 1.02467 1
15 75 1 -0.853662 1
15 76 1 0.375995 1
15 77 1 2.02008 1
15 78 1 -3.81693 1
15 79 1 1.47817 1
15 80 1 4.71227 1
15 81 1 -0.591483 1
15 82 1 -3.90258 1
15 83 1 0.655919 1
15 84 1 1.78993 1
15 85 1 -2.023 1
15 86 1 2.4052 1
15 87 1 -6.66854 1
15 88 1 1.69091 1
15 89 1 4.68161 1
15 90 1 0.381752 1
15 91 1 -3.69651 1
15 92 1 0.689369 1
15 93 1 -0.565555 1
15 94 1 -0.679554 1
15 95 1 -2.40143 1
15 20 1 -2.34736 1
16 64 1 2.45132 1
16 65 1 -2.89316 1
16 66 1 -1.67042 1
16 67 1 -4.46097 1
16 68 1 0.980483 1
16 69 1 0.173941 1
16 70 1 2.57258 1
16 71 1 5.38659 1
16 72 1 -0.717695 1
16 73 1 -1.88943 1
16 74 1 0.972191 1
16 75 1 2.19482 1
16 76 1 1.98233 1
16 77 1 2.46622 1
16 78 1 -1.34374 1
16 79 1 -2.70671 0
16 80 1 2.32277 1
16 81 1 2.03023 1
16 82 1 -3.37849 1
16 83 1 2.03363 1
16 84 1 -0.000596261 1
16 85 1 0.158122 1
16 86 1 2.12683 1
16 87 1 -0.86119 1
16 88 1 2.79027 1
16 89 1 1.02229 1
16 90 1 -3.99383 1
16 91 1 4.10288 1
16 92 1 3.65745 1
16 93 1 -2.36345 1
16 94 1 -0.363637 1
16 95 1 -3.40538 1
16 26 1 -0.468644 1
16 151 1 2.4231 1
16 144 1 -1.05418 1
151 79 1 0.0728847 1
17 64 1 -1.5497 1
17 65 1 -0.377691 1
17 66 1 0.0436801 1
17 67 1 3.74348 1
17 68 1 0.533809 1
17 69 1 0.84105 1
17 70 1 0.355168 1
17 71 1 4.63755 1
17 72 1 -5.29019 0
17 73 1 1.03536 1
17 74 1 3.24221 1
17 75 1 -0.790735 1
17 76 1 -1.59869 1
17 77 1 2.6919 1
17 78 1 -2.83074 1
17 79 1 -4.41867 1
17 80 1 4.71146 1
17 81 1 2.47355 1
17 82 1 1.39437 1
17 83 1 -1.69006 1
17 84 1 0.0820352 1
17 85 1 3.49425 1
17 86 1 -0.700275 1
17 87 1 -2.83052 1
17 88 1 -6.78223 1
17 89 1 0.623209 1
17 90 1 -3.07685 1
17 91 1 4.47755 1
17 92 1 0.826696 1
17 93 1 1.9291 1
17 94 1 2.62836 1
17 95 1 1.57106 1
17 146 1 2.75374 1
146 72 1 -4.75315 0
146 30 1 -0.525706 1
146 177 1 0.0843409 1
177 72 1 -4.45286 1
18 64 1 0.684333 1
18 65 1 -3.75421 1
18 66 1 2.46084 1
18 67 1 2.46879 1
18 68 1 -4.10832 1
18 69 1 -1.37387 0
18 70 1 4.52806 1
18 71 1 -0.76 1
18 72 1 0.815636 1
18 73 1 -0.21725 1
18 74 1 2.91223 1
18 75 1 -3.50908 1
18 76 1 2.90879 1
18 77 1 -0.811634 1
18 78 1 1.52174 1
18 79 1 3.97443 1
18 80 1 -6.59734 1
18 81 1 4.38622 1
18 82 1 -4.33669 1
18 83 1 2.83583 1
18 84 1 -5.96557 1
18 85 1 3.13397 1
18 86 1 6.02504 1
18 87 1 -4.89501 1
18 88 1 1.73835 1
18 89 1 -2.55129 1
18 90 1 -0.374137 1
18 91 1 -0.321698 1
18 92 1 -4.3917 1
18 93 1 2.69887 1
18 94 1 0.0169097 1
18 95 1 0.175945 1
18 25 1 -3.13079 1
18 18 1 -1.6229 1
18 139 1 2.19504 1
18 182 1 0.657628 1
182 69 1 -1.04583 1
19 64 1 6.27698 1
19 65 1 -0.944787 1
19 66 1 6.81055 1
19 67 1 -1.67136 1
19 68 1 -1.66884 1
19 69 1 2.18068 1
19 70 1 -1.11138 1
19 71 1 1.12868 1
19 72 1 3.11744 1
19 73 1 0.546752 1
19 74 1 1.13384 1
19 75 1 -0.48486 1
19 76 1 -5.52493 1
19 77 1 0.39188 1
19 78 1 0.285882 1
19 79 1 5.4881 1
19 80 1 -0.664768 1
19 81 1 -2.74211 1
19 82 1 -0.445518 1
19 83 1 -2.26681 1
19 84 1 2.42144 1
19 85 1 3.10158 1
19 86 1 -1.94256 1
19 87 1 3.27668 1
19 88 1 0.625365 1
19 89 1 5.87135 1
19 90 1 -0.359051 1
19 91 1 -1.73727 1
19 92 1 -0.402097 1
19 93 1 -3.91314 1
19 94 1 -1.47006 1
19 95 1 -7.53353 1
20 64 1 1.58164 1
20 65 1 -0.866047 1
20 66 1 -2.44384 1
20 67 1 -1.67579 1
20 68 1 0.750298 1
20 69 1 -0.261177 1
20 70 1 -4.18698 1
20 71 1 4.59729 1
20 72 1 -0.726114 1
20 73 1 2.82079 1
20 74 1 3.89119 1
20 75 1 3.74768 1
20 76 1 -0.69767 1
20 77 1 -3.0638 1
20 78 1 2.50738 1
20 79 1 0.911197 1
20 80 1 1.02772 1
20 81 1 0.640764 1
20 82 1 4.75762 1
20 83 1 0.538592 1
20 84 1 4.53111 1
20 85 1 -2.72033 1
20 86 1 -0.381022 1
20 87 1 1.26668 1
20 88 1 1.57986 1
20 89 1 1.01352 1
20 90 1 0.837089 1
20 91 1 2.40506 0
20 92 1 3.41331 1
20 93 1 2.531 0
20 94 1 2.27481 0
20 95 1 1.96001 1
20 96 1 -1.71154 1
20 98 1 2.4437 1
20 103 1 1.84423 1
20 109 1 -0.377568 1
103 91 1 2.22551 0
103 105 1 3.46794 1
103 112 1 -1.16553 0
103 123 1 -1.61718 1
103 140 1 -2.85509 1
140 112 1 0.805719 1
123 91 1 -0.891317 1
123 113 1 -0.908951 0
123 136 1 1.48455 1
123 137 1 0.222364 1
136 113 1 -1.24564 1
136 6 1 -1.46108 1
105 91 1 3.65796 0
105 129 1 0.604454 1
129 91 1 1.27663 0
129 135 1 4.98908 1
129 116 1 -1.12989 1
135 91 1 -1.06279 1
98 93 1 2.8986 1
98 99 1 6.75032 1
98 15 1 1.65772 1
96 94 1 1.55476 1
96 20 1 -0.525563 0
96 155 1 2.63166 1
96 25 1 1.56729 1
155 20 1 -1.5241 0
155 30 1 1.15698 1
155 176 1 -0.617308 1
176 20 1 -1.08501 1
21 64 1 3.69754 1
21 65 1 5.49341 1
21 66 1 -5.29401 1
21 67 1 -4.46152 1
21 68 1 0.0983278 1
21 69 1 0.929978 1
21 70 1 1.13513 1
21 71 1 -6.91291 1
21 72 1 -7.91886 1
21 73 1 -2.03399 1
21 74 1 -2.76939 1
21 75 1 2.33705 1
21 76 1 -2.64557 1
21 77 1 -2.6034 1
21 78 1 -0.401385 1
21 79 1 -2.5328 1
21 80 1 -0.361115 1
21 81 1 -2.06892 1
21 82 1 1.09837 1
21 83 1 -3.09263 1
21 84 1 8.05463 1
21 85 1 0.868583 1
21 86 1 2.48654 1
21 87 1 -0.154894 1
21 88 1 4.69821 1
21 89 1 1.3987 1
21 90 1 -0.989899 1
21 91 1 1.60291 0
21 92 1 3.54306 1
21 93 1 2.08089 1
21 94 1 -2.50841 1
21 95 1 0.19723 1
21 143 1 5.80402 1
143 91 1 -1.91838 1
22 64 1 1.15696 1
22 65 1 0.180925 1
22 66 1 1.5766 1
22 67 1 5.50939 1
22 68 1 1.04764 1
22 69 1 -1.80181 1
22 70 1 -1.49679 1
22 71 1 -0.157054 1
22 72 1 -4.63626 1
22 73 1 0.837205 1
22 74 1 -5.27077 1
22 75 1 -0.0823594 1
22 76 1 0.690871 1
22 77 1 -1.05159 1
22 78 1 3.41107 1
22 79 1 6.10158 1
22 80 1 1.90093 1
22 81 1 -4.54766 1
22 82 1 1.97303 1
22 83 1 -1.18198 1
22 84 1 -1.69179 1
22 85 1 2.52241 1
22 86 1 -0.354739 1
22 87 1 5.01451 1
22 88 1 -3.43779 1
22 89 1 -0.487338 1
22 90 1 0.834867 1
22 91 1 1.38408 1
22 92 1 1.75149 1
22 93 1 2.88591 1
22 94 1 6.71835 1
22 95 1 0.291915 1
23 64 1 -1.34565 1
23 65 1 1.50638 1
23 66 1 3.80063 1
23 67 1 3.39736 1
23 68 1 -3.85674 1
23 69 1 3.02227 1
23 70 1 2.81888 1
23 71 1 -4.25887 1
23 72 1 -0.795223 1
23 73 1 -1.38403 1
23 74 1 4.09013 1
23 75 1 2.03634 1
23 76 1 2.04175 1
23 77 1 3.10472 1
23 78 1 0.785557 0
23 79 1 -5.92493 1
23 80 1 2.07414 1
23 81 1 1.99093 1
23 82 1 -4.23291 1
23 83 1 -0.812494 1
23 84 1 2.46982 1
23 85 1 -3.03405 1
23 86 1 -12.5124 1
23 87 1 -0.403099 1
23 88 1 1.11042 1
23 89 1 -3.39805 1
23 90 1 -6.23674 1
23 91 1 -2.31248 1
23 92 1 3.33783 1
23 93 1 4.53787 1
23 94 1 -3.3329 1
23 95 1 0.477272 1
23 107 1 -0.0927451 1
23 27 1 0.985268 1
23 178 1 1.15677 1
178 78 1 0.318568 1
24 64 1 -2.16422 1
24 65 1 3.00822 1
24 66 1 -0.855039 1
24 67 1 7.22363 1
24 68 1 -4.69599 1
24 69 1 3.01846 0
24 70 1 1.32986 1
24 71 1 5.18876 1
24 72 1 1.74248 1
24 73 1 1.6505 1
24 74 1 -0.635907 1
24 75 1 0.823655 1
24 76 1 -4.46527 1
24 77 1 -0.543878 1
24 78 1 -7.29302 1
24 79 1 0.860233 1
24 80 1 5.52697 1
24 81 1 4.35876 1
24 82 1 -1.84972 1
24 83 1 -1.79541 1
24 84 1 -4.74938 1
24 85 1 0.139788 1
24 86 1 -4.07368 1
24 87 1 3.67574 1
24 88 1 0.115481 1
24 89 1 9.64786 1
24 90 1 4.8209 1
24 91 1 -1.91016 1
24 92 1 -0.0788263 1
24 93 1 -0.371893 1
24 94 1 -0.152416 1
24 95 1 -5.28895 1
24 5 1 2.22089 1
24 168 1 -0.461008 1
168 69 1 4.28944 1
168 172 1 1.02411 1
25 64 1 -2.73948 1
25 65 1 1.66546 1
25 66 1 -1.07274 1
25 67 1 -3.0451 1
25 68 1 1.60834 1
25 69 1 -6.4526 1
25 70 1 -0.502714 0
25 71 1 -3.4129 1
25 72 1 2.05075 1
25 73 1 2.81478 1
25 74 1 2.23798 1
25 75 1 -3.27531 1
25 76 1 0.459513 1
25 77 1 -1.91547 1
25 78 1 3.28401 1
25 79 1 0.698262 1
25 80 1 -0.526979 1
25 81 1 -0.410131 1
25 82 1 -1.83857 1
25 83 1 1.21637 1
25 84 1 -0.0300131 1
25 85 1 -1.75533 1
25 86 1 4.84557 1
25 87 1 -0.231934 1
25 88 1 -1.18637 1
25 89 1 -2.54253 1
25 90 1 -3.84865 1
25 91 1 4.23514 1
25 92 1 3.63522 1
25 93 1 -1.33082 1
25 94 1 -2.80444 0
25 95 1 -3.51937 1
25 8 1 1.00293 1
25 6 1 -1.02984 1
25 121 1 0.58335 1
25 175 1 0.924657 1
175 94 1 -3.54139 1
121 70 1 6.69284 1
26 64 1 -2.24056 1
26 65 1 2.10067 1
26 66 1 -1.74541 1
26 67 1 1.88731 1
26 68 1 -1.10022 1
26 69 1 1.28886 1
26 70 1 -0.385725 1
26 71 1 1.18099 1
26 72 1 -3.23937 1
26 73 1 0.534688 1
26 74 1 -9.1313 1
26 75 1 2.99082 1
26 76 1 1.54276 1
26 77 1 -4.94871 1
26 78 1 1.27104 1
26 79 1 0.0681854 1
26 80 1 -3.95747 1
26 81 1 4.86398 1
26 82 1 3.21915 1
26 83 1 1.43194 1
26 84 1 -5.36614 1
26 85 1 -0.20909 1
26 86 1 -4.92369 1
26 87 1 1.94433 1
26 88 1 -4.83692 1
26 89 1 2.07076 1
26 90 1 -2.68739 1
26 91 1 -2.84594 1
26 92 1 -0.308015 1
26 93 1 -1.83855 1
26 94 1 1.46424 1
26 95 1 0.989423 1
26 23 1 5.16965 1
26 15 1 1.7315 1
26 161 1 -0.187338 1
27 64 1 -2.17879 1
27 65 1 6.90491 1
27 66 1 2.94741 1
27 67 1 0.0474834 1
27 68 1 3.41927 1
27 69 1 1.73476 1
27 70 1 5.14593 1
27 71 1 -6.64519 1
27 72 1 0.158235 1
27 73 1 2.14659 1
27 74 1 -3.60887 1
27 75 1 3.13105 1
27 76 1 -2.61582 1
27 77 1 1.62409 1
27 78 1 2.67994 1
27 79 1 1.46608 1
27 80 1 -0.852651 1
27 81 1 -2.58557 1
27 82 1 2.08035 1
27 83 1 -0.477138 1
27 84 1 3.02904 1
27 85 1 -1.10302 1
27 86 1 -4.2665 1
27 87 1 -1.97295 1
27 88 1 -8.29059 1
27 89 1 -5.14188 1
27 90 1 6.439 1
27 91 1 -2.58612 1
27 92 1 0.583472 1
27 93 1 0.18944 1
27 94 1 0.0748082 0
27 95 1 -0.650919 1
27 9 1 4.90163 1
27 5 1 0.948037 1
27 186 1 1.03933 1
186 94 1 -0.249335 1
28 64 1 2.14001 1
28 65 1 -0.0740437 1
28 66 1 -0.859867 1
28 67 1 5.06899 1
28 68 1 5.16527 1
28 69 1 1.67762 1
28 70 1 -2.03703 1
28 71 1 1.37915 1
28 72 1 -7.48991 1
28 73 1 0.240615 1
28 74 1 -2.40247 1
28 75 1 2.03817 1
28 76 1 0.550087 1
28 77 1 2.53546 1
28 78 1 -3.80772 1
28 79 1 2.11925 1
28 80 1 1.71452 1
28 81 1 -0.621268 1
28 82 1 4.05015 1
28 83 1 1.53305 1
28 84 1 4.07877 1
28 85 1 -4.93197 1
28 86 1 -2.53918 1
28 87 1 1.99423 1
28 88 1 -5.22479 1
28 89 1 1.20651 1
28 90 1 -2.48703 1
28 91 1 2.02755 1
28 92 1 5.33841 1
28 93 1 -1.98982 1
28 94 1 6.09229 1
28 95 1 -1.68001 1
29 64 1 -0.535956 1
29 65 1 2.88173 1
29 66 1 -1.7572 1
29 67 1 3.87736 1
29 68 1 -8.6524 1
29 69 1 2.03032 1
29 70 1 -2.91007 1
29 71 1 -0.986985 1
29 72 1 1.62857 1
29 73 1 1.00481 1
29 74 1 -2.99983 1
29 75 1 -0.779984 1
29 76 1 -0.398587 1
29 77 1 1.81692 1
29 78 1 -5.28287 1
29 79 1 -2.64952 1
29 80 1 1.90835 1
29 81 1 2.14089 1
29 82 1 1.12171 1
29 83 1 0.981072 1
29 84 1 -0.998666 1
29 85 1 -1.28873 1
29 86 1 -3.54706 1
29 87 1 -2.53154 1
29 88 1 -2.50342 1
29 89 1 -2.04168 1
29 90 1 0.338262 1
29 91 1 1.46944 1
29 92 1 1.49927 1
29 93 1 0.0716752 1
29 94 1 -1.11407 1
29 95 1 1.86815 1
29 113 1 1.12254 1
30 64 1 -1.46332 1
30 65 1 6.19797 1
30 66 1 4.3928 1
30 67 1 -1.90547 1
30 68 1 1.34803 1
30 69 1 1.0135 1
30 70 1 5.21372 1
30 71 1 -1.18765 1
30 72 1 -2.62274 1
30 73 1 3.88953 1
30 74 1 -1.09987 1
30 75 1 1.45846 1
30 76 1 2.96296 1
30 77 1 -1.38462 1
30 78 1 4.39958 1
30 79 1 4.58614 1
30 80 1 -3.24085 1
30 81 1 -0.68724 1
30 82 1 6.70546 1
30 83 1 2.15462 1
30 84 1 2.05967 1
30 85 1 -2.34065 1
30 86 1 -1.39886 1
30 87 1 -3.27997 1
30 88 1 0.71182 1
30 89 1 -1.93782 1
30 90 1 -0.890689 1
30 91 1 4.16376 1
30 92 1 -0.264981 1
30 93 1 1.36615 1
30 94 1 1.93953 1
30 95 1 -2.97731 1
30 28 1 0.895948 1
31 64 1 1.97029 1
31 65 1 -4.50274 1
31 66 1 -4.69301 1
31 67 1 8.59337 1
31 68 1 5.56981 1
31 69 1 1.09094 1
31 70 1 0.127265 1
31 71 1 2.25615 1
31 72 1 -2.36023 1
31 73 1 0.577564 1
31 74 1 3.29164 1
31 75 1 -0.215972 1
31 76 1 -2.66897 1
31 77 1 0.061871 1
31 78 1 -4.21383 1
31 79 1 -0.0424081 1
31 80 1 -0.403518 1
31 81 1 -1.41276 1
31 82 1 -0.0718596 1
31 83 1 -0.92817 1
31 84 1 -3.98613 1
31 85 1 -4.38587 1
31 86 1 1.347 1
31 87 1 -4.62107 0
31 88 1 1.88691 1
31 89 1 -1.99266 1
31 90 1 -1.04609 1
31 91 1 -3.7185 1
31 92 1 0.433644 1
31 93 1 -0.721811 1
31 94 1 3.39214 1
31 95 1 -0.901357 1
31 122 1 1.56373 1
31 10 1 -1.07819 1
31 117 1 -1.50705 1
122 87 1 -0.687752 1
32 64 1 6.25972 1
32 65 1 2.01338 1
32 66 1 -3.42114 1
32 67 1 2.01712 1
32 68 1 1.12619 1
32 69 1 4.5305 1
32 70 1 -0.65186 1
32 71 1 3.40597 1
32 72 1 -2.23527 1
32 73 1 1.80676 1
32 74 1 -0.0929346 1
32 75 1 5.73145 1
32 76 1 0.708575 1
32 77 1 3.63293 1
32 78 1 0.449581 1
32 79 1 -0.892015 1
32 80 1 -0.653867 1
32 81 1 -0.350583 1
32 82 1 -3.27186 1
32 83 1 -2.96841 1
32 84 1 2.06418 1
32 85 1 -2.91327 1
32 86 1 0.280355 1
32 87 1 -1.88105 1
32 88 1 -0.0190005 1
32 89 1 -0.402722 1
32 90 1 2.8345 1
32 91 1 -4.49919 1
32 92 1 4.47235 1
32 93 1 2.60735 1
32 94 1 -2.12859 1
32 95 1 -0.272586 1
33 64 1 1.33293 1
33 65 1 -3.58342 1
33 66 1 -1.74921 1
33 67 1 -1.478 1
33 68 1 -1.2901 1
33 69 1 -3.50107 1
33 70 1 3.9736 1
33 71 1 4.30026 1
33 72 1 3.49471 1
33 73 1 3.38542 1
33 74 1 1.07697 1
33 75 1 -7.48935 1
33 76 1 -4.94744 1
33 77 1 2.36316 1
33 78 1 -1.49248 1
33 79 1 -4.42927 1
33 80 1 1.34283 1
33 81 1 -3.50274 1
33 82 1 -1.80316 1
33 83 1 0.931145 1
33 84 1 -1.30146 1
33 85 1 0.363507 1
33 86 1 4.42674 1
33 87 1 1.97755 1
33 88 1 2.96924 1
33 89 1 5.05679 1
33 90 1 -3.37696 1
33 91 1 -2.56314 1
33 92 1 1.91018 1
33 93 1 2.96785 1
33 94 1 3.80113 1
33 95 1 1.2079 1
33 20 1 0.291282 1
33 107 1 -0.924923 1
33 13 1 0.732819 1
33 113 1 -2.54516 1
34 64 1 -0.71184 1
34 65 1 -1.86036 1
34 66 1 3.87542 1
34 67 1 0.960533 1
34 68 1 -1.8892 1
34 69 1 -1.86935 1
34 70 1 -2.15513 1
34 71 1 -3.05222 1
34 72 1 -3.94396 1
34 73 1 -3.7609 1
34 74 1 4.19443 1
34 75 1 6.08178 1
34 76 1 -3.09962 1
34 77 1 -0.827812 1
34 78 1 -1.04495 1
34 79 1 0.708925 1
34 80 1 3.79871 1
34 81 1 -1.95647 1
34 82 1 2.44826 1
34 83 1 1.75692 1
34 84 1 0.191922 1
34 85 1 -1.91421 1
34 86 1 -1.07397 1
34 87 1 -1.55365 1
34 88 1 -0.0739107 1
34 89 1 -0.42945 1
34 90 1 -6.42792 1
34 91 1 3.87115 1
34 92 1 3.69341 1
34 93 1 -2.21439 1
34 94 1 4.32686 1
34 95 1 2.08814 1
34 113 1 -1.48639 1
35 64 1 1.36962 1
35 65 1 -2.69789 1
35 66 1 -1.09967 1
35 67 1 5.81443 1
35 68 1 2.37544 1
35 69 1 1.80239 1
35 70 1 2.50524 1
35 71 1 2.14955 1
35 72 1 0.759054 1
35 73 1 6.88764 1
35 74 1 0.34465 1
35 75 1 -2.35647 1
35 76 1 -3.94297 1
35 77 1 1.3181 1
35 78 1 -0.540889 1
35 79 1 3.97497 1
35 80 1 -6.6197 1
35 81 1 -0.216116 1
35 82 1 5.02484 0
35 83 1 -2.066 1
35 84 1 6.48572 1
35 85 1 -4.00107 1
35 86 1 -1.3573 1
35 87 1 -3.66352 1
35 88 1 0.0934112 1
35 89 1 2.87425 0
35 90 1 -1.86542 1
35 91 1 -0.0426023 1
35 92 1 -2.55581 1
35 93 1 -7.22477 1
35 94 1 0.434438 1
35 95 1 0.129895 1
35 130 1 1.96302 1
35 133 1 6.53399 1
133 82 1 1.12372 1
130 89 1 -0.462251 1
130 109 1 0.492873 1
36 64 1 3.17966 1
36 65 1 3.49601 1
36 66 1 2.80321 1
36 67 1 0.107164 1
36 68 1 -5.89514 1
36 69 1 -1.57586 1
36 70 1 -2.88891 1
36 71 1 1.11739 1
36 72 1 -2.58785 1
36 73 1 -0.46063 1
36 74 1 -0.995903 1
36 75 1 0.495548 1
36 76 1 2.09491 1
36 77 1 -4.98504 1
36 78 1 0.951611 1
36 79 1 5.15236 1
36 80 1 4.67968 1
36 81 1 -1.62446 1
36 82 1 0.0138142 0
36 83 1 -0.148077 1
36 84 1 4.0886 1
36 85 1 -2.85979 1
36 86 1 0.172374 1
36 87 1 1.13442 1
36 88 1 -2.41105 1
36 89 1 0.328196 1
36 90 1 -4.38394 1
36 91 1 0.376136 1
36 92 1 5.0412 1
36 93 1 2.19786 1
36 94 1 -2.55063 1
36 95 1 7.62773 1
36 109 1 0.116852 0
36 24 1 -1.6984 1
36 117 1 2.5445 1
117 109 1 1.98203 1
117 4 1 -0.0179503 1
109 82 1 0.110709 1
109 31 1 1.64528 1
37 64 1 -6.01298 1
37 65 1 1.4872 1
37 66 1 -3.41609 1
37 67 1 0.709478 1
37 68 1 -4.64761 1
37 69 1 2.23401 1
37 70 1 -6.59675 1
37 71 1 -1.2903 1
37 72 1 1.3296 1
37 73 1 0.265089 1
37 74 1 0.725842 1
37 75 1 0.291852 1
37 76 1 3.16844 0
37 77 1 1.50945 1
37 78 1 -1.17083 1
37 79 1 1.24196 1
37 80 1 1.5002 1
37 81 1 2.63546 1
37 82 1 1.99911 1
37 83 1 3.87929 1
37 84 1 -4.78991 1
37 85 1 4.47086 1
37 86 1 -1.77802 1
37 87 1 -1.04045 1
37 88 1 -1.48166 1
37 89 1 -3.65593 1
37 90 1 -4.46877 1
37 91 1 0.758414 1
37 92 1 3.89889 1
37 93 1 0.912509 1
37 94 1 -2.50621 1
37 95 1 1.37231 1
37 142 1 1.00278 1
37 160 1 -0.930378 1
142 76 1 -0.557447 1
142 147 1 0.342661 1
142 6 1 0.475285 1
38 64 1 0.561036 1
38 65 1 -1.86122 1
38 66 1 -1.06994 1
38 67 1 -4.50559 1
38 68 1 -1.81736 1
38 69 1 -5.53959 1
38 70 1 -0.266373 1
38 71 1 -0.326369 1
38 72 1 1.92832 1
38 73 1 1.96272 1
38 74 1 -1.93051 1
38 75 1 5.56585 1
38 76 1 2.04764 1
38 77 1 -2.65637 1
38 78 1 -0.55888 1
38 79 1 -0.540133 1
38 80 1 -0.646139 1
38 81 1 -3.01914 1
38 82 1 3.78957 1
38 83 1 -0.938634 1
38 84 1 -1.43468 1
38 85 1 -2.15406 1
38 86 1 -0.703772 1
38 87 1 1.83481 0
38 88 1 3.90253 1
38 89 1 4.91453 1
38 90 1 -1.28626 1
38 91 1 3.12679 1
38 92 1 3.33091 0
38 93 1 0.384263 1
38 94 1 0.617333 1
38 95 1 -2.54328 1
38 148 1 2.855 1
38 162 1 -0.236011 1
162 87 1 1.05331 0
162 185 1 1.25449 1
185 87 1 0.685232 1
148 92 1 2.80112 1
39 64 1 1.56538 1
39 65 1 -1.60465 1
39 66 1 0.455655 1
39 67 1 -1.38537 1
39 68 1 0.756608 1
39 69 1 -0.717715 1
39 70 1 1.03206 1
39 71 1 -1.5775 1
39 72 1 -3.22223 1
39 73 1 -4.44194 1
39 74 1 -0.275835 1
39 75 1 4.16861 0
39 76 1 5.20443 0
39 77 1 -0.158532 1
39 78 1 -3.75328 1
39 79 1 -5.09036 1
39 80 1 -1.17846 1
39 81 1 -1.48279 1
39 82 1 -4.78865 1
39 83 1 -3.15972 1
39 84 1 -3.64122 1
39 85 1 0.233114 1
39 86 1 1.69328 1
39 87 1 1.81173 1
39 88 1 -1.0762 1
39 89 1 0.758284 1
39 90 1 4.74329 1
39 91 1 0.372645 1
39 92 1 6.64935 1
39 93 1 1.13322 1
39 94 1 -5.85854 1
39 95 1 -1.82965 1
39 2 1 -2.63246 1
39 112 1 3.35636 1
39 13 1 -0.441106 1
39 104 1 -0.894075 1
39 172 1 2.59765 1
172 76 1 3.97529 1
172 28 1 0.385535 1
112 75 1 -1.68278 1
112 138 1 -0.898413 1
112 153 1 1.09271 0
112 170 1 0.424034 1
112 113 1 1.20139 1
170 153 1 -2.95978 1
170 126 1 1.852 1
40 64 1 -4.885 1
40 65 1 -0.573123 1
40 66 1 3.14676 1
40 67 1 1.98686 1
40 68 1 0.916129 1
40 69 1 3.93419 1
40 70 1 -0.449284 1
40 71 1 0.659298 1
40 72 1 0.286824 1
40 73 1 1.24664 1
40 74 1 -0.44602 1
40 75 1 1.53488 1
40 76 1 -2.42715 1
40 77 1 3.2721 1
40 78 1 1.83413 1
40 79 1 -1.96919 1
40 80 1 2.94147 1
40 81 1 1.41806 1
40 82 1 0.405474 1
40 83 1 -3.35256 1
40 84 1 -3.60214 1
40 85 1 -0.0899844 1
40 86 1 1.42301 1
40 87 1 -0.172068 1
40 88 1 1.52247 1
40 89 1 -1.24408 1
40 90 1 -0.589747 1
40 91 1 -1.25844 1
40 92 1 -2.63455 1
40 93 1 0.766518 1
40 94 1 0.914946 1
40 95 1 2.99364 1
40 2 1 1.34536 1
40 134 1 2.30529 1
41 64 1 2.90939 1
41 65 1 -0.272336 1
41 66 1 0.721539 1
41 67 1 0.502526 1
41 68 1 2.83961 1
41 69 1 -1.34912 1
41 70 1 1.94005 1
41 71 1 1.26018 1
41 72 1 4.68303 1
41 73 1 -5.84745 1
41 74 1 0.713666 1
41 75 1 3.56044 1
41 76 1 -5.34622 1
41 77 1 1.29507 1
41 78 1 -4.62854 1
41 79 1 1.72471 1
41 80 1 2.87582 1
41 81 1 4.35898 1
41 82 1 -2.09497 1
41 83 1 2.70429 1
41 84 1 -3.03547 1
41 85 1 0.359162 1
41 86 1 0.215065 1
41 87 1 1.39494 1
41 88 1 2.58226 1
41 89 1 -0.842996 1
41 90 1 -0.943524 1
41 91 1 1.22528 1
41 92 1 -0.297113 1
41 93 1 -0.39788 1
41 94 1 -3.4654 1
41 95 1 0.455811 1
41 11 1 0.541397 1
41 29 1 -3.46867 1
41 97 1 -2.14975 1
42 64 1 2.41512 1
42 65 1 0.249771 1
42 66 1 -1.33049 1
42 67 1 2.52952 1
42 68 1 -2.91345 1
42 69 1 -1.21092 1
42 70 1 0.809212 1
42 71 1 0.280377 1
42 72 1 -2.23932 1
42 73 1 -1.28167 1
42 74 1 3.87386 1
42 75 1 -2.81941 1
42 76 1 -4.11159 1
42 77 1 -2.48915 1
42 78 1 0.524592 1
42 79 1 2.04978 1
42 80 1 -0.56937 1
42 81 1 3.43952 1
42 82 1 2.94582 1
42 83 1 2.53903 1
42 84 1 -0.299378 1
42 85 1 -0.443831 1
42 86 1 2.42041 1
42 87 1 -3.6413 1
42 88 1 -2.82611 1
42 89 1 -1.79801 1
42 90 1 2.39385 1
42 91 1 1.9076 1
42 92 1 1.44871 1
42 93 1 1.54652 1
42 94 1 -3.60969 1
42 95 1 -1.02731 1
43 64 1 1.49641 1
43 65 1 -2.53976 1
43 66 1 4.47562 1
43 67 1 0.746235 1
43 68 1 0.5227 1
43 69 1 -3.41868 1
43 70 1 0.237109 1
43 71 1 -5.06698 1
43 72 1 0.490651 1
43 73 1 -8.9759 1
43 74 1 3.19726 1
43 75 1 -4.67802 1
43 76 1 -2.14616 1
43 77 1 1.11616 1
43 78 1 0.954272 1
43 79 1 -4.0604 1
43 80 1 -0.568346 1
43 81 1 3.05459 1
43 82 1 2.09028 1
43 83 1 -2.29449 1
43 84 1 -1.90821 1
43 85 1 2.72005 1
43 86 1 3.57797 1
43 87 1 5.89611 1
43 88 1 2.55403 1
43 89 1 2.89401 1
43 90 1 -0.514445 1
43 91 1 -3.58399 1
43 92 1 3.52002 1
43 93 1 1.63142 1
43 94 1 -0.343593 1
43 95 1 2.04123 1
44 64 1 -0.914319 1
44 65 1 -5.21253 1
44 66 1 -1.15102 1
44 67 1 -2.7984 1
44 68 1 0.427865 1
44 69 1 -3.99626 1
44 70 1 3.1515 1
44 71 1 3.94953 1
44 72 1 -2.73847 1
44 73 1 1.39974 1
44 74 1 -1.84401 1
44 75 1 -3.93925 1
44 76 1 -1.99699 1
44 77 1 3.01409 1
44 78 1 3.53392 1
44 79 1 0.544285 1
44 80 1 6.60329 1
44 81 1 -2.92747 1
44 82 1 2.76003 1
44 83 1 -1.29804 1
44 84 1 1.50254 1
44 85 1 -0.271606 1
44 86 1 4.22946 1
44 87 1 0.247398 1
44 88 1 1.90419 1
44 89 1 0.698503 1
44 90 1 3.33938 1
44 91 1 3.2239 1
44 92 1 -1.86805 1
44 93 1 3.49597 1
44 94 1 -3.04148 1
44 95 1 -3.65365 1
44 8 1 -1.69273 1
44 29 1 0.809156 1
45 64 1 -1.38339 1
45 65 1 -0.462925 1
45 66 1 -0.741438 1
45 67 1 3.26081 1
45 68 1 0.188423 1
45 69 1 -5.143 1
45 70 1 -4.32645 1
45 71 1 0.464799 1
45 72 1 -4.78337 1
45 73 1 1.53685 1
45 74 1 3.88704 1
45 75 1 3.45505 1
45 76 1 -2.43812 1
45 77 1 -1.34053 1
45 78 1 -1.46639 1
45 79 1 3.42112 1
45 80 1 -1.13945 1
45 81 1 2.0867 1
45 82 1 1.18342 1
45 83 1 -3.44692 1
45 84 1 1.0929 1
45 85 1 -3.67712 1
45 86 1 2.45154 1
45 87 1 0.600266 1
45 88 1 4.55159 1
45 89 1 -2.90085 1
45 90 1 -0.272832 1
45 91 1 3.14074 1
45 92 1 -1.18948 1
45 93 1 -7.67762 1
45 94 1 1.65576 1
45 95 1 -4.68046 1
45 9 1 4.75019 1
45 20 1 -0.080832 1
45 17 1 -0.914261 1
46 64 1 2.08981 1
46 65 1 0.100698 1
46 66 1 2.28906 1
46 67 1 3.17184 1
46 68 1 -6.22204 1
46 69 1 0.0825154 1
46 70 1 2.85989 1
46 71 1 -1.00567 1
46 72 1 3.10483 1
46 73 1 -3.86154 1
46 74 1 -1.82644 1
46 75 1 -1.62947 1
46 76 1 -6.03369 1
46 77 1 4.43388 1
46 78 1 0.0437758 1
46 79 1 -1.02993 1
46 80 1 2.60296 1
46 81 1 2.01628 1
46 82 1 -0.740936 1
46 83 1 2.4939 1
46 84 1 -1.06034 1
46 85 1 3.69575 1
46 86 1 -2.62842 1
46 87 1 7.34739 1
46 88 1 0.494684 1
46 89 1 -5.54189 1
46 90 1 -4.06044 1
46 91 1 1.15501 1
46 92 1 -1.19841 1
46 93 1 -1.49988 1
46 94 1 1.36634 1
46 95 1 -0.101013 1
46 24 1 1.82044 1
47 64 1 -0.213257 1
47 65 1 0.565945 1
47 66 1 -1.18563 1
47 67 1 2.40854 1
47 68 1 -0.713278 1
47 69 1 2.21989 1
47 70 1 -2.02075 1
47 71 1 1.10792 1
47 72 1 0.172375 1
47 73 1 4.84426 0
47 74 1 -1.46899 1
47 75 1 -0.34808 1
47 76 1 -3.51747 1
47 77 1 -7.42111 1
47 78 1 -2.79728 1
47 79 1 -0.900015 1
47 80 1 5.94562 1
47 81 1 -3.95925 1
47 82 1 3.014 1
47 83 1 -0.574183 1
47 84 1 -3.74837 1
47 85 1 -1.43151 1
47 86 1 -2.64457 1
47 87 1 6.17905 1
47 88 1 4.71461 1
47 89 1 1.29397 1
47 90 1 6.20824 1
47 91 1 2.01502 1
47 92 1 2.05239 1
47 93 1 1.9622 1
47 94 1 2.89605 1
47 95 1 -0.829779 1
47 4 1 0.588272 1
47 137 1 2.99909 1
137 73 1 3.85313 0
137 156 1 -0.764911 1
156 73 1 3.31323 1
156 15 1 -0.444819 1
156 104 1 2.04633 1
48 64 1 -0.557908 1
48 65 1 -1.56628 1
48 66 1 3.74039 1
48 67 1 -2.84699 1
48 68 1 -5.34392 1
48 69 1 -4.39583 1
48 70 1 1.11293 1
48 71 1 0.513595 1
48 72 1 -7.12667 1
48 73 1 3.28767 1
48 74 1 5.51353 1
48 75 1 -4.8652 1
48 76 1 -2.84788 1
48 77 1 -1.75413 1
48 78 1 -1.7601 1
48 79 1 2.4692 1
48 80 1 -1.11848 1
48 81 1 -3.30275 1
48 82 1 -2.31269 1
48 83 1 -0.599309 1
48 84 1 1.11696 1
48 85 1 -0.736966 1
48 86 1 -1.2797 1
48 87 1 1.04119 1
48 88 1 0.307667 1
48 89 1 -1.60132 1
48 90 1 1.9079 1
48 91 1 -0.538096 1
48 92 1 -6.68459 1
48 93 1 0.942478 1
48 94 1 7.09693 1
48 95 1 3.86671 1
48 16 1 0.954368 1
48 12 1 -0.0542553 1
48 14 1 -1.21718 1
48 30 1 1.55576 1
49 64 1 -0.149145 1
49 65 1 -5.88827 1
49 66 1 1.7354 1
49 67 1 -1.23646 1
49 68 1 -4.74841 1
49 69 1 1.02257 1
49 70 1 0.333907 1
49 71 1 -2.10529 1
49 72 1 -2.52858 1
49 73 1 0.0492935 1
49 74 1 2.62676 1
49 75 1 0.770164 1
49 76 1 -6.12075 1
49 77 1 -4.31486 1
49 78 1 -2.06019 0
49 79 1 2.40225 1
49 80 1 5.48167 1
49 81 1 -2.02002 1
49 82 1 1.19771 1
49 83 1 0.0277362 1
49 84 1 0.811662 1
49 85 1 -1.45446 1
49 86 1 -2.00371 1
49 87 1 -2.49837 1
49 88 1 2.44589 1
49 89 1 2.7251 1
49 90 1 -2.69248 1
49 91 1 3.03558 1
49 92 1 0.573092 1
49 93 1 3.64422 1
49 94 1 1.74372 1
49 95 1 2.84607 1
49 19 1 -0.106498 1
49 31 1 -1.1262 1
49 15 1 -3.94176 1
49 158 1 -0.417439 1
49 26 1 1.08549 1
49 144 1 -3.43855 1
158 78 1 -1.95725 1
50 64 1 -3.6418 1
50 65 1 -3.4239 1
50 66 1 0.921218 1
50 67 1 0.0637603 1
50 68 1 2.56501 1
50 69 1 -1.63074 1
50 70 1 1.56626 1
50 71 1 6.50521 1
50 72 1 -3.57067 1
50 73 1 3.29641 1
50 74 1 -0.696301 1
50 75 1 3.10503 1
50 76 1 -2.22036 1
50 77 1 -2.11746 1
50 78 1 1.03106 1
50 79 1 -1.84291 1
50 80 1 1.81121 1
50 81 1 1.39485 1
50 82 1 -3.53971 1
50 83 1 4.74472 1
50 84 1 0.814163 1
50 85 1 5.20073 1
50 86 1 4.96772 1
50 87 1 -1.26802 1
50 88 1 -1.29786 1
50 89 1 -0.102502 1
50 90 1 0.25444 1
50 91 1 0.634045 1
50 92 1 -0.401929 1
50 93 1 -2.37749 1
50 94 1 -1.4435 1
50 95 1 0.227643 1
50 4 1 4.70923 1
50 22 1 -0.481439 1
51 64 1 -0.26377 1
51 65 1 5.00898 1
51 66 1 2.86579 1
51 67 1 -2.18763 1
51 68 1 0.106824 1
51 69 1 -0.0581673 1
51 70 1 1.10178 1
51 71 1 4.68202 1
51 72 1 -4.59939 1
51 73 1 -1.51745 0
51 74 1 -1.79839 1
51 75 1 3.59976 1
51 76 1 -3.15096 1
51 77 1 4.24021 1
51 78 1 6.41648 1
51 79 1 -0.737665 1
51 80 1 -0.109971 1
51 81 1 -3.08307 1
51 82 1 -0.289182 1
51 83 1 6.4657 1
51 84 1 -3.21673 1
51 85 1 0.382329 1
51 86 1 -1.55783 1
51 87 1 2.80839 1
51 88 1 -1.57819 0
51 89 1 0.435869 1
51 90 1 -1.11551 1
51 91 1 -2.23392 1
51 92 1 2.53497 1
51 93 1 5.8683 1
51 94 1 -4.50162 1
51 95 1 -1.86163 1
51 116 1 1.72093 1
51 12 1 -1.89089 1
51 179 1 -0.364333 1
179 88 1 -0.647204 1
116 73 1 0.530635 0
116 134 1 2.90784 1
134 73 1 4.3464 1
134 128 1 2.77019 1
52 64 1 -2.90683 1
52 65 1 5.51812 1
52 66 1 -0.695692 1
52 67 1 0.266983 1
52 68 1 1.4377 1
52 69 1 6.10906 1
52 70 1 3.22634 1
52 71 1 -2.06692 1
52 72 1 -0.331863 1
52 73 1 3.66104 1
52 74 1 3.84315 1
52 75 1 2.31798 1
52 76 1 -4.8861 1
52 77 1 0.202491 1
52 78 1 4.01137 1
52 79 1 -3.07716 1
52 80 1 -0.928742 1
52 81 1 0.38725 1
52 82 1 -1.56993 1
52 83 1 0.619443 1
52 84 1 -0.0952259 1
52 85 1 -0.736235 1
52 86 1 -6.79255 1
52 87 1 0.64881 1
52 88 1 0.27115 1
52 89 1 0.706827 1
52 90 1 -1.2297 1
52 91 1 -0.617608 1
52 92 1 0.339437 1
52 93 1 -4.12361 0
52 94 1 5.04276 1
52 95 1 0.00767159 1
52 115 1 0.964361 1
52 139 1 1.57895 1
52 23 1 -1.38827 1
139 93 1 -0.15263 0
139 181 1 0.843336 0
139 184 1 1.68177 1
184 181 1 0.066129 1
184 15 1 1.49102 1
181 93 1 -0.867075 1
53 64 1 -3.8405 1
53 65 1 0.180282 1
53 66 1 -2.17607 1
53 67 1 -1.62844 1
53 68 1 -1.94691 1
53 69 1 1.16187 1
53 70 1 1.2622 0
53 71 1 0.806925 1
53 72 1 -1.12815 1
53 73 1 0.204627 1
53 74 1 -0.336182 1
53 75 1 -2.88062 1
53 76 1 0.219296 1
53 77 1 2.0317 1
53 78 1 0.42119 1
53 79 1 -0.83931 1
53 80 1 2.14712 1
53 81 1 2.70267 1
53 82 1 1.59907 1
53 83 1 -1.60115 1
53 84 1 1.06567 1
53 85 1 1.48652 1
53 86 1 0.209819 1
53 87 1 -0.88882 1
53 88 1 0.913011 1
53 89 1 0.758466 1
53 90 1 -2.96113 1
53 91 1 0.57715 1
53 92 1 2.24299 1
53 93 1 -1.15044 1
53 94 1 -0.991862 1
53 95 1 -3.67607 1
53 20 1 5.35705 1
53 23 1 -1.08077 1
53 149 1 -1.3491 1
149 70 1 -1.98848 0
149 153 1 0.503964 1
149 126 1 -0.759091 1
153 70 1 0.74582 0
153 183 1 1.38478 1
183 70 1 0.629511 1
54 64 1 3.84124 1
54 65 1 1.73658 1
54 66 1 -1.11581 1
54 67 1 1.19159 1
54 68 1 3.70872 1
54 69 1 -3.76407 1
54 70 1 0.902801 1
54 71 1 4.50615 1
54 72 1 1.19864 1
54 73 1 0.0864226 1
54 74 1 -0.800232 1
54 75 1 -3.00992 1
54 76 1 -4.74623 1
54 77 1 1.05894 1
54 78 1 -2.24989 1
54 79 1 2.81224 1
54 80 1 1.38657 1
54 81 1 4.80136 1
54 82 1 -2.68224 1
54 83 1 3.51089 1
54 84 1 -0.0199451 1
54 85 1 0.452559 1
54 86 1 -5.54561 1
54 87 1 -0.261457 1
54 88 1 0.898617 1
54 89 1 5.19443 1
54 90 1 -2.95144 1
54 91 1 2.03238 1
54 92 1 -2.10697 1
54 93 1 4.27514 1
54 94 1 -3.58867 1
54 95 1 -2.07403 1
54 30 1 -0.602606 1
54 144 1 2.73547 1
54 16 1 -0.237619 1
55 64 1 0.574982 1
55 65 1 -2.44592 1
55 66 1 -2.9459 1
55 67 1 -2.61929 1
55 68 1 1.58519 1
55 69 1 0.439577 1
55 70 1 3.27571 1
55 71 1 -5.35966 1
55 72 1 1.97224 1
55 73 1 -0.878401 1
55 74 1 3.57852 1
55 75 1 -3.07645 1
55 76 1 -5.64833 1
55 77 1 2.40223 1
55 78 1 2.00349 1
55 79 1 4.86788 1
55 80 1 -1.87346 1
55 81 1 1.90202 1
55 82 1 -2.28427 1
55 83 1 1.85908 1
55 84 1 -0.199219 1
55 85 1 -7.56389 1
55 86 1 0.454261 1
55 87 1 -2.55601 1
55 88 1 -5.9307 1
55 89 1 1.23732 1
55 90 1 -1.34977 1
55 91 1 0.593399 1
55 92 1 10.3855 1
55 93 1 -4.13723 1
55 94 1 -3.16335 1
55 95 1 -0.703486 0
55 28 1 4.71473 1
55 114 1 0.0810838 1
55 0 1 -3.42644 1
55 2 1 -0.557014 1
114 95 1 -0.91737 1
56 64 1 2.9946 1
56 65 1 -10.9015 1
56 66 1 -0.997072 1
56 67 1 -2.0235 1
56 68 1 3.42953 0
56 69 1 -2.36164 1
56 70 1 2.5049 1
56 71 1 3.21397 1
56 72 1 -1.86762 1
56 73 1 0.670915 1
56 74 1 2.65573 1
56 75 1 6.28996 1
56 76 1 -1.93529 1
56 77 1 -2.59944 1
56 78 1 -3.45614 1
56 79 1 -1.81793 1
56 80 1 0.0116385 1
56 81 1 5.55858 1
56 82 1 2.36632 1
56 83 1 -1.27693 1
56 84 1 -2.48927 1
56 85 1 -1.30514 1
56 86 1 1.8074 1
56 87 1 0.91479 1
56 88 1 1.68954 1
56 89 1 1.7656 1
56 90 1 -0.170403 1
56 91 1 -0.790539 1
56 92 1 1.30083 1
56 93 1 3.35291 1
56 94 1 -1.45081 1
56 95 1 -1.73904 1
56 3 1 -2.32493 1
56 126 1 4.9486 1
56 0 1 -2.02186 1
126 68 1 2.45978 1
126 11 1 -3.61458 1
57 64 1 -5.01671 1
57 65 1 6.7946 1
57 66 1 -0.902732 1
57 67 1 -2.97451 1
57 68 1 -0.358424 1
57 69 1 -1.58835 0
57 70 1 -0.0550384 1
57 71 1 2.80627 1
57 72 1 3.73045 1
57 73 1 -2.6094 1
57 74 1 1.4703 1
57 75 1 5.55833 1
57 76 1 4.14115 1
57 77 1 -5.28567 1
57 78 1 1.11337 1
57 79 1 -2.45422 1
57 80 1 3.6495 1
57 81 1 4.87966 1
57 82 1 4.00073 1
57 83 1 -2.72409 1
57 84 1 0.0144862 1
57 85 1 -4.73075 1
57 86 1 -1.17502 1
57 87 1 -0.027689 1
57 88 1 2.43881 1
57 89 1 1.17705 1
57 90 1 0.520403 1
57 91 1 -2.92198 1
57 92 1 -1.84602 1
57 93 1 -4.10434 1
57 94 1 -1.24422 1
57 95 1 2.83426 1
57 104 1 5.01953 1
57 22 1 0.816742 1
104 69 1 1.55682 1
104 1 1 2.21039 1
104 107 1 -0.491543 1
104 19 1 0.905449 1
58 64 1 7.38685 1
58 65 1 -3.19322 1
58 66 1 -2.1842 1
58 67 1 -0.0418579 1
58 68 1 -3.97106 1
58 69 1 -2.461 1
58 70 1 -0.0338842 1
58 71 1 2.31486 1
58 72 1 1.67317 1
58 73 1 -3.08515 1
58 74 1 2.253 1
58 75 1 1.5351 1
58 76 1 1.03131 1
58 77 1 3.88786 1
58 78 1 -3.24908 1
58 79 1 -0.175198 0
58 80 1 -3.84537 1
58 81 1 3.23884 1
58 82 1 0.612761 1
58 83 1 1.65722 1
58 84 1 -1.92696 1
58 85 1 0.861681 1
58 86 1 1.80841 1
58 87 1 -3.34454 1
58 88 1 -6.42236 1
58 89 1 -2.85379 1
58 90 1 1.43046 1
58 91 1 -3.06703 1
58 92 1 0.873148 0
58 93 1 0.99366 1
58 94 1 -1.87612 1
58 95 1 3.22344 1
58 128 1 1.26971 1
58 115 1 0.0388199 1
58 174 1 1.99044 1
174 92 1 0.133515 1
128 79 1 -0.0627894 0
128 131 1 2.30581 1
131 79 1 1.87571 0
131 160 1 0.995453 1
160 79 1 3.97665 0
160 125 1 1.6805 1
160 173 1 -0.213323 1
173 79 1 2.12993 1
59 64 1 -2.87521 1
59 65 1 1.5975 1
59 66 1 5.65297 1
59 67 1 -2.3162 1
59 68 1 3.27883 1
59 69 1 -3.24606 1
59 70 1 -2.82735 1
59 71 1 -0.26994 1
59 72 1 -0.381195 1
59 73 1 -1.25888 1
59 74 1 0.719647 1
59 75 1 0.904933 1
59 76 1 2.76661 1
59 77 1 0.0626169 0
59 78 1 2.93945 1
59 79 1 -2.28587 1
59 80 1 2.80875 1
59 81 1 1.64952 1
59 82 1 -3.60989 1
59 83 1 6.02666 1
59 84 1 1.17166 1
59 85 1 -5.88178 1
59 86 1 -4.99681 1
59 87 1 1.56789 1
59 88 1 4.63516 1
59 89 1 -0.00490953 1
59 90 1 0.0542819 1
59 91 1 -1.16194 1
59 92 1 2.49968 1
59 93 1 2.87341 1
59 94 1 -5.73608 1
59 95 1 2.7262 1
59 97 1 -0.935036 1
59 5 1 -5.77497 1
59 11 1 -4.18922 1
59 13 1 0.542371 1
97 77 1 -6.0147 1
97 22 1 -0.0192934 1
97 2 1 -6.62229 0
97 99 1 1.25022 1
97 7 1 3.54214 0
97 102 1 2.0523 1
97 17 1 2.68774 1
102 7 1 5.57597 1
99 2 1 0.350227 0
99 108 1 5.47374 1
99 15 1 4.64197 1
108 2 1 0.393459 0
108 125 1 6.74926 1
108 0 1 -0.990512 1
125 2 1 2.0936 1
125 1 1 1.14867 1
60 64 1 0.638741 1
60 65 1 -0.695349 1
60 66 1 1.57334 1
60 67 1 -1.43281 1
60 68 1 0.589993 1
60 69 1 3.55167 1
60 70 1 -1.92134 1
60 71 1 1.58563 1
60 72 1 -0.678742 0
60 73 1 1.79161 1
60 74 1 1.5488 1
60 75 1 0.873032 1
60 76 1 -1.48724 1
60 77 1 6.45201 1
60 78 1 -3.1918 1
60 79 1 -0.463048 1
60 80 1 -5.43168 1
60 81 1 -3.17334 1
60 82 1 -1.01452 1
60 83 1 2.04304 1
60 84 1 -4.94519 1
60 85 1 1.92617 1
60 86 1 2.42857 1
60 87 1 -0.487109 1
60 88 1 -4.36681 1
60 89 1 1.47783 1
60 90 1 -1.5265 1
60 91 1 -0.101692 1
60 92 1 -0.643847 1
60 93 1 -0.858634 1
60 94 1 -0.581924 1
60 95 1 0.424307 1
60 24 1 -0.669557 1
60 0 1 4.08498 1
60 115 1 2.7243 1
60 3 1 -2.98471 1
60 20 1 -0.42325 1
115 72 1 -1.4242 1
115 18 1 1.25233 1
115 14 1 2.74037 1
115 19 1 -1.23237 1
61 64 1 0.143263 1
61 65 1 -0.185261 1
61 66 1 2.47268 1
61 67 1 0.886831 1
61 68 1 -4.04308 1
61 69 1 4.2239 1
61 70 1 3.13305 1
61 71 1 1.05804 1
61 72 1 0.798295 1
61 73 1 0.82109 1
61 74 1 4.16661 1
61 75 1 4.98186 1
61 76 1 2.34094 1
61 77 1 -2.99884 0
61 78 1 -4.46857 1
61 79 1 1.78292 1
61 80 1 -2.14121 1
61 81 1 -0.531862 1
61 82 1 -1.7763 1
61 83 1 -1.20958 1
61 84 1 -3.22775 1
61 85 1 -1.2545 1
61 86 1 -0.59805 1
61 87 1 2.59352 1
61 88 1 -2.04323 1
61 89 1 1.8425 1
61 90 1 -3.19766 1
61 91 1 1.99706 1
61 92 1 -0.302391 1
61 93 1 0.097835 1
61 94 1 1.28558 1
61 95 1 -1.08956 1
61 107 1 0.486538 1
61 113 1 -0.616144 1
61 14 1 -1.55924 1
107 77 1 -5.1645 0
107 113 1 -1.5252 1
107 14 1 -2.08436 1
107 20 1 1.2466 1
113 77 1 -1.47828 0
113 23 1 -1.36781 1
113 147 1 1.39848 1
113 159 1 1.11713 1
159 77 1 -2.50714 0
159 161 1 0.546508 1
161 77 1 -1.64244 1
62 64 1 -0.903611 1
62 65 1 -2.58981 1
62 66 1 2.95148 1
62 67 1 -1.78033 1
62 68 1 2.14622 1
62 69 1 -1.00211 1
62 70 1 -1.15709 1
62 71 1 -5.28776 1
62 72 1 4.07643 1
62 73 1 2.94318 1
62 74 1 3.10189 1
62 75 1 -1.99253 1
62 76 1 2.44388 1
62 77 1 -4.39288 1
62 78 1 -2.18856 1
62 79 1 -2.74587 1
62 80 1 1.79269 1
62 81 1 1.18233 1
62 82 1 -1.53674 1
62 83 1 3.56027 1
62 84 1 -1.63967 0
62 85 1 -0.946953 1
62 86 1 3.39361 1
62 87 1 -1.89817 1
62 88 1 0.648271 1
62 89 1 -2.75481 1
62 90 1 -8.48704 1
62 91 1 -0.335726 1
62 92 1 -0.415316 1
62 93 1 -1.20536 1
62 94 1 -1.39671 1
62 95 1 -1.64952 1
62 5 1 1.03712 1
62 138 1 2.05882 0
62 152 1 1.0971 1
62 31 1 1.35712 1
152 138 1 1.67552 1
138 84 1 -1.6039 1
63 64 1 3.34147 1
63 65 1 -1.96129 1
63 66 1 5.63933 1
63 67 1 -3.81033 1
63 68 1 2.65478 1
63 69 1 -3.64581 1
63 70 1 -3.68765 1
63 71 1 1.8695 1
63 72 1 0.453205 1
63 73 1 2.00502 1
63 74 1 -7.39367 1
63 75 1 0.381641 1
63 76 1 0.0382738 0
63 77 1 0.720549 1
63 78 1 -0.888586 1
63 79 1 -0.615306 1
63 80 1 2.89009 1
63 81 1 -2.02756 1
63 82 1 2.65334 1
63 83 1 -4.2888 1
63 84 1 -2.18518 1
63 85 1 -4.93029 1
63 86 1 6.73354 1
63 87 1 -2.90713 0
63 88 1 -1.02644 1
63 89 1 -2.29128 1
63 90 1 -0.682752 1
63 91 1 -2.60368 1
63 92 1 0.613059 1
63 93 1 2.33423 1
63 94 1 1.34991 1
63 95 1 -1.48869 1
63 141 1 7.23337 1
63 144 1 1.1617 1
144 76 1 -0.238458 0
144 147 1 1.11688 1
147 76 1 -2.37167 1
147 9 1 -2.94287 1
141 87 1 -5.14109 1
141 10 1 1.60296 1
