188 64 32
2.8094 -2.0992 -3.50804 4.38069 -6.57272 4.82454 0.687581 4.03104 -1.30263 6.36665 3.10225 6.49396 -3.92938 -3.68777 -2.40872 -3.01093 2.45049 0.490576 1.53178 -1.51961 -1.42764 0.143806 -0.018019 1.25784 -6.80074 -0.0831613 4.58514 1.71301 -4.67185 -3.54041 -4.06688 -0.0183168 -2.34936 0.566196 -0.645716 3.75456 -4.45487 0.316724 -1.04243 -0.146554 -2.32226 2.25654 -2.37536 -3.1538 -4.66615 -5.28996 -4.77985 2.25958 0.471422 4.72103 1.57403 -5.66386 -4.74989 -1.33921 -0.709025 3.12568 -2.29266 3.46323 1.95877 -1.56305 2.39957 -3.9357 -4.22862 -2.5547 -4.72536 -3.2436 3.96407 1.53226 -3.84391 1.34168 -1.86224 -5.88182 -4.12254 -3.4672 3.02078 4.49132 -0.74384 -1.75178 -0.823386 -5.51087 0.621284 0.251768 -4.66502 2.4259 2.86383 1.45267 -2.98644 0.128712 4.40303 1.02442 -2.93342 1.78801 -1.29031 -0.74937 0.926021 -1.16579 -2.49951 -1.35785 -2.31731 -2.232 1.33489 -3.17832 -4.55065 -1.79221 -4.97898 1.21059 -2.289 -4.55465 -2.21778 -1.97436 -1.67517 2.80254 2.3164 -6.50799 1.45567 -1.84578 -2.40093 0.139705 -0.354774 -1.29062 4.31899 -2.20043 -1.26939 -0.472102 0.775298 4.49519 -0.202986 0.975433 1.00589 3.20477 0.315525 -0.849121 -1.4704 0.375375 -2.91698 -0.351974 -0.511858 0.44498 -3.60132 -1.46052 3.17015 -2.67484 -1.95603 -3.83151 1.21072 2.0318 0.159366 -3.09825 -1.21492 -3.93535 -1.82394 -0.264176 0.201502 -0.677083 -0.23053 -0.851046 0.669737 0.897707 -0.159747 0.395557 1.60583 0.439574 0.864455 1.5163 0.867256 -1.19529 1.57095 -0.235967 -0.106292 0.858065 0.172194 1.30395 1.97718 -0.596498 -0.861949 0.125227 0.242008 -0.117553 -0.33193 0.670073 0.249515 0.421465 0.495725 0.680529 -0.292859 0.437153 -0.523468 -0.096824 
0 64 1 -4.88562 1
0 65 1 1.53018 1
0 66 1 2.54558 1
0 67 1 -0.0207014 1
0 68 1 -3.14864 1
0 69 1 1.62154 1
0 70 1 2.79068 1
0 71 1 2.07619 1
0 72 1 2.15647 1
0 73 1 -0.574038 1
0 74 1 -2.04 1
0 75 1 2.56228 1
0 76 1 2.65029 1
0 77 1 2.95426 1
0 78 1 -0.673959 1
0 79 1 0.168826 1
0 80 1 2.89319 1
0 81 1 3.42021 1
0 82 1 5.98182 1
0 83 1 1.42194 1
0 84 1 -2.45616 1
0 85 1 5.04694 1
0 86 1 -3.05227 1
0 87 1 -4.32142 1
0 88 1 3.59096 1
0 89 1 3.38177 1
0 90 1 3.78427 1
0 91 1 5.18576 1
0 92 1 -4.05312 1
0 93 1 -1.4144 1
0 94 1 3.11845 1
0 95 1 -0.594188 1
0 10 1 -2.43372 1
1 64 1 0.730639 1
1 65 1 -5.01266 1
1 66 1 3.04364 1
1 67 1 -5.51685 1
1 68 1 6.46688 1
1 69 1 -2.16974 1
1 70 1 3.12395 1
1 71 1 -0.205702 1
1 72 1 -3.7321 1
1 73 1 -1.39135 1
1 74 1 -3.23887 1
1 75 1 4.56407 1
1 76 1 -3.41612 1
1 77 1 6.46259 1
1 78 1 -0.453744 1
1 79 1 -2.76974 1
1 80 1 -0.675443 1
1 81 1 0.319214 1
1 82 1 -0.55734 1
1 83 1 -5.5042 1
1 84 1 -5.22285 1
1 85 1 -2.05566 1
1 86 1 3.42187 1
1 87 1 -1.40082 1
1 88 1 -1.29875 1
1 89 1 3.37884 1
1 90 1 -0.901407 1
1 91 1 -0.95518 1
1 92 1 0.0951739 1
1 93 1 0.555745 1
1 94 1 -0.914615 1
1 95 1 -6.79492 1
1 27 1 -0.682176 1
2 64 1 2.02445 1
2 65 1 -2.43753 1
2 66 1 -5.76514 1
2 67 1 -3.38386 1
2 68 1 -1.41319 1
2 69 1 -0.407965 1
2 70 1 -1.43268 1
2 71 1 1.50736 1
2 72 1 -0.535983 1
2 73 1 -1.31416 1
2 74 1 -2.93362 1
2 75 1 1.46793 1
2 76 1 -2.73055 1
2 77 1 -2.49217 1
2 78 1 0.0184724 1
2 79 1 -3.83029 1
2 80 1 -5.53811 1
2 81 1 -5.94147 1
2 82 1 0.81555 1
2 83 1 -3.99571 1
2 84 1 -0.203049 1
2 85 1 3.04337 1
2 86 1 -1.48238 1
2 87 1 -1.1016 1
2 88 1 -1.56294 1
2 89 1 -3.99224 1
2 90 1 -3.79491 1
2 91 1 -2.51714 1
2 92 1 2.19511 0
2 93 1 -2.09219 1
2 94 1 4.00256 1
2 95 1 -2.40769 1
2 100 1 -0.275453 1
2 6 1 3.86613 1
2 110 1 -0.812559 1
2 180 1 2.47126 1
180 92 1 2.26105 1
3 64 1 -1.18489 1
3 65 1 -2.03739 1
3 66 1 0.659694 1
3 67 1 0.0924677 1
3 68 1 6.03712 1
3 69 1 -2.6776 1
3 70 1 -3.19196 1
3 71 1 -0.639459 1
3 72 1 8.15218 1
3 73 1 -0.340809 1
3 74 1 -0.129882 1
3 75 1 4.09351 1
3 76 1 -0.0666194 1
3 77 1 0.217073 1
3 78 1 -2.13861 1
3 79 1 1.47171 1
3 80 1 -4.04068 1
3 81 1 1.32311 1
3 82 1 6.36494 1
3 83 1 3.84277 1
3 84 1 -0.0973467 1
3 85 1 -5.18988 1
3 86 1 2.09742 1
3 87 1 4.27038 1
3 88 1 -1.78148 1
3 89 1 4.23461 1
3 90 1 0.107286 1
3 91 1 1.98306 1
3 92 1 0.896321 1
3 93 1 -3.64334 1
3 94 1 -1.43152 1
3 95 1 4.36416 0
3 110 1 2.31597 1
110 95 1 -2.09718 0
110 111 1 -2.31542 0
110 132 1 3.56933 1
110 152 1 1.42145 1
110 126 1 -0.551227 1
110 20 1 0.813259 1
110 16 1 0.760713 1
132 111 1 2.21703 1
111 95 1 1.88713 1
4 64 1 2.77206 1
4 65 1 -0.261288 1
4 66 1 -0.653041 1
4 67 1 5.19703 1
4 68 1 1.04971 1
4 69 1 2.87699 1
4 70 1 -0.560509 1
4 71 1 0.140446 1
4 72 1 -2.04377 1
4 73 1 -1.31158 0
4 74 1 -0.0678107 1
4 75 1 -6.93689 0
4 76 1 0.546636 1
4 77 1 3.29137 1
4 78 1 -0.631103 1
4 79 1 0.50415 1
4 80 1 -6.04871 1
4 81 1 2.44636 1
4 82 1 0.237564 1
4 83 1 -1.89732 1
4 84 1 -3.1313 1
4 85 1 1.96285 1
4 86 1 1.18579 1
4 87 1 -2.4162 1
4 88 1 -2.7097 1
4 89 1 -3.16918 1
4 90 1 4.06445 1
4 91 1 -1.68033 1
4 92 1 -1.37575 1
4 93 1 0.813712 0
4 94 1 -2.90671 1
4 95 1 1.82094 1
4 101 1 3.06545 1
4 17 1 4.79741 1
4 118 1 2.20318 1
4 145 1 0.966884 1
4 119 1 -1.03357 1
145 93 1 0.539742 1
118 73 1 -5.96879 1
101 75 1 2.06258 1
5 64 1 -2.84183 1
5 65 1 6.55313 1
5 66 1 -2.369 1
5 67 1 10.2199 1
5 68 1 2.63921 1
5 69 1 3.43016 1
5 70 1 1.58077 1
5 71 1 -1.40576 1
5 72 1 -0.764246 1
5 73 1 -1.60004 1
5 74 1 -2.02395 1
5 75 1 3.69661 1
5 76 1 2.53606 1
5 77 1 1.36071 1
5 78 1 -0.94916 1
5 79 1 1.01411 1
5 80 1 1.71817 1
5 81 1 -1.02539 1
5 82 1 -0.614168 1
5 83 1 5.41635 1
5 84 1 2.70712 1
5 85 1 2.58683 1
5 86 1 1.01514 1
5 87 1 -0.0470662 1
5 88 1 1.0069 1
5 89 1 -3.50467 1
5 90 1 -1.47077 1
5 91 1 -1.51006 1
5 92 1 -2.92057 1
5 93 1 -0.170146 1
5 94 1 -2.33924 1
5 95 1 -1.12936 1
5 28 1 2.93314 1
6 64 1 -0.349666 1
6 65 1 -2.15133 1
6 66 1 2.01216 1
6 67 1 2.7658 1
6 68 1 -3.2393 1
6 69 1 -2.95826 1
6 70 1 -5.0143 1
6 71 1 -0.186267 1
6 72 1 2.97678 1
6 73 1 -3.93917 1
6 74 1 -3.61038 1
6 75 1 2.37023 1
6 76 1 5.28987 1
6 77 1 -2.85415 1
6 78 1 -0.334242 1
6 79 1 -4.66046 1
6 80 1 3.24099 1
6 81 1 -1.59122 1
6 82 1 1.57726 1
6 83 1 3.35955 1
6 84 1 3.00086 1
6 85 1 -7.16678 1
6 86 1 -0.901055 1
6 87 1 5.70904 1
6 88 1 -2.03142 1
6 89 1 -1.94228 1
6 90 1 3.48582 1
6 91 1 1.05354 1
6 92 1 5.81789 1
6 93 1 -4.23502 1
6 94 1 -2.34281 1
6 95 1 3.01911 1
6 26 1 1.68656 1
7 64 1 1.86022 1
7 65 1 2.39356 1
7 66 1 1.08635 1
7 67 1 -5.78707 1
7 68 1 -3.86627 1
7 69 1 -3.24753 1
7 70 1 6.13744 1
7 71 1 4.69725 1
7 72 1 4.534 1
7 73 1 -2.02534 1
7 74 1 0.148585 1
7 75 1 -0.539295 0
7 76 1 0.702264 1
7 77 1 3.04463 1
7 78 1 2.74904 1
7 79 1 1.79874 1
7 80 1 -1.04636 1
7 81 1 2.05011 1
7 82 1 -5.3943 0
7 83 1 0.546003 0
7 84 1 -3.59293 1
7 85 1 3.79662 1
7 86 1 -0.147607 1
7 87 1 3.85876 1
7 88 1 -2.25202 1
7 89 1 -1.95229 1
7 90 1 1.73026 1
7 91 1 -3.79276 1
7 92 1 -0.188747 1
7 93 1 -1.38529 1
7 94 1 -0.0716817 1
7 95 1 1.88032 1
7 100 1 -0.020971 1
7 127 1 3.24363 1
7 164 1 0.69246 1
164 75 1 0.101656 1
127 82 1 -5.19678 0
127 169 1 0.364264 1
127 150 1 1.56856 1
169 82 1 -4.56625 1
100 83 1 3.64127 0
100 24 1 -1.25804 0
100 106 1 2.27816 1
100 166 1 0.392418 1
166 83 1 3.46217 1
106 24 1 -9.0084 1
106 6 1 -2.85503 1
8 64 1 1.70572 1
8 65 1 -2.14931 1
8 66 1 -0.944509 1
8 67 1 -1.53102 1
8 68 1 -2.79996 1
8 69 1 4.29512 1
8 70 1 1.34272 1
8 71 1 3.10177 1
8 72 1 4.46933 1
8 73 1 -3.9293 1
8 74 1 -3.15181 1
8 75 1 -2.49808 1
8 76 1 2.61158 1
8 77 1 2.57082 1
8 78 1 0.627957 1
8 79 1 -2.17476 1
8 80 1 0.641248 1
8 81 1 -1.73173 1
8 82 1 -1.48847 1
8 83 1 -3.07115 1
8 84 1 3.27342 1
8 85 1 8.54685 1
8 86 1 6.20441 1
8 87 1 2.75061 1
8 88 1 0.59658 1
8 89 1 5.11305 1
8 90 1 1.21077 1
8 91 1 -2.444 1
8 92 1 1.88086 1
8 93 1 4.60428 1
8 94 1 5.78762 1
8 95 1 -1.71141 1
8 17 1 -0.119225 1
9 64 1 -4.39568 1
9 65 1 -2.05054 1
9 66 1 2.20539 1
9 67 1 0.797175 1
9 68 1 -1.33021 1
9 69 1 -0.901009 1
9 70 1 -7.56309 1
9 71 1 -1.72162 1
9 72 1 2.0107 1
9 73 1 -2.43035 1
9 74 1 0.233056 1
9 75 1 1.50084 1
9 76 1 2.77711 1
9 77 1 0.484619 1
9 78 1 2.67497 1
9 79 1 0.432456 0
9 80 1 -1.58354 1
9 81 1 1.72915 1
9 82 1 -2.0382 1
9 83 1 -2.32629 1
9 84 1 5.31269 1
9 85 1 0.813862 1
9 86 1 0.476641 1
9 87 1 -0.244886 1
9 88 1 3.17872 1
9 89 1 4.13215 1
9 90 1 0.104524 1
9 91 1 0.0802338 1
9 92 1 -1.95888 1
9 93 1 -1.15884 1
9 94 1 -4.43148 1
9 95 1 0.545398 1
9 103 1 -2.35352 1
9 130 1 -0.401681 1
9 157 1 -0.341067 1
157 79 1 -0.0273077 1
157 22 1 -1.19165 1
10 64 1 1.26764 1
10 65 1 -0.698787 1
10 66 1 4.31753 1
10 67 1 -1.92789 1
10 68 1 3.17578 1
10 69 1 -1.64287 1
10 70 1 -0.891554 1
10 71 1 -0.211249 1
10 72 1 5.6193 1
10 73 1 4.02771 1
10 74 1 0.964303 0
10 75 1 1.69895 1
10 76 1 3.89938 1
10 77 1 -0.192739 1
10 78 1 0.277626 1
10 79 1 -4.14591 1
10 80 1 -3.20206 1
10 81 1 6.02759 1
10 82 1 3.48209 1
10 83 1 0.298441 1
10 84 1 7.49399 1
10 85 1 2.22688 1
10 86 1 -3.006 1
10 87 1 -2.38088 1
10 88 1 2.57476 1
10 89 1 0.80045 1
10 90 1 -0.119488 1
10 91 1 2.42109 1
10 92 1 -1.57538 1
10 93 1 -0.591133 1
10 94 1 4.18491 1
10 95 1 4.63339 0
10 124 1 3.29274 1
10 165 1 -0.815238 1
165 95 1 5.30608 1
165 133 1 1.1047 1
124 74 1 -1.33023 1
124 12 1 2.1462 0
124 171 1 -0.962379 1
171 12 1 1.76715 1
11 64 1 3.44368 1
11 65 1 1.53581 1
11 66 1 3.93355 1
11 67 1 -2.54767 1
11 68 1 1.61936 1
11 69 1 1.50075 1
11 70 1 3.79454 1
11 71 1 0.703113 1
11 72 1 -8.60672 1
11 73 1 0.792499 1
11 74 1 0.268926 0
11 75 1 -2.76209 1
11 76 1 -1.85507 1
11 77 1 -0.0696242 1
11 78 1 -1.51284 1
11 79 1 -0.364324 1
11 80 1 -1.03247 1
11 81 1 2.35049 1
11 82 1 4.53429 0
11 83 1 4.10429 1
11 84 1 1.05496 1
11 85 1 -1.87135 1
11 86 1 -4.89786 1
11 87 1 0.157922 1
11 88 1 -6.86197 1
11 89 1 2.35846 1
11 90 1 0.945464 1
11 91 1 -2.7697 1
11 92 1 -1.64274 1
11 93 1 2.65271 1
11 94 1 -3.50161 1
11 95 1 -6.16503 1
11 120 1 -6.4043 1
11 109 1 -0.957747 1
11 154 1 2.3841 1
11 8 1 -1.80916 1
11 112 1 3.53962 1
154 82 1 4.21676 1
120 74 1 -2.99512 1
120 13 1 0.460183 0
120 150 1 4.13847 1
150 13 1 1.65677 0
150 163 1 3.77703 1
163 13 1 1.36616 1
12 64 1 -2.15047 1
12 65 1 -1.52299 0
12 66 1 -0.255642 1
12 67 1 -3.50536 1
12 68 1 1.26988 1
12 69 1 2.05272 1
12 70 1 0.928598 1
12 71 1 -1.96706 1
12 72 1 3.40578 1
12 73 1 -3.33557 1
12 74 1 -3.13396 1
12 75 1 -0.297925 1
12 76 1 -1.80715 1
12 77 1 2.42083 1
12 78 1 -1.83923 1
12 79 1 -2.2957 1
12 80 1 -1.88165 1
12 81 1 -2.41035 1
12 82 1 5.16397 1
12 83 1 0.745049 1
12 84 1 2.74394 1
12 85 1 0.78188 1
12 86 1 -4.53119 1
12 87 1 -3.78824 1
12 88 1 -1.3458 1
12 89 1 1.09499 1
12 90 1 -0.349099 1
12 91 1 -3.10598 1
12 92 1 1.64007 1
12 93 1 -1.41839 1
12 94 1 2.5959 1
12 95 1 -3.15398 1
12 17 1 1.42626 1
12 18 1 0.280903 1
12 144 1 -1.51274 1
12 167 1 1.60509 1
12 11 1 -0.787592 1
167 65 1 -2.55691 1
167 12 1 1.5796 1
13 64 1 -0.0736431 1
13 65 1 -2.29938 1
13 66 1 -1.18061 1
13 67 1 -0.0150898 1
13 68 1 3.88638 1
13 69 1 -4.07327 1
13 70 1 -1.05306 1
13 71 1 0.742409 1
13 72 1 0.47245 1
13 73 1 0.347785 1
13 74 1 -0.701257 1
13 75 1 -2.23572 1
13 76 1 -0.39662 1
13 77 1 -2.29609 1
13 78 1 3.68709 1
13 79 1 4.05987 1
13 80 1 -0.151691 1
13 81 1 2.34606 1
13 82 1 3.64784 1
13 83 1 4.24656 1
13 84 1 -6.01962 1
13 85 1 5.93346 1
13 86 1 5.47199 1
13 87 1 5.68298 1
13 88 1 3.78173 1
13 89 1 0.214946 1
13 90 1 -4.23174 1
13 91 1 -5.40285 1
13 92 1 -2.97604 1
13 93 1 -3.5558 1
13 94 1 -0.0627835 1
13 95 1 -4.22635 1
14 64 1 0.520157 1
14 65 1 5.25254 1
14 66 1 -0.107066 1
14 67 1 2.63953 1
14 68 1 -1.36944 1
14 69 1 2.02536 1
14 70 1 0.266014 1
14 71 1 1.01814 1
14 72 1 4.8847 1
14 73 1 1.98174 1
14 74 1 0.287998 1
14 75 1 2.2298 1
14 76 1 -4.83718 1
14 77 1 0.293423 1
14 78 1 -1.45017 1
14 79 1 -0.887271 1
14 80 1 -0.370619 1
14 81 1 1.72797 0
14 82 1 4.6699 1
14 83 1 -1.07822 1
14 84 1 -0.615817 1
14 85 1 -2.33753 1
14 86 1 3.62166 1
14 87 1 -0.358566 1
14 88 1 -2.81956 1
14 89 1 0.942211 1
14 90 1 0.122775 1
14 91 1 4.39495 1
14 92 1 4.4738 1
14 93 1 2.93614 1
14 94 1 6.18849 1
14 95 1 1.74749 1
14 104 1 -0.133491 1
14 119 1 0.627458 1
14 126 1 1.49982 1
119 81 1 5.07768 1
119 99 1 0.613323 1
15 64 1 0.170911 1
15 65 1 2.17768 1
15 66 1 -2.50695 1
15 67 1 -1.89967 1
15 68 1 1.93033 1
15 69 1 -3.04491 1
15 70 1 7.9676 1
15 71 1 -2.30846 1
15 72 1 -1.51454 1
15 73 1 1.5806 1
15 74 1 0.937061 1
15 75 1 -0.940711 1
15 76 1 0.13606 1
15 77 1 2.05006 1
15 78 1 -3.80404 1
15 79 1 1.09081 1
15 80 1 4.61931 1
15 81 1 -0.503398 1
15 82 1 -3.54367 1
15 83 1 0.651339 1
15 84 1 1.57349 1
15 85 1 -1.78834 1
15 86 1 2.16748 1
15 87 1 -6.56259 1
15 88 1 1.64739 1
15 89 1 4.57173 1
15 90 1 0.420859 1
15 91 1 -4.00525 1
15 92 1 0.766618 1
15 93 1 -0.511724 1
15 94 1 -0.565039 1
15 95 1 -2.763 1
15 20 1 -2.16197 1
16 64 1 2.7012 1
16 65 1 -3.02976 1
16 66 1 -1.83395 1
16 67 1 -4.7448 1
16 68 1 1.02299 1
16 69 1 -0.0496316 1
16 70 1 2.60478 1
16 71 1 5.44302 1
16 72 1 -0.408741 1
16 73 1 -1.77905 1
16 74 1 0.807765 1
16 75 1 2.04128 1
16 76 1 1.82829 1
16 77 1 2.36897 1
16 78 1 -1.26545 1
16 79 1 -2.71966 0
16 80 1 2.13711 1
16 81 1 1.7698 1
16 82 1 -3.43445 1
16 83 1 1.99346 1
16 84 1 -0.0104622 1
16 85 1 0.174572 1
16 86 1 1.75677 1
16 87 1 -0.904555 1
16 88 1 2.78842 1
16 89 1 1.07347 1
16 90 1 -3.87281 1
16 91 1 4.00664 1
16 92 1 3.82096 1
16 93 1 -2.36906 1
16 94 1 -0.792872 1
16 95 1 -3.63518 1
16 26 1 -0.370409 1
16 151 1 2.42751 1
16 144 1 -1.10734 1
151 79 1 -0.173103 1
17 64 1 -1.75967 1
17 65 1 -0.444893 1
17 66 1 0.158083 1
17 67 1 3.87831 1
17 68 1 0.415324 1
17 69 1 0.818861 1
17 70 1 0.0560569 1
17 71 1 4.6637 1
17 72 1 -5.34103 0
17 73 1 0.923618 1
17 74 1 3.2963 1
17 75 1 -0.70639 1
17 76 1 -1.30207 1
17 77 1 2.73967 1
17 78 1 -2.52728 1
17 79 1 -4.50423 1
17 80 1 4.59622 1
17 81 1 2.47385 1
17 82 1 1.70425 1
17 83 1 -1.5867 1
17 84 1 0.215966 1
17 85 1 3.69162 1
17 86 1 -0.775208 1
17 87 1 -2.9083 1
17 88 1 -6.59724 1
17 89 1 0.345535 1
17 90 1 -3.26263 1
17 91 1 4.25916 1
17 92 1 0.842116 1
17 93 1 1.77978 1
17 94 1 2.73224 1
17 95 1 1.69843 1
17 146 1 2.69502 1
146 72 1 -4.45101 0
146 30 1 -0.490976 1
146 177 1 0.122215 1
177 72 1 -4.34596 1
18 64 1 0.936195 1
18 65 1 -3.87951 1
18 66 1 2.56985 1
18 67 1 2.63374 1
18 68 1 -3.9364 1
18 69 1 -1.34638 0
18 70 1 4.70927 1
18 71 1 -0.772513 1
18 72 1 0.789916 1
18 73 1 -0.235023 1
18 74 1 2.86547 1
18 75 1 -3.51566 1
18 76 1 3.12127 1
18 77 1 -0.843546 1
18 78 1 1.8079 1
18 79 1 4.33289 1
18 80 1 -6.6549 1
18 81 1 4.01941 1
18 82 1 -4.60672 1
18 83 1 2.73614 1
18 84 1 -6.08842 1
18 85 1 3.42264 1
18 86 1 6.28523 1
18 87 1 -5.12826 1
18 88 1 1.75257 1
18 89 1 -2.56424 1
18 90 1 -0.60232 1
18 91 1 -0.674139 1
18 92 1 -4.40351 1
18 93 1 2.79022 1
18 94 1 0.0254504 1
18 95 1 -0.0173824 1
18 25 1 -3.38044 1
18 18 1 -1.51988 1
18 139 1 1.82353 1
18 182 1 0.405432 1
182 69 1 -1.06237 1
19 64 1 6.08902 1
19 65 1 -1.02717 1
19 66 1 6.96901 1
19 67 1 -1.83528 1
19 68 1 -1.63825 1
19 69 1 2.11789 1
19 70 1 -0.922046 1
19 71 1 0.885088 1
19 72 1 3.48169 1
19 73 1 0.757282 1
19 74 1 1.02985 1
19 75 1 -0.497219 1
19 76 1 -5.50949 1
19 77 1 0.384692 1
19 78 1 0.0170738 1
19 79 1 5.51448 1
19 80 1 -0.731713 1
19 81 1 -2.72108 1
19 82 1 0.0463571 1
19 83 1 -2.5925 1
19 84 1 2.32698 1
19 85 1 3.12307 1
19 86 1 -1.89023 1
19 87 1 3.13499 1
19 88 1 0.467522 1
19 89 1 5.9315 1
19 90 1 -0.326405 1
19 91 1 -1.55715 1
19 92 1 -0.756824 1
19 93 1 -4.19139 1
19 94 1 -1.50172 1
19 95 1 -7.5296 1
20 64 1 1.6598 1
20 65 1 -0.989323 1
20 66 1 -2.39367 1
20 67 1 -1.75972 1
20 68 1 0.83992 1
20 69 1 -0.600938 1
20 70 1 -4.01505 1
20 71 1 4.80204 1
20 72 1 -0.823747 1
20 73 1 3.11706 1
20 74 1 3.8784 1
20 75 1 3.63301 1
20 76 1 -0.67838 1
20 77 1 -3.21476 1
20 78 1 2.52497 1
20 79 1 0.83995 1
20 80 1 0.793131 1
20 81 1 0.422925 1
20 82 1 5.01134 1
20 83 1 0.352832 1
20 84 1 4.42697 1
20 85 1 -2.53024 1
20 86 1 -0.422319 1
20 87 1 0.865084 1
20 88 1 1.66746 1
20 89 1 1.01033 1
20 90 1 1.01128 1
20 91 1 2.41813 0
20 92 1 3.60535 1
20 93 1 2.78623 0
20 94 1 2.27998 0
20 95 1 1.60091 1
20 96 1 -1.79115 1
20 98 1 2.64622 1
20 103 1 1.95309 1
20 109 1 -0.446088 1
103 91 1 2.2662 0
103 105 1 3.42088 1
103 112 1 -1.12821 0
103 123 1 -1.97501 1
103 140 1 -2.35751 1
140 112 1 0.558971 1
123 91 1 -1.0217 1
123 113 1 -0.965699 0
123 136 1 1.47147 1
123 137 1 0.220813 1
136 113 1 -1.04424 1
136 6 1 -1.08685 1
105 91 1 3.52925 0
105 129 1 0.491948 1
129 91 1 1.26085 0
129 135 1 5.20905 1
129 116 1 -0.822616 1
135 91 1 -0.825473 1
98 93 1 2.93059 1
98 99 1 6.99292 1
98 15 1 1.59162 1
96 94 1 1.42558 1
96 20 1 -0.337675 0
96 155 1 2.7703 1
96 25 1 1.53736 1
155 20 1 -1.68731 0
155 30 1 0.632706 1
155 176 1 -0.628242 1
176 20 1 -0.958777 1
21 64 1 3.63075 1
21 65 1 5.27286 1
21 66 1 -5.24514 1
21 67 1 -4.20507 1
21 68 1 0.0815027 1
21 69 1 0.915949 1
21 70 1 1.1673 1
21 71 1 -6.87933 1
21 72 1 -7.75407 1
21 73 1 -1.76209 1
21 74 1 -3.14176 1
21 75 1 2.43817 1
21 76 1 -2.80547 1
21 77 1 -2.7268 1
21 78 1 -0.35642 1
21 79 1 -2.63371 1
21 80 1 0.0488914 1
21 81 1 -2.28694 1
21 82 1 0.831694 1
21 83 1 -3.15288 1
21 84 1 7.97978 1
21 85 1 1.12188 1
21 86 1 2.60914 1
21 87 1 0.189546 1
21 88 1 4.47943 1
21 89 1 0.720523 1
21 90 1 -0.937098 1
21 91 1 1.48268 0
21 92 1 3.28737 1
21 93 1 2.27406 1
21 94 1 -2.15921 1
21 95 1 0.62242 1
21 143 1 6.00645 1
143 91 1 -1.78368 1
22 64 1 1.06803 1
22 65 1 0.162115 1
22 66 1 1.78093 1
22 67 1 5.70916 1
22 68 1 1.01356 1
22 69 1 -1.67595 1
22 70 1 -1.28552 1
22 71 1 0.00934342 1
22 72 1 -4.67193 1
22 73 1 1.26546 1
22 74 1 -5.27213 1
22 75 1 -0.306504 1
22 76 1 0.734988 1
22 77 1 -1.22675 1
22 78 1 3.30652 1
22 79 1 6.32451 1
22 80 1 1.64867 1
22 81 1 -4.48125 1
22 82 1 2.02377 1
22 83 1 -1.22707 1
22 84 1 -1.77332 1
22 85 1 2.85522 1
22 86 1 -0.432869 1
22 87 1 4.79619 1
22 88 1 -3.57291 1
22 89 1 -0.298715 1
22 90 1 0.930472 1
22 91 1 1.46159 1
22 92 1 1.63175 1
22 93 1 2.86783 1
22 94 1 6.66259 1
22 95 1 0.0883216 1
23 64 1 -1.62303 1
23 65 1 1.67013 1
23 66 1 3.77687 1
23 67 1 3.10201 1
23 68 1 -3.86645 1
23 69 1 3.02438 1
23 70 1 2.8114 1
23 71 1 -4.5181 1
23 72 1 -0.414253 1
23 73 1 -1.33083 1
23 74 1 3.88241 1
23 75 1 1.72276 1
23 76 1 1.92559 1
23 77 1 3.13927 1
23 78 1 1.15392 0
23 79 1 -5.77099 1
23 80 1 1.96955 1
23 81 1 1.72008 1
23 82 1 -4.22166 1
23 83 1 -0.631634 1
23 84 1 2.29534 1
23 85 1 -3.09891 1
23 86 1 -12.6607 1
23 87 1 -0.418709 1
23 88 1 1.25076 1
23 89 1 -3.60921 1
23 90 1 -6.28253 1
23 91 1 -2.64685 1
23 92 1 3.26097 1
23 93 1 4.54778 1
23 94 1 -3.56163 1
23 95 1 0.290698 1
23 107 1 -0.190987 1
23 27 1 0.811598 1
23 178 1 1.18768 1
178 78 1 0.110472 1
24 64 1 -2.13037 1
24 65 1 3.08088 1
24 66 1 -1.18355 1
24 67 1 7.15126 1
24 68 1 -4.62001 1
24 69 1 2.83143 0
24 70 1 1.27455 1
24 71 1 5.06407 1
24 72 1 1.7144 1
24 73 1 1.7296 1
24 74 1 -0.525988 1
24 75 1 0.939361 1
24 76 1 -4.27456 1
24 77 1 -0.465498 1
24 78 1 -7.31343 1
24 79 1 0.73002 1
24 80 1 5.50518 1
24 81 1 4.36585 1
24 82 1 -2.0105 1
24 83 1 -1.4489 1
24 84 1 -4.28387 1
24 85 1 -0.0764924 1
24 86 1 -3.87686 1
24 87 1 3.36149 1
24 88 1 0.0783806 1
24 89 1 9.95234 1
24 90 1 5.06903 1
24 91 1 -1.76441 1
24 92 1 0.192738 1
24 93 1 -0.276743 1
24 94 1 0.220091 1
24 95 1 -5.3421 1
24 5 1 2.09343 1
24 168 1 -0.579683 1
168 69 1 4.24665 1
168 172 1 0.971374 1
25 64 1 -3.05427 1
25 65 1 1.40798 1
25 66 1 -1.15005 1
25 67 1 -3.08209 1
25 68 1 1.41872 1
25 69 1 -6.20794 1
25 70 1 -0.695679 0
25 71 1 -3.65798 1
25 72 1 1.82017 1
25 73 1 2.45013 1
25 74 1 2.01891 1
25 75 1 -2.85332 1
25 76 1 0.396222 1
25 77 1 -1.96643 1
25 78 1 3.38427 1
25 79 1 0.86342 1
25 80 1 -0.467634 1
25 81 1 -0.461196 1
25 82 1 -1.77018 1
25 83 1 1.1464 1
25 84 1 -0.176681 1
25 85 1 -1.57814 1
25 86 1 4.75371 1
25 87 1 -0.586786 1
25 88 1 -1.0056 1
25 89 1 -2.22902 1
25 90 1 -3.88427 1
25 91 1 4.0305 1
25 92 1 3.89806 1
25 93 1 -1.52039 1
25 94 1 -2.34219 0
25 95 1 -3.4019 1
25 8 1 1.00399 1
25 6 1 -1.23664 1
25 121 1 0.702682 1
25 175 1 1.11356 1
175 94 1 -3.38693 1
121 70 1 6.92091 1
26 64 1 -2.48589 1
26 65 1 2.31259 1
26 66 1 -1.93978 1
26 67 1 2.04071 1
26 68 1 -1.19993 1
26 69 1 1.22736 1
26 70 1 -0.517023 1
26 71 1 1.13818 1
26 72 1 -3.24054 1
26 73 1 0.287146 1
26 74 1 -9.12814 1
26 75 1 3.30255 1
26 76 1 1.55634 1
26 77 1 -4.90172 1
26 78 1 1.25022 1
26 79 1 0.368977 1
26 80 1 -3.84432 1
26 81 1 5.16597 1
26 82 1 3.40284 1
26 83 1 1.46849 1
26 84 1 -5.0965 1
26 85 1 -0.412938 1
26 86 1 -4.7682 1
26 87 1 2.02205 1
26 88 1 -4.58872 1
26 89 1 1.97526 1
26 90 1 -2.40331 1
26 91 1 -2.60374 1
26 92 1 -0.54497 1
26 93 1 -1.65096 1
26 94 1 1.71911 1
26 95 1 0.892279 1
26 23 1 5.20415 1
26 15 1 1.80182 1
26 161 1 -0.229152 1
27 64 1 -2.21246 1
27 65 1 7.04608 1
27 66 1 3.04606 1
27 67 1 -0.198633 1
27 68 1 3.12043 1
27 69 1 2.25986 1
27 70 1 4.87787 1
27 71 1 -6.46694 1
27 72 1 0.145709 1
27 73 1 2.13879 1
27 74 1 -3.38706 1
27 75 1 2.97914 1
27 76 1 -2.54001 1
27 77 1 1.4258 1
27 78 1 2.58925 1
27 79 1 1.26658 1
27 80 1 -1.18037 1
27 81 1 -2.73277 1
27 82 1 2.05396 1
27 83 1 -0.708579 1
27 84 1 3.26531 1
27 85 1 -0.882638 1
27 86 1 -4.60797 1
27 87 1 -1.74156 1
27 88 1 -8.22899 1
27 89 1 -5.2387 1
27 90 1 6.26619 1
27 91 1 -2.48149 1
27 92 1 0.380038 1
27 93 1 0.126719 1
27 94 1 -0.0647367 0
27 95 1 -0.638767 1
27 9 1 4.86694 1
27 5 1 1.10103 1
27 186 1 1.24425 1
186 94 1 -0.292152 1
28 64 1 2.24933 1
28 65 1 0.0109363 1
28 66 1 -1.01998 1
28 67 1 5.27808 1
28 68 1 5.18831 1
28 69 1 1.8082 1
28 70 1 -2.04866 1
28 71 1 1.49884 1
28 72 1 -7.53425 1
28 73 1 0.227519 1
28 74 1 -2.37462 1
28 75 1 1.90948 1
28 76 1 0.701098 1
28 77 1 2.72783 1
28 78 1 -4.05655 1
28 79 1 1.64274 1
28 80 1 1.78808 1
28 81 1 -0.404656 1
28 82 1 4.37539 1
28 83 1 1.69687 1
28 84 1 4.09627 1
28 85 1 -4.91773 1
28 86 1 -2.5493 1
28 87 1 2.15572 1
28 88 1 -5.41635 1
28 89 1 0.987673 1
28 90 1 -2.35318 1
28 91 1 1.89766 1
28 92 1 5.50738 1
28 93 1 -2.08696 1
28 94 1 6.11681 1
28 95 1 -1.43685 1
29 64 1 -0.37891 1
29 65 1 3.03354 1
29 66 1 -1.91992 1
29 67 1 3.93648 1
29 68 1 -8.48645 1
29 69 1 2.15898 1
29 70 1 -3.07207 1
29 71 1 -1.40169 1
29 72 1 1.63987 1
29 73 1 0.886845 1
29 74 1 -2.93699 1
29 75 1 -0.752672 1
29 76 1 -0.271397 1
29 77 1 2.1024 1
29 78 1 -5.2241 1
29 79 1 -2.69156 1
29 80 1 1.93545 1
29 81 1 2.18953 1
29 82 1 1.20966 1
29 83 1 0.77603 1
29 84 1 -0.733249 1
29 85 1 -1.5881 1
29 86 1 -3.55928 1
29 87 1 -2.69764 1
29 88 1 -2.53581 1
29 89 1 -2.16349 1
29 90 1 0.240351 1
29 91 1 1.55331 1
29 92 1 1.47116 1
29 93 1 0.0565034 1
29 94 1 -1.01348 1
29 95 1 1.91106 1
29 113 1 1.0659 1
30 64 1 -1.14918 1
30 65 1 6.64799 1
30 66 1 4.27298 1
30 67 1 -2.04943 1
30 68 1 1.34801 1
30 69 1 1.15876 1
30 70 1 5.03261 1
30 71 1 -1.46209 1
30 72 1 -2.78182 1
30 73 1 3.98953 1
30 74 1 -1.01092 1
30 75 1 1.52269 1
30 76 1 2.88096 1
30 77 1 -1.18434 1
30 78 1 4.24002 1
30 79 1 4.42602 1
30 80 1 -3.19585 1
30 81 1 -0.954761 1
30 82 1 6.56917 1
30 83 1 2.35771 1
30 84 1 2.29933 1
30 85 1 -2.29643 1
30 86 1 -1.52261 1
30 87 1 -3.20894 1
30 88 1 0.795215 1
30 89 1 -1.99553 1
30 90 1 -0.960696 1
30 91 1 4.14076 1
30 92 1 -0.315374 1
30 93 1 1.29814 1
30 94 1 1.81884 1
30 95 1 -3.00392 1
30 28 1 0.864061 1
31 64 1 2.26065 1
31 65 1 -4.68795 1
31 66 1 -4.9566 1
31 67 1 8.52158 1
31 68 1 5.59756 1
31 69 1 1.38102 1
31 70 1 -0.0826287 1
31 71 1 2.03916 1
31 72 1 -2.48251 1
31 73 1 0.526232 1
31 74 1 2.85089 1
31 75 1 -0.225355 1
31 76 1 -3.07948 1
31 77 1 0.36627 1
31 78 1 -4.19977 1
31 79 1 -0.217698 1
31 80 1 -0.590909 1
31 81 1 -1.4879 1
31 82 1 -0.349397 1
31 83 1 -0.95736 1
31 84 1 -3.65904 1
31 85 1 -4.37762 1
31 86 1 1.28288 1
31 87 1 -4.67946 0
31 88 1 1.88796 1
31 89 1 -2.18677 1
31 90 1 -1.12676 1
31 91 1 -3.85303 1
31 92 1 0.283833 1
31 93 1 -0.848545 1
31 94 1 3.27068 1
31 95 1 -0.986137 1
31 122 1 1.41834 1
31 10 1 -0.694278 1
31 117 1 -1.53494 1
122 87 1 -0.509073 1
32 64 1 6.66873 1
32 65 1 2.33848 1
32 66 1 -3.19126 1
32 67 1 1.99877 1
32 68 1 1.27447 1
32 69 1 4.28548 1
32 70 1 -0.628684 1
32 71 1 3.8146 1
32 72 1 -2.49794 1
32 73 1 1.4016 1
32 74 1 -0.051396 1
32 75 1 5.80828 1
32 76 1 0.889978 1
32 77 1 3.86723 1
32 78 1 0.610859 1
32 79 1 -0.853179 1
32 80 1 -0.638421 1
32 81 1 -0.209759 1
32 82 1 -3.1537 1
32 83 1 -2.649 1
32 84 1 1.94369 1
32 85 1 -2.31072 1
32 86 1 0.280457 1
32 87 1 -2.06857 1
32 88 1 0.0099531 1
32 89 1 -0.124195 1
32 90 1 2.77878 1
32 91 1 -4.74169 1
32 92 1 4.42971 1
32 93 1 2.63376 1
32 94 1 -1.98144 1
32 95 1 -0.0284382 1
33 64 1 1.59658 1
33 65 1 -3.72605 1
33 66 1 -1.96132 1
33 67 1 -1.62998 1
33 68 1 -0.937843 1
33 69 1 -3.17133 1
33 70 1 4.16224 1
33 71 1 4.43551 1
33 72 1 3.75088 1
33 73 1 3.5525 1
33 74 1 1.00156 1
33 75 1 -7.67815 1
33 76 1 -4.81973 1
33 77 1 2.61778 1
33 78 1 -1.70153 1
33 79 1 -4.68039 1
33 80 1 1.46683 1
33 81 1 -3.77387 1
33 82 1 -1.82731 1
33 83 1 0.841194 1
33 84 1 -1.80562 1
33 85 1 0.332228 1
33 86 1 4.21957 1
33 87 1 1.87783 1
33 88 1 3.09341 1
33 89 1 4.90324 1
33 90 1 -3.58774 1
33 91 1 -2.7712 1
33 92 1 1.82778 1
33 93 1 2.94447 1
33 94 1 3.79536 1
33 95 1 1.34752 1
33 20 1 0.0443398 1
33 107 1 -0.955834 1
33 13 1 1.08666 1
33 113 1 -2.36628 1
34 64 1 -0.883286 1
34 65 1 -1.68493 1
34 66 1 3.65414 1
34 67 1 0.836494 1
34 68 1 -2.14682 1
34 69 1 -1.78856 1
34 70 1 -2.4591 1
34 71 1 -3.21123 1
34 72 1 -4.09923 1
34 73 1 -3.79147 1
34 74 1 3.93201 1
34 75 1 6.27663 1
34 76 1 -3.26032 1
34 77 1 -0.618155 1
34 78 1 -1.33521 1
34 79 1 0.450354 1
34 80 1 3.8435 1
34 81 1 -1.65783 1
34 82 1 2.70505 1
34 83 1 1.73105 1
34 84 1 -0.258877 1
34 85 1 -1.66445 1
34 86 1 -1.15898 1
34 87 1 -1.59771 1
34 88 1 -0.0361319 1
34 89 1 -0.582858 1
34 90 1 -6.31097 1
34 91 1 4.17758 1
34 92 1 3.37695 1
34 93 1 -2.43285 1
34 94 1 4.27586 1
34 95 1 2.22175 1
34 113 1 -1.43884 1
35 64 1 1.37531 1
35 65 1 -2.70593 1
35 66 1 -1.40497 1
35 67 1 5.61249 1
35 68 1 2.34867 1
35 69 1 1.57463 1
35 70 1 2.56682 1
35 71 1 2.21136 1
35 72 1 0.769415 1
35 73 1 6.82609 1
35 74 1 0.0627761 1
35 75 1 -2.28263 1
35 76 1 -4.11544 1
35 77 1 1.26223 1
35 78 1 -0.619475 1
35 79 1 3.8744 1
35 80 1 -6.51474 1
35 81 1 -0.078282 1
35 82 1 4.64137 0
35 83 1 -2.54292 1
35 84 1 6.42637 1
35 85 1 -3.69195 1
35 86 1 -1.1021 1
35 87 1 -3.84941 1
35 88 1 0.171411 1
35 89 1 3.20706 0
35 90 1 -1.92283 1
35 91 1 -0.0231864 1
35 92 1 -2.36758 1
35 93 1 -6.97452 1
35 94 1 0.446073 1
35 95 1 0.120448 1
35 130 1 1.64343 1
35 133 1 6.51529 1
133 82 1 0.911029 1
130 89 1 -0.362393 1
130 109 1 0.385074 1
36 64 1 3.00682 1
36 65 1 3.33415 1
36 66 1 2.52206 1
36 67 1 0.190094 1
36 68 1 -5.89766 1
36 69 1 -1.94523 1
36 70 1 -3.18993 1
36 71 1 0.96796 1
36 72 1 -2.65899 1
36 73 1 -0.246954 1
36 74 1 -0.795007 1
36 75 1 0.653812 1
36 76 1 2.37421 1
36 77 1 -4.9104 1
36 78 1 0.822217 1
36 79 1 4.98048 1
36 80 1 4.32975 1
36 81 1 -1.62402 1
36 82 1 0.284287 0
36 83 1 -0.118509 1
36 84 1 3.9607 1
36 85 1 -3.21342 1
36 86 1 0.340931 1
36 87 1 1.36172 1
36 88 1 -2.26739 1
36 89 1 0.290263 1
36 90 1 -4.15128 1
36 91 1 0.461817 1
36 92 1 5.02642 1
36 93 1 1.81562 1
36 94 1 -2.63295 1
36 95 1 7.65733 1
36 109 1 0.561889 0
36 24 1 -1.9158 1
36 117 1 2.40967 1
117 109 1 2.00745 1
117 4 1 -0.0407508 1
109 82 1 0.21758 1
109 31 1 1.6288 1
37 64 1 -5.90641 1
37 65 1 1.46181 1
37 66 1 -3.57037 1
37 67 1 0.619385 1
37 68 1 -4.63565 1
37 69 1 2.47564 1
37 70 1 -6.55002 1
37 71 1 -1.16356 1
37 72 1 1.37477 1
37 73 1 0.0357372 1
37 74 1 0.804175 1
37 75 1 0.144906 1
37 76 1 3.23302 0
37 77 1 1.77202 1
37 78 1 -0.857001 1
37 79 1 1.1035 1
37 80 1 1.51851 1
37 81 1 2.85705 1
37 82 1 1.9268 1
37 83 1 3.96796 1
37 84 1 -5.11749 1
37 85 1 4.31045 1
37 86 1 -1.89405 1
37 87 1 -1.21322 1
37 88 1 -1.19878 1
37 89 1 -4.01466 1
37 90 1 -4.25602 1
37 91 1 0.536135 1
37 92 1 3.80071 1
37 93 1 0.836063 1
37 94 1 -2.39421 1
37 95 1 1.4946 1
37 142 1 1.10662 1
37 160 1 -1.01609 1
142 76 1 -0.422094 1
142 147 1 0.536197 1
142 6 1 0.50178 1
38 64 1 0.70625 1
38 65 1 -1.81778 1
38 66 1 -1.0028 1
38 67 1 -4.63554 1
38 68 1 -1.80658 1
38 69 1 -5.19945 1
38 70 1 -0.308229 1
38 71 1 -0.602693 1
38 72 1 1.77058 1
38 73 1 2.02668 1
38 74 1 -2.01952 1
38 75 1 5.57734 1
38 76 1 2.22128 1
38 77 1 -2.42778 1
38 78 1 -0.75108 1
38 79 1 -0.588168 1
38 80 1 -0.76443 1
38 81 1 -3.21527 1
38 82 1 3.72777 1
38 83 1 -0.713235 1
38 84 1 -1.66986 1
38 85 1 -2.07685 1
38 86 1 -0.273416 1
38 87 1 1.85711 0
38 88 1 4.11479 1
38 89 1 5.15011 1
38 90 1 -1.23249 1
38 91 1 3.17554 1
38 92 1 3.08844 0
38 93 1 0.190477 1
38 94 1 0.46199 1
38 95 1 -2.54369 1
38 148 1 2.94385 1
38 162 1 -0.219644 1
162 87 1 0.854068 0
162 185 1 1.2203 1
185 87 1 0.734303 1
148 92 1 2.87239 1
39 64 1 1.31818 1
39 65 1 -1.51143 1
39 66 1 0.458918 1
39 67 1 -1.50437 1
39 68 1 0.72543 1
39 69 1 -0.633684 1
39 70 1 0.934847 1
39 71 1 -1.72548 1
39 72 1 -3.56795 1
39 73 1 -4.31837 1
39 74 1 -0.272695 1
39 75 1 3.95091 0
39 76 1 4.94836 0
39 77 1 -0.191375 1
39 78 1 -3.64605 1
39 79 1 -5.22636 1
39 80 1 -1.05819 1
39 81 1 -1.64835 1
39 82 1 -4.87677 1
39 83 1 -3.10805 1
39 84 1 -3.70765 1
39 85 1 0.110718 1
39 86 1 1.47427 1
39 87 1 2.09934 1
39 88 1 -1.14065 1
39 89 1 0.603325 1
39 90 1 4.53824 1
39 91 1 -0.118629 1
39 92 1 6.48224 1
39 93 1 1.1489 1
39 94 1 -5.41973 1
39 95 1 -1.72862 1
39 2 1 -2.40653 1
39 112 1 3.31727 1
39 13 1 -0.254471 1
39 104 1 -0.62852 1
39 172 1 2.79456 1
172 76 1 3.91578 1
172 28 1 0.585504 1
112 75 1 -1.50059 1
112 138 1 -0.773713 1
112 153 1 1.08623 0
112 170 1 0.312942 1
112 113 1 0.920829 1
170 153 1 -2.65615 1
170 126 1 1.7623 1
40 64 1 -5.27654 1
40 65 1 -0.496858 1
40 66 1 3.15331 1
40 67 1 2.19893 1
40 68 1 0.751026 1
40 69 1 3.53493 1
40 70 1 -0.266691 1
40 71 1 0.512719 1
40 72 1 0.387362 1
40 73 1 1.67966 1
40 74 1 -0.51369 1
40 75 1 1.60285 1
40 76 1 -2.72723 1
40 77 1 3.26256 1
40 78 1 2.1057 1
40 79 1 -2.13657 1
40 80 1 2.56489 1
40 81 1 1.50407 1
40 82 1 0.214519 1
40 83 1 -3.1581 1
40 84 1 -3.64218 1
40 85 1 0.00338967 1
40 86 1 1.72374 1
40 87 1 -0.27528 1
40 88 1 1.47419 1
40 89 1 -1.35446 1
40 90 1 -0.370084 1
40 91 1 -1.27949 1
40 92 1 -2.34389 1
40 93 1 0.897381 1
40 94 1 1.08681 1
40 95 1 2.90436 1
40 2 1 1.26774 1
40 134 1 2.55297 1
41 64 1 2.97799 1
41 65 1 -0.469095 1
41 66 1 0.77739 1
41 67 1 0.358657 1
41 68 1 2.66313 1
41 69 1 -1.29764 1
41 70 1 2.11519 1
41 71 1 1.12859 1
41 72 1 4.77362 1
41 73 1 -5.77633 1
41 74 1 1.06461 1
41 75 1 3.57571 1
41 76 1 -5.70415 1
41 77 1 1.33476 1
41 78 1 -4.7328 1
41 79 1 1.84436 1
41 80 1 2.92809 1
41 81 1 4.10919 1
41 82 1 -2.35669 1
41 83 1 2.42513 1
41 84 1 -3.08125 1
41 85 1 0.158775 1
41 86 1 0.246653 1
41 87 1 1.54768 1
41 88 1 2.93256 1
41 89 1 -0.759766 1
41 90 1 -0.905639 1
41 91 1 1.303 1
41 92 1 -0.796841 1
41 93 1 -0.334082 1
41 94 1 -3.54383 1
41 95 1 0.276661 1
41 11 1 0.919344 1
41 29 1 -3.40763 1
41 97 1 -2.06136 1
42 64 1 2.15555 1
42 65 1 0.637908 1
42 66 1 -1.38829 1
42 67 1 2.32766 1
42 68 1 -2.9806 1
42 69 1 -1.1233 1
42 70 1 0.923428 1
42 71 1 0.472822 1
42 72 1 -2.56378 1
42 73 1 -1.19038 1
42 74 1 3.72657 1
42 75 1 -2.97441 1
42 76 1 -4.20738 1
42 77 1 -2.47764 1
42 78 1 0.475477 1
42 79 1 1.83785 1
42 80 1 -0.310964 1
42 81 1 3.76822 1
42 82 1 2.9323 1
42 83 1 2.62509 1
42 84 1 -0.387697 1
42 85 1 -0.539266 1
42 86 1 2.69943 1
42 87 1 -3.55015 1
42 88 1 -2.85987 1
42 89 1 -1.50494 1
42 90 1 2.27217 1
42 91 1 1.88807 1
42 92 1 1.48685 1
42 93 1 1.34963 1
42 94 1 -3.67789 1
42 95 1 -1.34983 1
43 64 1 1.61457 1
43 65 1 -2.68235 1
43 66 1 4.44482 1
43 67 1 0.63362 1
43 68 1 0.664083 1
43 69 1 -3.30161 1
43 70 1 0.455253 1
43 71 1 -4.98553 1
43 72 1 0.548518 1
43 73 1 -9.20667 1
43 74 1 3.07401 1
43 75 1 -5.00017 1
43 76 1 -1.89293 1
43 77 1 1.07714 1
43 78 1 1.08888 1
43 79 1 -4.26618 1
43 80 1 -0.756129 1
43 81 1 3.36731 1
43 82 1 1.79448 1
43 83 1 -2.23497 1
43 84 1 -2.09601 1
43 85 1 2.71207 1
43 86 1 3.84256 1
43 87 1 5.7533 1
43 88 1 2.83859 1
43 89 1 2.87872 1
43 90 1 -0.392366 1
43 91 1 -3.51097 1
43 92 1 3.36939 1
43 93 1 1.6668 1
43 94 1 -0.565693 1
43 95 1 1.80182 1
44 64 1 -0.837199 1
44 65 1 -5.42201 1
44 66 1 -1.36354 1
44 67 1 -3.17644 1
44 68 1 0.428993 1
44 69 1 -3.77782 1
44 70 1 3.22529 1
44 71 1 4.03209 1
44 72 1 -2.98133 1
44 73 1 1.64683 1
44 74 1 -1.802 1
44 75 1 -4.02163 1
44 76 1 -1.99658 1
44 77 1 2.95999 1
44 78 1 3.42572 1
44 79 1 0.724557 1
44 80 1 6.87096 1
44 81 1 -2.92984 1
44 82 1 2.64446 1
44 83 1 -1.23172 1
44 84 1 1.4091 1
44 85 1 -0.790399 1
44 86 1 4.2247 1
44 87 1 0.0253782 1
44 88 1 1.62951 1
44 89 1 0.932464 1
44 90 1 3.36093 1
44 91 1 3.18534 1
44 92 1 -1.94831 1
44 93 1 3.4554 1
44 94 1 -3.00162 1
44 95 1 -3.44773 1
44 8 1 -1.78225 1
44 29 1 0.944099 1
45 64 1 -1.5758 1
45 65 1 -0.358113 1
45 66 1 -0.507096 1
45 67 1 3.43538 1
45 68 1 0.138591 1
45 69 1 -5.2674 1
45 70 1 -4.32266 1
45 71 1 0.28405 1
45 72 1 -4.50946 1
45 73 1 1.66329 1
45 74 1 3.67674 1
45 75 1 3.75025 1
45 76 1 -2.16402 1
45 77 1 -1.79296 1
45 78 1 -1.35262 1
45 79 1 3.44561 1
45 80 1 -1.35283 1
45 81 1 1.98717 1
45 82 1 0.780333 1
45 83 1 -3.29191 1
45 84 1 1.2607 1
45 85 1 -3.34837 1
45 86 1 2.38843 1
45 87 1 0.76437 1
45 88 1 4.58406 1
45 89 1 -2.8148 1
45 90 1 -0.137057 1
45 91 1 3.26066 1
45 92 1 -1.37009 1
45 93 1 -7.45479 1
45 94 1 1.7297 1
45 95 1 -4.73254 1
45 9 1 4.72469 1
45 20 1 0.0794284 1
45 17 1 -1.24469 1
46 64 1 2.09348 1
46 65 1 0.236286 1
46 66 1 2.40072 1
46 67 1 3.24101 1
46 68 1 -6.05215 1
46 69 1 0.263791 1
46 70 1 2.88468 1
46 71 1 -1.1301 1
46 72 1 2.75451 1
46 73 1 -3.92708 1
46 74 1 -1.82027 1
46 75 1 -1.5828 1
46 76 1 -6.04282 1
46 77 1 4.57304 1
46 78 1 0.206311 1
46 79 1 -0.811243 1
46 80 1 2.67104 1
46 81 1 2.1658 1
46 82 1 -0.906763 1
46 83 1 2.42038 1
46 84 1 -1.09202 1
46 85 1 3.6115 1
46 86 1 -2.99996 1
46 87 1 7.40244 1
46 88 1 0.660611 1
46 89 1 -5.32439 1
46 90 1 -4.09904 1
46 91 1 0.946164 1
46 92 1 -1.55031 1
46 93 1 -1.38409 1
46 94 1 1.31687 1
46 95 1 -0.0212187 1
46 24 1 1.82358 1
47 64 1 -0.385595 1
47 65 1 0.190165 1
47 66 1 -1.24603 1
47 67 1 2.31174 1
47 68 1 -0.803892 1
47 69 1 2.31155 1
47 70 1 -2.09692 1
47 71 1 1.27312 1
47 72 1 0.00275478 1
47 73 1 4.84209 0
47 74 1 -1.47788 1
47 75 1 -0.379342 1
47 76 1 -3.62183 1
47 77 1 -7.65034 1
47 78 1 -2.75379 1
47 79 1 -1.04219 1
47 80 1 6.28099 1
47 81 1 -3.80674 1
47 82 1 3.13888 1
47 83 1 -0.557682 1
47 84 1 -3.62056 1
47 85 1 -1.35001 1
47 86 1 -2.82226 1
47 87 1 5.92637 1
47 88 1 4.91958 1
47 89 1 1.24637 1
47 90 1 6.31608 1
47 91 1 1.7542 1
47 92 1 1.95326 1
47 93 1 1.95299 1
47 94 1 2.74712 1
47 95 1 -0.793815 1
47 4 1 0.562859 1
47 137 1 3.01566 1
137 73 1 4.20848 0
137 156 1 -0.804092 1
156 73 1 3.39703 1
156 15 1 -0.515163 1
156 104 1 1.98359 1
48 64 1 -0.532874 1
48 65 1 -1.56517 1
48 66 1 3.53282 1
48 67 1 -2.78479 1
48 68 1 -5.2853 1
48 69 1 -4.54184 1
48 70 1 1.27369 1
48 71 1 0.784253 1
48 72 1 -6.92555 1
48 73 1 3.29323 1
48 74 1 5.80903 1
48 75 1 -4.73169 1
48 76 1 -2.78025 1
48 77 1 -1.41191 1
48 78 1 -1.68613 1
48 79 1 2.42412 1
48 80 1 -0.689359 1
48 81 1 -3.36555 1
48 82 1 -2.11858 1
48 83 1 -0.462893 1
48 84 1 0.952414 1
48 85 1 -0.578966 1
48 86 1 -1.43224 1
48 87 1 0.73167 1
48 88 1 0.467628 1
48 89 1 -1.66931 1
48 90 1 1.55361 1
48 91 1 -0.559412 1
48 92 1 -6.69395 1
48 93 1 0.933377 1
48 94 1 7.15492 1
48 95 1 3.88606 1
48 16 1 0.833505 1
48 12 1 0.0106977 1
48 14 1 -1.31931 1
48 30 1 1.70728 1
49 64 1 0.0680819 1
49 65 1 -5.71443 1
49 66 1 1.41875 1
49 67 1 -1.06502 1
49 68 1 -5.01131 1
49 69 1 0.857748 1
49 70 1 0.205457 1
49 71 1 -2.23852 1
49 72 1 -2.87392 1
49 73 1 0.11142 1
49 74 1 2.63959 1
49 75 1 0.940821 1
49 76 1 -6.3717 1
49 77 1 -4.37728 1
49 78 1 -2.14548 0
49 79 1 2.24111 1
49 80 1 5.46094 1
49 81 1 -2.27345 1
49 82 1 1.11017 1
49 83 1 0.211256 1
49 84 1 0.681469 1
49 85 1 -1.36106 1
49 86 1 -1.94815 1
49 87 1 -2.54016 1
49 88 1 2.30499 1
49 89 1 2.75907 1
49 90 1 -2.94853 1
49 91 1 3.12923 1
49 92 1 0.478499 1
49 93 1 3.4514 1
49 94 1 1.62222 1
49 95 1 2.66922 1
49 19 1 0.59019 1
49 31 1 -1.04374 1
49 15 1 -3.8926 1
49 158 1 -0.447157 1
49 26 1 0.941269 1
49 144 1 -3.1772 1
158 78 1 -1.97655 1
50 64 1 -3.61868 1
50 65 1 -3.46071 1
50 66 1 0.926866 1
50 67 1 0.195997 1
50 68 1 2.65393 1
50 69 1 -1.61809 1
50 70 1 1.525 1
50 71 1 6.80751 1
50 72 1 -3.66995 1
50 73 1 3.29589 1
50 74 1 -0.74821 1
50 75 1 2.91303 1
50 76 1 -2.3008 1
50 77 1 -2.25737 1
50 78 1 0.885594 1
50 79 1 -1.75273 1
50 80 1 1.90101 1
50 81 1 1.11695 1
50 82 1 -3.38559 1
50 83 1 4.76059 1
50 84 1 0.850166 1
50 85 1 5.3066 1
50 86 1 5.02623 1
50 87 1 -1.12124 1
50 88 1 -1.08813 1
50 89 1 -0.0391527 1
50 90 1 0.567144 1
50 91 1 0.571463 1
50 92 1 -0.379036 1
50 93 1 -2.60195 1
50 94 1 -1.59766 1
50 95 1 0.31087 1
50 4 1 4.59876 1
50 22 1 -0.636112 1
51 64 1 -0.310994 1
51 65 1 5.07556 1
51 66 1 2.73216 1
51 67 1 -2.14196 1
51 68 1 0.0530863 1
51 69 1 0.110005 1
51 70 1 0.934086 1
51 71 1 4.54782 1
51 72 1 -4.49557 1
51 73 1 -1.25385 0
51 74 1 -1.83455 1
51 75 1 4.07079 1
51 76 1 -2.99524 1
51 77 1 4.35545 1
51 78 1 6.41048 1
51 79 1 -0.699705 1
51 80 1 -0.0354193 1
51 81 1 -3.041 1
51 82 1 -0.283923 1
51 83 1 6.31705 1
51 84 1 -3.37375 1
51 85 1 0.789469 1
51 86 1 -1.67306 1
51 87 1 2.68387 1
51 88 1 -1.88272 0
51 89 1 0.595441 1
51 90 1 -0.985744 1
51 91 1 -2.20013 1
51 92 1 2.57649 1
51 93 1 5.89273 1
51 94 1 -4.84242 1
51 95 1 -1.93331 1
51 116 1 1.66128 1
51 12 1 -1.70227 1
51 179 1 -0.240236 1
179 88 1 -0.59603 1
116 73 1 0.781744 0
116 134 1 3.00755 1
134 73 1 3.9642 1
134 128 1 2.46203 1
52 64 1 -2.97349 1
52 65 1 5.22725 1
52 66 1 -0.774131 1
52 67 1 0.42296 1
52 68 1 1.64858 1
52 69 1 6.31172 1
52 70 1 3.43867 1
52 71 1 -1.92819 1
52 72 1 -0.523936 1
52 73 1 3.4846 1
52 74 1 3.86282 1
52 75 1 2.39869 1
52 76 1 -4.62374 1
52 77 1 0.122323 1
52 78 1 4.14889 1
52 79 1 -3.25678 1
52 80 1 -1.33905 1
52 81 1 0.501755 1
52 82 1 -1.43703 1
52 83 1 0.621061 1
52 84 1 0.0607105 1
52 85 1 -0.712964 1
52 86 1 -6.60166 1
52 87 1 0.837265 1
52 88 1 0.34254 1
52 89 1 0.531872 1
52 90 1 -1.03172 1
52 91 1 -0.263333 1
52 92 1 0.249288 1
52 93 1 -3.90336 0
52 94 1 4.60396 1
52 95 1 0.0294141 1
52 115 1 1.54766 1
52 139 1 1.49027 1
52 23 1 -1.42525 1
139 93 1 -0.00795573 0
139 181 1 0.719916 0
139 184 1 1.61829 1
184 181 1 0.0448275 1
184 15 1 1.50211 1
181 93 1 -0.998778 1
53 64 1 -3.93378 1
53 65 1 0.0192659 1
53 66 1 -2.02888 1
53 67 1 -1.55797 1
53 68 1 -1.79446 1
53 69 1 0.97002 1
53 70 1 1.16927 0
53 71 1 0.606445 1
53 72 1 -1.12368 1
53 73 1 0.0721845 1
53 74 1 -0.531384 1
53 75 1 -2.59294 1
53 76 1 0.271278 1
53 77 1 2.01179 1
53 78 1 0.175133 1
53 79 1 -0.33263 1
53 80 1 1.73117 1
53 81 1 2.73345 1
53 82 1 1.62245 1
53 83 1 -1.58203 1
53 84 1 1.25297 1
53 85 1 1.44979 1
53 86 1 0.355522 1
53 87 1 -1.22613 1
53 88 1 1.03327 1
53 89 1 0.79289 1
53 90 1 -3.16528 1
53 91 1 0.776864 1
53 92 1 2.18508 1
53 93 1 -1.10754 1
53 94 1 -1.05817 1
53 95 1 -3.88836 1
53 20 1 5.34625 1
53 23 1 -1.04678 1
53 149 1 -1.27759 1
149 70 1 -1.86162 0
149 153 1 0.587332 1
149 126 1 -0.795557 1
153 70 1 1.11212 0
153 183 1 1.30585 1
183 70 1 0.475697 1
54 64 1 3.62403 1
54 65 1 1.98205 1
54 66 1 -1.12352 1
54 67 1 1.25887 1
54 68 1 3.96721 1
54 69 1 -3.93577 1
54 70 1 1.03976 1
54 71 1 4.65876 1
54 72 1 1.31406 1
54 73 1 0.0476973 1
54 74 1 -0.679551 1
54 75 1 -2.83045 1
54 76 1 -4.72783 1
54 77 1 1.17893 1
54 78 1 -2.04169 1
54 79 1 3.0787 1
54 80 1 1.72629 1
54 81 1 4.92808 1
54 82 1 -2.47917 1
54 83 1 3.88382 1
54 84 1 -0.145562 1
54 85 1 0.765243 1
54 86 1 -5.45906 1
54 87 1 -0.065535 1
54 88 1 0.627641 1
54 89 1 5.13994 1
54 90 1 -2.87125 1
54 91 1 1.86271 1
54 92 1 -2.02849 1
54 93 1 4.27375 1
54 94 1 -3.76 1
54 95 1 -2.07455 1
54 30 1 -0.399994 1
54 144 1 2.91383 1
54 16 1 -0.604738 1
55 64 1 0.543213 1
55 65 1 -2.68492 1
55 66 1 -2.85812 1
55 67 1 -2.63787 1
55 68 1 1.34195 1
55 69 1 0.525549 1
55 70 1 3.38143 1
55 71 1 -5.3232 1
55 72 1 1.9962 1
55 73 1 -1.00096 1
55 74 1 3.66349 1
55 75 1 -3.00039 1
55 76 1 -5.62702 1
55 77 1 2.35755 1
55 78 1 2.24369 1
55 79 1 4.95723 1
55 80 1 -1.90479 1
55 81 1 2.15782 1
55 82 1 -2.24061 1
55 83 1 1.89061 1
55 84 1 -0.424516 1
55 85 1 -7.79607 1
55 86 1 0.411159 1
55 87 1 -2.44107 1
55 88 1 -5.97468 1
55 89 1 1.25344 1
55 90 1 -1.10833 1
55 91 1 0.672804 1
55 92 1 10.4365 1
55 93 1 -4.07303 1
55 94 1 -3.1406 1
55 95 1 -0.678447 0
55 28 1 4.84883 1
55 114 1 -0.177816 1
55 0 1 -3.1438 1
55 2 1 -0.664106 1
114 95 1 -1.0042 1
56 64 1 2.92561 1
56 65 1 -10.8091 1
56 66 1 -0.814833 1
56 67 1 -1.93178 1
56 68 1 3.09718 0
56 69 1 -2.5381 1
56 70 1 2.32089 1
56 71 1 3.38692 1
56 72 1 -1.92517 1
56 73 1 0.447612 1
56 74 1 2.56936 1
56 75 1 6.19217 1
56 76 1 -1.71953 1
56 77 1 -2.62157 1
56 78 1 -3.44134 1
56 79 1 -1.5527 1
56 80 1 0.0145046 1
56 81 1 5.46204 1
56 82 1 2.68254 1
56 83 1 -1.28628 1
56 84 1 -2.52022 1
56 85 1 -1.53559 1
56 86 1 1.87398 1
56 87 1 0.73049 1
56 88 1 1.56983 1
56 89 1 1.74704 1
56 90 1 -0.197248 1
56 91 1 -0.867972 1
56 92 1 1.27884 1
56 93 1 3.11128 1
56 94 1 -1.39882 1
56 95 1 -1.80554 1
56 3 1 -2.21996 1
56 126 1 4.77108 1
56 0 1 -1.87819 1
126 68 1 2.34634 1
126 11 1 -3.69614 1
57 64 1 -4.64117 1
57 65 1 7.06747 1
57 66 1 -1.03361 1
57 67 1 -2.68832 1
57 68 1 -0.1993 1
57 69 1 -1.79582 0
57 70 1 -0.0421947 1
57 71 1 2.52277 1
57 72 1 3.72259 1
57 73 1 -2.7013 1
57 74 1 1.47443 1
57 75 1 5.49255 1
57 76 1 3.91612 1
57 77 1 -5.40645 1
57 78 1 1.32939 1
57 79 1 -2.60018 1
57 80 1 3.45008 1
57 81 1 5.042 1
57 82 1 3.74421 1
57 83 1 -2.78794 1
57 84 1 0.127797 1
57 85 1 -4.54245 1
57 86 1 -1.119 1
57 87 1 0.225124 1
57 88 1 2.27228 1
57 89 1 1.24493 1
57 90 1 0.269512 1
57 91 1 -3.04376 1
57 92 1 -1.97026 1
57 93 1 -4.06371 1
57 94 1 -0.845943 1
57 95 1 3.1032 1
57 104 1 5.0278 1
57 22 1 0.763882 1
104 69 1 1.34793 1
104 1 1 2.33532 1
104 107 1 -0.478756 1
104 19 1 0.726813 1
58 64 1 7.57232 1
58 65 1 -3.39304 1
58 66 1 -2.56207 1
58 67 1 -0.119513 1
58 68 1 -3.86548 1
58 69 1 -2.7096 1
58 70 1 -0.0610122 1
58 71 1 2.27623 1
58 72 1 1.97208 1
58 73 1 -2.9623 1
58 74 1 1.92399 1
58 75 1 1.30588 1
58 76 1 0.827933 1
58 77 1 3.9101 1
58 78 1 -2.95723 1
58 79 1 -0.178867 0
58 80 1 -3.75593 1
58 81 1 3.33473 1
58 82 1 0.576307 1
58 83 1 1.73849 1
58 84 1 -2.12782 1
58 85 1 0.842754 1
58 86 1 1.81528 1
58 87 1 -3.43845 1
58 88 1 -6.23693 1
58 89 1 -2.48554 1
58 90 1 1.32402 1
58 91 1 -3.09118 1
58 92 1 0.889 0
58 93 1 0.921071 1
58 94 1 -2.13821 1
58 95 1 3.54528 1
58 128 1 1.462 1
58 115 1 0.398838 1
58 174 1 1.95361 1
174 92 1 0.221644 1
128 79 1 -0.0075404 0
128 131 1 2.39761 1
131 79 1 1.97261 0
131 160 1 0.809674 1
160 79 1 4.0603 0
160 125 1 1.9388 1
160 173 1 -0.048962 1
173 79 1 1.99174 1
59 64 1 -2.90769 1
59 65 1 1.64396 1
59 66 1 5.60868 1
59 67 1 -2.12843 1
59 68 1 3.22291 1
59 69 1 -3.71045 1
59 70 1 -2.99449 1
59 71 1 -0.445042 1
59 72 1 -0.3528 1
59 73 1 -1.02911 1
59 74 1 1.0164 1
59 75 1 0.644381 1
59 76 1 2.68714 1
59 77 1 0.457639 0
59 78 1 2.56948 1
59 79 1 -2.65716 1
59 80 1 2.44499 1
59 81 1 1.6605 1
59 82 1 -3.38369 1
59 83 1 6.11952 1
59 84 1 1.23829 1
59 85 1 -5.76383 1
59 86 1 -4.61917 1
59 87 1 1.58488 1
59 88 1 4.78127 1
59 89 1 0.0371849 1
59 90 1 0.180058 1
59 91 1 -1.47975 1
59 92 1 2.52091 1
59 93 1 2.73291 1
59 94 1 -5.68234 1
59 95 1 2.77848 1
59 97 1 -1.43407 1
59 5 1 -5.83687 1
59 11 1 -3.90384 1
59 13 1 0.457648 1
97 77 1 -6.07603 1
97 22 1 0.169855 1
97 2 1 -6.6542 0
97 99 1 1.21845 1
97 7 1 3.26528 0
97 102 1 1.9439 1
97 17 1 2.7992 1
102 7 1 5.44722 1
99 2 1 0.0605902 0
99 108 1 5.38393 1
99 15 1 4.74396 1
108 2 1 0.0639349 0
108 125 1 6.86919 0
108 0 1 -0.830721 1
108 187 1 0.907446 1
187 125 1 6.89855 1
125 2 1 2.12183 1
125 1 1 1.19749 1
60 64 1 0.556156 1
60 65 1 -0.318314 1
60 66 1 1.35712 1
60 67 1 -1.35229 1
60 68 1 0.833385 1
60 69 1 3.41447 1
60 70 1 -1.83375 1
60 71 1 1.86731 1
60 72 1 -0.471209 0
60 73 1 1.96611 1
60 74 1 1.16645 1
60 75 1 1.06578 1
60 76 1 -1.90461 1
60 77 1 6.58139 1
60 78 1 -3.44209 1
60 79 1 -0.246965 1
60 80 1 -5.41892 1
60 81 1 -3.16852 1
60 82 1 -0.840785 1
60 83 1 1.7524 1
60 84 1 -5.0858 1
60 85 1 2.11172 1
60 86 1 2.61533 1
60 87 1 -0.726692 1
60 88 1 -4.22629 1
60 89 1 1.29439 1
60 90 1 -1.53349 1
60 91 1 -0.157113 1
60 92 1 -0.544076 1
60 93 1 -1.06205 1
60 94 1 -0.726335 1
60 95 1 0.17616 1
60 24 1 -0.54725 1
60 0 1 3.96085 1
60 115 1 2.82545 1
60 3 1 -3.0064 1
60 20 1 -0.609843 1
115 72 1 -1.45696 1
115 18 1 1.54166 1
115 14 1 3.06648 1
115 19 1 -1.47955 1
61 64 1 0.0526369 1
61 65 1 -0.188112 1
61 66 1 2.68268 1
61 67 1 0.854685 1
61 68 1 -3.91716 1
61 69 1 4.43786 1
61 70 1 3.45226 1
61 71 1 1.16336 1
61 72 1 0.636308 1
61 73 1 0.624826 1
61 74 1 3.95125 1
61 75 1 4.96653 1
61 76 1 2.54135 1
61 77 1 -3.0734 0
61 78 1 -4.83577 1
61 79 1 1.96703 1
61 80 1 -2.05221 1
61 81 1 -0.54764 1
61 82 1 -1.63396 1
61 83 1 -1.23159 1
61 84 1 -3.36928 1
61 85 1 -1.14584 1
61 86 1 -0.327468 1
61 87 1 2.59602 1
61 88 1 -2.12355 1
61 89 1 1.93768 1
61 90 1 -3.26625 1
61 91 1 2.11454 1
61 92 1 -0.467261 1
61 93 1 0.028528 1
61 94 1 1.20567 1
61 95 1 -1.05229 1
61 107 1 0.287098 1
61 113 1 -0.633731 1
61 14 1 -1.78661 1
107 77 1 -5.23036 0
107 113 1 -1.27942 1
107 14 1 -1.91508 1
107 20 1 1.08488 1
107 2 1 0.0420355 1
113 77 1 -1.39509 0
113 23 1 -1.35921 1
113 147 1 1.35331 1
113 159 1 1.07755 1
159 77 1 -2.85793 0
159 161 1 0.515681 1
161 77 1 -1.21349 1
62 64 1 -1.09381 1
62 65 1 -2.36102 1
62 66 1 3.01062 1
62 67 1 -2.12075 1
62 68 1 2.45112 1
62 69 1 -0.987114 1
62 70 1 -1.36692 1
62 71 1 -5.24864 1
62 72 1 3.95866 1
62 73 1 2.88807 1
62 74 1 2.73062 1
62 75 1 -1.87897 1
62 76 1 2.42719 1
62 77 1 -4.04834 1
62 78 1 -2.03501 1
62 79 1 -2.94572 1
62 80 1 1.77577 1
62 81 1 0.794493 1
62 82 1 -1.57067 1
62 83 1 3.28245 1
62 84 1 -1.55247 0
62 85 1 -1.01345 1
62 86 1 3.37449 1
62 87 1 -1.97676 1
62 88 1 0.584505 1
62 89 1 -2.85536 1
62 90 1 -8.91688 1
62 91 1 -0.154844 1
62 92 1 -0.401593 1
62 93 1 -1.27295 1
62 94 1 -1.41216 1
62 95 1 -1.88379 1
62 5 1 0.987037 1
62 138 1 1.92809 0
62 152 1 1.0189 1
62 31 1 1.51164 1
152 138 1 1.59788 1
138 84 1 -1.33526 1
63 64 1 3.19503 1
63 65 1 -1.92434 1
63 66 1 5.49619 1
63 67 1 -3.84688 1
63 68 1 2.68666 1
63 69 1 -3.5478 1
63 70 1 -3.53726 1
63 71 1 2.12137 1
63 72 1 0.285471 1
63 73 1 2.05254 1
63 74 1 -7.41774 1
63 75 1 0.0155624 1
63 76 1 0.0374768 0
63 77 1 0.544887 1
63 78 1 -0.506791 1
63 79 1 -0.741146 1
63 80 1 2.71358 1
63 81 1 -1.92968 1
63 82 1 2.73433 1
63 83 1 -4.44557 1
63 84 1 -1.74418 1
63 85 1 -4.96508 1
63 86 1 6.5064 1
63 87 1 -2.83484 0
63 88 1 -1.13084 1
63 89 1 -2.03313 1
63 90 1 -0.520872 1
63 91 1 -2.67364 1
63 92 1 0.373291 1
63 93 1 2.45066 1
63 94 1 1.52409 1
63 95 1 -1.60028 1
63 141 1 7.01651 1
63 144 1 1.42378 1
144 76 1 -0.158324 0
144 147 1 1.27031 1
147 76 1 -2.12496 1
147 9 1 -2.89227 1
141 87 1 -5.06012 1
141 10 1 1.85617 1
