189 64 32
3.12625 -2.2508 -3.20876 4.31387 -6.29764 4.86584 -0.2186 4.1766 -0.84761 6.60668 2.91484 6.53191 -3.56121 -3.82716 -2.00344 -3.21111 2.4035 0.0763583 1.62345 -0.94829 -1.52048 -0.354831 -0.088434 1.33505 -6.59325 0.15834 4.47688 1.61562 -4.39003 -3.00435 -4.18084 0.115106 -1.84197 1.43583 -0.232463 3.96912 -4.19328 -0.0683482 -1.1837 -0.808785 -2.54108 2.51899 -2.17361 -3.2175 -5.22451 -5.86133 -4.81167 2.70442 -0.0333921 4.76124 1.21332 -5.19902 -4.29543 -1.29176 -0.678616 3.23215 -2.47834 3.0855 1.80873 -1.50755 2.27666 -4.04484 -4.7011 -3.05946 -4.21607 -3.09291 3.48077 2.08234 -3.76922 1.05866 -2.06297 -5.96339 -4.19112 -3.32575 2.78683 4.90695 -0.514552 -2.0583 -0.747189 -5.61973 0.451032 0.250049 -4.39659 2.32862 2.99588 1.92324 -2.89634 0.617139 4.3806 0.910476 -2.88795 1.62369 -1.39092 -0.233024 0.822612 -0.629801 -2.18113 -1.50231 -2.20781 -2.38097 0.924766 -3.08685 -5.07937 -1.20844 -4.0101 1.44332 -1.98646 -4.66678 -2.0243 -1.27655 -1.62726 2.96813 1.91437 -6.54589 1.27658 -1.32901 -1.15031 0.406352 -0.225695 -0.87404 4.26496 -1.86653 -1.28942 -0.498719 1.05237 4.45254 -0.0603174 0.660169 1.34875 3.68183 1.10731 -1.13125 -1.43793 0.522312 -2.32443 0.599383 -0.487128 0.718251 -3.89522 -1.53586 2.83497 -2.91728 -2.17271 -3.4535 0.791298 2.15496 0.538229 -3.36556 -1.1867 -4.01415 -1.11725 -0.35145 0.355821 -0.49437 0.393911 -0.561166 -0.409554 0.499935 -0.120409 0.787054 1.38098 0.330714 0.90046 1.51766 0.777161 -0.607454 1.48284 -0.0679712 -0.307553 0.819584 0.574548 1.11897 1.8466 -0.520957 -1.01652 -0.13568 0.00677961 -0.133226 -0.126967 0.947599 0.443463 0.720494 0.902367 0.407859 -1.06826 0.62063 -0.10954 0.00302283 -0.281949 
0 64 1 -4.9744 1
0 65 1 1.59882 1
0 66 1 2.70355 1
0 67 1 -0.329971 1
0 68 1 -3.11009 1
0 69 1 2.23506 1
0 70 1 2.4004 1
0 71 1 1.85724 1
0 72 1 2.5305 1
0 73 1 -0.120271 1
0 74 1 -2.04594 1
0 75 1 2.79073 1
0 76 1 2.463 1
0 77 1 2.25743 1
0 78 1 -0.382133 1
0 79 1 0.516749 1
0 80 1 3.39754 1
0 81 1 3.9452 1
0 82 1 5.95435 1
0 83 1 1.38734 1
0 84 1 -2.57806 1
0 85 1 5.24751 1
0 86 1 -3.12286 1
0 87 1 -4.37271 1
0 88 1 3.36734 1
0 89 1 3.86371 1
0 90 1 3.74853 1
0 91 1 5.0997 1
0 92 1 -4.23825 1
0 93 1 -1.07469 1
0 94 1 3.19287 1
0 95 1 -0.268782 1
0 10 1 -2.37862 1
1 64 1 0.861305 1
1 65 1 -5.50538 1
1 66 1 2.65009 1
1 67 1 -5.68892 1
1 68 1 6.22143 1
1 69 1 -2.89983 1
1 70 1 3.18891 1
1 71 1 -0.767964 1
1 72 1 -4.01812 1
1 73 1 -1.67455 1
1 74 1 -3.14044 1
1 75 1 4.71866 1
1 76 1 -3.64499 1
1 77 1 6.67391 1
1 78 1 -0.356206 1
1 79 1 -2.6348 1
1 80 1 -0.771149 1
1 81 1 0.0260877 1
1 82 1 -1.2353 1
1 83 1 -5.591 1
1 84 1 -5.38586 1
1 85 1 -2.17256 1
1 86 1 3.23936 1
1 87 1 -1.30178 1
1 88 1 -1.78592 1
1 89 1 3.7436 1
1 90 1 -0.812223 1
1 91 1 -1.52665 1
1 92 1 0.428371 1
1 93 1 0.489629 1
1 94 1 -0.728881 1
1 95 1 -7.15573 1
1 27 1 -0.595526 1
2 64 1 2.02291 1
2 65 1 -2.43287 1
2 66 1 -5.60319 1
2 67 1 -3.23131 1
2 68 1 -1.57925 1
2 69 1 -0.587184 1
2 70 1 -1.22724 1
2 71 1 1.71291 1
2 72 1 -0.761157 1
2 73 1 -1.59816 1
2 74 1 -2.59011 1
2 75 1 1.52118 1
2 76 1 -2.90616 1
2 77 1 -2.00686 1
2 78 1 -0.432177 1
2 79 1 -3.9157 1
2 80 1 -5.97254 1
2 81 1 -6.56184 1
2 82 1 0.808927 1
2 83 1 -4.77071 1
2 84 1 -0.397207 1
2 85 1 2.99486 1
2 86 1 -1.51759 1
2 87 1 -1.20035 1
2 88 1 -1.88099 1
2 89 1 -4.53031 1
2 90 1 -3.99584 1
2 91 1 -2.85171 1
2 92 1 2.51049 0
2 93 1 -1.55485 1
2 94 1 3.76201 1
2 95 1 -2.77685 1
2 100 1 -0.0638841 1
2 6 1 3.98678 1
2 110 1 -0.968106 1
2 180 1 2.40382 1
180 92 1 2.84179 1
3 64 1 -0.740921 1
3 65 1 -2.27401 1
3 66 1 0.247875 1
3 67 1 -0.272377 1
3 68 1 5.64477 1
3 69 1 -2.59818 1
3 70 1 -2.86589 1
3 71 1 -0.564393 1
3 72 1 8.05491 1
3 73 1 -0.0504493 1
3 74 1 -0.0826325 1
3 75 1 4.55168 1
3 76 1 0.0579288 1
3 77 1 0.59379 1
3 78 1 -2.32728 1
3 79 1 1.59187 1
3 80 1 -3.72491 1
3 81 1 1.45677 1
3 82 1 5.5709 1
3 83 1 3.4789 1
3 84 1 0.178657 1
3 85 1 -5.13278 1
3 86 1 1.71124 1
3 87 1 4.44652 1
3 88 1 -2.1521 1
3 89 1 3.78155 1
3 90 1 0.699308 1
3 91 1 2.42293 1
3 92 1 1.28876 1
3 93 1 -3.25712 1
3 94 1 -1.21652 1
3 95 1 4.34418 0
3 110 1 2.49298 1
110 95 1 -1.03869 0
110 111 1 -2.56274 0
110 132 1 3.56967 1
110 152 1 0.972088 1
110 126 1 -0.0653594 1
110 20 1 1.01935 1
110 16 1 0.541297 1
132 111 1 2.10918 1
111 95 1 1.41286 1
4 64 1 2.58277 1
4 65 1 -0.0185614 1
4 66 1 -1.53403 1
4 67 1 5.31138 1
4 68 1 0.948187 1
4 69 1 2.68258 1
4 70 1 -0.763533 1
4 71 1 -0.150961 1
4 72 1 -1.71639 1
4 73 1 -1.95967 0
4 74 1 -0.416608 1
4 75 1 -7.28816 0
4 76 1 0.652897 1
4 77 1 2.6066 1
4 78 1 -0.970327 1
4 79 1 1.09162 1
4 80 1 -6.25655 1
4 81 1 2.72821 1
4 82 1 0.684332 1
4 83 1 -1.6293 1
4 84 1 -2.47094 1
4 85 1 2.08867 1
4 86 1 1.29024 1
4 87 1 -3.13385 1
4 88 1 -2.40386 1
4 89 1 -3.62183 1
4 90 1 3.74338 1
4 91 1 -1.95793 1
4 92 1 -1.87037 1
4 93 1 1.26345 0
4 94 1 -2.81242 1
4 95 1 1.70671 1
4 101 1 3.43443 1
4 17 1 5.09989 1
4 118 1 2.28651 1
4 145 1 1.40455 1
4 119 1 -0.670645 1
145 93 1 0.334958 1
118 73 1 -5.49545 1
101 75 1 2.21794 1
5 64 1 -3.38863 1
5 65 1 6.83328 1
5 66 1 -2.77538 1
5 67 1 9.65397 1
5 68 1 2.47976 1
5 69 1 2.9501 1
5 70 1 1.13133 1
5 71 1 -1.84395 1
5 72 1 -0.201777 1
5 73 1 -1.97575 1
5 74 1 -2.66372 1
5 75 1 3.77728 1
5 76 1 2.94767 1
5 77 1 1.50547 1
5 78 1 -0.961067 1
5 79 1 0.919482 1
5 80 1 1.33658 1
5 81 1 -1.20831 1
5 82 1 -1.24247 1
5 83 1 6.00287 1
5 84 1 3.26648 1
5 85 1 3.3357 1
5 86 1 1.08149 1
5 87 1 -0.323332 1
5 88 1 0.886342 1
5 89 1 -3.63995 1
5 90 1 -1.53401 1
5 91 1 -1.32052 1
5 92 1 -2.80973 1
5 93 1 0.223469 1
5 94 1 -2.32565 1
5 95 1 -0.60911 1
5 28 1 2.37577 1
6 64 1 -0.658794 1
6 65 1 -1.83499 1
6 66 1 2.32908 1
6 67 1 2.84969 1
6 68 1 -3.17805 1
6 69 1 -3.25024 1
6 70 1 -5.69254 1
6 71 1 -0.590466 1
6 72 1 2.7975 1
6 73 1 -4.38035 1
6 74 1 -3.65809 1
6 75 1 2.76157 1
6 76 1 5.63067 1
6 77 1 -3.23281 1
6 78 1 -0.365653 1
6 79 1 -4.26231 1
6 80 1 3.01056 1
6 81 1 -1.57282 1
6 82 1 1.78315 1
6 83 1 2.98823 1
6 84 1 3.16781 1
6 85 1 -6.90922 1
6 86 1 -0.450032 1
6 87 1 5.57132 1
6 88 1 -2.13822 1
6 89 1 -2.4491 1
6 90 1 3.51676 1
6 91 1 0.817926 1
6 92 1 6.1175 1
6 93 1 -3.81111 1
6 94 1 -1.98362 1
6 95 1 2.75216 1
6 26 1 0.961362 1
7 64 1 1.90467 1
7 65 1 1.99865 1
7 66 1 1.11399 1
7 67 1 -5.51334 1
7 68 1 -3.7276 1
7 69 1 -3.44393 1
7 70 1 6.34103 1
7 71 1 4.4576 1
7 72 1 4.17329 1
7 73 1 -1.46934 1
7 74 1 0.10641 1
7 75 1 -0.0790109 0
7 76 1 1.04823 1
7 77 1 3.19521 1
7 78 1 2.9557 1
7 79 1 1.65179 1
7 80 1 -0.907824 1
7 81 1 2.3124 1
7 82 1 -4.79889 0
7 83 1 0.306879 0
7 84 1 -3.91215 1
7 85 1 3.96014 1
7 86 1 0.456543 1
7 87 1 3.86273 1
7 88 1 -1.94736 1
7 89 1 -1.95133 1
7 90 1 1.82258 1
7 91 1 -3.74495 1
7 92 1 0.02389 1
7 93 1 -0.9618 1
7 94 1 0.0828347 1
7 95 1 1.47661 1
7 100 1 -0.452677 1
7 127 1 2.91509 1
7 164 1 0.59514 1
164 75 1 0.180622 1
127 82 1 -4.73054 0
127 169 1 0.117223 1
127 150 1 1.45272 1
169 82 1 -4.00057 1
100 83 1 3.35034 0
100 24 1 -1.15707 0
100 106 1 2.7224 1
100 166 1 0.0759972 1
166 83 1 3.1944 1
106 24 1 -8.82528 1
106 6 1 -3.36871 1
8 64 1 1.73089 1
8 65 1 -2.48687 1
8 66 1 -0.672958 1
8 67 1 -1.84012 1
8 68 1 -2.58156 1
8 69 1 4.18791 1
8 70 1 1.66441 1
8 71 1 2.37753 1
8 72 1 4.19493 1
8 73 1 -3.57913 1
8 74 1 -2.86626 1
8 75 1 -2.81918 1
8 76 1 3.0082 1
8 77 1 2.7303 1
8 78 1 0.658583 1
8 79 1 -2.2039 1
8 80 1 0.0229909 1
8 81 1 -2.1857 1
8 82 1 -1.31795 1
8 83 1 -3.47377 1
8 84 1 2.77453 1
8 85 1 8.37851 1
8 86 1 5.99933 1
8 87 1 2.64283 1
8 88 1 0.640966 1
8 89 1 5.3942 1
8 90 1 1.6039 1
8 91 1 -2.64138 1
8 92 1 2.0028 1
8 93 1 4.25164 1
8 94 1 5.88172 1
8 95 1 -1.6596 1
8 17 1 0.104271 1
9 64 1 -4.21036 1
9 65 1 -2.47291 1
9 66 1 2.00014 1
9 67 1 0.312584 1
9 68 1 -1.09412 1
9 69 1 -0.689071 1
9 70 1 -7.66133 1
9 71 1 -1.50069 1
9 72 1 2.03719 1
9 73 1 -2.49493 1
9 74 1 0.240223 1
9 75 1 1.89482 1
9 76 1 2.94688 1
9 77 1 0.708393 1
9 78 1 2.79541 1
9 79 1 0.875919 0
9 80 1 -1.89578 1
9 81 1 2.30026 1
9 82 1 -1.51764 1
9 83 1 -1.99139 1
9 84 1 4.95106 1
9 85 1 0.986572 1
9 86 1 0.566994 1
9 87 1 0.00403546 1
9 88 1 2.91058 1
9 89 1 4.32962 1
9 90 1 0.0727907 1
9 91 1 0.467566 1
9 92 1 -1.54936 1
9 93 1 -1.45947 1
9 94 1 -4.2443 1
9 95 1 0.372403 1
9 103 1 -2.19637 1
9 130 1 -0.380443 1
9 157 1 -0.150434 1
157 79 1 0.198383 1
157 22 1 -1.28402 1
10 64 1 1.34251 1
10 65 1 -0.551912 1
10 66 1 4.18105 1
10 67 1 -2.13891 1
10 68 1 2.73153 1
10 69 1 -1.58754 1
10 70 1 -0.594366 1
10 71 1 -0.218256 1
10 72 1 5.77673 1
10 73 1 4.25592 1
10 74 1 0.844985 0
10 75 1 1.3401 1
10 76 1 3.45856 1
10 77 1 0.0788221 1
10 78 1 0.149355 1
10 79 1 -4.09548 1
10 80 1 -3.34491 1
10 81 1 5.42658 1
10 82 1 3.09191 1
10 83 1 -0.187425 1
10 84 1 7.42693 1
10 85 1 1.94014 1
10 86 1 -3.24168 1
10 87 1 -2.74031 1
10 88 1 2.62947 1
10 89 1 0.4701 1
10 90 1 -0.155875 1
10 91 1 2.4073 1
10 92 1 -1.36522 1
10 93 1 -0.664196 1
10 94 1 4.19757 1
10 95 1 4.86988 0
10 124 1 3.7216 1
10 165 1 -0.511682 1
165 95 1 5.07979 1
165 133 1 1.15999 1
124 74 1 -1.32553 1
124 12 1 2.16502 0
124 171 1 -1.45357 1
171 12 1 1.84755 1
171 152 1 -0.340493 1
11 64 1 3.14332 1
11 65 1 1.47849 1
11 66 1 3.8812 1
11 67 1 -2.23111 1
11 68 1 1.08072 1
11 69 1 1.94271 1
11 70 1 4.03229 1
11 71 1 0.86796 1
11 72 1 -8.315 1
11 73 1 1.04339 1
11 74 1 -0.145075 0
11 75 1 -2.4505 1
11 76 1 -2.0987 1
11 77 1 0.192496 1
11 78 1 -1.81813 1
11 79 1 -0.0557002 1
11 80 1 -1.41205 1
11 81 1 2.31651 1
11 82 1 4.60087 0
11 83 1 4.26493 1
11 84 1 1.60583 1
11 85 1 -1.9434 1
11 86 1 -4.94592 1
11 87 1 1.01527 1
11 88 1 -7.17866 1
11 89 1 2.82608 1
11 90 1 0.75175 1
11 91 1 -1.86164 1
11 92 1 -1.34993 1
11 93 1 2.35918 1
11 94 1 -3.33082 1
11 95 1 -6.17105 1
11 120 1 -6.40007 1
11 109 1 -1.56634 1
11 154 1 2.4519 1
11 8 1 -1.40249 1
11 112 1 3.1972 1
154 82 1 4.01842 1
120 74 1 -2.32056 1
120 13 1 0.236028 0
120 150 1 3.95237 1
150 13 1 1.76691 0
150 163 1 3.5819 1
163 13 1 1.2935 1
12 64 1 -2.53305 1
12 65 1 -1.75696 0
12 66 1 -0.737491 1
12 67 1 -3.21272 1
12 68 1 1.15919 1
12 69 1 2.16418 1
12 70 1 1.87119 1
12 71 1 -1.84102 1
12 72 1 3.166 1
12 73 1 -3.57764 1
12 74 1 -3.41817 1
12 75 1 0.163284 1
12 76 1 -2.28371 1
12 77 1 2.73541 1
12 78 1 -1.39038 1
12 79 1 -1.97693 1
12 80 1 -1.83166 1
12 81 1 -2.77784 1
12 82 1 5.25235 1
12 83 1 0.727673 1
12 84 1 2.97542 1
12 85 1 0.7567 1
12 86 1 -4.5495 1
12 87 1 -3.97741 1
12 88 1 -1.34397 1
12 89 1 1.10538 1
12 90 1 -0.737588 1
12 91 1 -2.35699 1
12 92 1 1.64956 1
12 93 1 -1.101 1
12 94 1 3.02587 1
12 95 1 -2.97433 1
12 17 1 1.14709 1
12 18 1 0.645082 1
12 144 1 -1.59631 1
12 167 1 1.47328 1
12 11 1 -0.102139 1
167 65 1 -3.10743 1
167 12 1 1.11004 1
13 64 1 -0.26286 1
13 65 1 -2.24414 1
13 66 1 -1.14686 1
13 67 1 -0.138001 1
13 68 1 3.88994 1
13 69 1 -3.47035 1
13 70 1 -1.26172 1
13 71 1 0.955637 1
13 72 1 0.191585 1
13 73 1 -0.183004 1
13 74 1 -1.022 1
13 75 1 -1.9937 1
13 76 1 -0.192556 1
13 77 1 -2.08332 1
13 78 1 3.79685 1
13 79 1 3.86421 1
13 80 1 0.238553 1
13 81 1 1.8407 1
13 82 1 3.46095 1
13 83 1 4.19558 1
13 84 1 -5.43004 1
13 85 1 5.73024 1
13 86 1 5.42485 1
13 87 1 5.75106 1
13 88 1 3.71057 1
13 89 1 0.0594005 1
13 90 1 -4.67948 1
13 91 1 -5.34849 1
13 92 1 -3.56684 1
13 93 1 -3.41628 1
13 94 1 -0.0522648 1
13 95 1 -3.5537 1
14 64 1 0.956286 1
14 65 1 4.76947 1
14 66 1 -0.0673146 1
14 67 1 3.39032 1
14 68 1 -1.12908 1
14 69 1 1.74407 1
14 70 1 0.457707 1
14 71 1 0.532653 1
14 72 1 5.29914 1
14 73 1 1.9754 1
14 74 1 0.590784 1
14 75 1 2.85283 1
14 76 1 -5.11616 1
14 77 1 -0.0975767 1
14 78 1 -1.67206 1
14 79 1 -0.51227 1
14 80 1 -0.955809 1
14 81 1 1.85084 0
14 82 1 4.77198 1
14 83 1 -0.974777 1
14 84 1 -0.549172 1
14 85 1 -2.1978 1
14 86 1 3.66822 1
14 87 1 -0.308281 1
14 88 1 -2.9486 1
14 89 1 1.27339 1
14 90 1 0.454643 1
14 91 1 4.2361 1
14 92 1 4.34855 1
14 93 1 2.92081 1
14 94 1 5.83514 1
14 95 1 1.86172 1
14 104 1 0.173668 1
14 119 1 1.25333 1
14 126 1 1.68976 1
119 81 1 5.24959 1
119 99 1 1.19814 1
15 64 1 0.0953315 1
15 65 1 1.81925 1
15 66 1 -2.44445 1
15 67 1 -2.31497 1
15 68 1 2.38131 1
15 69 1 -3.19131 1
15 70 1 8.00256 1
15 71 1 -2.30237 1
15 72 1 -1.40645 1
15 73 1 1.105 1
15 74 1 0.98677 1
15 75 1 -0.457319 1
15 76 1 -0.0637667 1
15 77 1 1.78237 1
15 78 1 -3.52194 1
15 79 1 1.44682 1
15 80 1 4.75778 1
15 81 1 -0.878165 1
15 82 1 -4.15461 1
15 83 1 0.426998 1
15 84 1 0.921355 1
15 85 1 -2.26937 1
15 86 1 2.42868 1
15 87 1 -6.29148 1
15 88 1 1.61761 1
15 89 1 4.64089 1
15 90 1 0.187107 1
15 91 1 -3.43885 1
15 92 1 1.42184 1
15 93 1 -0.669813 1
15 94 1 -0.207786 1
15 95 1 -2.18191 1
15 20 1 -1.91065 1
16 64 1 2.75967 1
16 65 1 -2.76881 1
16 66 1 -1.74087 1
16 67 1 -4.80022 1
16 68 1 1.22627 1
16 69 1 0.167195 1
16 70 1 2.78363 1
16 71 1 5.39515 1
16 72 1 -0.661352 1
16 73 1 -1.6842 1
16 74 1 1.04879 1
16 75 1 1.99151 1
16 76 1 2.06905 1
16 77 1 2.91161 1
16 78 1 -1.60997 1
16 79 1 -2.73198 0
16 80 1 2.23021 1
16 81 1 2.05073 1
16 82 1 -3.1027 1
16 83 1 1.69443 1
16 84 1 0.2591 1
16 85 1 0.592321 1
16 86 1 2.22192 1
16 87 1 -0.73236 1
16 88 1 2.67668 1
16 89 1 0.920685 1
16 90 1 -4.21396 1
16 91 1 4.61359 1
16 92 1 3.84126 1
16 93 1 -2.31858 1
16 94 1 -0.0371083 1
16 95 1 -3.3963 1
16 26 1 -0.719589 1
16 151 1 1.95643 1
16 144 1 -0.819719 1
151 79 1 -0.0200686 1
17 64 1 -1.56657 1
17 65 1 -0.408762 1
17 66 1 -0.269964 1
17 67 1 3.5326 1
17 68 1 1.08604 1
17 69 1 0.813409 1
17 70 1 0.850415 1
17 71 1 4.39598 1
17 72 1 -5.33742 0
17 73 1 1.46309 1
17 74 1 3.49142 1
17 75 1 -1.20955 1
17 76 1 -1.08987 1
17 77 1 2.34651 1
17 78 1 -3.00004 1
17 79 1 -3.83864 1
17 80 1 4.69612 1
17 81 1 2.49051 1
17 82 1 1.08563 1
17 83 1 -1.7454 1
17 84 1 0.247778 1
17 85 1 3.41859 1
17 86 1 -0.717075 1
17 87 1 -2.19714 1
17 88 1 -6.6548 1
17 89 1 0.926462 1
17 90 1 -3.14602 1
17 91 1 4.40656 1
17 92 1 0.568088 1
17 93 1 1.91205 1
17 94 1 2.53115 1
17 95 1 1.36643 1
17 146 1 3.28143 1
146 72 1 -4.99625 0
146 30 1 -0.241445 1
146 177 1 0.250352 1
177 72 1 -4.04116 1
18 64 1 0.499305 1
18 65 1 -3.89078 1
18 66 1 1.75417 1
18 67 1 2.32297 1
18 68 1 -3.92505 1
18 69 1 -1.34137 0
18 70 1 3.76914 1
18 71 1 -0.578729 1
18 72 1 0.86607 1
18 73 1 0.0536574 1
18 74 1 3.23791 1
18 75 1 -3.11685 1
18 76 1 2.33368 1
18 77 1 -0.666575 1
18 78 1 1.85722 1
18 79 1 3.65284 1
18 80 1 -6.82549 1
18 81 1 4.05559 1
18 82 1 -4.7574 1
18 83 1 2.59698 1
18 84 1 -5.90449 1
18 85 1 2.95451 1
18 86 1 5.74321 1
18 87 1 -5.07709 1
18 88 1 1.78906 1
18 89 1 -2.26176 1
18 90 1 -0.453616 1
18 91 1 -0.698003 1
18 92 1 -4.4151 1
18 93 1 2.72151 1
18 94 1 0.0128635 1
18 95 1 0.178359 1
18 25 1 -2.86374 1
18 18 1 -1.39758 1
18 139 1 2.31375 1
18 182 1 0.781224 1
182 69 1 -0.718256 1
19 64 1 6.00358 1
19 65 1 -1.11053 1
19 66 1 7.04195 1
19 67 1 -1.57761 1
19 68 1 -1.87649 1
19 69 1 2.38174 1
19 70 1 -0.970954 1
19 71 1 1.44993 1
19 72 1 2.95612 1
19 73 1 0.499564 1
19 74 1 0.781291 1
19 75 1 -0.326903 1
19 76 1 -5.99898 1
19 77 1 0.26462 1
19 78 1 0.352276 1
19 79 1 5.26134 1
19 80 1 -1.40185 1
19 81 1 -2.95875 1
19 82 1 -0.376044 1
19 83 1 -2.21692 1
19 84 1 2.59367 1
19 85 1 3.30445 1
19 86 1 -2.36463 1
19 87 1 3.16232 1
19 88 1 0.618402 1
19 89 1 6.01978 1
19 90 1 -0.324818 1
19 91 1 -1.55026 1
19 92 1 -0.552356 1
19 93 1 -4.0814 1
19 94 1 -1.35827 1
19 95 1 -7.291 1
20 64 1 1.5483 1
20 65 1 -0.641044 1
20 66 1 -2.29665 1
20 67 1 -1.60963 1
20 68 1 0.397498 1
20 69 1 -0.407025 1
20 70 1 -4.63173 1
20 71 1 4.95195 1
20 72 1 -0.77601 1
20 73 1 3.45581 1
20 74 1 3.98114 1
20 75 1 4.22082 1
20 76 1 -0.390237 1
20 77 1 -2.94807 1
20 78 1 3.01632 1
20 79 1 1.03182 1
20 80 1 0.836886 1
20 81 1 0.559055 1
20 82 1 4.67739 1
20 83 1 1.01629 1
20 84 1 4.30796 1
20 85 1 -2.8629 1
20 86 1 -0.398487 1
20 87 1 1.14112 1
20 88 1 1.63339 1
20 89 1 0.696541 1
20 90 1 1.05524 1
20 91 1 1.58191 0
20 92 1 3.31172 1
20 93 1 2.36122 0
20 94 1 2.41561 0
20 95 1 1.8901 1
20 96 1 -1.95213 1
20 98 1 2.53949 1
20 103 1 1.93095 1
20 109 1 0.301661 1
103 91 1 2.25661 0
103 105 1 2.8589 1
103 112 1 -1.18487 0
103 123 1 -1.83206 1
103 140 1 -2.76285 1
140 112 1 1.22441 1
140 102 1 -0.00616369 1
123 91 1 -0.761841 1
123 113 1 -0.999209 0
123 136 1 1.62251 1
123 137 1 0.744857 1
136 113 1 -1.17807 1
136 6 1 -2.06148 1
105 91 1 4.05574 0
105 129 1 0.801914 1
129 91 1 1.28194 0
129 135 1 5.10085 1
129 116 1 -0.602699 1
135 91 1 -1.36805 1
98 93 1 2.94613 1
98 99 1 6.83413 1
98 15 1 1.35157 1
96 94 1 0.823075 1
96 20 1 0.0204313 0
96 155 1 2.19083 1
96 25 1 1.79242 1
155 20 1 -1.64253 0
155 30 1 1.24226 1
155 176 1 -0.261076 1
176 20 1 -1.21224 1
21 64 1 3.61068 1
21 65 1 5.85358 1
21 66 1 -5.52036 1
21 67 1 -4.12188 1
21 68 1 -0.390629 1
21 69 1 0.740447 1
21 70 1 0.945974 1
21 71 1 -7.23234 1
21 72 1 -7.82967 1
21 73 1 -1.87219 1
21 74 1 -3.33548 1
21 75 1 2.55818 1
21 76 1 -2.87474 1
21 77 1 -2.8858 1
21 78 1 -1.20015 1
21 79 1 -3.17813 1
21 80 1 -0.100525 1
21 81 1 -2.01892 1
21 82 1 0.745136 1
21 83 1 -3.24884 1
21 84 1 8.19737 1
21 85 1 0.998045 1
21 86 1 2.68345 1
21 87 1 -0.33187 1
21 88 1 4.57523 1
21 89 1 0.76136 1
21 90 1 -0.700136 1
21 91 1 0.88844 0
21 92 1 3.27659 1
21 93 1 1.95821 1
21 94 1 -2.81666 1
21 95 1 -0.00735728 1
21 143 1 5.67496 1
143 91 1 -2.20831 1
22 64 1 1.06626 1
22 65 1 -0.274031 1
22 66 1 1.6856 1
22 67 1 5.10274 1
22 68 1 1.37414 1
22 69 1 -1.76432 1
22 70 1 -1.53138 1
22 71 1 0.133188 1
22 72 1 -4.5781 1
22 73 1 1.02012 1
22 74 1 -5.10702 1
22 75 1 -0.683856 1
22 76 1 0.456823 1
22 77 1 -1.42116 1
22 78 1 3.72681 1
22 79 1 6.54505 1
22 80 1 1.73166 1
22 81 1 -4.5245 1
22 82 1 1.9999 1
22 83 1 -1.15209 1
22 84 1 -2.23411 1
22 85 1 2.60818 1
22 86 1 0.010896 1
22 87 1 5.00295 1
22 88 1 -3.45996 1
22 89 1 -0.858098 1
22 90 1 0.542641 1
22 91 1 1.30542 1
22 92 1 1.31681 1
22 93 1 3.0086 1
22 94 1 6.66257 1
22 95 1 1.06648 1
23 64 1 -1.16717 1
23 65 1 1.78554 1
23 66 1 3.43347 1
23 67 1 3.18776 1
23 68 1 -4.10077 1
23 69 1 3.5262 1
23 70 1 2.73561 1
23 71 1 -4.58598 1
23 72 1 -0.976211 1
23 73 1 -1.81311 1
23 74 1 3.61801 1
23 75 1 2.43157 1
23 76 1 2.23379 1
23 77 1 2.46729 1
23 78 1 0.420658 0
23 79 1 -5.60373 1
23 80 1 2.37243 1
23 81 1 2.13897 1
23 82 1 -4.15266 1
23 83 1 -0.966426 1
23 84 1 2.38517 1
23 85 1 -2.94398 1
23 86 1 -12.5185 1
23 87 1 -1.00835 1
23 88 1 1.0467 1
23 89 1 -3.60053 1
23 90 1 -6.65575 1
23 91 1 -2.3808 1
23 92 1 3.432 1
23 93 1 3.68212 1
23 94 1 -3.43031 1
23 95 1 0.658419 1
23 107 1 -0.260978 1
23 27 1 0.886015 1
23 178 1 1.16544 1
178 78 1 0.279013 1
24 64 1 -2.22412 1
24 65 1 2.81816 1
24 66 1 -1.07007 1
24 67 1 6.82821 1
24 68 1 -4.0515 1
24 69 1 2.94888 0
24 70 1 1.51178 1
24 71 1 5.69809 1
24 72 1 2.19956 1
24 73 1 1.34737 1
24 74 1 -0.14412 1
24 75 1 0.737371 1
24 76 1 -4.88375 1
24 77 1 -0.797275 1
24 78 1 -6.99598 1
24 79 1 1.21113 1
24 80 1 5.55584 1
24 81 1 4.11956 1
24 82 1 -2.26694 1
24 83 1 -1.80133 1
24 84 1 -4.68505 1
24 85 1 0.343186 1
24 86 1 -3.41561 1
24 87 1 3.65953 1
24 88 1 0.145852 1
24 89 1 9.38832 1
24 90 1 5.41079 1
24 91 1 -2.07882 1
24 92 1 0.116417 1
24 93 1 -0.247954 1
24 94 1 -0.359475 1
24 95 1 -5.69041 1
24 5 1 2.14151 1
24 168 1 -0.937523 1
168 69 1 4.61306 1
168 172 1 1.15597 1
25 64 1 -3.22912 1
25 65 1 1.59385 1
25 66 1 -1.17872 1
25 67 1 -3.23854 1
25 68 1 1.53434 1
25 69 1 -6.41662 1
25 70 1 -0.761873 0
25 71 1 -3.68723 1
25 72 1 2.05032 1
25 73 1 2.24952 1
25 74 1 2.04333 1
25 75 1 -3.42224 1
25 76 1 0.208462 1
25 77 1 -2.11934 1
25 78 1 3.1748 1
25 79 1 0.835887 1
25 80 1 -0.373652 1
25 81 1 -0.432778 1
25 82 1 -1.67114 1
25 83 1 1.56606 1
25 84 1 -0.589417 1
25 85 1 -1.61111 1
25 86 1 4.77922 1
25 87 1 -0.145854 1
25 88 1 -1.01548 1
25 89 1 -2.46099 1
25 90 1 -4.05204 1
25 91 1 3.89498 1
25 92 1 3.59646 1
25 93 1 -1.69007 1
25 94 1 -2.43211 0
25 95 1 -3.67347 1
25 8 1 0.841036 1
25 6 1 -0.899154 1
25 121 1 1.17058 1
25 175 1 0.531635 1
175 94 1 -3.63899 1
121 70 1 6.9948 1
26 64 1 -2.44978 1
26 65 1 1.96192 1
26 66 1 -2.01995 1
26 67 1 2.03866 1
26 68 1 -1.5791 1
26 69 1 0.822919 1
26 70 1 -0.627294 1
26 71 1 1.436 1
26 72 1 -3.46658 1
26 73 1 0.530256 1
26 74 1 -9.10389 1
26 75 1 3.16215 1
26 76 1 2.34323 1
26 77 1 -5.05027 1
26 78 1 1.28376 1
26 79 1 0.211527 1
26 80 1 -3.60519 1
26 81 1 4.89663 1
26 82 1 3.00213 1
26 83 1 1.41736 1
26 84 1 -5.19217 1
26 85 1 -0.487863 1
26 86 1 -5.07776 1
26 87 1 1.95339 1
26 88 1 -5.07108 1
26 89 1 2.84882 1
26 90 1 -2.93643 1
26 91 1 -2.4217 1
26 92 1 -0.463851 1
26 93 1 -1.59228 1
26 94 1 1.11644 1
26 95 1 -0.207909 1
26 23 1 5.20046 1
26 15 1 1.80957 1
26 161 1 -0.39575 1
27 64 1 -1.93347 1
27 65 1 6.77415 1
27 66 1 2.8765 1
27 67 1 -0.197974 1
27 68 1 3.30452 1
27 69 1 1.83467 1
27 70 1 5.32429 1
27 71 1 -6.444 1
27 72 1 0.478974 1
27 73 1 2.2121 1
27 74 1 -3.70982 1
27 75 1 3.36505 1
27 76 1 -2.2226 1
27 77 1 1.4664 1
27 78 1 2.47567 1
27 79 1 1.35716 1
27 80 1 -0.867331 1
27 81 1 -2.83346 1
27 82 1 1.97627 1
27 83 1 -0.262657 1
27 84 1 3.28252 1
27 85 1 -1.36721 1
27 86 1 -4.16398 1
27 87 1 -1.90675 1
27 88 1 -8.57656 1
27 89 1 -5.23875 1
27 90 1 6.33659 1
27 91 1 -2.7913 1
27 92 1 0.207674 1
27 93 1 0.29583 1
27 94 1 -0.130676 0
27 95 1 -1.18458 1
27 9 1 4.58135 1
27 5 1 0.959409 1
27 186 1 0.847623 1
186 94 1 0.101503 1
28 64 1 2.37171 1
28 65 1 0.344597 1
28 66 1 -0.333308 1
28 67 1 4.79968 1
28 68 1 5.1547 1
28 69 1 1.20437 1
28 70 1 -2.02606 1
28 71 1 2.14872 1
28 72 1 -7.47139 1
28 73 1 0.132203 1
28 74 1 -2.75938 1
28 75 1 2.14609 1
28 76 1 0.428863 1
28 77 1 2.30177 1
28 78 1 -3.75183 1
28 79 1 2.14785 1
28 80 1 1.47432 1
28 81 1 -1.42896 1
28 82 1 4.67794 1
28 83 1 1.94501 1
28 84 1 4.20022 1
28 85 1 -5.0322 1
28 86 1 -2.19319 1
28 87 1 1.81521 1
28 88 1 -5.24012 1
28 89 1 1.04476 1
28 90 1 -2.66929 1
28 91 1 2.12528 1
28 92 1 5.69517 1
28 93 1 -1.76292 1
28 94 1 6.1796 1
28 95 1 -1.6988 1
29 64 1 -0.171248 1
29 65 1 2.46204 1
29 66 1 -1.75273 1
29 67 1 4.20053 1
29 68 1 -7.86436 1
29 69 1 2.19593 1
29 70 1 -3.67691 1
29 71 1 -1.20016 1
29 72 1 1.327 1
29 73 1 1.10925 1
29 74 1 -2.9783 1
29 75 1 -0.224426 1
29 76 1 -0.851885 1
29 77 1 1.9808 1
29 78 1 -5.13466 1
29 79 1 -2.60815 1
29 80 1 1.78252 1
29 81 1 2.32397 1
29 82 1 1.04845 1
29 83 1 1.05547 1
29 84 1 -0.655203 1
29 85 1 -0.977232 1
29 86 1 -4.02226 1
29 87 1 -2.74865 1
29 88 1 -2.26014 1
29 89 1 -1.64696 1
29 90 1 -0.384347 1
29 91 1 1.56299 1
29 92 1 1.88783 1
29 93 1 -0.353814 1
29 94 1 -1.48112 1
29 95 1 1.9352 1
29 113 1 1.06796 1
30 64 1 -1.5479 1
30 65 1 6.50337 1
30 66 1 4.57842 1
30 67 1 -2.1017 1
30 68 1 1.63599 1
30 69 1 0.818392 1
30 70 1 5.18183 1
30 71 1 -0.577094 1
30 72 1 -2.55649 1
30 73 1 3.94386 1
30 74 1 -1.01321 1
30 75 1 1.61985 1
30 76 1 2.67777 1
30 77 1 -1.96691 1
30 78 1 4.48053 1
30 79 1 4.25363 1
30 80 1 -3.05744 1
30 81 1 -0.581715 1
30 82 1 7.16546 1
30 83 1 2.51157 1
30 84 1 1.96365 1
30 85 1 -2.03809 1
30 86 1 -1.77455 1
30 87 1 -3.45113 1
30 88 1 0.710042 1
30 89 1 -2.40349 1
30 90 1 -0.8942 1
30 91 1 4.18847 1
30 92 1 -0.168734 1
30 93 1 1.666 1
30 94 1 1.7977 1
30 95 1 -3.47389 1
30 28 1 0.624278 1
31 64 1 1.89186 1
31 65 1 -4.48143 1
31 66 1 -4.54527 1
31 67 1 8.72417 1
31 68 1 5.33819 1
31 69 1 1.09334 1
31 70 1 -0.153736 1
31 71 1 2.21236 1
31 72 1 -2.55817 1
31 73 1 0.720789 1
31 74 1 3.22294 1
31 75 1 -0.727377 1
31 76 1 -2.98435 1
31 77 1 0.0256968 1
31 78 1 -4.20285 1
31 79 1 -0.0478458 1
31 80 1 -0.531309 1
31 81 1 -0.99906 1
31 82 1 0.0107314 1
31 83 1 -1.4497 1
31 84 1 -4.0264 1
31 85 1 -3.93785 1
31 86 1 0.920652 1
31 87 1 -4.16356 0
31 88 1 2.14125 1
31 89 1 -2.52835 1
31 90 1 -0.490163 1
31 91 1 -3.95331 1
31 92 1 0.633269 1
31 93 1 -0.121341 1
31 94 1 2.88327 1
31 95 1 -0.926721 1
31 122 1 1.59659 1
31 10 1 -1.08881 1
31 117 1 -1.99304 1
122 87 1 -0.267468 1
32 64 1 6.04555 1
32 65 1 1.74165 1
32 66 1 -3.59121 1
32 67 1 1.27297 1
32 68 1 0.656741 1
32 69 1 4.26224 1
32 70 1 -0.471552 1
32 71 1 3.84983 1
32 72 1 -1.86783 1
32 73 1 1.67875 1
32 74 1 -0.656713 1
32 75 1 5.90462 1
32 76 1 1.21934 1
32 77 1 3.73083 1
32 78 1 0.441969 1
32 79 1 -0.819867 1
32 80 1 -0.805076 1
32 81 1 -1.36117 1
32 82 1 -3.28827 1
32 83 1 -2.82535 1
32 84 1 1.47727 1
32 85 1 -2.92401 1
32 86 1 0.0500186 1
32 87 1 -2.1388 1
32 88 1 -0.193833 1
32 89 1 0.3269 1
32 90 1 2.19371 1
32 91 1 -4.79091 1
32 92 1 4.20795 1
32 93 1 2.46957 1
32 94 1 -1.67123 1
32 95 1 -0.402892 1
33 64 1 1.23038 1
33 65 1 -3.62631 1
33 66 1 -1.63122 1
33 67 1 -1.30103 1
33 68 1 -0.544686 1
33 69 1 -4.12834 1
33 70 1 4.02372 1
33 71 1 4.62344 1
33 72 1 3.06151 1
33 73 1 3.21537 1
33 74 1 1.23343 1
33 75 1 -6.78563 1
33 76 1 -5.07194 1
33 77 1 2.46435 1
33 78 1 -1.68355 1
33 79 1 -5.3999 1
33 80 1 1.33498 1
33 81 1 -3.57586 1
33 82 1 -2.12003 1
33 83 1 0.59054 1
33 84 1 -0.824773 1
33 85 1 0.671937 1
33 86 1 4.24611 1
33 87 1 2.69601 1
33 88 1 3.0817 1
33 89 1 5.32326 1
33 90 1 -3.41109 1
33 91 1 -2.52602 1
33 92 1 1.75801 1
33 93 1 3.11187 1
33 94 1 3.95149 1
33 95 1 0.940782 1
33 20 1 -0.185631 1
33 107 1 -0.805768 1
33 13 1 1.10887 1
33 113 1 -2.7369 1
34 64 1 -0.739267 1
34 65 1 -1.74247 1
34 66 1 3.86549 1
34 67 1 0.384036 1
34 68 1 -1.85161 1
34 69 1 -2.19754 1
34 70 1 -1.71641 1
34 71 1 -3.32974 1
34 72 1 -4.10638 1
34 73 1 -4.13183 1
34 74 1 4.34156 1
34 75 1 6.2779 1
34 76 1 -3.35408 1
34 77 1 -0.607562 1
34 78 1 -1.4316 1
34 79 1 0.587033 1
34 80 1 3.48056 1
34 81 1 -2.16146 1
34 82 1 1.99121 1
34 83 1 2.28875 1
34 84 1 -0.380167 1
34 85 1 -1.81068 1
34 86 1 -0.833735 1
34 87 1 -1.63958 1
34 88 1 0.158367 1
34 89 1 -0.516389 1
34 90 1 -6.43484 1
34 91 1 3.46404 1
34 92 1 3.37465 1
34 93 1 -3.00938 1
34 94 1 4.7776 1
34 95 1 1.95333 1
34 113 1 -1.76137 1
35 64 1 1.42812 1
35 65 1 -3.01909 1
35 66 1 -1.3948 1
35 67 1 5.36765 1
35 68 1 1.99302 1
35 69 1 2.04773 1
35 70 1 3.106 1
35 71 1 2.10643 1
35 72 1 0.791198 1
35 73 1 6.9273 1
35 74 1 0.630906 1
35 75 1 -2.49212 1
35 76 1 -4.3035 1
35 77 1 1.75787 1
35 78 1 -0.130314 1
35 79 1 3.41981 1
35 80 1 -6.35632 1
35 81 1 -0.447498 1
35 82 1 5.01853 0
35 83 1 -2.97387 1
35 84 1 6.6267 1
35 85 1 -3.92364 1
35 86 1 -1.12418 1
35 87 1 -3.38956 1
35 88 1 -0.33956 1
35 89 1 3.01261 0
35 90 1 -2.04955 1
35 91 1 0.365513 1
35 92 1 -2.33094 1
35 93 1 -6.57464 1
35 94 1 0.326047 1
35 95 1 0.468376 1
35 130 1 1.31211 1
35 133 1 7.05 1
133 82 1 1.09964 1
130 89 1 -0.130616 1
130 109 1 0.714187 1
36 64 1 2.88734 1
36 65 1 3.82388 1
36 66 1 2.66998 1
36 67 1 0.15735 1
36 68 1 -5.48672 1
36 69 1 -1.71044 1
36 70 1 -2.95217 1
36 71 1 1.17954 1
36 72 1 -2.26409 1
36 73 1 -0.253991 1
36 74 1 -0.72694 1
36 75 1 0.0259904 1
36 76 1 2.06886 1
36 77 1 -4.78496 1
36 78 1 0.865999 1
36 79 1 5.13559 1
36 80 1 4.091 1
36 81 1 -1.92024 1
36 82 1 0.674506 0
36 83 1 0.0917942 1
36 84 1 3.55741 1
36 85 1 -2.80386 1
36 86 1 0.511943 1
36 87 1 0.952981 1
36 88 1 -2.60031 1
36 89 1 -0.128993 1
36 90 1 -3.92396 1
36 91 1 0.496032 1
36 92 1 4.67384 1
36 93 1 1.65926 1
36 94 1 -3.08795 1
36 95 1 7.36048 1
36 109 1 -0.131285 0
36 24 1 -1.50239 1
36 117 1 2.45134 1
117 109 1 2.15043 1
117 4 1 0.289097 1
109 82 1 -0.063809 1
109 31 1 1.47658 1
37 64 1 -6.10667 1
37 65 1 1.83016 1
37 66 1 -3.54601 1
37 67 1 0.54113 1
37 68 1 -4.89272 1
37 69 1 2.53491 1
37 70 1 -6.79411 1
37 71 1 -1.41816 1
37 72 1 1.18176 1
37 73 1 0.508646 1
37 74 1 0.897987 1
37 75 1 0.529776 1
37 76 1 3.3463 0
37 77 1 1.9598 1
37 78 1 -1.27994 1
37 79 1 0.934623 1
37 80 1 1.80169 1
37 81 1 2.39644 1
37 82 1 1.8427 1
37 83 1 4.50745 1
37 84 1 -4.3736 1
37 85 1 4.50372 1
37 86 1 -1.60286 1
37 87 1 -1.25469 1
37 88 1 -1.33857 1
37 89 1 -3.66803 1
37 90 1 -4.46511 1
37 91 1 0.784956 1
37 92 1 3.77499 1
37 93 1 0.737926 1
37 94 1 -2.70247 1
37 95 1 0.662402 1
37 142 1 0.439363 1
37 160 1 -0.898761 1
142 76 1 -0.510987 1
142 147 1 0.612538 1
142 6 1 0.385607 1
38 64 1 0.905509 1
38 65 1 -2.10875 1
38 66 1 -1.28149 1
38 67 1 -4.14335 1
38 68 1 -1.68554 1
38 69 1 -5.4078 1
38 70 1 -0.512945 1
38 71 1 -0.486854 1
38 72 1 1.8302 1
38 73 1 1.66736 1
38 74 1 -1.51922 1
38 75 1 5.87728 1
38 76 1 2.36888 1
38 77 1 -2.13839 1
38 78 1 -0.368709 1
38 79 1 -0.186579 1
38 80 1 -0.441589 1
38 81 1 -2.72853 1
38 82 1 3.59795 1
38 83 1 -0.605701 1
38 84 1 -1.41112 1
38 85 1 -2.26527 1
38 86 1 -0.376429 1
38 87 1 1.9296 0
38 88 1 3.8839 1
38 89 1 5.61592 1
38 90 1 -0.860184 1
38 91 1 3.16377 1
38 92 1 3.31443 0
38 93 1 0.622767 1
38 94 1 0.630725 1
38 95 1 -2.23711 1
38 148 1 2.77817 1
38 162 1 -0.126457 1
162 87 1 0.743842 0
162 185 1 1.55542 1
185 87 1 0.597703 1
148 92 1 2.62301 1
39 64 1 1.72728 1
39 65 1 -1.00742 1
39 66 1 0.662727 1
39 67 1 -1.36287 1
39 68 1 0.533975 1
39 69 1 -0.433176 1
39 70 1 1.31152 1
39 71 1 -2.04393 1
39 72 1 -3.11008 1
39 73 1 -4.05629 1
39 74 1 -0.242064 1
39 75 1 3.90166 0
39 76 1 4.56051 0
39 77 1 -0.0477275 1
39 78 1 -4.22385 1
39 79 1 -5.04006 1
39 80 1 -1.52439 1
39 81 1 -1.52669 1
39 82 1 -4.2157 1
39 83 1 -3.60228 1
39 84 1 -3.2847 1
39 85 1 -0.0545309 1
39 86 1 1.44728 1
39 87 1 1.42697 1
39 88 1 -1.06375 1
39 89 1 0.585953 1
39 90 1 4.46366 1
39 91 1 0.189957 1
39 92 1 7.24806 1
39 93 1 0.647021 1
39 94 1 -6.25372 1
39 95 1 -1.64502 1
39 2 1 -1.95471 1
39 112 1 3.24082 1
39 13 1 -0.478207 1
39 104 1 -0.669198 1
39 172 1 2.06736 1
172 76 1 4.07298 1
172 28 1 0.0974236 1
112 75 1 -1.65267 1
112 138 1 -0.933028 1
112 153 1 0.471897 0
112 170 1 0.127915 1
112 113 1 1.39623 1
170 153 1 -3.28585 1
170 126 1 2.38056 1
40 64 1 -5.16261 1
40 65 1 -0.199632 1
40 66 1 3.04746 1
40 67 1 2.27561 1
40 68 1 1.33971 1
40 69 1 4.26366 1
40 70 1 -0.688726 1
40 71 1 0.491282 1
40 72 1 0.285478 1
40 73 1 1.45889 1
40 74 1 -0.416425 1
40 75 1 1.98249 1
40 76 1 -2.50154 1
40 77 1 3.53774 1
40 78 1 2.2157 1
40 79 1 -1.68839 1
40 80 1 2.82471 1
40 81 1 1.81512 1
40 82 1 0.428615 1
40 83 1 -2.85829 1
40 84 1 -3.5879 1
40 85 1 -0.402325 1
40 86 1 1.59124 1
40 87 1 -0.420668 1
40 88 1 1.83512 1
40 89 1 -1.35298 1
40 90 1 -0.921983 1
40 91 1 -1.36948 1
40 92 1 -2.82202 1
40 93 1 0.992328 1
40 94 1 0.424338 1
40 95 1 2.98936 1
40 2 1 0.831509 1
40 134 1 2.22971 1
41 64 1 2.80677 1
41 65 1 -0.482909 1
41 66 1 0.0837989 1
41 67 1 0.14927 1
41 68 1 2.36231 1
41 69 1 -1.36474 1
41 70 1 1.72434 1
41 71 1 0.896224 1
41 72 1 4.69812 1
41 73 1 -5.98684 1
41 74 1 1.22356 1
41 75 1 3.18265 1
41 76 1 -5.55087 1
41 77 1 0.914198 1
41 78 1 -4.9935 1
41 79 1 1.47102 1
41 80 1 2.90464 1
41 81 1 4.18882 1
41 82 1 -2.13376 1
41 83 1 2.83414 1
41 84 1 -2.98875 1
41 85 1 -0.221848 1
41 86 1 0.196096 1
41 87 1 1.40103 1
41 88 1 2.62503 1
41 89 1 -0.621322 1
41 90 1 -0.692887 1
41 91 1 1.34936 1
41 92 1 -0.162713 1
41 93 1 -0.419347 1
41 94 1 -3.40642 1
41 95 1 0.628655 1
41 11 1 0.471099 1
41 29 1 -3.28053 1
41 97 1 -1.68205 1
42 64 1 2.85827 1
42 65 1 -0.0627273 1
42 66 1 -1.28115 1
42 67 1 2.13034 1
42 68 1 -2.75994 1
42 69 1 -1.05773 1
42 70 1 0.872164 1
42 71 1 -0.129234 1
42 72 1 -1.96811 1
42 73 1 -1.38433 1
42 74 1 4.19788 1
42 75 1 -2.82619 1
42 76 1 -4.46956 1
42 77 1 -2.73988 1
42 78 1 0.18106 1
42 79 1 2.14562 1
42 80 1 -0.437338 1
42 81 1 3.67211 1
42 82 1 3.1198 1
42 83 1 2.87804 1
42 84 1 -0.215698 1
42 85 1 -0.707407 1
42 86 1 2.60271 1
42 87 1 -3.54706 1
42 88 1 -2.92285 1
42 89 1 -1.92668 1
42 90 1 2.74428 1
42 91 1 2.12071 1
42 92 1 1.63976 1
42 93 1 1.6352 1
42 94 1 -3.30295 1
42 95 1 -1.20239 1
43 64 1 1.92157 1
43 65 1 -2.29777 1
43 66 1 4.19151 1
43 67 1 1.08359 1
43 68 1 0.902475 1
43 69 1 -3.05765 1
43 70 1 0.373592 1
43 71 1 -4.92511 0
43 72 1 0.419654 1
43 73 1 -8.63514 1
43 74 1 2.85902 1
43 75 1 -4.60853 1
43 76 1 -2.01634 1
43 77 1 1.45795 1
43 78 1 1.10981 1
43 79 1 -4.52539 1
43 80 1 -0.779783 1
43 81 1 3.25935 1
43 82 1 1.74471 1
43 83 1 -2.33636 1
43 84 1 -1.87606 1
43 85 1 2.36312 1
43 86 1 3.83198 1
43 87 1 5.78608 1
43 88 1 2.61207 1
43 89 1 2.69286 1
43 90 1 -0.759213 1
43 91 1 -3.56037 1
43 92 1 3.33221 1
43 93 1 1.87239 1
43 94 1 -0.238049 1
43 95 1 2.50581 1
43 188 1 1.04212 1
188 71 1 -4.71559 1
44 64 1 -1.09248 1
44 65 1 -5.81441 1
44 66 1 -1.25941 1
44 67 1 -2.51703 1
44 68 1 0.362395 1
44 69 1 -4.23583 1
44 70 1 3.77178 1
44 71 1 3.85152 1
44 72 1 -2.79664 1
44 73 1 1.5874 1
44 74 1 -2.262 1
44 75 1 -3.87712 1
44 76 1 -1.87966 1
44 77 1 2.53213 1
44 78 1 3.27132 1
44 79 1 0.804866 1
44 80 1 6.44245 1
44 81 1 -3.23336 1
44 82 1 2.24535 1
44 83 1 -0.714146 1
44 84 1 1.36181 1
44 85 1 -0.685588 1
44 86 1 4.81375 1
44 87 1 -0.241807 1
44 88 1 2.00557 1
44 89 1 0.425555 1
44 90 1 3.86373 1
44 91 1 3.02322 1
44 92 1 -2.20197 1
44 93 1 3.21749 1
44 94 1 -2.7891 1
44 95 1 -3.39464 1
44 8 1 -1.32955 1
44 29 1 0.927162 1
45 64 1 -1.49309 1
45 65 1 -0.400287 1
45 66 1 -0.539963 1
45 67 1 2.88384 1
45 68 1 0.444307 1
45 69 1 -4.69723 1
45 70 1 -4.05056 1
45 71 1 0.453441 1
45 72 1 -4.63783 1
45 73 1 1.43554 1
45 74 1 3.85497 1
45 75 1 4.18852 1
45 76 1 -2.22339 1
45 77 1 -1.50018 1
45 78 1 -1.16564 1
45 79 1 3.61413 1
45 80 1 -1.86924 1
45 81 1 1.81373 1
45 82 1 0.95362 1
45 83 1 -2.86912 1
45 84 1 0.81673 1
45 85 1 -3.03692 1
45 86 1 2.94946 1
45 87 1 0.216778 1
45 88 1 4.96314 1
45 89 1 -2.75018 1
45 90 1 -0.00387797 1
45 91 1 3.82607 1
45 92 1 -1.39227 1
45 93 1 -7.2361 1
45 94 1 1.35695 1
45 95 1 -4.83724 1
45 9 1 4.57777 1
45 20 1 0.227993 1
45 17 1 -1.12031 1
46 64 1 1.75514 1
46 65 1 0.651514 1
46 66 1 2.42021 1
46 67 1 3.02855 1
46 68 1 -6.28861 1
46 69 1 0.0267968 1
46 70 1 2.81175 1
46 71 1 -1.55891 1
46 72 1 3.09475 1
46 73 1 -3.9473 1
46 74 1 -2.04843 1
46 75 1 -1.79228 1
46 76 1 -6.05639 1
46 77 1 3.85885 1
46 78 1 0.0759896 1
46 79 1 -0.525814 1
46 80 1 2.64709 1
46 81 1 1.883 1
46 82 1 -0.433853 1
46 83 1 2.42172 1
46 84 1 -1.75863 1
46 85 1 3.51274 1
46 86 1 -2.84436 1
46 87 1 7.2157 1
46 88 1 0.287928 1
46 89 1 -5.7836 1
46 90 1 -4.18492 1
46 91 1 1.19247 1
46 92 1 -2.22602 1
46 93 1 -1.91867 1
46 94 1 1.05452 1
46 95 1 0.131351 1
46 24 1 1.68347 1
47 64 1 -0.101903 1
47 65 1 0.788728 1
47 66 1 -0.781886 1
47 67 1 2.54939 1
47 68 1 -1.0206 1
47 69 1 2.14548 1
47 70 1 -1.9338 1
47 71 1 0.840462 1
47 72 1 0.0324929 1
47 73 1 5.27818 0
47 74 1 -1.25901 1
47 75 1 -1.09765 1
47 76 1 -3.80855 1
47 77 1 -7.24047 1
47 78 1 -2.68259 1
47 79 1 -0.857507 1
47 80 1 6.00402 1
47 81 1 -4.0797 1
47 82 1 2.79823 1
47 83 1 -0.0824733 1
47 84 1 -3.62424 1
47 85 1 -1.35911 1
47 86 1 -2.80953 1
47 87 1 5.79444 1
47 88 1 5.18413 1
47 89 1 1.60925 1
47 90 1 6.2229 1
47 91 1 1.70125 1
47 92 1 2.64356 1
47 93 1 2.08715 1
47 94 1 2.53109 1
47 95 1 -0.391593 1
47 4 1 0.456157 1
47 137 1 3.38585 1
137 73 1 3.71557 0
137 156 1 -1.02938 1
156 73 1 3.95695 1
156 15 1 -0.430953 1
156 104 1 1.41388 1
48 64 1 -0.382025 1
48 65 1 -1.76844 1
48 66 1 3.91081 1
48 67 1 -2.71507 1
48 68 1 -4.63325 1
48 69 1 -4.50812 1
48 70 1 0.684964 1
48 71 1 0.635199 1
48 72 1 -7.04513 1
48 73 1 4.18104 1
48 74 1 5.79357 1
48 75 1 -4.59268 1
48 76 1 -2.74579 1
48 77 1 -1.54943 1
48 78 1 -1.90721 1
48 79 1 2.36131 1
48 80 1 -0.842453 1
48 81 1 -3.7951 1
48 82 1 -2.44018 1
48 83 1 -0.085369 1
48 84 1 0.858317 1
48 85 1 -0.497295 1
48 86 1 -1.47474 1
48 87 1 0.5336 1
48 88 1 0.422528 1
48 89 1 -1.92565 1
48 90 1 1.87302 1
48 91 1 -0.899896 1
48 92 1 -6.80788 1
48 93 1 1.38061 1
48 94 1 7.00526 1
48 95 1 4.19296 1
48 16 1 0.898803 1
48 12 1 0.252585 1
48 14 1 -1.80518 1
48 30 1 1.11685 1
49 64 1 -0.335436 1
49 65 1 -5.85575 1
49 66 1 1.88822 1
49 67 1 -0.567778 1
49 68 1 -4.6294 1
49 69 1 0.798873 1
49 70 1 0.595093 1
49 71 1 -2.40453 1
49 72 1 -2.48903 1
49 73 1 0.358149 1
49 74 1 2.81042 1
49 75 1 0.618794 1
49 76 1 -5.90749 1
49 77 1 -4.6132 1
49 78 1 -1.83364 0
49 79 1 2.68157 1
49 80 1 5.65952 1
49 81 1 -2.41349 1
49 82 1 1.04817 1
49 83 1 0.0293022 1
49 84 1 0.81914 1
49 85 1 -1.48933 1
49 86 1 -2.61494 1
49 87 1 -2.67865 1
49 88 1 2.38978 1
49 89 1 2.48455 1
49 90 1 -2.97939 1
49 91 1 3.14266 1
49 92 1 0.458939 1
49 93 1 3.59949 1
49 94 1 2.38012 1
49 95 1 2.89802 1
49 19 1 0.200318 1
49 31 1 -1.20344 1
49 15 1 -3.80125 1
49 158 1 -0.172957 1
49 26 1 0.985875 1
49 144 1 -3.64957 1
158 78 1 -1.91097 1
50 64 1 -3.80006 1
50 65 1 -3.34132 1
50 66 1 1.03975 1
50 67 1 0.12896 1
50 68 1 2.58005 1
50 69 1 -1.63639 1
50 70 1 1.78825 1
50 71 1 6.11086 1
50 72 1 -3.51397 1
50 73 1 3.35064 1
50 74 1 -0.279603 1
50 75 1 2.65945 1
50 76 1 -2.30705 1
50 77 1 -2.48247 1
50 78 1 1.12737 1
50 79 1 -1.42843 1
50 80 1 1.8445 1
50 81 1 1.98015 1
50 82 1 -3.79357 1
50 83 1 5.6269 1
50 84 1 0.691756 1
50 85 1 4.97186 1
50 86 1 4.82594 1
50 87 1 -1.44279 1
50 88 1 -1.29218 1
50 89 1 0.0871443 1
50 90 1 0.213229 1
50 91 1 0.757694 1
50 92 1 -1.04172 1
50 93 1 -3.03257 1
50 94 1 -1.20311 1
50 95 1 0.310106 1
50 4 1 4.86521 1
50 22 1 -0.726752 1
51 64 1 -0.680636 1
51 65 1 4.61622 1
51 66 1 2.42531 1
51 67 1 -1.73248 1
51 68 1 0.306902 1
51 69 1 0.176051 1
51 70 1 0.349715 1
51 71 1 4.9558 1
51 72 1 -4.33304 1
51 73 1 -1.73944 0
51 74 1 -1.30385 1
51 75 1 4.04691 1
51 76 1 -3.23314 1
51 77 1 4.05757 1
51 78 1 6.81281 1
51 79 1 -0.630479 1
51 80 1 0.0388013 1
51 81 1 -3.26498 1
51 82 1 -0.750066 1
51 83 1 6.51976 1
51 84 1 -2.81818 1
51 85 1 0.444902 1
51 86 1 -1.35041 1
51 87 1 3.01205 1
51 88 1 -1.69925 0
51 89 1 1.03383 1
51 90 1 -0.959852 1
51 91 1 -1.98701 1
51 92 1 2.75896 1
51 93 1 5.71256 1
51 94 1 -4.53227 1
51 95 1 -2.4069 1
51 116 1 1.2557 1
51 12 1 -2.14255 1
51 179 1 -0.185602 1
179 88 1 -0.00917824 1
116 73 1 1.10297 0
116 134 1 2.85383 1
134 73 1 4.55786 1
134 128 1 2.7204 1
52 64 1 -2.68711 1
52 65 1 5.37882 1
52 66 1 -0.811439 1
52 67 1 0.311129 1
52 68 1 1.65374 1
52 69 1 6.23155 1
52 70 1 3.2439 1
52 71 1 -2.04274 1
52 72 1 0.0831021 1
52 73 1 3.33507 1
52 74 1 3.33352 1
52 75 1 2.64205 1
52 76 1 -5.17979 1
52 77 1 0.3948 1
52 78 1 3.99273 1
52 79 1 -2.78831 1
52 80 1 -0.771994 1
52 81 1 0.215913 1
52 82 1 -1.40933 1
52 83 1 0.532206 1
52 84 1 0.322119 1
52 85 1 -0.880969 1
52 86 1 -7.08885 1
52 87 1 1.11477 1
52 88 1 0.608979 1
52 89 1 0.819033 1
52 90 1 -1.20962 1
52 91 1 -0.499597 1
52 92 1 0.566051 1
52 93 1 -3.98516 0
52 94 1 4.47643 1
52 95 1 0.00469159 1
52 115 1 1.50189 1
52 139 1 0.924203 1
52 23 1 -1.14295 1
139 93 1 -0.134699 0
139 181 1 1.0427 0
139 184 1 1.78238 1
184 181 1 -0.201388 1
184 15 1 1.09446 1
181 93 1 -1.03014 1
53 64 1 -4.17848 1
53 65 1 -0.229842 1
53 66 1 -2.07126 1
53 67 1 -2.05738 1
53 68 1 -1.77031 1
53 69 1 0.88747 1
53 70 1 0.835016 0
53 71 1 1.1219 1
53 72 1 -0.00939172 1
53 73 1 0.209767 1
53 74 1 -0.529038 1
53 75 1 -3.29568 1
53 76 1 0.691112 1
53 77 1 1.57175 1
53 78 1 0.212396 1
53 79 1 -0.397325 1
53 80 1 2.0794 1
53 81 1 2.72961 1
53 82 1 1.48682 1
53 83 1 -1.83869 1
53 84 1 1.13257 1
53 85 1 1.52283 1
53 86 1 0.380561 1
53 87 1 -1.16449 1
53 88 1 0.866675 1
53 89 1 0.937241 1
53 90 1 -2.59642 1
53 91 1 1.00874 1
53 92 1 2.38138 1
53 93 1 -1.09298 1
53 94 1 -1.09672 1
53 95 1 -4.18641 1
53 20 1 5.43373 1
53 23 1 -0.860629 1
53 149 1 -1.26771 1
149 70 1 -2.10914 0
149 153 1 0.707937 1
149 126 1 -1.17001 1
153 70 1 1.25045 0
153 183 1 1.2473 1
183 70 1 0.28124 1
54 64 1 3.8065 1
54 65 1 1.6221 1
54 66 1 -1.09425 1
54 67 1 1.71757 1
54 68 1 3.69029 1
54 69 1 -4.19553 1
54 70 1 0.545965 1
54 71 1 4.30796 1
54 72 1 0.659693 1
54 73 1 0.208437 1
54 74 1 -0.311591 1
54 75 1 -3.44626 1
54 76 1 -4.8268 1
54 77 1 0.818451 1
54 78 1 -2.03119 1
54 79 1 2.6947 1
54 80 1 1.6331 1
54 81 1 5.24731 1
54 82 1 -2.76437 1
54 83 1 3.53092 1
54 84 1 -0.142728 1
54 85 1 0.442851 1
54 86 1 -5.75402 1
54 87 1 0.00959031 1
54 88 1 1.07154 1
54 89 1 5.26968 1
54 90 1 -2.76435 1
54 91 1 2.23024 1
54 92 1 -1.12669 1
54 93 1 3.92988 1
54 94 1 -3.33104 1
54 95 1 -2.85426 1
54 30 1 -0.120904 1
54 144 1 3.14225 1
54 16 1 -0.0521688 1
55 64 1 1.3533 1
55 65 1 -2.84777 1
55 66 1 -2.89333 1
55 67 1 -2.63033 1
55 68 1 1.78199 1
55 69 1 0.633695 1
55 70 1 3.35729 1
55 71 1 -5.03116 1
55 72 1 1.82547 1
55 73 1 -0.893095 1
55 74 1 2.99605 1
55 75 1 -3.01972 1
55 76 1 -6.10837 1
55 77 1 2.7701 1
55 78 1 2.24506 1
55 79 1 5.29005 1
55 80 1 -1.68266 1
55 81 1 1.93234 1
55 82 1 -1.88339 1
55 83 1 1.81915 1
55 84 1 0.267339 1
55 85 1 -7.80916 1
55 86 1 0.009223 1
55 87 1 -2.11492 1
55 88 1 -6.09663 1
55 89 1 1.49321 1
55 90 1 -1.25824 1
55 91 1 0.248256 1
55 92 1 10.1684 1
55 93 1 -4.11193 1
55 94 1 -2.99169 1
55 95 1 -0.682437 0
55 28 1 4.90631 1
55 114 1 0.398821 1
55 0 1 -3.4526 1
55 2 1 -0.665869 1
114 95 1 -1.47896 1
56 64 1 3.12465 1
56 65 1 -11.0589 1
56 66 1 -1.15656 1
56 67 1 -2.15106 1
56 68 1 3.24842 0
56 69 1 -2.25226 1
56 70 1 2.51303 1
56 71 1 2.98055 1
56 72 1 -1.87334 1
56 73 1 0.348426 1
56 74 1 3.10571 1
56 75 1 6.27793 1
56 76 1 -1.97008 1
56 77 1 -1.85175 1
56 78 1 -3.08642 1
56 79 1 -1.20618 1
56 80 1 0.313632 1
56 81 1 5.74111 1
56 82 1 2.49965 1
56 83 1 -1.19651 1
56 84 1 -2.3966 1
56 85 1 -1.36947 1
56 86 1 2.29002 1
56 87 1 0.980072 1
56 88 1 1.75359 1
56 89 1 1.6202 1
56 90 1 -0.524679 1
56 91 1 -1.0943 1
56 92 1 1.58873 1
56 93 1 3.38208 1
56 94 1 -1.73929 1
56 95 1 -1.92524 1
56 3 1 -2.87546 1
56 126 1 4.64471 1
56 0 1 -2.45851 1
126 68 1 2.82455 1
126 11 1 -3.57456 1
57 64 1 -5.03928 1
57 65 1 6.28044 1
57 66 1 -0.73196 1
57 67 1 -3.4788 1
57 68 1 -0.101481 1
57 69 1 -1.75993 0
57 70 1 0.539386 1
57 71 1 1.9435 1
57 72 1 3.6071 1
57 73 1 -2.48977 1
57 74 1 1.32626 1
57 75 1 6.19408 1
57 76 1 4.25083 1
57 77 1 -5.42534 1
57 78 1 1.1799 1
57 79 1 -2.6315 1
57 80 1 3.65013 1
57 81 1 4.98328 1
57 82 1 4.31319 1
57 83 1 -3.08426 1
57 84 1 0.596017 1
57 85 1 -4.75431 1
57 86 1 -1.12022 1
57 87 1 -0.0679115 1
57 88 1 2.23871 1
57 89 1 1.07114 1
57 90 1 0.694502 1
57 91 1 -3.2977 1
57 92 1 -1.71837 1
57 93 1 -3.32599 1
57 94 1 -1.04024 1
57 95 1 3.24918 1
57 104 1 5.35469 1
57 22 1 0.600375 1
104 69 1 1.17563 1
104 1 1 2.52263 1
104 107 1 -0.272379 1
104 19 1 0.949039 1
58 64 1 7.25521 1
58 65 1 -3.63365 1
58 66 1 -2.01539 1
58 67 1 0.0946098 1
58 68 1 -3.83461 1
58 69 1 -2.17509 1
58 70 1 -0.375963 1
58 71 1 2.04602 1
58 72 1 1.90975 1
58 73 1 -3.20211 1
58 74 1 1.78923 1
58 75 1 1.53619 1
58 76 1 0.753889 1
58 77 1 4.17192 1
58 78 1 -3.02845 1
58 79 1 -0.213723 0
58 80 1 -3.55925 1
58 81 1 3.15491 1
58 82 1 0.797679 1
58 83 1 1.36668 1
58 84 1 -1.85363 1
58 85 1 1.2235 1
58 86 1 1.90833 1
58 87 1 -4.16855 1
58 88 1 -6.51504 1
58 89 1 -2.97371 1
58 90 1 1.21984 1
58 91 1 -2.95798 1
58 92 1 0.727631 0
58 93 1 1.17644 1
58 94 1 -1.8997 1
58 95 1 3.1244 1
58 128 1 1.5314 1
58 115 1 0.53946 1
58 174 1 2.20794 1
174 92 1 -0.202942 1
128 79 1 0.590257 0
128 131 1 2.67596 1
131 79 1 1.72861 0
131 160 1 0.365094 1
131 7 1 -0.136267 1
160 79 1 3.39994 0
160 125 1 1.74147 1
160 173 1 0.167408 1
173 79 1 1.73261 1
59 64 1 -2.85334 1
59 65 1 1.39987 1
59 66 1 4.95702 1
59 67 1 -1.97986 1
59 68 1 2.85111 1
59 69 1 -2.72312 1
59 70 1 -2.95408 1
59 71 1 0.294419 1
59 72 1 -0.409876 1
59 73 1 -1.21096 1
59 74 1 0.818044 1
59 75 1 0.440615 1
59 76 1 2.5461 1
59 77 1 -0.111345 0
59 78 1 2.36955 1
59 79 1 -2.60969 1
59 80 1 2.6474 1
59 81 1 1.7305 1
59 82 1 -3.77408 1
59 83 1 6.16343 1
59 84 1 1.34056 1
59 85 1 -6.0209 1
59 86 1 -4.95237 1
59 87 1 1.44294 1
59 88 1 5.05599 1
59 89 1 0.0709533 1
59 90 1 0.221483 1
59 91 1 -1.29439 1
59 92 1 2.13113 1
59 93 1 2.95974 1
59 94 1 -5.39289 1
59 95 1 2.59778 1
59 97 1 -0.963451 1
59 5 1 -6.12057 1
59 11 1 -3.72674 1
59 13 1 0.35552 1
97 77 1 -5.89378 1
97 22 1 0.14157 1
97 2 1 -6.35524 0
97 99 1 1.63099 1
97 7 1 3.85781 0
97 102 1 1.95227 1
97 17 1 2.88291 1
102 7 1 5.71521 1
99 2 1 0.221057 0
99 108 1 5.77915 1
99 15 1 4.78429 1
108 2 1 0.349221 0
108 125 1 7.2743 1
108 0 1 -0.865984 1
125 2 1 2.0901 1
125 1 1 0.49876 1
60 64 1 1.08437 1
60 65 1 -0.470109 1
60 66 1 1.67954 1
60 67 1 -1.26479 1
60 68 1 0.444097 1
60 69 1 3.45492 1
60 70 1 -1.9441 1
60 71 1 1.6593 1
60 72 1 -0.780477 0
60 73 1 2.36066 1
60 74 1 1.52203 1
60 75 1 0.770301 1
60 76 1 -1.84481 1
60 77 1 6.60158 1
60 78 1 -3.21716 1
60 79 1 -0.109621 1
60 80 1 -5.43727 1
60 81 1 -4.1012 1
60 82 1 -0.849257 1
60 83 1 1.90188 1
60 84 1 -4.92804 1
60 85 1 2.0886 1
60 86 1 1.93629 1
60 87 1 -0.663235 1
60 88 1 -4.49273 1
60 89 1 1.48193 1
60 90 1 -1.43428 1
60 91 1 0.0469096 1
60 92 1 -0.548746 1
60 93 1 -1.0296 1
60 94 1 -0.756538 1
60 95 1 0.613296 1
60 24 1 -0.924374 1
60 0 1 4.19334 1
60 115 1 2.84465 1
60 3 1 -3.14488 1
60 20 1 -0.425898 1
115 72 1 -1.59542 1
115 18 1 1.64652 1
115 14 1 3.2357 1
115 19 1 -1.24182 1
61 64 1 -0.0701278 1
61 65 1 -0.684609 1
61 66 1 2.01503 1
61 67 1 0.676043 1
61 68 1 -3.86937 1
61 69 1 4.67951 1
61 70 1 2.8561 1
61 71 1 1.15476 1
61 72 1 0.889401 1
61 73 1 0.716307 1
61 74 1 3.95666 1
61 75 1 5.64139 1
61 76 1 2.10825 1
61 77 1 -2.78831 0
61 78 1 -4.15687 1
61 79 1 2.02466 1
61 80 1 -1.66424 1
61 81 1 -0.632925 1
61 82 1 -1.53208 1
61 83 1 -0.876388 1
61 84 1 -3.17447 1
61 85 1 -1.0162 1
61 86 1 -0.27803 1
61 87 1 2.99274 1
61 88 1 -2.25564 1
61 89 1 2.03975 1
61 90 1 -3.63467 1
61 91 1 1.90243 1
61 92 1 -0.328024 1
61 93 1 0.510911 1
61 94 1 1.22102 1
61 95 1 -0.688948 1
61 107 1 0.241456 1
61 113 1 -0.815891 1
61 14 1 -1.81983 1
107 77 1 -4.58277 0
107 113 1 -1.31717 1
107 14 1 -2.25131 1
107 20 1 1.29406 1
113 77 1 -1.36076 0
113 23 1 -1.82243 1
113 147 1 1.90872 1
113 159 1 1.37264 1
159 77 1 -2.40813 0
159 161 1 0.603952 1
161 77 1 -1.21262 1
62 64 1 -0.445624 1
62 65 1 -2.74188 1
62 66 1 2.84509 1
62 67 1 -1.37738 1
62 68 1 2.38907 1
62 69 1 -1.34619 1
62 70 1 -1.03549 1
62 71 1 -5.73287 1
62 72 1 4.41384 1
62 73 1 3.27157 1
62 74 1 3.2616 1
62 75 1 -1.46761 1
62 76 1 2.44585 1
62 77 1 -4.32399 1
62 78 1 -2.19682 1
62 79 1 -3.0825 1
62 80 1 1.92671 1
62 81 1 0.555396 1
62 82 1 -1.4694 1
62 83 1 3.12183 1
62 84 1 -1.09316 0
62 85 1 -1.30108 1
62 86 1 3.73664 1
62 87 1 -2.29971 1
62 88 1 0.630974 1
62 89 1 -2.68056 1
62 90 1 -8.81453 1
62 91 1 -0.121533 1
62 92 1 -0.19782 1
62 93 1 -1.75744 1
62 94 1 -1.01705 1
62 95 1 -1.68614 1
62 5 1 1.14038 1
62 138 1 1.82443 0
62 152 1 0.824015 1
62 31 1 1.45775 1
152 138 1 1.62646 0
152 187 1 1.21409 1
187 138 1 1.7798 1
138 84 1 -1.40579 1
63 64 1 3.50278 1
63 65 1 -2.34224 1
63 66 1 5.40778 1
63 67 1 -3.4335 1
63 68 1 2.56237 1
63 69 1 -3.52521 1
63 70 1 -3.86302 1
63 71 1 1.77257 1
63 72 1 0.527299 1
63 73 1 1.74032 1
63 74 1 -7.24419 1
63 75 1 -0.133816 1
63 76 1 -0.206652 0
63 77 1 0.871163 1
63 78 1 -0.858145 1
63 79 1 -1.16901 1
63 80 1 2.8725 1
63 81 1 -1.39212 1
63 82 1 2.96566 1
63 83 1 -4.49332 1
63 84 1 -2.45692 1
63 85 1 -4.96354 1
63 86 1 6.7729 1
63 87 1 -2.96689 0
63 88 1 -0.880889 1
63 89 1 -1.93241 1
63 90 1 -0.645498 1
63 91 1 -3.00929 1
63 92 1 0.7593 1
63 93 1 1.78463 1
63 94 1 1.54201 1
63 95 1 -1.38005 1
63 141 1 6.56474 1
63 144 1 1.08939 1
144 76 1 -0.743624 0
144 147 1 0.830494 1
147 76 1 -2.60214 1
147 9 1 -3.15683 1
141 87 1 -5.3928 1
141 10 1 1.63384 1
