188 64 32
3.51441 -1.92938 -2.9364 4.25287 -6.76605 4.97282 0.0616898 4.52928 -0.963957 6.62717 3.00471 6.44828 -3.63656 -3.57273 -1.77123 -3.05483 2.3949 0.307391 1.88255 -1.01985 -1.05833 -0.304788 -0.213491 1.37158 -6.46481 -0.130932 4.76687 1.94319 -4.78525 -2.92168 -3.77438 -0.346717 -1.81609 1.40112 -0.436193 4.09911 -4.25022 -0.227206 -1.28154 -1.02795 -2.40299 2.43277 -2.07939 -3.3979 -5.29331 -5.74086 -4.85025 2.10759 0.235474 4.92898 1.08404 -4.89222 -4.38022 -1.1392 -0.763224 2.80618 -2.30269 3.09485 1.37543 -1.63932 2.11733 -3.97139 -4.4408 -3.05742 -4.24302 -2.8652 3.59767 1.64962 -3.4866 1.34552 -2.15757 -6.24845 -3.97059 -3.0081 3.21443 4.91943 -0.587976 -2.31792 -0.768066 -5.72479 0.620453 0.266841 -4.27293 2.33621 2.84514 1.75671 -3.09077 0.380932 4.30157 0.879341 -2.90323 1.59113 -1.49216 -0.462465 1.06436 -0.747817 -1.88896 -1.46208 -2.13851 -2.29137 1.13672 -3.17997 -4.90761 -1.39245 -4.23115 1.40789 -2.18681 -4.54355 -2.08998 -1.59543 -1.79356 3.0213 1.97075 -6.76695 1.42054 -1.35182 -1.37353 0.15344 -0.247306 -0.654473 4.19365 -1.94687 -1.29104 -0.0981068 1.23844 4.65483 -0.179373 0.795761 1.27039 3.3827 0.757174 -1.16822 -1.54407 0.279966 -2.40433 0.322148 -0.38841 0.350197 -4.04622 -1.61226 3.02081 -3.1792 -2.08199 -3.73292 0.48977 2.00939 0.311316 -3.85786 -1.42969 -3.53205 -1.18616 -0.433797 0.246008 -0.859178 0.25426 -0.537473 -0.24409 1.0647 -0.0576774 0.880778 1.33892 0.4525 0.944885 1.68641 0.738339 -0.761197 1.44928 -0.308729 0.00659264 0.803713 0.675559 0.898024 2.29951 -0.504848 -0.825484 -0.136993 -0.042393 -0.423612 -0.397635 0.946176 0.607291 0.898019 0.925782 0.0809829 -0.873036 0.478993 -0.473211 0.375061 
0 64 1 -4.80961 1
0 65 1 1.85813 1
0 66 1 2.56213 1
0 67 1 -0.340455 1
0 68 1 -3.38811 1
0 69 1 2.17038 1
0 70 1 2.50859 1
0 71 1 2.13838 1
0 72 1 2.36705 1
0 73 1 -0.48145 1
0 74 1 -1.67146 1
0 75 1 2.85175 1
0 76 1 2.66051 1
0 77 1 2.36503 1
0 78 1 -0.28797 1
0 79 1 0.851213 1
0 80 1 3.38995 1
0 81 1 4.1714 1
0 82 1 5.5875 1
0 83 1 0.92957 1
0 84 1 -2.43171 1
0 85 1 5.30799 1
0 86 1 -3.65565 1
0 87 1 -4.49649 1
0 88 1 3.44593 1
0 89 1 4.13396 1
0 90 1 3.73487 1
0 91 1 5.35405 1
0 92 1 -4.0734 1
0 93 1 -1.26693 1
0 94 1 3.19022 1
0 95 1 -0.48509 1
0 10 1 -2.60236 1
1 64 1 0.879148 1
1 65 1 -5.13672 1
1 66 1 2.54574 1
1 67 1 -5.74452 1
1 68 1 5.94651 1
1 69 1 -2.56502 1
1 70 1 3.32053 1
1 71 1 -0.536847 1
1 72 1 -3.87491 1
1 73 1 -1.55206 1
1 74 1 -3.21989 1
1 75 1 4.89271 1
1 76 1 -3.23637 1
1 77 1 6.61502 1
1 78 1 -0.555777 1
1 79 1 -2.74827 1
1 80 1 -0.462132 1
1 81 1 0.217779 1
1 82 1 -1.47375 1
1 83 1 -5.44331 1
1 84 1 -5.04761 1
1 85 1 -2.22319 1
1 86 1 3.12172 1
1 87 1 -1.54347 1
1 88 1 -1.70872 1
1 89 1 3.47604 1
1 90 1 -0.788743 1
1 91 1 -1.43115 1
1 92 1 0.325044 1
1 93 1 0.872916 1
1 94 1 -0.652856 1
1 95 1 -7.10406 1
1 27 1 -0.684807 1
2 64 1 1.98144 1
2 65 1 -2.20675 1
2 66 1 -5.74954 1
2 67 1 -3.23703 1
2 68 1 -1.79745 1
2 69 1 -0.99667 1
2 70 1 -1.42026 1
2 71 1 1.38009 1
2 72 1 -1.08329 1
2 73 1 -1.1972 1
2 74 1 -2.92088 1
2 75 1 1.65813 1
2 76 1 -2.86671 1
2 77 1 -1.63831 1
2 78 1 -0.290309 1
2 79 1 -3.95205 1
2 80 1 -5.77451 1
2 81 1 -6.55308 1
2 82 1 0.812471 1
2 83 1 -4.7005 1
2 84 1 -0.524045 1
2 85 1 3.13043 1
2 86 1 -1.68676 1
2 87 1 -1.24472 1
2 88 1 -2.07361 1
2 89 1 -4.40194 1
2 90 1 -3.72512 1
2 91 1 -2.58347 1
2 92 1 2.41672 0
2 93 1 -1.75702 1
2 94 1 3.76708 1
2 95 1 -2.28827 1
2 100 1 -0.484102 1
2 6 1 3.76597 1
2 110 1 -1.12744 1
2 180 1 2.61949 1
180 92 1 2.49978 1
3 64 1 -1.04196 1
3 65 1 -2.58179 1
3 66 1 0.526025 1
3 67 1 -0.238476 1
3 68 1 5.77657 1
3 69 1 -2.81123 1
3 70 1 -2.64087 1
3 71 1 -0.610848 1
3 72 1 8.56817 1
3 73 1 -0.161559 1
3 74 1 0.0579919 1
3 75 1 4.30527 1
3 76 1 0.164847 1
3 77 1 0.787961 1
3 78 1 -2.20105 1
3 79 1 1.68761 1
3 80 1 -4.05505 1
3 81 1 1.34223 1
3 82 1 5.9767 1
3 83 1 3.37802 1
3 84 1 -0.0295927 1
3 85 1 -4.92126 1
3 86 1 1.77622 1
3 87 1 4.42107 1
3 88 1 -1.89073 1
3 89 1 3.77415 1
3 90 1 0.467633 1
3 91 1 2.56104 1
3 92 1 1.22372 1
3 93 1 -3.28579 1
3 94 1 -1.47771 1
3 95 1 4.16507 0
3 110 1 1.91992 1
110 95 1 -1.34309 0
110 111 1 -2.27785 0
110 132 1 3.64786 1
110 152 1 0.808305 1
110 126 1 0.159427 1
110 20 1 0.951644 1
110 16 1 0.754621 1
132 111 1 2.45732 1
111 95 1 1.19611 1
4 64 1 1.99577 1
4 65 1 0.154357 1
4 66 1 -1.05782 1
4 67 1 4.83743 1
4 68 1 0.971186 1
4 69 1 2.63496 1
4 70 1 -0.642539 1
4 71 1 -0.481513 1
4 72 1 -1.77867 1
4 73 1 -1.21293 0
4 74 1 -0.754252 1
4 75 1 -7.07023 0
4 76 1 0.462717 1
4 77 1 3.17617 1
4 78 1 -1.17425 1
4 79 1 1.00271 1
4 80 1 -6.25915 1
4 81 1 2.66835 1
4 82 1 0.720819 1
4 83 1 -1.53873 1
4 84 1 -2.33224 1
4 85 1 2.11246 1
4 86 1 1.58515 1
4 87 1 -3.20493 1
4 88 1 -2.6717 1
4 89 1 -3.79047 1
4 90 1 3.63594 1
4 91 1 -1.83362 1
4 92 1 -1.97049 1
4 93 1 1.23847 0
4 94 1 -2.66751 1
4 95 1 1.91256 1
4 101 1 3.17694 1
4 17 1 5.18258 1
4 118 1 2.2842 1
4 145 1 1.38098 1
4 119 1 -0.838956 1
145 93 1 0.287982 1
118 73 1 -5.39905 1
101 75 1 1.92356 1
5 64 1 -3.65663 1
5 65 1 6.79404 1
5 66 1 -2.09612 1
5 67 1 9.66092 1
5 68 1 2.81486 1
5 69 1 3.248 1
5 70 1 1.53642 1
5 71 1 -1.69634 1
5 72 1 -0.259098 1
5 73 1 -2.03826 1
5 74 1 -2.60713 1
5 75 1 3.53968 1
5 76 1 2.70704 1
5 77 1 1.28717 1
5 78 1 -1.27238 1
5 79 1 1.22959 1
5 80 1 1.3783 1
5 81 1 -1.41342 1
5 82 1 -1.47302 1
5 83 1 5.86398 1
5 84 1 3.15611 1
5 85 1 3.63684 1
5 86 1 1.41668 1
5 87 1 0.0266281 1
5 88 1 1.14012 1
5 89 1 -3.66936 1
5 90 1 -1.62834 1
5 91 1 -1.67189 1
5 92 1 -2.43011 1
5 93 1 -0.0497882 1
5 94 1 -2.60509 1
5 95 1 -0.725173 1
5 28 1 2.50792 1
6 64 1 -0.623799 1
6 65 1 -1.99217 1
6 66 1 2.42153 1
6 67 1 2.34375 1
6 68 1 -3.28912 1
6 69 1 -3.08255 1
6 70 1 -5.89667 1
6 71 1 -0.541327 1
6 72 1 3.11159 1
6 73 1 -4.27756 1
6 74 1 -3.98535 1
6 75 1 2.60573 1
6 76 1 5.72231 1
6 77 1 -2.96174 1
6 78 1 -0.0214024 1
6 79 1 -4.32164 1
6 80 1 2.99708 1
6 81 1 -1.49238 1
6 82 1 1.75581 1
6 83 1 3.18751 1
6 84 1 3.05387 1
6 85 1 -7.15656 1
6 86 1 -0.562575 1
6 87 1 5.70007 1
6 88 1 -1.93575 1
6 89 1 -2.39204 1
6 90 1 3.72662 1
6 91 1 0.933433 1
6 92 1 6.25375 1
6 93 1 -3.7974 1
6 94 1 -2.35971 1
6 95 1 2.95274 1
6 26 1 1.53077 1
7 64 1 1.98514 1
7 65 1 2.12553 1
7 66 1 1.35996 1
7 67 1 -5.20181 1
7 68 1 -4.05798 1
7 69 1 -3.27915 1
7 70 1 6.50147 1
7 71 1 4.55392 1
7 72 1 4.33316 1
7 73 1 -1.65042 1
7 74 1 0.59097 1
7 75 1 -0.180568 0
7 76 1 0.895838 1
7 77 1 3.22637 1
7 78 1 2.75098 1
7 79 1 1.36061 1
7 80 1 -1.12685 1
7 81 1 2.48758 1
7 82 1 -5.02368 0
7 83 1 0.687576 0
7 84 1 -4.12402 1
7 85 1 3.8162 1
7 86 1 0.500493 1
7 87 1 3.80274 1
7 88 1 -2.01116 1
7 89 1 -2.04442 1
7 90 1 1.70505 1
7 91 1 -3.66654 1
7 92 1 -0.47217 1
7 93 1 -0.821731 1
7 94 1 0.165953 1
7 95 1 1.84897 1
7 100 1 -0.327849 1
7 127 1 3.42324 1
7 164 1 0.746716 1
164 75 1 0.573629 1
127 82 1 -4.62871 0
127 169 1 0.105057 1
127 150 1 1.259 1
169 82 1 -4.11379 1
100 83 1 3.3066 0
100 24 1 -1.20046 0
100 106 1 2.68766 1
100 166 1 -0.188817 1
166 83 1 3.23019 1
106 24 1 -8.92184 1
106 6 1 -2.82662 1
8 64 1 1.64556 1
8 65 1 -2.34339 1
8 66 1 -0.186594 1
8 67 1 -1.65066 1
8 68 1 -2.60974 1
8 69 1 4.30494 1
8 70 1 1.44919 1
8 71 1 2.52419 1
8 72 1 4.21181 1
8 73 1 -3.74753 1
8 74 1 -2.89039 1
8 75 1 -2.73324 1
8 76 1 2.68452 1
8 77 1 2.48006 1
8 78 1 0.801995 1
8 79 1 -2.2282 1
8 80 1 -0.0946612 1
8 81 1 -1.5129 1
8 82 1 -1.43988 1
8 83 1 -3.22619 1
8 84 1 2.90492 1
8 85 1 8.3634 1
8 86 1 5.96347 1
8 87 1 2.38312 1
8 88 1 0.365436 1
8 89 1 5.61901 1
8 90 1 1.46801 1
8 91 1 -2.96221 1
8 92 1 1.88282 1
8 93 1 4.6482 1
8 94 1 5.98218 1
8 95 1 -2.01212 1
8 17 1 0.270733 1
9 64 1 -4.23052 1
9 65 1 -2.33618 1
9 66 1 1.93911 1
9 67 1 0.149715 1
9 68 1 -1.13409 1
9 69 1 -0.328795 1
9 70 1 -7.98604 1
9 71 1 -1.72125 1
9 72 1 1.49601 1
9 73 1 -2.64153 1
9 74 1 0.543623 1
9 75 1 1.85786 1
9 76 1 2.66118 1
9 77 1 0.585958 1
9 78 1 2.64966 1
9 79 1 1.1632 0
9 80 1 -1.94428 1
9 81 1 1.91396 1
9 82 1 -1.97946 1
9 83 1 -1.93679 1
9 84 1 4.90649 1
9 85 1 1.14227 1
9 86 1 0.601515 1
9 87 1 0.291755 1
9 88 1 2.64426 1
9 89 1 4.6168 1
9 90 1 -0.289963 1
9 91 1 0.253252 1
9 92 1 -1.61783 1
9 93 1 -1.50706 1
9 94 1 -4.27487 1
9 95 1 0.0197917 1
9 103 1 -2.5595 1
9 130 1 -0.307393 1
9 157 1 -0.399679 1
157 79 1 0.462313 1
157 22 1 -1.53977 1
10 64 1 1.1748 1
10 65 1 -0.535245 1
10 66 1 4.15389 1
10 67 1 -1.92263 1
10 68 1 3.00021 1
10 69 1 -1.65237 1
10 70 1 -0.0587673 1
10 71 1 -0.255688 1
10 72 1 5.66096 1
10 73 1 4.28936 1
10 74 1 1.04487 0
10 75 1 1.63583 1
10 76 1 3.71439 1
10 77 1 -0.466562 1
10 78 1 0.241627 1
10 79 1 -3.82273 1
10 80 1 -3.38986 1
10 81 1 5.39258 1
10 82 1 3.1228 1
10 83 1 0.0286563 1
10 84 1 7.67493 1
10 85 1 2.24264 1
10 86 1 -3.55014 1
10 87 1 -2.69512 1
10 88 1 2.76884 1
10 89 1 0.436691 1
10 90 1 -0.145695 1
10 91 1 2.70775 1
10 92 1 -1.32217 1
10 93 1 -0.290597 1
10 94 1 4.11569 1
10 95 1 4.81702 0
10 124 1 3.78345 1
10 165 1 -0.475941 1
165 95 1 5.07241 1
165 133 1 0.900029 1
124 74 1 -1.27663 1
124 12 1 1.93981 0
124 171 1 -1.32236 1
171 12 1 1.65753 1
171 152 1 -0.49001 1
11 64 1 3.33682 1
11 65 1 1.45328 1
11 66 1 4.04248 1
11 67 1 -2.26091 1
11 68 1 1.32514 1
11 69 1 2.1045 1
11 70 1 3.54336 1
11 71 1 1.15644 1
11 72 1 -8.22521 1
11 73 1 1.3085 1
11 74 1 0.267605 0
11 75 1 -2.79459 1
11 76 1 -1.74843 1
11 77 1 0.231993 1
11 78 1 -1.8502 1
11 79 1 -0.287968 1
11 80 1 -1.2045 1
11 81 1 2.51068 1
11 82 1 4.90187 0
11 83 1 4.23748 1
11 84 1 1.67146 1
11 85 1 -1.7554 1
11 86 1 -5.22122 1
11 87 1 0.725342 1
11 88 1 -6.97683 1
11 89 1 2.50425 1
11 90 1 0.337269 1
11 91 1 -2.08775 1
11 92 1 -1.16257 1
11 93 1 2.45898 1
11 94 1 -3.66096 1
11 95 1 -6.04653 1
11 120 1 -6.12355 1
11 109 1 -1.14101 1
11 154 1 2.82703 1
11 8 1 -1.28967 1
11 112 1 3.18958 1
154 82 1 4.10807 1
120 74 1 -2.51661 1
120 13 1 0.151534 0
120 150 1 4.25448 1
150 13 1 2.19039 0
150 163 1 3.78154 1
163 13 1 1.5425 1
12 64 1 -2.2599 1
12 65 1 -1.86393 0
12 66 1 -0.521395 1
12 67 1 -3.34322 1
12 68 1 1.32755 1
12 69 1 2.12202 1
12 70 1 1.36872 1
12 71 1 -1.7231 1
12 72 1 3.11801 1
12 73 1 -3.52 1
12 74 1 -3.41328 1
12 75 1 0.345531 1
12 76 1 -1.96603 1
12 77 1 2.53818 1
12 78 1 -1.42856 1
12 79 1 -2.13883 1
12 80 1 -1.82457 1
12 81 1 -2.84121 1
12 82 1 5.43845 1
12 83 1 0.887415 1
12 84 1 3.30092 1
12 85 1 0.854701 1
12 86 1 -4.58661 1
12 87 1 -4.0425 1
12 88 1 -1.11187 1
12 89 1 0.992503 1
12 90 1 -0.249031 1
12 91 1 -2.47187 1
12 92 1 1.24547 1
12 93 1 -1.06701 1
12 94 1 2.62458 1
12 95 1 -3.03684 1
12 17 1 0.884849 1
12 18 1 0.468539 1
12 144 1 -1.80334 1
12 167 1 1.44713 1
12 11 1 -0.440675 1
167 65 1 -2.66342 1
167 12 1 1.1561 1
13 64 1 -0.304985 1
13 65 1 -2.3008 1
13 66 1 -1.31471 1
13 67 1 -0.757306 1
13 68 1 4.26004 1
13 69 1 -4.039 1
13 70 1 -1.06769 1
13 71 1 0.469996 1
13 72 1 -0.137311 1
13 73 1 0.0672924 1
13 74 1 -0.743887 1
13 75 1 -2.32458 1
13 76 1 -0.66122 1
13 77 1 -1.91863 1
13 78 1 3.58343 1
13 79 1 3.95335 1
13 80 1 -0.221948 1
13 81 1 2.00671 1
13 82 1 3.55578 1
13 83 1 4.27566 1
13 84 1 -5.68361 1
13 85 1 5.63252 1
13 86 1 5.29143 1
13 87 1 5.74088 1
13 88 1 3.71325 1
13 89 1 -0.144662 1
13 90 1 -4.17232 1
13 91 1 -5.19915 1
13 92 1 -3.4128 1
13 93 1 -3.34309 1
13 94 1 0.148815 1
13 95 1 -3.8111 1
14 64 1 1.19844 1
14 65 1 4.94119 1
14 66 1 0.253281 1
14 67 1 3.10214 1
14 68 1 -1.48104 1
14 69 1 2.17658 1
14 70 1 0.266753 1
14 71 1 0.773013 1
14 72 1 5.12352 1
14 73 1 1.79074 1
14 74 1 0.490995 1
14 75 1 2.95876 1
14 76 1 -4.9688 1
14 77 1 0.222119 1
14 78 1 -1.95265 1
14 79 1 -1.04952 1
14 80 1 -0.805685 1
14 81 1 2.09849 0
14 82 1 4.91053 1
14 83 1 -0.948483 1
14 84 1 -0.652673 1
14 85 1 -2.16112 1
14 86 1 3.92965 1
14 87 1 -0.182227 1
14 88 1 -2.97132 1
14 89 1 1.12394 1
14 90 1 0.38688 1
14 91 1 4.17807 1
14 92 1 4.29394 1
14 93 1 2.85754 1
14 94 1 5.92028 1
14 95 1 2.02096 1
14 104 1 -0.159048 1
14 119 1 1.27715 1
14 126 1 1.73126 1
119 81 1 5.25849 1
119 99 1 1.06258 1
15 64 1 0.309162 1
15 65 1 2.18889 1
15 66 1 -2.77794 1
15 67 1 -2.32505 1
15 68 1 2.00838 1
15 69 1 -3.19045 1
15 70 1 7.73609 1
15 71 1 -2.53495 1
15 72 1 -1.59753 1
15 73 1 1.28018 1
15 74 1 0.758719 1
15 75 1 -0.4929 1
15 76 1 0.188619 1
15 77 1 1.40633 1
15 78 1 -3.51231 1
15 79 1 1.41895 1
15 80 1 4.8441 1
15 81 1 -0.796763 1
15 82 1 -4.27931 1
15 83 1 0.616311 1
15 84 1 1.09402 1
15 85 1 -2.2256 1
15 86 1 2.45171 1
15 87 1 -6.49933 1
15 88 1 1.55391 1
15 89 1 4.56073 1
15 90 1 0.174534 1
15 91 1 -3.95014 1
15 92 1 1.36586 1
15 93 1 -0.397533 1
15 94 1 -0.513884 1
15 95 1 -2.41588 1
15 20 1 -2.40617 1
16 64 1 2.75461 1
16 65 1 -2.67984 1
16 66 1 -1.57421 1
16 67 1 -5.35553 1
16 68 1 1.42894 1
16 69 1 0.112844 1
16 70 1 2.72438 1
16 71 1 5.54447 1
16 72 1 -0.444626 1
16 73 1 -1.86131 1
16 74 1 1.05926 1
16 75 1 2.56509 1
16 76 1 2.24531 1
16 77 1 2.72371 1
16 78 1 -1.59481 1
16 79 1 -2.91069 0
16 80 1 1.9803 1
16 81 1 1.77439 1
16 82 1 -3.25589 1
16 83 1 1.99613 1
16 84 1 0.116566 1
16 85 1 0.0949116 1
16 86 1 2.30169 1
16 87 1 -0.764431 1
16 88 1 2.53611 1
16 89 1 1.32052 1
16 90 1 -3.83419 1
16 91 1 4.34617 1
16 92 1 4.16056 1
16 93 1 -2.19329 1
16 94 1 -0.250928 1
16 95 1 -3.58636 1
16 26 1 -0.367819 1
16 151 1 2.01755 1
16 144 1 -1.16268 1
151 79 1 0.12638 1
17 64 1 -1.29878 1
17 65 1 -0.447628 1
17 66 1 -0.00591653 1
17 67 1 3.41014 1
17 68 1 1.20866 1
17 69 1 1.31915 1
17 70 1 0.70843 1
17 71 1 4.43108 1
17 72 1 -5.51134 0
17 73 1 1.16032 1
17 74 1 3.42667 1
17 75 1 -0.944178 1
17 76 1 -1.52619 1
17 77 1 2.21046 1
17 78 1 -2.98049 1
17 79 1 -4.01205 1
17 80 1 4.58155 1
17 81 1 2.65417 1
17 82 1 0.783777 1
17 83 1 -1.74329 1
17 84 1 0.0808664 1
17 85 1 3.31859 1
17 86 1 -0.746338 1
17 87 1 -2.50543 1
17 88 1 -6.91395 1
17 89 1 0.937892 1
17 90 1 -3.74942 1
17 91 1 4.44711 1
17 92 1 0.783305 1
17 93 1 2.20127 1
17 94 1 2.26335 1
17 95 1 1.16491 1
17 146 1 2.93186 1
146 72 1 -4.78283 0
146 30 1 -0.205267 1
146 177 1 -0.0549655 1
177 72 1 -4.03905 1
18 64 1 0.629413 1
18 65 1 -3.5907 1
18 66 1 1.97099 1
18 67 1 2.84579 1
18 68 1 -3.99295 1
18 69 1 -1.06457 0
18 70 1 3.88298 1
18 71 1 -0.661276 1
18 72 1 0.591309 1
18 73 1 0.122192 1
18 74 1 2.9625 1
18 75 1 -3.42268 1
18 76 1 2.17194 1
18 77 1 -1.05608 1
18 78 1 2.08974 1
18 79 1 3.54968 1
18 80 1 -7.29875 1
18 81 1 4.23378 1
18 82 1 -4.48832 1
18 83 1 2.34697 1
18 84 1 -5.82738 1
18 85 1 3.29563 1
18 86 1 5.87423 1
18 87 1 -4.8087 1
18 88 1 2.066 1
18 89 1 -2.88222 1
18 90 1 -0.357359 1
18 91 1 -0.809726 1
18 92 1 -4.41247 1
18 93 1 3.04562 1
18 94 1 -0.178553 1
18 95 1 0.602329 1
18 25 1 -2.88177 1
18 18 1 -1.09641 1
18 139 1 2.31052 1
18 182 1 0.634938 1
182 69 1 -0.809425 1
19 64 1 5.97052 1
19 65 1 -0.812102 1
19 66 1 6.72814 1
19 67 1 -1.63678 1
19 68 1 -1.95326 1
19 69 1 2.30449 1
19 70 1 -0.917034 1
19 71 1 1.315 1
19 72 1 3.37452 1
19 73 1 0.526197 1
19 74 1 1.07849 1
19 75 1 -0.16232 1
19 76 1 -6.3187 1
19 77 1 0.319796 1
19 78 1 0.421895 1
19 79 1 5.81818 1
19 80 1 -1.05565 1
19 81 1 -2.96075 1
19 82 1 -0.572266 1
19 83 1 -2.46443 1
19 84 1 2.06259 1
19 85 1 3.24321 1
19 86 1 -2.26378 1
19 87 1 2.96645 1
19 88 1 0.512552 1
19 89 1 5.92379 1
19 90 1 -0.26101 1
19 91 1 -1.2307 1
19 92 1 -0.51053 1
19 93 1 -4.14946 1
19 94 1 -1.12276 1
19 95 1 -7.3418 1
20 64 1 1.65859 1
20 65 1 -0.819507 1
20 66 1 -2.06032 1
20 67 1 -1.52449 1
20 68 1 0.419048 1
20 69 1 -0.405915 1
20 70 1 -4.54812 1
20 71 1 5.1142 1
20 72 1 -1.14737 1
20 73 1 3.58613 1
20 74 1 3.81104 1
20 75 1 3.88677 1
20 76 1 -0.53314 1
20 77 1 -3.44998 1
20 78 1 3.15451 1
20 79 1 1.4046 1
20 80 1 0.799429 1
20 81 1 0.738929 1
20 82 1 4.58741 1
20 83 1 0.691482 1
20 84 1 4.56931 1
20 85 1 -2.84975 1
20 86 1 -0.537255 1
20 87 1 1.02261 1
20 88 1 2.23384 1
20 89 1 0.836655 1
20 90 1 0.981924 1
20 91 1 1.70266 0
20 92 1 3.7439 1
20 93 1 2.54417 0
20 94 1 2.32306 0
20 95 1 1.80169 1
20 96 1 -2.16523 1
20 98 1 2.47541 1
20 103 1 1.96961 1
20 109 1 0.154599 1
103 91 1 1.94233 0
103 105 1 2.69232 1
103 112 1 -1.36389 0
103 123 1 -1.81926 1
103 140 1 -2.54099 1
140 112 1 1.03558 1
140 102 1 0.145897 1
123 91 1 -0.678347 1
123 113 1 -0.788384 0
123 136 1 2.05655 1
123 137 1 0.429764 1
136 113 1 -1.23189 1
136 6 1 -1.78969 1
105 91 1 3.90811 0
105 129 1 0.37074 1
129 91 1 1.37178 0
129 135 1 5.01522 1
129 116 1 -0.724611 1
135 91 1 -1.35268 1
98 93 1 3.05676 1
98 99 1 6.73186 1
98 15 1 1.5846 1
96 94 1 1.15553 1
96 20 1 -0.320681 0
96 155 1 2.18244 1
96 25 1 1.63726 1
155 20 1 -1.69234 0
155 30 1 1.57429 1
155 176 1 -0.255011 1
176 20 1 -1.44442 1
21 64 1 3.63416 1
21 65 1 5.92995 1
21 66 1 -5.21252 1
21 67 1 -3.99278 1
21 68 1 -0.329697 1
21 69 1 0.748613 1
21 70 1 0.594446 1
21 71 1 -7.53117 1
21 72 1 -8.26551 1
21 73 1 -2.20109 1
21 74 1 -3.13996 1
21 75 1 2.3317 1
21 76 1 -2.99744 1
21 77 1 -2.92167 1
21 78 1 -0.901259 1
21 79 1 -3.08759 1
21 80 1 -0.0554368 1
21 81 1 -2.06724 1
21 82 1 0.838882 1
21 83 1 -3.30979 1
21 84 1 8.12205 1
21 85 1 0.61842 1
21 86 1 2.82816 1
21 87 1 -0.273593 1
21 88 1 4.48667 1
21 89 1 1.06629 1
21 90 1 -1.02701 1
21 91 1 1.28263 0
21 92 1 3.17067 1
21 93 1 2.05179 1
21 94 1 -2.75138 1
21 95 1 0.286152 1
21 143 1 5.78683 1
143 91 1 -1.87443 1
22 64 1 0.856955 1
22 65 1 -0.27168 1
22 66 1 1.43456 1
22 67 1 4.95303 1
22 68 1 1.2195 1
22 69 1 -2.12406 1
22 70 1 -1.45184 1
22 71 1 -0.0451003 1
22 72 1 -4.6014 1
22 73 1 1.01908 1
22 74 1 -5.41952 1
22 75 1 -0.665036 1
22 76 1 0.564424 1
22 77 1 -1.11612 1
22 78 1 3.43743 1
22 79 1 6.18255 1
22 80 1 1.36954 1
22 81 1 -4.15722 1
22 82 1 2.20218 1
22 83 1 -1.22085 1
22 84 1 -1.85071 1
22 85 1 2.80687 1
22 86 1 -0.0819989 1
22 87 1 5.49693 1
22 88 1 -3.75228 1
22 89 1 -0.651004 1
22 90 1 0.33328 1
22 91 1 1.44509 1
22 92 1 1.17042 1
22 93 1 3.0081 1
22 94 1 6.91364 1
22 95 1 0.819356 1
23 64 1 -1.51101 1
23 65 1 2.02205 1
23 66 1 3.60441 1
23 67 1 3.6962 1
23 68 1 -3.51634 1
23 69 1 2.99984 1
23 70 1 2.80375 1
23 71 1 -4.21272 1
23 72 1 -0.90382 1
23 73 1 -1.59334 1
23 74 1 3.70703 1
23 75 1 1.99468 1
23 76 1 2.25021 1
23 77 1 2.45464 1
23 78 1 0.627509 0
23 79 1 -5.60869 1
23 80 1 2.29352 1
23 81 1 2.04926 1
23 82 1 -4.35248 1
23 83 1 -0.708989 1
23 84 1 2.30505 1
23 85 1 -3.09116 1
23 86 1 -12.1383 1
23 87 1 -0.754539 1
23 88 1 0.737918 1
23 89 1 -3.80251 1
23 90 1 -6.8785 1
23 91 1 -2.27468 1
23 92 1 3.59602 1
23 93 1 3.93316 1
23 94 1 -3.47646 1
23 95 1 0.477517 1
23 107 1 0.00801469 1
23 27 1 0.565714 1
23 178 1 1.01898 1
178 78 1 0.35593 1
24 64 1 -2.40222 1
24 65 1 2.98141 1
24 66 1 -1.02093 1
24 67 1 7.18986 1
24 68 1 -4.32284 1
24 69 1 2.82194 0
24 70 1 1.29702 1
24 71 1 6.04441 1
24 72 1 2.00871 1
24 73 1 1.39578 1
24 74 1 -0.110759 1
24 75 1 0.610848 1
24 76 1 -4.79347 1
24 77 1 -0.975876 1
24 78 1 -7.15976 1
24 79 1 0.928112 1
24 80 1 5.59185 1
24 81 1 4.5591 1
24 82 1 -2.30847 1
24 83 1 -1.85446 1
24 84 1 -4.65703 1
24 85 1 0.383114 1
24 86 1 -3.95871 1
24 87 1 3.62504 1
24 88 1 0.322919 1
24 89 1 9.72772 1
24 90 1 5.03142 1
24 91 1 -2.06871 1
24 92 1 0.438902 1
24 93 1 -0.164586 1
24 94 1 -0.168163 1
24 95 1 -5.57502 1
24 5 1 1.79492 1
24 168 1 -0.869251 1
168 69 1 4.48217 1
168 172 1 1.18931 1
25 64 1 -3.29498 1
25 65 1 1.7096 1
25 66 1 -1.33441 1
25 67 1 -3.26756 1
25 68 1 1.28964 1
25 69 1 -6.85661 1
25 70 1 -0.396514 0
25 71 1 -3.37521 1
25 72 1 2.42828 1
25 73 1 2.40583 1
25 74 1 2.15539 1
25 75 1 -2.96585 1
25 76 1 -0.363895 1
25 77 1 -1.793 1
25 78 1 3.15001 1
25 79 1 0.683695 1
25 80 1 -0.389185 1
25 81 1 -0.710763 1
25 82 1 -1.7919 1
25 83 1 1.44635 1
25 84 1 -0.391617 1
25 85 1 -1.80402 1
25 86 1 4.53708 1
25 87 1 -0.178007 1
25 88 1 -1.57364 1
25 89 1 -2.38258 1
25 90 1 -4.03261 1
25 91 1 3.78848 1
25 92 1 3.79325 1
25 93 1 -1.545 1
25 94 1 -2.45807 0
25 95 1 -3.35343 1
25 8 1 1.09977 1
25 6 1 -0.625565 1
25 121 1 1.20837 1
25 175 1 0.983454 1
175 94 1 -3.78839 1
121 70 1 6.61259 1
26 64 1 -2.38744 1
26 65 1 2.09549 1
26 66 1 -1.69857 1
26 67 1 1.87068 1
26 68 1 -1.03538 1
26 69 1 0.686626 1
26 70 1 -0.710699 1
26 71 1 1.27805 1
26 72 1 -3.29954 1
26 73 1 0.754587 1
26 74 1 -9.20446 1
26 75 1 3.08482 1
26 76 1 2.07288 1
26 77 1 -5.13152 1
26 78 1 1.16728 1
26 79 1 0.547685 1
26 80 1 -3.66266 1
26 81 1 4.83154 1
26 82 1 2.81996 1
26 83 1 1.40961 1
26 84 1 -5.57018 1
26 85 1 -0.0842271 1
26 86 1 -5.24773 1
26 87 1 2.03451 1
26 88 1 -4.90284 1
26 89 1 2.53673 1
26 90 1 -2.82895 1
26 91 1 -2.60002 1
26 92 1 -0.558488 1
26 93 1 -1.84973 1
26 94 1 1.33801 1
26 95 1 -0.155339 1
26 23 1 5.29422 1
26 15 1 1.83722 1
26 161 1 -0.38508 1
27 64 1 -1.9434 1
27 65 1 6.56586 1
27 66 1 3.19735 1
27 67 1 -0.0711143 1
27 68 1 3.12152 1
27 69 1 2.21533 1
27 70 1 5.34635 1
27 71 1 -6.48757 1
27 72 1 0.356026 1
27 73 1 2.51878 1
27 74 1 -3.47524 1
27 75 1 3.17805 1
27 76 1 -2.01794 1
27 77 1 1.63325 1
27 78 1 2.58779 1
27 79 1 1.00057 1
27 80 1 -0.556133 1
27 81 1 -2.68924 1
27 82 1 1.96138 1
27 83 1 -0.363152 1
27 84 1 3.41852 1
27 85 1 -1.66507 1
27 86 1 -4.05743 1
27 87 1 -1.88753 1
27 88 1 -8.20152 1
27 89 1 -4.96973 1
27 90 1 6.44942 1
27 91 1 -2.46576 1
27 92 1 -0.0686945 1
27 93 1 0.418498 1
27 94 1 0.277563 0
27 95 1 -1.0978 1
27 9 1 4.22782 1
27 5 1 0.849567 1
27 186 1 0.796081 1
186 94 1 -0.111084 1
28 64 1 2.57724 1
28 65 1 0.251502 1
28 66 1 -0.597445 1
28 67 1 5.15881 1
28 68 1 5.22069 1
28 69 1 1.5465 1
28 70 1 -2.13045 1
28 71 1 1.87627 1
28 72 1 -7.43135 1
28 73 1 0.314621 1
28 74 1 -2.56152 1
28 75 1 2.04367 1
28 76 1 0.48177 1
28 77 1 2.04537 1
28 78 1 -3.67436 1
28 79 1 2.4771 1
28 80 1 1.51988 1
28 81 1 -0.701523 1
28 82 1 4.71317 1
28 83 1 1.43877 1
28 84 1 4.51678 1
28 85 1 -4.7255 1
28 86 1 -2.21343 1
28 87 1 1.96502 1
28 88 1 -5.28859 1
28 89 1 0.924935 1
28 90 1 -2.2871 1
28 91 1 2.10786 1
28 92 1 5.84482 1
28 93 1 -1.72441 1
28 94 1 6.35523 1
28 95 1 -1.65568 1
29 64 1 -0.327395 1
29 65 1 2.3528 1
29 66 1 -1.84577 1
29 67 1 3.92209 1
29 68 1 -8.24596 1
29 69 1 2.33316 1
29 70 1 -3.4325 1
29 71 1 -1.39235 1
29 72 1 1.56686 1
29 73 1 0.950711 1
29 74 1 -2.88483 1
29 75 1 -0.350833 1
29 76 1 -1.15001 1
29 77 1 1.5702 1
29 78 1 -5.50067 1
29 79 1 -2.55498 1
29 80 1 1.82752 1
29 81 1 2.2333 1
29 82 1 1.38845 1
29 83 1 0.664591 1
29 84 1 -0.771001 1
29 85 1 -1.23673 1
29 86 1 -3.92269 1
29 87 1 -2.79542 1
29 88 1 -2.08252 1
29 89 1 -1.63126 1
29 90 1 -0.00168187 1
29 91 1 1.56162 1
29 92 1 1.31492 1
29 93 1 -0.36216 1
29 94 1 -1.4734 1
29 95 1 2.03739 1
29 113 1 1.04568 1
30 64 1 -1.62238 1
30 65 1 6.51609 1
30 66 1 4.39223 1
30 67 1 -1.88997 1
30 68 1 1.10739 1
30 69 1 0.678367 1
30 70 1 5.15776 1
30 71 1 -0.620733 1
30 72 1 -2.34182 1
30 73 1 3.76713 1
30 74 1 -1.19181 1
30 75 1 1.58604 1
30 76 1 3.09588 1
30 77 1 -1.3629 1
30 78 1 4.87731 1
30 79 1 4.45763 1
30 80 1 -3.2027 1
30 81 1 -0.81378 1
30 82 1 6.79462 1
30 83 1 2.64247 1
30 84 1 2.38614 1
30 85 1 -2.17425 1
30 86 1 -1.88905 1
30 87 1 -3.49111 1
30 88 1 0.859536 1
30 89 1 -2.24318 1
30 90 1 -0.98506 1
30 91 1 4.09067 1
30 92 1 -0.482108 1
30 93 1 1.34 1
30 94 1 2.09938 1
30 95 1 -3.64343 1
30 28 1 0.731969 1
31 64 1 2.2226 1
31 65 1 -4.26579 1
31 66 1 -4.67678 1
31 67 1 8.89209 1
31 68 1 5.2384 1
31 69 1 1.09734 1
31 70 1 -0.334624 1
31 71 1 2.28684 1
31 72 1 -2.83594 1
31 73 1 0.651714 1
31 74 1 3.45065 1
31 75 1 -0.682354 1
31 76 1 -3.39437 1
31 77 1 -0.242388 1
31 78 1 -4.23838 1
31 79 1 -0.126449 1
31 80 1 -0.579536 1
31 81 1 -0.98648 1
31 82 1 -0.0392875 1
31 83 1 -1.30427 1
31 84 1 -3.86969 1
31 85 1 -4.13473 1
31 86 1 0.578106 1
31 87 1 -4.46886 0
31 88 1 1.79583 1
31 89 1 -2.01771 1
31 90 1 -0.515593 1
31 91 1 -3.78943 1
31 92 1 0.727455 1
31 93 1 -0.430282 1
31 94 1 2.68167 1
31 95 1 -0.958054 1
31 122 1 1.69221 1
31 10 1 -0.750558 1
31 117 1 -1.97671 1
122 87 1 -0.505073 1
32 64 1 6.1774 1
32 65 1 1.69629 1
32 66 1 -3.93627 1
32 67 1 1.5782 1
32 68 1 0.437019 1
32 69 1 4.80025 1
32 70 1 -0.367356 1
32 71 1 3.82161 1
32 72 1 -1.8894 1
32 73 1 1.21656 1
32 74 1 -0.456166 1
32 75 1 6.20763 1
32 76 1 1.2286 1
32 77 1 3.7699 1
32 78 1 0.649031 1
32 79 1 -0.845877 1
32 80 1 -0.924184 1
32 81 1 -1.12939 1
32 82 1 -3.47825 1
32 83 1 -3.18781 1
32 84 1 1.57489 1
32 85 1 -2.92098 1
32 86 1 0.0921096 1
32 87 1 -1.98351 1
32 88 1 -0.197495 1
32 89 1 0.495741 1
32 90 1 2.55045 1
32 91 1 -4.31797 1
32 92 1 4.41666 1
32 93 1 2.07837 1
32 94 1 -1.72633 1
32 95 1 -0.39666 1
33 64 1 1.21941 1
33 65 1 -3.7638 1
33 66 1 -1.874 1
33 67 1 -1.65013 1
33 68 1 -1.207 1
33 69 1 -3.9789 1
33 70 1 3.63372 1
33 71 1 4.69282 1
33 72 1 3.20204 1
33 73 1 3.18517 1
33 74 1 1.11445 1
33 75 1 -7.18639 1
33 76 1 -4.98842 1
33 77 1 2.24422 1
33 78 1 -1.32414 1
33 79 1 -5.03282 1
33 80 1 1.41474 1
33 81 1 -4.1043 1
33 82 1 -2.30991 1
33 83 1 0.839554 1
33 84 1 -0.782629 1
33 85 1 0.509513 1
33 86 1 4.62561 1
33 87 1 2.74141 1
33 88 1 2.87566 1
33 89 1 5.28171 1
33 90 1 -3.15024 1
33 91 1 -2.34277 1
33 92 1 1.96826 1
33 93 1 3.19904 1
33 94 1 3.86553 1
33 95 1 0.978225 1
33 20 1 -0.0927084 1
33 107 1 -0.747686 1
33 13 1 0.905596 1
33 113 1 -2.55367 1
34 64 1 -0.730433 1
34 65 1 -2.12786 1
34 66 1 3.74529 1
34 67 1 0.525475 1
34 68 1 -1.51626 1
34 69 1 -1.95009 1
34 70 1 -1.68512 1
34 71 1 -3.515 1
34 72 1 -3.962 1
34 73 1 -4.03931 1
34 74 1 4.32146 1
34 75 1 6.62771 1
34 76 1 -3.54214 1
34 77 1 -0.708988 1
34 78 1 -1.06642 1
34 79 1 0.776384 1
34 80 1 3.71852 1
34 81 1 -2.1411 1
34 82 1 2.25988 1
34 83 1 1.7426 1
34 84 1 -0.36985 1
34 85 1 -1.85117 1
34 86 1 -0.949591 1
34 87 1 -1.50399 1
34 88 1 -0.164936 1
34 89 1 -0.429772 1
34 90 1 -6.5262 1
34 91 1 4.14448 1
34 92 1 3.66128 1
34 93 1 -2.98263 1
34 94 1 4.60983 1
34 95 1 2.34686 1
34 113 1 -1.89797 1
35 64 1 1.45934 1
35 65 1 -2.807 1
35 66 1 -1.66192 1
35 67 1 5.41678 1
35 68 1 1.99475 1
35 69 1 1.87613 1
35 70 1 3.03064 1
35 71 1 2.15769 1
35 72 1 0.66242 1
35 73 1 6.86656 1
35 74 1 0.758324 1
35 75 1 -3.02523 1
35 76 1 -4.22934 1
35 77 1 1.98239 1
35 78 1 -0.327154 1
35 79 1 3.59269 1
35 80 1 -5.95939 1
35 81 1 -0.831413 1
35 82 1 4.47348 0
35 83 1 -2.79781 1
35 84 1 6.36903 1
35 85 1 -3.49838 1
35 86 1 -1.05821 1
35 87 1 -4.18865 1
35 88 1 -0.0445683 1
35 89 1 2.65889 0
35 90 1 -1.94776 1
35 91 1 0.1274 1
35 92 1 -2.86845 1
35 93 1 -6.44545 1
35 94 1 0.543123 1
35 95 1 0.565465 1
35 130 1 1.50121 1
35 133 1 6.6634 1
133 82 1 1.11922 1
130 89 1 -0.494333 1
130 109 1 0.626317 1
36 64 1 2.97163 1
36 65 1 3.73648 1
36 66 1 3.01702 1
36 67 1 0.178613 1
36 68 1 -5.99642 1
36 69 1 -1.72281 1
36 70 1 -3.11002 1
36 71 1 1.66458 1
36 72 1 -2.36203 1
36 73 1 -0.143465 1
36 74 1 -0.9569 1
36 75 1 -0.156567 1
36 76 1 1.86878 1
36 77 1 -4.78767 1
36 78 1 0.820135 1
36 79 1 5.01013 1
36 80 1 4.11161 1
36 81 1 -1.84483 1
36 82 1 0.362475 0
36 83 1 0.513396 1
36 84 1 3.91588 1
36 85 1 -2.45715 1
36 86 1 0.43205 1
36 87 1 0.913019 1
36 88 1 -2.66478 1
36 89 1 0.142918 1
36 90 1 -4.10025 1
36 91 1 0.667083 1
36 92 1 4.3808 1
36 93 1 1.38873 1
36 94 1 -3.08377 1
36 95 1 7.14679 1
36 109 1 0.229803 0
36 24 1 -1.74014 1
36 117 1 2.21388 1
117 109 1 2.09677 1
117 4 1 0.311117 1
109 82 1 0.147449 1
109 31 1 1.23883 1
37 64 1 -5.91548 1
37 65 1 1.38517 1
37 66 1 -3.75337 1
37 67 1 0.756842 1
37 68 1 -4.75899 1
37 69 1 2.367 1
37 70 1 -6.86444 1
37 71 1 -1.20544 1
37 72 1 1.34692 1
37 73 1 0.449208 1
37 74 1 0.511602 1
37 75 1 0.477085 1
37 76 1 3.39611 0
37 77 1 1.59191 1
37 78 1 -1.31494 1
37 79 1 1.10281 1
37 80 1 1.44147 1
37 81 1 2.72607 1
37 82 1 1.91112 1
37 83 1 4.60391 1
37 84 1 -4.61105 1
37 85 1 4.69587 1
37 86 1 -1.42171 1
37 87 1 -1.17831 1
37 88 1 -1.5405 1
37 89 1 -3.42995 1
37 90 1 -4.31319 1
37 91 1 0.565122 1
37 92 1 3.82546 1
37 93 1 0.949266 1
37 94 1 -2.35691 1
37 95 1 1.04081 1
37 142 1 0.746765 1
37 160 1 -0.870485 1
142 76 1 -0.652674 1
142 147 1 0.576052 1
142 6 1 0.627458 1
38 64 1 0.878998 1
38 65 1 -1.81689 1
38 66 1 -1.33291 1
38 67 1 -4.21894 1
38 68 1 -1.85526 1
38 69 1 -5.60414 1
38 70 1 -0.9455 1
38 71 1 -0.523715 1
38 72 1 1.71925 1
38 73 1 1.58665 1
38 74 1 -1.2275 1
38 75 1 6.09229 1
38 76 1 1.80009 1
38 77 1 -2.51591 1
38 78 1 -0.482706 1
38 79 1 -0.231161 1
38 80 1 -0.392353 1
38 81 1 -2.79876 1
38 82 1 3.72107 1
38 83 1 -0.661153 1
38 84 1 -1.58562 1
38 85 1 -2.17683 1
38 86 1 -0.00925125 1
38 87 1 1.94808 0
38 88 1 3.95856 1
38 89 1 5.1156 1
38 90 1 -1.08296 1
38 91 1 3.1773 1
38 92 1 3.19825 0
38 93 1 0.89066 1
38 94 1 0.862778 1
38 95 1 -2.58042 1
38 148 1 2.89065 1
38 162 1 0.225702 1
162 87 1 1.10954 0
162 185 1 1.33149 1
185 87 1 0.656043 1
148 92 1 2.91849 1
39 64 1 1.50631 1
39 65 1 -1.49551 1
39 66 1 0.52789 1
39 67 1 -1.65994 1
39 68 1 -0.0798078 1
39 69 1 -0.228739 1
39 70 1 1.14039 1
39 71 1 -1.88911 1
39 72 1 -3.29971 1
39 73 1 -4.3246 1
39 74 1 -0.0164616 1
39 75 1 3.86956 0
39 76 1 4.61955 0
39 77 1 -0.0220986 1
39 78 1 -4.18497 1
39 79 1 -5.0683 1
39 80 1 -1.94501 1
39 81 1 -1.38672 1
39 82 1 -4.45295 1
39 83 1 -3.45535 1
39 84 1 -3.25755 1
39 85 1 0.102351 1
39 86 1 1.52002 1
39 87 1 1.30286 1
39 88 1 -1.54458 1
39 89 1 0.685266 1
39 90 1 4.49623 1
39 91 1 0.351048 1
39 92 1 7.28048 1
39 93 1 0.932444 1
39 94 1 -6.12588 1
39 95 1 -1.6504 1
39 2 1 -2.01162 1
39 112 1 3.11293 1
39 13 1 -0.195542 1
39 104 1 -0.858884 1
39 172 1 2.2459 1
172 76 1 4.01536 1
172 28 1 0.48661 1
112 75 1 -1.69625 1
112 138 1 -1.11921 1
112 153 1 1.03035 0
112 170 1 0.315925 1
112 113 1 1.05448 1
170 153 1 -3.50627 1
170 126 1 2.01554 1
40 64 1 -5.11959 1
40 65 1 -0.4645 1
40 66 1 3.16708 1
40 67 1 2.10222 1
40 68 1 1.33887 1
40 69 1 4.27524 1
40 70 1 -0.420844 1
40 71 1 0.823638 1
40 72 1 0.620091 1
40 73 1 1.53843 1
40 74 1 -0.0520962 1
40 75 1 2.05265 1
40 76 1 -2.71175 1
40 77 1 3.63302 1
40 78 1 2.37027 1
40 79 1 -1.77122 1
40 80 1 2.55865 1
40 81 1 1.51273 1
40 82 1 0.671563 1
40 83 1 -2.77806 1
40 84 1 -3.59949 1
40 85 1 -0.500324 1
40 86 1 1.75244 1
40 87 1 -0.620864 1
40 88 1 1.84396 1
40 89 1 -1.18667 1
40 90 1 -0.934389 1
40 91 1 -1.16169 1
40 92 1 -2.55663 1
40 93 1 1.31158 1
40 94 1 0.775863 1
40 95 1 3.21245 1
40 2 1 1.06819 1
40 134 1 2.42 1
41 64 1 2.73332 1
41 65 1 -0.764544 1
41 66 1 0.322266 1
41 67 1 0.685678 1
41 68 1 2.10966 1
41 69 1 -0.910522 1
41 70 1 2.0882 1
41 71 1 0.869611 1
41 72 1 4.68069 1
41 73 1 -5.67752 1
41 74 1 0.777855 1
41 75 1 3.16377 1
41 76 1 -5.70271 1
41 77 1 1.0445 1
41 78 1 -5.22251 1
41 79 1 1.39216 1
41 80 1 2.84935 1
41 81 1 4.47318 1
41 82 1 -2.29468 1
41 83 1 2.60404 1
41 84 1 -3.04319 1
41 85 1 0.151623 1
41 86 1 -0.0117948 1
41 87 1 1.40161 1
41 88 1 2.56984 1
41 89 1 -0.593732 1
41 90 1 -0.52017 1
41 91 1 1.33037 1
41 92 1 -0.0121169 1
41 93 1 -0.391251 1
41 94 1 -3.0819 1
41 95 1 0.836793 1
41 11 1 0.40961 1
41 29 1 -3.61185 1
41 97 1 -1.55803 1
42 64 1 2.69746 1
42 65 1 0.0843121 1
42 66 1 -1.40866 1
42 67 1 2.24611 1
42 68 1 -2.7734 1
42 69 1 -1.48261 1
42 70 1 0.718824 1
42 71 1 0.666139 1
42 72 1 -2.15345 1
42 73 1 -1.3109 1
42 74 1 4.03418 1
42 75 1 -2.81263 1
42 76 1 -4.5883 1
42 77 1 -2.7379 1
42 78 1 0.355282 1
42 79 1 2.03169 1
42 80 1 -0.0865851 1
42 81 1 3.50048 1
42 82 1 2.85081 1
42 83 1 3.2369 1
42 84 1 -0.128777 1
42 85 1 -0.765402 1
42 86 1 2.36819 1
42 87 1 -3.4081 1
42 88 1 -3.16619 1
42 89 1 -1.76006 1
42 90 1 2.49727 1
42 91 1 1.91489 1
42 92 1 1.72656 1
42 93 1 1.8758 1
42 94 1 -3.31729 1
42 95 1 -1.34566 1
43 64 1 2.12387 1
43 65 1 -2.63383 1
43 66 1 4.26267 1
43 67 1 0.617269 1
43 68 1 0.975038 1
43 69 1 -3.42784 1
43 70 1 0.326539 1
43 71 1 -4.96512 1
43 72 1 0.862676 1
43 73 1 -9.04619 1
43 74 1 2.85851 1
43 75 1 -5.05025 1
43 76 1 -2.0803 1
43 77 1 1.69051 1
43 78 1 0.847401 1
43 79 1 -4.65224 1
43 80 1 -0.696943 1
43 81 1 3.20769 1
43 82 1 1.94507 1
43 83 1 -2.37293 1
43 84 1 -1.75932 1
43 85 1 2.51508 1
43 86 1 3.49502 1
43 87 1 5.86029 1
43 88 1 2.35007 1
43 89 1 2.96587 1
43 90 1 -0.417207 1
43 91 1 -3.48709 1
43 92 1 3.17957 1
43 93 1 1.8359 1
43 94 1 -0.0950316 1
43 95 1 2.36011 1
44 64 1 -0.865024 1
44 65 1 -5.5547 1
44 66 1 -1.50614 1
44 67 1 -2.58752 1
44 68 1 0.0766015 1
44 69 1 -4.13324 1
44 70 1 3.60875 1
44 71 1 3.52322 1
44 72 1 -2.61996 1
44 73 1 1.84627 1
44 74 1 -1.86926 1
44 75 1 -3.75749 1
44 76 1 -1.92301 1
44 77 1 2.79786 1
44 78 1 3.39143 1
44 79 1 0.900348 1
44 80 1 6.50342 1
44 81 1 -2.77668 1
44 82 1 2.40284 1
44 83 1 -0.929711 1
44 84 1 1.36938 1
44 85 1 -0.260641 1
44 86 1 4.73891 1
44 87 1 -0.292312 1
44 88 1 1.69446 1
44 89 1 0.428674 1
44 90 1 3.89976 1
44 91 1 3.31624 1
44 92 1 -2.19993 1
44 93 1 3.01739 1
44 94 1 -2.72622 1
44 95 1 -3.70618 1
44 8 1 -1.38931 1
44 29 1 0.902633 1
45 64 1 -1.74736 1
45 65 1 -0.113326 1
45 66 1 -0.702744 1
45 67 1 3.13116 1
45 68 1 -0.167668 1
45 69 1 -5.01423 1
45 70 1 -3.93586 1
45 71 1 0.357141 1
45 72 1 -4.7288 1
45 73 1 1.8434 1
45 74 1 3.96999 1
45 75 1 3.87893 1
45 76 1 -2.27676 1
45 77 1 -1.39916 1
45 78 1 -1.35259 1
45 79 1 3.65185 1
45 80 1 -2.0998 1
45 81 1 1.83867 1
45 82 1 1.0601 1
45 83 1 -3.20233 1
45 84 1 0.789472 1
45 85 1 -3.3071 1
45 86 1 2.77585 1
45 87 1 0.352106 1
45 88 1 5.01005 1
45 89 1 -2.64983 1
45 90 1 0.030923 1
45 91 1 3.44603 1
45 92 1 -1.53396 1
45 93 1 -7.156 1
45 94 1 1.61325 1
45 95 1 -4.86611 1
45 9 1 4.73366 1
45 20 1 0.354289 1
45 17 1 -0.861418 1
46 64 1 1.81539 1
46 65 1 1.03489 1
46 66 1 2.58267 1
46 67 1 3.44622 1
46 68 1 -6.58599 1
46 69 1 -0.288919 1
46 70 1 3.09692 1
46 71 1 -1.08192 1
46 72 1 2.99991 1
46 73 1 -4.02485 1
46 74 1 -2.15327 1
46 75 1 -2.24956 1
46 76 1 -6.31909 1
46 77 1 3.95116 1
46 78 1 0.0274826 1
46 79 1 -0.283946 1
46 80 1 2.55531 1
46 81 1 1.93759 1
46 82 1 -0.427176 1
46 83 1 2.16167 1
46 84 1 -1.60318 1
46 85 1 3.52489 1
46 86 1 -2.84424 1
46 87 1 7.38889 1
46 88 1 0.563945 1
46 89 1 -5.70318 1
46 90 1 -3.85823 1
46 91 1 0.911219 1
46 92 1 -2.1983 1
46 93 1 -1.73257 1
46 94 1 1.22476 1
46 95 1 0.243982 1
46 24 1 1.90591 1
47 64 1 -0.218623 1
47 65 1 0.475782 1
47 66 1 -1.00122 1
47 67 1 2.575 1
47 68 1 -0.714861 1
47 69 1 2.40718 1
47 70 1 -2.01069 1
47 71 1 1.0292 1
47 72 1 -0.186754 1
47 73 1 5.04565 0
47 74 1 -1.55658 1
47 75 1 -1.07502 1
47 76 1 -3.89055 1
47 77 1 -7.08964 1
47 78 1 -3.00265 1
47 79 1 -1.27874 1
47 80 1 5.70044 1
47 81 1 -4.35986 1
47 82 1 3.40294 1
47 83 1 0.252929 1
47 84 1 -3.58365 1
47 85 1 -1.29353 1
47 86 1 -2.97433 1
47 87 1 5.94313 1
47 88 1 5.19702 1
47 89 1 1.39011 1
47 90 1 6.31969 1
47 91 1 1.39283 1
47 92 1 2.56233 1
47 93 1 2.39047 1
47 94 1 2.47182 1
47 95 1 -0.973784 1
47 4 1 0.374608 1
47 137 1 3.28981 1
137 73 1 3.24479 0
137 156 1 -1.03289 1
156 73 1 3.96808 1
156 15 1 -0.156791 1
156 104 1 1.85683 1
48 64 1 -0.573725 1
48 65 1 -1.80774 1
48 66 1 3.88821 1
48 67 1 -2.97572 1
48 68 1 -4.48093 1
48 69 1 -4.26158 1
48 70 1 0.962151 1
48 71 1 0.500046 1
48 72 1 -7.22455 1
48 73 1 3.73517 1
48 74 1 6.0965 1
48 75 1 -4.79496 1
48 76 1 -2.54787 1
48 77 1 -1.95424 1
48 78 1 -1.94437 1
48 79 1 2.23633 1
48 80 1 -0.747715 1
48 81 1 -3.65853 1
48 82 1 -2.18876 1
48 83 1 0.00265232 1
48 84 1 0.659385 1
48 85 1 -0.0426131 1
48 86 1 -1.38346 1
48 87 1 0.675757 1
48 88 1 -0.0167632 1
48 89 1 -1.69837 1
48 90 1 1.98189 1
48 91 1 -0.47272 1
48 92 1 -6.54447 1
48 93 1 1.39212 1
48 94 1 6.82641 1
48 95 1 4.07998 1
48 16 1 1.20919 1
48 12 1 0.139294 1
48 14 1 -1.5912 1
48 30 1 1.04227 1
49 64 1 -0.0628396 1
49 65 1 -5.85056 1
49 66 1 1.75071 1
49 67 1 -0.762428 1
49 68 1 -4.8552 1
49 69 1 0.854426 1
49 70 1 0.645188 1
49 71 1 -2.09389 1
49 72 1 -2.476 1
49 73 1 0.451554 1
49 74 1 2.90565 1
49 75 1 0.95822 1
49 76 1 -5.96109 1
49 77 1 -4.59685 1
49 78 1 -1.56541 0
49 79 1 2.52137 1
49 80 1 5.76094 1
49 81 1 -2.34129 1
49 82 1 1.27854 1
49 83 1 0.291731 1
49 84 1 0.752242 1
49 85 1 -1.73809 1
49 86 1 -2.74821 1
49 87 1 -2.89539 1
49 88 1 2.6625 1
49 89 1 2.84244 1
49 90 1 -2.96774 1
49 91 1 2.84603 1
49 92 1 0.69159 1
49 93 1 3.49204 1
49 94 1 2.26024 1
49 95 1 2.37286 1
49 19 1 -0.00209481 1
49 31 1 -1.21614 1
49 15 1 -3.64246 1
49 158 1 -0.59383 1
49 26 1 1.01441 1
49 144 1 -3.62402 1
158 78 1 -2.00871 1
50 64 1 -3.60413 1
50 65 1 -3.2374 1
50 66 1 1.20992 1
50 67 1 -0.132041 1
50 68 1 2.6309 1
50 69 1 -2.09385 1
50 70 1 1.64207 1
50 71 1 6.01252 1
50 72 1 -3.69821 1
50 73 1 3.44687 1
50 74 1 -0.197204 1
50 75 1 2.88335 1
50 76 1 -2.0531 1
50 77 1 -2.713 1
50 78 1 1.34249 1
50 79 1 -1.68422 1
50 80 1 1.30652 1
50 81 1 2.1313 1
50 82 1 -3.32518 1
50 83 1 5.60126 1
50 84 1 0.838924 1
50 85 1 4.83867 1
50 86 1 4.99167 1
50 87 1 -1.70254 1
50 88 1 -1.26783 1
50 89 1 0.0324481 1
50 90 1 0.315368 1
50 91 1 0.636796 1
50 92 1 -0.673251 1
50 93 1 -2.83207 1
50 94 1 -1.67985 1
50 95 1 0.442129 1
50 4 1 4.93519 1
50 22 1 -0.757291 1
51 64 1 -0.803934 1
51 65 1 4.81508 1
51 66 1 2.98075 1
51 67 1 -1.54786 1
51 68 1 0.0738435 1
51 69 1 -0.0573595 1
51 70 1 0.106728 1
51 71 1 4.62112 1
51 72 1 -4.39195 1
51 73 1 -1.69471 0
51 74 1 -1.29045 1
51 75 1 4.35421 1
51 76 1 -3.3229 1
51 77 1 4.01951 1
51 78 1 7.04388 1
51 79 1 -1.01781 1
51 80 1 -0.0077684 1
51 81 1 -2.69516 1
51 82 1 -0.682458 1
51 83 1 6.41457 1
51 84 1 -3.22884 1
51 85 1 0.288754 1
51 86 1 -1.08209 1
51 87 1 2.7647 1
51 88 1 -1.69776 0
51 89 1 1.02614 1
51 90 1 -0.794809 1
51 91 1 -2.14793 1
51 92 1 2.98832 1
51 93 1 5.79832 1
51 94 1 -4.54264 1
51 95 1 -2.53041 1
51 116 1 1.47873 1
51 12 1 -2.03887 1
51 179 1 -0.100851 1
179 88 1 -0.0845568 1
116 73 1 1.25841 0
116 134 1 2.83945 1
134 73 1 4.24487 1
134 128 1 2.41754 1
52 64 1 -2.62129 1
52 65 1 5.39718 1
52 66 1 -0.724918 1
52 67 1 0.206395 1
52 68 1 1.50761 1
52 69 1 6.1896 1
52 70 1 2.96135 1
52 71 1 -2.37398 1
52 72 1 -0.15237 1
52 73 1 3.51963 1
52 74 1 3.26964 1
52 75 1 2.7411 1
52 76 1 -5.25865 1
52 77 1 0.21918 1
52 78 1 4.4254 1
52 79 1 -3.11523 1
52 80 1 -1.06407 1
52 81 1 0.231409 1
52 82 1 -1.35357 1
52 83 1 0.558642 1
52 84 1 0.0923378 1
52 85 1 -0.838195 1
52 86 1 -6.75386 1
52 87 1 0.985112 1
52 88 1 0.749604 1
52 89 1 0.558252 1
52 90 1 -1.09195 1
52 91 1 -0.327072 1
52 92 1 0.671102 1
52 93 1 -4.10883 0
52 94 1 4.76532 1
52 95 1 -0.244024 1
52 115 1 1.7356 1
52 139 1 0.692522 1
52 23 1 -1.00298 1
139 93 1 -0.210216 0
139 181 1 0.913121 0
139 184 1 2.00118 1
184 181 1 -0.10677 1
184 15 1 1.27397 1
181 93 1 -1.03015 1
53 64 1 -4.34221 1
53 65 1 -0.156073 1
53 66 1 -2.74385 1
53 67 1 -1.89433 1
53 68 1 -1.40043 1
53 69 1 1.15613 1
53 70 1 0.88251 0
53 71 1 1.2467 1
53 72 1 -0.0714196 1
53 73 1 0.224579 1
53 74 1 -0.57563 1
53 75 1 -2.8571 1
53 76 1 0.567052 1
53 77 1 1.86953 1
53 78 1 0.443788 1
53 79 1 -0.41667 1
53 80 1 2.01663 1
53 81 1 2.76083 1
53 82 1 1.47774 1
53 83 1 -1.93087 1
53 84 1 1.4635 1
53 85 1 1.87448 1
53 86 1 0.722744 1
53 87 1 -1.49531 1
53 88 1 1.17104 1
53 89 1 0.562414 1
53 90 1 -3.13035 1
53 91 1 0.722232 1
53 92 1 2.64767 1
53 93 1 -1.23395 1
53 94 1 -0.921466 1
53 95 1 -3.81145 1
53 20 1 5.42084 1
53 23 1 -1.02059 1
53 149 1 -1.2945 1
149 70 1 -2.13654 0
149 153 1 0.601456 1
149 126 1 -0.568592 1
153 70 1 1.01729 0
153 183 1 1.49918 1
183 70 1 0.568274 1
54 64 1 4.0398 1
54 65 1 1.72029 1
54 66 1 -1.1336 1
54 67 1 1.4012 1
54 68 1 3.42668 1
54 69 1 -4.24961 1
54 70 1 0.713331 1
54 71 1 4.213 1
54 72 1 0.758616 1
54 73 1 -0.0402429 1
54 74 1 -0.435238 1
54 75 1 -3.36979 1
54 76 1 -4.8412 1
54 77 1 1.03712 1
54 78 1 -2.02534 1
54 79 1 2.94054 1
54 80 1 1.68054 1
54 81 1 4.81515 1
54 82 1 -2.3334 1
54 83 1 2.98288 1
54 84 1 -0.299588 1
54 85 1 0.740005 1
54 86 1 -5.81091 1
54 87 1 -0.088097 1
54 88 1 1.02306 1
54 89 1 5.09452 1
54 90 1 -2.97987 1
54 91 1 2.17367 1
54 92 1 -1.36558 1
54 93 1 4.08097 1
54 94 1 -3.42662 1
54 95 1 -2.30184 1
54 30 1 -0.255194 1
54 144 1 3.23916 1
54 16 1 0.0729075 1
55 64 1 1.34849 1
55 65 1 -2.76179 1
55 66 1 -3.02388 1
55 67 1 -2.83276 1
55 68 1 1.61093 1
55 69 1 0.244704 1
55 70 1 2.97148 1
55 71 1 -5.26307 1
55 72 1 1.82913 1
55 73 1 -0.674496 1
55 74 1 2.59427 1
55 75 1 -3.27636 1
55 76 1 -6.19081 1
55 77 1 2.37014 1
55 78 1 2.18065 1
55 79 1 4.98921 1
55 80 1 -1.79898 1
55 81 1 1.86238 1
55 82 1 -2.26449 1
55 83 1 1.33651 1
55 84 1 0.075692 1
55 85 1 -7.94214 1
55 86 1 0.20081 1
55 87 1 -2.23162 1
55 88 1 -6.17309 1
55 89 1 1.69364 1
55 90 1 -1.22634 1
55 91 1 0.229131 1
55 92 1 10.0366 1
55 93 1 -4.21591 1
55 94 1 -3.01223 1
55 95 1 -0.734825 0
55 28 1 4.87875 1
55 114 1 0.27182 1
55 0 1 -3.09598 1
55 2 1 -0.673498 1
114 95 1 -1.33097 1
56 64 1 2.98967 1
56 65 1 -11.2911 1
56 66 1 -1.02432 1
56 67 1 -1.97516 1
56 68 1 3.54049 0
56 69 1 -2.34817 1
56 70 1 2.71325 1
56 71 1 3.0341 1
56 72 1 -1.91738 1
56 73 1 0.523491 1
56 74 1 2.80799 1
56 75 1 6.53398 1
56 76 1 -2.29857 1
56 77 1 -1.56859 1
56 78 1 -3.70588 1
56 79 1 -1.37117 1
56 80 1 0.321797 1
56 81 1 5.78983 1
56 82 1 2.44884 1
56 83 1 -0.962746 1
56 84 1 -2.57429 1
56 85 1 -1.44476 1
56 86 1 2.08396 1
56 87 1 1.00331 1
56 88 1 1.62226 1
56 89 1 1.88423 1
56 90 1 -0.0442601 1
56 91 1 -1.12476 1
56 92 1 1.50175 1
56 93 1 3.56516 1
56 94 1 -1.80999 1
56 95 1 -1.87969 1
56 3 1 -2.85634 1
56 126 1 4.64042 1
56 0 1 -2.37999 1
126 68 1 2.68006 1
126 11 1 -3.39471 1
57 64 1 -5.1346 1
57 65 1 6.25012 1
57 66 1 -0.720055 1
57 67 1 -3.01613 1
57 68 1 -0.348231 1
57 69 1 -1.52908 0
57 70 1 0.827898 1
57 71 1 2.44813 1
57 72 1 3.82433 1
57 73 1 -2.81278 1
57 74 1 1.36322 1
57 75 1 5.9504 1
57 76 1 4.05247 1
57 77 1 -5.60003 1
57 78 1 0.864369 1
57 79 1 -2.83532 1
57 80 1 3.89788 1
57 81 1 4.70616 1
57 82 1 4.4332 1
57 83 1 -2.64914 1
57 84 1 0.310711 1
57 85 1 -4.81057 1
57 86 1 -1.12508 1
57 87 1 0.0494173 1
57 88 1 2.65655 1
57 89 1 1.31926 1
57 90 1 0.892167 1
57 91 1 -3.03019 1
57 92 1 -1.70701 1
57 93 1 -3.68557 1
57 94 1 -1.2574 1
57 95 1 3.72888 1
57 104 1 5.44103 1
57 22 1 0.619339 1
104 69 1 1.43205 1
104 1 1 2.44814 1
104 107 1 -0.70115 1
104 19 1 0.736959 1
58 64 1 7.72485 1
58 65 1 -3.45126 1
58 66 1 -1.92214 1
58 67 1 -0.447822 1
58 68 1 -3.93702 1
58 69 1 -2.16992 1
58 70 1 -0.438085 1
58 71 1 2.19205 1
58 72 1 2.25022 1
58 73 1 -3.20981 1
58 74 1 1.66936 1
58 75 1 1.73992 1
58 76 1 0.85663 1
58 77 1 4.00186 1
58 78 1 -2.90452 1
58 79 1 0.000972289 0
58 80 1 -3.23162 1
58 81 1 3.12231 1
58 82 1 1.03777 1
58 83 1 1.67381 1
58 84 1 -1.98846 1
58 85 1 1.40772 1
58 86 1 1.8411 1
58 87 1 -4.16375 1
58 88 1 -6.81372 1
58 89 1 -2.98114 1
58 90 1 1.44269 1
58 91 1 -2.46141 1
58 92 1 0.412982 0
58 93 1 0.861746 1
58 94 1 -2.03224 1
58 95 1 3.22462 1
58 128 1 1.23921 1
58 115 1 0.367431 1
58 174 1 2.08389 1
174 92 1 -0.194121 1
128 79 1 0.274866 0
128 131 1 2.60172 1
131 79 1 1.63437 0
131 160 1 0.42279 1
131 7 1 -0.26285 1
160 79 1 3.28896 0
160 125 1 1.58468 1
160 173 1 0.101567 1
173 79 1 2.29629 1
59 64 1 -2.60802 1
59 65 1 1.44051 1
59 66 1 5.09349 1
59 67 1 -2.03055 1
59 68 1 2.97394 1
59 69 1 -2.88546 1
59 70 1 -3.11997 1
59 71 1 -0.00221008 1
59 72 1 -0.345899 1
59 73 1 -1.23365 1
59 74 1 0.998416 1
59 75 1 0.291297 1
59 76 1 2.47298 1
59 77 1 -0.17698 0
59 78 1 2.35738 1
59 79 1 -2.85063 1
59 80 1 2.69058 1
59 81 1 1.43746 1
59 82 1 -3.67322 1
59 83 1 6.07238 1
59 84 1 1.64736 1
59 85 1 -6.20819 1
59 86 1 -4.87914 1
59 87 1 1.39965 1
59 88 1 5.16199 1
59 89 1 -0.0179628 1
59 90 1 0.301676 1
59 91 1 -1.07854 1
59 92 1 1.94442 1
59 93 1 2.79384 1
59 94 1 -5.68679 1
59 95 1 2.9508 1
59 97 1 -1.23556 1
59 5 1 -6.03008 1
59 11 1 -3.85319 1
59 13 1 0.407095 1
97 77 1 -6.05316 1
97 22 1 0.337855 1
97 2 1 -6.86754 0
97 99 1 1.18279 1
97 7 1 3.73775 0
97 102 1 2.10256 1
97 17 1 3.19515 1
102 7 1 5.63756 1
99 2 1 0.466735 0
99 108 1 5.83255 1
99 15 1 4.20077 1
108 2 1 0.47384 0
108 125 1 7.45879 1
108 0 1 -0.81023 1
125 2 1 2.1765 1
125 1 1 0.813975 1
60 64 1 0.866992 1
60 65 1 -0.0275957 1
60 66 1 1.95124 1
60 67 1 -1.14648 1
60 68 1 0.530339 1
60 69 1 3.28902 1
60 70 1 -2.03665 1
60 71 1 1.59948 1
60 72 1 -0.637489 0
60 73 1 2.00433 1
60 74 1 1.90731 1
60 75 1 0.767793 1
60 76 1 -1.68904 1
60 77 1 6.57551 1
60 78 1 -3.1447 1
60 79 1 -0.15126 1
60 80 1 -5.1966 1
60 81 1 -3.96694 1
60 82 1 -1.0808 1
60 83 1 1.91788 1
60 84 1 -4.96654 1
60 85 1 2.00129 1
60 86 1 2.3149 1
60 87 1 -0.602399 1
60 88 1 -4.49051 1
60 89 1 1.72306 1
60 90 1 -1.73871 1
60 91 1 -0.0396595 1
60 92 1 -0.299018 1
60 93 1 -1.16506 1
60 94 1 -0.861066 1
60 95 1 0.851669 1
60 24 1 -0.750056 1
60 0 1 4.43211 1
60 115 1 2.93685 1
60 3 1 -3.14816 1
60 20 1 -0.235463 1
115 72 1 -1.78532 1
115 18 1 1.50509 1
115 14 1 2.99913 1
115 19 1 -1.23119 1
61 64 1 -0.331858 1
61 65 1 -0.259389 1
61 66 1 2.37349 1
61 67 1 0.655565 1
61 68 1 -3.29012 1
61 69 1 3.91907 1
61 70 1 3.42185 1
61 71 1 1.34614 1
61 72 1 0.692628 1
61 73 1 0.974527 1
61 74 1 3.923 1
61 75 1 5.26183 1
61 76 1 1.90443 1
61 77 1 -2.54244 0
61 78 1 -3.98362 1
61 79 1 1.92678 1
61 80 1 -1.71259 1
61 81 1 -0.656655 1
61 82 1 -1.79502 1
61 83 1 -0.76024 1
61 84 1 -3.4685 1
61 85 1 -1.26051 1
61 86 1 -0.231816 1
61 87 1 2.6309 1
61 88 1 -2.13507 1
61 89 1 1.32675 1
61 90 1 -3.33403 1
61 91 1 1.80416 1
61 92 1 -0.394453 1
61 93 1 0.643583 1
61 94 1 1.13629 1
61 95 1 -0.845191 1
61 107 1 0.475195 1
61 113 1 -0.925631 1
61 14 1 -1.8333 1
107 77 1 -4.41943 0
107 113 1 -1.07232 1
107 14 1 -2.10058 1
107 20 1 1.40152 1
113 77 1 -1.62116 0
113 23 1 -1.57838 1
113 147 1 1.84656 1
113 159 1 1.18715 1
159 77 1 -2.38184 0
159 161 1 0.672822 1
161 77 1 -1.79161 1
62 64 1 -0.962049 1
62 65 1 -2.43218 1
62 66 1 2.981 1
62 67 1 -1.36667 1
62 68 1 2.16624 1
62 69 1 -0.807956 1
62 70 1 -1.02342 1
62 71 1 -5.47645 1
62 72 1 4.2886 1
62 73 1 3.54887 1
62 74 1 2.82776 1
62 75 1 -1.41424 1
62 76 1 2.91163 1
62 77 1 -4.18289 1
62 78 1 -2.06038 1
62 79 1 -3.01409 1
62 80 1 2.0251 1
62 81 1 0.975718 1
62 82 1 -1.21862 1
62 83 1 3.33345 1
62 84 1 -0.977691 0
62 85 1 -1.28083 1
62 86 1 3.58964 1
62 87 1 -2.2157 1
62 88 1 0.286651 1
62 89 1 -2.35884 1
62 90 1 -8.97413 1
62 91 1 -0.672776 1
62 92 1 -0.0393374 1
62 93 1 -1.29383 1
62 94 1 -0.987488 1
62 95 1 -1.43955 1
62 5 1 1.0761 1
62 138 1 1.75861 0
62 152 1 0.80316 1
62 31 1 1.56117 1
152 138 1 1.52004 0
152 187 1 1.11812 1
187 138 1 1.42057 1
138 84 1 -1.65439 1
63 64 1 3.24403 1
63 65 1 -2.4472 1
63 66 1 5.53739 1
63 67 1 -3.84364 1
63 68 1 2.48434 1
63 69 1 -3.51934 1
63 70 1 -4.05631 1
63 71 1 1.7587 1
63 72 1 0.587452 1
63 73 1 1.82643 1
63 74 1 -7.77379 1
63 75 1 -0.0222521 1
63 76 1 -0.0180196 0
63 77 1 0.784982 1
63 78 1 -0.830321 1
63 79 1 -0.85585 1
63 80 1 2.54821 1
63 81 1 -1.50187 1
63 82 1 2.94024 1
63 83 1 -4.28298 1
63 84 1 -2.44193 1
63 85 1 -5.15043 1
63 86 1 6.38504 1
63 87 1 -3.0102 0
63 88 1 -0.758615 1
63 89 1 -1.88352 1
63 90 1 -0.450358 1
63 91 1 -2.7897 1
63 92 1 0.489536 1
63 93 1 2.12511 1
63 94 1 1.68096 1
63 95 1 -1.56824 1
63 141 1 6.59024 1
63 144 1 1.12426 1
144 76 1 -0.580436 0
144 147 1 0.538056 1
147 76 1 -2.42468 1
147 9 1 -3.24474 1
141 87 1 -5.55536 1
141 10 1 1.39681 1
