188 64 32
3.3041 -1.81281 -3.25192 4.4664 -6.90083 4.80214 0.364669 4.30727 -0.930938 6.62598 3.01758 6.07608 -3.75349 -3.61655 -1.81408 -3.17014 2.54577 0.065722 1.9015 -0.984809 -1.12214 -0.166697 -0.177757 1.42295 -6.43907 -0.252835 4.91811 2.33601 -4.66319 -2.98521 -3.55973 -0.425528 -1.87817 1.59499 -0.615725 4.1959 -4.29232 0.202898 -1.30296 -1.15133 -2.42482 2.2157 -1.71244 -3.52389 -5.26499 -5.87881 -4.88114 2.27566 0.262585 5.14341 1.28032 -4.68032 -4.30344 -0.863462 -0.801401 2.51678 -2.22695 2.88499 1.51333 -1.42354 1.8689 -3.61599 -4.3777 -3.15102 -3.98572 -2.74128 3.60075 1.9868 -3.4313 1.18601 -2.10155 -6.16063 -3.7453 -3.19264 3.13494 4.77644 -0.613223 -2.38893 -0.777543 -5.89887 0.673787 0.125877 -4.31926 2.45697 2.60693 1.54554 -3.16791 0.402347 4.45536 1.13367 -2.68631 1.54894 -1.72059 -0.329273 0.808032 -0.762561 -1.81444 -1.31043 -2.41621 -2.48456 1.01231 -3.18563 -4.76711 -1.37462 -4.18255 1.38839 -2.15864 -4.36851 -2.39798 -1.54772 -1.79019 2.97435 2.09982 -7.09056 1.63483 -1.47547 -1.3216 0.395239 -0.202661 -0.445719 4.37289 -1.78608 -1.31748 -0.00435392 1.44441 4.04633 -0.160817 0.866651 1.17767 3.34133 0.881952 -1.28978 -1.35923 0.347188 -2.28366 0.611373 -0.323628 0.407525 -4.14118 -1.51398 3.05433 -2.85685 -1.90782 -3.56691 0.378692 2.1094 0.672153 -4.07549 -1.25953 -3.50256 -1.21555 -0.575944 0.0537034 -0.838493 0.0710249 -0.557615 -0.337045 0.879105 0.0704842 0.848172 1.39122 0.855215 0.975941 2.02369 0.721712 -0.864161 1.58032 -0.0734617 -0.0461304 0.687098 0.650225 0.789542 2.36657 -0.372317 -0.724164 0.00443957 0.134265 -0.203716 -0.550855 0.95497 0.80446 0.519187 0.827336 0.0572172 -0.863592 0.458949 -0.365356 0.52246 
0 64 1 -4.6325 1
0 65 1 1.89523 1
0 66 1 2.68435 1
0 67 1 -0.148588 1
0 68 1 -3.42097 1
0 69 1 2.34363 1
0 70 1 2.45521 1
0 71 1 2.2808 1
0 72 1 2.33829 1
0 73 1 -0.50288 1
0 74 1 -1.59009 1
0 75 1 2.80344 1
0 76 1 2.39869 1
0 77 1 2.56063 1
0 78 1 -0.0360716 1
0 79 1 0.85745 1
0 80 1 3.53989 1
0 81 1 4.41746 1
0 82 1 5.69165 1
0 83 1 0.780229 1
0 84 1 -2.33911 1
0 85 1 5.03635 1
0 86 1 -3.5047 1
0 87 1 -4.08902 1
0 88 1 3.68094 1
0 89 1 4.32976 1
0 90 1 3.66257 1
0 91 1 5.34382 1
0 92 1 -4.22207 1
0 93 1 -1.46111 1
0 94 1 2.93134 1
0 95 1 -0.517239 1
0 10 1 -2.54786 1
1 64 1 0.456543 1
1 65 1 -5.27745 1
1 66 1 2.40529 1
1 67 1 -5.70159 1
1 68 1 5.62598 1
1 69 1 -2.42699 1
1 70 1 3.06549 1
1 71 1 -0.715309 1
1 72 1 -3.95095 1
1 73 1 -1.571 1
1 74 1 -2.95145 1
1 75 1 5.14234 1
1 76 1 -3.23779 1
1 77 1 6.55911 1
1 78 1 -0.580064 1
1 79 1 -2.73081 1
1 80 1 -0.394153 1
1 81 1 0.0826785 1
1 82 1 -1.4077 1
1 83 1 -5.75006 1
1 84 1 -5.41195 1
1 85 1 -2.4313 1
1 86 1 3.11293 1
1 87 1 -1.33572 1
1 88 1 -1.25336 1
1 89 1 3.64051 1
1 90 1 -1.08843 1
1 91 1 -1.37593 1
1 92 1 0.384182 1
1 93 1 0.804715 1
1 94 1 -0.421633 1
1 95 1 -7.09896 1
1 27 1 -0.397334 1
2 64 1 1.87584 1
2 65 1 -2.11481 1
2 66 1 -5.91335 1
2 67 1 -3.10153 1
2 68 1 -1.57929 1
2 69 1 -1.01049 1
2 70 1 -1.36584 1
2 71 1 1.23181 1
2 72 1 -0.80393 1
2 73 1 -1.21687 1
2 74 1 -3.05738 1
2 75 1 1.48785 1
2 76 1 -3.08896 1
2 77 1 -1.79032 1
2 78 1 -0.227673 1
2 79 1 -3.77567 1
2 80 1 -5.89254 1
2 81 1 -6.55775 1
2 82 1 0.812897 1
2 83 1 -4.92932 1
2 84 1 -0.571032 1
2 85 1 2.98946 1
2 86 1 -1.68351 1
2 87 1 -1.15619 1
2 88 1 -2.27608 1
2 89 1 -4.45305 1
2 90 1 -3.43137 1
2 91 1 -2.38146 1
2 92 1 2.36065 0
2 93 1 -1.86774 1
2 94 1 3.94506 1
2 95 1 -2.30762 1
2 100 1 -0.616679 1
2 6 1 3.69372 1
2 110 1 -1.24274 1
2 180 1 2.73324 1
180 92 1 2.5648 1
3 64 1 -0.922915 1
3 65 1 -2.43797 1
3 66 1 0.36341 1
3 67 1 -0.417808 1
3 68 1 5.73501 1
3 69 1 -3.025 1
3 70 1 -2.6711 1
3 71 1 -0.573907 1
3 72 1 8.7809 1
3 73 1 -0.584071 1
3 74 1 0.207589 1
3 75 1 4.34023 1
3 76 1 -0.123589 1
3 77 1 0.615747 1
3 78 1 -2.34145 1
3 79 1 1.57156 1
3 80 1 -4.12361 1
3 81 1 1.22142 1
3 82 1 6.19352 1
3 83 1 3.32014 1
3 84 1 0.229132 1
3 85 1 -4.87892 1
3 86 1 1.72517 1
3 87 1 4.27261 1
3 88 1 -1.75329 1
3 89 1 3.942 1
3 90 1 0.354155 1
3 91 1 2.72222 1
3 92 1 1.19572 1
3 93 1 -3.15447 1
3 94 1 -1.5737 1
3 95 1 4.28867 0
3 110 1 1.83399 1
110 95 1 -1.23412 0
110 111 1 -2.57556 0
110 132 1 3.52343 1
110 152 1 0.621941 1
110 126 1 0.165695 1
110 20 1 0.986813 1
110 16 1 0.754662 1
132 111 1 2.44024 1
111 95 1 1.29496 1
4 64 1 2.02356 1
4 65 1 0.416754 1
4 66 1 -0.997556 1
4 67 1 4.92153 1
4 68 1 1.03276 1
4 69 1 2.79575 1
4 70 1 -0.802859 1
4 71 1 -0.418139 1
4 72 1 -1.69262 1
4 73 1 -1.16583 0
4 74 1 -0.868622 1
4 75 1 -6.95758 0
4 76 1 0.676072 1
4 77 1 3.26078 1
4 78 1 -1.37104 1
4 79 1 1.19453 1
4 80 1 -6.22243 1
4 81 1 2.54864 1
4 82 1 0.672952 1
4 83 1 -1.29557 1
4 84 1 -2.37137 1
4 85 1 1.90609 1
4 86 1 1.44892 1
4 87 1 -3.32569 1
4 88 1 -2.73707 1
4 89 1 -3.54324 1
4 90 1 3.8402 1
4 91 1 -2.07101 1
4 92 1 -1.87413 1
4 93 1 0.992914 0
4 94 1 -2.67208 1
4 95 1 1.89905 1
4 101 1 3.33619 1
4 17 1 5.23681 1
4 118 1 2.55785 1
4 145 1 1.49221 1
4 119 1 -0.801539 1
145 93 1 0.285581 1
118 73 1 -5.29039 1
101 75 1 2.02851 1
5 64 1 -3.72969 1
5 65 1 7.0344 1
5 66 1 -2.03775 1
5 67 1 9.7585 1
5 68 1 2.76476 1
5 69 1 3.19705 1
5 70 1 1.75528 1
5 71 1 -1.57721 1
5 72 1 -0.143062 1
5 73 1 -2.18079 1
5 74 1 -2.81718 1
5 75 1 3.25074 1
5 76 1 2.74067 1
5 77 1 1.28257 1
5 78 1 -1.19371 1
5 79 1 1.05659 1
5 80 1 1.29702 1
5 81 1 -1.52227 1
5 82 1 -1.1726 1
5 83 1 5.57805 1
5 84 1 2.99453 1
5 85 1 3.80731 1
5 86 1 1.25287 1
5 87 1 0.118035 1
5 88 1 1.18505 1
5 89 1 -3.51169 1
5 90 1 -1.71417 1
5 91 1 -1.80604 1
5 92 1 -2.42999 1
5 93 1 -0.022558 1
5 94 1 -2.35168 1
5 95 1 -0.926749 1
5 28 1 2.45174 1
6 64 1 -0.551871 1
6 65 1 -2.1612 1
6 66 1 2.46593 1
6 67 1 2.17133 1
6 68 1 -3.18409 1
6 69 1 -3.23543 1
6 70 1 -5.83512 1
6 71 1 -0.771432 1
6 72 1 2.95555 1
6 73 1 -4.23886 1
6 74 1 -3.86997 1
6 75 1 2.48837 1
6 76 1 5.50369 1
6 77 1 -3.09194 1
6 78 1 -0.147135 1
6 79 1 -4.45269 1
6 80 1 2.80755 1
6 81 1 -1.31014 1
6 82 1 1.8912 1
6 83 1 3.50035 1
6 84 1 2.70333 1
6 85 1 -7.18645 1
6 86 1 -0.835751 1
6 87 1 5.74197 1
6 88 1 -2.06886 1
6 89 1 -2.2873 1
6 90 1 3.71281 1
6 91 1 0.865526 1
6 92 1 6.33834 1
6 93 1 -3.76601 1
6 94 1 -2.67047 1
6 95 1 3.00499 1
6 26 1 1.67647 1
7 64 1 2.17848 1
7 65 1 2.5073 1
7 66 1 1.40927 1
7 67 1 -5.37437 1
7 68 1 -4.22909 1
7 69 1 -3.17503 1
7 70 1 6.43658 1
7 71 1 4.51231 1
7 72 1 4.48475 1
7 73 1 -1.85934 1
7 74 1 0.677391 1
7 75 1 -0.373836 0
7 76 1 1.06819 1
7 77 1 3.15557 1
7 78 1 2.51696 1
7 79 1 1.45019 1
7 80 1 -1.30306 1
7 81 1 2.72769 1
7 82 1 -5.021 0
7 83 1 0.959765 0
7 84 1 -4.22558 1
7 85 1 3.98141 1
7 86 1 0.285029 1
7 87 1 3.92541 1
7 88 1 -1.74672 1
7 89 1 -1.97076 1
7 90 1 1.75117 1
7 91 1 -3.80644 1
7 92 1 -0.579839 1
7 93 1 -1.07172 1
7 94 1 -0.0504152 1
7 95 1 1.78058 1
7 100 1 -0.322881 1
7 127 1 3.24984 1
7 164 1 0.825064 1
164 75 1 0.524192 1
127 82 1 -4.82964 0
127 169 1 0.215037 1
127 150 1 0.901033 1
169 82 1 -3.95718 1
169 15 1 0.904187 1
100 83 1 3.19107 0
100 24 1 -1.37624 0
100 106 1 2.8643 1
100 166 1 -0.177939 1
166 83 1 3.30797 1
106 24 1 -8.52307 1
106 6 1 -2.80712 1
8 64 1 1.55489 1
8 65 1 -2.30613 1
8 66 1 -0.425196 1
8 67 1 -1.69581 1
8 68 1 -2.63713 1
8 69 1 4.21849 1
8 70 1 1.30808 1
8 71 1 2.29651 1
8 72 1 3.89762 1
8 73 1 -3.47942 1
8 74 1 -2.81991 1
8 75 1 -2.69969 1
8 76 1 2.72113 1
8 77 1 2.36079 1
8 78 1 0.63039 1
8 79 1 -2.54821 1
8 80 1 -0.159498 1
8 81 1 -1.55226 1
8 82 1 -1.42615 1
8 83 1 -3.16867 1
8 84 1 2.70832 1
8 85 1 8.50918 1
8 86 1 6.09544 1
8 87 1 2.34989 1
8 88 1 0.394205 1
8 89 1 5.45833 1
8 90 1 1.68669 1
8 91 1 -3.09705 1
8 92 1 1.77673 1
8 93 1 4.89811 1
8 94 1 6.15416 1
8 95 1 -2.05319 1
8 17 1 0.226331 1
9 64 1 -4.16494 1
9 65 1 -2.36686 1
9 66 1 1.86448 1
9 67 1 -0.0679049 1
9 68 1 -1.2633 1
9 69 1 -0.604515 1
9 70 1 -8.47341 1
9 71 1 -1.66398 1
9 72 1 1.33933 1
9 73 1 -3.12098 1
9 74 1 0.846078 1
9 75 1 1.98515 1
9 76 1 2.64116 1
9 77 1 0.465232 1
9 78 1 2.37381 1
9 79 1 0.908419 0
9 80 1 -1.92613 1
9 81 1 2.13606 1
9 82 1 -1.82121 1
9 83 1 -2.14926 1
9 84 1 4.72386 1
9 85 1 1.27788 1
9 86 1 0.656687 1
9 87 1 0.327367 1
9 88 1 3.07578 1
9 89 1 4.55775 1
9 90 1 -0.407781 1
9 91 1 0.316537 1
9 92 1 -1.55392 1
9 93 1 -1.23346 1
9 94 1 -4.2709 1
9 95 1 -0.0545109 1
9 103 1 -2.64834 1
9 130 1 -0.351751 1
9 157 1 -0.614719 1
157 79 1 0.431193 1
157 22 1 -1.32535 1
10 64 1 1.23551 1
10 65 1 -0.658115 1
10 66 1 4.53335 1
10 67 1 -2.01816 1
10 68 1 2.71095 1
10 69 1 -1.72617 1
10 70 1 0.128387 1
10 71 1 -0.43827 1
10 72 1 5.70427 1
10 73 1 4.36896 1
10 74 1 0.952131 0
10 75 1 1.76815 1
10 76 1 3.94776 1
10 77 1 -0.645744 1
10 78 1 0.260473 1
10 79 1 -3.66213 1
10 80 1 -3.31678 1
10 81 1 5.60068 1
10 82 1 3.3062 1
10 83 1 0.0875951 1
10 84 1 7.7376 1
10 85 1 2.0939 1
10 86 1 -3.68317 1
10 87 1 -2.88945 1
10 88 1 2.71724 1
10 89 1 0.385156 1
10 90 1 0.123003 1
10 91 1 2.55483 1
10 92 1 -1.5396 1
10 93 1 -0.483761 1
10 94 1 3.78915 1
10 95 1 4.58476 0
10 124 1 3.81275 1
10 165 1 -0.394096 1
165 95 1 4.94932 1
165 133 1 1.00379 1
124 74 1 -1.30333 1
124 12 1 1.72386 0
124 171 1 -1.23753 1
171 12 1 1.78761 1
171 152 1 -0.510031 1
11 64 1 3.2783 1
11 65 1 1.64228 1
11 66 1 4.32077 1
11 67 1 -2.1444 1
11 68 1 1.27005 1
11 69 1 2.45928 1
11 70 1 3.48524 1
11 71 1 1.32165 1
11 72 1 -8.23228 1
11 73 1 1.26633 1
11 74 1 0.191672 0
11 75 1 -2.83123 1
11 76 1 -1.7986 1
11 77 1 0.130291 1
11 78 1 -1.87871 1
11 79 1 -0.248885 1
11 80 1 -1.30981 1
11 81 1 2.61756 1
11 82 1 5.16166 0
11 83 1 4.0806 1
11 84 1 1.37773 1
11 85 1 -1.65389 1
11 86 1 -5.20957 1
11 87 1 0.614956 1
11 88 1 -7.08995 1
11 89 1 2.34961 1
11 90 1 0.551769 1
11 91 1 -1.93625 1
11 92 1 -1.16441 1
11 93 1 2.34074 1
11 94 1 -3.52384 1
11 95 1 -6.09781 1
11 120 1 -6.09689 1
11 109 1 -1.08135 1
11 154 1 3.11945 1
11 8 1 -1.24677 1
11 112 1 2.82753 1
154 82 1 4.09621 1
120 74 1 -2.44283 1
120 13 1 0.121574 0
120 150 1 4.08394 1
150 13 1 2.13233 0
150 163 1 4.00741 1
163 13 1 1.55728 1
12 64 1 -2.3139 1
12 65 1 -1.63535 0
12 66 1 -0.503126 1
12 67 1 -3.10401 1
12 68 1 0.974871 1
12 69 1 2.12317 1
12 70 1 1.28624 1
12 71 1 -1.65966 1
12 72 1 2.99543 1
12 73 1 -3.5509 1
12 74 1 -3.48208 1
12 75 1 0.127064 1
12 76 1 -2.02749 1
12 77 1 2.31517 1
12 78 1 -1.68714 1
12 79 1 -2.11462 1
12 80 1 -2.1087 1
12 81 1 -2.91381 1
12 82 1 5.53191 1
12 83 1 0.935984 1
12 84 1 3.33108 1
12 85 1 0.745792 1
12 86 1 -4.45426 1
12 87 1 -4.07598 1
12 88 1 -0.962 1
12 89 1 1.13544 1
12 90 1 -0.134611 1
12 91 1 -2.694 1
12 92 1 1.11155 1
12 93 1 -1.30945 1
12 94 1 2.61245 1
12 95 1 -3.10908 1
12 17 1 1.00031 1
12 18 1 0.367401 1
12 144 1 -1.80087 1
12 167 1 1.33775 1
12 11 1 -0.722913 1
167 65 1 -2.61301 1
167 12 1 1.0544 1
13 64 1 -0.356609 1
13 65 1 -2.42879 1
13 66 1 -1.41585 1
13 67 1 -0.749695 1
13 68 1 4.21993 1
13 69 1 -4.04756 1
13 70 1 -1.2236 1
13 71 1 0.332568 1
13 72 1 -0.130614 1
13 73 1 -0.0238273 1
13 74 1 -0.837545 1
13 75 1 -2.33497 1
13 76 1 -0.734754 1
13 77 1 -2.0674 1
13 78 1 3.34933 1
13 79 1 3.89596 1
13 80 1 -0.521232 1
13 81 1 2.13552 1
13 82 1 3.72116 1
13 83 1 4.08016 1
13 84 1 -5.38818 1
13 85 1 5.71903 1
13 86 1 5.46021 1
13 87 1 6.01029 1
13 88 1 4.04719 1
13 89 1 -0.178556 1
13 90 1 -3.9272 1
13 91 1 -5.11779 1
13 92 1 -3.17212 1
13 93 1 -3.26539 1
13 94 1 0.166248 1
13 95 1 -3.74266 1
14 64 1 1.29483 1
14 65 1 4.76649 1
14 66 1 0.406386 1
14 67 1 3.35372 1
14 68 1 -1.48292 1
14 69 1 2.42654 1
14 70 1 0.260474 1
14 71 1 0.701285 1
14 72 1 5.32433 1
14 73 1 1.92116 1
14 74 1 0.245401 1
14 75 1 2.77306 1
14 76 1 -4.88263 1
14 77 1 0.314814 1
14 78 1 -1.81936 1
14 79 1 -1.03035 1
14 80 1 -0.749532 1
14 81 1 2.12232 0
14 82 1 5.01346 1
14 83 1 -1.28426 1
14 84 1 -0.625417 1
14 85 1 -2.168 1
14 86 1 4.01151 1
14 87 1 -0.130711 1
14 88 1 -2.86205 1
14 89 1 1.27392 1
14 90 1 0.302149 1
14 91 1 4.53739 1
14 92 1 4.14295 1
14 93 1 2.68645 1
14 94 1 5.96374 1
14 95 1 1.91556 1
14 104 1 0.0646055 1
14 119 1 1.29655 1
14 126 1 1.86596 1
119 81 1 5.33371 1
119 99 1 1.0776 1
15 64 1 0.136976 1
15 65 1 2.0332 1
15 66 1 -2.54287 1
15 67 1 -2.3445 1
15 68 1 1.86856 1
15 69 1 -2.94781 1
15 70 1 7.93812 1
15 71 1 -2.63765 1
15 72 1 -1.4288 1
15 73 1 1.34617 1
15 74 1 0.866313 1
15 75 1 -0.478852 1
15 76 1 0.425275 1
15 77 1 1.4221 1
15 78 1 -3.64371 1
15 79 1 1.21421 1
15 80 1 5.05801 1
15 81 1 -0.628435 1
15 82 1 -4.28256 1
15 83 1 0.625533 1
15 84 1 1.26569 1
15 85 1 -2.08824 1
15 86 1 2.25823 1
15 87 1 -6.74237 1
15 88 1 1.65165 1
15 89 1 4.49507 1
15 90 1 0.492966 1
15 91 1 -4.0771 1
15 92 1 1.42529 1
15 93 1 -0.733733 1
15 94 1 -0.475926 1
15 95 1 -2.53059 1
15 20 1 -2.62937 1
16 64 1 2.30031 1
16 65 1 -2.33999 1
16 66 1 -1.48956 1
16 67 1 -5.40691 1
16 68 1 1.28045 1
16 69 1 0.312627 1
16 70 1 2.64662 1
16 71 1 5.8173 1
16 72 1 -0.576233 1
16 73 1 -1.65626 1
16 74 1 1.21945 1
16 75 1 2.91391 1
16 76 1 2.5504 1
16 77 1 2.73785 1
16 78 1 -1.48428 1
16 79 1 -3.22675 0
16 80 1 2.30223 1
16 81 1 1.6316 1
16 82 1 -3.28426 1
16 83 1 1.91888 1
16 84 1 0.155147 1
16 85 1 0.0649691 1
16 86 1 2.21259 1
16 87 1 -0.428797 1
16 88 1 2.6962 1
16 89 1 1.45782 1
16 90 1 -3.90131 1
16 91 1 4.37994 1
16 92 1 4.02371 1
16 93 1 -1.98747 1
16 94 1 -0.370864 1
16 95 1 -3.62283 1
16 26 1 -0.419429 1
16 151 1 1.94537 1
16 144 1 -1.40293 1
151 79 1 0.123954 1
17 64 1 -1.5152 1
17 65 1 -0.566229 1
17 66 1 0.240876 1
17 67 1 3.24847 1
17 68 1 1.22001 1
17 69 1 1.50118 1
17 70 1 0.685085 1
17 71 1 4.20009 1
17 72 1 -5.33017 0
17 73 1 1.20529 1
17 74 1 3.69899 1
17 75 1 -1.1524 1
17 76 1 -1.63169 1
17 77 1 2.40503 1
17 78 1 -3.02171 1
17 79 1 -4.14957 1
17 80 1 4.70575 1
17 81 1 2.48422 1
17 82 1 0.958371 1
17 83 1 -1.71129 1
17 84 1 0.043282 1
17 85 1 3.28439 1
17 86 1 -0.946146 1
17 87 1 -2.87283 1
17 88 1 -7.12895 1
17 89 1 1.31878 1
17 90 1 -3.57084 1
17 91 1 4.47531 1
17 92 1 0.786199 1
17 93 1 2.18635 1
17 94 1 2.13636 1
17 95 1 1.01617 1
17 146 1 2.93981 1
146 72 1 -4.77664 0
146 30 1 -0.335838 1
146 177 1 -0.176135 1
177 72 1 -4.07499 1
18 64 1 0.826377 1
18 65 1 -3.5795 1
18 66 1 1.8952 1
18 67 1 2.8446 1
18 68 1 -4.22575 1
18 69 1 -1.17533 0
18 70 1 4.2364 1
18 71 1 -0.792201 1
18 72 1 0.324501 1
18 73 1 0.168965 1
18 74 1 2.89839 1
18 75 1 -3.53048 1
18 76 1 2.38822 1
18 77 1 -0.99685 1
18 78 1 1.80317 1
18 79 1 3.53566 1
18 80 1 -7.3082 1
18 81 1 4.23032 1
18 82 1 -4.42064 1
18 83 1 2.26936 1
18 84 1 -5.76004 1
18 85 1 3.61913 1
18 86 1 5.97263 1
18 87 1 -4.79611 1
18 88 1 2.05412 1
18 89 1 -2.92725 1
18 90 1 -0.428555 1
18 91 1 -0.678303 1
18 92 1 -4.42471 1
18 93 1 3.16255 1
18 94 1 -0.0274003 1
18 95 1 0.851504 1
18 25 1 -2.88211 1
18 18 1 -1.01747 1
18 139 1 2.09158 1
18 182 1 0.849227 1
182 69 1 -1.05705 1
19 64 1 5.9252 1
19 65 1 -0.725035 1
19 66 1 6.64155 1
19 67 1 -1.55794 1
19 68 1 -2.0715 1
19 69 1 2.16036 1
19 70 1 -0.540614 1
19 71 1 1.3531 1
19 72 1 3.36592 1
19 73 1 0.560345 1
19 74 1 0.955847 1
19 75 1 -0.102513 1
19 76 1 -6.12071 1
19 77 1 0.525946 1
19 78 1 0.466987 1
19 79 1 5.5385 1
19 80 1 -0.964051 1
19 81 1 -2.76801 1
19 82 1 -0.273784 1
19 83 1 -2.36964 1
19 84 1 2.06003 1
19 85 1 3.49747 1
19 86 1 -1.95195 1
19 87 1 3.04366 1
19 88 1 0.610746 1
19 89 1 6.10912 1
19 90 1 -0.164414 1
19 91 1 -1.48208 1
19 92 1 -0.61296 1
19 93 1 -3.95318 1
19 94 1 -1.41 1
19 95 1 -7.4927 1
20 64 1 1.53288 1
20 65 1 -0.821583 1
20 66 1 -2.20312 1
20 67 1 -1.75706 1
20 68 1 0.589344 1
20 69 1 -0.546408 1
20 70 1 -4.90264 1
20 71 1 5.24698 1
20 72 1 -1.13696 1
20 73 1 3.28403 1
20 74 1 4.05675 1
20 75 1 3.82541 1
20 76 1 -0.503898 1
20 77 1 -3.42312 1
20 78 1 3.1623 1
20 79 1 1.42484 1
20 80 1 0.774265 1
20 81 1 1.04248 1
20 82 1 4.31504 1
20 83 1 0.815085 1
20 84 1 4.44416 1
20 85 1 -2.75403 1
20 86 1 -0.732438 1
20 87 1 1.10578 1
20 88 1 2.39208 1
20 89 1 0.606762 1
20 90 1 0.815453 1
20 91 1 1.59488 0
20 92 1 3.65623 1
20 93 1 2.6093 0
20 94 1 2.35171 0
20 95 1 1.65946 1
20 96 1 -2.03312 1
20 98 1 2.1424 1
20 103 1 1.86577 1
20 109 1 0.147343 1
103 91 1 1.90859 0
103 105 1 2.64644 1
103 112 1 -1.34078 0
103 123 1 -1.82203 1
103 140 1 -2.41659 1
140 112 1 1.40789 1
140 102 1 0.0824621 1
123 91 1 -0.397661 1
123 113 1 -0.674743 0
123 136 1 1.99515 1
123 137 1 0.529477 1
136 113 1 -1.29311 1
136 6 1 -2.17243 1
105 91 1 3.65063 0
105 129 1 0.392723 1
129 91 1 1.51089 0
129 135 1 5.01301 1
129 116 1 -0.838574 1
135 91 1 -1.14538 1
98 93 1 2.66833 1
98 99 1 6.70654 1
98 15 1 1.67848 1
96 94 1 1.26155 1
96 20 1 -0.520442 0
96 155 1 2.20605 1
96 25 1 1.79367 1
155 20 1 -1.64641 0
155 30 1 1.59447 1
155 176 1 -0.281367 1
176 20 1 -1.41823 1
21 64 1 3.53714 1
21 65 1 5.68512 1
21 66 1 -5.20233 1
21 67 1 -3.9465 1
21 68 1 -0.147869 1
21 69 1 0.389875 1
21 70 1 0.736551 1
21 71 1 -7.36598 1
21 72 1 -8.26078 1
21 73 1 -2.42902 1
21 74 1 -3.33706 1
21 75 1 2.34245 1
21 76 1 -3.24296 1
21 77 1 -2.91689 1
21 78 1 -0.66334 1
21 79 1 -3.07283 1
21 80 1 -0.0855966 1
21 81 1 -2.20319 1
21 82 1 0.679603 1
21 83 1 -3.02562 1
21 84 1 8.19057 1
21 85 1 0.943487 1
21 86 1 2.52471 1
21 87 1 -0.172746 1
21 88 1 4.31422 1
21 89 1 0.662736 1
21 90 1 -0.760167 1
21 91 1 1.31604 0
21 92 1 3.12762 1
21 93 1 1.9398 1
21 94 1 -2.50965 1
21 95 1 -0.093028 1
21 143 1 5.86205 1
143 91 1 -1.81993 1
22 64 1 0.813825 1
22 65 1 -0.289064 1
22 66 1 1.50278 1
22 67 1 4.95411 1
22 68 1 1.23432 1
22 69 1 -2.10801 1
22 70 1 -1.41725 1
22 71 1 -0.0105763 1
22 72 1 -4.72059 1
22 73 1 0.83026 1
22 74 1 -5.46617 1
22 75 1 -0.617927 1
22 76 1 0.39224 1
22 77 1 -1.1857 1
22 78 1 3.31657 1
22 79 1 6.01727 1
22 80 1 1.26379 1
22 81 1 -4.28017 1
22 82 1 2.12364 1
22 83 1 -1.03515 1
22 84 1 -1.74274 1
22 85 1 2.75532 1
22 86 1 -0.0605916 1
22 87 1 5.54405 1
22 88 1 -3.88175 1
22 89 1 -0.772484 1
22 90 1 0.208233 1
22 91 1 1.06252 1
22 92 1 1.07872 1
22 93 1 3.32923 1
22 94 1 6.73299 1
22 95 1 0.851108 1
23 64 1 -1.36517 1
23 65 1 2.24147 1
23 66 1 3.94735 1
23 67 1 3.7368 1
23 68 1 -3.30706 1
23 69 1 2.81464 1
23 70 1 3.07208 1
23 71 1 -4.21649 1
23 72 1 -0.827622 1
23 73 1 -1.5495 1
23 74 1 3.57143 1
23 75 1 1.8233 1
23 76 1 2.31354 1
23 77 1 2.08404 1
23 78 1 0.765361 0
23 79 1 -5.79975 1
23 80 1 2.27823 1
23 81 1 2.02225 1
23 82 1 -4.39297 1
23 83 1 -0.707213 1
23 84 1 1.99925 1
23 85 1 -2.99167 1
23 86 1 -12.1654 1
23 87 1 -0.590844 1
23 88 1 0.71511 1
23 89 1 -4.11898 1
23 90 1 -6.91373 1
23 91 1 -2.09484 1
23 92 1 3.6496 1
23 93 1 3.83139 1
23 94 1 -3.50811 1
23 95 1 0.219143 1
23 107 1 0.254842 1
23 27 1 0.753504 1
23 178 1 0.875331 1
178 78 1 0.515765 1
24 64 1 -2.4874 1
24 65 1 2.86533 1
24 66 1 -0.689859 1
24 67 1 7.1232 1
24 68 1 -4.6116 1
24 69 1 2.91842 0
24 70 1 1.6227 1
24 71 1 5.71838 1
24 72 1 1.99018 1
24 73 1 1.32253 1
24 74 1 -0.116224 1
24 75 1 0.906182 1
24 76 1 -5.02618 1
24 77 1 -1.18719 1
24 78 1 -6.94587 1
24 79 1 0.713237 1
24 80 1 5.32309 1
24 81 1 4.5727 1
24 82 1 -2.05223 1
24 83 1 -1.81248 1
24 84 1 -4.51132 1
24 85 1 0.466227 1
24 86 1 -3.96931 1
24 87 1 3.34518 1
24 88 1 0.281763 1
24 89 1 9.54239 1
24 90 1 4.8697 1
24 91 1 -2.07089 1
24 92 1 0.538294 1
24 93 1 -0.417957 1
24 94 1 -0.419841 1
24 95 1 -5.49125 1
24 5 1 1.83902 1
24 168 1 -0.96862 1
168 69 1 4.38821 1
168 172 1 1.13288 1
25 64 1 -3.27607 1
25 65 1 1.37224 1
25 66 1 -1.48597 1
25 67 1 -3.30381 1
25 68 1 1.29917 1
25 69 1 -6.71597 1
25 70 1 -0.405822 0
25 71 1 -3.46675 1
25 72 1 2.07777 1
25 73 1 2.29392 1
25 74 1 2.3244 1
25 75 1 -3.1697 1
25 76 1 -0.326104 1
25 77 1 -1.71579 1
25 78 1 3.29439 1
25 79 1 0.867674 1
25 80 1 -0.288881 1
25 81 1 -0.571419 1
25 82 1 -1.76262 1
25 83 1 1.17092 1
25 84 1 -0.397465 1
25 85 1 -1.86263 1
25 86 1 4.77016 1
25 87 1 -0.251556 1
25 88 1 -1.7543 1
25 89 1 -2.42057 1
25 90 1 -3.78142 1
25 91 1 3.99082 1
25 92 1 3.74324 1
25 93 1 -1.44044 1
25 94 1 -2.53351 0
25 95 1 -3.45281 1
25 8 1 1.31158 1
25 6 1 -0.76633 1
25 121 1 1.10356 1
25 175 1 1.13299 1
175 94 1 -3.71985 1
121 70 1 6.49689 1
26 64 1 -2.23009 1
26 65 1 2.1922 1
26 66 1 -1.55622 1
26 67 1 2.03083 1
26 68 1 -1.19627 1
26 69 1 0.426245 1
26 70 1 -0.494541 1
26 71 1 1.25547 1
26 72 1 -3.28633 1
26 73 1 0.778145 1
26 74 1 -9.17179 1
26 75 1 3.05672 1
26 76 1 2.16928 1
26 77 1 -4.9923 1
26 78 1 1.01958 1
26 79 1 0.309325 1
26 80 1 -3.55975 1
26 81 1 4.46626 1
26 82 1 2.9597 1
26 83 1 1.56105 1
26 84 1 -5.58836 1
26 85 1 -0.316551 1
26 86 1 -4.96151 1
26 87 1 2.08962 1
26 88 1 -5.02632 1
26 89 1 2.54033 1
26 90 1 -3.11366 1
26 91 1 -2.67109 1
26 92 1 -0.495381 1
26 93 1 -1.75152 1
26 94 1 1.20764 1
26 95 1 -0.0909094 1
26 23 1 5.05936 1
26 15 1 1.63433 1
26 161 1 -0.197275 1
27 64 1 -1.71685 1
27 65 1 6.51677 1
27 66 1 3.05472 1
27 67 1 -0.23006 1
27 68 1 3.29553 1
27 69 1 2.09391 1
27 70 1 5.19382 1
27 71 1 -6.43133 1
27 72 1 0.667339 1
27 73 1 2.69424 1
27 74 1 -3.61637 1
27 75 1 3.12159 1
27 76 1 -1.88467 1
27 77 1 1.93328 1
27 78 1 2.34124 1
27 79 1 1.0164 1
27 80 1 -0.644479 1
27 81 1 -2.62761 1
27 82 1 1.94159 1
27 83 1 -0.509313 1
27 84 1 3.38013 1
27 85 1 -1.84261 1
27 86 1 -4.01463 1
27 87 1 -1.81269 1
27 88 1 -8.45887 1
27 89 1 -4.9684 1
27 90 1 6.80507 1
27 91 1 -2.62295 1
27 92 1 -0.140526 1
27 93 1 0.216488 1
27 94 1 0.22459 0
27 95 1 -0.747128 1
27 9 1 4.09283 1
27 5 1 1.01048 1
27 186 1 0.88177 1
186 94 1 0.00176292 1
28 64 1 2.69712 1
28 65 1 0.138759 1
28 66 1 -0.411062 1
28 67 1 5.19648 1
28 68 1 5.19108 1
28 69 1 1.44302 1
28 70 1 -2.09388 1
28 71 1 1.78509 1
28 72 1 -7.6483 1
28 73 1 0.288764 1
28 74 1 -2.46432 1
28 75 1 2.02377 1
28 76 1 0.574021 1
28 77 1 2.03404 1
28 78 1 -3.5765 1
28 79 1 2.20227 1
28 80 1 1.84227 1
28 81 1 -0.755116 1
28 82 1 4.79141 1
28 83 1 1.16678 1
28 84 1 4.32812 1
28 85 1 -4.67564 1
28 86 1 -2.22507 1
28 87 1 1.92638 1
28 88 1 -5.27302 1
28 89 1 0.856492 1
28 90 1 -1.97487 1
28 91 1 1.72708 1
28 92 1 5.81804 1
28 93 1 -1.66492 1
28 94 1 6.69431 1
28 95 1 -1.86058 1
29 64 1 -0.194094 1
29 65 1 2.24198 1
29 66 1 -1.67178 1
29 67 1 3.99074 1
29 68 1 -8.32275 1
29 69 1 2.4989 1
29 70 1 -3.49014 1
29 71 1 -1.70475 1
29 72 1 1.69361 1
29 73 1 0.568302 1
29 74 1 -2.74742 1
29 75 1 -0.318419 1
29 76 1 -1.23097 1
29 77 1 1.49475 1
29 78 1 -5.6278 1
29 79 1 -2.85494 1
29 80 1 2.03353 1
29 81 1 2.46438 1
29 82 1 1.45935 1
29 83 1 0.822949 1
29 84 1 -0.83462 1
29 85 1 -1.37467 1
29 86 1 -3.83651 1
29 87 1 -3.02838 1
29 88 1 -1.7835 1
29 89 1 -1.40148 1
29 90 1 0.034398 1
29 91 1 1.44582 1
29 92 1 1.08606 1
29 93 1 -0.420244 1
29 94 1 -1.58421 1
29 95 1 1.88103 1
29 113 1 1.1474 1
30 64 1 -1.57433 1
30 65 1 6.29545 1
30 66 1 4.53614 1
30 67 1 -1.88603 1
30 68 1 1.26858 1
30 69 1 0.730533 1
30 70 1 5.26613 1
30 71 1 -0.555071 1
30 72 1 -2.00283 1
30 73 1 4.1449 1
30 74 1 -1.36769 1
30 75 1 1.78721 1
30 76 1 3.01627 1
30 77 1 -1.33199 1
30 78 1 4.94613 1
30 79 1 4.58283 1
30 80 1 -3.12493 1
30 81 1 -0.682856 1
30 82 1 6.9166 1
30 83 1 2.65964 1
30 84 1 2.10581 1
30 85 1 -1.99514 1
30 86 1 -1.8419 1
30 87 1 -3.55827 1
30 88 1 0.666831 1
30 89 1 -2.02375 1
30 90 1 -1.18658 1
30 91 1 4.21874 1
30 92 1 -0.311825 1
30 93 1 1.38623 1
30 94 1 2.34013 1
30 95 1 -3.39943 1
30 28 1 0.627805 1
31 64 1 2.11252 1
31 65 1 -3.99771 1
31 66 1 -4.52245 1
31 67 1 8.82954 1
31 68 1 5.1131 1
31 69 1 1.08224 1
31 70 1 -0.578429 1
31 71 1 2.42591 1
31 72 1 -3.00647 1
31 73 1 0.773507 1
31 74 1 3.53087 1
31 75 1 -0.58259 1
31 76 1 -3.74535 1
31 77 1 -0.498878 1
31 78 1 -4.14418 1
31 79 1 -0.161067 1
31 80 1 -0.737087 1
31 81 1 -1.29943 1
31 82 1 0.0497625 1
31 83 1 -1.36678 1
31 84 1 -3.74047 1
31 85 1 -3.98952 1
31 86 1 0.876798 1
31 87 1 -4.46526 0
31 88 1 1.72929 1
31 89 1 -2.03093 1
31 90 1 -0.348291 1
31 91 1 -3.63506 1
31 92 1 0.7856 1
31 93 1 -0.637065 1
31 94 1 2.67015 1
31 95 1 -1.12836 1
31 122 1 1.74356 1
31 10 1 -0.767344 1
31 117 1 -1.73313 1
122 87 1 -0.604471 1
32 64 1 6.19069 1
32 65 1 1.87645 1
32 66 1 -4.41405 1
32 67 1 1.65226 1
32 68 1 0.310574 1
32 69 1 4.7652 1
32 70 1 -0.103454 1
32 71 1 3.84417 1
32 72 1 -1.57443 1
32 73 1 1.29711 1
32 74 1 -0.415162 1
32 75 1 6.2872 1
32 76 1 1.06006 1
32 77 1 3.49954 1
32 78 1 0.581733 1
32 79 1 -0.891122 1
32 80 1 -0.881748 1
32 81 1 -0.881588 1
32 82 1 -3.26364 1
32 83 1 -3.30833 1
32 84 1 1.45253 1
32 85 1 -2.85992 1
32 86 1 -0.220563 1
32 87 1 -1.83265 1
32 88 1 -0.371614 1
32 89 1 0.518331 1
32 90 1 2.31995 1
32 91 1 -3.97849 1
32 92 1 4.72248 1
32 93 1 1.88691 1
32 94 1 -2.01554 1
32 95 1 -0.225911 1
33 64 1 1.32373 1
33 65 1 -3.73385 1
33 66 1 -1.95271 1
33 67 1 -1.60223 1
33 68 1 -1.06708 1
33 69 1 -4.08463 1
33 70 1 3.70479 1
33 71 1 4.70084 1
33 72 1 3.50462 1
33 73 1 3.56887 1
33 74 1 1.20089 1
33 75 1 -6.99178 1
33 76 1 -4.99488 1
33 77 1 2.52591 1
33 78 1 -1.49584 1
33 79 1 -5.1938 1
33 80 1 1.27831 1
33 81 1 -4.01747 1
33 82 1 -2.57864 1
33 83 1 0.878864 1
33 84 1 -0.792828 1
33 85 1 0.520989 1
33 86 1 4.44662 1
33 87 1 2.28946 1
33 88 1 2.93798 1
33 89 1 5.44078 1
33 90 1 -3.0786 1
33 91 1 -2.42458 1
33 92 1 1.95374 1
33 93 1 3.02299 1
33 94 1 4.08093 1
33 95 1 0.944538 1
33 20 1 -0.0475336 1
33 107 1 -0.680107 1
33 13 1 0.841098 1
33 113 1 -2.28098 1
34 64 1 -0.598477 1
34 65 1 -2.03354 1
34 66 1 3.66039 1
34 67 1 0.604862 1
34 68 1 -1.77388 1
34 69 1 -2.36835 1
34 70 1 -1.96599 1
34 71 1 -3.45266 1
34 72 1 -3.78443 1
34 73 1 -4.21981 1
34 74 1 4.47028 1
34 75 1 6.56913 1
34 76 1 -3.63585 1
34 77 1 -0.786087 1
34 78 1 -1.05069 1
34 79 1 1.0056 1
34 80 1 3.70431 1
34 81 1 -2.20823 1
34 82 1 2.21742 1
34 83 1 1.54967 1
34 84 1 -0.192066 1
34 85 1 -2.21744 1
34 86 1 -0.983997 1
34 87 1 -1.54741 1
34 88 1 -0.206704 1
34 89 1 -0.329523 1
34 90 1 -6.50325 1
34 91 1 4.04199 1
34 92 1 3.5178 1
34 93 1 -3.14747 1
34 94 1 4.6017 1
34 95 1 2.30291 1
34 113 1 -2.27809 1
35 64 1 1.65147 1
35 65 1 -3.0742 1
35 66 1 -1.84196 1
35 67 1 5.37325 1
35 68 1 1.8496 1
35 69 1 1.76372 1
35 70 1 3.0092 1
35 71 1 1.82802 1
35 72 1 0.51967 1
35 73 1 7.10099 1
35 74 1 0.864658 1
35 75 1 -3.01116 1
35 76 1 -4.22675 1
35 77 1 1.86919 1
35 78 1 -0.134579 1
35 79 1 3.72146 1
35 80 1 -5.85357 1
35 81 1 -0.974855 1
35 82 1 4.6135 0
35 83 1 -2.63486 1
35 84 1 6.5386 1
35 85 1 -3.46477 1
35 86 1 -0.994477 1
35 87 1 -4.34696 1
35 88 1 -0.0586693 1
35 89 1 2.6088 0
35 90 1 -2.13313 1
35 91 1 0.360121 1
35 92 1 -3.13126 1
35 93 1 -6.79076 1
35 94 1 0.695517 1
35 95 1 0.257093 1
35 130 1 1.4633 1
35 133 1 6.84346 1
133 82 1 1.13782 1
130 89 1 -0.616215 1
130 109 1 0.470813 1
36 64 1 2.87328 1
36 65 1 3.73826 1
36 66 1 2.94938 1
36 67 1 0.313644 1
36 68 1 -6.15441 1
36 69 1 -1.74477 1
36 70 1 -3.23753 1
36 71 1 1.74301 1
36 72 1 -2.41662 1
36 73 1 -0.0715519 1
36 74 1 -1.03757 1
36 75 1 -0.111179 1
36 76 1 1.81818 1
36 77 1 -5.01825 1
36 78 1 0.911978 1
36 79 1 4.84605 1
36 80 1 3.90792 1
36 81 1 -1.94986 1
36 82 1 0.339945 0
36 83 1 0.737471 1
36 84 1 3.86556 1
36 85 1 -2.2366 1
36 86 1 0.370002 1
36 87 1 0.730034 1
36 88 1 -2.64579 1
36 89 1 -0.102294 1
36 90 1 -4.05215 1
36 91 1 0.796177 1
36 92 1 4.30485 1
36 93 1 1.12581 1
36 94 1 -2.87685 1
36 95 1 6.98334 1
36 109 1 0.72035 0
36 24 1 -1.75627 1
36 117 1 1.98731 1
117 109 1 2.14888 1
117 4 1 0.319563 1
109 82 1 -0.139902 1
109 31 1 1.32019 1
37 64 1 -5.97672 1
37 65 1 1.77996 1
37 66 1 -3.85797 1
37 67 1 0.843882 1
37 68 1 -4.97108 1
37 69 1 2.59681 1
37 70 1 -6.79998 1
37 71 1 -1.39195 1
37 72 1 1.27476 1
37 73 1 0.529728 1
37 74 1 0.441446 1
37 75 1 0.673851 1
37 76 1 3.39432 0
37 77 1 1.23641 1
37 78 1 -1.2089 1
37 79 1 1.27478 1
37 80 1 1.74591 1
37 81 1 2.89375 1
37 82 1 2.10981 1
37 83 1 4.63735 1
37 84 1 -4.3503 1
37 85 1 4.74396 1
37 86 1 -1.49881 1
37 87 1 -1.18767 1
37 88 1 -1.50833 1
37 89 1 -3.02845 1
37 90 1 -4.21348 1
37 91 1 0.821712 1
37 92 1 3.70707 1
37 93 1 0.794015 1
37 94 1 -2.23713 1
37 95 1 0.998005 1
37 142 1 0.745613 1
37 160 1 -1.09532 1
142 76 1 -0.876626 1
142 147 1 0.844776 1
142 6 1 0.575932 1
38 64 1 0.777066 1
38 65 1 -2.06817 1
38 66 1 -1.2845 1
38 67 1 -3.93485 1
38 68 1 -1.93934 1
38 69 1 -5.58051 1
38 70 1 -0.510065 1
38 71 1 -0.562927 1
38 72 1 1.61547 1
38 73 1 1.65237 1
38 74 1 -0.808002 1
38 75 1 6.02052 1
38 76 1 1.83961 1
38 77 1 -2.37475 1
38 78 1 -0.486973 1
38 79 1 -0.210674 1
38 80 1 -0.332255 1
38 81 1 -2.60293 1
38 82 1 3.55199 1
38 83 1 -0.696304 1
38 84 1 -1.34241 1
38 85 1 -2.5068 1
38 86 1 0.174298 1
38 87 1 1.65926 0
38 88 1 4.07968 1
38 89 1 5.02724 1
38 90 1 -1.1243 1
38 91 1 3.21599 1
38 92 1 3.23852 0
38 93 1 0.75962 1
38 94 1 1.00859 1
38 95 1 -2.36341 1
38 148 1 2.79938 1
38 162 1 0.266518 1
162 87 1 1.2472 0
162 185 1 1.23526 1
185 87 1 0.70407 1
148 92 1 2.79221 1
39 64 1 1.57129 1
39 65 1 -1.70372 1
39 66 1 0.722507 1
39 67 1 -1.71239 1
39 68 1 -0.279569 1
39 69 1 -0.125103 1
39 70 1 1.149 1
39 71 1 -1.71081 1
39 72 1 -3.44481 1
39 73 1 -4.20959 1
39 74 1 -0.0801908 1
39 75 1 3.74773 0
39 76 1 4.30795 0
39 77 1 0.0830005 1
39 78 1 -4.40649 1
39 79 1 -4.99612 1
39 80 1 -2.07439 1
39 81 1 -1.5661 1
39 82 1 -4.32791 1
39 83 1 -3.13704 1
39 84 1 -3.31443 1
39 85 1 0.237434 1
39 86 1 1.56903 1
39 87 1 1.51434 1
39 88 1 -1.3735 1
39 89 1 0.466023 1
39 90 1 4.61793 1
39 91 1 0.708079 1
39 92 1 7.28342 1
39 93 1 0.948989 1
39 94 1 -6.099 1
39 95 1 -1.52913 1
39 2 1 -1.9607 1
39 112 1 2.69832 1
39 13 1 -0.363477 1
39 104 1 -0.651921 1
39 172 1 2.18435 1
172 76 1 4.41512 1
172 28 1 0.84444 1
112 75 1 -1.78459 1
112 138 1 -1.40438 1
112 153 1 1.28283 0
112 170 1 0.10847 1
112 113 1 0.962837 1
170 153 1 -3.52998 1
170 126 1 2.24065 1
40 64 1 -5.14402 1
40 65 1 -0.471904 1
40 66 1 3.1458 1
40 67 1 1.96119 1
40 68 1 1.27856 1
40 69 1 4.22197 1
40 70 1 -0.617897 1
40 71 1 0.75066 1
40 72 1 0.481249 1
40 73 1 1.6507 1
40 74 1 -0.0737712 1
40 75 1 2.09783 1
40 76 1 -2.44689 1
40 77 1 3.85602 1
40 78 1 2.41168 1
40 79 1 -1.47969 1
40 80 1 2.48523 1
40 81 1 1.58114 1
40 82 1 0.553259 1
40 83 1 -2.70952 1
40 84 1 -3.75116 1
40 85 1 -0.291205 1
40 86 1 1.67928 1
40 87 1 -0.372129 1
40 88 1 2.0385 1
40 89 1 -1.24467 1
40 90 1 -1.02562 1
40 91 1 -1.2546 1
40 92 1 -2.64727 1
40 93 1 1.24512 1
40 94 1 0.705941 1
40 95 1 3.40518 1
40 2 1 1.0849 1
40 134 1 2.49482 1
41 64 1 2.93927 1
41 65 1 -1.02326 1
41 66 1 0.0837493 1
41 67 1 0.592459 1
41 68 1 2.1422 1
41 69 1 -0.813229 1
41 70 1 2.04797 1
41 71 1 0.623103 1
41 72 1 4.76955 1
41 73 1 -5.6815 1
41 74 1 0.554976 1
41 75 1 3.18339 1
41 76 1 -5.96506 1
41 77 1 1.15408 1
41 78 1 -5.27213 1
41 79 1 1.46621 1
41 80 1 2.84149 1
41 81 1 4.41611 1
41 82 1 -2.34887 1
41 83 1 3.04442 1
41 84 1 -3.09071 1
41 85 1 0.244842 1
41 86 1 0.0299772 1
41 87 1 1.10596 1
41 88 1 2.78087 1
41 89 1 -0.615649 1
41 90 1 -0.555062 1
41 91 1 1.33317 1
41 92 1 0.362617 1
41 93 1 -0.431603 1
41 94 1 -2.9094 1
41 95 1 0.833944 1
41 11 1 0.480773 1
41 29 1 -3.66523 1
41 97 1 -1.53193 1
42 64 1 2.65613 1
42 65 1 0.0264847 1
42 66 1 -1.47264 1
42 67 1 2.24649 1
42 68 1 -2.79953 1
42 69 1 -1.74396 1
42 70 1 0.678273 1
42 71 1 0.848272 1
42 72 1 -2.18116 1
42 73 1 -1.49907 1
42 74 1 3.68436 1
42 75 1 -2.5446 1
42 76 1 -4.58413 1
42 77 1 -2.57729 1
42 78 1 0.156427 1
42 79 1 2.23731 1
42 80 1 -0.397258 1
42 81 1 3.60666 1
42 82 1 3.16368 1
42 83 1 2.85943 1
42 84 1 0.0798016 1
42 85 1 -0.752062 1
42 86 1 2.38669 1
42 87 1 -3.27373 1
42 88 1 -3.29599 1
42 89 1 -1.78358 1
42 90 1 2.61687 1
42 91 1 1.97882 1
42 92 1 1.95862 1
42 93 1 1.79651 1
42 94 1 -3.33119 1
42 95 1 -1.11513 1
43 64 1 2.14076 1
43 65 1 -2.73429 1
43 66 1 4.31919 1
43 67 1 0.691169 1
43 68 1 1.19283 1
43 69 1 -3.62129 1
43 70 1 0.475813 1
43 71 1 -4.9605 1
43 72 1 0.836464 1
43 73 1 -8.85925 1
43 74 1 2.71991 1
43 75 1 -4.76886 1
43 76 1 -1.96039 1
43 77 1 1.64798 1
43 78 1 0.716083 1
43 79 1 -4.34481 1
43 80 1 -0.812152 1
43 81 1 2.9715 1
43 82 1 1.68697 1
43 83 1 -2.69823 1
43 84 1 -1.73704 1
43 85 1 2.75864 1
43 86 1 3.65619 1
43 87 1 5.71644 1
43 88 1 2.7136 1
43 89 1 3.24673 1
43 90 1 -0.537352 1
43 91 1 -3.74896 1
43 92 1 3.03499 1
43 93 1 1.81811 1
43 94 1 -0.0144126 1
43 95 1 2.3584 1
44 64 1 -0.736106 1
44 65 1 -5.59979 1
44 66 1 -1.49578 1
44 67 1 -2.48479 1
44 68 1 0.331627 1
44 69 1 -4.45871 1
44 70 1 3.54335 1
44 71 1 3.36799 1
44 72 1 -2.76777 1
44 73 1 1.99235 1
44 74 1 -2.11946 1
44 75 1 -3.71354 1
44 76 1 -1.76683 1
44 77 1 2.76529 1
44 78 1 3.1977 1
44 79 1 1.08877 1
44 80 1 6.43506 1
44 81 1 -2.87745 1
44 82 1 2.32086 1
44 83 1 -0.995804 1
44 84 1 1.45151 1
44 85 1 -0.546773 1
44 86 1 4.75299 1
44 87 1 -0.219082 1
44 88 1 1.60907 1
44 89 1 0.365935 1
44 90 1 3.55924 1
44 91 1 3.24282 1
44 92 1 -2.23244 1
44 93 1 2.80242 1
44 94 1 -2.85981 1
44 95 1 -3.76264 1
44 8 1 -1.23885 1
44 29 1 0.646867 1
45 64 1 -2.05186 1
45 65 1 -0.143709 1
45 66 1 -0.621822 1
45 67 1 2.93196 1
45 68 1 -0.324325 1
45 69 1 -5.08598 1
45 70 1 -3.91677 1
45 71 1 0.172449 1
45 72 1 -4.9 1
45 73 1 1.8821 1
45 74 1 3.83003 1
45 75 1 3.99239 1
45 76 1 -2.46184 1
45 77 1 -1.49865 1
45 78 1 -1.33852 1
45 79 1 3.409 1
45 80 1 -2.35014 1
45 81 1 1.76697 1
45 82 1 1.16357 1
45 83 1 -3.46814 1
45 84 1 0.996397 1
45 85 1 -3.57766 1
45 86 1 3.0394 1
45 87 1 0.34327 1
45 88 1 5.21818 1
45 89 1 -2.39814 1
45 90 1 -0.180674 1
45 91 1 3.51239 1
45 92 1 -1.2867 1
45 93 1 -7.39975 1
45 94 1 1.74068 1
45 95 1 -4.94468 1
45 9 1 4.5882 1
45 20 1 0.555242 1
45 17 1 -0.843288 1
46 64 1 1.63424 1
46 65 1 1.31538 1
46 66 1 2.71568 1
46 67 1 3.40728 1
46 68 1 -6.67332 1
46 69 1 -0.376086 1
46 70 1 3.1885 1
46 71 1 -1.23734 1
46 72 1 3.06201 1
46 73 1 -4.11733 1
46 74 1 -2.08555 1
46 75 1 -2.51178 1
46 76 1 -6.15034 1
46 77 1 4.2054 1
46 78 1 -0.0149323 1
46 79 1 -0.295642 1
46 80 1 2.61587 1
46 81 1 1.71417 1
46 82 1 -0.241393 1
46 83 1 2.57742 1
46 84 1 -1.48257 1
46 85 1 3.31146 1
46 86 1 -2.76733 1
46 87 1 7.64887 1
46 88 1 0.24528 1
46 89 1 -5.52689 1
46 90 1 -4.13129 1
46 91 1 1.15952 1
46 92 1 -2.11558 1
46 93 1 -1.63542 1
46 94 1 1.08975 1
46 95 1 0.427221 1
46 24 1 1.8212 1
47 64 1 -0.322906 1
47 65 1 0.306807 1
47 66 1 -1.0153 1
47 67 1 2.85646 1
47 68 1 -0.636888 1
47 69 1 2.46806 1
47 70 1 -1.92166 1
47 71 1 1.29399 1
47 72 1 -0.0692181 1
47 73 1 5.13443 0
47 74 1 -1.56574 1
47 75 1 -1.30935 1
47 76 1 -3.59789 1
47 77 1 -7.19118 1
47 78 1 -2.97289 1
47 79 1 -1.34695 1
47 80 1 5.7525 1
47 81 1 -4.12653 1
47 82 1 3.08427 1
47 83 1 0.285046 1
47 84 1 -3.40266 1
47 85 1 -1.15106 1
47 86 1 -3.16776 1
47 87 1 5.78827 1
47 88 1 5.45902 1
47 89 1 1.70475 1
47 90 1 6.61552 1
47 91 1 1.38404 1
47 92 1 2.50111 1
47 93 1 2.44713 1
47 94 1 2.43925 1
47 95 1 -1.00101 1
47 4 1 0.193659 1
47 137 1 3.36957 1
137 73 1 3.00411 0
137 156 1 -1.2095 1
156 73 1 4.06547 1
156 15 1 -0.0789398 1
156 104 1 1.70397 1
48 64 1 -0.438168 1
48 65 1 -1.86634 1
48 66 1 3.98469 1
48 67 1 -3.15914 1
48 68 1 -4.24909 1
48 69 1 -4.48237 1
48 70 1 1.04043 1
48 71 1 0.514666 1
48 72 1 -7.33467 1
48 73 1 3.82887 1
48 74 1 6.43095 1
48 75 1 -4.96579 1
48 76 1 -2.70961 1
48 77 1 -1.95874 1
48 78 1 -1.88228 1
48 79 1 2.24422 1
48 80 1 -0.865054 1
48 81 1 -3.5534 1
48 82 1 -2.06302 1
48 83 1 0.253384 1
48 84 1 0.702185 1
48 85 1 -0.222124 1
48 86 1 -1.47944 1
48 87 1 1.10442 1
48 88 1 -0.0519493 1
48 89 1 -1.82716 1
48 90 1 2.05298 1
48 91 1 -0.391924 1
48 92 1 -6.50427 1
48 93 1 1.38506 1
48 94 1 6.94698 1
48 95 1 4.06682 1
48 16 1 0.950704 1
48 12 1 -0.0704003 1
48 14 1 -1.95693 1
48 30 1 1.21468 1
49 64 1 -0.405376 1
49 65 1 -5.80248 1
49 66 1 2.07412 1
49 67 1 -0.717926 1
49 68 1 -4.70326 1
49 69 1 0.57856 1
49 70 1 0.436099 1
49 71 1 -2.05294 1
49 72 1 -2.49154 1
49 73 1 0.209378 1
49 74 1 2.90829 1
49 75 1 1.10499 1
49 76 1 -5.91335 1
49 77 1 -4.66217 1
49 78 1 -1.37584 0
49 79 1 2.44986 1
49 80 1 5.98758 1
49 81 1 -2.36499 1
49 82 1 1.47851 1
49 83 1 0.593787 1
49 84 1 0.656499 1
49 85 1 -1.78912 1
49 86 1 -2.7509 1
49 87 1 -3.27815 1
49 88 1 2.49201 1
49 89 1 2.66295 1
49 90 1 -2.94557 1
49 91 1 2.70421 1
49 92 1 0.714807 1
49 93 1 3.35437 1
49 94 1 2.44924 1
49 95 1 2.43687 1
49 19 1 -0.0144824 1
49 31 1 -1.15344 1
49 15 1 -3.63393 1
49 158 1 -0.195203 1
49 26 1 0.61125 1
49 144 1 -3.48394 1
158 78 1 -2.00123 1
50 64 1 -3.8321 1
50 65 1 -3.18847 1
50 66 1 1.34264 1
50 67 1 0.0199337 1
50 68 1 2.85048 1
50 69 1 -1.99402 1
50 70 1 1.76879 1
50 71 1 6.03933 1
50 72 1 -3.555 1
50 73 1 3.36049 1
50 74 1 0.167112 1
50 75 1 2.983 1
50 76 1 -2.10152 1
50 77 1 -2.90735 1
50 78 1 1.23979 1
50 79 1 -1.90281 1
50 80 1 1.1631 1
50 81 1 2.06508 1
50 82 1 -3.12703 1
50 83 1 5.58173 1
50 84 1 0.897386 1
50 85 1 4.86335 1
50 86 1 4.88047 1
50 87 1 -1.85227 1
50 88 1 -1.32334 1
50 89 1 0.0528393 1
50 90 1 -0.0334879 1
50 91 1 0.624838 1
50 92 1 -0.523767 1
50 93 1 -2.75644 1
50 94 1 -1.80864 1
50 95 1 0.417529 1
50 4 1 4.88061 1
50 22 1 -0.493239 1
51 64 1 -0.795629 1
51 65 1 4.81634 1
51 66 1 2.65322 1
51 67 1 -1.66915 1
51 68 1 -0.16988 1
51 69 1 -0.0571668 1
51 70 1 0.273585 1
51 71 1 4.81454 1
51 72 1 -4.43529 1
51 73 1 -1.85837 0
51 74 1 -1.11501 1
51 75 1 4.19119 1
51 76 1 -2.82826 1
51 77 1 4.12705 1
51 78 1 6.9318 1
51 79 1 -1.16159 1
51 80 1 -0.292475 1
51 81 1 -2.66266 1
51 82 1 -0.524702 1
51 83 1 6.16928 1
51 84 1 -3.45367 1
51 85 1 0.634085 1
51 86 1 -1.15302 1
51 87 1 3.0715 1
51 88 1 -1.78528 0
51 89 1 1.16338 1
51 90 1 -0.688273 1
51 91 1 -1.88778 1
51 92 1 3.06876 1
51 93 1 5.82571 1
51 94 1 -4.572 1
51 95 1 -2.49116 1
51 116 1 1.25025 1
51 12 1 -2.08066 1
51 179 1 -0.423339 1
179 88 1 -0.232713 1
116 73 1 1.22578 0
116 134 1 2.80209 1
134 73 1 4.25597 1
134 128 1 2.22563 1
52 64 1 -2.54219 1
52 65 1 5.55238 1
52 66 1 -0.551991 1
52 67 1 0.605299 1
52 68 1 1.51681 1
52 69 1 6.48363 1
52 70 1 3.14118 1
52 71 1 -2.63206 1
52 72 1 -0.0911404 1
52 73 1 3.43932 1
52 74 1 3.5227 1
52 75 1 2.81576 1
52 76 1 -5.03323 1
52 77 1 0.317383 1
52 78 1 4.36456 1
52 79 1 -3.12705 1
52 80 1 -1.33413 1
52 81 1 0.398159 1
52 82 1 -1.20963 1
52 83 1 0.392171 1
52 84 1 -0.111767 1
52 85 1 -0.599018 1
52 86 1 -6.46537 1
52 87 1 0.673274 1
52 88 1 0.776408 1
52 89 1 0.603783 1
52 90 1 -1.14441 1
52 91 1 -0.284987 1
52 92 1 0.794119 1
52 93 1 -4.14353 0
52 94 1 4.60038 1
52 95 1 -0.245856 1
52 115 1 1.73401 1
52 139 1 0.571439 1
52 23 1 -1.20523 1
139 93 1 -0.300495 0
139 181 1 0.664094 0
139 184 1 2.17165 1
184 181 1 -0.192876 1
184 15 1 1.39109 1
181 93 1 -0.923361 1
53 64 1 -4.56876 1
53 65 1 -0.179999 1
53 66 1 -2.56323 1
53 67 1 -1.67444 1
53 68 1 -1.11662 1
53 69 1 1.08485 1
53 70 1 0.753444 0
53 71 1 1.1614 1
53 72 1 -0.0969444 1
53 73 1 0.243401 1
53 74 1 -0.58841 1
53 75 1 -2.53308 1
53 76 1 0.641754 1
53 77 1 1.74644 1
53 78 1 0.561782 1
53 79 1 -0.631045 1
53 80 1 1.72756 1
53 81 1 2.81881 1
53 82 1 1.33773 1
53 83 1 -1.80992 1
53 84 1 1.55206 1
53 85 1 1.94136 1
53 86 1 0.661302 1
53 87 1 -1.43213 1
53 88 1 1.1035 1
53 89 1 0.929546 1
53 90 1 -2.93082 1
53 91 1 0.455725 1
53 92 1 2.49311 1
53 93 1 -0.98169 1
53 94 1 -0.705667 1
53 95 1 -3.81497 1
53 20 1 5.12154 1
53 23 1 -1.02044 1
53 149 1 -1.15655 1
149 70 1 -2.16 0
149 153 1 0.611747 1
149 126 1 -0.444695 1
153 70 1 0.978361 0
153 183 1 1.77171 1
183 70 1 0.542595 1
54 64 1 4.31219 1
54 65 1 1.90638 1
54 66 1 -1.03975 1
54 67 1 1.63603 1
54 68 1 3.34092 1
54 69 1 -4.20192 1
54 70 1 0.670779 1
54 71 1 4.32389 1
54 72 1 0.953106 1
54 73 1 0.160551 1
54 74 1 -0.336386 1
54 75 1 -3.31191 1
54 76 1 -4.7446 1
54 77 1 0.904493 1
54 78 1 -2.25666 1
54 79 1 2.78672 1
54 80 1 1.72541 1
54 81 1 4.66953 1
54 82 1 -2.19647 1
54 83 1 3.13958 1
54 84 1 -0.319396 1
54 85 1 0.680637 1
54 86 1 -5.45133 1
54 87 1 -0.0911155 1
54 88 1 1.03899 1
54 89 1 5.07247 1
54 90 1 -2.96357 1
54 91 1 1.96205 1
54 92 1 -1.35122 1
54 93 1 4.13661 1
54 94 1 -3.37045 1
54 95 1 -2.35139 1
54 30 1 -0.278441 1
54 144 1 3.14491 1
54 16 1 0.166668 1
55 64 1 1.60748 1
55 65 1 -2.66154 1
55 66 1 -3.07633 1
55 67 1 -2.90696 1
55 68 1 1.77987 1
55 69 1 0.192465 1
55 70 1 3.15757 1
55 71 1 -5.2405 1
55 72 1 2.00962 1
55 73 1 -0.664526 1
55 74 1 2.72567 1
55 75 1 -3.17671 1
55 76 1 -6.21881 1
55 77 1 2.39665 1
55 78 1 2.11084 1
55 79 1 5.13656 1
55 80 1 -1.65654 1
55 81 1 1.57394 1
55 82 1 -2.04874 1
55 83 1 1.17539 1
55 84 1 0.158792 1
55 85 1 -8.10914 1
55 86 1 0.311106 1
55 87 1 -2.37665 1
55 88 1 -6.07034 1
55 89 1 1.59099 1
55 90 1 -1.425 1
55 91 1 -0.0616815 1
55 92 1 10.1022 1
55 93 1 -4.30108 1
55 94 1 -3.03643 1
55 95 1 -0.725838 0
55 28 1 4.82577 1
55 114 1 0.380626 1
55 0 1 -3.48253 1
55 2 1 -0.672508 1
114 95 1 -1.40205 1
56 64 1 3.2109 1
56 65 1 -11.4854 1
56 66 1 -1.14888 1
56 67 1 -1.75959 1
56 68 1 3.80688 0
56 69 1 -2.5609 1
56 70 1 2.79041 1
56 71 1 3.11036 1
56 72 1 -1.83488 1
56 73 1 0.616387 1
56 74 1 2.88209 1
56 75 1 6.48285 1
56 76 1 -2.35626 1
56 77 1 -1.51238 1
56 78 1 -3.97691 1
56 79 1 -1.49548 1
56 80 1 0.55835 1
56 81 1 5.6758 1
56 82 1 2.45167 1
56 83 1 -0.791287 1
56 84 1 -2.40335 1
56 85 1 -1.76678 1
56 86 1 2.12927 1
56 87 1 1.07818 1
56 88 1 1.91031 1
56 89 1 1.90702 1
56 90 1 -0.271757 1
56 91 1 -1.1265 1
56 92 1 1.23662 1
56 93 1 3.176 1
56 94 1 -1.59429 1
56 95 1 -1.91646 1
56 3 1 -2.78363 1
56 126 1 4.77911 1
56 0 1 -2.30527 1
126 68 1 2.7367 1
126 11 1 -3.42405 1
57 64 1 -5.01554 1
57 65 1 6.11246 1
57 66 1 -0.875167 1
57 67 1 -2.84245 1
57 68 1 -0.351631 1
57 69 1 -1.66828 0
57 70 1 0.715262 1
57 71 1 2.62064 1
57 72 1 3.65982 1
57 73 1 -2.69447 1
57 74 1 1.12988 1
57 75 1 5.92495 1
57 76 1 4.11685 1
57 77 1 -5.60177 1
57 78 1 0.802188 1
57 79 1 -2.99214 1
57 80 1 4.09053 1
57 81 1 4.8947 1
57 82 1 4.46084 1
57 83 1 -2.97313 1
57 84 1 0.599009 1
57 85 1 -4.85127 1
57 86 1 -1.17022 1
57 87 1 0.0353796 1
57 88 1 2.75025 1
57 89 1 1.22846 1
57 90 1 0.996304 1
57 91 1 -3.11981 1
57 92 1 -1.8542 1
57 93 1 -3.94641 1
57 94 1 -1.34096 1
57 95 1 3.88043 1
57 104 1 5.08986 1
57 22 1 0.782289 1
104 69 1 0.925866 1
104 1 1 2.40641 1
104 107 1 -0.682744 1
104 19 1 0.957989 1
58 64 1 7.97685 1
58 65 1 -3.49503 1
58 66 1 -1.59676 1
58 67 1 -0.451088 1
58 68 1 -4.07145 1
58 69 1 -1.95174 1
58 70 1 -0.574085 1
58 71 1 2.16739 1
58 72 1 2.14036 1
58 73 1 -3.4656 1
58 74 1 1.67824 1
58 75 1 1.67548 1
58 76 1 0.809571 1
58 77 1 3.77819 1
58 78 1 -2.95334 1
58 79 1 0.109881 0
58 80 1 -3.24053 1
58 81 1 3.14644 1
58 82 1 0.932647 1
58 83 1 1.75863 1
58 84 1 -1.9934 1
58 85 1 1.14025 1
58 86 1 1.77213 1
58 87 1 -4.28898 1
58 88 1 -7.02446 1
58 89 1 -2.5663 1
58 90 1 1.45918 1
58 91 1 -2.52314 1
58 92 1 0.34886 0
58 93 1 0.686399 1
58 94 1 -1.91612 1
58 95 1 3.30686 1
58 128 1 1.3826 1
58 115 1 0.271582 1
58 174 1 2.04891 1
174 92 1 -0.399032 1
128 79 1 0.0865952 0
128 131 1 2.48379 1
131 79 1 1.56974 0
131 160 1 0.531908 1
131 7 1 -0.186409 1
160 79 1 3.48652 0
160 125 1 1.61091 1
160 173 1 0.189181 1
173 79 1 2.4254 1
59 64 1 -2.63473 1
59 65 1 1.21852 1
59 66 1 5.0705 1
59 67 1 -2.06806 1
59 68 1 3.19948 1
59 69 1 -3.01636 1
59 70 1 -3.44102 1
59 71 1 -0.00260941 1
59 72 1 -0.553315 1
59 73 1 -1.34778 1
59 74 1 0.848499 1
59 75 1 0.288426 1
59 76 1 2.32189 1
59 77 1 -0.253688 0
59 78 1 2.21828 1
59 79 1 -3.16885 1
59 80 1 2.61388 1
59 81 1 1.39267 1
59 82 1 -3.61914 1
59 83 1 6.01762 1
59 84 1 2.09652 1
59 85 1 -6.19467 1
59 86 1 -4.89983 1
59 87 1 1.38249 1
59 88 1 5.14123 1
59 89 1 0.0184946 1
59 90 1 0.255873 1
59 91 1 -1.30281 1
59 92 1 1.64601 1
59 93 1 2.97743 1
59 94 1 -5.66803 1
59 95 1 3.09573 1
59 97 1 -0.968471 1
59 5 1 -5.91748 1
59 11 1 -4.00975 1
59 13 1 0.401371 1
97 77 1 -6.35164 1
97 22 1 0.429266 1
97 2 1 -6.82251 0
97 99 1 0.979323 1
97 7 1 3.73547 0
97 102 1 2.0153 1
97 17 1 3.00773 1
102 7 1 5.60033 1
99 2 1 0.454534 0
99 108 1 6.12939 1
99 15 1 4.30251 1
108 2 1 0.550928 0
108 125 1 7.22824 1
108 0 1 -0.937762 1
125 2 1 2.44162 1
125 1 1 0.768197 1
60 64 1 0.751142 1
60 65 1 -0.00179985 1
60 66 1 1.8303 1
60 67 1 -1.18255 1
60 68 1 0.818971 1
60 69 1 3.24965 1
60 70 1 -1.52946 1
60 71 1 1.74572 1
60 72 1 -0.726315 0
60 73 1 1.99683 1
60 74 1 2.06712 1
60 75 1 0.862141 1
60 76 1 -1.6644 1
60 77 1 6.26098 1
60 78 1 -3.08177 1
60 79 1 -0.0447402 1
60 80 1 -5.19248 1
60 81 1 -3.98065 1
60 82 1 -0.786738 1
60 83 1 2.16188 1
60 84 1 -4.54911 1
60 85 1 2.08214 1
60 86 1 2.35158 1
60 87 1 -0.487525 1
60 88 1 -4.42194 1
60 89 1 1.74431 1
60 90 1 -1.67765 1
60 91 1 -0.368683 1
60 92 1 -0.421357 1
60 93 1 -0.942618 1
60 94 1 -1.08302 1
60 95 1 0.77881 1
60 24 1 -1.26234 1
60 0 1 4.16294 1
60 115 1 3.08198 1
60 3 1 -3.20426 1
60 20 1 -0.0740721 1
115 72 1 -1.99548 1
115 18 1 1.4961 1
115 14 1 3.11007 1
115 19 1 -1.28747 1
61 64 1 -0.518599 1
61 65 1 -0.457038 1
61 66 1 2.40126 1
61 67 1 0.795791 1
61 68 1 -3.13639 1
61 69 1 3.85154 1
61 70 1 3.41324 1
61 71 1 1.49455 1
61 72 1 0.6444 1
61 73 1 0.667641 1
61 74 1 3.65537 1
61 75 1 5.37763 1
61 76 1 2.15318 1
61 77 1 -2.53954 0
61 78 1 -3.6855 1
61 79 1 1.88411 1
61 80 1 -1.65959 1
61 81 1 -0.409089 1
61 82 1 -1.70651 1
61 83 1 -0.729214 1
61 84 1 -3.43493 1
61 85 1 -1.31309 1
61 86 1 -0.462777 1
61 87 1 2.72835 1
61 88 1 -2.30505 1
61 89 1 1.49667 1
61 90 1 -3.16599 1
61 91 1 1.90049 1
61 92 1 -0.532691 1
61 93 1 0.44176 1
61 94 1 1.07886 1
61 95 1 -0.799834 1
61 107 1 0.586097 1
61 113 1 -0.757831 1
61 14 1 -1.74652 1
107 77 1 -4.49582 0
107 113 1 -1.05784 1
107 14 1 -2.13728 1
107 20 1 1.25852 1
113 77 1 -1.46076 0
113 23 1 -1.62324 1
113 147 1 2.0506 1
113 159 1 1.27856 1
159 77 1 -2.49897 0
159 161 1 0.513386 1
161 77 1 -1.8029 1
62 64 1 -0.873471 1
62 65 1 -2.56093 1
62 66 1 2.72121 1
62 67 1 -1.29311 1
62 68 1 1.97224 1
62 69 1 -0.664854 1
62 70 1 -1.08027 1
62 71 1 -5.49676 1
62 72 1 4.09131 1
62 73 1 3.4275 1
62 74 1 2.99934 1
62 75 1 -1.34586 1
62 76 1 2.72626 1
62 77 1 -4.09813 1
62 78 1 -2.05584 1
62 79 1 -2.828 1
62 80 1 1.88744 1
62 81 1 1.25152 1
62 82 1 -1.22404 1
62 83 1 3.25264 1
62 84 1 -0.727213 0
62 85 1 -1.10912 1
62 86 1 3.693 1
62 87 1 -2.31334 1
62 88 1 0.508372 1
62 89 1 -2.34822 1
62 90 1 -9.0855 1
62 91 1 -0.697584 1
62 92 1 0.211801 1
62 93 1 -1.2184 1
62 94 1 -0.909797 1
62 95 1 -1.50373 1
62 5 1 1.06422 1
62 138 1 1.82949 0
62 152 1 0.712634 1
62 31 1 1.35807 1
152 138 1 1.61472 0
152 187 1 1.24105 1
187 138 1 1.51883 1
138 84 1 -1.37411 1
63 64 1 3.33109 1
63 65 1 -2.50014 1
63 66 1 5.67788 1
63 67 1 -3.78336 1
63 68 1 2.439 1
63 69 1 -3.32745 1
63 70 1 -3.84556 1
63 71 1 1.68564 1
63 72 1 0.690315 1
63 73 1 1.88554 1
63 74 1 -7.99883 1
63 75 1 -0.054418 1
63 76 1 -0.291763 0
63 77 1 0.583645 1
63 78 1 -0.855295 1
63 79 1 -0.820564 1
63 80 1 2.59362 1
63 81 1 -1.48892 1
63 82 1 2.86657 1
63 83 1 -4.12341 1
63 84 1 -2.55603 1
63 85 1 -5.36726 1
63 86 1 6.43824 1
63 87 1 -3.03872 0
63 88 1 -0.585942 1
63 89 1 -1.95847 1
63 90 1 -0.271543 1
63 91 1 -2.72258 1
63 92 1 0.363501 1
63 93 1 2.10304 1
63 94 1 1.76691 1
63 95 1 -1.91916 1
63 141 1 6.52783 1
63 144 1 0.820898 1
144 76 1 -0.507551 0
144 147 1 0.400066 1
147 76 1 -2.46314 1
147 9 1 -3.26139 1
141 87 1 -5.23996 1
141 10 1 1.40222 1
