188 64 32
3.23324 -1.56936 -3.41794 4.52361 -6.9722 4.72976 0.165595 4.5109 -1.00012 6.66995 2.88043 5.93628 -3.67092 -3.63898 -1.67276 -3.29223 2.54348 0.061461 1.88769 -1.03039 -1.16149 -0.27456 -0.141938 1.44555 -6.5975 -0.233489 4.88036 2.54501 -4.60014 -3.00351 -3.41213 -0.553598 -1.86483 1.47561 -0.524668 4.18995 -4.27268 0.0611917 -1.38122 -1.11696 -2.60506 2.25899 -1.68512 -3.70298 -5.36028 -5.82105 -4.88779 2.42344 0.312648 5.02103 1.22597 -4.76104 -4.33508 -0.763762 -0.659562 2.56642 -2.21573 2.82389 1.5837 -1.38469 1.95983 -3.61913 -4.30275 -3.2446 -4.21695 -2.73942 3.50302 1.90831 -3.41964 1.25289 -2.09266 -6.18304 -3.75816 -3.12517 3.18464 4.88044 -0.554964 -2.30499 -0.537141 -6.12611 0.773031 0.0997601 -4.15713 2.42628 2.57974 1.52039 -3.10476 0.383837 4.5193 1.12129 -2.66733 1.51931 -1.81382 -0.31983 0.833561 -0.802746 -1.83817 -1.4148 -2.27865 -2.44178 0.933029 -3.26174 -4.86362 -1.35174 -4.1711 1.33352 -2.05275 -4.34763 -2.21501 -1.49625 -1.54859 2.86016 2.32283 -7.19246 1.69568 -1.46496 -1.34183 0.333643 0.0117023 -0.476574 4.41363 -1.99818 -1.29506 -0.14914 1.43397 4.06211 -0.0880618 0.722722 1.13431 3.25553 0.880834 -1.4033 -1.27637 0.359786 -2.20205 0.576721 -0.334438 0.455414 -4.32031 -1.50111 3.1169 -3.0133 -1.85345 -3.7831 0.502322 2.17416 0.654562 -4.00962 -1.31871 -3.46659 -1.26379 -0.659319 0.181358 -1.07874 0.0299637 -0.624711 -0.355643 0.945661 0.223493 0.801213 1.48016 0.71509 0.956871 1.99336 0.840394 -0.968249 1.58941 -0.268303 -0.114688 0.693239 0.591044 0.938233 2.43302 -0.209321 -0.690774 -0.0710433 0.0804519 -0.257372 -0.505348 1.0663 0.853417 0.552327 0.645051 -0.0763354 -0.858668 0.472474 -0.334327 0.525233 
0 64 1 -4.54223 1
0 65 1 1.81529 1
0 66 1 2.68482 1
0 67 1 -0.0202777 1
0 68 1 -3.48164 1
0 69 1 2.30458 1
0 70 1 2.60645 1
0 71 1 2.34915 1
0 72 1 2.525 1
0 73 1 -0.467728 1
0 74 1 -1.61152 1
0 75 1 2.73274 1
0 76 1 2.42593 1
0 77 1 2.33556 1
0 78 1 -0.106943 1
0 79 1 0.90963 1
0 80 1 3.43401 1
0 81 1 4.40645 1
0 82 1 5.84184 1
0 83 1 0.763396 1
0 84 1 -2.17665 1
0 85 1 4.90487 1
0 86 1 -3.56458 1
0 87 1 -3.99997 1
0 88 1 3.65584 1
0 89 1 4.29982 1
0 90 1 3.53318 1
0 91 1 5.36888 1
0 92 1 -4.15157 1
0 93 1 -1.61345 1
0 94 1 3.03719 1
0 95 1 -0.604575 1
0 10 1 -2.5038 1
1 64 1 0.640696 1
1 65 1 -5.29812 1
1 66 1 2.27552 1
1 67 1 -5.83756 1
1 68 1 5.64252 1
1 69 1 -2.49342 1
1 70 1 2.99501 1
1 71 1 -0.749456 1
1 72 1 -3.93425 1
1 73 1 -1.65112 1
1 74 1 -2.87937 1
1 75 1 5.19917 1
1 76 1 -3.23806 1
1 77 1 6.57235 1
1 78 1 -0.695369 1
1 79 1 -2.64907 1
1 80 1 -0.154946 1
1 81 1 0.0264646 1
1 82 1 -1.54477 1
1 83 1 -5.73468 1
1 84 1 -5.14187 1
1 85 1 -2.37223 1
1 86 1 3.03265 1
1 87 1 -1.35318 1
1 88 1 -1.22938 1
1 89 1 3.41693 1
1 90 1 -1.22222 1
1 91 1 -1.49114 1
1 92 1 0.378653 1
1 93 1 0.755565 1
1 94 1 -0.283698 1
1 95 1 -7.00719 1
1 27 1 -0.397735 1
2 64 1 1.98506 1
2 65 1 -2.03523 1
2 66 1 -5.93262 1
2 67 1 -3.05964 1
2 68 1 -1.56229 1
2 69 1 -0.95789 1
2 70 1 -1.40801 1
2 71 1 1.04946 1
2 72 1 -0.775064 1
2 73 1 -0.954245 1
2 74 1 -3.05288 1
2 75 1 1.38303 1
2 76 1 -2.88554 1
2 77 1 -1.76935 1
2 78 1 -0.359371 1
2 79 1 -3.7137 1
2 80 1 -5.87555 1
2 81 1 -6.60433 1
2 82 1 0.770096 1
2 83 1 -4.93818 1
2 84 1 -0.701421 1
2 85 1 2.90376 1
2 86 1 -1.88157 1
2 87 1 -1.10424 1
2 88 1 -2.25035 1
2 89 1 -4.32525 1
2 90 1 -3.50588 1
2 91 1 -2.45625 1
2 92 1 2.28288 0
2 93 1 -1.72449 1
2 94 1 3.98507 1
2 95 1 -2.18101 1
2 100 1 -0.724179 1
2 6 1 3.5593 1
2 110 1 -1.0485 1
2 180 1 2.77237 1
180 92 1 2.56139 1
3 64 1 -0.836797 1
3 65 1 -2.54159 1
3 66 1 0.630777 1
3 67 1 -0.357614 1
3 68 1 5.6946 1
3 69 1 -3.05604 1
3 70 1 -2.69312 1
3 71 1 -0.61989 1
3 72 1 8.71766 1
3 73 1 -0.688137 1
3 74 1 0.28698 1
3 75 1 4.43464 1
3 76 1 -0.0913792 1
3 77 1 0.711315 1
3 78 1 -2.29421 1
3 79 1 1.59316 1
3 80 1 -4.02036 1
3 81 1 1.09398 1
3 82 1 6.18966 1
3 83 1 3.23545 1
3 84 1 0.235393 1
3 85 1 -4.89266 1
3 86 1 1.88048 1
3 87 1 4.15572 1
3 88 1 -1.72219 1
3 89 1 4.03275 1
3 90 1 0.367076 1
3 91 1 2.65597 1
3 92 1 0.955893 1
3 93 1 -3.1036 1
3 94 1 -1.52866 1
3 95 1 4.44083 0
3 110 1 1.80614 1
110 95 1 -1.06659 0
110 111 1 -2.65951 0
110 132 1 3.51959 1
110 152 1 0.704382 1
110 126 1 0.196218 1
110 20 1 1.02234 1
110 16 1 0.641667 1
132 111 1 2.52882 1
111 95 1 1.44603 1
4 64 1 2.19337 1
4 65 1 0.38126 1
4 66 1 -1.09018 1
4 67 1 4.89059 1
4 68 1 1.00507 1
4 69 1 2.80411 1
4 70 1 -0.833503 1
4 71 1 -0.531937 1
4 72 1 -1.704 1
4 73 1 -0.924951 0
4 74 1 -0.891226 1
4 75 1 -7.08156 0
4 76 1 0.708283 1
4 77 1 3.22035 1
4 78 1 -1.50652 1
4 79 1 1.23321 1
4 80 1 -6.27142 1
4 81 1 2.36307 1
4 82 1 0.694436 1
4 83 1 -1.31292 1
4 84 1 -2.37933 1
4 85 1 1.97261 1
4 86 1 1.49727 1
4 87 1 -3.34141 1
4 88 1 -2.78077 1
4 89 1 -3.74368 1
4 90 1 3.87482 1
4 91 1 -1.90078 1
4 92 1 -1.9356 1
4 93 1 0.80474 0
4 94 1 -2.60301 1
4 95 1 1.97486 1
4 101 1 3.39929 1
4 17 1 5.10889 1
4 118 1 2.58 1
4 145 1 1.46202 1
4 119 1 -0.785941 1
145 93 1 0.205647 1
118 73 1 -5.25748 1
101 75 1 2.01086 1
5 64 1 -3.73353 1
5 65 1 7.04702 1
5 66 1 -1.89896 1
5 67 1 9.67242 1
5 68 1 2.78557 1
5 69 1 3.26289 1
5 70 1 1.82919 1
5 71 1 -1.62248 1
5 72 1 -0.0844568 1
5 73 1 -2.12009 1
5 74 1 -2.86199 1
5 75 1 3.2511 1
5 76 1 2.96921 1
5 77 1 1.21727 1
5 78 1 -1.0226 1
5 79 1 1.14219 1
5 80 1 1.38864 1
5 81 1 -1.61994 1
5 82 1 -1.16614 1
5 83 1 5.59293 1
5 84 1 3.11112 1
5 85 1 3.64353 1
5 86 1 1.27841 1
5 87 1 0.116705 1
5 88 1 1.10816 1
5 89 1 -3.67994 1
5 90 1 -1.70717 1
5 91 1 -1.80876 1
5 92 1 -2.47511 1
5 93 1 -0.112971 1
5 94 1 -2.42256 1
5 95 1 -0.88611 1
5 28 1 2.32621 1
6 64 1 -0.539328 1
6 65 1 -1.89641 1
6 66 1 2.52659 1
6 67 1 2.15268 1
6 68 1 -3.17158 1
6 69 1 -3.22995 1
6 70 1 -5.74746 1
6 71 1 -0.636697 1
6 72 1 2.86679 1
6 73 1 -4.22236 1
6 74 1 -3.97557 1
6 75 1 2.57407 1
6 76 1 5.45073 1
6 77 1 -3.05072 1
6 78 1 -0.118305 1
6 79 1 -4.2008 1
6 80 1 2.81782 1
6 81 1 -1.35373 1
6 82 1 1.95493 1
6 83 1 3.51086 1
6 84 1 2.80524 1
6 85 1 -7.40337 1
6 86 1 -0.580239 1
6 87 1 5.69522 1
6 88 1 -2.19311 1
6 89 1 -2.29655 1
6 90 1 3.64838 1
6 91 1 0.872011 1
6 92 1 6.39735 1
6 93 1 -3.87383 1
6 94 1 -2.83122 1
6 95 1 3.04147 1
6 26 1 1.78902 1
7 64 1 2.31424 1
7 65 1 2.5192 1
7 66 1 1.6048 1
7 67 1 -5.35402 1
7 68 1 -4.06476 1
7 69 1 -3.14848 1
7 70 1 6.40565 1
7 71 1 4.67829 1
7 72 1 4.57299 1
7 73 1 -1.77738 1
7 74 1 0.651928 1
7 75 1 -0.38122 0
7 76 1 1.17363 1
7 77 1 3.12628 1
7 78 1 2.5966 1
7 79 1 1.30298 1
7 80 1 -1.115 1
7 81 1 2.83692 1
7 82 1 -5.05954 0
7 83 1 1.127 0
7 84 1 -4.25253 1
7 85 1 3.87941 1
7 86 1 0.218619 1
7 87 1 4.07677 1
7 88 1 -1.59212 1
7 89 1 -1.90388 1
7 90 1 1.65493 1
7 91 1 -3.70592 1
7 92 1 -0.544869 1
7 93 1 -1.06001 1
7 94 1 -0.0635951 1
7 95 1 1.77888 1
7 100 1 -0.324597 1
7 127 1 3.27415 1
7 164 1 0.750856 1
164 75 1 0.615895 1
127 82 1 -4.69539 0
127 169 1 0.286994 1
127 150 1 1.01209 1
169 82 1 -4.0911 1
169 15 1 0.806794 1
100 83 1 3.21698 0
100 24 1 -1.2516 0
100 106 1 2.91758 1
100 166 1 -0.0476605 1
166 83 1 3.44216 1
106 24 1 -8.53904 1
106 6 1 -2.87348 1
8 64 1 1.44265 1
8 65 1 -2.49964 1
8 66 1 -0.650581 1
8 67 1 -1.75205 1
8 68 1 -2.70878 1
8 69 1 4.22357 1
8 70 1 1.48388 1
8 71 1 2.31959 1
8 72 1 3.89078 1
8 73 1 -3.6446 1
8 74 1 -2.87287 1
8 75 1 -2.64646 1
8 76 1 2.61833 1
8 77 1 2.33678 1
8 78 1 0.469611 1
8 79 1 -2.46101 1
8 80 1 -0.277687 1
8 81 1 -1.53213 1
8 82 1 -1.2627 1
8 83 1 -3.02413 1
8 84 1 2.67222 1
8 85 1 8.48166 1
8 86 1 5.94182 1
8 87 1 2.43528 1
8 88 1 0.373257 1
8 89 1 5.4733 1
8 90 1 1.80989 1
8 91 1 -3.10091 1
8 92 1 1.72373 1
8 93 1 4.9394 1
8 94 1 6.43768 1
8 95 1 -2.16387 1
8 17 1 0.302945 1
9 64 1 -4.25891 1
9 65 1 -2.43588 1
9 66 1 2.00559 1
9 67 1 -0.0567104 1
9 68 1 -1.14823 1
9 69 1 -0.580267 1
9 70 1 -8.37554 1
9 71 1 -1.70822 1
9 72 1 1.42566 1
9 73 1 -2.92242 1
9 74 1 0.926772 1
9 75 1 1.90845 1
9 76 1 2.65007 1
9 77 1 0.396166 1
9 78 1 2.45398 1
9 79 1 0.856845 0
9 80 1 -1.93219 1
9 81 1 2.11033 1
9 82 1 -1.90558 1
9 83 1 -2.13881 1
9 84 1 4.79464 1
9 85 1 1.27819 1
9 86 1 0.615975 1
9 87 1 0.205535 1
9 88 1 2.90318 1
9 89 1 4.71548 1
9 90 1 -0.433963 1
9 91 1 0.221962 1
9 92 1 -1.59482 1
9 93 1 -1.28585 1
9 94 1 -4.50835 1
9 95 1 0.018473 1
9 103 1 -2.62259 1
9 130 1 -0.369124 1
9 157 1 -0.625262 1
157 79 1 0.346688 1
157 22 1 -1.16764 1
10 64 1 1.11431 1
10 65 1 -0.555662 1
10 66 1 4.48956 1
10 67 1 -1.90216 1
10 68 1 2.79312 1
10 69 1 -1.67565 1
10 70 1 0.0982238 1
10 71 1 -0.474957 1
10 72 1 5.72899 1
10 73 1 4.23832 1
10 74 1 0.971524 0
10 75 1 1.76776 1
10 76 1 3.80142 1
10 77 1 -0.567658 1
10 78 1 0.0259813 1
10 79 1 -3.7222 1
10 80 1 -3.19686 1
10 81 1 5.66833 1
10 82 1 3.47536 1
10 83 1 -0.0427281 1
10 84 1 7.92579 1
10 85 1 2.17431 1
10 86 1 -3.7492 1
10 87 1 -2.98158 1
10 88 1 2.81452 1
10 89 1 0.260721 1
10 90 1 0.126274 1
10 91 1 2.51239 1
10 92 1 -1.49654 1
10 93 1 -0.466273 1
10 94 1 3.70688 1
10 95 1 4.46126 0
10 124 1 3.86637 1
10 165 1 -0.353935 1
165 95 1 4.88779 1
165 133 1 0.983402 1
124 74 1 -1.52913 1
124 12 1 1.75269 0
124 171 1 -1.13291 1
171 12 1 1.57047 1
171 152 1 -0.366598 1
11 64 1 3.21196 1
11 65 1 1.57874 1
11 66 1 4.38202 1
11 67 1 -2.18833 1
11 68 1 1.24812 1
11 69 1 2.50103 1
11 70 1 3.45122 1
11 71 1 1.26653 1
11 72 1 -8.24869 1
11 73 1 1.22841 1
11 74 1 0.28829 0
11 75 1 -2.86479 1
11 76 1 -1.89481 1
11 77 1 0.137014 1
11 78 1 -1.55713 1
11 79 1 -0.243922 1
11 80 1 -1.19497 1
11 81 1 2.72544 1
11 82 1 5.34979 0
11 83 1 3.99718 1
11 84 1 1.56223 1
11 85 1 -1.4502 1
11 86 1 -5.12297 1
11 87 1 0.699593 1
11 88 1 -6.97003 1
11 89 1 2.41871 1
11 90 1 0.52801 1
11 91 1 -2.05155 1
11 92 1 -1.06432 1
11 93 1 2.28924 1
11 94 1 -3.39699 1
11 95 1 -6.11858 1
11 120 1 -6.06864 1
11 109 1 -1.11698 1
11 154 1 3.19018 1
11 8 1 -1.18298 1
11 112 1 2.64755 1
154 82 1 4.00994 1
120 74 1 -2.34623 1
120 13 1 0.12064 0
120 150 1 4.22291 1
150 13 1 2.13356 0
150 163 1 4.18263 1
163 13 1 1.51332 1
12 64 1 -2.30729 1
12 65 1 -1.4517 0
12 66 1 -0.731018 1
12 67 1 -3.12773 1
12 68 1 0.994115 1
12 69 1 1.93048 1
12 70 1 1.02418 1
12 71 1 -1.50269 1
12 72 1 2.93288 1
12 73 1 -3.5391 1
12 74 1 -3.29584 1
12 75 1 0.105722 1
12 76 1 -2.01142 1
12 77 1 2.55417 1
12 78 1 -1.79381 1
12 79 1 -2.08014 1
12 80 1 -2.06795 1
12 81 1 -2.97966 1
12 82 1 5.75486 1
12 83 1 1.00322 1
12 84 1 3.26871 1
12 85 1 0.951006 1
12 86 1 -4.40374 1
12 87 1 -4.12825 1
12 88 1 -0.858638 1
12 89 1 1.35899 1
12 90 1 -0.137104 1
12 91 1 -2.54226 1
12 92 1 0.995852 1
12 93 1 -1.45333 1
12 94 1 2.5762 1
12 95 1 -3.05505 1
12 17 1 0.957523 1
12 18 1 0.272432 1
12 144 1 -1.86504 1
12 167 1 1.46219 1
12 11 1 -0.798365 1
167 65 1 -2.62608 1
167 12 1 0.945619 1
13 64 1 -0.231207 1
13 65 1 -2.28247 1
13 66 1 -1.36392 1
13 67 1 -0.731032 1
13 68 1 4.22986 1
13 69 1 -3.85915 1
13 70 1 -1.20169 1
13 71 1 0.326396 1
13 72 1 -0.171629 1
13 73 1 -0.279347 1
13 74 1 -0.901944 1
13 75 1 -2.33058 1
13 76 1 -0.727364 1
13 77 1 -1.96132 1
13 78 1 3.42851 1
13 79 1 3.91452 1
13 80 1 -0.481335 1
13 81 1 2.12987 1
13 82 1 3.68721 1
13 83 1 4.16252 1
13 84 1 -5.33357 1
13 85 1 5.81266 1
13 86 1 5.36946 1
13 87 1 6.23246 1
13 88 1 3.94312 1
13 89 1 -0.120767 1
13 90 1 -3.79054 1
13 91 1 -5.08467 1
13 92 1 -3.28685 1
13 93 1 -3.40421 1
13 94 1 0.170517 1
13 95 1 -3.65475 1
14 64 1 1.34515 1
14 65 1 4.69798 1
14 66 1 0.432852 1
14 67 1 3.44937 1
14 68 1 -1.48218 1
14 69 1 2.59539 1
14 70 1 0.094795 1
14 71 1 0.625923 1
14 72 1 5.38964 1
14 73 1 2.00365 1
14 74 1 0.338856 1
14 75 1 2.7215 1
14 76 1 -4.79602 1
14 77 1 0.409255 1
14 78 1 -1.78962 1
14 79 1 -0.96434 1
14 80 1 -0.727258 1
14 81 1 2.25494 0
14 82 1 5.04148 1
14 83 1 -1.28605 1
14 84 1 -0.595971 1
14 85 1 -2.26708 1
14 86 1 4.08239 1
14 87 1 -0.109772 1
14 88 1 -2.91842 1
14 89 1 1.24459 1
14 90 1 0.426721 1
14 91 1 4.37981 1
14 92 1 3.95923 1
14 93 1 2.71959 1
14 94 1 5.83241 1
14 95 1 1.85618 1
14 104 1 0.0617349 1
14 119 1 1.25186 1
14 126 1 1.67039 1
119 81 1 5.27387 1
119 99 1 1.15996 1
15 64 1 0.140368 1
15 65 1 1.99626 1
15 66 1 -2.61254 1
15 67 1 -2.44028 1
15 68 1 1.91066 1
15 69 1 -2.83843 1
15 70 1 7.96885 1
15 71 1 -2.52993 1
15 72 1 -1.6514 1
15 73 1 1.47887 1
15 74 1 0.846609 1
15 75 1 -0.488284 1
15 76 1 0.524695 1
15 77 1 1.50457 1
15 78 1 -3.82292 1
15 79 1 1.29896 1
15 80 1 5.0746 1
15 81 1 -0.676315 1
15 82 1 -4.26657 1
15 83 1 0.679487 1
15 84 1 1.12216 1
15 85 1 -2.35357 1
15 86 1 2.26864 1
15 87 1 -6.73769 1
15 88 1 1.71585 1
15 89 1 4.4727 1
15 90 1 0.471984 1
15 91 1 -4.16142 1
15 92 1 1.6275 1
15 93 1 -0.792468 1
15 94 1 -0.207095 1
15 95 1 -2.74702 1
15 20 1 -2.79693 1
16 64 1 2.31951 1
16 65 1 -2.53842 1
16 66 1 -1.44248 1
16 67 1 -5.35802 1
16 68 1 1.30513 1
16 69 1 0.366432 1
16 70 1 2.67826 1
16 71 1 5.66095 1
16 72 1 -0.546147 1
16 73 1 -1.63006 1
16 74 1 1.22222 1
16 75 1 3.20579 1
16 76 1 2.57342 1
16 77 1 2.65982 1
16 78 1 -1.42888 1
16 79 1 -3.15138 0
16 80 1 2.28224 1
16 81 1 1.56974 1
16 82 1 -3.18771 1
16 83 1 1.8175 1
16 84 1 0.0797028 1
16 85 1 -0.108701 1
16 86 1 2.25989 1
16 87 1 -0.427338 1
16 88 1 2.68121 1
16 89 1 1.36596 1
16 90 1 -3.97131 1
16 91 1 4.42222 1
16 92 1 4.07154 1
16 93 1 -2.06857 1
16 94 1 -0.451772 1
16 95 1 -3.636 1
16 26 1 -0.333334 1
16 151 1 1.8259 1
16 144 1 -1.37896 1
151 79 1 -0.00603611 1
17 64 1 -1.36463 1
17 65 1 -0.577333 1
17 66 1 0.0555761 1
17 67 1 3.17617 1
17 68 1 1.15944 1
17 69 1 1.43968 1
17 70 1 0.446431 1
17 71 1 4.30503 1
17 72 1 -5.18667 0
17 73 1 1.11283 1
17 74 1 3.53692 1
17 75 1 -1.17555 1
17 76 1 -1.76288 1
17 77 1 2.29593 1
17 78 1 -2.96098 1
17 79 1 -4.11263 1
17 80 1 4.86139 1
17 81 1 2.38556 1
17 82 1 1.02152 1
17 83 1 -1.75943 1
17 84 1 0.0893343 1
17 85 1 3.40676 1
17 86 1 -0.817944 1
17 87 1 -2.89157 1
17 88 1 -7.15639 1
17 89 1 1.2877 1
17 90 1 -3.59171 1
17 91 1 4.40169 1
17 92 1 0.904606 1
17 93 1 2.12065 1
17 94 1 2.11175 1
17 95 1 1.15228 1
17 146 1 3.10454 1
146 72 1 -4.85473 0
146 30 1 -0.418409 1
146 177 1 -0.227154 1
177 72 1 -4.06104 1
18 64 1 0.807694 1
18 65 1 -3.67858 1
18 66 1 1.90957 1
18 67 1 2.81439 1
18 68 1 -4.11626 1
18 69 1 -0.982871 0
18 70 1 4.1632 1
18 71 1 -0.791452 1
18 72 1 0.166422 1
18 73 1 0.140468 1
18 74 1 2.91504 1
18 75 1 -3.63069 1
18 76 1 2.15839 1
18 77 1 -0.863686 1
18 78 1 1.67564 1
18 79 1 3.41404 1
18 80 1 -7.21721 1
18 81 1 4.25784 1
18 82 1 -4.48518 1
18 83 1 2.17695 1
18 84 1 -5.69684 1
18 85 1 3.53 1
18 86 1 5.98152 1
18 87 1 -4.74889 1
18 88 1 1.91894 1
18 89 1 -2.84409 1
18 90 1 -0.646517 1
18 91 1 -0.599841 1
18 92 1 -4.53821 1
18 93 1 3.13274 1
18 94 1 -0.0738804 1
18 95 1 0.708655 1
18 25 1 -2.76249 1
18 18 1 -1.16312 1
18 139 1 1.75414 1
18 182 1 0.719452 1
182 69 1 -0.95801 1
19 64 1 5.86363 1
19 65 1 -0.843079 1
19 66 1 6.68169 1
19 67 1 -1.55644 1
19 68 1 -1.91899 1
19 69 1 2.13836 1
19 70 1 -0.372069 1
19 71 1 1.4155 1
19 72 1 3.24384 1
19 73 1 0.556844 1
19 74 1 0.967477 1
19 75 1 -0.240346 1
19 76 1 -6.05641 1
19 77 1 0.661171 1
19 78 1 0.440285 1
19 79 1 5.49835 1
19 80 1 -0.929583 1
19 81 1 -2.8569 1
19 82 1 -0.251862 1
19 83 1 -2.49722 1
19 84 1 2.079 1
19 85 1 3.34901 1
19 86 1 -1.97806 1
19 87 1 2.91789 1
19 88 1 0.598517 1
19 89 1 6.06164 1
19 90 1 -0.101188 1
19 91 1 -1.47174 1
19 92 1 -0.695694 1
19 93 1 -3.94151 1
19 94 1 -1.20774 1
19 95 1 -7.59152 1
20 64 1 1.48763 1
20 65 1 -0.641925 1
20 66 1 -2.19872 1
20 67 1 -1.87724 1
20 68 1 0.602751 1
20 69 1 -0.626552 1
20 70 1 -4.79745 1
20 71 1 5.15871 1
20 72 1 -1.16051 1
20 73 1 3.34313 1
20 74 1 3.84218 1
20 75 1 3.59709 1
20 76 1 -0.38997 1
20 77 1 -3.43124 1
20 78 1 3.0929 1
20 79 1 1.32374 1
20 80 1 0.878133 1
20 81 1 1.03015 1
20 82 1 4.48811 1
20 83 1 0.630127 1
20 84 1 4.41019 1
20 85 1 -2.83074 1
20 86 1 -0.735429 1
20 87 1 1.01879 1
20 88 1 2.44186 1
20 89 1 0.656853 1
20 90 1 0.818992 1
20 91 1 1.50641 0
20 92 1 3.76755 1
20 93 1 2.66496 0
20 94 1 2.29017 0
20 95 1 1.71947 1
20 96 1 -2.07294 1
20 98 1 2.18625 1
20 103 1 1.93432 1
20 109 1 0.0332673 1
103 91 1 1.92391 0
103 105 1 2.76735 1
103 112 1 -1.21882 0
103 123 1 -1.79489 1
103 140 1 -2.4063 1
140 112 1 1.34482 1
140 102 1 0.268533 1
123 91 1 -0.670603 1
123 113 1 -0.774194 0
123 136 1 2.11348 1
123 137 1 0.368696 1
136 113 1 -1.30478 1
136 6 1 -2.09209 1
105 91 1 3.67433 0
105 129 1 0.426779 1
129 91 1 1.23351 0
129 135 1 4.98008 1
129 116 1 -0.80215 1
135 91 1 -1.00333 1
98 93 1 2.51776 1
98 99 1 6.67935 1
98 15 1 1.61044 1
96 94 1 1.40602 1
96 20 1 -0.621503 0
96 155 1 2.0427 1
96 25 1 1.74109 1
155 20 1 -1.49295 0
155 30 1 1.56535 1
155 176 1 -0.093717 1
176 20 1 -1.34248 1
21 64 1 3.52455 1
21 65 1 5.6729 1
21 66 1 -5.29411 1
21 67 1 -3.86916 1
21 68 1 -0.019815 1
21 69 1 0.529458 1
21 70 1 0.700388 1
21 71 1 -7.51208 1
21 72 1 -8.25141 1
21 73 1 -2.39049 1
21 74 1 -3.32835 1
21 75 1 2.32823 1
21 76 1 -3.17677 1
21 77 1 -2.90652 1
21 78 1 -0.69469 1
21 79 1 -2.93136 1
21 80 1 0.033611 1
21 81 1 -2.21194 1
21 82 1 0.702845 1
21 83 1 -3.00055 1
21 84 1 8.07037 1
21 85 1 0.934802 1
21 86 1 2.41985 1
21 87 1 -0.467304 1
21 88 1 4.26168 1
21 89 1 0.567036 1
21 90 1 -0.748754 1
21 91 1 1.40845 0
21 92 1 3.0267 1
21 93 1 2.04968 1
21 94 1 -2.46814 1
21 95 1 -0.00157162 1
21 143 1 5.80645 1
143 91 1 -1.72197 1
22 64 1 0.873863 1
22 65 1 -0.178241 1
22 66 1 1.46755 1
22 67 1 5.0268 1
22 68 1 1.39218 1
22 69 1 -2.12021 1
22 70 1 -1.50307 1
22 71 1 0.0822539 1
22 72 1 -4.79252 1
22 73 1 0.788035 1
22 74 1 -5.53171 1
22 75 1 -0.53236 1
22 76 1 0.257453 1
22 77 1 -1.10754 1
22 78 1 3.22892 1
22 79 1 5.98571 1
22 80 1 1.33826 1
22 81 1 -4.23435 1
22 82 1 2.04948 1
22 83 1 -1.05531 1
22 84 1 -1.71136 1
22 85 1 2.6772 1
22 86 1 -0.0822641 1
22 87 1 5.4464 1
22 88 1 -3.8843 1
22 89 1 -0.80963 1
22 90 1 0.194917 1
22 91 1 0.982945 1
22 92 1 0.928265 1
22 93 1 3.34653 1
22 94 1 6.88454 1
22 95 1 0.778537 1
23 64 1 -1.38041 1
23 65 1 2.197 1
23 66 1 3.93076 1
23 67 1 3.65626 1
23 68 1 -3.38013 1
23 69 1 2.87988 1
23 70 1 3.18372 1
23 71 1 -4.13812 1
23 72 1 -0.742768 1
23 73 1 -1.41028 1
23 74 1 3.73802 1
23 75 1 2.02105 1
23 76 1 2.29099 1
23 77 1 1.89277 1
23 78 1 0.783744 0
23 79 1 -5.85329 1
23 80 1 2.28464 1
23 81 1 1.94646 1
23 82 1 -4.30806 1
23 83 1 -0.642378 1
23 84 1 1.9096 1
23 85 1 -2.84348 1
23 86 1 -12.1024 1
23 87 1 -0.588322 1
23 88 1 0.800665 1
23 89 1 -4.07413 1
23 90 1 -6.91392 1
23 91 1 -2.22427 1
23 92 1 3.59485 1
23 93 1 3.76608 1
23 94 1 -3.27092 1
23 95 1 0.128226 1
23 107 1 0.279647 1
23 27 1 0.809947 1
23 178 1 0.870074 1
178 78 1 0.68973 1
24 64 1 -2.66303 1
24 65 1 2.82477 1
24 66 1 -0.673658 1
24 67 1 7.01358 1
24 68 1 -4.49941 1
24 69 1 3.03029 0
24 70 1 1.7311 1
24 71 1 5.86116 1
24 72 1 2.10711 1
24 73 1 1.20748 1
24 74 1 0.126826 1
24 75 1 0.820214 1
24 76 1 -4.95655 1
24 77 1 -1.24242 1
24 78 1 -6.91199 1
24 79 1 0.90427 1
24 80 1 5.52445 1
24 81 1 4.5955 1
24 82 1 -2.07721 1
24 83 1 -1.78962 1
24 84 1 -4.61594 1
24 85 1 0.422305 1
24 86 1 -3.91665 1
24 87 1 3.30035 1
24 88 1 0.399404 1
24 89 1 9.43986 1
24 90 1 4.75252 1
24 91 1 -2.14999 1
24 92 1 0.6821 1
24 93 1 -0.540279 1
24 94 1 -0.171174 1
24 95 1 -5.40342 1
24 5 1 1.82052 1
24 168 1 -0.702114 1
168 69 1 4.42789 1
168 172 1 1.10136 1
25 64 1 -3.4244 1
25 65 1 1.28539 1
25 66 1 -1.4156 1
25 67 1 -3.19713 1
25 68 1 1.24983 1
25 69 1 -6.62497 1
25 70 1 -0.311466 0
25 71 1 -3.53192 1
25 72 1 2.01838 1
25 73 1 2.1977 1
25 74 1 2.47163 1
25 75 1 -3.18493 1
25 76 1 -0.452679 1
25 77 1 -1.65 1
25 78 1 3.53503 1
25 79 1 0.772846 1
25 80 1 -0.22648 1
25 81 1 -0.628763 1
25 82 1 -1.76373 1
25 83 1 0.949225 1
25 84 1 -0.570862 1
25 85 1 -1.71726 1
25 86 1 4.7706 1
25 87 1 -0.106313 1
25 88 1 -1.74239 1
25 89 1 -2.34457 1
25 90 1 -3.54546 1
25 91 1 4.08143 1
25 92 1 3.65192 1
25 93 1 -1.5193 1
25 94 1 -2.62572 0
25 95 1 -3.33827 1
25 8 1 1.1526 1
25 6 1 -0.856579 1
25 121 1 1.116 1
25 175 1 0.973634 1
175 94 1 -3.74787 1
121 70 1 6.4048 1
26 64 1 -2.23266 1
26 65 1 2.18586 1
26 66 1 -1.62061 1
26 67 1 2.17959 1
26 68 1 -1.23163 1
26 69 1 0.261958 1
26 70 1 -0.564529 1
26 71 1 1.12512 1
26 72 1 -3.13686 1
26 73 1 0.703311 1
26 74 1 -9.08786 1
26 75 1 3.14383 1
26 76 1 2.10521 1
26 77 1 -5.08931 1
26 78 1 0.906582 1
26 79 1 0.289791 1
26 80 1 -3.32117 1
26 81 1 4.55687 1
26 82 1 2.98258 1
26 83 1 1.49292 1
26 84 1 -5.46102 1
26 85 1 -0.197282 1
26 86 1 -5.05498 1
26 87 1 2.06975 1
26 88 1 -4.90062 1
26 89 1 2.60225 1
26 90 1 -3.1151 1
26 91 1 -2.79674 1
26 92 1 -0.366398 1
26 93 1 -1.80074 1
26 94 1 1.29843 1
26 95 1 -0.0957371 1
26 23 1 4.9123 1
26 15 1 1.81272 1
26 161 1 0.0590391 1
27 64 1 -1.72662 1
27 65 1 6.6522 1
27 66 1 2.97861 1
27 67 1 -0.381136 1
27 68 1 3.32607 1
27 69 1 1.98484 1
27 70 1 5.14076 1
27 71 1 -6.2596 1
27 72 1 0.57888 1
27 73 1 2.80021 1
27 74 1 -3.57075 1
27 75 1 3.0272 1
27 76 1 -1.90049 1
27 77 1 1.79614 1
27 78 1 2.36556 1
27 79 1 1.01038 1
27 80 1 -0.707364 1
27 81 1 -2.74423 1
27 82 1 2.14006 1
27 83 1 -0.673844 1
27 84 1 3.20289 1
27 85 1 -1.76339 1
27 86 1 -4.15481 1
27 87 1 -1.91505 1
27 88 1 -8.56793 1
27 89 1 -4.90172 1
27 90 1 6.82025 1
27 91 1 -2.4706 1
27 92 1 -0.104431 1
27 93 1 0.255336 1
27 94 1 0.37196 0
27 95 1 -0.835496 1
27 9 1 3.96298 1
27 5 1 1.09443 1
27 186 1 0.955403 1
186 94 1 0.0388336 1
28 64 1 2.58208 1
28 65 1 0.213372 1
28 66 1 -0.512508 1
28 67 1 5.0504 1
28 68 1 5.2202 1
28 69 1 1.40929 1
28 70 1 -2.08182 1
28 71 1 1.85945 1
28 72 1 -7.60391 1
28 73 1 0.282116 1
28 74 1 -2.52321 1
28 75 1 2.05956 1
28 76 1 0.565989 1
28 77 1 2.17074 1
28 78 1 -3.66203 1
28 79 1 2.05699 1
28 80 1 1.71729 1
28 81 1 -0.758073 1
28 82 1 4.77197 1
28 83 1 1.16872 1
28 84 1 4.34957 1
28 85 1 -4.77894 1
28 86 1 -2.13032 1
28 87 1 1.65647 1
28 88 1 -5.21374 1
28 89 1 0.829404 1
28 90 1 -1.96803 1
28 91 1 1.72641 1
28 92 1 5.85391 1
28 93 1 -1.70582 1
28 94 1 6.88089 1
28 95 1 -1.77197 1
29 64 1 -0.320139 1
29 65 1 2.20796 1
29 66 1 -1.76663 1
29 67 1 3.96198 1
29 68 1 -8.37188 1
29 69 1 2.52516 1
29 70 1 -3.40687 1
29 71 1 -1.58694 1
29 72 1 1.56235 1
29 73 1 0.513583 1
29 74 1 -2.77715 1
29 75 1 -0.227279 1
29 76 1 -1.08629 1
29 77 1 1.32877 1
29 78 1 -5.55681 1
29 79 1 -2.9941 1
29 80 1 1.98184 1
29 81 1 2.46391 1
29 82 1 1.41959 1
29 83 1 0.876577 1
29 84 1 -0.945251 1
29 85 1 -1.53458 1
29 86 1 -3.60308 1
29 87 1 -3.04449 1
29 88 1 -1.87401 1
29 89 1 -1.33625 1
29 90 1 0.0492517 1
29 91 1 1.42356 1
29 92 1 1.03098 1
29 93 1 -0.356538 1
29 94 1 -1.52741 1
29 95 1 1.87198 1
29 113 1 1.27157 1
30 64 1 -1.76106 1
30 65 1 6.3578 1
30 66 1 4.48752 1
30 67 1 -1.84123 1
30 68 1 1.15281 1
30 69 1 0.701644 1
30 70 1 5.19949 1
30 71 1 -0.417266 1
30 72 1 -2.05739 1
30 73 1 4.09505 1
30 74 1 -1.27812 1
30 75 1 1.68669 1
30 76 1 3.09006 1
30 77 1 -1.33313 1
30 78 1 5.11826 1
30 79 1 4.60527 1
30 80 1 -3.11247 1
30 81 1 -0.560184 1
30 82 1 6.81658 1
30 83 1 2.62981 1
30 84 1 1.98805 1
30 85 1 -1.94409 1
30 86 1 -1.87397 1
30 87 1 -3.5173 1
30 88 1 0.838601 1
30 89 1 -2.19731 1
30 90 1 -1.30707 1
30 91 1 4.1631 1
30 92 1 -0.344378 1
30 93 1 1.28538 1
30 94 1 2.45957 1
30 95 1 -3.44046 1
30 28 1 0.655472 1
31 64 1 1.91855 1
31 65 1 -3.9953 1
31 66 1 -4.54067 1
31 67 1 8.89294 1
31 68 1 5.18058 1
31 69 1 1.11006 1
31 70 1 -0.492181 1
31 71 1 2.39921 1
31 72 1 -3.18524 1
31 73 1 0.729386 1
31 74 1 3.39681 1
31 75 1 -0.581946 1
31 76 1 -3.83992 1
31 77 1 -0.381581 1
31 78 1 -4.23553 1
31 79 1 -0.0873453 1
31 80 1 -0.640239 1
31 81 1 -1.04766 1
31 82 1 0.117769 1
31 83 1 -1.41968 1
31 84 1 -3.71191 1
31 85 1 -3.84383 1
31 86 1 0.749638 1
31 87 1 -4.39789 0
31 88 1 1.70404 1
31 89 1 -1.97573 1
31 90 1 -0.338476 1
31 91 1 -3.56559 1
31 92 1 0.801429 1
31 93 1 -0.75152 1
31 94 1 2.52812 1
31 95 1 -1.00384 1
31 122 1 1.60959 1
31 10 1 -0.766491 1
31 117 1 -1.78357 1
122 87 1 -0.683191 1
32 64 1 6.24154 1
32 65 1 1.71531 1
32 66 1 -4.42948 1
32 67 1 1.69689 1
32 68 1 0.424413 1
32 69 1 4.77336 1
32 70 1 -0.187204 1
32 71 1 3.82311 1
32 72 1 -1.60787 1
32 73 1 1.49906 1
32 74 1 -0.340671 1
32 75 1 6.32349 1
32 76 1 1.04818 1
32 77 1 3.48016 1
32 78 1 0.489667 1
32 79 1 -0.71776 1
32 80 1 -0.811661 1
32 81 1 -0.9187 1
32 82 1 -3.21397 1
32 83 1 -3.44542 1
32 84 1 1.53035 1
32 85 1 -2.9053 1
32 86 1 -0.17721 1
32 87 1 -1.64862 1
32 88 1 -0.418137 1
32 89 1 0.635189 1
32 90 1 2.31672 1
32 91 1 -4.11619 1
32 92 1 4.65133 1
32 93 1 1.79991 1
32 94 1 -2.08559 1
32 95 1 -0.241971 1
33 64 1 1.13595 1
33 65 1 -3.61521 1
33 66 1 -2.01083 1
33 67 1 -1.56668 1
33 68 1 -1.05924 1
33 69 1 -3.93616 1
33 70 1 3.74023 1
33 71 1 4.76785 1
33 72 1 3.47526 1
33 73 1 3.40144 1
33 74 1 1.12595 1
33 75 1 -7.09429 1
33 76 1 -5.07889 1
33 77 1 2.6091 1
33 78 1 -1.42716 1
33 79 1 -5.25852 1
33 80 1 1.38103 1
33 81 1 -3.96221 1
33 82 1 -2.44331 1
33 83 1 0.865703 1
33 84 1 -0.649305 1
33 85 1 0.578672 1
33 86 1 4.3666 1
33 87 1 2.50613 1
33 88 1 2.82633 1
33 89 1 5.46644 1
33 90 1 -2.91254 1
33 91 1 -2.44511 1
33 92 1 1.87805 1
33 93 1 2.97721 1
33 94 1 3.98332 1
33 95 1 0.951335 1
33 20 1 -0.132938 1
33 107 1 -0.545221 1
33 13 1 0.978165 1
33 113 1 -2.42841 1
34 64 1 -0.541132 1
34 65 1 -2.09764 1
34 66 1 3.67268 1
34 67 1 0.44249 1
34 68 1 -1.61393 1
34 69 1 -2.48321 1
34 70 1 -1.9572 1
34 71 1 -3.39205 1
34 72 1 -3.72593 1
34 73 1 -4.16847 1
34 74 1 4.56403 1
34 75 1 6.57357 1
34 76 1 -3.58365 1
34 77 1 -0.697787 1
34 78 1 -1.07794 1
34 79 1 1.03679 1
34 80 1 3.90677 1
34 81 1 -2.13653 1
34 82 1 2.12035 1
34 83 1 1.58415 1
34 84 1 -0.107875 1
34 85 1 -2.23387 1
34 86 1 -1.0198 1
34 87 1 -1.47293 1
34 88 1 -0.339389 1
34 89 1 -0.310131 1
34 90 1 -6.49327 1
34 91 1 4.05567 1
34 92 1 3.62191 1
34 93 1 -3.07696 1
34 94 1 4.40456 1
34 95 1 2.34015 1
34 113 1 -2.25737 1
35 64 1 1.60088 1
35 65 1 -3.09578 1
35 66 1 -1.9922 1
35 67 1 5.50087 1
35 68 1 1.98303 1
35 69 1 1.73422 1
35 70 1 3.17833 1
35 71 1 1.98746 1
35 72 1 0.467475 1
35 73 1 6.82706 1
35 74 1 0.975782 1
35 75 1 -3.00915 1
35 76 1 -4.24281 1
35 77 1 1.79135 1
35 78 1 -0.0939561 1
35 79 1 3.6564 1
35 80 1 -5.83275 1
35 81 1 -1.10385 1
35 82 1 4.63791 0
35 83 1 -2.7328 1
35 84 1 6.56917 1
35 85 1 -3.3764 1
35 86 1 -1.02582 1
35 87 1 -4.39556 1
35 88 1 -0.0274957 1
35 89 1 2.55917 0
35 90 1 -2.18704 1
35 91 1 0.253616 1
35 92 1 -3.22781 1
35 93 1 -6.67755 1
35 94 1 0.618859 1
35 95 1 0.178028 1
35 130 1 1.44284 1
35 133 1 6.8003 1
133 82 1 1.06465 1
130 89 1 -0.671034 1
130 109 1 0.435855 1
36 64 1 2.86383 1
36 65 1 3.60517 1
36 66 1 2.87698 1
36 67 1 0.188635 1
36 68 1 -6.17857 1
36 69 1 -1.60908 1
36 70 1 -3.3158 1
36 71 1 1.64843 1
36 72 1 -2.55489 1
36 73 1 -0.090018 1
36 74 1 -0.971377 1
36 75 1 -0.0301188 1
36 76 1 1.75422 1
36 77 1 -5.0819 1
36 78 1 1.02045 1
36 79 1 4.61482 1
36 80 1 3.93389 1
36 81 1 -1.96147 1
36 82 1 0.398461 0
36 83 1 0.742333 1
36 84 1 3.98243 1
36 85 1 -2.22896 1
36 86 1 0.45177 1
36 87 1 0.889607 1
36 88 1 -2.67571 1
36 89 1 -0.0982701 1
36 90 1 -3.8349 1
36 91 1 0.660457 1
36 92 1 4.38398 1
36 93 1 1.20699 1
36 94 1 -2.72637 1
36 95 1 6.97169 1
36 109 1 0.778976 0
36 24 1 -1.90805 1
36 117 1 1.83303 1
117 109 1 2.34531 1
117 4 1 0.364892 1
109 82 1 -0.410264 1
109 31 1 1.13585 1
37 64 1 -6.14429 1
37 65 1 1.65003 1
37 66 1 -3.8731 1
37 67 1 0.744171 1
37 68 1 -5.05084 1
37 69 1 2.6348 1
37 70 1 -6.66071 1
37 71 1 -1.46159 1
37 72 1 1.41512 1
37 73 1 0.46793 1
37 74 1 0.303118 1
37 75 1 0.768298 1
37 76 1 3.33591 0
37 77 1 1.37958 1
37 78 1 -1.17805 1
37 79 1 1.21636 1
37 80 1 1.71188 1
37 81 1 2.86672 1
37 82 1 2.02847 1
37 83 1 4.70619 1
37 84 1 -4.4025 1
37 85 1 4.80669 1
37 86 1 -1.61697 1
37 87 1 -1.13108 1
37 88 1 -1.54977 1
37 89 1 -3.08734 1
37 90 1 -4.14071 1
37 91 1 0.756829 1
37 92 1 3.72053 1
37 93 1 0.980434 1
37 94 1 -2.2792 1
37 95 1 1.01331 1
37 142 1 0.665691 1
37 160 1 -0.995741 1
142 76 1 -0.785633 1
142 147 1 0.947199 1
142 6 1 0.658695 1
38 64 1 0.812893 1
38 65 1 -2.04385 1
38 66 1 -1.15924 1
38 67 1 -4.05859 1
38 68 1 -1.90597 1
38 69 1 -5.56722 1
38 70 1 -0.30452 1
38 71 1 -0.49115 1
38 72 1 1.69421 1
38 73 1 1.76211 1
38 74 1 -0.857406 1
38 75 1 5.97269 1
38 76 1 1.83087 1
38 77 1 -2.49578 1
38 78 1 -0.487677 1
38 79 1 -0.0410842 1
38 80 1 -0.418031 1
38 81 1 -2.74353 1
38 82 1 3.52342 1
38 83 1 -0.671953 1
38 84 1 -1.41644 1
38 85 1 -2.57779 1
38 86 1 0.0510979 1
38 87 1 1.67301 0
38 88 1 4.21381 1
38 89 1 4.99058 1
38 90 1 -1.04358 1
38 91 1 3.34398 1
38 92 1 3.16143 0
38 93 1 0.577535 1
38 94 1 1.07588 1
38 95 1 -2.42975 1
38 148 1 3.02894 1
38 162 1 0.370344 1
162 87 1 1.31388 0
162 185 1 1.32904 1
185 87 1 0.648774 1
148 92 1 2.78857 1
39 64 1 1.36215 1
39 65 1 -1.66325 1
39 66 1 0.651123 1
39 67 1 -1.65979 1
39 68 1 -0.182983 1
39 69 1 -0.14517 1
39 70 1 1.05592 1
39 71 1 -1.68086 1
39 72 1 -3.50483 1
39 73 1 -4.10429 1
39 74 1 0.0933829 1
39 75 1 3.83116 0
39 76 1 4.26194 0
39 77 1 0.0535084 1
39 78 1 -4.38205 1
39 79 1 -5.02827 1
39 80 1 -2.13498 1
39 81 1 -1.74253 1
39 82 1 -4.26714 1
39 83 1 -3.10394 1
39 84 1 -3.32994 1
39 85 1 0.200145 1
39 86 1 1.52953 1
39 87 1 1.56985 1
39 88 1 -1.55293 1
39 89 1 0.29378 1
39 90 1 4.58324 1
39 91 1 0.859491 1
39 92 1 7.37513 1
39 93 1 0.91729 1
39 94 1 -6.08175 1
39 95 1 -1.55018 1
39 2 1 -2.06122 1
39 112 1 2.66262 1
39 13 1 -0.524207 1
39 104 1 -0.664702 1
39 172 1 2.25096 1
172 76 1 4.59449 1
172 28 1 1.02048 1
112 75 1 -1.64183 1
112 138 1 -1.52165 1
112 153 1 1.33591 0
112 170 1 0.178647 1
112 113 1 0.891753 1
170 153 1 -3.64365 1
170 126 1 2.24679 1
40 64 1 -5.15438 1
40 65 1 -0.380366 1
40 66 1 3.08073 1
40 67 1 1.9976 1
40 68 1 1.42071 1
40 69 1 4.12059 1
40 70 1 -0.56386 1
40 71 1 0.667251 1
40 72 1 0.4922 1
40 73 1 1.72459 1
40 74 1 -0.0441024 1
40 75 1 2.05558 1
40 76 1 -2.56938 1
40 77 1 3.90298 1
40 78 1 2.55667 1
40 79 1 -1.56332 1
40 80 1 2.47804 1
40 81 1 1.30214 1
40 82 1 0.521947 1
40 83 1 -2.6349 1
40 84 1 -3.8917 1
40 85 1 -0.399627 1
40 86 1 1.78485 1
40 87 1 -0.346711 1
40 88 1 1.99828 1
40 89 1 -1.09478 1
40 90 1 -1.06454 1
40 91 1 -1.35949 1
40 92 1 -2.71617 1
40 93 1 1.19705 1
40 94 1 0.777382 1
40 95 1 3.31823 1
40 2 1 1.06126 1
40 134 1 2.51099 1
41 64 1 2.83637 1
41 65 1 -1.01747 1
41 66 1 -0.101766 1
41 67 1 0.523067 1
41 68 1 2.04765 1
41 69 1 -0.706592 1
41 70 1 2.02584 1
41 71 1 0.420433 1
41 72 1 4.69295 1
41 73 1 -5.83035 1
41 74 1 0.38958 1
41 75 1 3.23904 1
41 76 1 -5.9342 1
41 77 1 1.12854 1
41 78 1 -5.31314 1
41 79 1 1.55732 1
41 80 1 2.92685 1
41 81 1 4.39525 1
41 82 1 -2.40196 1
41 83 1 3.02122 1
41 84 1 -3.03169 1
41 85 1 0.231485 1
41 86 1 0.253445 1
41 87 1 1.20321 1
41 88 1 2.63318 1
41 89 1 -0.523025 1
41 90 1 -0.586366 1
41 91 1 1.40066 1
41 92 1 0.28825 1
41 93 1 -0.295832 1
41 94 1 -2.90342 1
41 95 1 0.865063 1
41 11 1 0.383883 1
41 29 1 -3.69547 1
41 97 1 -1.67393 1
42 64 1 2.59962 1
42 65 1 0.0355208 1
42 66 1 -1.43655 1
42 67 1 2.39942 1
42 68 1 -3.03784 1
42 69 1 -1.71658 1
42 70 1 0.50547 1
42 71 1 0.828906 1
42 72 1 -2.11933 1
42 73 1 -1.38216 1
42 74 1 3.59184 1
42 75 1 -2.45971 1
42 76 1 -4.50522 1
42 77 1 -2.7329 1
42 78 1 0.0111117 1
42 79 1 2.46057 1
42 80 1 -0.487157 1
42 81 1 3.41825 1
42 82 1 3.3091 1
42 83 1 2.856 1
42 84 1 0.217201 1
42 85 1 -0.766586 1
42 86 1 2.218 1
42 87 1 -3.20104 1
42 88 1 -3.25689 1
42 89 1 -1.73215 1
42 90 1 2.48092 1
42 91 1 1.93325 1
42 92 1 1.86075 1
42 93 1 1.84895 1
42 94 1 -3.27875 1
42 95 1 -1.09596 1
43 64 1 2.27633 1
43 65 1 -2.5909 1
43 66 1 4.37041 1
43 67 1 0.63799 1
43 68 1 1.14548 1
43 69 1 -3.71515 1
43 70 1 0.491176 1
43 71 1 -4.96251 1
43 72 1 0.755315 1
43 73 1 -8.80067 1
43 74 1 2.70614 1
43 75 1 -4.86871 1
43 76 1 -2.17257 1
43 77 1 1.7319 1
43 78 1 0.908238 1
43 79 1 -4.50151 1
43 80 1 -0.712661 1
43 81 1 2.88462 1
43 82 1 1.86986 1
43 83 1 -2.70066 1
43 84 1 -1.73549 1
43 85 1 2.73661 1
43 86 1 3.77093 1
43 87 1 5.62247 1
43 88 1 2.84936 1
43 89 1 2.90815 1
43 90 1 -0.493047 1
43 91 1 -3.66267 1
43 92 1 3.10768 1
43 93 1 1.66564 1
43 94 1 -0.161532 1
43 95 1 2.40746 1
44 64 1 -0.753282 1
44 65 1 -5.58339 1
44 66 1 -1.32067 1
44 67 1 -2.46576 1
44 68 1 0.331627 1
44 69 1 -4.53558 1
44 70 1 3.38336 1
44 71 1 3.2662 1
44 72 1 -2.90103 1
44 73 1 2.00377 1
44 74 1 -2.25114 1
44 75 1 -3.60923 1
44 76 1 -1.68937 1
44 77 1 2.58622 1
44 78 1 3.11849 1
44 79 1 1.11224 1
44 80 1 6.28657 1
44 81 1 -2.82174 1
44 82 1 2.36565 1
44 83 1 -0.999661 1
44 84 1 1.56865 1
44 85 1 -0.62196 1
44 86 1 4.92772 1
44 87 1 -0.209002 1
44 88 1 1.51639 1
44 89 1 0.356543 1
44 90 1 3.67855 1
44 91 1 3.2892 1
44 92 1 -2.29618 1
44 93 1 2.96546 1
44 94 1 -2.98881 1
44 95 1 -3.95907 1
44 8 1 -1.32891 1
44 29 1 0.588679 1
45 64 1 -1.86167 1
45 65 1 -0.197548 1
45 66 1 -0.613551 1
45 67 1 3.2249 1
45 68 1 -0.344657 1
45 69 1 -5.00549 1
45 70 1 -3.70079 1
45 71 1 0.279673 1
45 72 1 -4.89983 1
45 73 1 1.86541 1
45 74 1 3.77132 1
45 75 1 3.9837 1
45 76 1 -2.40396 1
45 77 1 -1.34022 1
45 78 1 -1.2379 1
45 79 1 3.36894 1
45 80 1 -2.32598 1
45 81 1 1.83894 1
45 82 1 1.06396 1
45 83 1 -3.34826 1
45 84 1 1.27678 1
45 85 1 -3.53645 1
45 86 1 3.03574 1
45 87 1 0.447509 1
45 88 1 5.30737 1
45 89 1 -2.34987 1
45 90 1 -0.166911 1
45 91 1 3.55094 1
45 92 1 -1.22599 1
45 93 1 -7.22558 1
45 94 1 1.7625 1
45 95 1 -5.02475 1
45 9 1 4.76261 1
45 20 1 0.792543 1
45 17 1 -0.740568 1
46 64 1 1.81505 1
46 65 1 1.32212 1
46 66 1 2.71689 1
46 67 1 3.27994 1
46 68 1 -6.75973 1
46 69 1 -0.48776 1
46 70 1 3.15911 1
46 71 1 -1.34339 1
46 72 1 3.16512 1
46 73 1 -4.18062 1
46 74 1 -2.20014 1
46 75 1 -2.54025 1
46 76 1 -6.37649 1
46 77 1 4.08451 1
46 78 1 0.138415 1
46 79 1 -0.369729 1
46 80 1 2.64509 1
46 81 1 1.74106 1
46 82 1 -0.351779 1
46 83 1 2.677 1
46 84 1 -1.50676 1
46 85 1 3.4334 1
46 86 1 -2.75856 1
46 87 1 7.60631 1
46 88 1 0.270691 1
46 89 1 -5.60242 1
46 90 1 -4.2577 1
46 91 1 1.22716 1
46 92 1 -2.22659 1
46 93 1 -1.59163 1
46 94 1 1.1664 1
46 95 1 0.433623 1
46 24 1 1.82609 1
47 64 1 -0.096353 1
47 65 1 0.367179 1
47 66 1 -1.06028 1
47 67 1 2.92617 1
47 68 1 -0.562495 1
47 69 1 2.52829 1
47 70 1 -1.96701 1
47 71 1 1.28386 1
47 72 1 -0.0548747 1
47 73 1 5.12418 0
47 74 1 -1.50204 1
47 75 1 -1.41287 1
47 76 1 -3.64702 1
47 77 1 -7.23076 1
47 78 1 -2.98767 1
47 79 1 -1.5871 1
47 80 1 5.89321 1
47 81 1 -4.10539 1
47 82 1 3.18479 1
47 83 1 0.26324 1
47 84 1 -3.44347 1
47 85 1 -1.05128 1
47 86 1 -3.34069 1
47 87 1 5.84556 1
47 88 1 5.3895 1
47 89 1 1.58593 1
47 90 1 6.65722 1
47 91 1 1.34154 1
47 92 1 2.47638 1
47 93 1 2.43381 1
47 94 1 2.39031 1
47 95 1 -1.04467 1
47 4 1 0.13732 1
47 137 1 3.36054 1
137 73 1 3.04592 0
137 156 1 -1.39214 1
156 73 1 4.13876 1
156 15 1 -0.0610516 1
156 104 1 1.86033 1
48 64 1 -0.374612 1
48 65 1 -1.72537 1
48 66 1 4.00092 1
48 67 1 -3.16852 1
48 68 1 -4.24162 1
48 69 1 -4.31306 1
48 70 1 0.932898 1
48 71 1 0.57003 1
48 72 1 -7.31052 1
48 73 1 3.82391 1
48 74 1 6.51861 1
48 75 1 -5.05167 1
48 76 1 -2.78527 1
48 77 1 -2.13451 1
48 78 1 -2.03891 1
48 79 1 2.34375 1
48 80 1 -0.871396 1
48 81 1 -3.45224 1
48 82 1 -2.14307 1
48 83 1 0.406143 1
48 84 1 0.715924 1
48 85 1 -0.199074 1
48 86 1 -1.41873 1
48 87 1 1.07783 1
48 88 1 -0.165849 1
48 89 1 -1.84399 1
48 90 1 2.11175 1
48 91 1 -0.541601 1
48 92 1 -6.39377 1
48 93 1 1.39479 1
48 94 1 6.8716 1
48 95 1 4.09825 1
48 16 1 0.943842 1
48 12 1 -0.0327085 1
48 14 1 -2.10031 1
48 30 1 1.34181 1
49 64 1 -0.269222 1
49 65 1 -5.72064 1
49 66 1 1.98575 1
49 67 1 -0.79377 1
49 68 1 -4.67603 1
49 69 1 0.617047 1
49 70 1 0.300185 1
49 71 1 -1.95565 1
49 72 1 -2.48847 1
49 73 1 0.354401 1
49 74 1 2.93669 1
49 75 1 1.16338 1
49 76 1 -5.89911 1
49 77 1 -4.74377 1
49 78 1 -1.48539 0
49 79 1 2.51775 1
49 80 1 5.91675 1
49 81 1 -2.39715 1
49 82 1 1.32932 1
49 83 1 0.604948 1
49 84 1 0.594376 1
49 85 1 -1.73795 1
49 86 1 -2.84121 1
49 87 1 -3.32084 1
49 88 1 2.36128 1
49 89 1 2.6771 1
49 90 1 -2.90135 1
49 91 1 2.7038 1
49 92 1 0.787626 1
49 93 1 3.18715 1
49 94 1 2.51166 1
49 95 1 2.51845 1
49 19 1 0.00717688 1
49 31 1 -1.13717 1
49 15 1 -3.67293 1
49 158 1 -0.0459158 1
49 26 1 0.708606 1
49 144 1 -3.56671 1
158 78 1 -2.0729 1
50 64 1 -3.82455 1
50 65 1 -3.23848 1
50 66 1 1.3272 1
50 67 1 0.0549414 1
50 68 1 2.81565 1
50 69 1 -2.01126 1
50 70 1 1.66007 1
50 71 1 5.78843 1
50 72 1 -3.72991 1
50 73 1 3.45019 1
50 74 1 0.198746 1
50 75 1 3.01012 1
50 76 1 -2.0761 1
50 77 1 -2.8717 1
50 78 1 1.35311 1
50 79 1 -2.12296 1
50 80 1 1.12845 1
50 81 1 2.22536 1
50 82 1 -2.85902 1
50 83 1 5.53353 1
50 84 1 0.931258 1
50 85 1 4.83192 1
50 86 1 4.9438 1
50 87 1 -1.80191 1
50 88 1 -1.23019 1
50 89 1 -0.140114 1
50 90 1 -0.0931911 1
50 91 1 0.500406 1
50 92 1 -0.572296 1
50 93 1 -2.67337 1
50 94 1 -1.92026 1
50 95 1 0.649911 1
50 4 1 4.78736 1
50 22 1 -0.481463 1
51 64 1 -0.729918 1
51 65 1 4.98717 1
51 66 1 2.63496 1
51 67 1 -1.8058 1
51 68 1 -0.0449939 1
51 69 1 -0.0345085 1
51 70 1 0.235328 1
51 71 1 4.80264 1
51 72 1 -4.41328 1
51 73 1 -1.79788 0
51 74 1 -1.25508 1
51 75 1 4.21047 1
51 76 1 -2.71569 1
51 77 1 4.0728 1
51 78 1 7.00923 1
51 79 1 -1.02344 1
51 80 1 -0.292618 1
51 81 1 -2.6336 1
51 82 1 -0.444275 1
51 83 1 6.27017 1
51 84 1 -3.53075 1
51 85 1 0.564157 1
51 86 1 -1.09747 1
51 87 1 2.92729 1
51 88 1 -1.79658 0
51 89 1 1.19068 1
51 90 1 -0.651181 1
51 91 1 -1.92013 1
51 92 1 3.1569 1
51 93 1 5.72588 1
51 94 1 -4.44037 1
51 95 1 -2.50676 1
51 116 1 1.25798 1
51 12 1 -2.15199 1
51 179 1 -0.335047 1
179 88 1 -0.210986 1
116 73 1 1.38607 0
116 134 1 2.92527 1
134 73 1 4.44564 1
134 128 1 2.2261 1
52 64 1 -2.33453 1
52 65 1 5.64049 1
52 66 1 -0.556297 1
52 67 1 0.659834 1
52 68 1 1.34912 1
52 69 1 6.54442 1
52 70 1 2.96 1
52 71 1 -2.84328 1
52 72 1 0.0393922 1
52 73 1 3.45564 1
52 74 1 3.45415 1
52 75 1 2.67154 1
52 76 1 -5.15794 1
52 77 1 0.298968 1
52 78 1 4.23262 1
52 79 1 -3.13643 1
52 80 1 -1.59102 1
52 81 1 0.337072 1
52 82 1 -1.27117 1
52 83 1 0.21776 1
52 84 1 -0.232386 1
52 85 1 -0.656971 1
52 86 1 -6.44991 1
52 87 1 0.48746 1
52 88 1 0.605152 1
52 89 1 0.63841 1
52 90 1 -1.11238 1
52 91 1 -0.23547 1
52 92 1 0.761476 1
52 93 1 -4.10138 0
52 94 1 4.73429 1
52 95 1 -0.364289 1
52 115 1 1.75095 1
52 139 1 0.70745 1
52 23 1 -1.14372 1
139 93 1 -0.379825 0
139 181 1 0.595753 0
139 184 1 2.31479 1
184 181 1 -0.138893 1
184 15 1 1.30394 1
181 93 1 -0.997113 1
53 64 1 -4.6359 1
53 65 1 -0.0474278 1
53 66 1 -2.68382 1
53 67 1 -1.75516 1
53 68 1 -0.936157 1
53 69 1 1.10573 1
53 70 1 0.656746 0
53 71 1 1.28023 1
53 72 1 -0.0482996 1
53 73 1 0.156562 1
53 74 1 -0.657975 1
53 75 1 -2.42382 1
53 76 1 0.65158 1
53 77 1 1.5675 1
53 78 1 0.669357 1
53 79 1 -0.588636 1
53 80 1 1.885 1
53 81 1 2.84905 1
53 82 1 1.32557 1
53 83 1 -1.68243 1
53 84 1 1.46892 1
53 85 1 1.93227 1
53 86 1 0.760663 1
53 87 1 -1.48617 1
53 88 1 1.12586 1
53 89 1 0.678439 1
53 90 1 -2.92792 1
53 91 1 0.53747 1
53 92 1 2.44618 1
53 93 1 -0.996209 1
53 94 1 -0.715077 1
53 95 1 -3.65021 1
53 20 1 5.06502 1
53 23 1 -1.1146 1
53 149 1 -0.987557 1
149 70 1 -2.088 0
149 153 1 0.477529 1
149 126 1 -0.272901 1
153 70 1 0.94114 0
153 183 1 1.82681 1
183 70 1 0.626821 1
54 64 1 4.31333 1
54 65 1 1.96943 1
54 66 1 -1.10323 1
54 67 1 1.82098 1
54 68 1 3.31516 1
54 69 1 -4.09596 1
54 70 1 0.653763 1
54 71 1 4.20842 1
54 72 1 1.16182 1
54 73 1 0.106331 1
54 74 1 -0.26564 1
54 75 1 -3.37529 1
54 76 1 -4.8394 1
54 77 1 0.946563 1
54 78 1 -2.27512 1
54 79 1 2.93305 1
54 80 1 1.99408 1
54 81 1 4.67999 1
54 82 1 -1.98405 1
54 83 1 3.15813 1
54 84 1 -0.40398 1
54 85 1 0.741234 1
54 86 1 -5.51872 1
54 87 1 0.0379079 1
54 88 1 1.2219 1
54 89 1 4.95934 1
54 90 1 -2.8947 1
54 91 1 1.93564 1
54 92 1 -1.2982 1
54 93 1 3.98913 1
54 94 1 -3.52082 1
54 95 1 -2.10369 1
54 30 1 -0.15879 1
54 144 1 3.16969 1
54 16 1 0.253662 1
55 64 1 1.54526 1
55 65 1 -2.79995 1
55 66 1 -3.2344 1
55 67 1 -2.77732 1
55 68 1 1.83391 1
55 69 1 0.186186 1
55 70 1 3.19707 1
55 71 1 -5.25137 1
55 72 1 2.12115 1
55 73 1 -0.660459 1
55 74 1 2.64666 1
55 75 1 -3.1186 1
55 76 1 -6.18874 1
55 77 1 2.32151 1
55 78 1 1.94016 1
55 79 1 5.2375 1
55 80 1 -1.7823 1
55 81 1 1.5343 1
55 82 1 -2.06883 1
55 83 1 1.19871 1
55 84 1 0.171668 1
55 85 1 -8.03289 1
55 86 1 0.410283 1
55 87 1 -2.32396 1
55 88 1 -6.033 1
55 89 1 1.67398 1
55 90 1 -1.40636 1
55 91 1 -0.0772473 1
55 92 1 9.81059 1
55 93 1 -4.27418 1
55 94 1 -2.92299 1
55 95 1 -0.625551 0
55 28 1 4.88069 1
55 114 1 0.393093 1
55 0 1 -3.34174 1
55 2 1 -0.730377 1
114 95 1 -1.51345 1
56 64 1 3.29887 1
56 65 1 -11.4978 1
56 66 1 -1.1261 1
56 67 1 -1.6149 1
56 68 1 3.78757 0
56 69 1 -2.61694 1
56 70 1 2.71963 1
56 71 1 3.06173 1
56 72 1 -1.78409 1
56 73 1 0.675441 1
56 74 1 2.92186 1
56 75 1 6.35619 1
56 76 1 -2.40087 1
56 77 1 -1.54976 1
56 78 1 -4.06085 1
56 79 1 -1.26851 1
56 80 1 0.654009 1
56 81 1 5.62106 1
56 82 1 2.51676 1
56 83 1 -0.727453 1
56 84 1 -2.50678 1
56 85 1 -1.69826 1
56 86 1 2.13434 1
56 87 1 0.958172 1
56 88 1 1.82843 1
56 89 1 2.02053 1
56 90 1 -0.206483 1
56 91 1 -1.00152 1
56 92 1 1.32004 1
56 93 1 3.15257 1
56 94 1 -1.70359 1
56 95 1 -1.94778 1
56 3 1 -2.67832 1
56 126 1 4.86112 1
56 0 1 -2.50977 1
126 68 1 2.60482 1
126 11 1 -3.29878 1
57 64 1 -4.91674 1
57 65 1 6.08535 1
57 66 1 -0.844559 1
57 67 1 -2.80786 1
57 68 1 -0.199484 1
57 69 1 -1.64608 0
57 70 1 0.877316 1
57 71 1 2.73196 1
57 72 1 3.52969 1
57 73 1 -2.79326 1
57 74 1 1.24169 1
57 75 1 5.92739 1
57 76 1 4.28727 1
57 77 1 -5.4459 1
57 78 1 0.864718 1
57 79 1 -3.05769 1
57 80 1 4.10393 1
57 81 1 5.01315 1
57 82 1 4.38428 1
57 83 1 -3.01109 1
57 84 1 0.602116 1
57 85 1 -4.97759 1
57 86 1 -1.13442 1
57 87 1 0.0265219 1
57 88 1 2.92708 1
57 89 1 1.25435 1
57 90 1 0.915495 1
57 91 1 -3.06419 1
57 92 1 -1.75524 1
57 93 1 -4.03273 1
57 94 1 -1.20213 1
57 95 1 3.82841 1
57 104 1 4.9408 1
57 22 1 0.774803 1
104 69 1 1.02379 1
104 1 1 2.39979 1
104 107 1 -0.654154 1
104 19 1 0.899702 1
58 64 1 8.14311 1
58 65 1 -3.45653 1
58 66 1 -1.61156 1
58 67 1 -0.542336 1
58 68 1 -4.18017 1
58 69 1 -2.03593 1
58 70 1 -0.441642 1
58 71 1 2.21961 1
58 72 1 2.09534 1
58 73 1 -3.38854 1
58 74 1 1.73677 1
58 75 1 1.5454 1
58 76 1 1.01857 1
58 77 1 3.64263 1
58 78 1 -2.81246 1
58 79 1 0.279331 0
58 80 1 -3.38638 1
58 81 1 3.23237 1
58 82 1 1.02474 1
58 83 1 1.89425 1
58 84 1 -1.99717 1
58 85 1 1.10894 1
58 86 1 1.86655 1
58 87 1 -4.16619 1
58 88 1 -6.96357 1
58 89 1 -2.63518 1
58 90 1 1.43918 1
58 91 1 -2.64037 1
58 92 1 0.512472 0
58 93 1 0.657779 1
58 94 1 -1.99102 1
58 95 1 3.236 1
58 128 1 1.31663 1
58 115 1 0.210697 1
58 174 1 1.95698 1
174 92 1 -0.256555 1
128 79 1 0.190824 0
128 131 1 2.40116 1
131 79 1 1.55898 0
131 160 1 0.490755 1
131 7 1 -0.0618714 1
160 79 1 3.44222 0
160 125 1 1.82053 1
160 173 1 0.303267 1
173 79 1 2.44311 1
59 64 1 -2.49834 1
59 65 1 1.13517 1
59 66 1 5.32448 1
59 67 1 -2.00665 1
59 68 1 3.32336 1
59 69 1 -3.03577 1
59 70 1 -3.56349 1
59 71 1 0.0184575 1
59 72 1 -0.705677 1
59 73 1 -1.36479 1
59 74 1 0.9587 1
59 75 1 0.464175 1
59 76 1 2.23607 1
59 77 1 -0.388621 0
59 78 1 2.20463 1
59 79 1 -3.206 1
59 80 1 2.57103 1
59 81 1 1.32802 1
59 82 1 -3.78543 1
59 83 1 6.15955 1
59 84 1 1.95064 1
59 85 1 -6.06738 1
59 86 1 -5.00023 1
59 87 1 1.62028 1
59 88 1 5.20507 1
59 89 1 -0.0757541 1
59 90 1 0.107326 1
59 91 1 -1.0918 1
59 92 1 1.64709 1
59 93 1 3.05353 1
59 94 1 -5.60921 1
59 95 1 3.22589 1
59 97 1 -0.88686 1
59 5 1 -5.8401 1
59 11 1 -4.22025 1
59 13 1 0.443002 1
97 77 1 -6.56668 1
97 22 1 0.440216 1
97 2 1 -6.77874 0
97 99 1 1.06583 1
97 7 1 3.7631 0
97 102 1 2.06567 1
97 17 1 3.07224 1
102 7 1 5.67298 1
99 2 1 0.303216 0
99 108 1 5.92972 1
99 15 1 4.33395 1
108 2 1 0.77134 0
108 125 1 7.059 1
108 0 1 -0.985256 1
125 2 1 2.5807 1
125 1 1 0.952341 1
60 64 1 0.734153 1
60 65 1 -0.13528 1
60 66 1 1.6463 1
60 67 1 -1.37505 1
60 68 1 0.704574 1
60 69 1 3.17298 1
60 70 1 -1.35809 1
60 71 1 1.71727 1
60 72 1 -0.861613 0
60 73 1 2.1052 1
60 74 1 2.05206 1
60 75 1 0.788874 1
60 76 1 -1.67277 1
60 77 1 6.30475 1
60 78 1 -3.00846 1
60 79 1 -0.0577126 1
60 80 1 -5.28942 1
60 81 1 -4.03827 1
60 82 1 -0.678839 1
60 83 1 2.1324 1
60 84 1 -4.73366 1
60 85 1 2.08148 1
60 86 1 2.5044 1
60 87 1 -0.355278 1
60 88 1 -4.32448 1
60 89 1 1.75203 1
60 90 1 -1.73084 1
60 91 1 -0.45952 1
60 92 1 -0.527423 1
60 93 1 -0.930018 1
60 94 1 -1.20561 1
60 95 1 0.863692 1
60 24 1 -1.21012 1
60 0 1 4.18003 1
60 115 1 3.12014 1
60 3 1 -3.23917 1
60 20 1 0.0688557 1
115 72 1 -2.09629 1
115 18 1 1.50334 1
115 14 1 2.98933 1
115 19 1 -1.30558 1
61 64 1 -0.346115 1
61 65 1 -0.62598 1
61 66 1 2.4331 1
61 67 1 0.726964 1
61 68 1 -3.20559 1
61 69 1 3.75489 1
61 70 1 3.2372 1
61 71 1 1.6097 1
61 72 1 0.666298 1
61 73 1 0.610791 1
61 74 1 3.41395 1
61 75 1 5.56799 1
61 76 1 2.09394 1
61 77 1 -2.71227 0
61 78 1 -3.68873 1
61 79 1 1.81169 1
61 80 1 -1.64567 1
61 81 1 -0.524122 1
61 82 1 -1.65904 1
61 83 1 -0.677966 1
61 84 1 -3.4455 1
61 85 1 -1.06584 1
61 86 1 -0.494106 1
61 87 1 2.59363 1
61 88 1 -2.27108 1
61 89 1 1.39626 1
61 90 1 -3.21022 1
61 91 1 1.96275 1
61 92 1 -0.528472 1
61 93 1 0.287786 1
61 94 1 0.966744 1
61 95 1 -1.04893 1
61 107 1 0.566049 1
61 113 1 -0.821085 1
61 14 1 -1.86373 1
107 77 1 -4.43809 0
107 113 1 -0.983342 1
107 14 1 -2.04214 1
107 20 1 1.18447 1
113 77 1 -1.33224 0
113 23 1 -1.52683 1
113 147 1 2.13157 1
113 159 1 1.16692 1
159 77 1 -2.36603 0
159 161 1 0.545858 1
161 77 1 -1.74919 1
62 64 1 -0.987986 1
62 65 1 -2.61414 1
62 66 1 2.57141 1
62 67 1 -1.1897 1
62 68 1 1.90777 1
62 69 1 -0.60379 1
62 70 1 -1.00405 1
62 71 1 -5.53428 1
62 72 1 4.06933 1
62 73 1 3.48357 1
62 74 1 2.84179 1
62 75 1 -1.43346 1
62 76 1 2.68733 1
62 77 1 -4.05337 1
62 78 1 -2.04082 1
62 79 1 -2.72735 1
62 80 1 1.86084 1
62 81 1 1.14541 1
62 82 1 -1.16097 1
62 83 1 3.12646 1
62 84 1 -0.835406 0
62 85 1 -1.12329 1
62 86 1 3.76761 1
62 87 1 -2.43653 1
62 88 1 0.772144 1
62 89 1 -2.23679 1
62 90 1 -9.1028 1
62 91 1 -0.820479 1
62 92 1 0.398294 1
62 93 1 -1.24231 1
62 94 1 -0.766273 1
62 95 1 -1.42846 1
62 5 1 1.16724 1
62 138 1 1.87343 0
62 152 1 0.571764 1
62 31 1 1.12353 1
152 138 1 1.75489 0
152 187 1 1.4177 1
187 138 1 1.44743 1
138 84 1 -1.32591 1
63 64 1 3.37521 1
63 65 1 -2.39982 1
63 66 1 5.70241 1
63 67 1 -3.79985 1
63 68 1 2.43653 1
63 69 1 -3.23697 1
63 70 1 -3.71383 1
63 71 1 1.41921 1
63 72 1 0.855388 1
63 73 1 1.92179 1
63 74 1 -7.81741 1
63 75 1 0.0308706 1
63 76 1 -0.102859 0
63 77 1 0.60526 1
63 78 1 -0.644908 1
63 79 1 -0.922084 1
63 80 1 2.59022 1
63 81 1 -1.30552 1
63 82 1 2.823 1
63 83 1 -4.1081 1
63 84 1 -2.61653 1
63 85 1 -5.34627 1
63 86 1 6.57046 1
63 87 1 -3.2495 0
63 88 1 -0.524655 1
63 89 1 -2.05214 1
63 90 1 -0.312614 1
63 91 1 -2.51833 1
63 92 1 0.344867 1
63 93 1 2.1818 1
63 94 1 1.70554 1
63 95 1 -1.94671 1
63 141 1 6.47066 1
63 144 1 0.911696 1
144 76 1 -0.446992 0
144 147 1 0.486496 1
147 76 1 -2.4898 1
147 9 1 -3.24319 1
141 87 1 -5.1276 1
141 10 1 1.48452 1
