190 64 32
3.78034 -1.79925 -2.89557 3.90957 -6.91787 4.65713 0.672624 4.35089 -1.31613 6.35326 2.70184 6.05211 -3.14844 -3.37522 -1.84695 -2.6306 2.54082 0.0682168 2.00327 -1.24266 -1.27207 -0.515673 0.0130576 0.990274 -5.77911 -0.391339 5.10084 2.34251 -4.50912 -3.25846 -3.76657 -0.723839 -1.40499 1.90107 -0.751319 4.75522 -4.12144 0.09859 -1.13538 -1.23389 -2.21866 1.7105 -1.94794 -2.96032 -5.363 -5.99655 -4.92298 2.43742 0.593589 5.60483 1.5143 -4.51723 -4.54592 -1.04809 -1.30699 2.35527 -2.14402 2.98387 1.89121 -2.27568 2.56632 -3.85215 -4.45557 -3.37698 -4.4316 -2.76237 3.50004 2.10735 -3.40386 1.2343 -1.52961 -6.19808 -3.89562 -3.37875 2.59348 5.30965 -0.874846 -2.48875 -1.16281 -6.01875 0.465382 0.50086 -3.82461 2.77436 2.42562 0.998281 -2.82595 0.335229 4.13413 1.35254 -2.60982 1.4587 -1.27429 -0.624765 0.567369 -0.7191 -1.4131 -1.17058 -2.36771 -2.77142 1.14414 -3.33509 -4.82895 -1.24688 -4.20449 1.49207 -2.19465 -4.19783 -1.90258 -1.21593 -1.43416 3.21061 1.90816 -7.33129 1.6511 -2.1887 -0.92061 0.502826 -0.38221 -0.492138 4.40496 -1.88078 -1.55005 0.175634 1.87317 4.04076 -0.0374917 0.503012 1.19736 3.44681 0.727753 -1.82579 -1.04383 0.368498 -1.79627 -0.22314 0.0551475 0.640334 -4.03341 -1.42403 3.51955 -2.46235 -1.93202 -3.33475 0.642528 2.07514 0.450664 -4.24548 -0.572526 -3.18515 -1.27747 -0.731279 0.0405112 -1.00825 0.12863 -1.10857 -0.724408 0.820493 -0.791691 0.680995 1.12713 1.04882 0.994543 2.75126 0.982727 -1.02728 1.44427 0.250091 0.214761 0.636032 0.78434 1.27583 2.34767 -0.267489 -0.270439 0.15536 0.224664 -0.543948 -0.243266 1.5725 0.985782 0.673282 0.657899 -0.17346 -1.08057 0.361591 -0.75085 0.602128 -0.26362 0.0492125 
0 64 1 -4.51757 1
0 65 1 2.2299 1
0 66 1 2.61795 1
0 67 1 -0.20972 1
0 68 1 -3.08528 1
0 69 1 2.2528 1
0 70 1 2.38352 1
0 71 1 1.72975 1
0 72 1 2.30705 1
0 73 1 -0.18165 1
0 74 1 -1.75361 1
0 75 1 2.73883 1
0 76 1 2.35539 1
0 77 1 2.51337 1
0 78 1 -0.0386636 1
0 79 1 1.1133 1
0 80 1 3.14422 1
0 81 1 4.37694 1
0 82 1 6.17148 1
0 83 1 1.07384 1
0 84 1 -2.12259 1
0 85 1 5.08512 1
0 86 1 -4.19798 1
0 87 1 -3.5456 1
0 88 1 4.0799 1
0 89 1 4.43507 1
0 90 1 3.82158 1
0 91 1 5.51119 1
0 92 1 -3.76864 1
0 93 1 -1.2666 1
0 94 1 2.9047 1
0 95 1 -0.352838 1
0 10 1 -2.55199 1
1 64 1 0.518198 1
1 65 1 -5.62049 1
1 66 1 3.0087 1
1 67 1 -5.53567 1
1 68 1 5.94385 1
1 69 1 -2.85211 1
1 70 1 2.92745 1
1 71 1 -0.418163 1
1 72 1 -4.06914 1
1 73 1 -1.39502 1
1 74 1 -3.07428 1
1 75 1 5.358 1
1 76 1 -3.28702 1
1 77 1 6.3216 1
1 78 1 -0.103557 1
1 79 1 -2.79782 1
1 80 1 -0.639193 1
1 81 1 -0.436998 1
1 82 1 -1.50681 1
1 83 1 -5.21069 1
1 84 1 -4.84213 1
1 85 1 -2.23908 1
1 86 1 2.94046 1
1 87 1 -1.61129 1
1 88 1 -1.48845 1
1 89 1 3.2549 1
1 90 1 -1.61553 1
1 91 1 -1.14794 1
1 92 1 1.05105 1
1 93 1 0.973664 1
1 94 1 -0.290079 1
1 95 1 -7.18562 1
1 27 1 -0.724122 1
2 64 1 1.92233 1
2 65 1 -2.24577 1
2 66 1 -5.6561 1
2 67 1 -3.0886 1
2 68 1 -1.80257 1
2 69 1 -1.03476 1
2 70 1 -0.974905 1
2 71 1 1.319 1
2 72 1 -0.633313 1
2 73 1 -1.63597 1
2 74 1 -3.10462 1
2 75 1 1.11572 1
2 76 1 -2.93399 1
2 77 1 -1.65614 1
2 78 1 -0.530347 1
2 79 1 -4.17248 1
2 80 1 -5.77183 1
2 81 1 -6.40374 1
2 82 1 0.45729 1
2 83 1 -5.02924 1
2 84 1 -0.890021 1
2 85 1 3.20326 1
2 86 1 -1.7371 1
2 87 1 -0.919454 1
2 88 1 -2.42082 1
2 89 1 -4.17805 1
2 90 1 -3.82417 1
2 91 1 -2.53159 1
2 92 1 2.32082 0
2 93 1 -1.51434 1
2 94 1 3.41084 1
2 95 1 -3.07407 1
2 100 1 0.0433559 1
2 6 1 3.70579 1
2 110 1 -1.18093 1
2 180 1 2.52465 1
180 92 1 2.71015 1
3 64 1 -0.646888 1
3 65 1 -2.30947 1
3 66 1 0.592506 1
3 67 1 -0.210382 1
3 68 1 5.05828 1
3 69 1 -3.04407 1
3 70 1 -2.71342 1
3 71 1 -0.51148 1
3 72 1 9.24715 1
3 73 1 -0.442337 1
3 74 1 0.163507 1
3 75 1 4.50195 1
3 76 1 0.0190492 1
3 77 1 0.318967 1
3 78 1 -2.66661 1
3 79 1 1.84683 1
3 80 1 -3.72006 1
3 81 1 1.51679 1
3 82 1 6.10156 1
3 83 1 3.0669 1
3 84 1 0.427996 1
3 85 1 -5.62886 1
3 86 1 2.16438 1
3 87 1 4.36472 1
3 88 1 -1.88613 1
3 89 1 4.07348 1
3 90 1 0.776259 1
3 91 1 2.75223 1
3 92 1 1.33835 1
3 93 1 -3.13125 1
3 94 1 -1.65132 1
3 95 1 4.32881 0
3 110 1 1.92487 1
110 95 1 -1.44609 0
110 111 1 -2.59486 0
110 132 1 3.80157 1
110 152 1 0.649393 1
110 126 1 -0.211403 1
110 20 1 0.781808 1
110 16 1 0.956544 1
132 111 1 2.96139 1
111 95 1 0.925151 1
4 64 1 1.73105 1
4 65 1 0.783439 1
4 66 1 -0.741777 1
4 67 1 5.33865 1
4 68 1 0.944193 1
4 69 1 2.28646 1
4 70 1 -0.905308 1
4 71 1 -0.885706 1
4 72 1 -2.66629 1
4 73 1 -0.922888 0
4 74 1 -0.889149 1
4 75 1 -6.17457 0
4 76 1 0.320013 1
4 77 1 3.5803 1
4 78 1 -1.65484 1
4 79 1 1.00296 1
4 80 1 -6.63218 1
4 81 1 2.52661 1
4 82 1 0.709356 1
4 83 1 -1.22494 1
4 84 1 -2.78159 1
4 85 1 1.94153 1
4 86 1 1.24853 1
4 87 1 -3.23384 1
4 88 1 -2.99761 1
4 89 1 -3.15219 1
4 90 1 4.06759 1
4 91 1 -2.28237 1
4 92 1 -1.52817 1
4 93 1 1.05658 0
4 94 1 -2.54935 1
4 95 1 1.78662 1
4 101 1 3.89644 1
4 17 1 4.968 1
4 118 1 2.48507 1
4 145 1 1.82068 1
4 119 1 -0.519154 1
145 93 1 0.231215 1
118 73 1 -5.41916 1
101 75 1 2.17904 1
5 64 1 -4.00523 1
5 65 1 6.7755 1
5 66 1 -1.89823 1
5 67 1 9.85253 1
5 68 1 2.30238 1
5 69 1 3.0671 1
5 70 1 1.67647 1
5 71 1 -1.45925 1
5 72 1 -0.115277 1
5 73 1 -2.63825 1
5 74 1 -2.82636 1
5 75 1 3.20352 1
5 76 1 2.72745 1
5 77 1 1.04236 1
5 78 1 -1.11158 1
5 79 1 1.3924 1
5 80 1 1.35407 1
5 81 1 -0.940982 1
5 82 1 -1.39042 1
5 83 1 5.25761 1
5 84 1 2.78635 1
5 85 1 4.30576 1
5 86 1 1.2101 1
5 87 1 0.393126 1
5 88 1 0.624681 1
5 89 1 -3.2099 1
5 90 1 -2.11213 1
5 91 1 -2.34282 1
5 92 1 -1.69828 1
5 93 1 -0.158969 1
5 94 1 -2.26788 1
5 95 1 -1.16136 1
5 28 1 2.96364 1
6 64 1 -0.469516 1
6 65 1 -2.45523 1
6 66 1 1.9808 1
6 67 1 1.86681 1
6 68 1 -3.42848 1
6 69 1 -3.45466 1
6 70 1 -5.85254 1
6 71 1 -0.519427 1
6 72 1 2.50097 1
6 73 1 -4.18387 1
6 74 1 -3.56671 1
6 75 1 2.3808 1
6 76 1 5.84224 1
6 77 1 -2.79938 1
6 78 1 0.297919 1
6 79 1 -4.45984 1
6 80 1 3.32605 1
6 81 1 -1.39491 1
6 82 1 1.22925 1
6 83 1 3.70672 1
6 84 1 2.68858 1
6 85 1 -6.93754 1
6 86 1 -1.25149 1
6 87 1 6.04337 1
6 88 1 -1.98858 1
6 89 1 -2.49582 1
6 90 1 3.54383 1
6 91 1 1.2902 1
6 92 1 6.05206 1
6 93 1 -4.1421 1
6 94 1 -2.44562 1
6 95 1 2.64635 1
6 26 1 1.68934 1
7 64 1 2.0137 1
7 65 1 2.41646 1
7 66 1 1.04538 1
7 67 1 -5.3554 1
7 68 1 -4.20249 1
7 69 1 -2.89011 1
7 70 1 5.91757 1
7 71 1 3.87491 1
7 72 1 4.29496 1
7 73 1 -2.19187 1
7 74 1 -0.144507 1
7 75 1 -0.396828 0
7 76 1 1.10997 1
7 77 1 3.29975 1
7 78 1 2.41493 1
7 79 1 1.08365 1
7 80 1 -1.18991 1
7 81 1 2.44157 1
7 82 1 -5.10791 0
7 83 1 1.04658 0
7 84 1 -3.81593 1
7 85 1 3.95483 1
7 86 1 0.343418 1
7 87 1 4.36384 1
7 88 1 -1.80111 1
7 89 1 -1.78857 1
7 90 1 1.91705 1
7 91 1 -3.74823 1
7 92 1 -0.90922 1
7 93 1 -1.05862 1
7 94 1 -0.530669 1
7 95 1 1.82784 1
7 100 1 -0.341981 1
7 127 1 3.50484 1
7 164 1 0.572119 1
164 75 1 0.514059 1
127 82 1 -4.77826 0
127 169 1 -0.14853 1
127 150 1 1.13682 1
169 82 1 -3.77941 1
169 15 1 1.3535 1
100 83 1 3.12408 0
100 24 1 -1.7074 0
100 106 1 2.42006 1
100 166 1 -0.557051 1
166 83 1 3.34468 1
106 24 1 -8.32514 1
106 6 1 -2.90962 1
8 64 1 1.62618 1
8 65 1 -2.27884 1
8 66 1 0.0408081 1
8 67 1 -1.59544 1
8 68 1 -2.82086 1
8 69 1 3.96156 1
8 70 1 1.46293 1
8 71 1 2.82235 1
8 72 1 3.87542 1
8 73 1 -3.12695 1
8 74 1 -2.90542 1
8 75 1 -3.62153 1
8 76 1 2.50249 1
8 77 1 2.23262 1
8 78 1 0.727095 1
8 79 1 -2.63486 1
8 80 1 -0.295903 1
8 81 1 -1.51959 1
8 82 1 -0.917709 1
8 83 1 -3.14555 1
8 84 1 2.86833 1
8 85 1 8.69389 1
8 86 1 5.96045 1
8 87 1 2.33047 1
8 88 1 0.22358 1
8 89 1 5.56838 1
8 90 1 1.77078 1
8 91 1 -2.41782 1
8 92 1 1.46175 1
8 93 1 5.1796 1
8 94 1 6.60235 1
8 95 1 -1.73132 1
8 17 1 0.211824 1
9 64 1 -4.80992 1
9 65 1 -2.09796 1
9 66 1 2.03191 1
9 67 1 -0.219866 1
9 68 1 -1.36917 1
9 69 1 -0.41343 1
9 70 1 -8.26644 1
9 71 1 -1.35086 1
9 72 1 1.23714 1
9 73 1 -2.83326 1
9 74 1 0.504903 1
9 75 1 1.72385 1
9 76 1 2.1717 1
9 77 1 0.0293126 1
9 78 1 2.53999 1
9 79 1 1.05797 0
9 80 1 -2.19129 1
9 81 1 2.11862 1
9 82 1 -1.84069 1
9 83 1 -2.15124 1
9 84 1 4.78824 1
9 85 1 1.22795 1
9 86 1 0.394236 1
9 87 1 0.230725 1
9 88 1 3.19347 1
9 89 1 4.38774 1
9 90 1 -0.976792 1
9 91 1 0.0762001 1
9 92 1 -1.30115 1
9 93 1 -0.878683 1
9 94 1 -4.1316 1
9 95 1 0.167521 1
9 103 1 -2.76654 1
9 130 1 -0.466062 1
9 157 1 -0.0742927 1
157 79 1 0.469282 1
157 22 1 -1.44268 1
10 64 1 1.1223 1
10 65 1 -1.08628 1
10 66 1 4.97352 1
10 67 1 -2.50189 1
10 68 1 2.51832 1
10 69 1 -2.00709 1
10 70 1 0.609688 1
10 71 1 -0.264033 1
10 72 1 5.66243 1
10 73 1 4.30917 1
10 74 1 1.07647 0
10 75 1 1.63964 1
10 76 1 3.9669 1
10 77 1 0.15275 1
10 78 1 -0.209691 1
10 79 1 -3.68363 1
10 80 1 -2.92157 1
10 81 1 5.2926 1
10 82 1 3.21295 1
10 83 1 0.504171 1
10 84 1 7.77811 1
10 85 1 2.13555 1
10 86 1 -3.70396 1
10 87 1 -2.46935 1
10 88 1 2.22084 1
10 89 1 -0.0266438 1
10 90 1 0.222154 1
10 91 1 2.57704 1
10 92 1 -1.73705 1
10 93 1 -0.94837 1
10 94 1 3.1216 1
10 95 1 4.56351 0
10 124 1 3.56472 1
10 165 1 -0.446148 1
165 95 1 4.99773 1
165 133 1 1.44748 1
124 74 1 -0.850154 1
124 12 1 1.97706 0
124 171 1 -0.878324 1
171 12 1 2.0998 1
171 152 1 -0.801794 1
11 64 1 2.57602 1
11 65 1 1.48213 1
11 66 1 4.43569 1
11 67 1 -2.04667 1
11 68 1 1.22521 1
11 69 1 2.22077 1
11 70 1 3.45471 1
11 71 1 1.14217 1
11 72 1 -7.6787 1
11 73 1 0.761683 1
11 74 1 -0.146871 0
11 75 1 -2.14327 1
11 76 1 -1.86146 1
11 77 1 -0.0253709 1
11 78 1 -2.28034 1
11 79 1 -0.71667 1
11 80 1 -1.10995 1
11 81 1 2.2758 1
11 82 1 4.83893 0
11 83 1 4.82102 1
11 84 1 1.36894 1
11 85 1 -0.981023 1
11 86 1 -5.2607 1
11 87 1 1.13327 1
11 88 1 -7.55145 1
11 89 1 2.48061 1
11 90 1 0.731217 1
11 91 1 -1.73252 1
11 92 1 -1.19506 1
11 93 1 2.48397 1
11 94 1 -3.1521 1
11 95 1 -5.62173 1
11 120 1 -6.37232 1
11 109 1 -0.980927 1
11 154 1 3.67716 1
11 8 1 -0.789713 1
11 112 1 2.84225 1
154 82 1 4.22365 1
120 74 1 -3.15303 1
120 13 1 0.450128 0
120 150 1 4.32417 1
150 13 1 1.33982 0
150 163 1 4.27753 1
163 13 1 1.82365 1
12 64 1 -2.37078 1
12 65 1 -1.65673 0
12 66 1 -0.478099 1
12 67 1 -3.23954 1
12 68 1 1.12203 1
12 69 1 1.62328 1
12 70 1 1.22053 1
12 71 1 -1.47599 1
12 72 1 2.62977 1
12 73 1 -3.3286 1
12 74 1 -2.72317 1
12 75 1 0.127355 1
12 76 1 -2.13506 1
12 77 1 2.23373 1
12 78 1 -1.41328 1
12 79 1 -1.92385 1
12 80 1 -1.7537 1
12 81 1 -3.13905 1
12 82 1 5.37209 1
12 83 1 1.04103 1
12 84 1 3.19698 1
12 85 1 0.909945 1
12 86 1 -4.694 1
12 87 1 -3.86226 1
12 88 1 -0.727466 1
12 89 1 1.42731 1
12 90 1 0.0882724 1
12 91 1 -3.12283 1
12 92 1 0.810582 1
12 93 1 -1.21215 1
12 94 1 2.59127 1
12 95 1 -3.23003 1
12 17 1 0.845422 1
12 18 1 -0.447885 1
12 144 1 -1.69252 1
12 167 1 1.13459 1
12 11 1 -0.42313 1
167 65 1 -2.68617 1
167 12 1 1.31689 1
13 64 1 -0.0433087 1
13 65 1 -2.2011 1
13 66 1 -1.50653 1
13 67 1 -0.692308 1
13 68 1 4.01134 1
13 69 1 -4.15728 1
13 70 1 -1.27071 1
13 71 1 0.396117 1
13 72 1 -0.101174 1
13 73 1 0.413621 1
13 74 1 0.087859 1
13 75 1 -2.11194 1
13 76 1 -0.726151 1
13 77 1 -2.13947 1
13 78 1 2.84485 1
13 79 1 4.28054 1
13 80 1 -0.308575 1
13 81 1 2.17504 1
13 82 1 3.05631 1
13 83 1 4.35102 1
13 84 1 -4.92615 1
13 85 1 5.0159 1
13 86 1 5.0547 1
13 87 1 5.88813 1
13 88 1 3.94546 1
13 89 1 -0.358147 1
13 90 1 -4.03827 1
13 91 1 -5.26066 1
13 92 1 -3.27336 1
13 93 1 -3.30812 1
13 94 1 0.358439 1
13 95 1 -3.9126 1
14 64 1 1.03025 1
14 65 1 4.67378 1
14 66 1 0.757249 1
14 67 1 3.82986 1
14 68 1 -1.59468 1
14 69 1 1.89736 1
14 70 1 0.319994 1
14 71 1 0.65609 1
14 72 1 5.5177 1
14 73 1 1.48266 1
14 74 1 0.674556 1
14 75 1 2.77916 1
14 76 1 -4.80934 1
14 77 1 -0.0247128 1
14 78 1 -1.81494 1
14 79 1 -0.963829 1
14 80 1 -0.970249 1
14 81 1 2.21923 0
14 82 1 5.19504 1
14 83 1 -1.03952 1
14 84 1 -0.318673 1
14 85 1 -2.18888 1
14 86 1 3.97657 1
14 87 1 0.0147896 1
14 88 1 -3.05302 1
14 89 1 0.468446 1
14 90 1 0.418572 1
14 91 1 4.70542 1
14 92 1 4.34453 1
14 93 1 2.83638 1
14 94 1 5.89605 1
14 95 1 2.20115 1
14 104 1 -0.369575 1
14 119 1 1.69406 1
14 126 1 2.30405 1
119 81 1 5.47188 1
119 99 1 0.707492 1
15 64 1 0.227714 1
15 65 1 1.99358 1
15 66 1 -2.18801 1
15 67 1 -2.13263 1
15 68 1 1.60055 1
15 69 1 -3.17842 1
15 70 1 7.29237 1
15 71 1 -2.18714 1
15 72 1 -0.924302 1
15 73 1 0.861159 1
15 74 1 0.723675 1
15 75 1 -0.140189 1
15 76 1 0.808194 1
15 77 1 1.08784 1
15 78 1 -3.75975 1
15 79 1 0.388132 1
15 80 1 5.03075 1
15 81 1 -0.277386 1
15 82 1 -4.37312 1
15 83 1 0.680792 1
15 84 1 1.597 1
15 85 1 -2.49822 1
15 86 1 2.30815 1
15 87 1 -7.33882 1
15 88 1 1.72524 1
15 89 1 4.60902 1
15 90 1 0.405906 1
15 91 1 -4.23964 1
15 92 1 0.864689 1
15 93 1 -0.733252 1
15 94 1 -0.597101 1
15 95 1 -2.84263 1
15 20 1 -2.43127 1
16 64 1 2.04453 1
16 65 1 -2.13117 1
16 66 1 -1.69437 1
16 67 1 -5.26567 1
16 68 1 1.05416 1
16 69 1 0.821717 1
16 70 1 2.45457 1
16 71 1 5.64435 1
16 72 1 -0.440868 1
16 73 1 -1.85212 1
16 74 1 1.13467 1
16 75 1 2.57758 1
16 76 1 2.50927 1
16 77 1 3.20188 1
16 78 1 -1.10712 1
16 79 1 -3.18954 0
16 80 1 2.06426 1
16 81 1 1.80506 1
16 82 1 -3.05407 1
16 83 1 2.02646 1
16 84 1 0.154666 1
16 85 1 -0.254071 1
16 86 1 2.22243 1
16 87 1 -0.220955 1
16 88 1 2.70698 1
16 89 1 1.70042 1
16 90 1 -4.13414 1
16 91 1 4.39235 1
16 92 1 3.82396 1
16 93 1 -2.12554 1
16 94 1 0.0971139 1
16 95 1 -3.08547 1
16 26 1 -0.778109 1
16 151 1 1.83809 1
16 144 1 -1.74501 1
151 79 1 -0.25328 1
17 64 1 -1.1233 1
17 65 1 0.164094 1
17 66 1 0.449693 1
17 67 1 3.09103 1
17 68 1 0.934565 1
17 69 1 1.57106 1
17 70 1 0.682121 1
17 71 1 4.32116 1
17 72 1 -5.82057 0
17 73 1 0.733319 1
17 74 1 3.26703 1
17 75 1 -1.39321 1
17 76 1 -1.5532 1
17 77 1 2.4329 1
17 78 1 -2.57426 1
17 79 1 -4.48765 1
17 80 1 5.02947 1
17 81 1 2.17004 1
17 82 1 1.07844 1
17 83 1 -1.88859 1
17 84 1 -0.249218 1
17 85 1 3.66814 1
17 86 1 -0.857839 1
17 87 1 -3.26399 1
17 88 1 -7.49151 1
17 89 1 1.35636 1
17 90 1 -3.15657 1
17 91 1 4.98738 1
17 92 1 0.639285 1
17 93 1 2.19196 1
17 94 1 2.3479 1
17 95 1 1.07592 1
17 146 1 2.97221 1
146 72 1 -4.5622 0
146 30 1 -0.389288 1
146 177 1 0.0355985 1
177 72 1 -3.63198 1
18 64 1 0.668674 1
18 65 1 -3.49135 1
18 66 1 2.1288 1
18 67 1 3.04863 1
18 68 1 -3.84774 1
18 69 1 -1.7134 0
18 70 1 4.17626 1
18 71 1 -0.500971 1
18 72 1 0.247106 1
18 73 1 0.23295 1
18 74 1 2.84489 1
18 75 1 -3.14015 1
18 76 1 2.97936 1
18 77 1 -0.989535 1
18 78 1 1.91857 1
18 79 1 3.1441 1
18 80 1 -7.6495 1
18 81 1 4.33821 1
18 82 1 -4.69833 1
18 83 1 2.34593 1
18 84 1 -5.22704 1
18 85 1 3.4956 1
18 86 1 5.95987 1
18 87 1 -4.77997 1
18 88 1 2.4339 1
18 89 1 -2.51956 1
18 90 1 -0.146209 1
18 91 1 -0.668777 1
18 92 1 -4.65803 1
18 93 1 2.94495 1
18 94 1 0.998835 1
18 95 1 0.667403 1
18 25 1 -2.88769 1
18 18 1 -0.55802 1
18 139 1 2.01728 1
18 182 1 0.295619 1
182 69 1 -1.03601 1
19 64 1 6.06214 1
19 65 1 -0.592704 1
19 66 1 7.19405 1
19 67 1 -1.49253 1
19 68 1 -2.09419 1
19 69 1 2.21884 1
19 70 1 -0.970726 1
19 71 1 1.39698 1
19 72 1 3.38494 1
19 73 1 0.673506 1
19 74 1 1.58604 1
19 75 1 0.510982 1
19 76 1 -5.44239 1
19 77 1 0.0915036 1
19 78 1 0.749377 1
19 79 1 5.31155 1
19 80 1 -0.345396 1
19 81 1 -3.37533 1
19 82 1 -0.453403 1
19 83 1 -1.94633 1
19 84 1 2.03405 1
19 85 1 3.27619 1
19 86 1 -1.79849 1
19 87 1 3.26573 1
19 88 1 0.469858 1
19 89 1 6.06355 1
19 90 1 -0.498097 1
19 91 1 -1.13898 1
19 92 1 -0.429902 1
19 93 1 -4.49823 1
19 94 1 -1.11419 1
19 95 1 -7.73959 1
20 64 1 1.50287 1
20 65 1 -0.616982 1
20 66 1 -2.32318 1
20 67 1 -1.82852 1
20 68 1 1.09757 1
20 69 1 -0.380101 1
20 70 1 -4.7854 1
20 71 1 5.20966 1
20 72 1 -1.40969 1
20 73 1 3.4252 1
20 74 1 4.25808 1
20 75 1 4.07949 1
20 76 1 -0.162811 1
20 77 1 -3.60214 1
20 78 1 2.96066 1
20 79 1 1.5364 1
20 80 1 0.617705 1
20 81 1 1.28249 1
20 82 1 4.46193 1
20 83 1 0.953224 1
20 84 1 4.84002 1
20 85 1 -2.76544 1
20 86 1 -0.900533 1
20 87 1 1.11248 1
20 88 1 2.27433 1
20 89 1 0.332863 1
20 90 1 1.05476 1
20 91 1 1.11541 0
20 92 1 3.24044 1
20 93 1 2.68088 0
20 94 1 2.48777 0
20 95 1 1.56983 1
20 96 1 -1.72149 1
20 98 1 2.28731 1
20 103 1 2.21146 1
20 109 1 0.0912007 1
103 91 1 2.18464 0
103 105 1 2.62423 1
103 112 1 -1.37654 0
103 123 1 -2.17927 1
103 140 1 -1.85424 1
140 112 1 1.66129 1
140 102 1 -0.59314 1
123 91 1 0.208891 1
123 113 1 -0.285548 0
123 136 1 1.94512 1
123 137 1 0.749879 1
136 113 1 -1.17263 1
136 6 1 -2.26437 1
105 91 1 4.40188 0
105 129 1 0.410421 1
129 91 1 1.5384 0
129 135 1 4.42884 1
129 116 1 -0.211908 1
135 91 1 -1.56902 1
98 93 1 2.71116 1
98 99 1 6.75062 1
98 15 1 1.41332 1
96 94 1 1.04354 1
96 20 1 -0.0858383 0
96 155 1 2.70866 1
96 25 1 1.67633 1
155 20 1 -1.40011 0
155 30 1 1.29181 1
155 176 1 0.268918 1
176 20 1 -1.20515 1
21 64 1 3.47228 1
21 65 1 5.60183 1
21 66 1 -5.12012 1
21 67 1 -4.2673 1
21 68 1 0.384235 1
21 69 1 0.505312 1
21 70 1 0.81176 1
21 71 1 -7.91608 1
21 72 1 -8.17355 1
21 73 1 -2.4763 1
21 74 1 -3.83099 1
21 75 1 2.47757 1
21 76 1 -3.40844 1
21 77 1 -3.22258 1
21 78 1 -0.38483 1
21 79 1 -3.34172 1
21 80 1 0.378724 1
21 81 1 -2.11627 1
21 82 1 0.646159 1
21 83 1 -3.63833 1
21 84 1 8.21644 1
21 85 1 1.02204 1
21 86 1 2.54905 1
21 87 1 -0.241057 1
21 88 1 4.09173 1
21 89 1 1.18507 1
21 90 1 -0.485186 1
21 91 1 1.20942 0
21 92 1 3.15225 1
21 93 1 2.074 1
21 94 1 -2.78978 1
21 95 1 -0.470598 1
21 143 1 6.09473 1
143 91 1 -1.2537 1
22 64 1 0.819879 1
22 65 1 -0.349667 1
22 66 1 1.63919 1
22 67 1 4.42289 1
22 68 1 1.04728 1
22 69 1 -2.6453 1
22 70 1 -1.24776 1
22 71 1 -0.0250424 1
22 72 1 -4.40791 1
22 73 1 0.949867 1
22 74 1 -5.67506 1
22 75 1 -0.893245 1
22 76 1 0.512804 1
22 77 1 -0.946103 1
22 78 1 3.22334 1
22 79 1 5.68271 1
22 80 1 1.16097 1
22 81 1 -4.40251 1
22 82 1 2.14304 1
22 83 1 -1.06829 1
22 84 1 -1.70594 1
22 85 1 2.75201 1
22 86 1 0.117177 1
22 87 1 5.16953 1
22 88 1 -3.5683 1
22 89 1 -1.09878 1
22 90 1 0.955615 1
22 91 1 1.44708 1
22 92 1 0.748083 1
22 93 1 2.92662 1
22 94 1 6.52093 1
22 95 1 0.59114 1
23 64 1 -1.51195 1
23 65 1 2.20177 1
23 66 1 4.15458 1
23 67 1 3.96994 1
23 68 1 -3.47895 1
23 69 1 3.12767 1
23 70 1 3.16214 1
23 71 1 -3.85857 1
23 72 1 -0.959879 1
23 73 1 -1.74424 1
23 74 1 3.6001 1
23 75 1 1.92883 1
23 76 1 2.47737 1
23 77 1 1.82484 1
23 78 1 1.16723 0
23 79 1 -5.821 1
23 80 1 2.34235 1
23 81 1 2.15647 1
23 82 1 -4.68682 1
23 83 1 -1.04802 1
23 84 1 2.13315 1
23 85 1 -2.66326 1
23 86 1 -12.4148 1
23 87 1 -0.838047 1
23 88 1 0.855167 1
23 89 1 -4.14664 1
23 90 1 -6.68337 1
23 91 1 -2.47804 1
23 92 1 3.11858 1
23 93 1 4.09362 1
23 94 1 -3.89164 1
23 95 1 0.272424 1
23 107 1 0.503833 1
23 27 1 0.224823 1
23 178 1 1.01641 1
178 78 1 0.00351771 1
24 64 1 -2.70084 1
24 65 1 2.89702 1
24 66 1 -0.234829 1
24 67 1 7.12208 1
24 68 1 -4.75567 1
24 69 1 3.01295 0
24 70 1 1.63467 1
24 71 1 5.72537 1
24 72 1 1.98278 1
24 73 1 1.53222 1
24 74 1 -0.0306698 1
24 75 1 1.00732 1
24 76 1 -5.06047 1
24 77 1 -1.83391 1
24 78 1 -6.72064 1
24 79 1 1.1023 1
24 80 1 5.03198 1
24 81 1 4.06204 1
24 82 1 -1.85969 1
24 83 1 -1.13422 1
24 84 1 -4.77026 1
24 85 1 0.449592 1
24 86 1 -4.47029 1
24 87 1 3.528 1
24 88 1 0.602767 1
24 89 1 9.73788 1
24 90 1 4.9444 1
24 91 1 -2.11839 1
24 92 1 0.827785 1
24 93 1 -0.666088 1
24 94 1 -0.878685 1
24 95 1 -5.55831 1
24 5 1 1.26794 1
24 168 1 -1.18449 1
168 69 1 4.66494 1
168 172 1 0.635502 1
25 64 1 -3.77275 1
25 65 1 1.63171 1
25 66 1 -1.9904 1
25 67 1 -3.25826 1
25 68 1 0.968616 1
25 69 1 -6.72212 1
25 70 1 -0.637574 0
25 71 1 -3.44304 1
25 72 1 2.37042 1
25 73 1 1.88138 1
25 74 1 2.10719 1
25 75 1 -3.09125 1
25 76 1 -0.48676 1
25 77 1 -1.5241 1
25 78 1 3.02505 1
25 79 1 1.09319 1
25 80 1 0.239412 1
25 81 1 -0.463957 1
25 82 1 -2.0627 1
25 83 1 1.28236 1
25 84 1 -0.459767 1
25 85 1 -2.07837 1
25 86 1 4.91741 1
25 87 1 0.256297 1
25 88 1 -1.55161 1
25 89 1 -2.34474 1
25 90 1 -3.27833 1
25 91 1 4.24415 1
25 92 1 4.10121 1
25 93 1 -1.28428 1
25 94 1 -2.93995 0
25 95 1 -3.65641 1
25 8 1 1.10397 1
25 6 1 -0.371412 1
25 121 1 0.975403 1
25 175 1 1.2861 1
175 94 1 -3.837 1
121 70 1 6.1607 1
26 64 1 -1.88668 1
26 65 1 2.42066 1
26 66 1 -1.70796 1
26 67 1 1.79923 1
26 68 1 -1.12478 1
26 69 1 0.237892 1
26 70 1 -0.651345 1
26 71 1 1.3953 1
26 72 1 -3.30427 1
26 73 1 0.448951 1
26 74 1 -9.1956 1
26 75 1 3.205 1
26 76 1 2.17901 1
26 77 1 -5.36365 1
26 78 1 0.956835 1
26 79 1 0.918969 1
26 80 1 -3.73421 1
26 81 1 4.6334 1
26 82 1 3.41686 1
26 83 1 1.76605 1
26 84 1 -5.7928 1
26 85 1 -0.813893 1
26 86 1 -4.8481 1
26 87 1 2.60367 1
26 88 1 -5.18322 1
26 89 1 2.57811 1
26 90 1 -3.64644 1
26 91 1 -2.6147 1
26 92 1 -0.390471 1
26 93 1 -2.01321 1
26 94 1 1.05719 1
26 95 1 -0.231405 1
26 23 1 5.70204 1
26 15 1 1.38749 1
26 161 1 0.036897 1
27 64 1 -1.81923 1
27 65 1 6.58842 1
27 66 1 3.31573 1
27 67 1 -0.223375 1
27 68 1 3.34341 1
27 69 1 2.02179 1
27 70 1 5.59227 1
27 71 1 -6.14266 1
27 72 1 0.664542 1
27 73 1 2.66303 1
27 74 1 -3.6002 1
27 75 1 2.83106 1
27 76 1 -2.22283 1
27 77 1 2.0285 1
27 78 1 1.84085 1
27 79 1 0.551395 1
27 80 1 -1.12671 1
27 81 1 -2.81013 1
27 82 1 1.9074 1
27 83 1 -0.377514 1
27 84 1 3.03302 1
27 85 1 -1.39507 1
27 86 1 -3.76294 1
27 87 1 -1.76603 1
27 88 1 -8.84747 1
27 89 1 -4.79338 1
27 90 1 7.14953 1
27 91 1 -2.56683 1
27 92 1 -0.124935 1
27 93 1 -0.263996 1
27 94 1 0.389892 0
27 95 1 -1.05502 1
27 9 1 4.37694 1
27 5 1 1.44418 1
27 186 1 0.890612 1
186 94 1 -0.593723 1
28 64 1 2.59761 1
28 65 1 0.695964 1
28 66 1 -0.497255 1
28 67 1 5.36232 1
28 68 1 4.72791 1
28 69 1 1.56844 1
28 70 1 -2.08685 1
28 71 1 1.24709 1
28 72 1 -7.4643 1
28 73 1 0.0127251 1
28 74 1 -2.72135 1
28 75 1 1.87472 1
28 76 1 1.09494 1
28 77 1 2.1778 1
28 78 1 -3.80071 1
28 79 1 2.44249 1
28 80 1 1.944 1
28 81 1 -0.836054 1
28 82 1 4.79539 1
28 83 1 1.38836 1
28 84 1 4.45057 1
28 85 1 -4.33574 1
28 86 1 -2.03685 1
28 87 1 2.19687 1
28 88 1 -5.0854 1
28 89 1 0.703965 1
28 90 1 -2.16953 1
28 91 1 2.36959 1
28 92 1 4.98848 1
28 93 1 -1.16243 1
28 94 1 7.06054 1
28 95 1 -2.01691 1
29 64 1 0.427178 1
29 65 1 1.62299 1
29 66 1 -1.55975 1
29 67 1 3.82358 1
29 68 1 -7.89406 1
29 69 1 2.66766 1
29 70 1 -3.21031 1
29 71 1 -1.56445 1
29 72 1 1.49984 1
29 73 1 1.06466 1
29 74 1 -2.68276 1
29 75 1 -0.576223 1
29 76 1 -1.277 1
29 77 1 1.18615 1
29 78 1 -5.59527 1
29 79 1 -3.30287 1
29 80 1 2.33004 1
29 81 1 2.30664 1
29 82 1 1.64261 1
29 83 1 0.749976 1
29 84 1 -1.25651 1
29 85 1 -1.36793 1
29 86 1 -3.58853 1
29 87 1 -2.90097 1
29 88 1 -2.26485 1
29 89 1 -1.77755 1
29 90 1 -0.498177 1
29 91 1 1.32004 1
29 92 1 1.02414 1
29 93 1 -0.151505 1
29 94 1 -1.20129 1
29 95 1 1.80081 1
29 113 1 1.31664 1
30 64 1 -0.897312 1
30 65 1 5.89467 1
30 66 1 4.62263 1
30 67 1 -1.93052 1
30 68 1 0.799597 1
30 69 1 0.564379 1
30 70 1 5.35219 1
30 71 1 -0.204159 1
30 72 1 -1.97537 1
30 73 1 4.13381 1
30 74 1 -0.964606 1
30 75 1 1.66665 1
30 76 1 3.42105 1
30 77 1 -1.85344 1
30 78 1 5.36506 1
30 79 1 4.55525 1
30 80 1 -2.90914 1
30 81 1 -0.523516 1
30 82 1 6.99463 1
30 83 1 2.46211 1
30 84 1 2.16164 1
30 85 1 -2.17469 1
30 86 1 -2.05217 1
30 87 1 -3.58309 1
30 88 1 0.733517 1
30 89 1 -1.588 1
30 90 1 -1.22972 1
30 91 1 3.94153 1
30 92 1 -0.356248 1
30 93 1 1.35361 1
30 94 1 2.16402 1
30 95 1 -3.40844 1
30 28 1 0.788258 1
31 64 1 2.17863 1
31 65 1 -4.37502 1
31 66 1 -4.46749 1
31 67 1 8.57743 1
31 68 1 4.74428 1
31 69 1 1.46808 1
31 70 1 -0.412316 1
31 71 1 2.61686 1
31 72 1 -2.53857 1
31 73 1 0.798679 1
31 74 1 4.31173 1
31 75 1 -0.998995 1
31 76 1 -4.05356 1
31 77 1 -0.851581 1
31 78 1 -4.26504 1
31 79 1 -0.723294 1
31 80 1 -0.883991 1
31 81 1 -1.69356 1
31 82 1 -0.161007 1
31 83 1 -1.90491 1
31 84 1 -3.5832 1
31 85 1 -4.29156 1
31 86 1 1.0419 1
31 87 1 -3.67798 0
31 88 1 2.01815 1
31 89 1 -1.33023 1
31 90 1 -0.61317 1
31 91 1 -4.81862 1
31 92 1 0.77474 1
31 93 1 -0.672146 1
31 94 1 1.97622 1
31 95 1 -0.936479 1
31 122 1 1.62156 1
31 10 1 -0.452771 1
31 117 1 -1.56184 1
122 87 1 -0.892864 1
32 64 1 6.08876 1
32 65 1 1.71562 1
32 66 1 -4.42374 1
32 67 1 1.91893 1
32 68 1 0.172105 1
32 69 1 5.33476 1
32 70 1 -0.532068 1
32 71 1 3.99254 1
32 72 1 -1.99889 1
32 73 1 1.07952 1
32 74 1 -1.00209 1
32 75 1 6.42934 1
32 76 1 1.31141 1
32 77 1 3.66866 1
32 78 1 0.583035 1
32 79 1 -0.926071 1
32 80 1 -0.860498 1
32 81 1 -1.5875 1
32 82 1 -3.44581 1
32 83 1 -3.51246 1
32 84 1 1.83906 1
32 85 1 -2.13441 1
32 86 1 -0.181726 1
32 87 1 -1.88042 1
32 88 1 0.0589269 1
32 89 1 0.346081 1
32 90 1 2.49321 1
32 91 1 -4.52918 1
32 92 1 4.62617 1
32 93 1 2.15286 1
32 94 1 -2.11533 1
32 95 1 0.157032 1
33 64 1 0.891585 1
33 65 1 -3.25084 1
33 66 1 -2.06801 1
33 67 1 -1.79945 1
33 68 1 -0.77088 1
33 69 1 -4.33258 1
33 70 1 3.31868 1
33 71 1 5.21971 1
33 72 1 3.44215 1
33 73 1 3.76179 1
33 74 1 1.38016 1
33 75 1 -7.17948 1
33 76 1 -5.88465 1
33 77 1 2.64416 1
33 78 1 -1.39444 1
33 79 1 -5.26508 1
33 80 1 1.42008 1
33 81 1 -3.70972 1
33 82 1 -2.71471 1
33 83 1 1.17679 1
33 84 1 -0.978177 1
33 85 1 0.42241 1
33 86 1 3.92887 1
33 87 1 3.0181 1
33 88 1 3.28856 1
33 89 1 5.43274 1
33 90 1 -2.88516 1
33 91 1 -2.51183 1
33 92 1 1.56799 1
33 93 1 2.6003 1
33 94 1 4.14189 1
33 95 1 0.501498 1
33 20 1 0.639055 1
33 107 1 -0.84416 1
33 13 1 0.795924 1
33 113 1 -2.16488 1
34 64 1 -0.267337 1
34 65 1 -2.05465 1
34 66 1 3.41071 1
34 67 1 0.551885 1
34 68 1 -1.56256 1
34 69 1 -2.72824 1
34 70 1 -2.17523 1
34 71 1 -3.2088 1
34 72 1 -3.83334 1
34 73 1 -4.00585 1
34 74 1 4.26824 1
34 75 1 6.82484 1
34 76 1 -3.79033 1
34 77 1 -1.24595 1
34 78 1 -0.617163 1
34 79 1 0.827715 1
34 80 1 3.99794 1
34 81 1 -1.83267 1
34 82 1 1.86407 1
34 83 1 1.81206 1
34 84 1 -0.268941 1
34 85 1 -2.42845 1
34 86 1 -0.504011 1
34 87 1 -1.3849 1
34 88 1 -0.613438 1
34 89 1 -0.116365 1
34 90 1 -6.66836 1
34 91 1 3.85884 1
34 92 1 3.60825 1
34 93 1 -3.12737 1
34 94 1 4.01701 1
34 95 1 2.44 1
34 113 1 -2.632 1
35 64 1 1.70838 1
35 65 1 -2.33026 1
35 66 1 -1.78952 1
35 67 1 5.61429 1
35 68 1 2.10465 1
35 69 1 1.78326 1
35 70 1 3.02304 1
35 71 1 1.70873 1
35 72 1 0.635722 1
35 73 1 7.14833 1
35 74 1 1.23315 1
35 75 1 -2.93882 1
35 76 1 -4.07368 1
35 77 1 1.94242 1
35 78 1 -0.314081 1
35 79 1 3.41501 1
35 80 1 -6.51431 1
35 81 1 -0.868356 1
35 82 1 4.29843 0
35 83 1 -2.81014 1
35 84 1 5.70786 1
35 85 1 -3.42605 1
35 86 1 -0.943389 1
35 87 1 -3.96908 1
35 88 1 0.535581 1
35 89 1 2.30048 0
35 90 1 -2.43817 1
35 91 1 0.424047 1
35 92 1 -3.32869 1
35 93 1 -6.7922 1
35 94 1 1.43481 1
35 95 1 0.197102 1
35 130 1 1.46722 1
35 133 1 7.32187 1
133 82 1 0.463346 1
130 89 1 -0.527281 1
130 109 1 -0.135877 1
36 64 1 2.53418 1
36 65 1 3.54315 1
36 66 1 2.70433 1
36 67 1 0.490227 1
36 68 1 -5.67348 1
36 69 1 -1.9377 1
36 70 1 -3.01961 1
36 71 1 1.33776 1
36 72 1 -2.34924 1
36 73 1 0.330664 1
36 74 1 -1.00153 1
36 75 1 -0.165994 1
36 76 1 1.48869 1
36 77 1 -4.93696 1
36 78 1 0.535014 1
36 79 1 4.92136 1
36 80 1 4.48408 1
36 81 1 -1.71819 1
36 82 1 0.537752 0
36 83 1 1.07464 1
36 84 1 4.27011 1
36 85 1 -2.59061 1
36 86 1 0.330352 1
36 87 1 1.33427 1
36 88 1 -2.52937 1
36 89 1 0.0112899 1
36 90 1 -3.92758 1
36 91 1 0.640666 1
36 92 1 4.01954 1
36 93 1 1.45785 1
36 94 1 -3.02893 1
36 95 1 6.77094 1
36 109 1 0.827317 0
36 24 1 -1.85665 1
36 117 1 1.69182 1
117 109 1 2.44958 1
117 4 1 0.180025 1
109 82 1 -0.336637 1
109 31 1 1.54582 1
37 64 1 -5.85482 1
37 65 1 1.39632 1
37 66 1 -4.29631 1
37 67 1 0.631527 1
37 68 1 -5.11181 1
37 69 1 2.82227 1
37 70 1 -7.02394 1
37 71 1 -1.39142 1
37 72 1 1.30508 1
37 73 1 0.898828 1
37 74 1 0.588204 1
37 75 1 0.611053 1
37 76 1 3.62696 0
37 77 1 1.14532 1
37 78 1 -1.10839 1
37 79 1 1.11777 1
37 80 1 1.49299 1
37 81 1 2.93417 1
37 82 1 1.92653 1
37 83 1 4.52565 1
37 84 1 -4.50294 1
37 85 1 4.15656 1
37 86 1 -1.39481 1
37 87 1 -1.09677 1
37 88 1 -1.14031 1
37 89 1 -3.18267 1
37 90 1 -4.48073 1
37 91 1 0.904566 1
37 92 1 3.17491 1
37 93 1 0.530796 1
37 94 1 -1.93291 1
37 95 1 0.478044 1
37 142 1 0.572326 1
37 160 1 -1.39408 1
142 76 1 -0.698371 1
142 147 1 0.814867 1
142 6 1 0.427395 1
38 64 1 1.04812 1
38 65 1 -2.2704 1
38 66 1 -1.28595 1
38 67 1 -3.906 1
38 68 1 -2.01216 1
38 69 1 -5.13809 1
38 70 1 -0.459047 1
38 71 1 -0.507586 1
38 72 1 1.43959 1
38 73 1 1.4784 1
38 74 1 -0.722859 1
38 75 1 5.91872 1
38 76 1 1.74998 1
38 77 1 -1.79116 1
38 78 1 0.0372589 1
38 79 1 0.120496 1
38 80 1 0.0281253 1
38 81 1 -2.00061 1
38 82 1 3.13458 1
38 83 1 -0.533337 1
38 84 1 -1.6609 1
38 85 1 -2.22748 1
38 86 1 -0.0532965 1
38 87 1 1.57266 0
38 88 1 4.09312 1
38 89 1 5.1241 1
38 90 1 -1.28694 1
38 91 1 2.99357 1
38 92 1 2.93735 0
38 93 1 0.543245 1
38 94 1 1.13403 1
38 95 1 -2.45773 1
38 148 1 2.76518 1
38 162 1 0.208411 1
162 87 1 1.39636 0
162 185 1 0.837296 1
185 87 1 0.762466 1
148 92 1 2.95374 1
39 64 1 1.06703 1
39 65 1 -1.6441 1
39 66 1 1.14289 1
39 67 1 -1.81884 1
39 68 1 -0.474514 1
39 69 1 -0.0206031 1
39 70 1 0.792046 1
39 71 1 -2.16244 1
39 72 1 -4.13649 1
39 73 1 -3.91877 1
39 74 1 -0.432413 1
39 75 1 4.12025 0
39 76 1 4.65413 0
39 77 1 0.325709 1
39 78 1 -4.25215 1
39 79 1 -5.09519 1
39 80 1 -1.95994 1
39 81 1 -1.98382 1
39 82 1 -4.2208 1
39 83 1 -2.98022 1
39 84 1 -3.52454 1
39 85 1 0.324177 1
39 86 1 1.43266 1
39 87 1 0.895139 1
39 88 1 -1.19578 1
39 89 1 0.163682 1
39 90 1 4.85075 1
39 91 1 0.794398 1
39 92 1 7.22953 1
39 93 1 1.07382 1
39 94 1 -5.73111 1
39 95 1 -1.43165 1
39 2 1 -2.36474 1
39 112 1 3.54493 1
39 13 1 -0.43442 1
39 104 1 -0.433319 1
39 172 1 2.32073 1
172 76 1 4.05147 1
172 28 1 0.632292 1
112 75 1 -2.19837 1
112 138 1 -2.01108 1
112 153 1 1.314 0
112 170 1 -0.184618 1
112 113 1 0.632898 1
170 153 1 -3.61844 1
170 126 1 2.2139 1
40 64 1 -4.95136 1
40 65 1 -0.222952 1
40 66 1 2.88017 1
40 67 1 2.47029 1
40 68 1 1.51361 1
40 69 1 3.76164 1
40 70 1 -0.941251 1
40 71 1 0.692608 1
40 72 1 0.771279 1
40 73 1 1.72155 1
40 74 1 -0.284208 1
40 75 1 2.16303 1
40 76 1 -3.05319 1
40 77 1 3.88067 1
40 78 1 2.13415 1
40 79 1 -1.95106 1
40 80 1 2.61855 1
40 81 1 1.37109 1
40 82 1 0.872295 1
40 83 1 -2.9004 1
40 84 1 -3.35493 1
40 85 1 -0.302936 1
40 86 1 1.74791 1
40 87 1 -0.379394 1
40 88 1 1.97568 1
40 89 1 -1.54904 1
40 90 1 -0.519776 1
40 91 1 -1.13504 1
40 92 1 -2.90887 1
40 93 1 1.58439 1
40 94 1 1.04952 1
40 95 1 3.30607 1
40 2 1 1.48932 1
40 134 1 2.87578 1
41 64 1 3.11586 1
41 65 1 -0.786697 1
41 66 1 0.206335 1
41 67 1 1.10749 1
41 68 1 2.35914 1
41 69 1 -0.550102 1
41 70 1 2.43044 1
41 71 1 1.08565 1
41 72 1 4.6151 1
41 73 1 -5.77142 1
41 74 1 0.951335 1
41 75 1 3.37021 1
41 76 1 -6.3024 1
41 77 1 1.03962 1
41 78 1 -5.49791 1
41 79 1 1.38935 1
41 80 1 2.97421 1
41 81 1 4.2279 1
41 82 1 -1.7384 1
41 83 1 2.93593 1
41 84 1 -3.77748 1
41 85 1 -0.0216313 1
41 86 1 -0.170716 1
41 87 1 1.31869 1
41 88 1 2.67009 1
41 89 1 -0.58182 1
41 90 1 -0.576303 1
41 91 1 1.61629 1
41 92 1 0.606233 1
41 93 1 -0.441063 1
41 94 1 -3.10037 1
41 95 1 1.22164 1
41 11 1 0.634733 1
41 29 1 -3.95255 1
41 97 1 -1.33502 1
42 64 1 2.62388 1
42 65 1 0.361379 1
42 66 1 -1.61662 1
42 67 1 2.2328 1
42 68 1 -2.48228 1
42 69 1 -1.59296 1
42 70 1 0.743679 1
42 71 1 0.592488 1
42 72 1 -2.16067 1
42 73 1 -1.05621 1
42 74 1 3.22513 1
42 75 1 -2.84689 1
42 76 1 -4.82272 1
42 77 1 -2.3537 1
42 78 1 0.355424 1
42 79 1 2.34401 1
42 80 1 -0.40381 1
42 81 1 3.76334 1
42 82 1 2.53618 1
42 83 1 3.5008 1
42 84 1 0.109141 1
42 85 1 -0.562132 1
42 86 1 2.12703 1
42 87 1 -3.3381 1
42 88 1 -3.52114 1
42 89 1 -1.67686 1
42 90 1 2.33545 1
42 91 1 1.9866 1
42 92 1 2.44872 1
42 93 1 2.20717 1
42 94 1 -3.67863 1
42 95 1 -1.59347 1
43 64 1 1.71143 1
43 65 1 -3.0771 1
43 66 1 4.25557 1
43 67 1 0.407014 1
43 68 1 1.6276 1
43 69 1 -4.01414 1
43 70 1 0.309784 1
43 71 1 -5.34978 1
43 72 1 1.07636 1
43 73 1 -8.45363 1
43 74 1 2.61071 1
43 75 1 -4.90715 1
43 76 1 -1.97986 1
43 77 1 2.305 1
43 78 1 0.707049 1
43 79 1 -4.58692 1
43 80 1 -0.588361 1
43 81 1 2.74878 1
43 82 1 1.76602 1
43 83 1 -2.67843 1
43 84 1 -2.08173 1
43 85 1 2.79063 1
43 86 1 3.26566 1
43 87 1 5.53149 1
43 88 1 2.55295 1
43 89 1 2.8788 1
43 90 1 -1.28956 1
43 91 1 -3.15292 1
43 92 1 3.20183 1
43 93 1 1.61509 1
43 94 1 -0.212249 1
43 95 1 2.24126 1
44 64 1 -0.520362 1
44 65 1 -5.70006 1
44 66 1 -1.21081 1
44 67 1 -2.47221 1
44 68 1 0.170611 1
44 69 1 -5.14887 1
44 70 1 3.26004 1
44 71 1 3.42429 1
44 72 1 -2.88082 1
44 73 1 2.53342 1
44 74 1 -1.71144 1
44 75 1 -3.98788 1
44 76 1 -1.79972 1
44 77 1 2.63705 1
44 78 1 3.2792 1
44 79 1 0.772197 1
44 80 1 6.78046 1
44 81 1 -2.72977 1
44 82 1 2.10475 1
44 83 1 -0.627177 1
44 84 1 1.31693 1
44 85 1 -1.10298 1
44 86 1 5.01246 1
44 87 1 0.229312 1
44 88 1 1.50566 1
44 89 1 0.0619744 1
44 90 1 4.33226 1
44 91 1 3.52378 1
44 92 1 -2.10751 1
44 93 1 2.84552 1
44 94 1 -2.67151 1
44 95 1 -3.85617 1
44 8 1 -1.19784 1
44 29 1 0.164985 1
45 64 1 -2.21886 1
45 65 1 -0.136189 1
45 66 1 -1.11569 1
45 67 1 2.76497 1
45 68 1 -0.413891 1
45 69 1 -5.33125 1
45 70 1 -3.80904 1
45 71 1 0.0446606 1
45 72 1 -4.9505 1
45 73 1 1.55769 1
45 74 1 4.06975 1
45 75 1 3.65367 1
45 76 1 -2.4373 1
45 77 1 -1.63406 1
45 78 1 -1.17403 1
45 79 1 3.17199 1
45 80 1 -2.34547 1
45 81 1 2.13231 1
45 82 1 1.36458 1
45 83 1 -2.9328 1
45 84 1 0.580397 1
45 85 1 -3.81944 1
45 86 1 3.26875 1
45 87 1 0.280322 1
45 88 1 5.63585 1
45 89 1 -2.484 1
45 90 1 -0.0807744 1
45 91 1 3.14491 1
45 92 1 -1.46179 1
45 93 1 -7.33552 1
45 94 1 1.22525 1
45 95 1 -5.17635 1
45 9 1 4.73342 1
45 20 1 0.605803 1
45 17 1 -0.657351 1
46 64 1 1.50135 1
46 65 1 1.21738 1
46 66 1 3.23906 1
46 67 1 3.09512 1
46 68 1 -6.66701 1
46 69 1 -0.239679 1
46 70 1 3.55184 1
46 71 1 -1.23576 1
46 72 1 3.03731 1
46 73 1 -4.61117 1
46 74 1 -1.74303 1
46 75 1 -2.55609 1
46 76 1 -5.70488 1
46 77 1 4.31666 1
46 78 1 -0.31698 1
46 79 1 0.154366 1
46 80 1 2.5756 1
46 81 1 1.19072 1
46 82 1 -0.560302 1
46 83 1 3.08473 1
46 84 1 -1.92797 1
46 85 1 3.40143 1
46 86 1 -3.00275 1
46 87 1 7.52568 1
46 88 1 0.277483 1
46 89 1 -5.89048 1
46 90 1 -3.97542 1
46 91 1 0.892412 1
46 92 1 -2.19328 1
46 93 1 -1.8001 1
46 94 1 0.881305 1
46 95 1 0.81658 1
46 24 1 1.91912 1
47 64 1 -0.0881477 1
47 65 1 -0.0359633 1
47 66 1 -0.867874 1
47 67 1 2.4094 1
47 68 1 -0.576085 1
47 69 1 3.17086 1
47 70 1 -1.64812 1
47 71 1 0.868565 1
47 72 1 -0.437072 1
47 73 1 5.41674 0
47 74 1 -1.44236 1
47 75 1 -1.36342 1
47 76 1 -3.67531 1
47 77 1 -6.66372 1
47 78 1 -3.21415 1
47 79 1 -1.12501 1
47 80 1 6.26069 1
47 81 1 -4.49395 1
47 82 1 2.51704 1
47 83 1 -0.057758 1
47 84 1 -2.84582 1
47 85 1 -1.66889 1
47 86 1 -2.99915 1
47 87 1 5.7274 1
47 88 1 5.29316 1
47 89 1 1.52023 1
47 90 1 6.78947 1
47 91 1 1.66188 1
47 92 1 2.70136 1
47 93 1 2.10913 1
47 94 1 1.79654 1
47 95 1 -1.41605 1
47 4 1 -0.0321986 1
47 137 1 3.18579 1
137 73 1 3.07712 0
137 156 1 -1.31553 1
156 73 1 4.16875 1
156 15 1 -0.031688 1
156 104 1 1.82574 1
48 64 1 -0.120317 1
48 65 1 -1.95966 1
48 66 1 4.13503 1
48 67 1 -3.0247 1
48 68 1 -4.34748 1
48 69 1 -4.27545 1
48 70 1 1.52382 1
48 71 1 0.656756 1
48 72 1 -7.16545 1
48 73 1 4.10867 1
48 74 1 6.2808 1
48 75 1 -4.91208 1
48 76 1 -2.68321 1
48 77 1 -1.33047 1
48 78 1 -1.99602 0
48 79 1 2.23746 1
48 80 1 -0.991409 1
48 81 1 -3.23474 1
48 82 1 -1.89093 1
48 83 1 0.276352 1
48 84 1 0.120633 1
48 85 1 -0.290277 1
48 86 1 -0.621921 1
48 87 1 0.939403 1
48 88 1 -0.0933652 1
48 89 1 -1.52823 1
48 90 1 1.60512 1
48 91 1 -0.489697 1
48 92 1 -6.32226 1
48 93 1 0.937505 1
48 94 1 6.8021 1
48 95 1 4.29209 1
48 16 1 0.809636 1
48 12 1 -0.0891943 1
48 14 1 -1.86723 1
48 30 1 1.11843 1
48 188 1 0.807454 1
188 78 1 -1.99083 1
49 64 1 -0.362929 1
49 65 1 -5.60857 1
49 66 1 2.39963 1
49 67 1 -0.124268 1
49 68 1 -4.68123 1
49 69 1 0.751744 1
49 70 1 0.769007 1
49 71 1 -1.92658 1
49 72 1 -2.49681 1
49 73 1 -0.0769 1
49 74 1 3.3305 1
49 75 1 0.89483 1
49 76 1 -5.92069 1
49 77 1 -4.48452 1
49 78 1 -1.6296 0
49 79 1 2.9385 1
49 80 1 5.75229 1
49 81 1 -2.4251 1
49 82 1 1.02518 1
49 83 1 0.142439 1
49 84 1 0.676386 1
49 85 1 -2.33519 1
49 86 1 -3.24531 1
49 87 1 -3.09818 1
49 88 1 2.17491 1
49 89 1 2.93497 1
49 90 1 -2.60227 1
49 91 1 2.41926 1
49 92 1 1.52579 1
49 93 1 3.71506 1
49 94 1 2.71483 1
49 95 1 2.52708 1
49 19 1 -0.323314 1
49 31 1 -1.74893 1
49 15 1 -3.18368 1
49 158 1 -0.297408 1
49 26 1 0.581123 1
49 144 1 -3.77716 1
158 78 1 -1.93452 1
50 64 1 -3.968 1
50 65 1 -3.02966 1
50 66 1 0.575819 1
50 67 1 -0.138169 1
50 68 1 2.77908 1
50 69 1 -2.12048 1
50 70 1 1.32459 1
50 71 1 5.69947 1
50 72 1 -3.94771 1
50 73 1 3.39842 1
50 74 1 0.342654 1
50 75 1 3.11279 1
50 76 1 -2.13681 1
50 77 1 -2.72148 1
50 78 1 1.238 1
50 79 1 -2.22421 1
50 80 1 1.6855 1
50 81 1 2.51762 1
50 82 1 -3.42316 1
50 83 1 5.61442 1
50 84 1 0.7374 1
50 85 1 4.44772 1
50 86 1 4.68597 1
50 87 1 -1.83869 1
50 88 1 -1.24959 1
50 89 1 -0.127636 1
50 90 1 -0.277823 1
50 91 1 1.00504 1
50 92 1 -0.0874743 1
50 93 1 -2.8634 1
50 94 1 -2.31633 1
50 95 1 0.497525 1
50 4 1 5.08101 1
50 22 1 -0.0297638 1
51 64 1 -0.511948 1
51 65 1 4.68061 1
51 66 1 2.66958 1
51 67 1 -1.32071 1
51 68 1 0.459998 1
51 69 1 -0.262085 1
51 70 1 -0.0393194 1
51 71 1 4.88053 1
51 72 1 -4.56459 1
51 73 1 -1.70752 0
51 74 1 -0.518477 1
51 75 1 4.30422 1
51 76 1 -2.6421 1
51 77 1 4.25996 1
51 78 1 7.04452 1
51 79 1 -1.26734 1
51 80 1 -0.435898 1
51 81 1 -2.57935 1
51 82 1 -0.706874 1
51 83 1 5.71098 1
51 84 1 -3.73367 1
51 85 1 0.91264 1
51 86 1 -1.30526 1
51 87 1 3.39509 1
51 88 1 -1.77914 0
51 89 1 1.67814 1
51 90 1 -1.26371 1
51 91 1 -2.48163 1
51 92 1 3.0958 1
51 93 1 5.50504 1
51 94 1 -3.85028 1
51 95 1 -2.72169 1
51 116 1 1.23959 1
51 12 1 -2.12304 1
51 179 1 -0.324318 1
179 88 1 -0.59965 1
116 73 1 1.42895 0
116 134 1 2.3589 1
134 73 1 3.74868 1
134 128 1 2.31765 1
52 64 1 -2.84534 1
52 65 1 6.16696 1
52 66 1 -0.716677 1
52 67 1 0.529777 1
52 68 1 1.41548 1
52 69 1 6.75951 1
52 70 1 2.89426 1
52 71 1 -2.55853 1
52 72 1 -0.0417806 1
52 73 1 3.68473 1
52 74 1 3.45126 1
52 75 1 2.73104 1
52 76 1 -4.87873 1
52 77 1 0.0107963 1
52 78 1 3.85455 1
52 79 1 -3.03163 1
52 80 1 -1.6886 1
52 81 1 0.256565 1
52 82 1 -1.10285 1
52 83 1 0.712319 1
52 84 1 0.338822 1
52 85 1 -1.08143 1
52 86 1 -6.36208 1
52 87 1 0.611331 1
52 88 1 0.249325 1
52 89 1 0.424966 1
52 90 1 -0.928514 1
52 91 1 -0.515057 1
52 92 1 1.1856 1
52 93 1 -4.36326 0
52 94 1 4.81559 1
52 95 1 0.043481 1
52 115 1 2.03535 1
52 139 1 0.695768 1
52 23 1 -1.40171 1
139 93 1 -0.328188 0
139 181 1 0.378019 0
139 184 1 1.5798 1
184 181 1 0.201072 1
184 15 1 0.884144 1
181 93 1 -0.768893 1
53 64 1 -4.73459 1
53 65 1 -0.450917 1
53 66 1 -2.76827 1
53 67 1 -1.19779 1
53 68 1 -0.907603 1
53 69 1 1.05843 1
53 70 1 0.978434 0
53 71 1 1.2741 1
53 72 1 0.0307853 1
53 73 1 0.479833 1
53 74 1 -0.490636 1
53 75 1 -2.76853 1
53 76 1 0.428078 1
53 77 1 2.00347 1
53 78 1 0.285626 1
53 79 1 -0.562971 1
53 80 1 1.45249 1
53 81 1 2.42804 1
53 82 1 1.4126 1
53 83 1 -2.01152 1
53 84 1 1.75246 1
53 85 1 2.0861 1
53 86 1 0.668416 1
53 87 1 -1.53579 1
53 88 1 1.46702 1
53 89 1 0.656861 1
53 90 1 -3.30857 1
53 91 1 0.50639 1
53 92 1 2.51343 1
53 93 1 -1.18288 1
53 94 1 -0.339506 1
53 95 1 -4.06025 1
53 20 1 4.91922 1
53 23 1 -0.534862 1
53 149 1 -0.784147 1
149 70 1 -1.70455 0
149 153 1 1.1575 1
149 126 1 -0.309394 1
153 70 1 0.839648 0
153 183 1 2.29792 1
153 189 1 0.760858 1
189 70 1 0.837064 1
183 70 1 0.627642 1
54 64 1 4.31933 1
54 65 1 1.99379 1
54 66 1 -0.805997 1
54 67 1 1.65119 1
54 68 1 2.56156 1
54 69 1 -4.27136 1
54 70 1 0.285182 1
54 71 1 4.38794 1
54 72 1 0.678587 1
54 73 1 0.225354 1
54 74 1 0.102405 1
54 75 1 -3.51388 1
54 76 1 -4.5406 1
54 77 1 0.993558 1
54 78 1 -2.21904 1
54 79 1 2.82333 1
54 80 1 1.06636 1
54 81 1 4.79075 1
54 82 1 -1.88602 1
54 83 1 3.14922 1
54 84 1 -0.835993 1
54 85 1 1.45367 1
54 86 1 -5.97171 1
54 87 1 0.523455 1
54 88 1 1.45462 1
54 89 1 4.70846 1
54 90 1 -2.68298 1
54 91 1 1.75354 1
54 92 1 -1.62127 1
54 93 1 5.08471 1
54 94 1 -2.97613 1
54 95 1 -2.28003 1
54 30 1 -0.28043 1
54 144 1 3.11904 1
54 16 1 0.138407 1
55 64 1 1.87995 1
55 65 1 -2.99103 1
55 66 1 -2.31544 1
55 67 1 -3.09975 1
55 68 1 1.87781 1
55 69 1 -0.19077 1
55 70 1 3.07278 1
55 71 1 -4.52541 1
55 72 1 2.11942 1
55 73 1 -1.01807 1
55 74 1 2.55339 1
55 75 1 -3.21131 1
55 76 1 -6.46352 1
55 77 1 2.20186 1
55 78 1 2.04989 1
55 79 1 4.96484 1
55 80 1 -1.4718 1
55 81 1 1.51177 1
55 82 1 -2.12888 1
55 83 1 1.31196 1
55 84 1 -0.28497 1
55 85 1 -7.81329 1
55 86 1 0.289941 1
55 87 1 -2.41368 1
55 88 1 -6.2069 1
55 89 1 1.49457 1
55 90 1 -0.949524 1
55 91 1 0.0814138 1
55 92 1 9.78789 1
55 93 1 -4.48218 1
55 94 1 -3.23676 1
55 95 1 -0.414368 0
55 28 1 4.92254 1
55 114 1 0.654193 1
55 0 1 -3.4833 1
55 2 1 -0.996579 1
114 95 1 -1.05862 1
56 64 1 3.09111 1
56 65 1 -11.8321 1
56 66 1 -1.12012 1
56 67 1 -1.24163 1
56 68 1 3.56954 0
56 69 1 -2.24336 1
56 70 1 3.00838 1
56 71 1 2.71305 1
56 72 1 -1.9129 1
56 73 1 0.699672 1
56 74 1 2.73963 1
56 75 1 7.04454 1
56 76 1 -1.93923 1
56 77 1 -1.87418 1
56 78 1 -4.17976 1
56 79 1 -1.42506 1
56 80 1 0.737731 1
56 81 1 5.37481 1
56 82 1 2.3297 1
56 83 1 -1.0255 1
56 84 1 -1.80418 1
56 85 1 -1.97309 1
56 86 1 2.66615 1
56 87 1 1.01769 1
56 88 1 1.78879 1
56 89 1 1.91486 1
56 90 1 -0.221928 1
56 91 1 -0.707073 1
56 92 1 0.695528 1
56 93 1 3.21582 1
56 94 1 -1.70934 1
56 95 1 -1.79616 1
56 3 1 -3.00098 1
56 126 1 4.7843 1
56 0 1 -2.27209 1
126 68 1 3.04748 1
126 11 1 -3.47164 1
57 64 1 -4.9452 1
57 65 1 6.23603 1
57 66 1 -0.719008 1
57 67 1 -2.85236 1
57 68 1 -1.07292 1
57 69 1 -2.01032 0
57 70 1 0.765757 1
57 71 1 3.01265 1
57 72 1 3.89627 1
57 73 1 -2.69493 1
57 74 1 1.17738 1
57 75 1 5.66822 1
57 76 1 3.98571 1
57 77 1 -6.37661 1
57 78 1 0.808492 1
57 79 1 -2.85073 1
57 80 1 4.46842 1
57 81 1 4.93786 1
57 82 1 4.42048 1
57 83 1 -2.76186 1
57 84 1 0.161216 1
57 85 1 -4.62067 1
57 86 1 -1.00413 1
57 87 1 -0.329018 1
57 88 1 2.61155 1
57 89 1 0.683551 1
57 90 1 1.42575 1
57 91 1 -2.73387 1
57 92 1 -2.1335 1
57 93 1 -3.48605 1
57 94 1 -1.1177 1
57 95 1 3.97851 1
57 104 1 4.35624 1
57 22 1 0.58015 1
104 69 1 0.876039 1
104 1 1 2.55248 1
104 107 1 -0.495579 1
104 19 1 0.636882 1
58 64 1 7.49492 1
58 65 1 -3.54654 1
58 66 1 -2.36983 1
58 67 1 -0.383014 1
58 68 1 -3.97608 1
58 69 1 -2.01055 1
58 70 1 0.072754 1
58 71 1 2.28541 1
58 72 1 2.55636 1
58 73 1 -3.82543 1
58 74 1 1.85052 1
58 75 1 1.28037 1
58 76 1 0.501019 1
58 77 1 3.82617 1
58 78 1 -3.32769 1
58 79 1 0.0217069 0
58 80 1 -3.53889 1
58 81 1 3.07827 1
58 82 1 1.09796 1
58 83 1 1.023 1
58 84 1 -2.04456 1
58 85 1 1.1928 1
58 86 1 1.90215 1
58 87 1 -4.55436 1
58 88 1 -7.0007 1
58 89 1 -2.86941 1
58 90 1 1.07649 1
58 91 1 -2.01101 1
58 92 1 0.443131 0
58 93 1 0.543293 1
58 94 1 -2.32823 1
58 95 1 2.86497 1
58 128 1 1.50868 1
58 115 1 0.323972 1
58 174 1 2.16225 1
174 92 1 -0.142045 1
128 79 1 -0.00936487 0
128 131 1 2.9899 1
131 79 1 1.94806 0
131 160 1 0.338591 1
131 7 1 0.0533316 1
160 79 1 3.58309 0
160 125 1 1.96286 1
160 173 1 0.11988 1
173 79 1 2.473 1
59 64 1 -2.63839 1
59 65 1 1.03182 1
59 66 1 5.47804 1
59 67 1 -1.85227 1
59 68 1 3.32035 1
59 69 1 -2.82484 1
59 70 1 -3.114 1
59 71 1 -0.0754127 1
59 72 1 -0.12506 1
59 73 1 -0.898191 1
59 74 1 1.46905 1
59 75 1 0.952465 1
59 76 1 2.38724 1
59 77 1 -0.536787 0
59 78 1 1.98367 1
59 79 1 -2.98838 1
59 80 1 2.22324 1
59 81 1 1.21251 1
59 82 1 -3.51871 1
59 83 1 6.2128 1
59 84 1 1.79421 1
59 85 1 -5.84898 1
59 86 1 -4.68565 1
59 87 1 1.28139 1
59 88 1 5.23194 1
59 89 1 0.057486 1
59 90 1 0.427528 1
59 91 1 -1.27896 1
59 92 1 1.72445 1
59 93 1 2.89718 1
59 94 1 -5.27825 1
59 95 1 3.41362 1
59 97 1 -0.813057 1
59 5 1 -5.50533 1
59 11 1 -3.63084 1
59 13 1 0.557643 1
97 77 1 -6.47108 1
97 22 1 0.463833 1
97 2 1 -6.94252 0
97 99 1 0.932914 1
97 7 1 3.74418 0
97 102 1 2.28489 1
97 17 1 3.53146 1
102 7 1 5.72134 1
99 2 1 0.62753 0
99 108 1 5.50335 1
99 15 1 4.45745 1
108 2 1 0.535427 0
108 125 1 6.86308 1
108 0 1 -0.415035 1
125 2 1 1.95273 1
125 1 1 0.746301 1
60 64 1 0.682053 1
60 65 1 0.442481 1
60 66 1 1.90876 1
60 67 1 -1.22308 1
60 68 1 0.246706 1
60 69 1 2.94753 1
60 70 1 -1.62139 1
60 71 1 1.83063 1
60 72 1 -0.152874 0
60 73 1 1.84883 1
60 74 1 2.01763 1
60 75 1 1.07245 1
60 76 1 -1.94499 1
60 77 1 5.74483 1
60 78 1 -2.95922 1
60 79 1 -0.500217 1
60 80 1 -4.71892 1
60 81 1 -4.11857 1
60 82 1 -0.236607 1
60 83 1 2.34678 1
60 84 1 -4.80825 1
60 85 1 2.30635 1
60 86 1 2.78476 1
60 87 1 -0.535522 1
60 88 1 -4.68185 1
60 89 1 1.92004 1
60 90 1 -1.53542 1
60 91 1 -0.842663 1
60 92 1 -0.232929 1
60 93 1 -0.908134 1
60 94 1 -0.58011 1
60 95 1 0.597365 1
60 24 1 -1.0249 1
60 0 1 4.23411 1
60 115 1 3.61444 1
60 3 1 -3.48278 1
60 20 1 -0.471659 1
115 72 1 -2.282 1
115 18 1 1.29907 1
115 14 1 3.20366 1
115 19 1 -1.11251 1
61 64 1 -0.175546 1
61 65 1 -0.162639 1
61 66 1 2.96039 1
61 67 1 0.680589 1
61 68 1 -3.23448 1
61 69 1 3.36743 1
61 70 1 3.37484 1
61 71 1 1.22795 1
61 72 1 0.607128 1
61 73 1 0.710393 1
61 74 1 3.81412 1
61 75 1 5.45574 1
61 76 1 1.5016 1
61 77 1 -2.77922 0
61 78 1 -3.34539 1
61 79 1 1.52553 1
61 80 1 -2.1043 1
61 81 1 -0.326777 1
61 82 1 -1.38074 1
61 83 1 -0.664487 1
61 84 1 -3.13453 1
61 85 1 -1.23734 1
61 86 1 -0.636279 1
61 87 1 2.37984 1
61 88 1 -2.82721 1
61 89 1 1.76329 1
61 90 1 -2.93719 1
61 91 1 1.69346 1
61 92 1 -0.471963 1
61 93 1 0.328196 1
61 94 1 0.851682 1
61 95 1 -0.49433 1
61 107 1 0.537205 1
61 113 1 -0.834746 1
61 14 1 -2.16561 1
107 77 1 -4.90567 0
107 113 1 -1.46404 1
107 14 1 -2.59794 1
107 20 1 1.50717 1
113 77 1 -1.10955 0
113 23 1 -1.51245 1
113 147 1 2.06109 1
113 159 1 1.20064 1
159 77 1 -2.37389 0
159 161 1 0.686073 1
161 77 1 -1.66812 1
62 64 1 -0.90994 1
62 65 1 -2.69406 1
62 66 1 2.44409 1
62 67 1 -1.26557 1
62 68 1 2.19872 1
62 69 1 -0.206818 1
62 70 1 -0.886782 1
62 71 1 -4.88474 1
62 72 1 4.24462 1
62 73 1 3.59925 1
62 74 1 2.87567 1
62 75 1 -1.25937 1
62 76 1 2.81202 1
62 77 1 -3.74118 1
62 78 1 -2.2487 1
62 79 1 -2.779 1
62 80 1 2.2971 1
62 81 1 1.28345 1
62 82 1 -1.30475 1
62 83 1 3.41114 1
62 84 1 -0.432926 0
62 85 1 -1.03692 1
62 86 1 3.83932 1
62 87 1 -2.05117 1
62 88 1 0.591548 1
62 89 1 -2.59763 1
62 90 1 -8.8685 1
62 91 1 -0.222257 1
62 92 1 0.286771 1
62 93 1 -1.42256 1
62 94 1 -0.695807 1
62 95 1 -1.80605 1
62 5 1 0.841606 1
62 138 1 1.41509 0
62 152 1 0.460842 1
62 31 1 1.40877 1
152 138 1 1.90216 0
152 187 1 1.83733 1
187 138 1 1.62188 1
138 84 1 -1.04689 1
63 64 1 3.07164 1
63 65 1 -2.24359 1
63 66 1 6.04376 1
63 67 1 -3.84816 1
63 68 1 2.05041 1
63 69 1 -3.70337 1
63 70 1 -3.7623 1
63 71 1 2.36214 1
63 72 1 0.440702 1
63 73 1 1.30149 1
63 74 1 -7.97832 1
63 75 1 -0.0305393 1
63 76 1 -0.533085 0
63 77 1 0.0936038 1
63 78 1 -0.3537 1
63 79 1 0.0506856 1
63 80 1 2.64802 1
63 81 1 -1.78108 1
63 82 1 3.03821 1
63 83 1 -4.41123 1
63 84 1 -2.27787 1
63 85 1 -5.38914 1
63 86 1 6.3266 1
63 87 1 -3.46992 0
63 88 1 -1.19752 1
63 89 1 -1.57905 1
63 90 1 -0.389833 1
63 91 1 -2.43416 1
63 92 1 0.324064 1
63 93 1 1.56792 1
63 94 1 1.43528 1
63 95 1 -1.97274 1
63 141 1 6.62963 1
63 144 1 1.01559 1
144 76 1 0.158814 0
144 147 1 0.588608 1
147 76 1 -2.25294 1
147 9 1 -3.55863 1
141 87 1 -5.31874 1
141 10 1 1.28424 1
