195 64 32
4.29301 -1.38015 -2.58137 4.18234 -7.17184 3.96451 0.553639 3.49913 -1.18359 7.01564 3.50639 6.93132 -4.29319 -3.6707 -0.895111 -2.77468 1.7039 -0.458894 1.3806 -0.593555 -1.20441 -0.156722 -0.701762 1.56611 -5.36515 0.0818972 4.91458 2.41375 -4.28685 -2.95168 -3.29977 -1.18611 -0.710102 1.13698 -0.630046 4.50758 -4.4854 0.723284 -1.54774 -1.02506 -3.09529 1.86041 -1.62139 -3.03716 -6.17375 -5.3977 -5.89155 2.0748 0.178308 4.67112 1.86586 -3.44605 -3.69484 -1.08853 -0.984457 1.8905 -2.08103 3.00809 1.40187 -2.66242 2.05856 -3.6077 -4.12839 -3.31181 -3.7941 -3.28482 3.07643 1.84012 -2.63294 1.79264 -2.4025 -6.46718 -3.42651 -3.33898 2.29557 4.71104 -0.705198 -2.02775 -0.373811 -6.29434 -0.546849 0.50119 -4.24756 3.07254 1.77768 0.819773 -2.25463 0.491533 3.83147 1.12112 -3.05846 1.3828 -1.0027 -0.827277 0.445914 0.0220706 -1.58884 -1.74549 -2.31531 -1.45609 1.25458 -3.07769 -5.85491 -0.330266 -4.7523 1.46041 -2.05421 -4.2872 -2.04833 -1.3969 -1.50207 3.8276 1.56008 -6.03019 1.06209 -1.70311 -1.25171 0.390461 0.189226 -1.1565 3.84956 -2.05836 -1.38964 0.228039 1.77163 4.13691 -0.694256 0.0658561 0.865818 3.13924 0.320252 -0.747176 -0.755213 0.654842 -1.2149 -0.33237 0.0534703 0.101268 -3.79819 -1.6706 3.8606 -2.96235 -2.64871 -2.86134 1.20737 2.71047 1.25327 -4.69117 -0.107976 -2.96618 -1.56972 -1.71604 -0.124399 -0.86736 -0.153527 -0.973051 -0.444213 -0.0982208 -1.15979 0.624727 1.43876 1.07997 1.4877 2.16762 2.16107 -1.02714 1.1862 -0.662896 -0.0686933 0.0198298 0.526758 1.04235 2.20423 -0.534766 -1.05025 0.594394 -1.1816 -0.645032 -0.197388 1.30241 0.977672 0.51952 0.184203 -0.549738 -1.84113 -0.227511 -0.678119 1.59644 -0.11431 -0.281868 -0.25523 -0.0487767 -0.473903 0.57337 -0.077459 
0 64 1 -4.52209 1
0 65 1 2.28354 1
0 66 1 2.98361 1
0 67 1 0.908493 1
0 68 1 -2.03526 1
0 69 1 1.87851 1
0 70 1 2.54302 1
0 71 1 2.52079 1
0 72 1 1.6362 1
0 73 1 0.033962 1
0 74 1 -0.840246 1
0 75 1 2.74445 1
0 76 1 2.27913 1
0 77 1 2.84072 1
0 78 1 0.163812 1
0 79 1 0.168998 1
0 80 1 3.71263 1
0 81 1 3.71403 1
0 82 1 5.50755 1
0 83 1 0.243317 1
0 84 1 -1.66632 1
0 85 1 4.40562 1
0 86 1 -3.74726 1
0 87 1 -4.17658 1
0 88 1 3.93889 1
0 89 1 3.65544 1
0 90 1 4.65215 1
0 91 1 5.19543 1
0 92 1 -4.61631 1
0 93 1 -0.705438 1
0 94 1 2.3543 1
0 95 1 -1.37875 1
0 10 1 -2.00057 1
1 64 1 0.510064 1
1 65 1 -6.66543 1
1 66 1 3.10882 1
1 67 1 -6.18106 1
1 68 1 6.87238 1
1 69 1 -2.39168 1
1 70 1 2.73356 1
1 71 1 0.247487 1
1 72 1 -3.84845 1
1 73 1 -1.33243 1
1 74 1 -2.59959 1
1 75 1 4.74731 1
1 76 1 -2.57292 1
1 77 1 6.23832 1
1 78 1 -0.0711622 1
1 79 1 -3.11157 1
1 80 1 -0.053041 1
1 81 1 0.255998 1
1 82 1 -0.90081 1
1 83 1 -5.21943 1
1 84 1 -4.93852 1
1 85 1 -1.94741 1
1 86 1 2.99896 1
1 87 1 -2.69328 1
1 88 1 -0.272015 1
1 89 1 3.2645 1
1 90 1 -2.12439 1
1 91 1 -1.16474 1
1 92 1 0.389585 1
1 93 1 -0.481217 1
1 94 1 -0.552191 1
1 95 1 -6.77663 1
1 27 1 -0.731897 1
2 64 1 1.47977 1
2 65 1 -3.28267 1
2 66 1 -5.10027 1
2 67 1 -3.62215 1
2 68 1 -1.54622 1
2 69 1 -0.832023 1
2 70 1 0.0179758 1
2 71 1 1.27031 1
2 72 1 -0.713995 1
2 73 1 -1.71145 1
2 74 1 -3.41851 1
2 75 1 0.68874 1
2 76 1 -2.24056 1
2 77 1 -2.43646 1
2 78 1 -0.319516 1
2 79 1 -3.9616 1
2 80 1 -6.77962 1
2 81 1 -6.70319 1
2 82 1 1.21836 1
2 83 1 -6.31294 1
2 84 1 -1.17077 1
2 85 1 3.53609 1
2 86 1 -1.6301 1
2 87 1 -0.766412 1
2 88 1 -2.51891 1
2 89 1 -4.79741 1
2 90 1 -3.53068 1
2 91 1 -2.42954 1
2 92 1 2.96963 0
2 93 1 -1.49425 1
2 94 1 3.2262 1
2 95 1 -3.60597 1
2 100 1 -0.719486 1
2 6 1 4.41368 1
2 110 1 -1.34294 1
2 180 1 3.0488 1
180 92 1 2.4476 0
180 189 1 0.82115 1
189 92 1 3.40683 1
3 64 1 -0.472749 1
3 65 1 -2.3141 1
3 66 1 0.53143 1
3 67 1 -0.296915 1
3 68 1 6.09282 1
3 69 1 -2.88121 1
3 70 1 -2.69865 1
3 71 1 -0.441589 1
3 72 1 9.42863 1
3 73 1 -0.125451 1
3 74 1 0.154039 1
3 75 1 4.63977 1
3 76 1 -0.432587 1
3 77 1 0.484769 1
3 78 1 -2.50156 1
3 79 1 1.10168 1
3 80 1 -4.63444 1
3 81 1 0.732551 1
3 82 1 6.49169 1
3 83 1 3.62124 1
3 84 1 -0.583633 1
3 85 1 -5.65932 1
3 86 1 2.37074 1
3 87 1 5.0154 1
3 88 1 -1.43463 1
3 89 1 3.61252 1
3 90 1 0.880457 1
3 91 1 1.92383 1
3 92 1 1.01516 1
3 93 1 -2.92618 1
3 94 1 -1.77666 1
3 95 1 3.65815 0
3 110 1 2.02406 1
110 95 1 -1.17777 0
110 111 1 -1.71442 0
110 132 1 3.15728 1
110 152 1 0.0810149 1
110 126 1 1.18315 1
110 20 1 0.890355 1
110 16 1 1.17319 1
132 111 1 2.4929 1
111 95 1 1.1218 1
4 64 1 1.3563 1
4 65 1 0.874563 1
4 66 1 -0.363576 1
4 67 1 5.97944 1
4 68 1 0.836115 1
4 69 1 2.41501 1
4 70 1 -0.661543 1
4 71 1 -0.332321 1
4 72 1 -2.23029 1
4 73 1 -1.28918 0
4 74 1 -1.21916 1
4 75 1 -6.23446 0
4 76 1 0.0786996 1
4 77 1 3.30663 1
4 78 1 -1.88259 1
4 79 1 1.34976 1
4 80 1 -6.81237 1
4 81 1 1.96651 1
4 82 1 0.025938 1
4 83 1 -1.06057 1
4 84 1 -3.19312 1
4 85 1 2.34697 1
4 86 1 1.52333 1
4 87 1 -3.99991 1
4 88 1 -2.71051 1
4 89 1 -3.10492 1
4 90 1 4.49523 1
4 91 1 -2.66688 1
4 92 1 -1.26557 1
4 93 1 0.946478 0
4 94 1 -2.36179 1
4 95 1 1.46716 1
4 101 1 3.45245 1
4 17 1 6.29769 1
4 118 1 2.66792 1
4 145 1 0.670388 1
4 119 1 -0.746011 1
145 93 1 -0.0589774 1
145 12 1 1.5475 1
145 139 1 -0.921639 1
118 73 1 -5.74216 1
101 75 1 2.38298 1
5 64 1 -3.58008 1
5 65 1 7.58487 1
5 66 1 -1.83172 1
5 67 1 10.7898 1
5 68 1 2.76194 1
5 69 1 2.68536 1
5 70 1 1.77872 0
5 71 1 -1.32839 1
5 72 1 -0.260408 1
5 73 1 -1.99315 1
5 74 1 -2.79622 1
5 75 1 3.03063 1
5 76 1 1.63691 1
5 77 1 1.02893 1
5 78 1 -1.07748 1
5 79 1 0.468312 1
5 80 1 1.90172 1
5 81 1 -1.17055 1
5 82 1 -1.18701 1
5 83 1 5.19599 1
5 84 1 2.74104 1
5 85 1 4.79069 1
5 86 1 1.53752 1
5 87 1 0.229703 1
5 88 1 1.24214 1
5 89 1 -2.93795 1
5 90 1 -2.34055 1
5 91 1 -2.00083 1
5 92 1 -2.36532 1
5 93 1 0.0365674 1
5 94 1 -1.6697 1
5 95 1 -1.34629 1
5 28 1 2.79563 1
5 188 1 1.62973 1
188 70 1 1.21727 1
6 64 1 -0.897133 1
6 65 1 -2.51555 1
6 66 1 1.75932 1
6 67 1 0.877423 1
6 68 1 -3.96246 1
6 69 1 -2.74336 1
6 70 1 -5.78955 1
6 71 1 -0.448787 1
6 72 1 2.40557 1
6 73 1 -3.53603 1
6 74 1 -4.31507 1
6 75 1 2.73106 1
6 76 1 5.40451 1
6 77 1 -3.87136 1
6 78 1 0.198751 1
6 79 1 -4.45667 1
6 80 1 1.63827 1
6 81 1 -2.29327 1
6 82 1 1.76672 1
6 83 1 2.7318 1
6 84 1 3.35558 1
6 85 1 -6.79655 1
6 86 1 -0.919428 1
6 87 1 6.71834 1
6 88 1 -0.643542 1
6 89 1 -2.80892 1
6 90 1 3.27635 1
6 91 1 0.640558 1
6 92 1 6.3149 1
6 93 1 -3.82032 1
6 94 1 -1.35986 1
6 95 1 3.07975 1
6 26 1 0.4483 1
7 64 1 2.08094 1
7 65 1 2.59466 1
7 66 1 0.840642 1
7 67 1 -4.85876 1
7 68 1 -3.62424 1
7 69 1 -2.76342 1
7 70 1 6.38783 1
7 71 1 3.60017 1
7 72 1 3.65741 1
7 73 1 -2.3819 1
7 74 1 0.571938 1
7 75 1 -0.818249 0
7 76 1 0.694795 1
7 77 1 3.5878 1
7 78 1 1.92947 1
7 79 1 0.947444 1
7 80 1 -0.58881 1
7 81 1 1.94891 1
7 82 1 -4.516 0
7 83 1 0.967704 0
7 84 1 -4.37526 1
7 85 1 4.25881 1
7 86 1 0.957286 1
7 87 1 4.93026 1
7 88 1 -1.78265 1
7 89 1 -2.06849 1
7 90 1 2.22111 1
7 91 1 -4.31807 1
7 92 1 -1.06588 1
7 93 1 -1.22565 1
7 94 1 0.379399 1
7 95 1 1.54638 1
7 100 1 -0.212955 1
7 127 1 2.96788 1
7 164 1 0.463587 1
164 75 1 0.462618 1
127 82 1 -4.63576 0
127 169 1 0.674679 1
127 150 1 0.176333 1
169 82 1 -4.49134 1
169 15 1 1.51623 1
100 83 1 3.37736 0
100 24 1 -2.10505 0
100 106 1 2.35182 1
100 166 1 -0.10527 1
166 83 1 3.56588 1
106 24 1 -8.86266 1
106 6 1 -3.64012 1
8 64 1 2.13417 1
8 65 1 -2.836 1
8 66 1 -0.186027 1
8 67 1 -1.42566 1
8 68 1 -3.27571 1
8 69 1 3.94307 1
8 70 1 1.57457 1
8 71 1 2.71943 1
8 72 1 3.68006 1
8 73 1 -4.15038 1
8 74 1 -2.12494 1
8 75 1 -4.15355 1
8 76 1 2.75257 1
8 77 1 2.73841 1
8 78 1 1.05679 1
8 79 1 -2.41059 1
8 80 1 -0.356569 1
8 81 1 -1.8354 1
8 82 1 0.327394 1
8 83 1 -2.49272 1
8 84 1 2.9598 1
8 85 1 7.85177 1
8 86 1 6.52109 1
8 87 1 3.13469 1
8 88 1 0.594335 1
8 89 1 5.67217 1
8 90 1 1.77137 1
8 91 1 -2.55657 1
8 92 1 0.957344 1
8 93 1 4.75806 1
8 94 1 6.95113 1
8 95 1 -1.89732 1
8 17 1 0.0815243 1
9 64 1 -4.70618 1
9 65 1 -1.92342 1
9 66 1 2.39695 1
9 67 1 -0.238275 1
9 68 1 -1.57149 1
9 69 1 0.44084 1
9 70 1 -8.55125 1
9 71 1 -0.991185 1
9 72 1 0.262908 1
9 73 1 -3.26214 1
9 74 1 0.993588 1
9 75 1 2.3413 1
9 76 1 2.82561 1
9 77 1 0.411845 1
9 78 1 2.85747 1
9 79 1 0.594668 0
9 80 1 -2.08238 1
9 81 1 2.66141 1
9 82 1 -1.23997 1
9 83 1 -1.36128 1
9 84 1 4.77299 1
9 85 1 1.50904 1
9 86 1 0.726605 1
9 87 1 1.19905 1
9 88 1 2.91003 1
9 89 1 5.24818 1
9 90 1 -0.957214 1
9 91 1 0.0942514 1
9 92 1 -0.961319 1
9 93 1 -0.685542 1
9 94 1 -3.14493 1
9 95 1 -0.887217 1
9 103 1 -2.43592 1
9 130 1 -0.842768 1
9 157 1 -1.43237 1
157 79 1 0.594733 1
157 22 1 -1.48243 1
10 64 1 0.84453 1
10 65 1 -1.62183 1
10 66 1 4.76927 1
10 67 1 -1.99736 1
10 68 1 2.12211 1
10 69 1 -1.49725 1
10 70 1 0.133991 1
10 71 1 -0.617906 1
10 72 1 5.31862 1
10 73 1 4.72397 1
10 74 1 1.4493 0
10 75 1 1.49145 1
10 76 1 3.97713 1
10 77 1 0.267851 1
10 78 1 -0.244747 1
10 79 1 -3.97655 1
10 80 1 -3.48963 1
10 81 1 6.41767 1
10 82 1 2.89746 1
10 83 1 0.207262 1
10 84 1 7.99749 1
10 85 1 2.66342 1
10 86 1 -3.5499 1
10 87 1 -1.69445 1
10 88 1 1.95815 1
10 89 1 -0.0354537 1
10 90 1 0.507495 1
10 91 1 2.96203 1
10 92 1 -2.03575 1
10 93 1 -0.64099 1
10 94 1 4.27601 1
10 95 1 4.87191 0
10 124 1 3.23223 1
10 165 1 -0.287633 1
165 95 1 5.52479 1
165 133 1 1.39867 1
124 74 1 -1.04449 1
124 12 1 1.88679 0
124 171 1 0.0348379 1
171 12 1 1.54208 1
171 152 1 -0.743628 1
11 64 1 3.54995 1
11 65 1 1.56717 1
11 66 1 3.26944 1
11 67 1 -1.63599 1
11 68 1 1.48375 1
11 69 1 2.22916 1
11 70 1 3.93827 1
11 71 1 0.594128 1
11 72 1 -8.29616 1
11 73 1 0.814499 1
11 74 1 0.504981 0
11 75 1 -2.27298 1
11 76 1 -1.6628 1
11 77 1 0.690764 1
11 78 1 -1.80133 1
11 79 1 -0.797499 1
11 80 1 -0.642495 1
11 81 1 2.05644 1
11 82 1 5.42749 0
11 83 1 4.68829 1
11 84 1 1.74755 1
11 85 1 -0.873618 1
11 86 1 -4.41506 1
11 87 1 1.38325 1
11 88 1 -7.39241 1
11 89 1 3.22127 1
11 90 1 0.393968 1
11 91 1 -1.63063 1
11 92 1 -0.858907 1
11 93 1 2.37525 1
11 94 1 -3.11118 1
11 95 1 -6.06179 1
11 120 1 -6.80623 1
11 109 1 -1.49827 1
11 154 1 3.63148 1
11 8 1 -0.268382 1
11 112 1 3.31142 1
11 24 1 0.36896 1
154 82 1 4.80963 1
120 74 1 -2.75049 1
120 13 1 0.179992 0
120 150 1 3.79086 1
150 13 1 1.79222 0
150 163 1 3.28896 1
163 13 1 2.18315 1
12 64 1 -2.66387 1
12 65 1 -1.20266 0
12 66 1 -0.468402 1
12 67 1 -2.9476 1
12 68 1 1.38624 1
12 69 1 1.64608 1
12 70 1 0.992464 1
12 71 1 -2.45718 1
12 72 1 2.50569 1
12 73 1 -3.13953 1
12 74 1 -3.05878 1
12 75 1 0.0674225 1
12 76 1 -2.74306 1
12 77 1 1.75789 1
12 78 1 -0.915394 1
12 79 1 -2.38653 1
12 80 1 -2.34048 1
12 81 1 -3.55829 1
12 82 1 6.23095 1
12 83 1 -0.338743 1
12 84 1 3.72485 1
12 85 1 0.785797 1
12 86 1 -4.56018 1
12 87 1 -2.89382 1
12 88 1 -1.08574 1
12 89 1 1.71254 1
12 90 1 0.0918695 1
12 91 1 -1.7282 1
12 92 1 0.332664 1
12 93 1 -1.01355 1
12 94 1 2.11859 1
12 95 1 -3.00298 1
12 17 1 -0.323418 1
12 18 1 -0.0922022 1
12 144 1 -1.23808 1
12 167 1 0.855806 1
12 11 1 -0.174733 1
167 65 1 -2.34376 1
167 12 1 1.3797 1
13 64 1 0.267087 1
13 65 1 -2.52342 1
13 66 1 -1.12202 1
13 67 1 -0.856128 1
13 68 1 3.77566 1
13 69 1 -4.46639 1
13 70 1 -1.52134 1
13 71 1 0.039614 1
13 72 1 -0.178377 1
13 73 1 1.22839 1
13 74 1 -0.211966 1
13 75 1 -2.01852 1
13 76 1 -0.600872 1
13 77 1 -1.45983 1
13 78 1 2.64758 1
13 79 1 4.46976 1
13 80 1 0.688747 1
13 81 1 2.43813 1
13 82 1 3.41285 1
13 83 1 4.13126 1
13 84 1 -5.14483 1
13 85 1 4.60234 1
13 86 1 4.22577 1
13 87 1 4.70844 1
13 88 1 3.50621 1
13 89 1 0.0939073 1
13 90 1 -4.68097 1
13 91 1 -5.22092 1
13 92 1 -3.04748 1
13 93 1 -3.45265 1
13 94 1 0.531771 1
13 95 1 -4.82939 1
14 64 1 1.37809 1
14 65 1 4.04627 1
14 66 1 1.04284 1
14 67 1 3.78604 1
14 68 1 -1.6049 1
14 69 1 2.54982 1
14 70 1 -0.265787 1
14 71 1 1.14182 1
14 72 1 4.78281 1
14 73 1 1.5437 1
14 74 1 0.451925 1
14 75 1 2.59372 1
14 76 1 -4.45635 1
14 77 1 0.619231 1
14 78 1 -1.84486 1
14 79 1 -1.45848 1
14 80 1 -1.45399 1
14 81 1 1.9221 0
14 82 1 5.02716 1
14 83 1 -1.74054 1
14 84 1 -1.23038 1
14 85 1 -2.75509 1
14 86 1 4.34614 1
14 87 1 0.02682 1
14 88 1 -2.30365 1
14 89 1 0.794869 1
14 90 1 0.409048 1
14 91 1 4.9231 1
14 92 1 5.08325 1
14 93 1 3.17148 1
14 94 1 5.42057 1
14 95 1 2.31962 1
14 104 1 -0.250567 1
14 119 1 1.83918 1
14 126 1 1.69341 1
119 81 1 5.57611 1
119 99 1 0.660062 1
15 64 1 0.510919 1
15 65 1 1.6529 1
15 66 1 -1.86624 1
15 67 1 -2.10431 1
15 68 1 2.20436 1
15 69 1 -3.77001 1
15 70 1 8.19468 1
15 71 1 -2.07435 1
15 72 1 -0.932703 1
15 73 1 1.08707 1
15 74 1 0.525685 1
15 75 1 -0.108788 1
15 76 1 1.27808 1
15 77 1 1.58871 1
15 78 1 -3.71439 1
15 79 1 -0.349635 1
15 80 1 4.8575 1
15 81 1 -0.456685 1
15 82 1 -4.09025 1
15 83 1 0.58234 1
15 84 1 1.60193 1
15 85 1 -2.70213 1
15 86 1 2.99968 1
15 87 1 -6.66511 1
15 88 1 1.55146 1
15 89 1 4.48832 1
15 90 1 0.810458 1
15 91 1 -4.27875 1
15 92 1 0.430114 1
15 93 1 -0.0634648 1
15 94 1 -0.517537 1
15 95 1 -2.85336 1
15 20 1 -2.83624 1
16 64 1 1.98336 1
16 65 1 -2.69428 1
16 66 1 -1.77384 1
16 67 1 -4.6453 1
16 68 1 1.58382 1
16 69 1 0.688056 1
16 70 1 2.4354 1
16 71 1 5.83173 1
16 72 1 0.0976306 1
16 73 1 -1.51264 1
16 74 1 1.04771 1
16 75 1 2.67853 1
16 76 1 2.12678 1
16 77 1 3.70214 1
16 78 1 -0.774598 1
16 79 1 -2.90408 0
16 80 1 1.78478 1
16 81 1 2.04057 1
16 82 1 -3.20964 1
16 83 1 1.73834 1
16 84 1 -0.106892 1
16 85 1 0.770645 1
16 86 1 2.81103 1
16 87 1 -0.941847 1
16 88 1 3.19457 1
16 89 1 2.27801 1
16 90 1 -3.31204 1
16 91 1 3.30651 1
16 92 1 4.60764 1
16 93 1 -2.98249 1
16 94 1 0.504901 1
16 95 1 -2.31338 1
16 26 1 -0.0130637 1
16 151 1 1.9184 1
16 144 1 -1.7175 1
151 79 1 0.55624 1
17 64 1 -1.32021 1
17 65 1 0.392863 1
17 66 1 0.794158 1
17 67 1 3.37765 1
17 68 1 1.08362 1
17 69 1 2.65084 1
17 70 1 0.597957 1
17 71 1 4.60815 1
17 72 1 -5.42686 0
17 73 1 1.15826 1
17 74 1 3.58868 1
17 75 1 -0.685052 1
17 76 1 -0.998167 0
17 77 1 2.42895 1
17 78 1 -2.49486 1
17 79 1 -4.12768 1
17 80 1 4.73593 1
17 81 1 2.85644 1
17 82 1 1.06541 1
17 83 1 -1.20179 1
17 84 1 0.50681 1
17 85 1 3.03204 1
17 86 1 -0.183994 1
17 87 1 -4.10224 1
17 88 1 -8.28976 1
17 89 1 0.79637 1
17 90 1 -3.9489 1
17 91 1 5.05264 1
17 92 1 0.794563 1
17 93 1 3.67167 1
17 94 1 3.0178 1
17 95 1 1.17397 1
17 146 1 2.94137 1
17 190 1 0.683086 1
190 76 1 -1.64104 1
146 72 1 -5.38292 0
146 30 1 -0.763975 1
146 177 1 0.0769965 1
177 72 1 -3.80922 1
18 64 1 0.555578 1
18 65 1 -3.09592 1
18 66 1 1.73289 1
18 67 1 3.38136 1
18 68 1 -4.17846 1
18 69 1 -0.895115 0
18 70 1 4.5549 1
18 71 1 -0.22038 1
18 72 1 -0.484457 1
18 73 1 0.436513 1
18 74 1 1.98931 1
18 75 1 -3.42493 1
18 76 1 2.79453 1
18 77 1 -1.82242 1
18 78 1 1.5392 1
18 79 1 2.36515 1
18 80 1 -7.52032 1
18 81 1 4.41116 1
18 82 1 -5.27438 1
18 83 1 2.96774 1
18 84 1 -6.22812 1
18 85 1 3.35365 1
18 86 1 6.08995 1
18 87 1 -4.9853 1
18 88 1 2.38894 1
18 89 1 -3.18317 1
18 90 1 -0.814646 1
18 91 1 -1.22525 1
18 92 1 -4.83809 1
18 93 1 2.85627 1
18 94 1 0.338554 1
18 95 1 0.129175 1
18 25 1 -2.69316 1
18 18 1 0.13185 1
18 139 1 1.35648 1
18 182 1 0.314744 1
182 69 1 -1.07788 1
19 64 1 5.86581 1
19 65 1 0.237859 1
19 66 1 6.6135 1
19 67 1 -1.01959 1
19 68 1 -2.23726 1
19 69 1 2.05922 1
19 70 1 -1.1066 1
19 71 1 2.6586 1
19 72 1 2.83655 1
19 73 1 0.684853 1
19 74 1 1.47991 1
19 75 1 0.127493 1
19 76 1 -4.55215 1
19 77 1 -1.04017 1
19 78 1 0.274603 1
19 79 1 5.5604 1
19 80 1 -0.0451301 1
19 81 1 -3.90282 1
19 82 1 -0.465308 1
19 83 1 -1.8215 1
19 84 1 1.9455 1
19 85 1 3.36194 1
19 86 1 -1.36461 1
19 87 1 2.16407 1
19 88 1 1.20626 1
19 89 1 6.15898 1
19 90 1 -0.708616 1
19 91 1 -1.27757 1
19 92 1 -0.207069 1
19 93 1 -4.21733 1
19 94 1 -1.02296 1
19 95 1 -6.89752 1
19 3 1 0.0170331 1
20 64 1 1.55668 1
20 65 1 -0.79512 1
20 66 1 -1.96553 1
20 67 1 -1.88601 1
20 68 1 0.97942 1
20 69 1 -0.517362 1
20 70 1 -4.81109 1
20 71 1 4.43179 1
20 72 1 -0.911073 1
20 73 1 3.83922 1
20 74 1 4.64404 1
20 75 1 3.43229 1
20 76 1 -2.08281 1
20 77 1 -4.08856 1
20 78 1 3.6397 1
20 79 1 1.23882 1
20 80 1 1.01495 1
20 81 1 2.0628 1
20 82 1 4.23815 1
20 83 1 0.59277 1
20 84 1 3.96602 1
20 85 1 -3.0732 1
20 86 1 -0.640533 1
20 87 1 1.15549 1
20 88 1 2.50752 1
20 89 1 0.108774 1
20 90 1 -0.288719 1
20 91 1 0.898666 0
20 92 1 3.61009 1
20 93 1 3.11528 0
20 94 1 2.18707 0
20 95 1 1.57663 1
20 96 1 -2.09725 1
20 98 1 2.7594 1
20 103 1 1.39049 1
20 109 1 -0.0488616 1
103 91 1 1.81948 0
103 105 1 3.61943 1
103 112 1 -1.95212 0
103 123 1 -2.33292 1
103 140 1 -2.59033 1
140 112 1 1.69484 1
140 102 1 -0.371122 1
123 91 1 -0.251087 1
123 113 1 -0.563147 0
123 136 1 1.93961 1
123 137 1 0.981574 1
136 113 1 -0.925789 1
136 6 1 -2.6139 1
105 91 1 4.32825 0
105 129 1 1.29801 1
129 91 1 1.77967 0
129 135 1 4.15423 1
129 116 1 -0.638856 1
135 91 1 -0.594219 1
98 93 1 2.88164 1
98 99 1 6.29306 1
98 15 1 1.63477 1
96 94 1 1.59449 1
96 20 1 -0.211168 0
96 155 1 2.89094 1
96 25 1 1.90859 1
96 185 1 -0.181662 1
155 20 1 -0.934568 0
155 30 1 0.872779 1
155 176 1 0.355481 1
155 194 1 1.10098 1
194 20 1 -1.24589 1
176 20 1 -2.254 1
21 64 1 3.19021 1
21 65 1 5.86962 1
21 66 1 -4.57543 1
21 67 1 -4.42466 1
21 68 1 0.725691 1
21 69 1 -0.0624417 1
21 70 1 0.60667 1
21 71 1 -7.41013 1
21 72 1 -6.97468 1
21 73 1 -2.66019 1
21 74 1 -3.67994 1
21 75 1 2.45629 1
21 76 1 -3.04722 1
21 77 1 -2.04209 1
21 78 1 -0.664404 1
21 79 1 -2.26618 1
21 80 1 1.0032 1
21 81 1 -1.65105 1
21 82 1 0.27428 1
21 83 1 -2.97368 1
21 84 1 8.69226 1
21 85 1 0.913668 1
21 86 1 2.85336 1
21 87 1 -0.453992 1
21 88 1 3.89098 1
21 89 1 1.11747 1
21 90 1 -0.584419 1
21 91 1 1.38168 0
21 92 1 3.46578 1
21 93 1 1.5486 1
21 94 1 -2.8703 1
21 95 1 -1.3543 1
21 143 1 6.41789 1
143 91 1 -1.92442 1
22 64 1 0.89101 1
22 65 1 -0.661796 1
22 66 1 0.845848 1
22 67 1 5.58892 1
22 68 1 1.66538 1
22 69 1 -2.45285 1
22 70 1 -0.359625 1
22 71 1 -0.484948 1
22 72 1 -3.84695 1
22 73 1 1.31021 1
22 74 1 -6.13438 1
22 75 1 -0.863199 1
22 76 1 1.15429 1
22 77 1 -0.770625 1
22 78 1 3.25947 1
22 79 1 5.32958 1
22 80 1 1.37137 1
22 81 1 -4.63345 1
22 82 1 0.728493 1
22 83 1 -1.45086 1
22 84 1 -1.64772 1
22 85 1 2.56888 1
22 86 1 0.455359 1
22 87 1 5.63964 1
22 88 1 -3.9316 1
22 89 1 -1.06409 1
22 90 1 0.280457 1
22 91 1 2.32152 1
22 92 1 0.924839 1
22 93 1 2.99698 1
22 94 1 6.82094 1
22 95 1 0.477286 1
23 64 1 -1.34408 1
23 65 1 1.33908 1
23 66 1 3.80004 1
23 67 1 3.52002 1
23 68 1 -4.6048 1
23 69 1 4.08154 1
23 70 1 3.50666 1
23 71 1 -3.09303 1
23 72 1 -0.594295 1
23 73 1 -2.78997 1
23 74 1 3.75409 1
23 75 1 1.92864 1
23 76 1 2.82724 1
23 77 1 2.04104 1
23 78 1 1.13924 0
23 79 1 -5.37267 1
23 80 1 2.97524 1
23 81 1 2.70586 1
23 82 1 -4.55288 1
23 83 1 -0.483917 1
23 84 1 2.27424 1
23 85 1 -3.04088 1
23 86 1 -12.1064 1
23 87 1 -1.30822 1
23 88 1 0.787205 1
23 89 1 -3.71556 1
23 90 1 -7.29713 1
23 91 1 -2.48904 1
23 92 1 3.86621 1
23 93 1 4.42668 1
23 94 1 -3.86512 1
23 95 1 0.0261187 1
23 107 1 0.132961 1
23 27 1 -0.384937 1
23 178 1 1.76169 1
178 78 1 0.461263 1
24 64 1 -2.1231 1
24 65 1 2.47006 1
24 66 1 -1.20997 1
24 67 1 6.9996 1
24 68 1 -4.365 1
24 69 1 2.23018 0
24 70 1 2.7764 1
24 71 1 4.72878 1
24 72 1 2.00808 1
24 73 1 1.01085 1
24 74 1 1.0716 1
24 75 1 1.57032 1
24 76 1 -5.93714 1
24 77 1 -1.39586 1
24 78 1 -7.06743 1
24 79 1 0.936607 1
24 80 1 5.60138 1
24 81 1 3.97548 1
24 82 1 -2.4283 1
24 83 1 -1.26741 1
24 84 1 -4.27267 1
24 85 1 0.503562 1
24 86 1 -4.15136 1
24 87 1 3.06479 1
24 88 1 -0.255472 1
24 89 1 10.5788 1
24 90 1 5.58051 1
24 91 1 -2.08429 1
24 92 1 0.50614 1
24 93 1 -0.39239 1
24 94 1 -0.542366 1
24 95 1 -6.31426 1
24 5 1 1.11968 1
24 168 1 -1.69563 1
168 69 1 3.47718 1
168 172 1 0.640459 1
25 64 1 -3.50804 1
25 65 1 1.57153 1
25 66 1 -1.35059 1
25 67 1 -3.07224 1
25 68 1 0.668461 1
25 69 1 -7.58828 1
25 70 1 -0.501476 0
25 71 1 -3.3777 1
25 72 1 2.4109 1
25 73 1 2.32991 1
25 74 1 1.85819 1
25 75 1 -2.30677 1
25 76 1 -0.136946 1
25 77 1 0.0631527 1
25 78 1 2.49731 1
25 79 1 0.917834 1
25 80 1 0.207935 1
25 81 1 -0.716988 1
25 82 1 -1.28915 1
25 83 1 1.64572 1
25 84 1 -0.898497 1
25 85 1 -2.06666 1
25 86 1 4.59054 1
25 87 1 -0.227453 1
25 88 1 -0.963446 1
25 89 1 -2.21399 1
25 90 1 -4.36412 1
25 91 1 3.98159 1
25 92 1 3.13934 1
25 93 1 -0.822052 1
25 94 1 -2.74691 0
25 95 1 -2.80162 1
25 8 1 1.18161 1
25 6 1 -1.19659 1
25 121 1 1.31545 1
25 175 1 1.66112 1
175 94 1 -4.61988 1
121 70 1 6.93909 1
26 64 1 -1.39928 1
26 65 1 2.2847 1
26 66 1 -1.65007 1
26 67 1 2.25208 1
26 68 1 -0.870174 1
26 69 1 0.299863 1
26 70 1 -1.49902 1
26 71 1 0.301644 1
26 72 1 -3.79016 1
26 73 1 -0.0327612 1
26 74 1 -7.81252 1
26 75 1 3.10906 1
26 76 1 2.58073 1
26 77 1 -5.37256 1
26 78 1 0.249503 1
26 79 1 1.32202 1
26 80 1 -3.99577 1
26 81 1 4.20683 1
26 82 1 3.22334 1
26 83 1 0.795766 1
26 84 1 -5.85968 1
26 85 1 -1.04039 1
26 86 1 -5.49147 1
26 87 1 2.805 1
26 88 1 -5.8934 1
26 89 1 2.0206 1
26 90 1 -3.81104 1
26 91 1 -3.29852 1
26 92 1 -0.767206 1
26 93 1 -2.19717 1
26 94 1 1.10762 1
26 95 1 0.0907476 1
26 23 1 5.42092 1
26 15 1 1.36568 1
26 161 1 -0.651538 1
27 64 1 -1.44991 1
27 65 1 6.59817 1
27 66 1 3.38977 1
27 67 1 0.111007 1
27 68 1 2.84712 1
27 69 1 1.39331 1
27 70 1 5.60714 1
27 71 1 -6.31878 1
27 72 1 0.443692 1
27 73 1 2.85214 1
27 74 1 -3.68711 1
27 75 1 2.05214 1
27 76 1 -2.44025 1
27 77 1 2.95481 1
27 78 1 2.26635 1
27 79 1 0.461372 1
27 80 1 -1.77271 1
27 81 1 -2.80468 1
27 82 1 3.3462 1
27 83 1 -0.808567 1
27 84 1 3.60501 1
27 85 1 -1.40961 1
27 86 1 -3.07883 1
27 87 1 -1.4119 1
27 88 1 -8.89902 1
27 89 1 -4.89119 1
27 90 1 7.19043 1
27 91 1 -2.13941 1
27 92 1 0.150426 1
27 93 1 0.211532 1
27 94 1 0.874072 0
27 95 1 -0.52833 1
27 9 1 4.32341 1
27 5 1 1.73688 1
27 186 1 0.471486 1
186 94 1 -0.567456 1
28 64 1 2.84519 1
28 65 1 0.794519 1
28 66 1 -0.0450671 1
28 67 1 5.39721 1
28 68 1 5.55292 1
28 69 1 1.26278 1
28 70 1 -1.61932 1
28 71 1 0.850069 1
28 72 1 -6.85917 1
28 73 1 -0.154609 1
28 74 1 -1.83057 1
28 75 1 1.77376 1
28 76 1 1.32291 1
28 77 1 1.89556 1
28 78 1 -4.39494 1
28 79 1 2.62679 1
28 80 1 1.12159 1
28 81 1 -0.682231 1
28 82 1 4.33924 1
28 83 1 1.28447 1
28 84 1 4.29169 1
28 85 1 -4.18843 1
28 86 1 -2.68079 1
28 87 1 1.65138 1
28 88 1 -5.60733 1
28 89 1 0.117628 1
28 90 1 -1.60779 1
28 91 1 1.05266 1
28 92 1 4.96699 1
28 93 1 -1.26146 1
28 94 1 5.78183 1
28 95 1 -1.86747 1
29 64 1 0.972653 1
29 65 1 1.69007 1
29 66 1 -1.53388 1
29 67 1 4.53452 1
29 68 1 -8.4795 1
29 69 1 2.29219 1
29 70 1 -2.97197 1
29 71 1 -1.69171 1
29 72 1 1.57454 1
29 73 1 0.85374 1
29 74 1 -3.46497 1
29 75 1 -0.169161 1
29 76 1 -1.76184 1
29 77 1 1.85274 1
29 78 1 -5.33406 1
29 79 1 -3.40144 1
29 80 1 2.81237 1
29 81 1 2.58571 1
29 82 1 1.01934 1
29 83 1 -0.223073 1
29 84 1 -0.832279 1
29 85 1 -1.98111 1
29 86 1 -4.05528 1
29 87 1 -3.40127 1
29 88 1 -1.68235 1
29 89 1 -1.14776 1
29 90 1 -1.10569 1
29 91 1 0.399234 1
29 92 1 1.82307 1
29 93 1 -0.704577 1
29 94 1 -1.2933 1
29 95 1 2.36728 1
29 113 1 0.700959 1
30 64 1 -0.706174 1
30 65 1 6.25992 1
30 66 1 5.58028 1
30 67 1 -2.97662 1
30 68 1 1.15518 1
30 69 1 0.254842 1
30 70 1 4.9689 1
30 71 1 0.149571 1
30 72 1 -0.788179 1
30 73 1 3.38444 1
30 74 1 -1.1869 1
30 75 1 2.27652 1
30 76 1 2.79808 1
30 77 1 -1.66873 1
30 78 1 4.73092 1
30 79 1 5.13544 1
30 80 1 -3.33393 1
30 81 1 -0.223136 1
30 82 1 7.00265 1
30 83 1 2.4397 1
30 84 1 2.63276 1
30 85 1 -1.18656 1
30 86 1 -2.0297 1
30 87 1 -3.41992 1
30 88 1 0.913986 1
30 89 1 -2.08556 1
30 90 1 -0.692558 1
30 91 1 3.75503 1
30 92 1 -0.709808 1
30 93 1 1.29551 1
30 94 1 1.65149 1
30 95 1 -4.40844 1
30 28 1 1.07669 1
31 64 1 2.28304 1
31 65 1 -4.45135 1
31 66 1 -4.57585 1
31 67 1 8.90055 1
31 68 1 4.30674 1
31 69 1 1.82081 1
31 70 1 -2.26461 1
31 71 1 1.80743 1
31 72 1 -2.44588 1
31 73 1 0.715775 1
31 74 1 3.89577 1
31 75 1 -0.985928 1
31 76 1 -4.75563 1
31 77 1 -1.26053 1
31 78 1 -4.7269 1
31 79 1 0.0890567 1
31 80 1 -1.04679 1
31 81 1 -1.62244 1
31 82 1 0.486155 1
31 83 1 -2.19962 1
31 84 1 -3.6692 1
31 85 1 -3.16451 1
31 86 1 0.180269 1
31 87 1 -5.17095 0
31 88 1 1.52012 1
31 89 1 -2.13755 1
31 90 1 -0.398734 1
31 91 1 -3.67912 1
31 92 1 0.482883 1
31 93 1 -0.390719 1
31 94 1 2.49172 1
31 95 1 -1.34341 1
31 122 1 1.76955 1
31 10 1 -0.623444 1
31 117 1 -1.47481 1
122 87 1 -1.31339 1
32 64 1 6.69233 1
32 65 1 2.51149 1
32 66 1 -3.78677 1
32 67 1 2.03953 1
32 68 1 0.746119 1
32 69 1 4.57608 1
32 70 1 -0.295719 1
32 71 1 3.28028 1
32 72 1 -1.28418 1
32 73 1 1.23524 1
32 74 1 -0.429216 1
32 75 1 6.61776 1
32 76 1 0.692643 1
32 77 1 4.04384 1
32 78 1 1.21307 1
32 79 1 -0.338646 1
32 80 1 -0.9551 1
32 81 1 -0.886148 1
32 82 1 -3.27813 1
32 83 1 -3.71262 1
32 84 1 1.63468 1
32 85 1 -1.73972 1
32 86 1 0.127038 1
32 87 1 -2.58977 1
32 88 1 -0.367502 1
32 89 1 0.657263 1
32 90 1 3.41511 1
32 91 1 -4.00879 1
32 92 1 5.01913 1
32 93 1 2.79195 1
32 94 1 -1.66171 1
32 95 1 1.06895 1
33 64 1 0.120665 1
33 65 1 -3.9539 1
33 66 1 -1.38589 1
33 67 1 -1.97275 1
33 68 1 -0.623698 1
33 69 1 -2.71988 0
33 70 1 3.78419 1
33 71 1 4.93831 1
33 72 1 2.48869 1
33 73 1 4.0087 1
33 74 1 1.0144 1
33 75 1 -7.32314 1
33 76 1 -4.69697 1
33 77 1 1.52908 1
33 78 1 -1.12887 1
33 79 1 -4.54502 1
33 80 1 1.29251 1
33 81 1 -3.78932 1
33 82 1 -2.86777 1
33 83 1 0.891127 1
33 84 1 -0.56884 1
33 85 1 0.377717 1
33 86 1 3.69884 1
33 87 1 2.18718 1
33 88 1 2.88084 1
33 89 1 4.33851 1
33 90 1 -2.94812 1
33 91 1 -2.75209 1
33 92 1 1.99157 1
33 93 1 3.34014 1
33 94 1 3.98418 1
33 95 1 0.722114 1
33 20 1 1.18697 1
33 107 1 -1.89726 1
33 13 1 1.04451 1
33 113 1 -2.01185 1
33 192 1 1.19312 1
192 69 1 -2.66353 1
34 64 1 -0.471197 1
34 65 1 -1.66711 1
34 66 1 3.5244 1
34 67 1 0.323236 1
34 68 1 -1.21391 1
34 69 1 -2.21357 1
34 70 1 -2.95221 1
34 71 1 -3.77311 1
34 72 1 -3.28594 1
34 73 1 -5.29894 1
34 74 1 3.93998 1
34 75 1 7.11932 1
34 76 1 -4.19817 1
34 77 1 -1.52473 1
34 78 1 -1.1208 1
34 79 1 1.04466 1
34 80 1 4.46885 1
34 81 1 -1.7065 1
34 82 1 2.1656 1
34 83 1 1.58745 1
34 84 1 -0.166042 1
34 85 1 -2.03384 1
34 86 1 -0.517741 1
34 87 1 -1.66705 1
34 88 1 -0.128589 1
34 89 1 0.763864 1
34 90 1 -7.40427 1
34 91 1 4.33526 1
34 92 1 3.1834 1
34 93 1 -2.62564 1
34 94 1 4.69565 1
34 95 1 2.49587 1
34 113 1 -3.00317 1
35 64 1 1.73299 1
35 65 1 -2.75629 1
35 66 1 -1.92153 1
35 67 1 6.22948 1
35 68 1 1.7112 1
35 69 1 1.5984 1
35 70 1 2.519 1
35 71 1 2.06757 1
35 72 1 1.52916 1
35 73 1 8.40338 1
35 74 1 1.36663 1
35 75 1 -3.16162 1
35 76 1 -4.86641 1
35 77 1 1.5108 1
35 78 1 -0.293672 1
35 79 1 4.19812 1
35 80 1 -6.25604 1
35 81 1 -0.414918 1
35 82 1 4.40528 0
35 83 1 -2.88478 1
35 84 1 5.97832 1
35 85 1 -3.63878 1
35 86 1 -1.06651 1
35 87 1 -4.35879 1
35 88 1 0.758464 1
35 89 1 2.54915 0
35 90 1 -1.85692 1
35 91 1 0.131001 1
35 92 1 -3.62923 1
35 93 1 -6.32747 1
35 94 1 1.20224 1
35 95 1 0.0904201 1
35 130 1 1.83186 1
35 133 1 8.0011 1
133 82 1 0.728408 1
130 89 1 -0.119891 1
130 109 1 -0.602288 1
36 64 1 2.63007 1
36 65 1 4.4653 1
36 66 1 3.38749 1
36 67 1 -0.784197 1
36 68 1 -5.78095 1
36 69 1 -2.18679 1
36 70 1 -2.98215 1
36 71 1 1.17665 1
36 72 1 -1.33461 1
36 73 1 0.140679 1
36 74 1 -1.54664 1
36 75 1 -0.0361281 1
36 76 1 1.97175 1
36 77 1 -4.49673 1
36 78 1 0.158569 1
36 79 1 5.1097 1
36 80 1 4.76616 1
36 81 1 -1.44952 1
36 82 1 0.932033 0
36 83 1 1.02533 1
36 84 1 3.70607 1
36 85 1 -3.04666 1
36 86 1 0.991333 1
36 87 1 1.00218 1
36 88 1 -2.31026 1
36 89 1 -0.00331691 1
36 90 1 -4.01203 1
36 91 1 0.214637 1
36 92 1 4.62066 1
36 93 1 1.65938 1
36 94 1 -3.14961 1
36 95 1 6.75913 1
36 109 1 1.10275 0
36 24 1 -1.85139 1
36 117 1 2.59994 1
117 109 1 2.49515 1
117 4 1 -0.513293 1
109 82 1 -1.17716 1
109 31 1 1.6399 1
37 64 1 -6.24137 1
37 65 1 1.52077 1
37 66 1 -4.14725 1
37 67 1 1.5614 1
37 68 1 -5.26102 1
37 69 1 2.61152 1
37 70 1 -7.08734 1
37 71 1 -1.32104 1
37 72 1 0.425604 1
37 73 1 1.10934 1
37 74 1 0.937055 1
37 75 1 0.86132 1
37 76 1 4.34711 0
37 77 1 1.86589 1
37 78 1 -0.583442 1
37 79 1 0.771921 1
37 80 1 2.26071 1
37 81 1 3.60484 1
37 82 1 2.20363 1
37 83 1 5.09039 1
37 84 1 -4.80514 1
37 85 1 3.53533 1
37 86 1 -2.28361 1
37 87 1 -1.36765 1
37 88 1 0.0766262 1
37 89 1 -2.83294 1
37 90 1 -3.84078 1
37 91 1 0.947922 1
37 92 1 3.36374 1
37 93 1 0.225855 1
37 94 1 -1.86457 1
37 95 1 0.348378 1
37 142 1 0.316524 1
37 160 1 -1.05475 1
142 76 1 0.0796879 1
142 147 1 0.924978 1
142 6 1 -0.294841 1
38 64 1 0.563949 1
38 65 1 -2.44815 1
38 66 1 -1.55142 1
38 67 1 -3.85438 1
38 68 1 -0.445725 1
38 69 1 -5.55235 1
38 70 1 0.054622 1
38 71 1 -0.691849 1
38 72 1 1.32998 1
38 73 1 1.6167 1
38 74 1 -0.944978 1
38 75 1 5.43529 1
38 76 1 2.13148 1
38 77 1 -1.87043 1
38 78 1 -0.341579 1
38 79 1 -0.214724 1
38 80 1 0.794646 1
38 81 1 -2.14249 1
38 82 1 2.91145 1
38 83 1 -0.356779 1
38 84 1 -1.53436 1
38 85 1 -2.18414 1
38 86 1 -0.167619 1
38 87 1 2.3257 0
38 88 1 4.29123 1
38 89 1 4.44892 1
38 90 1 -1.61668 1
38 91 1 3.5305 1
38 92 1 3.13659 0
38 93 1 0.3152 1
38 94 1 2.25168 1
38 95 1 -2.39737 1
38 148 1 3.47213 1
38 162 1 0.649634 1
162 87 1 1.86521 0
162 185 1 1.69778 1
185 87 1 0.627976 1
148 92 1 2.64047 1
39 64 1 2.11371 1
39 65 1 -1.37076 1
39 66 1 1.44702 1
39 67 1 -2.63331 1
39 68 1 -0.599928 1
39 69 1 0.216697 1
39 70 1 0.960681 1
39 71 1 -1.88257 1
39 72 1 -3.87829 1
39 73 1 -3.93104 1
39 74 1 0.310452 1
39 75 1 4.21955 0
39 76 1 3.81845 0
39 77 1 0.636702 1
39 78 1 -4.91733 1
39 79 1 -4.10988 1
39 80 1 -1.71679 1
39 81 1 -1.74757 1
39 82 1 -5.31137 1
39 83 1 -2.39427 1
39 84 1 -2.69529 1
39 85 1 0.838637 1
39 86 1 2.2307 1
39 87 1 0.705583 1
39 88 1 -1.2719 1
39 89 1 0.584823 1
39 90 1 4.24424 1
39 91 1 -0.0529383 1
39 92 1 7.24033 1
39 93 1 1.84086 1
39 94 1 -6.42569 1
39 95 1 -2.18588 1
39 2 1 -3.13345 1
39 112 1 3.67311 1
39 13 1 -0.435554 1
39 104 1 -0.0534614 1
39 172 1 2.58814 1
172 76 1 4.56397 1
172 28 1 1.67933 1
112 75 1 -1.37696 1
112 138 1 -1.38303 1
112 153 1 1.5269 0
112 170 1 1.12695 1
112 113 1 1.64527 1
170 153 1 -3.80235 1
170 126 1 3.06338 1
40 64 1 -3.99207 1
40 65 1 -0.0568486 1
40 66 1 2.70323 1
40 67 1 3.13249 1
40 68 1 1.87277 1
40 69 1 4.16798 1
40 70 1 -1.45903 1
40 71 1 1.78882 1
40 72 1 0.71752 1
40 73 1 1.51827 1
40 74 1 -0.184573 1
40 75 1 2.59054 1
40 76 1 -2.6113 1
40 77 1 4.33769 1
40 78 1 3.26616 1
40 79 1 -1.86273 1
40 80 1 2.53553 1
40 81 1 1.42718 1
40 82 1 0.93244 1
40 83 1 -2.07499 1
40 84 1 -2.95461 1
40 85 1 -0.735111 1
40 86 1 2.24148 1
40 87 1 0.373878 1
40 88 1 2.53971 1
40 89 1 -1.57461 1
40 90 1 -0.456807 1
40 91 1 -0.553496 1
40 92 1 -3.59483 1
40 93 1 0.774064 1
40 94 1 2.06716 1
40 95 1 4.84762 1
40 2 1 1.61823 1
40 134 1 2.38456 1
41 64 1 3.23652 1
41 65 1 -0.895529 1
41 66 1 0.770463 1
41 67 1 1.49192 1
41 68 1 2.41136 1
41 69 1 -1.15247 1
41 70 1 1.62238 1
41 71 1 0.996796 1
41 72 1 3.91942 1
41 73 1 -6.38655 1
41 74 1 0.704748 1
41 75 1 3.43508 1
41 76 1 -6.06111 1
41 77 1 0.812475 1
41 78 1 -5.91115 1
41 79 1 0.647482 1
41 80 1 2.45682 1
41 81 1 4.84865 1
41 82 1 -1.83594 1
41 83 1 3.30015 1
41 84 1 -2.97051 1
41 85 1 -0.106978 1
41 86 1 -0.593648 1
41 87 1 0.676837 1
41 88 1 3.12373 1
41 89 1 -0.221056 1
41 90 1 -0.975388 1
41 91 1 2.01671 1
41 92 1 0.354012 1
41 93 1 -0.891219 1
41 94 1 -2.15865 1
41 95 1 0.393142 1
41 11 1 -0.160191 1
41 29 1 -3.69524 1
41 97 1 -2.25654 1
42 64 1 2.52484 1
42 65 1 -0.218879 1
42 66 1 -1.00456 1
42 67 1 1.80785 1
42 68 1 -2.69052 1
42 69 1 -0.792593 1
42 70 1 0.683353 1
42 71 1 1.24636 1
42 72 1 -3.1355 1
42 73 1 -1.53739 1
42 74 1 3.33058 1
42 75 1 -2.1207 1
42 76 1 -3.64436 1
42 77 1 -2.64685 1
42 78 1 -0.599428 1
42 79 1 3.28423 1
42 80 1 -0.565056 1
42 81 1 3.81874 1
42 82 1 3.15938 1
42 83 1 2.72367 1
42 84 1 -0.550642 1
42 85 1 -0.136991 1
42 86 1 2.71056 1
42 87 1 -2.20805 1
42 88 1 -3.71965 1
42 89 1 -1.94118 1
42 90 1 2.48605 1
42 91 1 1.27787 1
42 92 1 2.34528 1
42 93 1 2.49243 1
42 94 1 -3.06446 1
42 95 1 -1.777 1
43 64 1 1.86646 1
43 65 1 -3.30017 1
43 66 1 3.48812 1
43 67 1 0.245188 1
43 68 1 1.18232 1
43 69 1 -4.39575 1
43 70 1 -0.701202 1
43 71 1 -6.18789 1
43 72 1 0.882838 1
43 73 1 -8.27381 1
43 74 1 2.51043 1
43 75 1 -4.42987 1
43 76 1 -1.42139 1
43 77 1 1.71449 1
43 78 1 1.16118 1
43 79 1 -4.99476 1
43 80 1 -0.241551 1
43 81 1 3.36614 1
43 82 1 2.01212 1
43 83 1 -2.99876 1
43 84 1 -2.02088 1
43 85 1 2.39307 1
43 86 1 3.45716 1
43 87 1 5.37318 1
43 88 1 2.89728 1
43 89 1 3.39241 1
43 90 1 -1.35524 1
43 91 1 -3.26158 1
43 92 1 3.17459 1
43 93 1 2.09668 1
43 94 1 -0.700366 1
43 95 1 2.28133 1
44 64 1 -0.345452 1
44 65 1 -6.35614 1
44 66 1 -1.13124 1
44 67 1 -1.65934 1
44 68 1 1.1267 1
44 69 1 -5.3361 1
44 70 1 2.96381 1
44 71 1 3.50523 1
44 72 1 -2.68494 1
44 73 1 1.92441 1
44 74 1 -1.31296 1
44 75 1 -4.01832 1
44 76 1 -1.20355 1
44 77 1 2.27708 1
44 78 1 3.73042 1
44 79 1 0.347169 1
44 80 1 7.34496 1
44 81 1 -2.76269 1
44 82 1 1.88756 1
44 83 1 -1.83312 1
44 84 1 1.94641 1
44 85 1 -0.877592 1
44 86 1 4.82183 1
44 87 1 0.052746 1
44 88 1 1.45955 1
44 89 1 0.922538 1
44 90 1 2.32995 1
44 91 1 3.6281 1
44 92 1 -2.05001 1
44 93 1 2.36412 1
44 94 1 -2.71352 1
44 95 1 -3.24125 1
44 8 1 -0.520444 1
44 29 1 0.0481115 1
45 64 1 -2.91925 1
45 65 1 -0.116678 1
45 66 1 -0.65674 1
45 67 1 3.02557 1
45 68 1 -1.1114 1
45 69 1 -5.65144 1
45 70 1 -3.3767 1
45 71 1 0.421375 1
45 72 1 -5.44007 1
45 73 1 1.79872 1
45 74 1 3.65713 1
45 75 1 4.09116 1
45 76 1 -2.29791 1
45 77 1 -1.93646 1
45 78 1 -0.581109 1
45 79 1 3.55343 1
45 80 1 -3.21998 1
45 81 1 2.40149 1
45 82 1 1.50674 1
45 83 1 -4.37798 1
45 84 1 0.595853 1
45 85 1 -3.37009 1
45 86 1 2.70175 1
45 87 1 0.174287 1
45 88 1 5.57634 1
45 89 1 -2.40514 1
45 90 1 0.186416 1
45 91 1 3.56587 1
45 92 1 -0.802209 1
45 93 1 -6.45186 1
45 94 1 2.07459 1
45 95 1 -4.72462 1
45 9 1 4.33997 1
45 20 1 0.174835 1
45 17 1 -1.29299 1
46 64 1 1.70262 1
46 65 1 1.04366 1
46 66 1 3.08199 1
46 67 1 2.85179 1
46 68 1 -6.25844 1
46 69 1 -0.238045 1
46 70 1 3.01946 1
46 71 1 -2.03424 1
46 72 1 2.89994 1
46 73 1 -4.8001 1
46 74 1 -2.24841 1
46 75 1 -2.74336 1
46 76 1 -5.95298 1
46 77 1 4.61086 1
46 78 1 -0.6587 1
46 79 1 -1.16084 1
46 80 1 3.29167 1
46 81 1 0.595099 1
46 82 1 -0.797569 1
46 83 1 2.97057 1
46 84 1 -1.25441 1
46 85 1 3.23011 1
46 86 1 -2.20783 1
46 87 1 8.20241 1
46 88 1 0.411226 1
46 89 1 -5.79048 1
46 90 1 -3.36924 1
46 91 1 0.0386649 1
46 92 1 -2.74398 1
46 93 1 -2.07907 1
46 94 1 1.30431 1
46 95 1 -0.103942 1
46 24 1 1.93196 1
47 64 1 -0.272695 1
47 65 1 0.160486 1
47 66 1 -1.04993 1
47 67 1 2.22838 1
47 68 1 -0.686277 1
47 69 1 2.82759 1
47 70 1 -1.17928 1
47 71 1 0.671646 1
47 72 1 -1.46968 1
47 73 1 4.93651 0
47 74 1 -1.2531 1
47 75 1 -1.48678 1
47 76 1 -3.49812 1
47 77 1 -7.02351 1
47 78 1 -2.98014 1
47 79 1 -1.11253 1
47 80 1 5.48692 1
47 81 1 -3.39673 1
47 82 1 2.0866 1
47 83 1 0.22201 1
47 84 1 -3.67089 1
47 85 1 -1.82305 1
47 86 1 -2.91152 1
47 87 1 5.06416 1
47 88 1 4.53377 1
47 89 1 2.24245 1
47 90 1 6.43018 1
47 91 1 1.50517 1
47 92 1 2.2351 1
47 93 1 3.38849 1
47 94 1 2.74361 1
47 95 1 -0.847044 1
47 4 1 -0.0999167 1
47 137 1 2.87999 1
137 73 1 2.84285 0
137 156 1 -1.29587 1
156 73 1 4.54789 1
156 15 1 0.429869 1
156 104 1 1.5524 1
48 64 1 0.0864125 1
48 65 1 -2.13718 1
48 66 1 3.82066 1
48 67 1 -3.12989 1
48 68 1 -4.49992 1
48 69 1 -3.62513 1
48 70 1 1.64819 1
48 71 1 0.969378 1
48 72 1 -6.60022 1
48 73 1 4.26002 1
48 74 1 6.43268 1
48 75 1 -4.90065 1
48 76 1 -1.9896 1
48 77 1 -0.686603 1
48 78 1 -2.44543 1
48 79 1 1.67953 1
48 80 1 -1.08627 1
48 81 1 -3.68639 1
48 82 1 -1.70072 1
48 83 1 0.825795 1
48 84 1 0.942564 1
48 85 1 0.56203 1
48 86 1 -0.786005 1
48 87 1 0.760879 1
48 88 1 0.45757 1
48 89 1 -1.90536 1
48 90 1 1.23284 1
48 91 1 0.433153 1
48 92 1 -6.48967 1
48 93 1 0.731705 1
48 94 1 6.34897 1
48 95 1 5.08648 1
48 16 1 1.41012 1
48 12 1 0.115083 1
48 14 1 -1.02603 1
48 30 1 0.649086 1
49 64 1 -0.285769 1
49 65 1 -6.26068 1
49 66 1 3.21039 1
49 67 1 -1.27096 1
49 68 1 -5.26081 1
49 69 1 0.367574 1
49 70 1 1.15703 1
49 71 1 -2.18679 1
49 72 1 -2.32499 1
49 73 1 0.370658 1
49 74 1 2.56609 1
49 75 1 -0.126505 1
49 76 1 -6.23736 1
49 77 1 -4.56949 1
49 78 1 -2.3154 0
49 79 1 2.24812 1
49 80 1 6.06892 1
49 81 1 -2.14463 1
49 82 1 0.476634 1
49 83 1 -0.0771511 1
49 84 1 1.28545 1
49 85 1 -2.12841 1
49 86 1 -3.05074 1
49 87 1 -1.83371 1
49 88 1 2.57819 1
49 89 1 3.4533 1
49 90 1 -2.49319 1
49 91 1 1.70633 1
49 92 1 0.823949 1
49 93 1 3.94167 1
49 94 1 2.48364 1
49 95 1 2.70819 1
49 19 1 -0.197717 1
49 31 1 -1.01999 1
49 15 1 -4.26315 1
49 158 1 0.606378 1
49 26 1 0.433018 1
49 144 1 -3.81376 1
158 78 1 -2.46084 1
50 64 1 -3.03497 1
50 65 1 -2.36184 1
50 66 1 0.941059 1
50 67 1 0.383893 1
50 68 1 2.65363 1
50 69 1 -2.14554 1
50 70 1 1.61428 1
50 71 1 5.25619 1
50 72 1 -3.37273 1
50 73 1 2.63042 1
50 74 1 0.115482 1
50 75 1 4.68405 1
50 76 1 -1.56804 1
50 77 1 -2.72764 1
50 78 1 1.23757 1
50 79 1 -2.59136 1
50 80 1 1.54093 1
50 81 1 2.52083 1
50 82 1 -2.23724 1
50 83 1 5.63958 1
50 84 1 1.04853 1
50 85 1 4.72808 1
50 86 1 4.68375 1
50 87 1 -1.42687 1
50 88 1 -1.39239 1
50 89 1 0.187291 1
50 90 1 0.245607 1
50 91 1 0.983502 1
50 92 1 -0.80359 1
50 93 1 -2.31015 1
50 94 1 -2.26976 1
50 95 1 -0.173115 1
50 4 1 4.55239 1
50 22 1 0.692944 1
51 64 1 -0.928797 1
51 65 1 5.44206 1
51 66 1 1.78631 1
51 67 1 -1.68564 1
51 68 1 1.27423 1
51 69 1 -0.0198075 1
51 70 1 1.11795 1
51 71 1 4.47807 1
51 72 1 -4.43478 1
51 73 1 -2.52224 0
51 74 1 -1.38196 1
51 75 1 4.82835 1
51 76 1 -2.70329 1
51 77 1 5.36285 1
51 78 1 7.10974 1
51 79 1 -1.05639 1
51 80 1 0.356844 1
51 81 1 -2.71455 1
51 82 1 -0.806842 1
51 83 1 6.3246 1
51 84 1 -3.98535 1
51 85 1 0.647564 1
51 86 1 -1.73747 1
51 87 1 3.5679 1
51 88 1 -2.01961 0
51 89 1 1.04232 1
51 90 1 -1.0526 1
51 91 1 -2.59157 1
51 92 1 3.661 1
51 93 1 5.36933 1
51 94 1 -4.74522 1
51 95 1 -2.65535 1
51 116 1 1.63264 1
51 12 1 -2.63334 1
51 179 1 -0.0659582 1
179 88 1 0.0744248 1
116 73 1 1.48417 0
116 134 1 2.93462 1
134 73 1 3.52002 1
134 128 1 2.36238 1
52 64 1 -2.13528 1
52 65 1 6.1241 1
52 66 1 -1.41477 1
52 67 1 0.197222 1
52 68 1 1.37666 1
52 69 1 6.48398 1
52 70 1 3.03442 1
52 71 1 -2.79625 1
52 72 1 0.119386 1
52 73 1 3.15931 1
52 74 1 3.09945 1
52 75 1 3.18721 1
52 76 1 -4.97996 1
52 77 1 -0.0673039 1
52 78 1 3.8839 1
52 79 1 -2.7511 1
52 80 1 -1.51206 1
52 81 1 -0.201305 1
52 82 1 -2.05056 1
52 83 1 0.848396 1
52 84 1 -0.578638 1
52 85 1 -2.8059 1
52 86 1 -6.86979 1
52 87 1 0.917855 1
52 88 1 -0.076809 1
52 89 1 1.07022 1
52 90 1 -0.119315 1
52 91 1 -1.38358 1
52 92 1 1.31881 1
52 93 1 -3.93534 0
52 94 1 4.0715 1
52 95 1 -0.696853 1
52 115 1 1.41043 1
52 139 1 1.24528 1
52 23 1 -1.59074 1
139 93 1 -0.424488 0
139 181 1 0.0980843 0
139 184 1 1.37478 1
184 181 1 -0.68904 1
184 15 1 1.18237 1
181 93 1 0.0939031 1
53 64 1 -5.30494 1
53 65 1 -0.832726 1
53 66 1 -2.69492 1
53 67 1 -1.59634 1
53 68 1 -0.850856 1
53 69 1 1.09988 1
53 70 1 0.894803 0
53 71 1 0.690377 1
53 72 1 0.07941 1
53 73 1 1.27416 1
53 74 1 -0.155489 1
53 75 1 -2.79079 1
53 76 1 0.231515 1
53 77 1 1.70681 1
53 78 1 0.742879 1
53 79 1 -0.681204 1
53 80 1 1.56894 1
53 81 1 2.86529 1
53 82 1 1.07942 1
53 83 1 -2.03953 1
53 84 1 2.0596 1
53 85 1 2.40024 1
53 86 1 1.02959 1
53 87 1 -1.85376 1
53 88 1 0.800517 1
53 89 1 1.32636 1
53 90 1 -2.53237 1
53 91 1 0.191919 1
53 92 1 1.84787 1
53 93 1 -1.44487 1
53 94 1 -1.47225 1
53 95 1 -3.96372 1
53 20 1 4.89303 1
53 23 1 -0.989255 1
53 149 1 -0.651896 1
149 70 1 -1.98332 0
149 153 1 0.843807 1
149 126 1 -0.826493 1
153 70 1 1.82491 0
153 183 1 2.26111 1
183 70 1 0.321688 0
183 191 1 1.67613 1
191 70 1 0.315172 1
54 64 1 3.47058 1
54 65 1 1.93485 1
54 66 1 -0.619506 1
54 67 1 1.7677 1
54 68 1 1.54261 1
54 69 1 -4.05626 1
54 70 1 1.30841 1
54 71 1 3.89071 1
54 72 1 1.62627 1
54 73 1 0.230517 1
54 74 1 0.292287 1
54 75 1 -3.9065 1
54 76 1 -4.30575 1
54 77 1 0.742741 1
54 78 1 -2.21745 1
54 79 1 3.50006 1
54 80 1 1.3965 1
54 81 1 4.6928 1
54 82 1 -2.19095 1
54 83 1 3.67763 1
54 84 1 -0.938765 1
54 85 1 1.52215 1
54 86 1 -5.93394 1
54 87 1 0.207947 1
54 88 1 1.93326 1
54 89 1 4.18 1
54 90 1 -2.77927 1
54 91 1 3.43048 1
54 92 1 -1.79634 1
54 93 1 4.91017 1
54 94 1 -3.13786 1
54 95 1 -2.12307 1
54 30 1 -0.471688 1
54 144 1 3.94512 1
54 16 1 0.332889 1
55 64 1 2.59124 1
55 65 1 -2.66023 1
55 66 1 -2.85128 1
55 67 1 -2.88957 1
55 68 1 2.21391 1
55 69 1 0.354706 1
55 70 1 2.83468 1
55 71 1 -5.06136 1
55 72 1 1.47886 1
55 73 1 -1.36301 1
55 74 1 2.70324 1
55 75 1 -3.01789 1
55 76 1 -5.81266 1
55 77 1 2.79099 1
55 78 1 2.02565 1
55 79 1 4.64673 1
55 80 1 -1.70116 1
55 81 1 1.23408 1
55 82 1 -1.80901 1
55 83 1 1.47503 1
55 84 1 -0.0672976 1
55 85 1 -7.71597 1
55 86 1 -0.372042 1
55 87 1 -2.53744 1
55 88 1 -5.21302 1
55 89 1 0.817111 1
55 90 1 -0.866077 1
55 91 1 -0.603001 1
55 92 1 9.94876 1
55 93 1 -5.24155 1
55 94 1 -2.7152 1
55 95 1 -0.508059 0
55 28 1 4.035 1
55 114 1 0.702178 1
55 0 1 -4.00819 1
55 2 1 -1.02459 1
114 95 1 -0.429198 1
56 64 1 4.11128 1
56 65 1 -11.7305 1
56 66 1 -1.07963 1
56 67 1 -1.27213 1
56 68 1 3.99205 0
56 69 1 -1.77199 1
56 70 1 2.73821 1
56 71 1 3.17095 1
56 72 1 -1.80696 1
56 73 1 1.54197 1
56 74 1 3.18531 1
56 75 1 6.95754 1
56 76 1 -3.70546 1
56 77 1 -2.02791 1
56 78 1 -3.52593 1
56 79 1 -1.86345 1
56 80 1 0.935661 1
56 81 1 4.72264 1
56 82 1 2.14718 1
56 83 1 -0.707639 1
56 84 1 -2.35186 1
56 85 1 -2.38889 1
56 86 1 3.09483 1
56 87 1 2.08292 1
56 88 1 1.84416 1
56 89 1 2.29442 1
56 90 1 0.936325 1
56 91 1 -1.30799 1
56 92 1 1.30566 1
56 93 1 3.02228 1
56 94 1 -1.69347 1
56 95 1 -1.87746 1
56 3 1 -2.79072 1
56 126 1 4.64227 1
56 0 1 -2.49149 1
126 68 1 2.87138 1
126 11 1 -3.56297 1
57 64 1 -4.8261 1
57 65 1 5.94787 1
57 66 1 -1.18184 1
57 67 1 -2.3404 1
57 68 1 -0.514878 1
57 69 1 -1.04177 0
57 70 1 -0.0700182 1
57 71 1 2.52949 1
57 72 1 3.30319 1
57 73 1 -2.0314 1
57 74 1 0.786089 1
57 75 1 5.9742 1
57 76 1 4.27327 1
57 77 1 -5.9255 1
57 78 1 1.06244 1
57 79 1 -1.59158 1
57 80 1 3.64646 1
57 81 1 4.83974 1
57 82 1 3.62592 1
57 83 1 -2.09879 1
57 84 1 1.11152 1
57 85 1 -4.60454 1
57 86 1 -1.62281 1
57 87 1 -1.08887 1
57 88 1 2.71543 1
57 89 1 1.24442 1
57 90 1 0.362603 1
57 91 1 -2.61768 1
57 92 1 -2.04196 1
57 93 1 -3.18114 1
57 94 1 -0.439239 1
57 95 1 3.79622 1
57 104 1 4.3974 1
57 22 1 0.780074 1
104 69 1 1.09261 0
104 1 1 3.06037 1
104 107 1 -0.580293 1
104 19 1 0.998734 1
104 193 1 1.06526 1
193 69 1 1.08976 1
58 64 1 7.31708 1
58 65 1 -4.1518 1
58 66 1 -1.9254 1
58 67 1 -0.220889 1
58 68 1 -5.12664 1
58 69 1 -1.88084 1
58 70 1 -0.586509 1
58 71 1 2.52157 1
58 72 1 1.71735 1
58 73 1 -3.38696 1
58 74 1 2.43347 1
58 75 1 1.7426 1
58 76 1 0.461174 1
58 77 1 4.25701 1
58 78 1 -2.78542 1
58 79 1 -0.598801 0
58 80 1 -2.91246 1
58 81 1 2.69952 1
58 82 1 1.41779 1
58 83 1 1.01228 1
58 84 1 -2.43297 1
58 85 1 1.84252 1
58 86 1 2.78631 1
58 87 1 -4.68492 1
58 88 1 -6.88615 1
58 89 1 -2.90965 1
58 90 1 1.25402 1
58 91 1 -2.85925 1
58 92 1 -0.0251146 0
58 93 1 1.153 1
58 94 1 -1.70999 1
58 95 1 2.44826 1
58 128 1 1.95617 1
58 115 1 0.0520844 1
58 174 1 2.63465 1
174 92 1 -0.917976 1
128 79 1 -0.439373 0
128 131 1 1.63542 1
131 79 1 2.03711 0
131 160 1 0.367645 1
131 7 1 1.00488 1
160 79 1 4.20015 0
160 125 1 2.13635 1
160 173 1 0.467835 1
173 79 1 2.37726 1
59 64 1 -2.62195 1
59 65 1 0.959043 1
59 66 1 5.31229 1
59 67 1 -2.36907 1
59 68 1 3.25251 1
59 69 1 -2.68137 1
59 70 1 -3.30623 1
59 71 1 0.179381 1
59 72 1 -0.902601 1
59 73 1 -1.72232 1
59 74 1 0.283873 1
59 75 1 1.48765 1
59 76 1 2.81903 1
59 77 1 -0.42103 0
59 78 1 1.30359 1
59 79 1 -3.57281 1
59 80 1 0.849972 1
59 81 1 0.900202 1
59 82 1 -3.81213 1
59 83 1 7.06972 1
59 84 1 2.43976 1
59 85 1 -5.7252 1
59 86 1 -3.78435 1
59 87 1 0.931288 1
59 88 1 4.25537 1
59 89 1 -0.668611 1
59 90 1 -0.241454 1
59 91 1 -1.655 1
59 92 1 0.996057 1
59 93 1 2.82058 1
59 94 1 -5.25985 1
59 95 1 2.87758 1
59 97 1 -0.784608 1
59 5 1 -5.15028 1
59 11 1 -4.20546 1
59 13 1 1.84706 1
97 77 1 -7.004 1
97 22 1 1.08718 1
97 2 1 -6.8674 0
97 99 1 1.23623 1
97 7 1 3.98842 0
97 102 1 2.42409 1
97 17 1 2.56543 1
102 7 1 5.75565 1
99 2 1 -0.110265 0
99 108 1 4.92466 1
99 15 1 4.40618 1
108 2 1 0.54132 0
108 125 1 7.09462 1
108 0 1 -1.97373 1
125 2 1 1.96586 1
125 1 1 1.43929 1
60 64 1 0.546016 1
60 65 1 0.329627 1
60 66 1 1.76323 1
60 67 1 -1.89865 1
60 68 1 0.820776 1
60 69 1 2.56124 1
60 70 1 -0.796986 1
60 71 1 1.18794 1
60 72 1 -0.56441 0
60 73 1 1.74214 1
60 74 1 1.5045 1
60 75 1 0.675276 1
60 76 1 -1.82946 1
60 77 1 5.66947 1
60 78 1 -3.04251 1
60 79 1 -0.706773 1
60 80 1 -5.74781 1
60 81 1 -3.60993 1
60 82 1 -1.37976 1
60 83 1 2.07987 1
60 84 1 -4.34294 1
60 85 1 2.63101 1
60 86 1 3.29525 1
60 87 1 -0.99535 1
60 88 1 -4.89975 1
60 89 1 1.50282 1
60 90 1 -1.63706 1
60 91 1 0.412525 1
60 92 1 0.498073 1
60 93 1 -1.35782 1
60 94 1 -0.760012 1
60 95 1 0.481872 1
60 24 1 -0.590201 1
60 0 1 4.27187 1
60 115 1 3.02538 1
60 3 1 -3.1436 1
60 20 1 -0.329546 1
115 72 1 -1.95097 1
115 18 1 1.25599 1
115 14 1 3.56905 1
115 19 1 -0.951299 1
61 64 1 0.199582 1
61 65 1 -1.02768 1
61 66 1 2.80926 1
61 67 1 1.62379 1
61 68 1 -3.71242 1
61 69 1 3.93928 1
61 70 1 3.36857 1
61 71 1 1.42263 1
61 72 1 0.485659 1
61 73 1 0.314584 1
61 74 1 4.01172 1
61 75 1 6.36344 1
61 76 1 1.27397 1
61 77 1 -2.51119 0
61 78 1 -4.80916 1
61 79 1 1.49403 1
61 80 1 -2.54377 1
61 81 1 -0.511142 1
61 82 1 -2.38567 1
61 83 1 -0.983093 1
61 84 1 -3.32264 1
61 85 1 -0.441797 1
61 86 1 -0.341223 1
61 87 1 2.42801 1
61 88 1 -2.82088 1
61 89 1 1.35704 1
61 90 1 -3.41139 1
61 91 1 1.12631 1
61 92 1 -0.577001 1
61 93 1 1.02083 1
61 94 1 1.17521 1
61 95 1 -1.09029 1
61 107 1 0.667632 1
61 113 1 -0.244149 1
61 14 1 -2.5942 1
107 77 1 -4.95775 0
107 113 1 -0.46615 1
107 14 1 -1.80464 1
107 20 1 0.925451 1
113 77 1 -1.20382 0
113 23 1 -0.773836 1
113 147 1 1.72307 1
113 159 1 1.21283 1
159 77 1 -2.36878 0
159 161 1 0.915469 1
161 77 1 -2.19687 1
62 64 1 -0.680751 1
62 65 1 -2.92101 1
62 66 1 3.0178 1
62 67 1 -1.60798 1
62 68 1 2.33835 1
62 69 1 0.0312804 1
62 70 1 -1.5259 1
62 71 1 -5.88436 1
62 72 1 4.19126 1
62 73 1 3.98026 1
62 74 1 2.46892 1
62 75 1 -0.891624 1
62 76 1 2.99391 1
62 77 1 -3.12315 1
62 78 1 -2.10588 1
62 79 1 -2.30323 1
62 80 1 2.43007 1
62 81 1 0.607472 1
62 82 1 -1.79386 1
62 83 1 3.37572 1
62 84 1 -0.0616813 0
62 85 1 -0.0832143 1
62 86 1 3.79601 1
62 87 1 -1.70365 1
62 88 1 0.911701 1
62 89 1 -3.0591 1
62 90 1 -8.99735 1
62 91 1 -0.0174419 1
62 92 1 0.651664 1
62 93 1 -0.949612 1
62 94 1 -1.58253 1
62 95 1 -2.24011 1
62 5 1 0.782022 1
62 138 1 1.95676 0
62 152 1 0.334027 1
62 31 1 1.40043 1
152 138 1 2.00495 0
152 187 1 1.56012 1
187 138 1 1.84571 1
138 84 1 -1.75557 1
63 64 1 3.09132 1
63 65 1 -2.13424 1
63 66 1 6.10989 1
63 67 1 -3.36787 1
63 68 1 2.09611 1
63 69 1 -4.1284 1
63 70 1 -3.92069 1
63 71 1 0.818277 1
63 72 1 0.572176 1
63 73 1 1.49574 1
63 74 1 -7.65762 1
63 75 1 0.565401 1
63 76 1 -0.0889234 0
63 77 1 0.482047 1
63 78 1 -0.484928 1
63 79 1 -0.531414 1
63 80 1 2.83633 1
63 81 1 -0.940148 1
63 82 1 2.99106 1
63 83 1 -4.58089 1
63 84 1 -3.00637 1
63 85 1 -5.55206 1
63 86 1 6.46886 1
63 87 1 -3.65355 0
63 88 1 -2.24267 1
63 89 1 -1.65491 1
63 90 1 -0.554936 1
63 91 1 -2.4372 1
63 92 1 0.725957 1
63 93 1 2.49443 1
63 94 1 1.15162 1
63 95 1 -1.75849 1
63 141 1 6.44287 1
63 144 1 1.19169 1
144 76 1 -0.985696 0
144 147 1 -0.0908029 1
147 76 1 -2.02094 1
147 9 1 -3.38158 1
141 87 1 -5.47072 1
141 10 1 0.597592 1
