195 64 32
4.33502 -1.16386 -2.74544 4.35009 -7.24695 3.68419 0.487435 3.33855 -1.3926 6.87472 3.34615 6.81814 -4.13707 -3.7731 -0.913364 -3.03561 1.40658 -0.279402 1.51455 -0.576189 -1.11176 -0.195557 -0.879295 1.37758 -5.53662 0.362166 4.79646 2.33207 -4.26197 -2.63101 -3.31138 -0.824884 -0.747691 0.99734 -0.655885 4.40749 -4.38113 0.517679 -1.89285 -0.844605 -3.14659 1.81118 -1.28754 -2.57148 -6.77541 -5.33791 -6.2174 2.20639 0.0437906 4.89013 1.54141 -3.65415 -3.61184 -1.52912 -0.76857 1.94664 -2.06468 2.79122 1.20406 -2.67265 2.13092 -3.6838 -3.80999 -3.35104 -3.85676 -3.2176 3.38841 1.89119 -2.53236 1.40453 -2.2528 -6.83475 -3.52962 -3.42186 2.25653 4.58138 -0.610581 -2.23999 -0.129927 -6.14823 -0.809522 0.273833 -4.34455 2.88166 1.52186 0.773098 -2.08854 0.750838 3.7846 1.01976 -2.77372 1.37857 -1.0858 -0.83967 0.00810852 -0.0259662 -1.31077 -1.84527 -2.75102 -1.75824 1.33396 -3.19686 -5.7222 -0.384959 -4.45176 1.53041 -1.83592 -4.1009 -2.15689 -1.56269 -1.5898 3.72554 1.5716 -6.06192 1.04308 -1.73677 -0.893515 0.246753 0.248334 -0.775462 3.64851 -2.07615 -1.54853 0.145472 1.579 3.99747 -0.366168 0.0647097 0.934833 3.09004 0.319921 -0.72237 -0.858934 0.604301 -1.03022 -0.434084 0.154124 -0.0084315 -3.62655 -1.75489 3.62273 -2.85576 -2.65574 -2.79869 1.39851 3.03774 1.36539 -4.59359 -0.126054 -2.67937 -1.71617 -1.71264 0.0133386 -0.86982 0.166718 -0.851776 -0.279949 -0.287156 -1.1499 0.703716 1.44555 1.35228 1.90035 2.19159 2.08405 -0.784822 1.0005 -0.664487 -0.261791 0.079095 0.706548 1.16111 2.62095 -0.557747 -1.21928 0.715122 -0.885381 -0.68573 -0.0941652 1.24735 1.0735 0.31291 0.376463 -0.68058 -1.75709 -0.313188 -0.499822 1.66845 -0.230301 -0.405182 -0.377978 -0.021864 -0.689083 0.298501 -0.0388064 
0 64 1 -4.28834 1
0 65 1 2.13232 1
0 66 1 2.9931 1
0 67 1 0.56765 1
0 68 1 -2.22481 1
0 69 1 1.99947 1
0 70 1 2.65277 1
0 71 1 2.64009 1
0 72 1 1.39593 1
0 73 1 -0.130786 1
0 74 1 -0.812236 1
0 75 1 2.82232 1
0 76 1 2.41315 1
0 77 1 2.94134 1
0 78 1 -0.122021 1
0 79 1 -0.100669 1
0 80 1 3.46154 1
0 81 1 3.97945 1
0 82 1 5.89643 1
0 83 1 0.217594 1
0 84 1 -1.48687 1
0 85 1 4.38706 1
0 86 1 -3.48606 1
0 87 1 -4.2085 1
0 88 1 3.79919 1
0 89 1 3.55305 1
0 90 1 4.43036 1
0 91 1 5.27093 1
0 92 1 -4.77547 1
0 93 1 -0.938376 1
0 94 1 2.55014 1
0 95 1 -1.02833 1
0 10 1 -2.02965 1
1 64 1 0.604095 1
1 65 1 -6.38088 1
1 66 1 2.99599 1
1 67 1 -5.54101 1
1 68 1 6.81902 1
1 69 1 -2.30838 1
1 70 1 2.61425 1
1 71 1 0.292813 1
1 72 1 -4.11588 1
1 73 1 -1.6399 1
1 74 1 -2.74273 1
1 75 1 5.08447 1
1 76 1 -2.25313 1
1 77 1 6.53798 1
1 78 1 0.0351688 1
1 79 1 -3.39326 1
1 80 1 -0.142771 1
1 81 1 0.271393 1
1 82 1 -0.910962 1
1 83 1 -5.03183 1
1 84 1 -4.87741 1
1 85 1 -1.93644 1
1 86 1 2.98887 1
1 87 1 -2.49722 1
1 88 1 -0.432444 1
1 89 1 3.50037 1
1 90 1 -2.15759 1
1 91 1 -1.18269 1
1 92 1 0.704127 1
1 93 1 -0.465068 1
1 94 1 -0.738748 1
1 95 1 -6.56515 1
1 27 1 -0.716558 1
2 64 1 1.51486 1
2 65 1 -3.1846 1
2 66 1 -4.91585 1
2 67 1 -3.78419 1
2 68 1 -1.60615 1
2 69 1 -1.011 1
2 70 1 -0.209896 1
2 71 1 1.35935 1
2 72 1 -0.681455 1
2 73 1 -1.74555 1
2 74 1 -3.74234 1
2 75 1 0.714535 1
2 76 1 -2.16684 1
2 77 1 -2.36171 1
2 78 1 -0.369401 1
2 79 1 -3.68425 1
2 80 1 -6.57705 1
2 81 1 -6.37728 1
2 82 1 1.48572 1
2 83 1 -6.29932 1
2 84 1 -0.995462 1
2 85 1 3.50056 1
2 86 1 -1.6977 1
2 87 1 -0.656778 1
2 88 1 -2.57429 1
2 89 1 -4.8084 1
2 90 1 -3.72082 1
2 91 1 -2.56277 1
2 92 1 2.85634 0
2 93 1 -1.55186 1
2 94 1 2.93043 1
2 95 1 -4.14512 1
2 100 1 -0.782222 1
2 6 1 4.21336 1
2 110 1 -1.01889 1
2 180 1 3.26921 1
180 92 1 2.65253 0
180 189 1 0.538183 1
189 92 1 3.27686 1
3 64 1 -0.302691 1
3 65 1 -2.3521 1
3 66 1 0.495447 1
3 67 1 -0.13064 1
3 68 1 5.87465 1
3 69 1 -2.80197 1
3 70 1 -2.70472 1
3 71 1 -0.638834 1
3 72 1 9.61848 1
3 73 1 -0.0354657 1
3 74 1 0.0391813 1
3 75 1 4.6 1
3 76 1 -0.472574 1
3 77 1 0.46868 1
3 78 1 -2.8403 1
3 79 1 1.18357 1
3 80 1 -4.64048 1
3 81 1 0.611203 1
3 82 1 6.41007 1
3 83 1 3.75525 1
3 84 1 -0.909631 1
3 85 1 -5.63501 1
3 86 1 2.27316 1
3 87 1 5.24251 1
3 88 1 -1.35728 1
3 89 1 3.716 1
3 90 1 0.960889 1
3 91 1 2.02305 1
3 92 1 0.82928 1
3 93 1 -3.1343 1
3 94 1 -1.65999 1
3 95 1 3.56118 0
3 110 1 1.89471 1
110 95 1 -1.21317 0
110 111 1 -1.93845 0
110 132 1 2.90491 1
110 152 1 0.0734747 1
110 126 1 0.812616 1
110 20 1 0.490842 1
110 16 1 1.24698 1
132 111 1 2.3498 1
111 95 1 1.09797 1
4 64 1 1.47688 1
4 65 1 0.86877 1
4 66 1 -0.206306 1
4 67 1 6.14032 1
4 68 1 0.73764 1
4 69 1 2.6016 1
4 70 1 -0.917186 1
4 71 1 -0.396667 1
4 72 1 -2.13379 1
4 73 1 -1.26094 0
4 74 1 -1.55093 1
4 75 1 -6.09507 0
4 76 1 0.190824 1
4 77 1 3.57832 1
4 78 1 -1.84595 1
4 79 1 1.2221 1
4 80 1 -6.65818 1
4 81 1 1.96036 1
4 82 1 -0.164944 1
4 83 1 -0.878759 1
4 84 1 -3.00336 1
4 85 1 2.27836 1
4 86 1 1.56543 1
4 87 1 -4.00448 1
4 88 1 -2.56639 1
4 89 1 -3.06109 1
4 90 1 4.72597 1
4 91 1 -2.63927 1
4 92 1 -1.16467 1
4 93 1 0.86483 0
4 94 1 -2.31579 1
4 95 1 1.40005 1
4 101 1 3.43694 1
4 17 1 6.11387 1
4 118 1 2.76267 1
4 145 1 0.76395 1
4 119 1 -0.789278 1
145 93 1 0.396779 1
145 12 1 1.69973 1
145 139 1 -1.41604 1
118 73 1 -6.02077 1
101 75 1 2.314 1
5 64 1 -3.54795 1
5 65 1 7.74768 1
5 66 1 -2.01237 1
5 67 1 10.9201 1
5 68 1 2.89201 1
5 69 1 2.6419 1
5 70 1 1.7058 0
5 71 1 -1.27014 1
5 72 1 -0.448301 1
5 73 1 -1.99619 1
5 74 1 -2.81962 1
5 75 1 3.07933 1
5 76 1 1.68864 1
5 77 1 1.16233 1
5 78 1 -1.18095 1
5 79 1 0.476775 1
5 80 1 1.46707 1
5 81 1 -1.02081 1
5 82 1 -1.42637 1
5 83 1 5.24936 1
5 84 1 2.78213 1
5 85 1 4.5749 1
5 86 1 1.1345 1
5 87 1 0.207133 1
5 88 1 1.23888 1
5 89 1 -2.53763 1
5 90 1 -2.32311 1
5 91 1 -2.13346 1
5 92 1 -2.39999 1
5 93 1 -0.0166708 1
5 94 1 -1.78665 1
5 95 1 -1.23541 1
5 28 1 3.04448 1
5 188 1 1.60793 1
188 70 1 1.19371 1
6 64 1 -0.859269 1
6 65 1 -2.65993 1
6 66 1 1.97693 1
6 67 1 0.526533 1
6 68 1 -3.76718 1
6 69 1 -2.53583 1
6 70 1 -5.62136 1
6 71 1 -0.32633 1
6 72 1 2.18638 1
6 73 1 -3.60724 1
6 74 1 -4.40903 1
6 75 1 2.75074 1
6 76 1 5.26377 1
6 77 1 -3.90416 1
6 78 1 0.479476 1
6 79 1 -4.3648 1
6 80 1 1.70499 1
6 81 1 -2.29909 1
6 82 1 1.72146 1
6 83 1 2.1677 1
6 84 1 3.52292 1
6 85 1 -6.94241 1
6 86 1 -0.970262 1
6 87 1 6.82741 1
6 88 1 -0.525479 1
6 89 1 -3.13578 1
6 90 1 3.21869 1
6 91 1 0.663098 1
6 92 1 6.25682 1
6 93 1 -3.99915 1
6 94 1 -1.56008 1
6 95 1 3.08781 1
6 26 1 0.208913 1
7 64 1 2.24237 1
7 65 1 2.44941 1
7 66 1 1.03768 1
7 67 1 -4.68433 1
7 68 1 -3.92975 1
7 69 1 -2.70428 1
7 70 1 6.48597 1
7 71 1 3.59032 1
7 72 1 3.62678 1
7 73 1 -2.30892 1
7 74 1 0.328454 1
7 75 1 -0.673221 0
7 76 1 0.936511 1
7 77 1 3.54614 1
7 78 1 2.00717 1
7 79 1 0.854888 1
7 80 1 -0.640899 1
7 81 1 1.85905 1
7 82 1 -4.95221 0
7 83 1 0.913115 0
7 84 1 -4.39773 1
7 85 1 4.27939 1
7 86 1 0.748895 1
7 87 1 4.89797 1
7 88 1 -1.475 1
7 89 1 -1.83887 1
7 90 1 2.17539 1
7 91 1 -4.33284 1
7 92 1 -0.976365 1
7 93 1 -1.29534 1
7 94 1 0.460135 1
7 95 1 1.59168 1
7 100 1 -0.500887 1
7 127 1 2.8693 1
7 164 1 0.56274 1
164 75 1 0.47579 1
127 82 1 -4.87759 0
127 169 1 0.71819 1
127 150 1 -0.0647069 1
169 82 1 -4.4955 1
169 15 1 1.20758 1
100 83 1 3.24796 0
100 24 1 -2.20007 0
100 106 1 2.19518 1
100 166 1 -0.175101 1
166 83 1 3.47221 1
106 24 1 -8.78465 1
106 6 1 -3.79442 1
8 64 1 2.31717 1
8 65 1 -2.75778 1
8 66 1 -0.332736 1
8 67 1 -1.3691 1
8 68 1 -3.21232 1
8 69 1 3.79183 1
8 70 1 1.24394 1
8 71 1 2.55491 1
8 72 1 4.08506 1
8 73 1 -3.86019 1
8 74 1 -1.92136 1
8 75 1 -4.27751 1
8 76 1 2.67494 1
8 77 1 2.83581 1
8 78 1 0.909888 1
8 79 1 -2.67366 1
8 80 1 -0.191834 1
8 81 1 -1.80814 1
8 82 1 0.364813 1
8 83 1 -2.62263 1
8 84 1 2.71641 1
8 85 1 7.74971 1
8 86 1 6.62498 1
8 87 1 3.6422 1
8 88 1 0.460283 1
8 89 1 5.56337 1
8 90 1 1.83626 1
8 91 1 -2.64653 1
8 92 1 1.1047 1
8 93 1 4.62859 1
8 94 1 6.91993 1
8 95 1 -1.7689 1
8 17 1 -0.0637613 1
9 64 1 -4.83067 1
9 65 1 -1.97089 1
9 66 1 2.13617 1
9 67 1 -0.235203 1
9 68 1 -1.48722 1
9 69 1 0.244904 1
9 70 1 -8.48475 1
9 71 1 -1.25118 1
9 72 1 -0.151736 1
9 73 1 -3.26006 1
9 74 1 0.87847 1
9 75 1 2.41142 1
9 76 1 2.86296 1
9 77 1 0.647956 1
9 78 1 2.89631 1
9 79 1 0.763635 0
9 80 1 -1.83659 1
9 81 1 2.58538 1
9 82 1 -1.349 1
9 83 1 -1.46149 1
9 84 1 4.82545 1
9 85 1 1.33998 1
9 86 1 1.04607 1
9 87 1 1.35058 1
9 88 1 3.23766 1
9 89 1 5.16997 1
9 90 1 -1.18422 1
9 91 1 -0.167945 1
9 92 1 -1.07578 1
9 93 1 -0.852191 1
9 94 1 -3.1044 1
9 95 1 -1.00899 1
9 103 1 -2.46923 1
9 130 1 -1.02672 1
9 157 1 -1.61056 1
157 79 1 0.58506 1
157 22 1 -1.35451 1
10 64 1 0.59072 1
10 65 1 -1.41563 1
10 66 1 4.96857 1
10 67 1 -2.04149 1
10 68 1 2.188 1
10 69 1 -1.64621 1
10 70 1 0.0674694 1
10 71 1 -0.826144 1
10 72 1 5.54372 1
10 73 1 4.33569 1
10 74 1 1.3761 0
10 75 1 1.61655 1
10 76 1 3.92662 1
10 77 1 0.338341 1
10 78 1 0.316172 1
10 79 1 -4.19092 1
10 80 1 -3.4149 1
10 81 1 6.50502 1
10 82 1 3.05156 1
10 83 1 0.248497 1
10 84 1 7.93152 1
10 85 1 2.36795 1
10 86 1 -3.78103 1
10 87 1 -2.0517 1
10 88 1 2.02218 1
10 89 1 -0.384522 1
10 90 1 0.516223 1
10 91 1 3.06831 1
10 92 1 -2.11678 1
10 93 1 -0.282042 1
10 94 1 4.32235 1
10 95 1 4.83405 0
10 124 1 3.27293 1
10 165 1 -0.139896 1
165 95 1 5.85206 1
165 133 1 0.95695 1
124 74 1 -0.992398 1
124 12 1 1.71396 0
124 171 1 0.241613 1
171 12 1 1.8368 1
171 152 1 -0.742485 1
11 64 1 3.55368 1
11 65 1 1.50811 1
11 66 1 3.55369 1
11 67 1 -1.64361 1
11 68 1 1.47914 1
11 69 1 2.39309 1
11 70 1 4.16686 1
11 71 1 0.549901 1
11 72 1 -8.18356 1
11 73 1 0.618049 1
11 74 1 0.375684 0
11 75 1 -2.01342 1
11 76 1 -1.6726 1
11 77 1 0.84093 1
11 78 1 -2.00003 1
11 79 1 -0.679614 1
11 80 1 -0.657104 1
11 81 1 2.00936 1
11 82 1 5.54456 0
11 83 1 4.59032 1
11 84 1 1.79959 1
11 85 1 -0.75875 1
11 86 1 -4.80725 1
11 87 1 1.177 1
11 88 1 -7.51748 1
11 89 1 3.16945 1
11 90 1 0.3656 1
11 91 1 -1.38535 1
11 92 1 -0.822303 1
11 93 1 2.28482 1
11 94 1 -3.2756 1
11 95 1 -6.2468 1
11 120 1 -6.56559 1
11 109 1 -1.48967 1
11 154 1 3.58692 1
11 8 1 -0.213399 1
11 112 1 3.50957 1
11 24 1 0.182969 1
154 82 1 4.77003 1
120 74 1 -3.09245 1
120 13 1 0.267656 0
120 150 1 3.81003 1
150 13 1 1.73508 0
150 163 1 3.52992 1
163 13 1 1.89535 1
12 64 1 -2.52067 1
12 65 1 -1.09446 0
12 66 1 -0.721526 1
12 67 1 -3.1854 1
12 68 1 1.34818 1
12 69 1 1.79374 1
12 70 1 0.622807 1
12 71 1 -2.54578 1
12 72 1 2.25978 1
12 73 1 -3.52747 1
12 74 1 -3.01714 1
12 75 1 0.291624 1
12 76 1 -2.65932 1
12 77 1 1.91001 1
12 78 1 -1.12748 1
12 79 1 -2.74444 1
12 80 1 -2.30413 1
12 81 1 -3.60424 1
12 82 1 6.42617 1
12 83 1 -0.142715 1
12 84 1 3.87327 1
12 85 1 0.799494 1
12 86 1 -4.9783 1
12 87 1 -2.95321 1
12 88 1 -1.17728 1
12 89 1 1.48565 1
12 90 1 -0.138379 1
12 91 1 -1.76352 1
12 92 1 0.273294 1
12 93 1 -1.01407 1
12 94 1 1.73326 1
12 95 1 -2.85175 1
12 17 1 -0.474459 1
12 18 1 0.0755733 1
12 144 1 -1.52505 1
12 167 1 0.623412 1
12 11 1 -0.537956 1
167 65 1 -2.55614 1
167 12 1 1.60317 1
13 64 1 0.139216 1
13 65 1 -2.41538 1
13 66 1 -0.849299 1
13 67 1 -0.967785 1
13 68 1 3.66537 1
13 69 1 -4.22167 1
13 70 1 -1.32027 1
13 71 1 -0.277683 1
13 72 1 -0.0594448 1
13 73 1 0.879892 1
13 74 1 -0.178054 1
13 75 1 -1.92317 1
13 76 1 -0.414066 1
13 77 1 -1.48393 1
13 78 1 2.41574 1
13 79 1 4.43676 1
13 80 1 0.980271 1
13 81 1 2.88555 1
13 82 1 3.56045 1
13 83 1 3.60201 1
13 84 1 -5.07247 1
13 85 1 4.72732 1
13 86 1 4.14281 1
13 87 1 4.70409 1
13 88 1 3.4755 1
13 89 1 0.12766 1
13 90 1 -4.51285 1
13 91 1 -5.14333 1
13 92 1 -3.01964 1
13 93 1 -3.18603 1
13 94 1 0.188002 1
13 95 1 -5.04733 1
14 64 1 1.09397 1
14 65 1 3.77539 1
14 66 1 1.01173 1
14 67 1 3.86995 1
14 68 1 -1.78274 1
14 69 1 2.51984 1
14 70 1 -0.544351 1
14 71 1 1.19021 1
14 72 1 4.94313 1
14 73 1 1.65651 1
14 74 1 0.504212 1
14 75 1 2.71471 1
14 76 1 -4.49083 1
14 77 1 0.385082 1
14 78 1 -1.41508 1
14 79 1 -1.42735 1
14 80 1 -1.50688 1
14 81 1 2.02276 0
14 82 1 4.98013 1
14 83 1 -1.86403 1
14 84 1 -1.5117 1
14 85 1 -2.78838 1
14 86 1 4.24035 1
14 87 1 0.0170779 1
14 88 1 -2.4406 1
14 89 1 0.670702 1
14 90 1 0.426587 1
14 91 1 5.18742 1
14 92 1 5.1146 1
14 93 1 3.31781 1
14 94 1 5.11023 1
14 95 1 2.23511 1
14 104 1 -0.251137 1
14 119 1 1.72253 1
14 126 1 1.58568 1
119 81 1 5.44972 1
119 99 1 0.436243 1
15 64 1 0.622046 1
15 65 1 1.60421 1
15 66 1 -2.14356 1
15 67 1 -2.33812 1
15 68 1 2.2241 1
15 69 1 -3.75829 1
15 70 1 7.45472 1
15 71 1 -1.88431 1
15 72 1 -1.25563 1
15 73 1 1.24604 1
15 74 1 0.595682 1
15 75 1 -0.218231 1
15 76 1 0.934811 1
15 77 1 1.45756 1
15 78 1 -3.38373 1
15 79 1 -0.317263 1
15 80 1 5.04218 1
15 81 1 -0.62191 1
15 82 1 -4.15434 1
15 83 1 0.683145 1
15 84 1 1.49399 1
15 85 1 -2.87078 1
15 86 1 3.0938 1
15 87 1 -6.91731 1
15 88 1 1.34168 1
15 89 1 4.5814 1
15 90 1 0.7496 1
15 91 1 -4.291 1
15 92 1 0.652208 1
15 93 1 -0.251363 1
15 94 1 -0.834062 1
15 95 1 -2.56387 1
15 20 1 -2.81189 1
16 64 1 1.90869 1
16 65 1 -2.77208 1
16 66 1 -2.04448 1
16 67 1 -4.85293 1
16 68 1 1.77878 1
16 69 1 0.731343 1
16 70 1 2.24812 1
16 71 1 5.95 1
16 72 1 -0.015156 1
16 73 1 -1.72514 1
16 74 1 0.825681 1
16 75 1 2.54433 1
16 76 1 1.97724 1
16 77 1 3.66067 1
16 78 1 -0.930725 1
16 79 1 -3.0969 0
16 80 1 1.74072 1
16 81 1 2.16171 1
16 82 1 -3.0033 1
16 83 1 1.9161 1
16 84 1 -0.115039 1
16 85 1 0.828623 1
16 86 1 2.88039 1
16 87 1 -1.45847 1
16 88 1 3.54319 1
16 89 1 2.24829 1
16 90 1 -3.45299 1
16 91 1 3.49388 1
16 92 1 4.87145 1
16 93 1 -2.99055 1
16 94 1 0.566055 1
16 95 1 -2.7999 1
16 26 1 -0.613103 1
16 151 1 1.71833 1
16 144 1 -1.29491 1
151 79 1 0.311178 1
17 64 1 -1.33793 1
17 65 1 0.339322 1
17 66 1 0.51005 1
17 67 1 3.53637 1
17 68 1 0.938735 1
17 69 1 2.67963 1
17 70 1 0.646278 1
17 71 1 4.43959 1
17 72 1 -5.82851 0
17 73 1 1.27875 1
17 74 1 3.54701 1
17 75 1 -0.850839 1
17 76 1 -1.04832 0
17 77 1 2.40091 1
17 78 1 -2.52643 1
17 79 1 -3.95966 1
17 80 1 4.66609 1
17 81 1 2.76084 1
17 82 1 0.885372 1
17 83 1 -1.46552 1
17 84 1 0.579212 1
17 85 1 2.91163 1
17 86 1 -0.16898 1
17 87 1 -4.09201 1
17 88 1 -8.61213 1
17 89 1 0.824537 1
17 90 1 -3.84783 1
17 91 1 5.24446 1
17 92 1 0.961719 1
17 93 1 3.50076 1
17 94 1 2.94123 1
17 95 1 1.37085 1
17 146 1 3.1757 1
17 190 1 0.939737 1
190 76 1 -1.71109 1
146 72 1 -5.50552 0
146 30 1 -0.750253 1
146 177 1 -0.0883573 1
177 72 1 -3.28596 1
18 64 1 0.241669 1
18 65 1 -3.05248 1
18 66 1 1.44314 1
18 67 1 3.32642 1
18 68 1 -3.93837 1
18 69 1 -0.831817 0
18 70 1 4.17996 1
18 71 1 0.114102 1
18 72 1 -0.822581 1
18 73 1 0.664695 1
18 74 1 1.91192 1
18 75 1 -3.80973 1
18 76 1 2.91314 1
18 77 1 -1.4965 1
18 78 1 1.69321 1
18 79 1 2.31631 1
18 80 1 -7.35072 1
18 81 1 4.25045 1
18 82 1 -5.4047 1
18 83 1 2.89487 1
18 84 1 -6.04531 1
18 85 1 3.48677 1
18 86 1 6.14417 1
18 87 1 -5.18287 1
18 88 1 2.80053 1
18 89 1 -3.32107 1
18 90 1 -1.07263 1
18 91 1 -1.12889 1
18 92 1 -5.0025 1
18 93 1 2.36222 1
18 94 1 0.570858 1
18 95 1 0.185324 1
18 25 1 -2.66265 1
18 18 1 0.1378 1
18 139 1 1.54328 1
18 182 1 0.547322 1
182 69 1 -0.92383 1
19 64 1 6.12981 1
19 65 1 0.468009 1
19 66 1 6.71746 1
19 67 1 -1.50005 1
19 68 1 -1.94853 1
19 69 1 1.81892 1
19 70 1 -1.14697 1
19 71 1 2.78221 1
19 72 1 3.02784 1
19 73 1 0.822042 1
19 74 1 1.47842 1
19 75 1 0.156594 1
19 76 1 -4.47887 1
19 77 1 -1.07436 1
19 78 1 0.26987 1
19 79 1 5.61526 1
19 80 1 -0.0320423 1
19 81 1 -3.70383 1
19 82 1 -0.279086 1
19 83 1 -2.00778 1
19 84 1 1.78053 1
19 85 1 3.48804 1
19 86 1 -1.76029 1
19 87 1 2.21841 1
19 88 1 0.850516 1
19 89 1 6.01354 1
19 90 1 -0.793544 1
19 91 1 -1.248 1
19 92 1 -0.4565 1
19 93 1 -4.40021 1
19 94 1 -0.852156 1
19 95 1 -7.08658 1
19 3 1 0.498619 1
20 64 1 1.75989 1
20 65 1 -1.20782 1
20 66 1 -1.91748 1
20 67 1 -2.16106 1
20 68 1 0.832875 1
20 69 1 -0.372586 1
20 70 1 -4.87886 1
20 71 1 4.52685 1
20 72 1 -0.722781 1
20 73 1 3.96726 1
20 74 1 4.85547 1
20 75 1 3.56631 1
20 76 1 -2.14393 1
20 77 1 -3.99861 1
20 78 1 3.7552 1
20 79 1 1.51679 1
20 80 1 1.18617 1
20 81 1 2.27164 1
20 82 1 4.30157 1
20 83 1 0.884179 1
20 84 1 3.83211 1
20 85 1 -3.00579 1
20 86 1 -0.710081 1
20 87 1 1.08828 1
20 88 1 2.47428 1
20 89 1 0.262328 1
20 90 1 0.128097 1
20 91 1 0.983682 0
20 92 1 3.82207 1
20 93 1 3.19415 0
20 94 1 1.8882 0
20 95 1 1.42433 1
20 96 1 -1.9148 1
20 98 1 2.90508 1
20 103 1 1.16805 1
20 109 1 -0.139328 1
103 91 1 1.83335 0
103 105 1 3.59445 1
103 112 1 -1.79408 0
103 123 1 -2.59589 1
103 140 1 -2.54599 1
140 112 1 1.90838 1
140 102 1 -0.527227 1
123 91 1 -0.510465 1
123 113 1 -0.754279 0
123 136 1 1.86604 1
123 137 1 1.26041 1
136 113 1 -0.811503 1
136 6 1 -2.78767 1
105 91 1 4.3681 0
105 129 1 0.994481 1
129 91 1 1.767 0
129 135 1 4.26045 1
129 116 1 -0.287734 1
135 91 1 -0.504399 1
98 93 1 3.10018 1
98 99 1 6.18234 1
98 15 1 1.70983 1
96 94 1 1.96498 1
96 20 1 -0.282863 0
96 155 1 2.63688 1
96 25 1 1.8551 1
96 185 1 0.0658865 1
155 20 1 -1.07909 0
155 30 1 0.699575 1
155 176 1 0.381926 1
155 194 1 1.42101 1
194 20 1 -1.03761 1
176 20 1 -2.54785 1
21 64 1 3.32761 1
21 65 1 5.87961 1
21 66 1 -4.24619 1
21 67 1 -4.39378 1
21 68 1 0.978356 1
21 69 1 -0.119748 1
21 70 1 0.873521 1
21 71 1 -7.30267 1
21 72 1 -7.11882 1
21 73 1 -2.48879 1
21 74 1 -3.8224 1
21 75 1 2.55947 1
21 76 1 -2.86684 1
21 77 1 -2.04097 1
21 78 1 -0.54151 1
21 79 1 -2.77739 1
21 80 1 0.799591 1
21 81 1 -1.67144 1
21 82 1 0.0886923 1
21 83 1 -3.39728 1
21 84 1 8.54595 1
21 85 1 0.685708 1
21 86 1 2.90502 1
21 87 1 -0.463072 1
21 88 1 4.00747 1
21 89 1 1.0349 1
21 90 1 -0.836313 1
21 91 1 1.34965 0
21 92 1 3.89641 1
21 93 1 1.49745 1
21 94 1 -3.11319 1
21 95 1 -1.25115 1
21 143 1 6.44271 1
143 91 1 -1.74888 1
22 64 1 1.06668 1
22 65 1 -0.49715 1
22 66 1 0.65968 1
22 67 1 5.61648 1
22 68 1 1.72472 1
22 69 1 -2.56634 1
22 70 1 -0.157792 1
22 71 1 -0.115454 1
22 72 1 -3.68896 1
22 73 1 1.49557 1
22 74 1 -6.4818 1
22 75 1 -1.10393 1
22 76 1 0.761142 1
22 77 1 -0.755249 1
22 78 1 3.33134 1
22 79 1 5.31499 1
22 80 1 1.37195 1
22 81 1 -4.34681 1
22 82 1 0.620258 1
22 83 1 -1.13875 1
22 84 1 -1.60621 1
22 85 1 2.52038 1
22 86 1 0.420655 1
22 87 1 5.76125 1
22 88 1 -3.86196 1
22 89 1 -1.02196 1
22 90 1 0.160727 1
22 91 1 2.46773 1
22 92 1 1.20401 1
22 93 1 2.89112 1
22 94 1 6.93197 1
22 95 1 0.341522 1
23 64 1 -1.40434 1
23 65 1 1.34011 1
23 66 1 3.68882 1
23 67 1 3.91957 1
23 68 1 -4.55395 1
23 69 1 3.79779 1
23 70 1 3.61976 1
23 71 1 -3.03028 1
23 72 1 -0.68751 1
23 73 1 -2.6279 1
23 74 1 3.83591 1
23 75 1 2.07208 1
23 76 1 2.88562 1
23 77 1 2.01948 1
23 78 1 0.986844 0
23 79 1 -5.17862 1
23 80 1 2.89657 1
23 81 1 2.55855 1
23 82 1 -4.85843 1
23 83 1 -0.452001 1
23 84 1 2.60664 1
23 85 1 -3.22091 1
23 86 1 -12.4012 1
23 87 1 -1.21799 1
23 88 1 0.776041 1
23 89 1 -3.72492 1
23 90 1 -7.28479 1
23 91 1 -2.45807 1
23 92 1 4.03909 1
23 93 1 4.16257 1
23 94 1 -3.46251 1
23 95 1 0.00459586 1
23 107 1 -0.163943 1
23 27 1 -0.203204 1
23 178 1 1.92984 1
178 78 1 0.871311 1
24 64 1 -2.19143 1
24 65 1 2.5141 1
24 66 1 -1.43055 1
24 67 1 6.77268 1
24 68 1 -4.46797 1
24 69 1 1.97398 0
24 70 1 2.61425 1
24 71 1 4.89276 1
24 72 1 2.13425 1
24 73 1 1.0983 1
24 74 1 1.27769 1
24 75 1 1.76233 1
24 76 1 -5.77571 1
24 77 1 -1.24602 1
24 78 1 -7.59635 1
24 79 1 1.24876 1
24 80 1 5.88328 1
24 81 1 3.77921 1
24 82 1 -2.44382 1
24 83 1 -1.33808 1
24 84 1 -4.0804 1
24 85 1 0.29643 1
24 86 1 -4.33667 1
24 87 1 3.16315 1
24 88 1 -0.407124 1
24 89 1 10.8244 1
24 90 1 5.6106 1
24 91 1 -2.13551 1
24 92 1 0.585921 1
24 93 1 -0.735699 1
24 94 1 -0.831986 1
24 95 1 -6.33027 1
24 5 1 0.722781 1
24 168 1 -1.22015 1
168 69 1 3.50863 1
168 172 1 0.748994 1
25 64 1 -3.32008 1
25 65 1 1.31012 1
25 66 1 -1.16515 1
25 67 1 -2.90612 1
25 68 1 0.481612 1
25 69 1 -7.45783 1
25 70 1 -0.621961 0
25 71 1 -3.74923 1
25 72 1 2.60036 1
25 73 1 2.37628 1
25 74 1 1.93938 1
25 75 1 -2.23094 1
25 76 1 0.0227961 1
25 77 1 0.0245662 1
25 78 1 2.22342 1
25 79 1 1.07097 1
25 80 1 -0.0664222 1
25 81 1 -0.813271 1
25 82 1 -1.23553 1
25 83 1 1.51111 1
25 84 1 -0.968995 1
25 85 1 -2.095 1
25 86 1 4.65749 1
25 87 1 -0.201876 1
25 88 1 -0.77499 1
25 89 1 -2.11934 1
25 90 1 -4.60018 1
25 91 1 4.16381 1
25 92 1 3.19892 1
25 93 1 -0.921024 1
25 94 1 -2.66521 0
25 95 1 -2.93547 1
25 8 1 0.942264 1
25 6 1 -1.13227 1
25 121 1 1.27858 1
25 175 1 1.89267 1
175 94 1 -4.86248 1
121 70 1 7.11643 1
26 64 1 -1.32005 1
26 65 1 2.42093 1
26 66 1 -1.38029 1
26 67 1 2.31755 1
26 68 1 -0.899863 1
26 69 1 0.494699 1
26 70 1 -1.51489 1
26 71 1 0.299328 1
26 72 1 -3.53152 1
26 73 1 -0.343049 1
26 74 1 -8.1639 1
26 75 1 3.36846 1
26 76 1 2.396 1
26 77 1 -5.13345 1
26 78 1 -0.0543327 1
26 79 1 1.46325 1
26 80 1 -3.73528 1
26 81 1 4.1051 1
26 82 1 3.16299 1
26 83 1 1.03724 1
26 84 1 -6.00809 1
26 85 1 -1.27759 1
26 86 1 -5.41695 1
26 87 1 3.0943 1
26 88 1 -5.59623 1
26 89 1 2.14556 1
26 90 1 -3.5953 1
26 91 1 -3.28994 1
26 92 1 -0.775712 1
26 93 1 -2.37297 1
26 94 1 0.957438 1
26 95 1 0.149407 1
26 23 1 5.48974 1
26 15 1 1.62702 1
26 161 1 -0.565066 1
27 64 1 -1.23991 1
27 65 1 6.56891 1
27 66 1 2.96626 1
27 67 1 0.106763 1
27 68 1 2.84736 1
27 69 1 1.27278 1
27 70 1 5.74323 1
27 71 1 -6.60781 1
27 72 1 0.432221 1
27 73 1 2.89786 1
27 74 1 -3.55571 1
27 75 1 2.06526 1
27 76 1 -2.62015 1
27 77 1 3.19778 1
27 78 1 2.13299 1
27 79 1 0.692184 1
27 80 1 -1.39427 1
27 81 1 -3.13274 1
27 82 1 3.38341 1
27 83 1 -1.17567 1
27 84 1 3.91038 1
27 85 1 -1.89449 1
27 86 1 -3.07428 1
27 87 1 -1.38336 1
27 88 1 -8.72457 1
27 89 1 -5.07592 1
27 90 1 7.08666 1
27 91 1 -2.11185 1
27 92 1 -0.0520428 1
27 93 1 0.408135 1
27 94 1 0.878525 0
27 95 1 -0.635011 1
27 9 1 4.44591 1
27 5 1 1.24986 1
27 186 1 0.715869 1
186 94 1 -0.49936 1
28 64 1 2.37736 1
28 65 1 0.945184 1
28 66 1 -0.214016 1
28 67 1 5.71389 1
28 68 1 5.53707 1
28 69 1 1.49324 1
28 70 1 -1.74941 1
28 71 1 1.02034 1
28 72 1 -7.13896 1
28 73 1 -0.328335 1
28 74 1 -2.21529 1
28 75 1 1.679 1
28 76 1 1.28894 1
28 77 1 2.15395 1
28 78 1 -4.57764 1
28 79 1 2.76777 1
28 80 1 0.889133 1
28 81 1 -0.666994 1
28 82 1 4.61947 1
28 83 1 1.35097 1
28 84 1 4.02087 1
28 85 1 -4.22669 1
28 86 1 -2.60981 1
28 87 1 1.72775 1
28 88 1 -5.57552 1
28 89 1 0.131925 1
28 90 1 -1.70549 1
28 91 1 1.03565 1
28 92 1 4.86213 1
28 93 1 -1.55397 1
28 94 1 5.93002 1
28 95 1 -1.8285 1
29 64 1 0.80531 1
29 65 1 1.81234 1
29 66 1 -1.49564 1
29 67 1 4.52557 1
29 68 1 -8.73602 1
29 69 1 2.42721 1
29 70 1 -2.85064 1
29 71 1 -1.75054 1
29 72 1 1.70148 1
29 73 1 0.691529 1
29 74 1 -3.38366 1
29 75 1 -0.167544 1
29 76 1 -1.77581 1
29 77 1 1.81478 1
29 78 1 -5.41724 1
29 79 1 -3.22096 1
29 80 1 2.97053 1
29 81 1 2.5954 1
29 82 1 1.04326 1
29 83 1 -0.211615 1
29 84 1 -0.623736 1
29 85 1 -1.87429 1
29 86 1 -3.59436 1
29 87 1 -3.51848 1
29 88 1 -1.83288 1
29 89 1 -1.26303 1
29 90 1 -1.44429 1
29 91 1 0.633197 1
29 92 1 1.82333 1
29 93 1 -0.460074 1
29 94 1 -1.36149 1
29 95 1 2.21708 1
29 113 1 0.583506 1
30 64 1 -0.443052 1
30 65 1 6.44826 1
30 66 1 5.66946 1
30 67 1 -3.07957 1
30 68 1 1.31764 1
30 69 1 0.405948 1
30 70 1 5.29672 1
30 71 1 0.225915 1
30 72 1 -0.517572 1
30 73 1 3.48578 1
30 74 1 -0.907592 1
30 75 1 2.01314 1
30 76 1 2.91963 1
30 77 1 -1.85123 1
30 78 1 5.04579 1
30 79 1 5.50501 1
30 80 1 -3.18634 1
30 81 1 -0.0972038 1
30 82 1 7.20294 1
30 83 1 2.73847 1
30 84 1 2.75775 1
30 85 1 -0.898063 1
30 86 1 -1.82079 1
30 87 1 -3.36559 1
30 88 1 0.683513 1
30 89 1 -2.1487 1
30 90 1 -0.565155 1
30 91 1 3.80153 1
30 92 1 -0.617766 1
30 93 1 1.3452 1
30 94 1 1.56207 1
30 95 1 -4.38058 1
30 28 1 0.839048 1
31 64 1 2.35847 1
31 65 1 -4.51012 1
31 66 1 -4.61369 1
31 67 1 9.27791 1
31 68 1 4.1909 1
31 69 1 1.8199 1
31 70 1 -1.89209 1
31 71 1 1.68099 1
31 72 1 -2.63326 1
31 73 1 0.634574 1
31 74 1 4.32413 1
31 75 1 -0.890704 1
31 76 1 -4.70957 1
31 77 1 -1.43878 1
31 78 1 -5.09306 1
31 79 1 0.227439 1
31 80 1 -1.08804 1
31 81 1 -1.54513 1
31 82 1 0.399356 1
31 83 1 -2.11418 1
31 84 1 -3.71079 1
31 85 1 -3.09398 1
31 86 1 0.358404 1
31 87 1 -5.46805 0
31 88 1 1.11213 1
31 89 1 -2.23123 1
31 90 1 -0.706972 1
31 91 1 -3.61515 1
31 92 1 0.55193 1
31 93 1 0.022386 1
31 94 1 2.36777 1
31 95 1 -1.30535 1
31 122 1 1.8803 1
31 10 1 -0.703248 1
31 117 1 -1.9026 1
122 87 1 -1.51085 1
32 64 1 7.03926 1
32 65 1 2.139 1
32 66 1 -3.87273 1
32 67 1 2.27258 1
32 68 1 0.629539 1
32 69 1 4.78599 1
32 70 1 -0.13349 1
32 71 1 3.35738 1
32 72 1 -1.15047 1
32 73 1 1.35121 1
32 74 1 -0.416161 1
32 75 1 6.98302 1
32 76 1 0.676075 1
32 77 1 3.58742 1
32 78 1 1.22822 1
32 79 1 -0.566925 1
32 80 1 -0.935843 1
32 81 1 -0.837999 1
32 82 1 -3.30602 1
32 83 1 -3.48294 1
32 84 1 1.84454 1
32 85 1 -1.4056 1
32 86 1 0.417185 1
32 87 1 -2.68014 1
32 88 1 -0.314606 1
32 89 1 0.383303 1
32 90 1 3.23675 1
32 91 1 -3.58728 1
32 92 1 4.89248 1
32 93 1 2.83078 1
32 94 1 -1.90785 1
32 95 1 1.24652 1
33 64 1 0.0639684 1
33 65 1 -3.84522 1
33 66 1 -1.27977 1
33 67 1 -1.82033 1
33 68 1 -0.745 1
33 69 1 -2.77951 0
33 70 1 3.60255 1
33 71 1 4.83839 1
33 72 1 2.82878 1
33 73 1 4.17174 1
33 74 1 1.18744 1
33 75 1 -7.38453 1
33 76 1 -4.46431 1
33 77 1 1.43157 1
33 78 1 -1.07121 1
33 79 1 -4.19539 1
33 80 1 1.24024 1
33 81 1 -3.53816 1
33 82 1 -2.69964 1
33 83 1 1.03889 1
33 84 1 -0.840758 1
33 85 1 0.497497 1
33 86 1 3.65769 1
33 87 1 2.24696 1
33 88 1 2.57727 1
33 89 1 4.05252 1
33 90 1 -2.71177 1
33 91 1 -2.48173 1
33 92 1 1.78072 1
33 93 1 2.95895 1
33 94 1 3.96587 1
33 95 1 0.945409 1
33 20 1 0.915656 1
33 107 1 -1.74787 1
33 13 1 1.11676 1
33 113 1 -1.90477 1
33 192 1 1.36313 1
192 69 1 -2.70822 1
34 64 1 -0.350253 1
34 65 1 -1.87975 1
34 66 1 3.53246 1
34 67 1 0.347515 1
34 68 1 -1.08629 1
34 69 1 -2.16803 1
34 70 1 -3.17899 1
34 71 1 -3.55817 1
34 72 1 -3.28752 1
34 73 1 -5.46085 1
34 74 1 3.82795 1
34 75 1 7.03352 1
34 76 1 -4.30875 1
34 77 1 -1.64806 1
34 78 1 -1.27666 1
34 79 1 1.17958 1
34 80 1 4.40133 1
34 81 1 -1.28945 1
34 82 1 2.3314 1
34 83 1 1.47729 1
34 84 1 0.00641468 1
34 85 1 -1.7712 1
34 86 1 -0.383848 1
34 87 1 -1.62226 1
34 88 1 -0.38843 1
34 89 1 0.855289 1
34 90 1 -7.51495 1
34 91 1 4.46206 1
34 92 1 3.24906 1
34 93 1 -2.8809 1
34 94 1 4.68463 1
34 95 1 2.64402 1
34 113 1 -2.92197 1
35 64 1 1.7947 1
35 65 1 -3.16807 1
35 66 1 -2.12144 1
35 67 1 6.29913 1
35 68 1 1.52614 1
35 69 1 1.88083 1
35 70 1 2.5729 1
35 71 1 1.96879 1
35 72 1 0.884532 1
35 73 1 8.14099 1
35 74 1 1.40558 1
35 75 1 -3.46288 1
35 76 1 -4.93279 1
35 77 1 1.70766 1
35 78 1 -0.343894 1
35 79 1 4.10764 1
35 80 1 -6.30887 1
35 81 1 -0.110445 1
35 82 1 3.99395 0
35 83 1 -2.93848 1
35 84 1 6.25206 1
35 85 1 -3.4015 1
35 86 1 -1.05043 1
35 87 1 -4.5215 1
35 88 1 0.699408 1
35 89 1 2.38108 0
35 90 1 -1.97235 1
35 91 1 0.327105 1
35 92 1 -3.69005 1
35 93 1 -6.3592 1
35 94 1 1.19613 1
35 95 1 0.131187 1
35 130 1 1.85804 1
35 133 1 7.80314 1
133 82 1 0.794904 1
130 89 1 -0.176313 1
130 109 1 -0.679717 1
36 64 1 2.67442 1
36 65 1 4.25114 1
36 66 1 3.70725 1
36 67 1 -0.534171 1
36 68 1 -5.73077 1
36 69 1 -1.81053 1
36 70 1 -3.00821 1
36 71 1 1.34707 1
36 72 1 -1.44679 1
36 73 1 0.381301 1
36 74 1 -1.40804 1
36 75 1 -0.42549 1
36 76 1 1.69578 1
36 77 1 -4.36875 1
36 78 1 0.112055 1
36 79 1 5.34556 1
36 80 1 4.39002 1
36 81 1 -1.12917 1
36 82 1 1.0149 0
36 83 1 0.983842 1
36 84 1 3.93701 1
36 85 1 -3.18259 1
36 86 1 0.943174 1
36 87 1 1.19643 1
36 88 1 -2.23124 1
36 89 1 0.252306 1
36 90 1 -4.15274 1
36 91 1 0.155632 1
36 92 1 4.5945 1
36 93 1 1.9271 1
36 94 1 -3.21708 1
36 95 1 6.84753 1
36 109 1 1.43833 0
36 24 1 -1.87495 1
36 117 1 2.56651 1
117 109 1 2.54042 1
117 4 1 -0.484162 1
109 82 1 -1.35242 1
109 31 1 1.66038 1
37 64 1 -6.43356 1
37 65 1 1.53941 1
37 66 1 -4.03332 1
37 67 1 1.61556 1
37 68 1 -5.2559 1
37 69 1 2.21529 1
37 70 1 -7.25026 1
37 71 1 -1.48885 1
37 72 1 -0.00641767 1
37 73 1 0.957263 1
37 74 1 0.748372 1
37 75 1 0.740519 1
37 76 1 4.56273 0
37 77 1 2.15764 1
37 78 1 -0.884499 1
37 79 1 0.845145 1
37 80 1 2.08042 1
37 81 1 3.56911 1
37 82 1 2.31486 1
37 83 1 5.70438 1
37 84 1 -4.43086 1
37 85 1 3.62633 1
37 86 1 -2.53321 1
37 87 1 -1.56852 1
37 88 1 -0.0523284 1
37 89 1 -2.71376 1
37 90 1 -4.02519 1
37 91 1 0.993642 1
37 92 1 3.35226 1
37 93 1 0.295097 1
37 94 1 -1.63454 1
37 95 1 0.288659 1
37 142 1 0.191666 1
37 160 1 -1.10914 1
142 76 1 0.102411 1
142 147 1 0.89478 1
142 6 1 -0.413542 1
38 64 1 0.286471 1
38 65 1 -2.49375 1
38 66 1 -1.50823 1
38 67 1 -3.54924 1
38 68 1 -0.738393 1
38 69 1 -5.6334 1
38 70 1 -0.19221 1
38 71 1 -0.856637 1
38 72 1 0.967239 1
38 73 1 1.42206 1
38 74 1 -0.752511 1
38 75 1 5.50551 1
38 76 1 2.56186 1
38 77 1 -1.51575 1
38 78 1 0.00830072 1
38 79 1 -0.273691 1
38 80 1 0.526798 1
38 81 1 -1.93966 1
38 82 1 2.69528 1
38 83 1 -0.146121 1
38 84 1 -1.74751 1
38 85 1 -2.35571 1
38 86 1 0.146171 1
38 87 1 2.37798 0
38 88 1 4.15431 1
38 89 1 4.62113 1
38 90 1 -2.0107 1
38 91 1 3.87385 1
38 92 1 3.14601 0
38 93 1 0.113953 1
38 94 1 2.27725 1
38 95 1 -2.43971 1
38 148 1 3.3663 1
38 162 1 0.531322 1
162 87 1 2.00649 0
162 185 1 1.85526 1
185 87 1 0.758169 1
148 92 1 2.46512 1
39 64 1 2.55402 1
39 65 1 -1.0299 1
39 66 1 1.32405 1
39 67 1 -2.72866 1
39 68 1 -0.7072 1
39 69 1 0.518684 1
39 70 1 0.906629 1
39 71 1 -1.71123 1
39 72 1 -3.99445 1
39 73 1 -3.94429 1
39 74 1 0.36946 1
39 75 1 4.20902 0
39 76 1 4.17126 0
39 77 1 0.907221 1
39 78 1 -5.29375 1
39 79 1 -4.40349 1
39 80 1 -1.46222 1
39 81 1 -2.0142 1
39 82 1 -5.19574 1
39 83 1 -2.61672 1
39 84 1 -2.55467 1
39 85 1 0.988724 1
39 86 1 2.40102 1
39 87 1 0.346596 1
39 88 1 -1.34409 1
39 89 1 0.805898 1
39 90 1 4.21157 1
39 91 1 -0.130261 1
39 92 1 7.5235 1
39 93 1 1.8899 1
39 94 1 -6.53587 1
39 95 1 -2.22012 1
39 2 1 -3.39698 1
39 112 1 3.8446 1
39 13 1 -0.354929 1
39 104 1 -0.402784 1
39 172 1 2.74535 1
172 76 1 4.39983 1
172 28 1 1.29079 1
112 75 1 -1.31584 1
112 138 1 -1.77147 1
112 153 1 1.46824 0
112 170 1 1.19929 1
112 113 1 1.92617 1
170 153 1 -3.99825 1
170 126 1 3.33279 1
40 64 1 -4.16074 1
40 65 1 -0.300689 1
40 66 1 2.72071 1
40 67 1 3.0697 1
40 68 1 1.73874 1
40 69 1 4.24352 1
40 70 1 -1.39985 1
40 71 1 1.82985 1
40 72 1 0.921591 1
40 73 1 1.57769 1
40 74 1 -0.462199 1
40 75 1 2.21041 1
40 76 1 -2.72958 1
40 77 1 4.67248 1
40 78 1 3.48678 1
40 79 1 -1.93667 1
40 80 1 2.44099 1
40 81 1 1.42839 1
40 82 1 1.16388 1
40 83 1 -2.09185 1
40 84 1 -3.12282 1
40 85 1 -0.914384 1
40 86 1 2.17842 1
40 87 1 0.580529 1
40 88 1 2.91784 1
40 89 1 -1.24472 1
40 90 1 -0.489879 1
40 91 1 -0.514128 1
40 92 1 -3.95006 1
40 93 1 0.756674 1
40 94 1 2.5834 1
40 95 1 4.77332 1
40 2 1 1.28736 1
40 134 1 2.51993 1
41 64 1 2.88561 1
41 65 1 -0.7254 1
41 66 1 0.855439 1
41 67 1 1.59757 1
41 68 1 2.18802 1
41 69 1 -1.28673 1
41 70 1 1.67122 1
41 71 1 1.24135 1
41 72 1 3.82436 1
41 73 1 -6.22554 1
41 74 1 0.813653 1
41 75 1 3.32312 1
41 76 1 -6.17995 1
41 77 1 0.61145 1
41 78 1 -5.70962 1
41 79 1 0.410682 1
41 80 1 2.59971 1
41 81 1 4.70699 1
41 82 1 -1.71216 1
41 83 1 3.32278 1
41 84 1 -2.76441 1
41 85 1 0.0369198 1
41 86 1 -0.128612 1
41 87 1 0.585603 1
41 88 1 3.47948 1
41 89 1 -0.0869437 1
41 90 1 -1.08921 1
41 91 1 2.01258 1
41 92 1 0.484736 1
41 93 1 -0.986863 1
41 94 1 -2.30232 1
41 95 1 0.437857 1
41 11 1 -0.256641 1
41 29 1 -3.87144 1
41 97 1 -2.27395 1
42 64 1 2.64148 1
42 65 1 -0.479764 1
42 66 1 -1.223 1
42 67 1 1.52298 1
42 68 1 -2.444 1
42 69 1 -0.741136 1
42 70 1 0.700528 1
42 71 1 1.39296 1
42 72 1 -3.13987 1
42 73 1 -1.26286 1
42 74 1 3.49036 1
42 75 1 -2.09187 1
42 76 1 -3.94603 1
42 77 1 -2.9214 1
42 78 1 -0.324412 1
42 79 1 3.36454 1
42 80 1 -0.599903 1
42 81 1 3.57252 1
42 82 1 2.82712 1
42 83 1 2.74776 1
42 84 1 -0.59708 1
42 85 1 0.233662 1
42 86 1 2.70687 1
42 87 1 -2.30643 1
42 88 1 -3.55153 1
42 89 1 -1.8294 1
42 90 1 2.25234 1
42 91 1 1.33716 1
42 92 1 2.45974 1
42 93 1 2.65684 1
42 94 1 -3.25517 1
42 95 1 -1.65634 1
43 64 1 1.61323 1
43 65 1 -3.20692 1
43 66 1 3.45563 1
43 67 1 0.224077 1
43 68 1 1.39103 1
43 69 1 -4.26455 1
43 70 1 -0.845845 1
43 71 1 -6.17347 1
43 72 1 0.790213 1
43 73 1 -8.42572 1
43 74 1 2.45005 1
43 75 1 -4.27367 1
43 76 1 -1.59372 1
43 77 1 1.83803 1
43 78 1 1.08356 1
43 79 1 -4.81853 1
43 80 1 -0.223766 1
43 81 1 3.35302 1
43 82 1 2.17738 1
43 83 1 -2.99421 1
43 84 1 -2.03476 1
43 85 1 2.43478 1
43 86 1 3.55688 1
43 87 1 5.65743 1
43 88 1 2.88266 1
43 89 1 3.51508 1
43 90 1 -1.69252 1
43 91 1 -3.39347 1
43 92 1 3.19565 1
43 93 1 2.57645 1
43 94 1 -0.823903 1
43 95 1 2.22483 1
44 64 1 -0.438072 1
44 65 1 -6.62565 1
44 66 1 -1.3555 1
44 67 1 -1.46009 1
44 68 1 1.06172 1
44 69 1 -5.11451 1
44 70 1 3.36981 1
44 71 1 3.5797 1
44 72 1 -2.73995 1
44 73 1 1.9203 1
44 74 1 -1.28603 1
44 75 1 -4.01611 1
44 76 1 -1.58038 1
44 77 1 2.57637 1
44 78 1 3.54612 1
44 79 1 0.470007 1
44 80 1 7.04966 1
44 81 1 -2.66879 1
44 82 1 2.04953 1
44 83 1 -1.59065 1
44 84 1 1.72057 1
44 85 1 -0.410603 1
44 86 1 5.08975 1
44 87 1 0.336587 1
44 88 1 1.50641 1
44 89 1 0.868096 1
44 90 1 2.55154 1
44 91 1 3.45577 1
44 92 1 -2.28457 1
44 93 1 2.37951 1
44 94 1 -2.64091 1
44 95 1 -3.41558 1
44 8 1 -0.316913 1
44 29 1 0.15696 1
45 64 1 -3.02878 1
45 65 1 -0.330524 1
45 66 1 -0.512976 1
45 67 1 2.94286 1
45 68 1 -0.801989 1
45 69 1 -5.51594 1
45 70 1 -3.43076 1
45 71 1 0.338993 1
45 72 1 -5.21233 1
45 73 1 1.8475 1
45 74 1 3.60868 1
45 75 1 3.85156 1
45 76 1 -1.84809 1
45 77 1 -2.32278 1
45 78 1 -0.571076 1
45 79 1 3.50448 1
45 80 1 -3.02068 1
45 81 1 2.53253 1
45 82 1 1.18833 1
45 83 1 -4.5478 1
45 84 1 0.490909 1
45 85 1 -3.78721 1
45 86 1 2.64736 1
45 87 1 -0.129756 1
45 88 1 5.68606 1
45 89 1 -2.37269 1
45 90 1 0.365233 1
45 91 1 3.6156 1
45 92 1 -0.456707 1
45 93 1 -6.56313 1
45 94 1 2.45912 1
45 95 1 -4.45441 1
45 9 1 4.44692 1
45 20 1 0.18387 1
45 17 1 -1.38997 1
46 64 1 1.83043 1
46 65 1 1.41456 1
46 66 1 3.18301 1
46 67 1 2.71791 1
46 68 1 -6.24391 1
46 69 1 -0.382486 1
46 70 1 2.79343 1
46 71 1 -1.93164 1
46 72 1 2.47506 1
46 73 1 -4.80482 1
46 74 1 -2.49958 1
46 75 1 -2.98909 1
46 76 1 -5.86269 1
46 77 1 4.54004 1
46 78 1 -0.564156 1
46 79 1 -0.90093 1
46 80 1 3.1084 1
46 81 1 0.577464 1
46 82 1 -0.726174 1
46 83 1 3.08449 1
46 84 1 -1.38897 1
46 85 1 3.03636 1
46 86 1 -2.07471 1
46 87 1 7.97299 1
46 88 1 0.517603 1
46 89 1 -5.78172 1
46 90 1 -3.11795 1
46 91 1 0.0237843 1
46 92 1 -2.79911 1
46 93 1 -1.89224 1
46 94 1 1.35957 1
46 95 1 -0.255858 1
46 24 1 2.17657 1
47 64 1 -0.0681165 1
47 65 1 0.431916 1
47 66 1 -0.7481 1
47 67 1 2.09559 1
47 68 1 -0.958569 1
47 69 1 3.08903 1
47 70 1 -0.863305 1
47 71 1 1.04297 1
47 72 1 -1.34533 1
47 73 1 4.87949 0
47 74 1 -1.51546 1
47 75 1 -1.66549 1
47 76 1 -3.72441 1
47 77 1 -6.73613 1
47 78 1 -3.01725 1
47 79 1 -1.11946 1
47 80 1 5.65456 1
47 81 1 -3.38046 1
47 82 1 2.1116 1
47 83 1 0.488198 1
47 84 1 -3.66015 1
47 85 1 -1.85385 1
47 86 1 -3.08285 1
47 87 1 4.91808 1
47 88 1 4.73304 1
47 89 1 2.07148 1
47 90 1 6.75298 1
47 91 1 1.48503 1
47 92 1 2.16896 1
47 93 1 3.29293 1
47 94 1 2.43738 1
47 95 1 -0.899687 1
47 4 1 -0.305709 1
47 137 1 2.89048 1
137 73 1 2.84838 0
137 156 1 -1.00584 1
156 73 1 4.67926 1
156 15 1 0.414568 1
156 104 1 1.7109 1
48 64 1 0.25712 1
48 65 1 -2.01358 1
48 66 1 3.82208 1
48 67 1 -3.48729 1
48 68 1 -4.4703 1
48 69 1 -3.96417 1
48 70 1 1.58007 1
48 71 1 1.07999 1
48 72 1 -6.76143 1
48 73 1 4.03586 1
48 74 1 6.31902 1
48 75 1 -5.02029 1
48 76 1 -2.01803 1
48 77 1 -1.08579 1
48 78 1 -2.47313 1
48 79 1 1.491 1
48 80 1 -1.18381 1
48 81 1 -3.69722 1
48 82 1 -1.63581 1
48 83 1 0.804281 1
48 84 1 1.01783 1
48 85 1 0.521585 1
48 86 1 -0.627516 1
48 87 1 0.96824 1
48 88 1 0.738959 1
48 89 1 -2.03916 1
48 90 1 1.22206 1
48 91 1 0.0837045 1
48 92 1 -6.50295 1
48 93 1 0.799263 1
48 94 1 6.67991 1
48 95 1 4.99237 1
48 16 1 1.75376 1
48 12 1 0.0921117 1
48 14 1 -0.785477 1
48 30 1 0.477337 1
49 64 1 -0.0580215 1
49 65 1 -6.26325 1
49 66 1 3.29046 1
49 67 1 -0.881622 1
49 68 1 -5.65799 1
49 69 1 0.613282 1
49 70 1 1.22358 1
49 71 1 -2.28326 1
49 72 1 -2.38402 1
49 73 1 0.333598 1
49 74 1 2.57169 1
49 75 1 0.0769834 1
49 76 1 -6.44052 1
49 77 1 -4.70438 1
49 78 1 -2.65613 0
49 79 1 2.68251 1
49 80 1 6.06016 1
49 81 1 -2.07212 1
49 82 1 0.412891 1
49 83 1 -0.318887 1
49 84 1 1.37877 1
49 85 1 -2.63065 1
49 86 1 -3.43029 1
49 87 1 -1.80252 1
49 88 1 2.40207 1
49 89 1 3.83941 1
49 90 1 -2.47343 1
49 91 1 1.88368 1
49 92 1 1.00477 1
49 93 1 4.17928 1
49 94 1 2.36301 1
49 95 1 2.68301 1
49 19 1 -0.200149 1
49 31 1 -1.19549 1
49 15 1 -3.9923 1
49 158 1 0.621017 1
49 26 1 0.20288 1
49 144 1 -3.73246 1
158 78 1 -2.43121 1
50 64 1 -3.13536 1
50 65 1 -2.30944 1
50 66 1 1.29986 1
50 67 1 0.467989 1
50 68 1 2.89402 1
50 69 1 -2.03982 1
50 70 1 1.32324 1
50 71 1 5.09208 1
50 72 1 -3.41291 1
50 73 1 2.51337 1
50 74 1 -0.13397 1
50 75 1 4.60228 1
50 76 1 -1.57034 1
50 77 1 -2.94943 1
50 78 1 1.54822 1
50 79 1 -2.82254 1
50 80 1 1.52628 1
50 81 1 2.802 1
50 82 1 -2.40658 1
50 83 1 5.64316 1
50 84 1 0.73946 1
50 85 1 4.60499 1
50 86 1 4.96237 1
50 87 1 -1.78374 1
50 88 1 -1.08774 1
50 89 1 -0.0382645 1
50 90 1 0.227135 1
50 91 1 0.976745 1
50 92 1 -0.582448 1
50 93 1 -2.33594 1
50 94 1 -2.29547 1
50 95 1 -0.000550348 1
50 4 1 4.62637 1
50 22 1 0.837355 1
51 64 1 -0.770379 1
51 65 1 5.45651 1
51 66 1 1.76334 1
51 67 1 -1.55354 1
51 68 1 1.06792 1
51 69 1 0.0543524 1
51 70 1 0.903837 1
51 71 1 4.57061 1
51 72 1 -4.42158 1
51 73 1 -2.2691 0
51 74 1 -1.46398 1
51 75 1 4.65961 1
51 76 1 -2.92106 1
51 77 1 5.18947 1
51 78 1 7.07244 1
51 79 1 -1.24232 1
51 80 1 0.13803 1
51 81 1 -2.59035 1
51 82 1 -0.739184 1
51 83 1 6.32331 1
51 84 1 -3.98557 1
51 85 1 0.302776 1
51 86 1 -1.73182 1
51 87 1 3.66424 1
51 88 1 -2.07262 0
51 89 1 0.919234 1
51 90 1 -0.999589 1
51 91 1 -2.6139 1
51 92 1 3.40273 1
51 93 1 5.21731 1
51 94 1 -4.78818 1
51 95 1 -2.48981 1
51 116 1 1.86791 1
51 12 1 -2.82288 1
51 179 1 0.316023 1
179 88 1 0.125299 1
116 73 1 1.27895 0
116 134 1 3.11369 1
134 73 1 3.69158 1
134 128 1 2.45591 1
52 64 1 -2.34433 1
52 65 1 6.38429 1
52 66 1 -1.46146 1
52 67 1 0.0996256 1
52 68 1 1.56325 1
52 69 1 6.27033 1
52 70 1 3.16863 1
52 71 1 -3.08255 1
52 72 1 0.032216 1
52 73 1 3.64566 1
52 74 1 2.82171 1
52 75 1 3.3401 1
52 76 1 -4.95582 1
52 77 1 -0.0938634 1
52 78 1 3.77361 1
52 79 1 -2.5299 1
52 80 1 -1.32857 1
52 81 1 -0.184035 1
52 82 1 -1.83803 1
52 83 1 1.04272 1
52 84 1 -0.672842 1
52 85 1 -2.92146 1
52 86 1 -7.02114 1
52 87 1 1.0961 1
52 88 1 0.258764 1
52 89 1 0.856318 1
52 90 1 -0.164056 1
52 91 1 -1.11789 1
52 92 1 1.52567 1
52 93 1 -3.9089 0
52 94 1 4.06347 1
52 95 1 -0.91431 1
52 115 1 1.31172 1
52 139 1 1.27522 1
52 23 1 -1.66447 1
139 93 1 -0.422479 0
139 181 1 -0.21777 0
139 184 1 1.58581 1
184 181 1 -0.742818 1
184 15 1 1.222 1
181 93 1 0.108801 1
53 64 1 -5.1755 1
53 65 1 -0.75803 1
53 66 1 -2.93871 1
53 67 1 -2.05212 1
53 68 1 -1.15486 1
53 69 1 1.0394 1
53 70 1 0.627576 0
53 71 1 0.726365 1
53 72 1 0.488941 1
53 73 1 1.22114 1
53 74 1 -0.359004 1
53 75 1 -2.94305 1
53 76 1 0.31637 1
53 77 1 1.66492 1
53 78 1 1.0595 1
53 79 1 -0.681148 1
53 80 1 1.32568 1
53 81 1 2.87005 1
53 82 1 0.881412 1
53 83 1 -2.34456 1
53 84 1 2.49793 1
53 85 1 2.58367 1
53 86 1 1.07662 1
53 87 1 -1.7783 1
53 88 1 1.052 1
53 89 1 1.23346 1
53 90 1 -2.28113 1
53 91 1 0.229872 1
53 92 1 2.0708 1
53 93 1 -1.21809 1
53 94 1 -1.09542 1
53 95 1 -4.24168 1
53 20 1 4.99038 1
53 23 1 -1.20168 1
53 149 1 -0.706404 1
149 70 1 -2.03061 0
149 153 1 0.498917 1
149 126 1 -0.760938 1
153 70 1 1.26902 0
153 183 1 2.4764 1
183 70 1 0.316254 0
183 191 1 1.75894 1
191 70 1 0.296041 1
54 64 1 3.52733 1
54 65 1 2.11076 1
54 66 1 -0.542569 1
54 67 1 1.57636 1
54 68 1 1.61226 1
54 69 1 -4.17327 1
54 70 1 1.37607 1
54 71 1 4.16395 1
54 72 1 1.30111 1
54 73 1 0.00446196 1
54 74 1 0.428791 1
54 75 1 -3.89708 1
54 76 1 -4.42303 1
54 77 1 0.70934 1
54 78 1 -2.09558 1
54 79 1 3.51498 1
54 80 1 1.42054 1
54 81 1 4.65412 1
54 82 1 -1.87875 1
54 83 1 3.78458 1
54 84 1 -0.827045 1
54 85 1 1.52844 1
54 86 1 -5.81619 1
54 87 1 0.0441865 1
54 88 1 1.70655 1
54 89 1 4.25471 1
54 90 1 -2.66752 1
54 91 1 3.21589 1
54 92 1 -1.66834 1
54 93 1 4.96936 1
54 94 1 -2.97668 1
54 95 1 -2.33219 1
54 30 1 -0.404442 1
54 144 1 3.53133 1
54 16 1 0.0563563 1
55 64 1 2.29854 1
55 65 1 -2.43155 1
55 66 1 -2.64231 1
55 67 1 -2.81204 1
55 68 1 2.1346 1
55 69 1 0.32146 1
55 70 1 3.00811 1
55 71 1 -4.84657 1
55 72 1 1.3163 1
55 73 1 -1.45179 1
55 74 1 2.7378 1
55 75 1 -2.62421 1
55 76 1 -5.51314 1
55 77 1 2.90508 1
55 78 1 2.26042 1
55 79 1 4.81126 1
55 80 1 -1.38357 1
55 81 1 1.03567 1
55 82 1 -2.1467 1
55 83 1 1.38355 1
55 84 1 0.0117693 1
55 85 1 -7.70405 1
55 86 1 -0.145011 1
55 87 1 -2.41908 1
55 88 1 -5.29394 1
55 89 1 0.839244 1
55 90 1 -0.992095 1
55 91 1 -0.302219 1
55 92 1 9.64172 1
55 93 1 -5.36348 1
55 94 1 -2.76301 1
55 95 1 -0.360288 0
55 28 1 3.71367 1
55 114 1 0.854994 1
55 0 1 -4.13715 1
55 2 1 -0.750051 1
114 95 1 -0.326304 1
56 64 1 4.18151 1
56 65 1 -12.0936 1
56 66 1 -1.27822 1
56 67 1 -1.03487 1
56 68 1 3.57315 0
56 69 1 -1.5419 1
56 70 1 2.74722 1
56 71 1 3.18045 1
56 72 1 -2.14814 1
56 73 1 1.38516 1
56 74 1 2.88506 1
56 75 1 7.10666 1
56 76 1 -3.28823 1
56 77 1 -2.45382 1
56 78 1 -3.3775 1
56 79 1 -1.92916 1
56 80 1 1.01088 1
56 81 1 5.03295 1
56 82 1 2.30594 1
56 83 1 -0.508218 1
56 84 1 -3.04498 1
56 85 1 -2.70265 1
56 86 1 2.79208 1
56 87 1 2.11418 1
56 88 1 1.80144 1
56 89 1 2.1505 1
56 90 1 0.703574 1
56 91 1 -1.27521 1
56 92 1 1.49792 1
56 93 1 2.82048 1
56 94 1 -1.81431 1
56 95 1 -1.94302 1
56 3 1 -2.88408 1
56 126 1 4.44836 1
56 0 1 -2.4335 1
126 68 1 2.98472 1
126 11 1 -3.60967 1
57 64 1 -4.73868 1
57 65 1 5.82513 1
57 66 1 -1.05434 1
57 67 1 -2.26437 1
57 68 1 -0.571524 1
57 69 1 -1.04829 0
57 70 1 -0.191527 1
57 71 1 2.4521 1
57 72 1 3.33574 1
57 73 1 -2.00881 1
57 74 1 0.93477 1
57 75 1 6.12034 1
57 76 1 4.39411 1
57 77 1 -5.88212 1
57 78 1 1.25265 1
57 79 1 -1.45411 1
57 80 1 3.64574 1
57 81 1 4.90958 1
57 82 1 3.53443 1
57 83 1 -2.24661 1
57 84 1 1.10164 1
57 85 1 -4.27056 1
57 86 1 -1.6316 1
57 87 1 -1.17056 1
57 88 1 2.67889 1
57 89 1 1.21678 1
57 90 1 0.3525 1
57 91 1 -3.0411 1
57 92 1 -2.01652 1
57 93 1 -3.02249 1
57 94 1 -0.270086 1
57 95 1 3.76792 1
57 104 1 4.24569 1
57 22 1 0.684515 1
104 69 1 0.491522 0
104 1 1 3.02518 1
104 107 1 -0.609913 1
104 19 1 0.867562 1
104 193 1 1.47103 1
193 69 1 0.765731 1
58 64 1 7.05733 1
58 65 1 -3.80728 1
58 66 1 -1.79577 1
58 67 1 -0.364609 1
58 68 1 -4.97063 1
58 69 1 -1.7425 1
58 70 1 -0.58423 1
58 71 1 2.80029 1
58 72 1 1.76763 1
58 73 1 -3.11908 1
58 74 1 2.34145 1
58 75 1 1.52516 1
58 76 1 0.696285 1
58 77 1 4.43313 1
58 78 1 -2.51035 1
58 79 1 -0.801158 0
58 80 1 -2.87158 1
58 81 1 2.94293 1
58 82 1 1.21525 1
58 83 1 1.33337 1
58 84 1 -2.5357 1
58 85 1 2.08275 1
58 86 1 2.68589 1
58 87 1 -4.74943 1
58 88 1 -6.65401 1
58 89 1 -2.83296 1
58 90 1 1.18433 1
58 91 1 -2.92777 1
58 92 1 -0.188211 0
58 93 1 1.12608 1
58 94 1 -1.87323 1
58 95 1 2.24709 1
58 128 1 1.95773 1
58 115 1 -0.361275 1
58 174 1 2.59905 1
174 92 1 -0.86808 1
128 79 1 -0.590356 0
128 131 1 1.6284 1
131 79 1 2.30763 0
131 160 1 0.361761 1
131 7 1 1.09402 1
160 79 1 3.97971 0
160 125 1 2.4086 1
160 173 1 0.465364 1
173 79 1 2.54144 1
59 64 1 -2.34842 1
59 65 1 1.08883 1
59 66 1 5.07151 1
59 67 1 -2.64129 1
59 68 1 3.31059 1
59 69 1 -2.56694 1
59 70 1 -2.95941 1
59 71 1 0.31243 1
59 72 1 -0.600842 1
59 73 1 -1.86089 1
59 74 1 0.263588 1
59 75 1 1.32258 1
59 76 1 2.88489 1
59 77 1 -0.167906 0
59 78 1 1.31036 1
59 79 1 -3.47496 1
59 80 1 0.733651 1
59 81 1 0.823452 1
59 82 1 -3.96605 1
59 83 1 7.1666 1
59 84 1 2.6494 1
59 85 1 -5.89043 1
59 86 1 -3.71451 1
59 87 1 0.783052 1
59 88 1 4.18505 1
59 89 1 -0.441361 1
59 90 1 -0.599664 1
59 91 1 -1.45252 1
59 92 1 1.26124 1
59 93 1 3.00547 1
59 94 1 -5.23258 1
59 95 1 3.04603 1
59 97 1 -0.991 1
59 5 1 -5.10672 1
59 11 1 -4.3601 1
59 13 1 1.85688 1
97 77 1 -6.93412 1
97 22 1 1.06601 1
97 2 1 -7.00623 0
97 99 1 1.53173 1
97 7 1 4.03453 0
97 102 1 2.58318 1
97 17 1 2.49343 1
102 7 1 5.70038 1
99 2 1 -0.116133 0
99 108 1 4.75741 1
99 15 1 4.14518 1
108 2 1 0.631104 0
108 125 1 6.94773 1
108 0 1 -1.97978 1
125 2 1 2.52189 1
125 1 1 1.39216 1
60 64 1 0.605196 1
60 65 1 0.481554 1
60 66 1 1.77933 1
60 67 1 -1.46632 1
60 68 1 0.879522 1
60 69 1 2.29127 1
60 70 1 -0.837253 1
60 71 1 1.2501 1
60 72 1 -0.297056 0
60 73 1 1.55695 1
60 74 1 1.64282 1
60 75 1 0.961613 1
60 76 1 -2.10203 1
60 77 1 5.7292 1
60 78 1 -2.97527 1
60 79 1 -0.774545 1
60 80 1 -5.98681 1
60 81 1 -3.67786 1
60 82 1 -1.62554 1
60 83 1 2.00301 1
60 84 1 -4.42876 1
60 85 1 2.96665 1
60 86 1 3.21933 1
60 87 1 -1.06755 1
60 88 1 -5.10452 1
60 89 1 1.71917 1
60 90 1 -1.54238 1
60 91 1 0.121306 1
60 92 1 0.802048 1
60 93 1 -1.58862 1
60 94 1 -0.767743 1
60 95 1 0.584872 1
60 24 1 -0.404246 1
60 0 1 4.11592 1
60 115 1 2.73366 1
60 3 1 -3.10304 1
60 20 1 -0.419535 1
115 72 1 -2.08233 1
115 18 1 1.01859 1
115 14 1 3.6328 1
115 19 1 -1.0334 1
61 64 1 0.41614 1
61 65 1 -1.15394 1
61 66 1 2.99195 1
61 67 1 1.45448 1
61 68 1 -3.36861 1
61 69 1 4.00753 1
61 70 1 3.49088 1
61 71 1 1.4487 1
61 72 1 0.587243 1
61 73 1 0.545139 1
61 74 1 4.13087 1
61 75 1 6.76414 1
61 76 1 1.07162 1
61 77 1 -2.57661 0
61 78 1 -4.37008 1
61 79 1 1.04699 1
61 80 1 -2.30301 1
61 81 1 -0.598667 1
61 82 1 -2.46105 1
61 83 1 -1.14871 1
61 84 1 -3.05 1
61 85 1 -0.43014 1
61 86 1 -0.643081 1
61 87 1 2.57502 1
61 88 1 -3.01401 1
61 89 1 1.28351 1
61 90 1 -3.18832 1
61 91 1 1.11477 1
61 92 1 -0.678024 1
61 93 1 1.20904 1
61 94 1 0.981491 1
61 95 1 -1.27608 1
61 107 1 0.221953 1
61 113 1 -0.372499 1
61 14 1 -3.12885 1
107 77 1 -5.04769 0
107 113 1 -0.430043 1
107 14 1 -1.92516 1
107 20 1 0.800665 1
113 77 1 -1.09701 0
113 23 1 -0.999616 1
113 147 1 1.43441 1
113 159 1 1.10889 1
159 77 1 -2.06587 0
159 161 1 0.909075 1
161 77 1 -2.35432 1
62 64 1 -0.680057 1
62 65 1 -2.82247 1
62 66 1 2.72047 1
62 67 1 -1.86898 1
62 68 1 2.39954 1
62 69 1 -0.00214067 1
62 70 1 -1.79338 1
62 71 1 -5.70146 1
62 72 1 4.05205 1
62 73 1 4.28771 1
62 74 1 2.51157 1
62 75 1 -0.746346 1
62 76 1 3.26549 1
62 77 1 -3.22256 1
62 78 1 -1.96762 1
62 79 1 -2.43686 1
62 80 1 2.3396 1
62 81 1 0.268267 1
62 82 1 -1.99736 1
62 83 1 3.44358 1
62 84 1 0.227408 0
62 85 1 -0.307435 1
62 86 1 3.61454 1
62 87 1 -1.7468 1
62 88 1 0.674266 1
62 89 1 -3.37668 1
62 90 1 -8.8839 1
62 91 1 0.212513 1
62 92 1 0.95595 1
62 93 1 -1.24826 1
62 94 1 -1.38468 1
62 95 1 -2.26277 1
62 5 1 0.780692 1
62 138 1 1.89397 0
62 152 1 0.36274 1
62 31 1 1.76347 1
152 138 1 2.01628 0
152 187 1 1.4838 1
187 138 1 1.67344 1
138 84 1 -1.79102 1
63 64 1 3.22894 1
63 65 1 -1.86394 1
63 66 1 5.86141 1
63 67 1 -3.23331 1
63 68 1 2.18233 1
63 69 1 -4.33126 1
63 70 1 -3.58836 1
63 71 1 0.683389 1
63 72 1 0.630573 1
63 73 1 1.45704 1
63 74 1 -7.24806 1
63 75 1 0.903138 1
63 76 1 -0.11815 0
63 77 1 0.56307 1
63 78 1 -0.309772 1
63 79 1 -0.273538 1
63 80 1 2.84407 1
63 81 1 -1.43795 1
63 82 1 2.56248 1
63 83 1 -4.55197 1
63 84 1 -2.80439 1
63 85 1 -5.7018 1
63 86 1 6.55154 1
63 87 1 -3.61343 0
63 88 1 -2.5438 1
63 89 1 -1.3861 1
63 90 1 -0.363687 1
63 91 1 -2.39463 1
63 92 1 0.749922 1
63 93 1 2.45215 1
63 94 1 1.12036 1
63 95 1 -1.95501 1
63 141 1 6.22892 1
63 144 1 1.23237 1
144 76 1 -1.19906 0
144 147 1 -0.09419 1
147 76 1 -2.13005 1
147 9 1 -3.04629 1
141 87 1 -5.57586 1
141 10 1 0.266444 1
