195 64 32
3.99146 -1.55265 -2.4478 4.33136 -7.25661 3.8335 0.757192 3.54627 -1.2038 7.53638 3.06103 6.99619 -3.99694 -4.15561 -1.0547 -2.97683 1.60101 -0.46698 1.22504 -0.615597 -1.30087 -0.329011 -0.769552 0.985038 -5.40132 -0.022135 4.79606 2.53658 -3.97909 -3.40433 -3.34583 -1.29908 -0.769188 1.29731 -0.764639 4.58758 -4.12731 0.482691 -1.60602 -1.19014 -2.58327 1.78612 -1.43331 -3.09096 -6.42648 -5.63058 -6.25352 2.37924 0.0960743 4.4601 1.87503 -3.35091 -3.41371 -1.10287 -0.786561 1.99915 -1.9065 3.11694 1.56819 -2.61988 1.94551 -3.32516 -4.38014 -3.25981 -4.11336 -3.07191 3.36755 1.76118 -3.02782 1.58231 -2.32024 -6.70385 -3.74977 -3.00503 1.87781 4.54037 -0.716545 -2.4192 -0.230898 -6.69725 -0.715472 0.561762 -4.47544 3.25128 1.58522 1.14114 -2.59448 0.419259 4.03625 1.11736 -2.91444 1.41416 -0.570212 -0.30386 0.344197 -0.0839613 -1.37459 -1.98747 -2.17926 -1.61031 0.872022 -2.85194 -6.29917 -0.223297 -4.74968 1.16256 -2.15649 -4.63039 -2.26353 -1.41499 -1.3985 3.77767 1.49279 -6.13853 1.08975 -1.82411 -1.27155 0.0780534 0.373433 -0.975035 3.85459 -1.75391 -1.1874 0.0675285 1.66738 4.24959 -0.682052 0.214727 0.992021 2.51998 0.440987 -0.51911 -0.60835 0.541692 -1.43704 -0.515261 0.255808 0.0421437 -3.81862 -1.33831 3.69756 -2.53519 -2.62303 -2.40914 1.26866 2.59778 1.24352 -4.57867 -0.453981 -3.04696 -1.02111 -1.91247 -0.341086 -0.868867 -0.0745257 -0.945587 -0.17565 0.146974 -1.1327 0.69918 1.47398 1.52214 1.32213 2.34024 2.10257 -0.95374 1.22455 -0.527037 -0.244861 0.366822 0.373472 1.14393 2.28225 -0.204433 -1.14094 0.595148 -1.3854 -0.505134 -0.0786976 1.09561 0.718213 0.614758 0.114972 -0.426006 -1.91105 -0.606604 -0.14774 1.37648 0.400294 -0.66776 -0.0410863 0.0970738 -0.529278 0.452287 -0.256561 
0 64 1 -4.18556 1
0 65 1 2.38407 1
0 66 1 3.18853 1
0 67 1 0.873003 1
0 68 1 -1.89145 1
0 69 1 1.79747 1
0 70 1 2.62237 1
0 71 1 2.68172 1
0 72 1 1.4575 1
0 73 1 -0.329464 1
0 74 1 -0.966655 1
0 75 1 3.03627 1
0 76 1 2.21075 1
0 77 1 2.50585 1
0 78 1 -0.234501 1
0 79 1 0.00856724 1
0 80 1 3.80454 1
0 81 1 3.34597 1
0 82 1 5.59628 1
0 83 1 0.250961 1
0 84 1 -1.66982 1
0 85 1 4.04524 1
0 86 1 -4.19794 1
0 87 1 -4.09446 1
0 88 1 3.81085 1
0 89 1 3.90764 1
0 90 1 4.74676 1
0 91 1 5.54141 1
0 92 1 -4.23326 1
0 93 1 -0.645457 1
0 94 1 2.7524 1
0 95 1 -0.911779 1
0 10 1 -1.66059 1
1 64 1 0.841665 1
1 65 1 -6.65691 1
1 66 1 2.9465 1
1 67 1 -5.96342 1
1 68 1 6.83019 1
1 69 1 -2.41334 1
1 70 1 2.45224 1
1 71 1 0.211264 1
1 72 1 -3.57808 1
1 73 1 -1.46241 1
1 74 1 -2.69444 1
1 75 1 4.77417 1
1 76 1 -2.30493 1
1 77 1 6.14144 1
1 78 1 -0.00673267 1
1 79 1 -3.20184 1
1 80 1 -0.190303 1
1 81 1 0.17912 1
1 82 1 -0.584207 1
1 83 1 -5.32861 1
1 84 1 -5.11384 1
1 85 1 -1.51856 1
1 86 1 2.67097 1
1 87 1 -2.69747 1
1 88 1 -0.485665 1
1 89 1 3.4453 1
1 90 1 -2.28201 1
1 91 1 -1.33047 1
1 92 1 0.432695 1
1 93 1 -0.427442 1
1 94 1 -0.743988 1
1 95 1 -6.95184 1
1 27 1 -0.787255 1
2 64 1 1.77299 1
2 65 1 -3.03659 1
2 66 1 -4.77727 1
2 67 1 -3.56331 1
2 68 1 -1.43342 1
2 69 1 -0.99867 1
2 70 1 -0.288088 1
2 71 1 1.18954 1
2 72 1 -1.02619 1
2 73 1 -1.55747 1
2 74 1 -3.41432 1
2 75 1 0.797419 1
2 76 1 -2.13799 1
2 77 1 -2.49691 1
2 78 1 -0.302976 1
2 79 1 -4.04344 1
2 80 1 -6.31754 1
2 81 1 -6.36967 1
2 82 1 1.06146 1
2 83 1 -6.33693 1
2 84 1 -1.19949 1
2 85 1 3.54462 1
2 86 1 -1.88878 1
2 87 1 -0.807909 1
2 88 1 -2.37304 1
2 89 1 -4.86877 1
2 90 1 -3.46308 1
2 91 1 -2.06221 1
2 92 1 2.55831 0
2 93 1 -1.46408 1
2 94 1 3.29458 1
2 95 1 -3.41288 1
2 100 1 -0.440053 1
2 6 1 4.82187 1
2 110 1 -1.35618 1
2 180 1 2.93838 1
180 92 1 2.1677 0
180 189 1 0.618334 1
189 92 1 3.3843 1
3 64 1 -0.463569 1
3 65 1 -1.96394 1
3 66 1 0.504868 1
3 67 1 -0.158446 1
3 68 1 6.05408 1
3 69 1 -2.90143 1
3 70 1 -2.9633 1
3 71 1 -0.70911 1
3 72 1 9.83256 1
3 73 1 -0.216059 1
3 74 1 0.0264421 1
3 75 1 4.82332 1
3 76 1 -0.377718 1
3 77 1 0.835091 1
3 78 1 -2.85566 1
3 79 1 1.13468 1
3 80 1 -5.19889 1
3 81 1 0.803101 1
3 82 1 6.39499 1
3 83 1 3.66464 1
3 84 1 -0.882772 1
3 85 1 -5.77181 1
3 86 1 2.28376 1
3 87 1 5.09158 1
3 88 1 -1.27892 1
3 89 1 3.92117 1
3 90 1 1.07 1
3 91 1 2.14573 1
3 92 1 0.787446 1
3 93 1 -2.89229 1
3 94 1 -1.83767 1
3 95 1 4.06958 0
3 110 1 2.05755 1
110 95 1 -1.13595 0
110 111 1 -1.18049 0
110 132 1 3.54439 1
110 152 1 0.106725 1
110 126 1 0.664056 1
110 20 1 0.680725 1
110 16 1 0.902292 1
132 111 1 2.39919 1
111 95 1 0.962946 1
4 64 1 1.02321 1
4 65 1 0.930928 1
4 66 1 -0.520381 1
4 67 1 5.98667 1
4 68 1 0.942091 1
4 69 1 2.38045 1
4 70 1 -0.580458 1
4 71 1 -0.178586 1
4 72 1 -2.4785 1
4 73 1 -1.12865 0
4 74 1 -0.796315 1
4 75 1 -6.09467 0
4 76 1 0.0213935 1
4 77 1 3.24822 1
4 78 1 -1.57807 1
4 79 1 1.32796 1
4 80 1 -6.56919 1
4 81 1 1.92514 1
4 82 1 0.0459055 1
4 83 1 -1.1475 1
4 84 1 -3.38815 1
4 85 1 2.10296 1
4 86 1 1.69985 1
4 87 1 -4.22004 1
4 88 1 -2.40364 1
4 89 1 -3.09572 1
4 90 1 4.34932 1
4 91 1 -2.12371 1
4 92 1 -1.07446 1
4 93 1 0.918871 0
4 94 1 -2.16335 1
4 95 1 1.4061 1
4 101 1 3.18977 1
4 17 1 6.32872 1
4 118 1 2.70473 1
4 145 1 0.735137 1
4 119 1 -0.441504 1
145 93 1 0.197794 1
145 12 1 1.39738 1
145 139 1 -0.823716 1
118 73 1 -5.57632 1
101 75 1 2.24796 1
5 64 1 -3.90157 1
5 65 1 7.59222 1
5 66 1 -1.78356 1
5 67 1 11.0638 1
5 68 1 3.13374 1
5 69 1 2.85953 1
5 70 1 2.00773 0
5 71 1 -1.75304 1
5 72 1 -0.328918 1
5 73 1 -2.11768 1
5 74 1 -2.70689 1
5 75 1 2.73423 1
5 76 1 1.8778 1
5 77 1 1.10688 1
5 78 1 -1.15473 1
5 79 1 0.379685 1
5 80 1 2.06379 1
5 81 1 -1.14464 1
5 82 1 -1.29753 1
5 83 1 5.62262 1
5 84 1 2.50277 1
5 85 1 4.78753 1
5 86 1 1.48258 1
5 87 1 -0.384693 1
5 88 1 1.3567 1
5 89 1 -2.88131 1
5 90 1 -2.23938 1
5 91 1 -1.72039 1
5 92 1 -2.44074 1
5 93 1 0.371197 1
5 94 1 -1.74665 1
5 95 1 -1.41311 1
5 28 1 3.00568 1
5 188 1 1.8668 1
188 70 1 1.12034 1
6 64 1 -0.886461 1
6 65 1 -2.51424 1
6 66 1 1.9052 1
6 67 1 0.721433 1
6 68 1 -4.00854 1
6 69 1 -2.64301 1
6 70 1 -5.33106 1
6 71 1 -0.0442509 1
6 72 1 2.64517 1
6 73 1 -3.30132 1
6 74 1 -4.48079 1
6 75 1 2.68678 1
6 76 1 5.39289 1
6 77 1 -3.97409 1
6 78 1 0.183839 1
6 79 1 -4.55107 1
6 80 1 1.5973 1
6 81 1 -2.07315 1
6 82 1 1.44712 1
6 83 1 3.09614 1
6 84 1 3.59681 1
6 85 1 -6.2074 1
6 86 1 -1.13883 1
6 87 1 6.98145 1
6 88 1 -0.380112 1
6 89 1 -2.91201 1
6 90 1 3.17378 1
6 91 1 0.79616 1
6 92 1 6.29307 1
6 93 1 -3.62408 1
6 94 1 -1.49527 1
6 95 1 2.75685 1
6 26 1 0.395765 1
7 64 1 1.93314 1
7 65 1 2.69304 1
7 66 1 0.763028 1
7 67 1 -4.67673 1
7 68 1 -3.66533 1
7 69 1 -2.51923 1
7 70 1 6.20299 1
7 71 1 3.59395 1
7 72 1 3.59938 1
7 73 1 -2.5411 1
7 74 1 0.623921 1
7 75 1 -0.94704 0
7 76 1 0.894769 1
7 77 1 3.54494 1
7 78 1 1.63283 1
7 79 1 1.1493 1
7 80 1 -0.232427 1
7 81 1 1.69198 1
7 82 1 -4.82407 0
7 83 1 0.617493 0
7 84 1 -4.3258 1
7 85 1 3.9469 1
7 86 1 0.953304 1
7 87 1 5.26895 1
7 88 1 -1.69069 1
7 89 1 -2.0124 1
7 90 1 2.19501 1
7 91 1 -4.24789 1
7 92 1 -1.09916 1
7 93 1 -1.48178 1
7 94 1 0.375675 1
7 95 1 1.86444 1
7 100 1 -0.441508 1
7 127 1 2.91892 1
7 164 1 0.987273 1
164 75 1 0.252917 1
127 82 1 -4.35257 0
127 169 1 1.27409 1
127 150 1 0.42147 1
169 82 1 -4.78832 1
169 15 1 1.45808 1
100 83 1 3.32041 0
100 24 1 -1.67917 0
100 106 1 1.96102 1
100 166 1 -0.00322197 1
166 83 1 3.57982 1
106 24 1 -8.79507 1
106 6 1 -3.54706 1
8 64 1 1.93864 1
8 65 1 -2.80594 1
8 66 1 -0.188845 1
8 67 1 -1.43225 1
8 68 1 -3.66573 1
8 69 1 3.81607 1
8 70 1 1.78377 1
8 71 1 2.61144 1
8 72 1 3.87749 1
8 73 1 -4.51064 1
8 74 1 -1.87687 1
8 75 1 -4.47591 1
8 76 1 2.85865 1
8 77 1 3.01775 1
8 78 1 1.12606 1
8 79 1 -2.09325 1
8 80 1 -0.040138 1
8 81 1 -2.01631 1
8 82 1 0.390415 1
8 83 1 -2.45466 1
8 84 1 2.96849 1
8 85 1 7.88815 1
8 86 1 7.0208 1
8 87 1 3.24074 1
8 88 1 0.700198 1
8 89 1 5.67607 1
8 90 1 1.94722 1
8 91 1 -2.73234 1
8 92 1 0.816222 1
8 93 1 4.36307 1
8 94 1 6.74953 1
8 95 1 -2.13624 1
8 17 1 -0.0473286 1
9 64 1 -4.7282 1
9 65 1 -1.86086 1
9 66 1 2.17442 1
9 67 1 -0.509637 1
9 68 1 -0.951607 1
9 69 1 0.401235 1
9 70 1 -8.53045 1
9 71 1 -1.35244 1
9 72 1 -0.198397 1
9 73 1 -3.45104 1
9 74 1 0.791719 1
9 75 1 2.36898 1
9 76 1 3.23597 1
9 77 1 0.410961 1
9 78 1 3.0664 1
9 79 1 0.693871 0
9 80 1 -1.80632 1
9 81 1 2.60811 1
9 82 1 -1.09498 1
9 83 1 -1.55801 1
9 84 1 4.76118 1
9 85 1 1.49683 1
9 86 1 0.718559 1
9 87 1 1.16873 1
9 88 1 3.09512 1
9 89 1 5.29508 1
9 90 1 -0.879313 1
9 91 1 0.0278113 1
9 92 1 -0.882117 1
9 93 1 -0.635364 1
9 94 1 -3.62789 1
9 95 1 -1.14798 1
9 103 1 -2.31497 1
9 130 1 -0.652983 1
9 157 1 -1.16923 1
157 79 1 0.759232 1
157 22 1 -1.27933 1
10 64 1 0.790368 1
10 65 1 -1.86437 1
10 66 1 4.75027 1
10 67 1 -2.47344 1
10 68 1 2.39293 1
10 69 1 -1.63023 1
10 70 1 0.219907 1
10 71 1 -0.343652 1
10 72 1 5.2257 1
10 73 1 4.88776 1
10 74 1 0.823475 0
10 75 1 1.62034 1
10 76 1 4.24442 1
10 77 1 0.516928 1
10 78 1 0.0336447 1
10 79 1 -4.24125 1
10 80 1 -3.67814 1
10 81 1 6.38015 1
10 82 1 2.88843 1
10 83 1 0.654084 1
10 84 1 8.21771 1
10 85 1 2.3208 1
10 86 1 -3.61408 1
10 87 1 -1.81499 1
10 88 1 1.93316 1
10 89 1 -0.1234 1
10 90 1 0.613712 1
10 91 1 3.27031 1
10 92 1 -2.21971 1
10 93 1 -0.264708 1
10 94 1 4.29528 1
10 95 1 4.83602 0
10 124 1 3.46843 1
10 165 1 -0.0191474 1
165 95 1 5.52042 1
165 133 1 1.53718 1
124 74 1 -1.1391 1
124 12 1 1.62501 0
124 171 1 -0.17388 1
171 12 1 1.87518 1
171 152 1 -0.708088 1
11 64 1 3.31329 1
11 65 1 1.48285 1
11 66 1 3.51953 1
11 67 1 -1.4514 1
11 68 1 1.41268 1
11 69 1 2.57259 1
11 70 1 4.0151 1
11 71 1 0.919464 1
11 72 1 -8.1308 1
11 73 1 0.758794 1
11 74 1 0.350434 0
11 75 1 -2.38017 1
11 76 1 -1.46005 1
11 77 1 1.16869 1
11 78 1 -2.14125 1
11 79 1 -1.01762 1
11 80 1 -0.943625 1
11 81 1 1.81764 1
11 82 1 5.02833 0
11 83 1 4.72373 1
11 84 1 1.91033 1
11 85 1 -0.724369 1
11 86 1 -4.90194 1
11 87 1 1.06006 1
11 88 1 -7.24757 1
11 89 1 3.29523 1
11 90 1 0.144096 1
11 91 1 -1.5009 1
11 92 1 -0.722285 1
11 93 1 2.50654 1
11 94 1 -3.15071 1
11 95 1 -6.43346 1
11 120 1 -6.66892 1
11 109 1 -1.98261 1
11 154 1 3.61909 1
11 8 1 -0.362866 1
11 112 1 3.72193 1
11 24 1 0.903176 1
154 82 1 4.48749 1
120 74 1 -2.80443 1
120 13 1 0.265164 0
120 150 1 4.13269 1
150 13 1 2.01108 0
150 163 1 3.01501 1
163 13 1 1.94592 1
12 64 1 -2.38496 1
12 65 1 -1.15916 0
12 66 1 -0.644064 1
12 67 1 -3.31494 1
12 68 1 1.06017 1
12 69 1 1.8132 1
12 70 1 0.628432 1
12 71 1 -2.93863 1
12 72 1 2.86832 1
12 73 1 -3.42934 1
12 74 1 -3.0823 1
12 75 1 0.376717 1
12 76 1 -2.69277 1
12 77 1 1.75812 1
12 78 1 -0.862972 1
12 79 1 -2.38225 1
12 80 1 -2.54822 1
12 81 1 -3.71432 1
12 82 1 6.35361 1
12 83 1 -0.195361 1
12 84 1 3.99866 1
12 85 1 0.920927 1
12 86 1 -4.68463 1
12 87 1 -3.05515 1
12 88 1 -1.00509 1
12 89 1 1.48054 1
12 90 1 -0.222007 1
12 91 1 -1.98751 1
12 92 1 0.33521 1
12 93 1 -1.2501 1
12 94 1 1.93518 1
12 95 1 -3.36882 1
12 17 1 -0.149123 1
12 18 1 0.195418 1
12 144 1 -1.36076 1
12 167 1 0.86988 1
12 11 1 -0.221127 1
167 65 1 -2.47199 1
167 12 1 0.899827 1
13 64 1 -0.0863061 1
13 65 1 -2.8019 1
13 66 1 -0.877519 1
13 67 1 -0.933239 1
13 68 1 3.59144 1
13 69 1 -4.65945 1
13 70 1 -1.4816 1
13 71 1 -0.447213 1
13 72 1 -0.220637 1
13 73 1 1.20268 1
13 74 1 -0.425021 1
13 75 1 -2.20345 1
13 76 1 -0.654593 1
13 77 1 -1.52789 1
13 78 1 2.28218 1
13 79 1 4.45776 1
13 80 1 0.528523 1
13 81 1 2.56196 1
13 82 1 3.33163 1
13 83 1 3.86632 1
13 84 1 -4.76007 1
13 85 1 4.69901 1
13 86 1 4.05875 1
13 87 1 4.46764 1
13 88 1 3.20669 1
13 89 1 0.306381 1
13 90 1 -4.51632 1
13 91 1 -5.26196 1
13 92 1 -3.01057 1
13 93 1 -3.17137 1
13 94 1 0.18149 1
13 95 1 -5.02268 1
14 64 1 1.4047 1
14 65 1 4.08304 1
14 66 1 1.10171 1
14 67 1 3.89286 1
14 68 1 -1.90184 1
14 69 1 2.60204 1
14 70 1 -0.668258 1
14 71 1 1.17583 1
14 72 1 4.55919 1
14 73 1 1.11446 1
14 74 1 0.372366 1
14 75 1 2.52412 1
14 76 1 -4.60864 1
14 77 1 0.908047 1
14 78 1 -2.16896 1
14 79 1 -1.64576 1
14 80 1 -1.02584 1
14 81 1 1.96321 0
14 82 1 4.98596 1
14 83 1 -2.14965 1
14 84 1 -1.60829 1
14 85 1 -2.41207 1
14 86 1 4.20925 1
14 87 1 -0.286434 1
14 88 1 -2.04149 1
14 89 1 0.912249 1
14 90 1 0.000933329 1
14 91 1 4.67987 1
14 92 1 4.83678 1
14 93 1 3.45799 1
14 94 1 4.90187 1
14 95 1 2.72466 1
14 104 1 -0.738233 1
14 119 1 1.84505 1
14 126 1 1.38518 1
119 81 1 5.27945 1
119 99 1 0.646012 1
15 64 1 0.615843 1
15 65 1 1.85199 1
15 66 1 -1.73689 1
15 67 1 -1.79757 1
15 68 1 2.43203 1
15 69 1 -3.45691 1
15 70 1 7.62576 1
15 71 1 -2.13319 1
15 72 1 -1.06048 1
15 73 1 1.19291 1
15 74 1 0.427519 1
15 75 1 -0.235394 1
15 76 1 1.38877 1
15 77 1 1.28927 1
15 78 1 -3.60624 1
15 79 1 -0.169937 1
15 80 1 4.89176 1
15 81 1 -0.542668 1
15 82 1 -4.18265 1
15 83 1 0.493135 1
15 84 1 1.34669 1
15 85 1 -2.72373 1
15 86 1 2.7949 1
15 87 1 -6.77553 1
15 88 1 1.58717 1
15 89 1 4.2768 1
15 90 1 0.564547 1
15 91 1 -4.17626 1
15 92 1 0.3309 1
15 93 1 -0.0613819 1
15 94 1 -0.344923 1
15 95 1 -2.81949 1
15 20 1 -2.46524 1
16 64 1 2.25833 1
16 65 1 -3.00979 1
16 66 1 -1.81519 1
16 67 1 -4.61485 1
16 68 1 1.94189 1
16 69 1 0.86991 1
16 70 1 2.65819 1
16 71 1 5.50813 1
16 72 1 0.661684 1
16 73 1 -1.83638 1
16 74 1 0.956301 1
16 75 1 2.8888 1
16 76 1 2.17016 1
16 77 1 3.61382 1
16 78 1 -0.699465 1
16 79 1 -2.43332 0
16 80 1 1.67448 1
16 81 1 1.92236 1
16 82 1 -2.93318 1
16 83 1 1.74488 1
16 84 1 -0.0511572 1
16 85 1 0.471449 1
16 86 1 2.61942 1
16 87 1 -1.25319 1
16 88 1 3.28477 1
16 89 1 1.97415 1
16 90 1 -3.17494 1
16 91 1 3.96832 1
16 92 1 4.78023 1
16 93 1 -3.06612 1
16 94 1 0.411312 1
16 95 1 -2.60027 1
16 26 1 -0.364421 1
16 151 1 1.86285 1
16 144 1 -1.46436 1
151 79 1 0.695205 1
17 64 1 -1.38131 1
17 65 1 0.658939 1
17 66 1 1.29415 1
17 67 1 3.44685 1
17 68 1 1.1683 1
17 69 1 2.47254 1
17 70 1 0.791257 1
17 71 1 4.49398 1
17 72 1 -5.57689 0
17 73 1 0.958673 1
17 74 1 3.57649 1
17 75 1 -0.849752 1
17 76 1 -0.842373 0
17 77 1 2.63794 1
17 78 1 -3.06607 1
17 79 1 -4.01259 1
17 80 1 4.64658 1
17 81 1 2.71724 1
17 82 1 1.33702 1
17 83 1 -1.11621 1
17 84 1 0.713629 1
17 85 1 2.6297 1
17 86 1 -0.175489 1
17 87 1 -3.8371 1
17 88 1 -8.43398 1
17 89 1 0.321372 1
17 90 1 -3.84852 1
17 91 1 5.02486 1
17 92 1 1.19064 1
17 93 1 3.73081 1
17 94 1 3.29392 1
17 95 1 1.16852 1
17 146 1 3.21129 1
17 190 1 0.998192 1
190 76 1 -2.09488 1
146 72 1 -5.76587 0
146 30 1 -0.743798 1
146 177 1 -0.11507 1
177 72 1 -3.57047 1
18 64 1 0.345103 1
18 65 1 -2.71324 1
18 66 1 1.22648 1
18 67 1 3.41834 1
18 68 1 -4.29688 1
18 69 1 -0.543789 0
18 70 1 4.38238 1
18 71 1 -0.158181 1
18 72 1 -0.854095 1
18 73 1 0.649855 1
18 74 1 2.031 1
18 75 1 -3.65756 1
18 76 1 2.98749 1
18 77 1 -1.75148 1
18 78 1 1.77165 1
18 79 1 2.08603 1
18 80 1 -7.76926 1
18 81 1 4.41313 1
18 82 1 -5.58704 1
18 83 1 2.84684 1
18 84 1 -6.25733 1
18 85 1 2.95838 1
18 86 1 6.58677 1
18 87 1 -5.4386 1
18 88 1 2.80163 1
18 89 1 -2.7034 1
18 90 1 -0.930543 1
18 91 1 -1.4975 1
18 92 1 -5.1178 1
18 93 1 3.17381 1
18 94 1 0.299317 1
18 95 1 0.220482 1
18 25 1 -2.13636 1
18 18 1 0.285478 1
18 139 1 1.32721 1
18 182 1 0.20652 1
182 69 1 -0.909313 1
19 64 1 5.79934 1
19 65 1 -0.0192425 1
19 66 1 6.37399 1
19 67 1 -1.09338 1
19 68 1 -2.28091 1
19 69 1 1.69904 1
19 70 1 -0.755517 1
19 71 1 3.22109 1
19 72 1 3.10162 1
19 73 1 0.852393 1
19 74 1 1.52781 1
19 75 1 0.383498 1
19 76 1 -4.76633 1
19 77 1 -1.03682 1
19 78 1 0.035813 1
19 79 1 5.62995 1
19 80 1 0.0959789 1
19 81 1 -3.45165 1
19 82 1 -0.371362 1
19 83 1 -2.15165 1
19 84 1 2.21128 1
19 85 1 3.27596 1
19 86 1 -1.54702 1
19 87 1 1.94108 1
19 88 1 0.921457 1
19 89 1 5.92407 1
19 90 1 -0.709606 1
19 91 1 -1.31381 1
19 92 1 -0.516477 1
19 93 1 -4.50784 1
19 94 1 -0.806963 1
19 95 1 -6.7955 1
19 3 1 0.370801 1
20 64 1 1.62195 1
20 65 1 -0.533186 1
20 66 1 -2.56787 1
20 67 1 -1.8982 1
20 68 1 1.39609 1
20 69 1 -0.379717 1
20 70 1 -5.08364 1
20 71 1 4.15846 1
20 72 1 -0.601364 1
20 73 1 3.74935 1
20 74 1 4.60088 1
20 75 1 3.5309 1
20 76 1 -1.89433 1
20 77 1 -4.05642 1
20 78 1 3.78914 1
20 79 1 1.19493 1
20 80 1 0.962053 1
20 81 1 2.0855 1
20 82 1 4.13879 1
20 83 1 0.766988 1
20 84 1 3.84232 1
20 85 1 -2.79517 1
20 86 1 -0.936159 1
20 87 1 1.16478 1
20 88 1 2.52398 1
20 89 1 0.316619 1
20 90 1 -0.409944 1
20 91 1 0.848997 0
20 92 1 3.69822 1
20 93 1 2.74292 0
20 94 1 1.87336 0
20 95 1 1.5625 1
20 96 1 -2.60251 1
20 98 1 2.74021 1
20 103 1 1.69088 1
20 109 1 -0.229666 1
103 91 1 1.88638 0
103 105 1 3.7385 1
103 112 1 -1.67304 0
103 123 1 -2.25386 1
103 140 1 -2.50495 1
140 112 1 1.94916 1
140 102 1 -0.395617 1
123 91 1 -0.0440623 1
123 113 1 -0.397191 0
123 136 1 1.99501 1
123 137 1 1.41148 1
136 113 1 -1.21121 1
136 6 1 -2.32368 1
105 91 1 4.63464 0
105 129 1 1.30916 1
129 91 1 1.98938 0
129 135 1 4.36336 1
129 116 1 -0.544017 1
135 91 1 -0.662181 1
98 93 1 3.10221 1
98 99 1 6.25039 1
98 15 1 1.9521 1
96 94 1 1.37322 1
96 20 1 0.0875086 0
96 155 1 2.75983 1
96 25 1 1.82687 1
96 185 1 -0.193058 1
155 20 1 -0.831388 0
155 30 1 0.80512 1
155 176 1 0.262216 1
155 194 1 0.96049 1
194 20 1 -1.27258 1
176 20 1 -2.17449 1
21 64 1 3.42049 1
21 65 1 5.5325 1
21 66 1 -4.97157 1
21 67 1 -4.50019 1
21 68 1 0.9253 1
21 69 1 0.0692894 1
21 70 1 0.579067 1
21 71 1 -7.19859 1
21 72 1 -7.09123 1
21 73 1 -2.43858 1
21 74 1 -3.31265 1
21 75 1 2.55664 1
21 76 1 -2.81314 1
21 77 1 -2.19776 1
21 78 1 -0.501727 1
21 79 1 -2.10997 1
21 80 1 1.19958 1
21 81 1 -1.52868 1
21 82 1 -0.0202377 1
21 83 1 -3.05899 1
21 84 1 8.87685 1
21 85 1 0.986547 1
21 86 1 3.26294 1
21 87 1 -0.416104 1
21 88 1 3.826 1
21 89 1 0.998803 1
21 90 1 -0.387031 1
21 91 1 1.01301 0
21 92 1 3.64384 1
21 93 1 1.46705 1
21 94 1 -2.74668 1
21 95 1 -1.12244 1
21 143 1 6.60335 1
143 91 1 -1.8342 1
22 64 1 0.898711 1
22 65 1 -0.849495 1
22 66 1 0.776823 1
22 67 1 5.86139 1
22 68 1 1.73893 1
22 69 1 -2.59865 1
22 70 1 -0.575217 1
22 71 1 -0.194799 1
22 72 1 -4.10566 1
22 73 1 1.27828 1
22 74 1 -6.33904 1
22 75 1 -0.904802 1
22 76 1 1.48158 1
22 77 1 -0.834621 1
22 78 1 3.3514 1
22 79 1 5.25602 1
22 80 1 1.61415 1
22 81 1 -5.27864 1
22 82 1 0.66616 1
22 83 1 -0.993007 1
22 84 1 -1.5739 1
22 85 1 2.38503 1
22 86 1 1.09351 1
22 87 1 5.46644 1
22 88 1 -3.90342 1
22 89 1 -1.00341 1
22 90 1 0.293433 1
22 91 1 2.6841 1
22 92 1 1.05476 1
22 93 1 2.6958 1
22 94 1 6.48011 1
22 95 1 0.792359 1
23 64 1 -1.13505 1
23 65 1 1.12228 1
23 66 1 3.93778 1
23 67 1 3.50432 1
23 68 1 -4.60797 1
23 69 1 3.97497 1
23 70 1 3.54812 1
23 71 1 -3.10317 1
23 72 1 -0.690993 1
23 73 1 -2.4032 1
23 74 1 3.47715 1
23 75 1 1.78543 1
23 76 1 2.73986 1
23 77 1 1.90856 1
23 78 1 1.02446 0
23 79 1 -5.80166 1
23 80 1 2.69275 1
23 81 1 2.44668 1
23 82 1 -4.15978 1
23 83 1 -0.295668 1
23 84 1 2.27741 1
23 85 1 -2.88539 1
23 86 1 -12.2966 1
23 87 1 -1.1522 1
23 88 1 0.59536 1
23 89 1 -3.58373 1
23 90 1 -7.71037 1
23 91 1 -2.74332 1
23 92 1 4.05693 1
23 93 1 4.5817 1
23 94 1 -4.12107 1
23 95 1 -0.220503 1
23 107 1 0.174188 1
23 27 1 -0.157176 1
23 178 1 2.04545 1
178 78 1 0.756482 1
24 64 1 -2.15661 1
24 65 1 2.0597 1
24 66 1 -1.34693 1
24 67 1 7.1428 1
24 68 1 -4.6403 1
24 69 1 2.1026 0
24 70 1 2.98224 1
24 71 1 4.85023 1
24 72 1 2.0531 1
24 73 1 0.806394 1
24 74 1 1.39955 1
24 75 1 1.37566 1
24 76 1 -5.89191 1
24 77 1 -1.38458 1
24 78 1 -6.84902 1
24 79 1 0.90079 1
24 80 1 5.67743 1
24 81 1 4.053 1
24 82 1 -2.52231 1
24 83 1 -1.47229 1
24 84 1 -4.04184 1
24 85 1 -0.216255 1
24 86 1 -3.90491 1
24 87 1 2.58111 1
24 88 1 -0.317619 1
24 89 1 10.6565 1
24 90 1 5.38791 1
24 91 1 -1.80021 1
24 92 1 0.187339 1
24 93 1 -0.32229 1
24 94 1 -0.615734 1
24 95 1 -6.35445 1
24 5 1 1.25021 1
24 168 1 -1.49271 1
168 69 1 3.61365 1
168 172 1 0.539714 1
25 64 1 -3.19524 1
25 65 1 1.33548 1
25 66 1 -1.63512 1
25 67 1 -3.21522 1
25 68 1 0.499659 1
25 69 1 -7.6196 1
25 70 1 -0.283375 0
25 71 1 -3.5373 1
25 72 1 2.88781 1
25 73 1 2.7275 1
25 74 1 1.86801 1
25 75 1 -2.28979 1
25 76 1 -0.114413 1
25 77 1 0.131844 1
25 78 1 2.54404 1
25 79 1 1.14216 1
25 80 1 -0.27267 1
25 81 1 -1.12774 1
25 82 1 -1.34206 1
25 83 1 1.69788 1
25 84 1 -0.988686 1
25 85 1 -1.79262 1
25 86 1 4.47957 1
25 87 1 0.187915 1
25 88 1 -1.29434 1
25 89 1 -2.56301 1
25 90 1 -4.57168 1
25 91 1 3.72218 1
25 92 1 3.11018 1
25 93 1 -0.947792 1
25 94 1 -2.85077 0
25 95 1 -3.52662 1
25 8 1 0.881747 1
25 6 1 -1.32579 1
25 121 1 1.43454 1
25 175 1 1.6752 1
175 94 1 -5.00864 1
121 70 1 6.99648 1
26 64 1 -1.51624 1
26 65 1 2.37357 1
26 66 1 -1.91119 1
26 67 1 2.14804 1
26 68 1 -0.841251 1
26 69 1 0.441027 1
26 70 1 -1.36607 1
26 71 1 0.240597 1
26 72 1 -3.7834 1
26 73 1 0.0400112 1
26 74 1 -8.05218 1
26 75 1 2.85016 1
26 76 1 2.55143 1
26 77 1 -5.60062 1
26 78 1 0.56315 1
26 79 1 1.1326 1
26 80 1 -4.11997 1
26 81 1 4.5035 1
26 82 1 3.36536 1
26 83 1 0.759462 1
26 84 1 -5.66578 1
26 85 1 -1.15046 1
26 86 1 -5.8247 1
26 87 1 2.74525 1
26 88 1 -5.75411 1
26 89 1 1.78549 1
26 90 1 -3.99484 1
26 91 1 -3.47468 1
26 92 1 -0.586475 1
26 93 1 -2.28918 1
26 94 1 0.914093 1
26 95 1 0.201191 1
26 23 1 5.32155 1
26 15 1 1.17358 1
26 161 1 -0.852517 1
27 64 1 -2.09387 1
27 65 1 6.58075 1
27 66 1 3.26054 1
27 67 1 -0.0948989 1
27 68 1 2.91217 1
27 69 1 1.2641 1
27 70 1 5.36811 1
27 71 1 -6.2127 1
27 72 1 0.207992 1
27 73 1 3.20418 1
27 74 1 -4.0908 1
27 75 1 2.24564 1
27 76 1 -2.34977 1
27 77 1 3.00416 1
27 78 1 2.09366 1
27 79 1 0.661432 1
27 80 1 -1.83509 1
27 81 1 -2.87531 1
27 82 1 3.68846 1
27 83 1 -0.900891 1
27 84 1 3.48174 1
27 85 1 -1.58881 1
27 86 1 -3.27548 1
27 87 1 -1.64031 1
27 88 1 -8.73452 1
27 89 1 -5.47777 1
27 90 1 7.09164 1
27 91 1 -2.47287 1
27 92 1 -0.00352639 1
27 93 1 0.512064 1
27 94 1 0.920367 0
27 95 1 -0.440424 1
27 9 1 4.30411 1
27 5 1 1.42742 1
27 186 1 0.590469 1
186 94 1 -0.294593 1
28 64 1 2.68214 1
28 65 1 0.866229 1
28 66 1 -0.0196852 1
28 67 1 5.49074 1
28 68 1 5.46939 1
28 69 1 1.40518 1
28 70 1 -1.66308 1
28 71 1 0.867638 1
28 72 1 -7.0932 1
28 73 1 -0.184401 1
28 74 1 -1.84722 1
28 75 1 1.74589 1
28 76 1 0.950758 1
28 77 1 1.79657 1
28 78 1 -4.21362 1
28 79 1 2.62758 1
28 80 1 0.936526 1
28 81 1 -0.796105 1
28 82 1 4.2622 1
28 83 1 1.51846 1
28 84 1 4.74871 1
28 85 1 -4.27727 1
28 86 1 -2.72025 1
28 87 1 2.06919 1
28 88 1 -5.51135 1
28 89 1 0.193866 1
28 90 1 -1.78435 1
28 91 1 1.02018 1
28 92 1 5.17375 1
28 93 1 -1.39315 1
28 94 1 5.76246 1
28 95 1 -2.07952 1
29 64 1 0.944487 1
29 65 1 1.48457 1
29 66 1 -1.67412 1
29 67 1 4.787 1
29 68 1 -8.68954 1
29 69 1 2.3204 1
29 70 1 -3.14689 1
29 71 1 -2.01155 1
29 72 1 1.50123 1
29 73 1 0.632765 1
29 74 1 -3.26432 1
29 75 1 -0.227167 1
29 76 1 -1.85146 1
29 77 1 1.55864 1
29 78 1 -5.2164 1
29 79 1 -3.16289 1
29 80 1 2.70503 1
29 81 1 2.62604 1
29 82 1 0.879991 1
29 83 1 0.140632 1
29 84 1 -0.907213 1
29 85 1 -1.856 1
29 86 1 -3.99117 1
29 87 1 -3.57911 1
29 88 1 -1.48209 1
29 89 1 -1.30446 1
29 90 1 -1.14195 1
29 91 1 0.54053 1
29 92 1 1.7233 1
29 93 1 -0.494111 1
29 94 1 -1.44999 1
29 95 1 2.10888 1
29 113 1 0.558091 1
30 64 1 -1.09887 1
30 65 1 6.31461 1
30 66 1 5.42508 1
30 67 1 -2.83787 1
30 68 1 1.3397 1
30 69 1 0.0456477 1
30 70 1 5.16557 1
30 71 1 0.337723 1
30 72 1 -0.762149 1
30 73 1 3.09341 1
30 74 1 -1.19757 1
30 75 1 2.58568 1
30 76 1 2.68256 1
30 77 1 -1.7474 1
30 78 1 4.71746 1
30 79 1 5.31349 1
30 80 1 -3.59777 1
30 81 1 -0.077383 1
30 82 1 7.25816 1
30 83 1 2.81611 1
30 84 1 2.49699 1
30 85 1 -1.16664 1
30 86 1 -2.09508 1
30 87 1 -3.12299 1
30 88 1 0.822848 1
30 89 1 -2.13503 1
30 90 1 -0.997864 1
30 91 1 4.23171 1
30 92 1 -1.06062 1
30 93 1 1.30719 1
30 94 1 1.98755 1
30 95 1 -4.19312 1
30 28 1 1.0787 1
31 64 1 2.5249 1
31 65 1 -4.35064 1
31 66 1 -4.76279 1
31 67 1 8.76403 1
31 68 1 4.17031 1
31 69 1 1.79952 1
31 70 1 -2.29814 1
31 71 1 1.63548 1
31 72 1 -2.01878 1
31 73 1 0.45735 1
31 74 1 3.56612 1
31 75 1 -0.838477 1
31 76 1 -4.91167 1
31 77 1 -1.60185 1
31 78 1 -4.97663 1
31 79 1 0.230746 1
31 80 1 -0.88873 1
31 81 1 -1.55574 1
31 82 1 0.280821 1
31 83 1 -1.98622 1
31 84 1 -3.47611 1
31 85 1 -3.03572 1
31 86 1 0.253019 1
31 87 1 -5.21773 0
31 88 1 1.63828 1
31 89 1 -2.21183 1
31 90 1 -0.445478 1
31 91 1 -3.59998 1
31 92 1 0.505199 1
31 93 1 -0.199485 1
31 94 1 2.30977 1
31 95 1 -1.35725 1
31 122 1 1.95825 1
31 10 1 -0.498049 1
31 117 1 -1.39671 1
122 87 1 -1.40657 1
32 64 1 6.69478 1
32 65 1 2.45278 1
32 66 1 -3.66888 1
32 67 1 2.11099 1
32 68 1 0.652847 1
32 69 1 4.70613 1
32 70 1 -0.310132 1
32 71 1 3.43986 1
32 72 1 -1.74051 1
32 73 1 1.1608 1
32 74 1 -0.0833332 1
32 75 1 6.66749 1
32 76 1 0.876231 1
32 77 1 4.09909 1
32 78 1 1.36847 1
32 79 1 -0.41987 1
32 80 1 -0.911961 1
32 81 1 -0.686665 1
32 82 1 -3.00039 1
32 83 1 -3.89338 1
32 84 1 1.87838 1
32 85 1 -1.58834 1
32 86 1 0.369277 1
32 87 1 -2.41586 1
32 88 1 -0.00493461 1
32 89 1 0.917974 1
32 90 1 3.55727 1
32 91 1 -3.78128 1
32 92 1 5.04307 1
32 93 1 3.15956 1
32 94 1 -1.67874 1
32 95 1 1.08031 1
33 64 1 0.102826 1
33 65 1 -3.91788 1
33 66 1 -1.67896 1
33 67 1 -2.04149 1
33 68 1 -0.976484 1
33 69 1 -2.55927 0
33 70 1 3.59742 1
33 71 1 4.9573 1
33 72 1 2.84006 1
33 73 1 4.20252 1
33 74 1 1.2223 1
33 75 1 -7.22313 1
33 76 1 -4.39147 1
33 77 1 1.66516 1
33 78 1 -0.853844 1
33 79 1 -4.3656 1
33 80 1 1.35688 1
33 81 1 -4.09256 1
33 82 1 -2.8486 1
33 83 1 0.959002 1
33 84 1 -0.386051 1
33 85 1 0.559477 1
33 86 1 4.09158 1
33 87 1 2.06545 1
33 88 1 2.87285 1
33 89 1 3.97064 1
33 90 1 -3.09448 1
33 91 1 -2.54532 1
33 92 1 1.89215 1
33 93 1 3.2746 1
33 94 1 4.29044 1
33 95 1 0.869388 1
33 20 1 1.25391 1
33 107 1 -1.94871 1
33 13 1 1.0388 1
33 113 1 -2.02673 1
33 192 1 1.25208 1
192 69 1 -2.79974 1
34 64 1 -0.0907889 1
34 65 1 -1.77943 1
34 66 1 3.56799 1
34 67 1 0.369661 1
34 68 1 -1.10194 1
34 69 1 -2.05374 1
34 70 1 -3.03218 1
34 71 1 -3.80699 1
34 72 1 -3.59656 1
34 73 1 -5.11641 1
34 74 1 3.73383 1
34 75 1 7.01779 1
34 76 1 -4.2714 1
34 77 1 -1.37968 1
34 78 1 -1.13388 1
34 79 1 1.13488 1
34 80 1 4.51285 1
34 81 1 -1.74615 1
34 82 1 2.36226 1
34 83 1 1.8622 1
34 84 1 -0.41252 1
34 85 1 -1.69181 1
34 86 1 -0.528917 1
34 87 1 -1.57084 1
34 88 1 -0.383391 1
34 89 1 1.2646 1
34 90 1 -7.7945 1
34 91 1 4.69416 1
34 92 1 2.78138 1
34 93 1 -2.94902 1
34 94 1 4.63673 1
34 95 1 2.7876 1
34 113 1 -3.11651 1
35 64 1 1.6451 1
35 65 1 -2.91168 1
35 66 1 -2.00511 1
35 67 1 6.49986 1
35 68 1 2.01683 1
35 69 1 1.39361 1
35 70 1 2.4993 1
35 71 1 1.98624 1
35 72 1 1.20002 1
35 73 1 8.22947 1
35 74 1 1.03017 1
35 75 1 -3.35427 1
35 76 1 -5.03261 1
35 77 1 1.61442 1
35 78 1 -0.302527 1
35 79 1 4.24466 1
35 80 1 -6.16716 1
35 81 1 -0.104941 1
35 82 1 4.28146 0
35 83 1 -3.02274 1
35 84 1 6.10408 1
35 85 1 -3.64434 1
35 86 1 -1.22473 1
35 87 1 -4.69053 1
35 88 1 1.10865 1
35 89 1 2.56312 0
35 90 1 -2.23202 1
35 91 1 0.507522 1
35 92 1 -3.41288 1
35 93 1 -6.51958 1
35 94 1 1.21693 1
35 95 1 -0.156402 1
35 130 1 1.77221 1
35 133 1 7.83436 1
133 82 1 1.11002 1
130 89 1 0.0834 1
130 109 1 -0.281007 1
36 64 1 2.76562 1
36 65 1 4.61951 1
36 66 1 3.57092 1
36 67 1 -0.911688 1
36 68 1 -5.98989 1
36 69 1 -2.12548 1
36 70 1 -3.2422 1
36 71 1 1.29494 1
36 72 1 -1.21581 1
36 73 1 0.0204103 1
36 74 1 -1.33023 1
36 75 1 -0.212927 1
36 76 1 2.08169 1
36 77 1 -4.55622 1
36 78 1 -0.0926433 1
36 79 1 4.98689 1
36 80 1 4.61274 1
36 81 1 -1.56887 1
36 82 1 0.853083 0
36 83 1 0.647531 1
36 84 1 3.79039 1
36 85 1 -3.30777 1
36 86 1 0.600559 1
36 87 1 1.15199 1
36 88 1 -1.98835 1
36 89 1 -0.112131 1
36 90 1 -4.04244 1
36 91 1 -0.00728897 1
36 92 1 4.50189 1
36 93 1 1.49135 1
36 94 1 -2.98072 1
36 95 1 6.93746 1
36 109 1 1.44592 0
36 24 1 -1.74638 1
36 117 1 2.76949 1
117 109 1 2.291 1
117 4 1 -0.219598 1
109 82 1 -1.60039 1
109 31 1 1.74432 1
37 64 1 -6.54084 1
37 65 1 1.42136 1
37 66 1 -4.1798 1
37 67 1 1.60855 1
37 68 1 -5.18259 1
37 69 1 2.75105 1
37 70 1 -6.95703 1
37 71 1 -1.86713 1
37 72 1 0.378539 1
37 73 1 1.02884 1
37 74 1 0.895921 1
37 75 1 0.922232 1
37 76 1 4.7309 0
37 77 1 2.08368 1
37 78 1 -0.937476 1
37 79 1 0.752974 1
37 80 1 2.07771 1
37 81 1 3.76664 1
37 82 1 1.96031 1
37 83 1 5.46337 1
37 84 1 -4.76778 1
37 85 1 3.52871 1
37 86 1 -2.30842 1
37 87 1 -1.32623 1
37 88 1 0.28945 1
37 89 1 -2.55612 1
37 90 1 -3.65575 1
37 91 1 1.01494 1
37 92 1 3.06578 1
37 93 1 0.0640542 1
37 94 1 -1.87603 1
37 95 1 0.724482 1
37 142 1 0.197065 1
37 160 1 -0.778281 1
142 76 1 -0.517947 1
142 147 1 1.04588 1
142 6 1 -0.528157 1
38 64 1 0.701504 1
38 65 1 -2.5286 1
38 66 1 -1.5808 1
38 67 1 -3.97477 1
38 68 1 -0.676033 1
38 69 1 -5.44473 1
38 70 1 -0.0994526 1
38 71 1 -0.562219 1
38 72 1 1.00378 1
38 73 1 1.58247 1
38 74 1 -0.749876 1
38 75 1 5.09365 1
38 76 1 2.24382 1
38 77 1 -1.84205 1
38 78 1 -0.482292 1
38 79 1 -0.571986 1
38 80 1 0.928092 1
38 81 1 -2.19415 1
38 82 1 2.88938 1
38 83 1 -0.291869 1
38 84 1 -1.63425 1
38 85 1 -2.54901 1
38 86 1 0.0955113 1
38 87 1 2.44561 0
38 88 1 4.17279 1
38 89 1 4.39659 1
38 90 1 -1.60946 1
38 91 1 3.34807 1
38 92 1 3.28707 0
38 93 1 0.648731 1
38 94 1 2.47449 1
38 95 1 -2.3423 1
38 148 1 3.45675 1
38 162 1 0.471559 1
162 87 1 1.95041 0
162 185 1 1.63375 1
185 87 1 0.665126 1
148 92 1 2.43723 1
39 64 1 2.52919 1
39 65 1 -1.14246 1
39 66 1 1.55598 1
39 67 1 -2.76786 1
39 68 1 -0.528952 1
39 69 1 0.219351 1
39 70 1 1.00562 1
39 71 1 -1.7925 1
39 72 1 -3.83557 1
39 73 1 -4.2208 1
39 74 1 0.923102 1
39 75 1 4.22235 0
39 76 1 4.04281 0
39 77 1 0.924999 1
39 78 1 -5.10458 1
39 79 1 -4.31101 1
39 80 1 -1.90965 1
39 81 1 -2.26126 1
39 82 1 -5.39918 1
39 83 1 -2.16574 1
39 84 1 -2.66587 1
39 85 1 0.511299 1
39 86 1 2.24127 1
39 87 1 0.677178 1
39 88 1 -1.39264 1
39 89 1 0.785281 1
39 90 1 4.04383 1
39 91 1 -0.156915 1
39 92 1 7.24341 1
39 93 1 1.66741 1
39 94 1 -6.32976 1
39 95 1 -1.65034 1
39 2 1 -3.56525 1
39 112 1 3.4917 1
39 13 1 -0.561756 1
39 104 1 -0.265675 1
39 172 1 2.5401 1
172 76 1 4.32491 1
172 28 1 1.57952 1
112 75 1 -1.57781 1
112 138 1 -1.41293 1
112 153 1 1.39675 0
112 170 1 0.894908 1
112 113 1 1.85515 1
170 153 1 -3.66495 1
170 126 1 3.47423 1
40 64 1 -3.87876 1
40 65 1 -0.313692 1
40 66 1 2.46434 1
40 67 1 3.40305 1
40 68 1 1.49418 1
40 69 1 3.87336 1
40 70 1 -1.25861 1
40 71 1 2.21758 1
40 72 1 0.954591 1
40 73 1 1.53362 1
40 74 1 -0.308536 1
40 75 1 2.64893 1
40 76 1 -2.50345 1
40 77 1 4.06559 1
40 78 1 3.45931 1
40 79 1 -1.72696 1
40 80 1 2.52177 1
40 81 1 1.32898 1
40 82 1 0.778091 1
40 83 1 -2.06202 1
40 84 1 -2.88076 1
40 85 1 -1.23928 1
40 86 1 2.49023 1
40 87 1 0.777102 1
40 88 1 2.62789 1
40 89 1 -1.64474 1
40 90 1 -0.0944945 1
40 91 1 -0.835059 1
40 92 1 -3.62201 1
40 93 1 0.964322 1
40 94 1 1.76422 1
40 95 1 4.76124 1
40 2 1 1.00663 1
40 134 1 2.34638 1
41 64 1 3.27204 1
41 65 1 -0.800256 1
41 66 1 0.776672 1
41 67 1 1.5081 1
41 68 1 2.58918 1
41 69 1 -1.26732 1
41 70 1 1.42698 1
41 71 1 1.31489 1
41 72 1 4.41111 1
41 73 1 -6.47738 1
41 74 1 0.998013 1
41 75 1 3.25448 1
41 76 1 -6.61099 1
41 77 1 0.51041 1
41 78 1 -5.44595 1
41 79 1 0.777539 1
41 80 1 2.49455 1
41 81 1 4.57911 1
41 82 1 -1.76034 1
41 83 1 3.18089 1
41 84 1 -2.56419 1
41 85 1 -0.212811 1
41 86 1 -0.0686782 1
41 87 1 0.61272 1
41 88 1 3.10725 1
41 89 1 0.00611864 1
41 90 1 -1.08024 1
41 91 1 1.74674 1
41 92 1 0.296822 1
41 93 1 -0.818122 1
41 94 1 -2.36759 1
41 95 1 0.302326 1
41 11 1 -0.122829 1
41 29 1 -3.80227 1
41 97 1 -2.43869 1
42 64 1 2.80688 1
42 65 1 -0.232348 1
42 66 1 -1.47176 1
42 67 1 1.87815 1
42 68 1 -2.73562 1
42 69 1 -1.03783 1
42 70 1 0.998285 1
42 71 1 0.869606 1
42 72 1 -3.1508 1
42 73 1 -1.39406 1
42 74 1 3.68314 1
42 75 1 -2.15957 1
42 76 1 -3.6918 1
42 77 1 -2.44388 1
42 78 1 -0.640089 1
42 79 1 3.19437 1
42 80 1 -0.410815 1
42 81 1 3.8715 1
42 82 1 2.9262 1
42 83 1 2.76499 1
42 84 1 -0.171421 1
42 85 1 -0.346891 1
42 86 1 2.70745 1
42 87 1 -2.37816 1
42 88 1 -3.57178 1
42 89 1 -1.97234 1
42 90 1 2.55364 1
42 91 1 1.35242 1
42 92 1 2.58662 1
42 93 1 2.88768 1
42 94 1 -3.39296 1
42 95 1 -1.73894 1
43 64 1 1.95964 1
43 65 1 -3.31117 1
43 66 1 3.29749 1
43 67 1 0.417806 1
43 68 1 1.36382 1
43 69 1 -4.36324 1
43 70 1 -0.620766 1
43 71 1 -6.07315 1
43 72 1 1.10747 1
43 73 1 -8.60393 1
43 74 1 2.2213 1
43 75 1 -4.45906 1
43 76 1 -0.997276 1
43 77 1 1.80154 1
43 78 1 1.42607 1
43 79 1 -4.90175 1
43 80 1 -0.511477 1
43 81 1 3.40201 1
43 82 1 2.23387 1
43 83 1 -3.00305 1
43 84 1 -2.07052 1
43 85 1 2.13597 1
43 86 1 3.31118 1
43 87 1 5.26668 1
43 88 1 2.63611 1
43 89 1 3.45979 1
43 90 1 -1.43723 1
43 91 1 -2.72121 1
43 92 1 2.76501 1
43 93 1 2.28591 1
43 94 1 -0.342238 1
43 95 1 2.22669 1
44 64 1 -0.261803 1
44 65 1 -6.64168 1
44 66 1 -1.0858 1
44 67 1 -1.63914 1
44 68 1 1.31423 1
44 69 1 -5.12991 1
44 70 1 2.93986 1
44 71 1 3.60438 1
44 72 1 -2.8354 1
44 73 1 1.57331 1
44 74 1 -1.53791 1
44 75 1 -4.10374 1
44 76 1 -1.33395 1
44 77 1 2.33307 1
44 78 1 4.0787 1
44 79 1 0.125194 1
44 80 1 7.10257 1
44 81 1 -2.63884 1
44 82 1 1.86592 1
44 83 1 -1.51881 1
44 84 1 1.79659 1
44 85 1 -0.618644 1
44 86 1 5.0111 1
44 87 1 0.349996 1
44 88 1 1.61399 1
44 89 1 0.895537 1
44 90 1 2.55034 1
44 91 1 3.23243 1
44 92 1 -2.21787 1
44 93 1 2.46098 1
44 94 1 -2.36341 1
44 95 1 -3.48144 1
44 8 1 -0.612409 1
44 29 1 0.352138 1
45 64 1 -2.57933 1
45 65 1 -0.137701 1
45 66 1 -1.11712 1
45 67 1 2.59701 1
45 68 1 -1.0419 1
45 69 1 -6.04038 1
45 70 1 -2.96073 1
45 71 1 0.65086 1
45 72 1 -5.24823 1
45 73 1 1.75073 1
45 74 1 3.646 1
45 75 1 4.12812 1
45 76 1 -2.39688 1
45 77 1 -1.8855 1
45 78 1 -0.653427 1
45 79 1 3.83908 1
45 80 1 -3.12795 1
45 81 1 1.99777 1
45 82 1 1.59393 1
45 83 1 -4.53556 1
45 84 1 0.453768 1
45 85 1 -3.60594 1
45 86 1 2.59994 1
45 87 1 0.154998 1
45 88 1 5.42692 1
45 89 1 -2.47715 1
45 90 1 -0.0462941 1
45 91 1 3.44288 1
45 92 1 -0.827977 1
45 93 1 -6.79366 1
45 94 1 2.01317 1
45 95 1 -4.75046 1
45 9 1 4.60692 1
45 20 1 0.0157951 1
45 17 1 -1.41256 1
46 64 1 2.01827 1
46 65 1 0.899812 1
46 66 1 3.05455 1
46 67 1 3.16286 1
46 68 1 -6.32188 1
46 69 1 -0.321824 1
46 70 1 3.23483 1
46 71 1 -2.10715 1
46 72 1 3.06715 1
46 73 1 -5.1668 1
46 74 1 -2.26258 1
46 75 1 -2.59294 1
46 76 1 -5.93304 1
46 77 1 4.37211 1
46 78 1 -1.02051 1
46 79 1 -1.30673 1
46 80 1 3.00558 1
46 81 1 0.549015 1
46 82 1 -1.24429 1
46 83 1 2.97879 1
46 84 1 -1.23988 1
46 85 1 3.05637 1
46 86 1 -2.14096 1
46 87 1 7.79044 1
46 88 1 -0.0768203 1
46 89 1 -5.79741 1
46 90 1 -3.75155 1
46 91 1 -0.0210216 1
46 92 1 -2.90784 1
46 93 1 -1.93049 1
46 94 1 1.47152 1
46 95 1 -0.193036 1
46 24 1 2.1378 1
47 64 1 -0.552362 1
47 65 1 0.00338275 1
47 66 1 -1.20048 1
47 67 1 2.14607 1
47 68 1 -0.507847 1
47 69 1 2.65398 1
47 70 1 -1.35152 1
47 71 1 0.487207 1
47 72 1 -1.64277 1
47 73 1 4.89621 0
47 74 1 -1.54455 1
47 75 1 -1.70384 1
47 76 1 -3.54845 1
47 77 1 -6.92007 1
47 78 1 -3.08772 1
47 79 1 -1.33215 1
47 80 1 5.66693 1
47 81 1 -3.10343 1
47 82 1 2.12935 1
47 83 1 0.31683 1
47 84 1 -3.82104 1
47 85 1 -2.02446 1
47 86 1 -3.27274 1
47 87 1 4.97726 1
47 88 1 4.78398 1
47 89 1 2.15027 1
47 90 1 6.74103 1
47 91 1 1.31766 1
47 92 1 2.06671 1
47 93 1 3.22718 1
47 94 1 2.81267 1
47 95 1 -0.7674 1
47 4 1 0.0795885 1
47 137 1 3.11549 1
137 73 1 3.17117 0
137 156 1 -1.18158 1
156 73 1 4.48141 1
156 15 1 0.469816 1
156 104 1 1.77196 1
48 64 1 0.518024 1
48 65 1 -2.03025 1
48 66 1 3.96116 1
48 67 1 -3.22725 1
48 68 1 -4.62551 1
48 69 1 -3.19524 1
48 70 1 1.72831 1
48 71 1 1.34458 1
48 72 1 -6.8864 1
48 73 1 3.84695 1
48 74 1 6.79423 1
48 75 1 -4.79274 1
48 76 1 -1.7722 1
48 77 1 -0.878842 1
48 78 1 -2.7867 1
48 79 1 1.8014 1
48 80 1 -1.32873 1
48 81 1 -4.25719 1
48 82 1 -1.57219 1
48 83 1 0.750572 1
48 84 1 0.86902 1
48 85 1 0.813465 1
48 86 1 -0.880101 1
48 87 1 0.395921 1
48 88 1 0.142213 1
48 89 1 -2.04974 1
48 90 1 1.60659 1
48 91 1 0.428414 1
48 92 1 -6.65908 1
48 93 1 0.446508 1
48 94 1 6.46203 1
48 95 1 5.03992 1
48 16 1 1.56299 1
48 12 1 0.0313592 1
48 14 1 -0.652939 1
48 30 1 0.719956 1
49 64 1 -0.255382 1
49 65 1 -6.32322 1
49 66 1 2.96289 1
49 67 1 -1.17143 1
49 68 1 -5.29856 1
49 69 1 0.321921 1
49 70 1 1.0552 1
49 71 1 -2.22381 1
49 72 1 -2.13478 1
49 73 1 0.60769 1
49 74 1 2.2844 1
49 75 1 -0.0716403 1
49 76 1 -6.00796 1
49 77 1 -4.39564 1
49 78 1 -2.22826 0
49 79 1 2.54855 1
49 80 1 6.24173 1
49 81 1 -1.48865 1
49 82 1 0.221694 1
49 83 1 -0.225304 1
49 84 1 1.3532 1
49 85 1 -2.1064 1
49 86 1 -3.15946 1
49 87 1 -1.83006 1
49 88 1 2.86802 1
49 89 1 3.66021 1
49 90 1 -2.50987 1
49 91 1 1.83336 1
49 92 1 0.42702 1
49 93 1 3.78641 1
49 94 1 2.48275 1
49 95 1 2.63188 1
49 19 1 0.141829 1
49 31 1 -0.657015 1
49 15 1 -4.06738 1
49 158 1 0.575207 1
49 26 1 0.122541 1
49 144 1 -3.63968 1
158 78 1 -2.26536 1
50 64 1 -3.05975 1
50 65 1 -2.21239 1
50 66 1 0.528882 1
50 67 1 0.769607 1
50 68 1 2.72515 1
50 69 1 -2.23076 1
50 70 1 1.68303 1
50 71 1 5.47663 1
50 72 1 -3.60943 1
50 73 1 2.7685 1
50 74 1 -0.500195 1
50 75 1 5.01414 1
50 76 1 -1.94055 1
50 77 1 -2.56832 1
50 78 1 1.05733 1
50 79 1 -2.80486 1
50 80 1 1.31303 1
50 81 1 2.97256 1
50 82 1 -2.10451 1
50 83 1 5.6892 1
50 84 1 1.08265 1
50 85 1 4.53156 1
50 86 1 4.88778 1
50 87 1 -1.59195 1
50 88 1 -1.43928 1
50 89 1 0.3893 1
50 90 1 -0.161298 1
50 91 1 1.15697 1
50 92 1 -0.574729 1
50 93 1 -2.40139 1
50 94 1 -2.16242 1
50 95 1 0.110827 1
50 4 1 4.33916 1
50 22 1 0.513581 1
51 64 1 -0.577276 1
51 65 1 5.57029 1
51 66 1 1.69348 1
51 67 1 -1.43792 1
51 68 1 1.21346 1
51 69 1 0.300956 1
51 70 1 0.846926 1
51 71 1 4.40167 1
51 72 1 -4.26701 1
51 73 1 -2.60472 0
51 74 1 -1.53825 1
51 75 1 4.59731 1
51 76 1 -3.06512 1
51 77 1 5.4528 1
51 78 1 7.03312 1
51 79 1 -1.31969 1
51 80 1 0.0576377 1
51 81 1 -2.8678 1
51 82 1 -0.633001 1
51 83 1 6.3347 1
51 84 1 -4.06996 1
51 85 1 0.593429 1
51 86 1 -1.40619 1
51 87 1 3.96333 1
51 88 1 -1.94056 0
51 89 1 0.999579 1
51 90 1 -1.12317 1
51 91 1 -2.44717 1
51 92 1 3.81027 1
51 93 1 5.87369 1
51 94 1 -4.52484 1
51 95 1 -2.44344 1
51 116 1 1.84933 1
51 12 1 -2.46745 1
51 179 1 0.242537 1
179 88 1 0.244078 1
116 73 1 1.45905 0
116 134 1 2.93252 1
134 73 1 3.29607 1
134 128 1 2.272 1
52 64 1 -2.13553 1
52 65 1 5.97681 1
52 66 1 -1.07749 1
52 67 1 0.202882 1
52 68 1 1.31676 1
52 69 1 6.305 1
52 70 1 3.052 1
52 71 1 -2.8707 1
52 72 1 0.332384 1
52 73 1 3.53141 1
52 74 1 2.6014 1
52 75 1 3.612 1
52 76 1 -4.91151 1
52 77 1 -0.0220944 1
52 78 1 4.04835 1
52 79 1 -2.7892 1
52 80 1 -1.80873 1
52 81 1 0.0332853 1
52 82 1 -1.58321 1
52 83 1 0.723965 1
52 84 1 -0.792952 1
52 85 1 -2.87812 1
52 86 1 -7.11813 1
52 87 1 0.627441 1
52 88 1 0.203226 1
52 89 1 1.13192 1
52 90 1 -0.0574818 1
52 91 1 -1.61748 1
52 92 1 1.42385 1
52 93 1 -4.13459 0
52 94 1 4.06821 1
52 95 1 -0.471412 1
52 115 1 0.904883 1
52 139 1 1.23613 1
52 23 1 -1.69945 1
139 93 1 -0.504965 0
139 181 1 0.136589 0
139 184 1 1.71973 1
184 181 1 -1.13149 1
184 15 1 1.1288 1
181 93 1 0.0614598 1
53 64 1 -5.15852 1
53 65 1 -0.788302 1
53 66 1 -2.8829 1
53 67 1 -1.691 1
53 68 1 -0.69777 1
53 69 1 1.46657 1
53 70 1 0.864509 0
53 71 1 0.235809 1
53 72 1 -0.377783 1
53 73 1 1.39145 1
53 74 1 -0.116056 1
53 75 1 -3.18574 1
53 76 1 0.350644 1
53 77 1 1.54549 1
53 78 1 0.846802 1
53 79 1 -0.317934 1
53 80 1 1.93563 1
53 81 1 2.94128 1
53 82 1 0.802802 1
53 83 1 -1.9418 1
53 84 1 2.314 1
53 85 1 2.82828 1
53 86 1 1.24742 1
53 87 1 -1.65535 1
53 88 1 1.37914 1
53 89 1 1.33455 1
53 90 1 -2.39652 1
53 91 1 0.735188 1
53 92 1 1.75454 1
53 93 1 -1.23994 1
53 94 1 -1.26334 1
53 95 1 -4.12626 1
53 20 1 4.8789 1
53 23 1 -1.36264 1
53 149 1 -0.523984 1
149 70 1 -2.14326 0
149 153 1 0.821757 1
149 126 1 -0.672821 1
153 70 1 1.47125 0
153 183 1 2.19327 1
183 70 1 0.503979 0
183 191 1 1.39419 1
191 70 1 0.270912 1
54 64 1 3.57265 1
54 65 1 2.00448 1
54 66 1 -1.00627 1
54 67 1 1.69105 1
54 68 1 1.93362 1
54 69 1 -4.35809 1
54 70 1 1.08529 1
54 71 1 3.9544 1
54 72 1 1.58822 1
54 73 1 0.508766 1
54 74 1 0.679531 1
54 75 1 -4.31694 1
54 76 1 -4.1756 1
54 77 1 0.309023 1
54 78 1 -1.97777 1
54 79 1 3.31288 1
54 80 1 1.29355 1
54 81 1 4.44268 1
54 82 1 -2.30947 1
54 83 1 3.48216 1
54 84 1 -1.02898 1
54 85 1 1.71379 1
54 86 1 -5.93759 1
54 87 1 0.370251 1
54 88 1 2.03126 1
54 89 1 4.34504 1
54 90 1 -3.00273 1
54 91 1 3.22225 1
54 92 1 -1.14569 1
54 93 1 5.18839 1
54 94 1 -2.57072 1
54 95 1 -1.85987 1
54 30 1 -0.553367 1
54 144 1 3.98629 1
54 16 1 0.22163 1
55 64 1 1.98842 1
55 65 1 -2.74612 1
55 66 1 -2.82067 1
55 67 1 -2.81961 1
55 68 1 2.23317 1
55 69 1 0.219919 1
55 70 1 3.16703 1
55 71 1 -5.00237 1
55 72 1 1.26445 1
55 73 1 -1.38989 1
55 74 1 2.60685 1
55 75 1 -3.14824 1
55 76 1 -5.74279 1
55 77 1 3.05606 1
55 78 1 1.91366 1
55 79 1 4.41453 1
55 80 1 -1.70823 1
55 81 1 1.14245 1
55 82 1 -2.01985 1
55 83 1 1.7057 1
55 84 1 -0.183388 1
55 85 1 -7.53732 1
55 86 1 -0.70998 1
55 87 1 -2.54983 1
55 88 1 -5.38916 1
55 89 1 0.80968 1
55 90 1 -0.958455 1
55 91 1 -0.499876 1
55 92 1 9.79246 1
55 93 1 -5.51667 1
55 94 1 -2.42179 1
55 95 1 -0.491115 0
55 28 1 3.89613 1
55 114 1 0.418101 1
55 0 1 -3.73986 1
55 2 1 -0.647107 1
114 95 1 -0.610196 1
56 64 1 4.25829 1
56 65 1 -11.6021 1
56 66 1 -1.20566 1
56 67 1 -1.42324 1
56 68 1 3.9497 0
56 69 1 -1.66033 1
56 70 1 2.81324 1
56 71 1 3.24879 1
56 72 1 -2.07636 1
56 73 1 1.84942 1
56 74 1 3.09991 1
56 75 1 6.94835 1
56 76 1 -3.7825 1
56 77 1 -2.0751 1
56 78 1 -3.50312 1
56 79 1 -1.68187 1
56 80 1 0.992709 1
56 81 1 5.2373 1
56 82 1 2.9186 1
56 83 1 -0.399036 1
56 84 1 -2.68758 1
56 85 1 -2.03283 1
56 86 1 2.97179 1
56 87 1 2.33237 1
56 88 1 1.99104 1
56 89 1 2.08881 1
56 90 1 1.1313 1
56 91 1 -1.0757 1
56 92 1 1.55763 1
56 93 1 2.72719 1
56 94 1 -1.87427 1
56 95 1 -1.87643 1
56 3 1 -3.2844 1
56 126 1 4.45571 1
56 0 1 -2.61444 1
126 68 1 2.93846 1
126 11 1 -3.59624 1
57 64 1 -5.07564 1
57 65 1 5.7203 1
57 66 1 -1.22629 1
57 67 1 -2.66329 1
57 68 1 -0.180902 1
57 69 1 -1.32612 0
57 70 1 0.118757 1
57 71 1 2.31521 1
57 72 1 3.59188 1
57 73 1 -2.1204 1
57 74 1 1.04467 1
57 75 1 6.4476 1
57 76 1 4.37816 1
57 77 1 -5.65866 1
57 78 1 0.70453 1
57 79 1 -1.44599 1
57 80 1 3.81255 1
57 81 1 4.92214 1
57 82 1 3.44667 1
57 83 1 -2.34588 1
57 84 1 0.885681 1
57 85 1 -4.57797 1
57 86 1 -1.39153 1
57 87 1 -0.938105 1
57 88 1 2.72137 1
57 89 1 0.91553 1
57 90 1 0.665271 1
57 91 1 -2.56144 1
57 92 1 -1.79706 1
57 93 1 -3.20284 1
57 94 1 -0.133822 1
57 95 1 3.67636 1
57 104 1 4.39013 1
57 22 1 0.923916 1
104 69 1 0.848772 0
104 1 1 2.79233 1
104 107 1 -0.400456 1
104 19 1 0.949198 1
104 193 1 1.40696 1
193 69 1 0.899078 1
58 64 1 7.45812 1
58 65 1 -3.83691 1
58 66 1 -1.81833 1
58 67 1 -0.489826 1
58 68 1 -5.28744 1
58 69 1 -1.83921 1
58 70 1 -0.635491 1
58 71 1 2.58708 1
58 72 1 1.57751 1
58 73 1 -3.23616 1
58 74 1 2.47668 1
58 75 1 1.61495 1
58 76 1 0.29567 1
58 77 1 3.99799 1
58 78 1 -2.63661 1
58 79 1 -0.670239 0
58 80 1 -2.57808 1
58 81 1 2.68004 1
58 82 1 1.3885 1
58 83 1 1.17908 1
58 84 1 -2.49246 1
58 85 1 2.03327 1
58 86 1 2.78557 1
58 87 1 -4.85401 1
58 88 1 -7.02348 1
58 89 1 -3.01347 1
58 90 1 1.30243 1
58 91 1 -2.43413 1
58 92 1 -0.377085 0
58 93 1 0.874453 1
58 94 1 -1.97351 1
58 95 1 2.21652 1
58 128 1 1.8634 1
58 115 1 -0.0619191 1
58 174 1 2.91721 1
174 92 1 -1.28724 1
128 79 1 -0.678393 0
128 131 1 1.7952 1
131 79 1 2.19745 0
131 160 1 -0.112886 1
131 7 1 1.11809 1
160 79 1 3.80685 0
160 125 1 2.26354 1
160 173 1 0.480426 1
173 79 1 2.1866 1
59 64 1 -2.50104 1
59 65 1 0.959344 1
59 66 1 5.50272 1
59 67 1 -2.28091 1
59 68 1 3.10674 1
59 69 1 -2.31815 1
59 70 1 -3.20173 1
59 71 1 0.199318 1
59 72 1 -0.8003 1
59 73 1 -1.71579 1
59 74 1 0.0134241 1
59 75 1 1.4282 1
59 76 1 2.83745 1
59 77 1 -0.477986 0
59 78 1 1.18888 1
59 79 1 -3.65213 1
59 80 1 0.991999 1
59 81 1 0.864166 1
59 82 1 -3.94787 1
59 83 1 6.93884 1
59 84 1 2.44911 1
59 85 1 -5.42283 1
59 86 1 -3.83019 1
59 87 1 1.16978 1
59 88 1 4.32934 1
59 89 1 -0.524344 1
59 90 1 -0.155794 1
59 91 1 -1.55793 1
59 92 1 0.804226 1
59 93 1 3.17578 1
59 94 1 -5.24162 1
59 95 1 2.67151 1
59 97 1 -0.642259 1
59 5 1 -5.42193 1
59 11 1 -4.26226 1
59 13 1 1.69402 1
97 77 1 -7.24804 1
97 22 1 1.28021 1
97 2 1 -6.75231 0
97 99 1 1.02168 1
97 7 1 4.08519 0
97 102 1 2.2533 1
97 17 1 2.17496 1
102 7 1 5.45151 1
99 2 1 -0.164337 0
99 108 1 5.46186 1
99 15 1 4.54152 1
108 2 1 0.318577 0
108 125 1 7.08255 1
108 0 1 -1.97199 1
125 2 1 2.3894 1
125 1 1 1.61993 1
60 64 1 0.711036 1
60 65 1 0.739773 1
60 66 1 1.69232 1
60 67 1 -1.55175 1
60 68 1 0.872058 1
60 69 1 2.41776 1
60 70 1 -0.798411 1
60 71 1 1.18389 1
60 72 1 -0.458694 0
60 73 1 1.53507 1
60 74 1 1.57579 1
60 75 1 0.827889 1
60 76 1 -1.80331 1
60 77 1 5.66959 1
60 78 1 -3.30421 1
60 79 1 -0.71126 1
60 80 1 -5.87872 1
60 81 1 -3.4365 1
60 82 1 -1.34756 1
60 83 1 2.39279 1
60 84 1 -4.32203 1
60 85 1 2.66925 1
60 86 1 3.32251 1
60 87 1 -1.37718 1
60 88 1 -5.32094 1
60 89 1 1.84008 1
60 90 1 -1.70497 1
60 91 1 0.534397 1
60 92 1 0.3782 1
60 93 1 -1.13806 1
60 94 1 -0.715378 1
60 95 1 0.421988 1
60 24 1 -0.563318 1
60 0 1 4.4184 1
60 115 1 2.87155 1
60 3 1 -3.14688 1
60 20 1 -0.63357 1
115 72 1 -1.76482 1
115 18 1 1.26465 1
115 14 1 3.32362 1
115 19 1 -1.09617 1
61 64 1 0.164755 1
61 65 1 -1.2623 1
61 66 1 2.90947 1
61 67 1 1.56071 1
61 68 1 -3.78315 1
61 69 1 3.48884 1
61 70 1 3.15062 1
61 71 1 1.11826 1
61 72 1 0.479533 1
61 73 1 0.812635 1
61 74 1 3.57672 1
61 75 1 6.54233 1
61 76 1 1.04919 1
61 77 1 -2.20055 0
61 78 1 -4.69259 1
61 79 1 1.58193 1
61 80 1 -2.64168 1
61 81 1 -0.509199 1
61 82 1 -2.22157 1
61 83 1 -0.755877 1
61 84 1 -2.94032 1
61 85 1 -0.820482 1
61 86 1 -0.205802 1
61 87 1 2.37155 1
61 88 1 -2.75337 1
61 89 1 1.29793 1
61 90 1 -3.47954 1
61 91 1 1.43415 1
61 92 1 -0.693869 1
61 93 1 1.15208 1
61 94 1 1.41747 1
61 95 1 -1.17494 1
61 107 1 0.767924 1
61 113 1 -0.314464 1
61 14 1 -2.91257 1
107 77 1 -5.07614 0
107 113 1 -0.62831 1
107 14 1 -1.80005 1
107 20 1 0.863418 1
113 77 1 -1.55344 0
113 23 1 -0.802874 1
113 147 1 2.09656 1
113 159 1 1.14708 1
159 77 1 -2.09295 0
159 161 1 0.919209 1
161 77 1 -2.39191 1
62 64 1 -0.457453 1
62 65 1 -2.99633 1
62 66 1 2.85087 1
62 67 1 -1.98049 1
62 68 1 2.35762 1
62 69 1 0.0907028 1
62 70 1 -1.53461 1
62 71 1 -5.74246 1
62 72 1 3.87969 1
62 73 1 3.80065 1
62 74 1 2.54907 1
62 75 1 -0.729465 1
62 76 1 3.03792 1
62 77 1 -3.47669 1
62 78 1 -1.89481 1
62 79 1 -2.14948 1
62 80 1 2.68232 1
62 81 1 0.199771 1
62 82 1 -1.73163 1
62 83 1 3.53884 1
62 84 1 -0.0408149 0
62 85 1 -0.0960534 1
62 86 1 3.7647 1
62 87 1 -1.4939 1
62 88 1 0.564642 1
62 89 1 -2.95449 1
62 90 1 -9.14614 1
62 91 1 0.134228 1
62 92 1 0.671928 1
62 93 1 -0.906879 1
62 94 1 -1.71325 1
62 95 1 -2.47575 1
62 5 1 0.58121 1
62 138 1 2.19236 0
62 152 1 0.507973 1
62 31 1 1.29914 1
152 138 1 1.89927 0
152 187 1 1.13022 1
187 138 1 1.87891 1
138 84 1 -1.51855 1
63 64 1 2.53864 1
63 65 1 -2.21153 1
63 66 1 6.28635 1
63 67 1 -3.42725 1
63 68 1 1.58705 1
63 69 1 -4.29142 1
63 70 1 -3.905 1
63 71 1 1.01896 1
63 72 1 0.802374 1
63 73 1 1.6589 1
63 74 1 -7.72087 1
63 75 1 0.357546 1
63 76 1 -0.0125966 0
63 77 1 0.285518 1
63 78 1 -0.656121 1
63 79 1 -0.679134 1
63 80 1 2.65463 1
63 81 1 -0.900662 1
63 82 1 3.00309 1
63 83 1 -4.8664 1
63 84 1 -2.80846 1
63 85 1 -5.73106 1
63 86 1 6.712 1
63 87 1 -3.59034 0
63 88 1 -1.9125 1
63 89 1 -1.54299 1
63 90 1 -0.00965602 1
63 91 1 -2.45754 1
63 92 1 0.77724 1
63 93 1 2.93452 1
63 94 1 1.07264 1
63 95 1 -1.23664 1
63 141 1 6.12636 1
63 144 1 1.3482 1
144 76 1 -0.829477 0
144 147 1 0.0689173 1
147 76 1 -1.7453 1
147 9 1 -3.53004 1
141 87 1 -5.54347 1
141 10 1 0.502213 1
