111 64 32
-0.599354 -0.867635 -2.49842 2.22786 -1.51577 2.45779 -0.661705 -0.598987 -1.25842 2.82725 1.35318 -0.0355688 -2.93778 -1.35606 -0.635627 -2.39943 -0.294692 -0.169111 -0.926157 -0.340789 -2.09125 -0.592046 -1.09485 0.334838 1.63533 0.182999 1.75909 1.0855 -1.01547 0.407946 -2.96378 -0.279337 0.0811203 2.51304 -0.360738 0.84485 -0.189147 -0.177804 -0.82262 -1.44283 0.420127 -1.09801 0.0809955 -1.14092 -1.02189 -0.717135 -0.726389 0.647541 0.637073 -0.663743 2.2761 -2.03398 -1.10516 -0.107751 3.16545 0.92519 -0.00571235 1.05964 0.437236 -0.691789 -0.374708 -0.983198 0.3451 -2.57066 -1.25116 2.23196 1.63334 0.607895 -2.23991 -1.34941 -2.67608 -1.68505 0.199547 -0.938226 0.426108 1.67446 -1.78189 1.01986 -0.0696389 -3.54046 1.8024 -0.00699938 -0.101284 -0.482401 0.261327 -0.958599 -0.15928 1.91564 0.797631 -0.278787 -1.14552 0.787372 -1.89973 0.598896 -0.757293 -1.21624 -0.76462 0.905815 -1.37419 0.298381 0.504028 -0.954231 -0.258347 -1.75364 -1.10079 0.709135 0.521458 -0.448529 -0.39335 -0.418136 0.109128 
0 64 1 -2.76766 1
0 65 1 -1.63456 1
0 66 1 0.897432 1
0 67 1 -1.58489 1
0 68 1 2.02279 1
0 69 1 0.774099 1
0 70 1 -1.3541 1
0 71 1 -0.316173 1
0 72 1 -1.33089 1
0 73 1 0.650031 1
0 74 1 -1.08411 1
0 75 1 0.104694 1
0 76 1 0.537128 1
0 77 1 1.50646 1
0 78 1 -0.492166 1
0 79 1 2.81561 1
0 80 1 -0.423572 1
0 81 1 0.996255 1
0 82 1 1.11908 1
0 83 1 -1.47259 1
0 84 1 -1.70706 1
0 85 1 0.969836 1
0 86 1 -0.508043 1
0 87 1 -0.285131 1
0 88 1 1.05988 1
0 89 1 2.26635 1
0 90 1 0.876579 1
0 91 1 0.90341 1
0 92 1 -0.922743 1
0 93 1 0.322734 1
0 94 1 0.82791 1
0 95 1 1.73689 1
1 64 1 0.360142 1
1 65 1 0.432448 1
1 66 1 0.920135 1
1 67 1 -0.479001 1
1 68 1 1.43638 1
1 69 1 3.21559 1
1 70 1 1.47123 1
1 71 1 -1.08803 1
1 72 1 0.725602 1
1 73 1 -0.667897 1
1 74 1 -0.511978 1
1 75 1 -1.09802 1
1 76 1 1.1527 1
1 77 1 3.34563 1
1 78 1 -1.24435 1
1 79 1 0.11116 1
1 80 1 -2.4322 1
1 81 1 0.0108726 1
1 82 1 0.0720646 1
1 83 1 -1.88076 1
1 84 1 0.429703 1
1 85 1 -0.369466 1
1 86 1 0.377148 1
1 87 1 -0.419736 1
1 88 1 -0.730631 1
1 89 1 2.147 1
1 90 1 1.49273 1
1 91 1 -0.775893 1
1 92 1 -0.998772 1
1 93 1 1.61258 1
1 94 1 -1.58335 1
1 95 1 -1.54149 1
2 64 1 0.458488 1
2 65 1 2.09802 1
2 66 1 -0.892274 1
2 67 1 -0.710799 1
2 68 1 -0.35635 1
2 69 1 1.2196 1
2 70 1 0.396865 1
2 71 1 1.12731 1
2 72 1 0.203321 1
2 73 1 -2.35738 1
2 74 1 -0.221329 1
2 75 1 -0.488276 1
2 76 1 -3.9721 1
2 77 1 0.979947 1
2 78 1 -1.44551 1
2 79 1 -1.63157 1
2 80 1 0.360682 1
2 81 1 -3.00481 1
2 82 1 0.538973 1
2 83 1 -0.947752 1
2 84 1 1.05108 1
2 85 1 0.936472 1
2 86 1 -2.33961 1
2 87 1 -0.890665 1
2 88 1 -0.0806926 1
2 89 1 -3.32244 1
2 90 1 -2.09331 1
2 91 1 -0.592921 1
2 92 1 1.14087 1
2 93 1 0.093867 1
2 94 1 1.70431 1
2 95 1 -0.223693 1
2 100 1 -0.391038 1
3 64 1 -1.48028 1
3 65 1 -1.07439 1
3 66 1 -0.642806 1
3 67 1 0.239798 1
3 68 1 1.4035 1
3 69 1 -1.64936 1
3 70 1 1.79935 1
3 71 1 1.9241 1
3 72 1 3.64679 1
3 73 1 0.506874 1
3 74 1 -0.466563 1
3 75 1 1.21367 1
3 76 1 4.01067 1
3 77 1 -0.585664 1
3 78 1 -1.46559 1
3 79 1 -0.934587 1
3 80 1 0.0682406 1
3 81 1 2.6721 1
3 82 1 3.53906 1
3 83 1 -0.584738 1
3 84 1 -0.284647 1
3 85 1 -0.864643 1
3 86 1 1.72743 1
3 87 1 -1.35521 1
3 88 1 2.27747 1
3 89 1 -0.0628682 1
3 90 1 -0.979326 1
3 91 1 -0.19279 1
3 92 1 -0.933746 1
3 93 1 -1.25998 1
3 94 1 0.217196 1
3 95 1 0.155893 0
3 110 1 0.865916 1
110 95 1 -0.0205152 1
4 64 1 1.12696 1
4 65 1 0.0586885 1
4 66 1 -2.06196 1
4 67 1 1.58313 1
4 68 1 -0.00188904 1
4 69 1 0.536477 1
4 70 1 0.943334 1
4 71 1 -0.147804 1
4 72 1 -0.111864 1
4 73 1 -0.355494 1
4 74 1 -0.202072 1
4 75 1 -1.4798 0
4 76 1 0.969601 1
4 77 1 2.30188 1
4 78 1 0.492755 1
4 79 1 -0.789532 1
4 80 1 -2.91221 1
4 81 1 -1.52664 1
4 82 1 0.00187029 1
4 83 1 0.4349 1
4 84 1 1.52329 1
4 85 1 2.42472 1
4 86 1 -1.52029 1
4 87 1 -2.59664 1
4 88 1 1.24094 1
4 89 1 -0.751178 1
4 90 1 0.00120183 1
4 91 1 -1.53911 1
4 92 1 -1.02801 1
4 93 1 1.5941 1
4 94 1 -0.618649 1
4 95 1 1.01485 1
4 101 1 1.4759 1
101 75 1 -0.656357 1
5 64 1 1.14202 1
5 65 1 0.361386 1
5 66 1 -0.0656044 1
5 67 1 2.42344 1
5 68 1 1.34516 1
5 69 1 1.41285 1
5 70 1 -1.50026 1
5 71 1 -0.857645 1
5 72 1 0.398954 1
5 73 1 -1.78771 1
5 74 1 0.830861 1
5 75 1 0.803906 1
5 76 1 0.682886 1
5 77 1 0.763974 1
5 78 1 -2.23809 1
5 79 1 1.71701 1
5 80 1 1.30932 1
5 81 1 0.882277 1
5 82 1 1.99017 1
5 83 1 2.31555 1
5 84 1 1.70891 1
5 85 1 0.87835 1
5 86 1 -0.169194 1
5 87 1 -0.138627 1
5 88 1 -0.539697 1
5 89 1 -0.618851 1
5 90 1 -0.775976 1
5 91 1 0.782086 1
5 92 1 -1.97761 1
5 93 1 -0.244208 1
5 94 1 -1.31583 1
5 95 1 -1.34462 1
6 64 1 1.14652 1
6 65 1 -1.24811 1
6 66 1 2.2502 1
6 67 1 -0.480752 1
6 68 1 -2.19077 1
6 69 1 -0.0623514 1
6 70 1 -1.97869 1
6 71 1 -0.734827 1
6 72 1 0.69836 1
6 73 1 -0.823368 1
6 74 1 -0.837215 1
6 75 1 -0.67541 1
6 76 1 2.65924 1
6 77 1 -0.396046 1
6 78 1 0.289728 1
6 79 1 -2.75721 1
6 80 1 0.493304 1
6 81 1 1.23996 1
6 82 1 -0.413347 1
6 83 1 1.73153 1
6 84 1 2.21701 1
6 85 1 -1.22567 1
6 86 1 -0.203543 1
6 87 1 1.47389 1
6 88 1 -0.486777 1
6 89 1 -1.86126 1
6 90 1 0.341907 1
6 91 1 -1.64063 1
6 92 1 0.972555 1
6 93 1 1.07345 1
6 94 1 -1.56419 1
6 95 1 0.978485 1
7 64 1 -0.0287284 1
7 65 1 -0.729703 1
7 66 1 -0.0896732 1
7 67 1 -1.1836 1
7 68 1 -1.13573 1
7 69 1 -1.34811 1
7 70 1 1.88686 1
7 71 1 0.404872 1
7 72 1 0.831078 1
7 73 1 0.337206 1
7 74 1 0.502367 1
7 75 1 -1.66892 1
7 76 1 2.1624 1
7 77 1 0.406479 1
7 78 1 1.07702 1
7 79 1 1.16131 1
7 80 1 -1.11594 1
7 81 1 -1.39101 1
7 82 1 -3.02186 1
7 83 1 -0.150445 0
7 84 1 -1.19144 1
7 85 1 1.21408 1
7 86 1 2.42908 1
7 87 1 -0.0669661 1
7 88 1 -1.6374 1
7 89 1 -0.432209 1
7 90 1 0.940825 1
7 91 1 -1.49284 1
7 92 1 -0.109194 1
7 93 1 0.700659 1
7 94 1 0.262675 1
7 95 1 2.69856 1
7 100 1 0.024979 1
100 83 1 -0.728211 1
100 24 1 -0.847931 0
100 106 1 1.01214 1
106 24 1 -1.12463 1
8 64 1 3.16054 1
8 65 1 -2.28923 1
8 66 1 -0.0501411 1
8 67 1 -0.121788 1
8 68 1 -0.467817 1
8 69 1 1.20566 1
8 70 1 -1.31754 1
8 71 1 0.572141 1
8 72 1 -0.024751 1
8 73 1 2.43235 1
8 74 1 0.375378 1
8 75 1 -2.44038 1
8 76 1 -1.43962 1
8 77 1 1.05153 1
8 78 1 -0.795401 1
8 79 1 -0.774067 1
8 80 1 0.129012 1
8 81 1 -0.181172 1
8 82 1 -0.265707 1
8 83 1 -1.91041 1
8 84 1 1.21909 1
8 85 1 2.51903 1
8 86 1 4.17861 1
8 87 1 -0.2246 1
8 88 1 -0.570452 1
8 89 1 3.10992 1
8 90 1 -0.309737 1
8 91 1 -0.508959 1
8 92 1 2.22825 1
8 93 1 2.05081 1
8 94 1 2.67585 1
8 95 1 -0.142141 1
9 64 1 1.13044 1
9 65 1 -0.57267 1
9 66 1 -0.0744149 1
9 67 1 0.599015 1
9 68 1 -1.80267 1
9 69 1 -0.153859 1
9 70 1 -2.69792 1
9 71 1 -1.0849 1
9 72 1 0.351729 1
9 73 1 -0.646394 1
9 74 1 0.978222 1
9 75 1 -2.24145 1
9 76 1 1.05053 1
9 77 1 -0.275735 1
9 78 1 -0.47502 1
9 79 1 1.46688 1
9 80 1 0.346276 1
9 81 1 -0.538114 1
9 82 1 -1.69623 1
9 83 1 -0.916373 1
9 84 1 2.58158 1
9 85 1 3.1656 1
9 86 1 -1.92278 1
9 87 1 0.475754 1
9 88 1 -0.771913 1
9 89 1 3.30261 1
9 90 1 -0.497129 1
9 91 1 -0.586169 1
9 92 1 -1.26085 1
9 93 1 -0.909812 1
9 94 1 -2.09038 1
9 95 1 -0.359692 1
10 64 1 -0.0512866 1
10 65 1 0.294955 1
10 66 1 2.09106 1
10 67 1 -0.110719 1
10 68 1 1.22994 1
10 69 1 0.0528198 1
10 70 1 0.351543 1
10 71 1 -0.807371 1
10 72 1 1.03037 1
10 73 1 0.897251 1
10 74 1 -0.201673 1
10 75 1 0.675524 1
10 76 1 -0.837468 1
10 77 1 2.00603 1
10 78 1 -2.88385 1
10 79 1 -1.19337 1
10 80 1 1.18945 1
10 81 1 0.0870239 1
10 82 1 0.910358 1
10 83 1 1.06482 1
10 84 1 1.42255 1
10 85 1 1.97511 1
10 86 1 -0.860857 1
10 87 1 1.33037 1
10 88 1 1.75088 1
10 89 1 -0.310136 1
10 90 1 -0.462918 1
10 91 1 0.469664 1
10 92 1 3.89576 1
10 93 1 -1.09225 1
10 94 1 2.90084 1
10 95 1 1.5629 1
11 64 1 2.26039 1
11 65 1 0.656907 1
11 66 1 0.0481504 1
11 67 1 -3.07623 1
11 68 1 2.50906 1
11 69 1 0.00532088 1
11 70 1 1.00333 1
11 71 1 -0.026482 1
11 72 1 1.0729 1
11 73 1 0.340019 1
11 74 1 -0.805198 1
11 75 1 -1.04686 1
11 76 1 -1.94097 1
11 77 1 0.621267 1
11 78 1 -1.46536 1
11 79 1 -1.27679 1
11 80 1 1.52306 1
11 81 1 1.64512 1
11 82 1 1.08009 1
11 83 1 -0.182649 1
11 84 1 3.46177 1
11 85 1 -1.55755 1
11 86 1 -1.02126 1
11 87 1 -0.758086 1
11 88 1 -1.60985 1
11 89 1 -1.9516 1
11 90 1 -0.558113 1
11 91 1 0.0764107 1
11 92 1 -1.00308 1
11 93 1 1.8245 1
11 94 1 0.679224 1
11 95 1 -0.53803 1
12 64 1 -1.55949 1
12 65 1 2.44327 1
12 66 1 -0.129152 1
12 67 1 -1.20379 1
12 68 1 0.0348189 1
12 69 1 1.0788 1
12 70 1 1.33341 1
12 71 1 1.0115 1
12 72 1 -0.260381 1
12 73 1 1.19422 1
12 74 1 0.968798 1
12 75 1 -2.00486 1
12 76 1 1.07892 1
12 77 1 0.89018 1
12 78 1 -0.991798 1
12 79 1 -2.3093 1
12 80 1 -1.33234 1
12 81 1 0.207601 1
12 82 1 0.159725 1
12 83 1 0.0585459 1
12 84 1 -1.63119 1
12 85 1 -0.780789 1
12 86 1 0.246851 1
12 87 1 0.831264 1
12 88 1 0.665089 1
12 89 1 1.38916 1
12 90 1 0.936843 1
12 91 1 -1.47294 1
12 92 1 0.177862 1
12 93 1 -2.09399 1
12 94 1 -1.47391 1
12 95 1 0.427898 1
13 64 1 -1.12748 1
13 65 1 -1.12259 1
13 66 1 -0.74666 1
13 67 1 -0.0453952 1
13 68 1 1.57325 1
13 69 1 -1.29594 1
13 70 1 -0.0324004 1
13 71 1 2.81157 1
13 72 1 -0.685148 1
13 73 1 -2.66882 1
13 74 1 -0.00868061 1
13 75 1 0.487125 1
13 76 1 0.555768 1
13 77 1 -0.808078 1
13 78 1 -0.108351 1
13 79 1 -0.994253 1
13 80 1 -0.784964 1
13 81 1 -0.674848 1
13 82 1 0.504061 1
13 83 1 -0.780988 1
13 84 1 -0.855635 1
13 85 1 -1.04297 1
13 86 1 3.1404 1
13 87 1 3.55732 1
13 88 1 0.17261 1
13 89 1 0.096668 1
13 90 1 -3.43273 1
13 91 1 -0.905602 1
13 92 1 -1.31061 1
13 93 1 -1.72991 1
13 94 1 -0.228577 1
13 95 1 -2.31647 1
14 64 1 -2.72199 1
14 65 1 0.552732 1
14 66 1 -0.187652 1
14 67 1 -1.18802 1
14 68 1 -0.907978 1
14 69 1 2.41645 1
14 70 1 0.777057 1
14 71 1 1.94258 1
14 72 1 -0.568011 1
14 73 1 -1.02321 1
14 74 1 1.813 1
14 75 1 -0.454179 1
14 76 1 0.0820206 1
14 77 1 0.0156649 1
14 78 1 -1.66132 1
14 79 1 1.9565 1
14 80 1 2.18042 1
14 81 1 0.976957 1
14 82 1 2.47954 1
14 83 1 -3.21147 1
14 84 1 0.80582 1
14 85 1 -1.27144 1
14 86 1 3.05881 1
14 87 1 -0.438538 1
14 88 1 -1.53799 1
14 89 1 -0.736563 1
14 90 1 2.27059 1
14 91 1 3.92729 1
14 92 1 1.079 1
14 93 1 1.95658 1
14 94 1 3.75607 1
14 95 1 -0.313691 1
15 64 1 -1.22619 1
15 65 1 -0.314545 1
15 66 1 -2.0799 1
15 67 1 0.655855 1
15 68 1 1.10313 1
15 69 1 1.79775 1
15 70 1 3.1198 1
15 71 1 -0.804696 1
15 72 1 -3.10036 1
15 73 1 0.407688 1
15 74 1 -1.79744 1
15 75 1 -2.14074 1
15 76 1 -0.372856 1
15 77 1 1.1637 1
15 78 1 -0.646547 1
15 79 1 -0.349967 1
15 80 1 0.908666 1
15 81 1 1.28968 1
15 82 1 -1.64706 1
15 83 1 0.895706 1
15 84 1 1.32356 1
15 85 1 -0.236882 1
15 86 1 0.0137414 1
15 87 1 -1.17998 1
15 88 1 1.38264 1
15 89 1 0.0269679 1
15 90 1 0.843528 1
15 91 1 -0.47559 1
15 92 1 -0.572634 1
15 93 1 0.845181 1
15 94 1 1.77141 1
15 95 1 1.83466 1
16 64 1 0.923121 1
16 65 1 -2.02777 1
16 66 1 -4.02864 1
16 67 1 -2.05045 1
16 68 1 2.53187 1
16 69 1 -0.19007 1
16 70 1 1.90068 1
16 71 1 1.52551 1
16 72 1 -1.37816 1
16 73 1 -0.923252 1
16 74 1 1.31513 1
16 75 1 -1.87895 1
16 76 1 -1.74265 1
16 77 1 0.66066 1
16 78 1 0.446179 1
16 79 1 -1.47816 1
16 80 1 -3.08352 1
16 81 1 2.20281 1
16 82 1 -1.63094 1
16 83 1 0.797028 1
16 84 1 0.345663 1
16 85 1 -0.00484269 1
16 86 1 -2.03114 1
16 87 1 -0.433996 1
16 88 1 2.03448 1
16 89 1 1.38128 1
16 90 1 -1.01941 1
16 91 1 0.649698 1
16 92 1 1.15528 1
16 93 1 -0.528991 1
16 94 1 1.52481 1
16 95 1 -1.9976 1
17 64 1 -2.41651 1
17 65 1 -1.1008 1
17 66 1 -0.469699 1
17 67 1 0.845429 1
17 68 1 -0.787277 1
17 69 1 0.817079 1
17 70 1 1.89826 1
17 71 1 1.50226 1
17 72 1 -3.95078 1
17 73 1 1.5708 1
17 74 1 1.14193 1
17 75 1 0.0950128 1
17 76 1 -2.99185 1
17 77 1 0.21714 1
17 78 1 1.13638 1
17 79 1 -2.85026 1
17 80 1 1.27676 1
17 81 1 1.53069 1
17 82 1 -1.68851 1
17 83 1 -0.301334 1
17 84 1 -1.679 1
17 85 1 -0.063941 1
17 86 1 1.94198 1
17 87 1 1.81699 1
17 88 1 -0.913065 1
17 89 1 -0.669338 1
17 90 1 -2.71855 1
17 91 1 2.09697 1
17 92 1 0.617081 1
17 93 1 -0.0151155 1
17 94 1 1.0337 1
17 95 1 -0.650373 1
18 64 1 0.45435 1
18 65 1 0.82168 1
18 66 1 0.00885883 1
18 67 1 -0.367062 1
18 68 1 0.770857 1
18 69 1 -0.262448 1
18 70 1 -0.400427 1
18 71 1 0.432373 1
18 72 1 2.12674 1
18 73 1 -0.828833 1
18 74 1 1.99231 1
18 75 1 0.345621 1
18 76 1 0.630844 1
18 77 1 1.49273 1
18 78 1 0.819785 1
18 79 1 -1.04694 1
18 80 1 0.826414 1
18 81 1 2.21964 1
18 82 1 -1.22661 1
18 83 1 -0.962554 1
18 84 1 0.606921 1
18 85 1 -2.36223 1
18 86 1 0.738578 1
18 87 1 -0.0424081 1
18 88 1 1.42545 1
18 89 1 0.79135 1
18 90 1 -0.625104 1
18 91 1 0.816099 1
18 92 1 -0.668694 1
18 93 1 -0.0853101 1
18 94 1 0.0469 1
18 95 1 -0.693984 1
18 25 1 -1.40355 1
19 64 1 -0.262577 1
19 65 1 -0.0282301 1
19 66 1 2.22031 1
19 67 1 -2.58244 1
19 68 1 -2.17662 1
19 69 1 0.963407 1
19 70 1 -1.01334 1
19 71 1 0.172032 1
19 72 1 1.99138 1
19 73 1 0.321406 1
19 74 1 -0.127205 1
19 75 1 -1.22068 1
19 76 1 -1.1264 1
19 77 1 -1.02397 1
19 78 1 -1.36356 1
19 79 1 1.47599 1
19 80 1 -1.03068 1
19 81 1 -2.49688 1
19 82 1 0.276263 1
19 83 1 -2.43972 1
19 84 1 1.69412 1
19 85 1 -0.182034 1
19 86 1 0.097051 1
19 87 1 2.0809 1
19 88 1 0.526058 1
19 89 1 3.43297 1
19 90 1 -0.373248 1
19 91 1 -0.368871 1
19 92 1 0.544476 1
19 93 1 -3.5814 1
19 94 1 -2.2981 1
19 95 1 -3.21591 1
20 64 1 1.8166 1
20 65 1 0.393077 1
20 66 1 0.919164 1
20 67 1 -0.299179 1
20 68 1 0.250259 1
20 69 1 -1.6232 1
20 70 1 -2.1965 1
20 71 1 -1.20784 1
20 72 1 0.0716979 1
20 73 1 -0.538342 1
20 74 1 1.06935 1
20 75 1 0.633942 1
20 76 1 -1.48258 1
20 77 1 0.118085 1
20 78 1 1.459 1
20 79 1 0.925228 1
20 80 1 -0.275401 1
20 81 1 -0.52643 1
20 82 1 2.56737 1
20 83 1 2.41714 1
20 84 1 0.446982 1
20 85 1 -0.739033 1
20 86 1 0.795919 1
20 87 1 -0.103235 1
20 88 1 0.222345 1
20 89 1 1.0585 1
20 90 1 0.829039 1
20 91 1 -1.12581 0
20 92 1 -1.27272 1
20 93 1 3.2555 0
20 94 1 -0.139061 0
20 95 1 -0.391463 1
20 96 1 -0.284664 1
20 98 1 0.405842 1
20 103 1 2.7003 1
103 91 1 -0.964716 0
103 105 1 1.55714 1
105 91 1 -0.530225 1
98 93 1 -0.165002 1
98 99 1 -0.0840312 1
96 94 1 -0.215232 1
21 64 1 -0.887046 1
21 65 1 0.894438 1
21 66 1 -0.737892 1
21 67 1 -1.73565 1
21 68 1 -0.835884 1
21 69 1 1.81404 1
21 70 1 -1.37114 1
21 71 1 -1.44446 1
21 72 1 -0.405054 1
21 73 1 -0.435841 1
21 74 1 -2.14288 1
21 75 1 -1.77135 1
21 76 1 0.288088 1
21 77 1 0.872873 1
21 78 1 -1.33505 1
21 79 1 -1.26079 1
21 80 1 -0.11042 1
21 81 1 -0.0950781 1
21 82 1 -1.12206 1
21 83 1 -0.573289 1
21 84 1 3.58482 1
21 85 1 -0.492612 1
21 86 1 1.36237 1
21 87 1 -0.0550161 1
21 88 1 1.80395 1
21 89 1 2.84187 1
21 90 1 1.55785 1
21 91 1 -0.311755 1
21 92 1 0.71627 1
21 93 1 -0.987407 1
21 94 1 0.00449302 1
21 95 1 0.369053 1
22 64 1 1.4391 1
22 65 1 2.3347 1
22 66 1 0.973586 1
22 67 1 2.22382 1
22 68 1 -1.68066 1
22 69 1 -0.479845 1
22 70 1 -1.20421 1
22 71 1 1.72665 1
22 72 1 -1.79403 1
22 73 1 -0.91386 1
22 74 1 -1.28643 1
22 75 1 1.31726 1
22 76 1 1.79357 1
22 77 1 0.449197 1
22 78 1 1.71797 1
22 79 1 2.23713 1
22 80 1 -1.3496 1
22 81 1 -3.04026 1
22 82 1 0.705983 1
22 83 1 -0.151155 1
22 84 1 -1.2592 1
22 85 1 -0.489217 1
22 86 1 0.194329 1
22 87 1 2.93296 1
22 88 1 -0.0188531 1
22 89 1 0.0414427 1
22 90 1 2.41852 1
22 91 1 0.820329 1
22 92 1 0.76975 1
22 93 1 0.819174 1
22 94 1 0.606528 1
22 95 1 3.03426 1
23 64 1 -0.997883 1
23 65 1 -0.0251696 1
23 66 1 1.00775 1
23 67 1 -0.57074 1
23 68 1 -1.77573 1
23 69 1 0.772875 1
23 70 1 1.26336 1
23 71 1 -2.39062 1
23 72 1 0.625383 1
23 73 1 0.432689 1
23 74 1 1.62602 1
23 75 1 -0.00684882 1
23 76 1 -0.156766 1
23 77 1 1.22594 1
23 78 1 1.45682 1
23 79 1 -3.4659 1
23 80 1 0.571399 1
23 81 1 -0.459231 1
23 82 1 -1.29326 1
23 83 1 0.433893 1
23 84 1 0.991745 1
23 85 1 -0.171461 1
23 86 1 -4.40984 1
23 87 1 0.26393 1
23 88 1 0.95891 1
23 89 1 -0.0877404 1
23 90 1 -0.564162 1
23 91 1 0.0712019 1
23 92 1 -0.26548 1
23 93 1 0.605283 1
23 94 1 -0.167384 1
23 95 1 -1.05412 1
23 107 1 0.166105 1
24 64 1 -2.07451 1
24 65 1 -0.487122 1
24 66 1 -1.16208 1
24 67 1 2.88906 1
24 68 1 -2.45549 1
24 69 1 1.42775 1
24 70 1 -2.00117 1
24 71 1 2.84503 1
24 72 1 0.796011 1
24 73 1 1.06975 1
24 74 1 -1.00852 1
24 75 1 0.89848 1
24 76 1 2.5135 1
24 77 1 -2.35661 1
24 78 1 -2.00898 1
24 79 1 0.344668 1
24 80 1 0.173576 1
24 81 1 0.577711 1
24 82 1 3.1341 1
24 83 1 -2.88852 1
24 84 1 -1.02875 1
24 85 1 -0.410557 1
24 86 1 -1.94097 1
24 87 1 2.01095 1
24 88 1 -1.21079 1
24 89 1 -0.0456989 1
24 90 1 1.85564 1
24 91 1 -0.172346 1
24 92 1 1.13007 1
24 93 1 1.12131 1
24 94 1 -0.123287 1
24 95 1 1.26984 1
24 5 1 3.4169 1
25 64 1 -1.46182 1
25 65 1 1.28381 1
25 66 1 -0.769089 1
25 67 1 0.672665 1
25 68 1 3.44888 1
25 69 1 -4.20474 1
25 70 1 2.27005 1
25 71 1 -2.66249 1
25 72 1 -0.533443 1
25 73 1 -0.665176 1
25 74 1 0.563824 1
25 75 1 -1.34795 1
25 76 1 2.08065 1
25 77 1 1.39441 1
25 78 1 1.76132 1
25 79 1 -2.00426 1
25 80 1 1.69712 1
25 81 1 -0.0235284 1
25 82 1 -0.684456 1
25 83 1 1.07683 1
25 84 1 -1.10295 1
25 85 1 -2.33803 1
25 86 1 1.11956 1
25 87 1 0.30971 1
25 88 1 0.907426 1
25 89 1 1.69337 1
25 90 1 -1.38866 1
25 91 1 -1.70239 1
25 92 1 -0.156225 1
25 93 1 0.159611 1
25 94 1 -0.916448 1
25 95 1 0.00582443 1
25 8 1 1.82498 1
25 6 1 0.848183 1
26 64 1 -0.00311536 1
26 65 1 0.173153 1
26 66 1 0.160612 1
26 67 1 1.95888 1
26 68 1 1.9005 1
26 69 1 2.64305 1
26 70 1 -1.22765 1
26 71 1 0.194843 1
26 72 1 -1.46329 1
26 73 1 0.594806 1
26 74 1 0.101495 1
26 75 1 1.8508 1
26 76 1 -0.598097 1
26 77 1 -2.71423 1
26 78 1 -0.00350135 1
26 79 1 -2.43934 1
26 80 1 0.088687 1
26 81 1 2.58886 1
26 82 1 0.297653 1
26 83 1 1.9752 1
26 84 1 -1.78805 1
26 85 1 -0.233365 1
26 86 1 -1.3569 1
26 87 1 0.975608 1
26 88 1 -0.894774 1
26 89 1 -0.0523699 1
26 90 1 -1.77838 1
26 91 1 -2.3058 1
26 92 1 -1.28847 1
26 93 1 -2.57784 1
26 94 1 0.934733 1
26 95 1 -0.373633 1
26 23 1 2.40939 1
27 64 1 -3.14608 1
27 65 1 1.85677 1
27 66 1 -0.375319 1
27 67 1 0.240745 1
27 68 1 -1.10816 1
27 69 1 -1.56518 1
27 70 1 1.5838 1
27 71 1 -2.56139 1
27 72 1 -2.62312 1
27 73 1 2.04317 1
27 74 1 -0.740735 1
27 75 1 2.54893 1
27 76 1 -1.89081 1
27 77 1 -1.55835 1
27 78 1 3.39363 1
27 79 1 0.130817 1
27 80 1 0.394951 1
27 81 1 0.0562627 1
27 82 1 -0.250342 1
27 83 1 -0.381237 1
27 84 1 1.00505 1
27 85 1 -1.49414 1
27 86 1 0.103111 1
27 87 1 0.830753 1
27 88 1 -3.32871 1
27 89 1 -0.248792 1
27 90 1 0.323876 1
27 91 1 -0.36783 1
27 92 1 -2.5406 1
27 93 1 -1.19696 1
27 94 1 1.23401 1
27 95 1 0.00122228 1
27 9 1 2.33227 1
28 64 1 0.500126 1
28 65 1 0.278886 1
28 66 1 0.55461 1
28 67 1 1.15975 1
28 68 1 0.0411813 1
28 69 1 2.70456 1
28 70 1 -1.82472 1
28 71 1 -0.68623 1
28 72 1 -0.925687 1
28 73 1 0.404952 1
28 74 1 0.259814 1
28 75 1 -0.249969 1
28 76 1 0.0576859 1
28 77 1 -0.948759 1
28 78 1 0.789022 1
28 79 1 0.482545 1
28 80 1 3.79553 1
28 81 1 -0.741676 1
28 82 1 0.655792 1
28 83 1 -0.707975 1
28 84 1 0.0566996 1
28 85 1 -2.04122 1
28 86 1 -2.1031 1
28 87 1 -0.150848 1
28 88 1 -3.34979 1
28 89 1 -1.32476 1
28 90 1 -1.31285 1
28 91 1 -1.62481 1
28 92 1 1.1971 1
28 93 1 -1.62913 1
28 94 1 -0.34101 1
28 95 1 -1.20636 1
29 64 1 0.494041 1
29 65 1 -0.440851 1
29 66 1 0.817147 1
29 67 1 1.15526 1
29 68 1 -1.31776 1
29 69 1 0.970276 1
29 70 1 -0.0101611 1
29 71 1 -0.5367 1
29 72 1 0.517725 1
29 73 1 1.11984 1
29 74 1 0.461022 1
29 75 1 1.45748 1
29 76 1 -0.0767898 1
29 77 1 0.798393 1
29 78 1 -2.70816 1
29 79 1 0.390524 1
29 80 1 0.0146176 1
29 81 1 -0.0872396 1
29 82 1 -0.723892 1
29 83 1 -0.0507462 1
29 84 1 -0.268425 1
29 85 1 -0.0808378 1
29 86 1 -0.767784 1
29 87 1 -3.77148 1
29 88 1 0.514461 1
29 89 1 0.764846 1
29 90 1 -2.48375 1
29 91 1 1.38077 1
29 92 1 -0.0657415 1
29 93 1 0.863165 1
29 94 1 0.363139 1
29 95 1 -0.978458 1
30 64 1 0.997762 1
30 65 1 1.58111 1
30 66 1 -0.550394 1
30 67 1 1.08409 1
30 68 1 1.26675 1
30 69 1 0.239753 1
30 70 1 -0.715397 1
30 71 1 1.89998 1
30 72 1 -1.05781 1
30 73 1 4.77722 1
30 74 1 0.829026 1
30 75 1 0.968359 1
30 76 1 -0.2598 1
30 77 1 -1.38999 1
30 78 1 -0.602 1
30 79 1 -0.25991 1
30 80 1 1.11482 1
30 81 1 -1.47054 1
30 82 1 1.16146 1
30 83 1 4.07647 1
30 84 1 1.74191 1
30 85 1 -1.18953 1
30 86 1 -1.70764 1
30 87 1 -3.17738 1
30 88 1 0.731486 1
30 89 1 -1.5802 1
30 90 1 0.77269 1
30 91 1 2.39907 1
30 92 1 0.759644 1
30 93 1 0.585687 1
30 94 1 2.61115 1
30 95 1 0.229993 1
31 64 1 1.19951 1
31 65 1 0.0374746 1
31 66 1 -0.93661 1
31 67 1 3.73092 1
31 68 1 4.7742 1
31 69 1 -0.0198647 1
31 70 1 -1.12196 1
31 71 1 1.58829 1
31 72 1 -2.513 1
31 73 1 -2.0044 1
31 74 1 -0.484761 1
31 75 1 -0.974736 1
31 76 1 -1.73443 1
31 77 1 -1.31554 1
31 78 1 -0.32523 1
31 79 1 0.0688054 1
31 80 1 -0.0732633 1
31 81 1 0.235103 1
31 82 1 2.66501 1
31 83 1 -0.740234 1
31 84 1 -1.62597 1
31 85 1 0.307846 1
31 86 1 0.791089 1
31 87 1 2.00604 1
31 88 1 0.665875 1
31 89 1 0.880299 1
31 90 1 1.0164 1
31 91 1 0.232575 1
31 92 1 -1.67101 1
31 93 1 1.53287 1
31 94 1 -0.173674 1
31 95 1 -0.700753 1
32 64 1 1.94175 1
32 65 1 0.877689 1
32 66 1 -1.82322 1
32 67 1 0.780928 1
32 68 1 0.959907 1
32 69 1 2.74819 1
32 70 1 0.725007 1
32 71 1 1.48159 1
32 72 1 -3.71299 1
32 73 1 -0.121052 1
32 74 1 0.465734 1
32 75 1 1.20569 1
32 76 1 -2.07651 1
32 77 1 -0.852064 1
32 78 1 -1.93924 1
32 79 1 2.18525 1
32 80 1 0.410501 1
32 81 1 -2.51658 1
32 82 1 0.942651 1
32 83 1 -0.0116893 1
32 84 1 -0.73722 1
32 85 1 -1.22879 1
32 86 1 0.114347 1
32 87 1 1.03447 1
32 88 1 -0.612185 1
32 89 1 -2.83868 1
32 90 1 -0.485984 1
32 91 1 -0.215876 1
32 92 1 1.70381 1
32 93 1 -2.83524 1
32 94 1 1.6881 1
32 95 1 -0.432395 1
33 64 1 0.804174 1
33 65 1 -2.95001 1
33 66 1 -0.143379 1
33 67 1 -0.636231 1
33 68 1 -1.48992 1
33 69 1 -1.56249 1
33 70 1 3.35647 1
33 71 1 0.52237 1
33 72 1 0.428617 1
33 73 1 0.864557 1
33 74 1 2.4505 1
33 75 1 -1.83821 1
33 76 1 -0.195795 1
33 77 1 2.63141 1
33 78 1 -1.59288 1
33 79 1 -1.121 1
33 80 1 1.13263 1
33 81 1 0.00631619 1
33 82 1 -0.301118 1
33 83 1 0.230995 1
33 84 1 1.64685 1
33 85 1 2.16902 1
33 86 1 -1.06489 1
33 87 1 2.19878 1
33 88 1 2.19275 1
33 89 1 1.37441 1
33 90 1 -0.748421 1
33 91 1 1.44507 1
33 92 1 1.09993 1
33 93 1 1.51305 1
33 94 1 1.65195 1
33 95 1 -0.368508 1
34 64 1 0.347448 1
34 65 1 0.866872 1
34 66 1 -0.829085 1
34 67 1 1.08114 1
34 68 1 2.10243 1
34 69 1 0.462026 1
34 70 1 -1.87539 1
34 71 1 -0.013459 1
34 72 1 0.849606 1
34 73 1 -0.108608 1
34 74 1 -0.0384868 1
34 75 1 2.0614 1
34 76 1 -2.19179 1
34 77 1 0.476858 1
34 78 1 0.186285 1
34 79 1 0.330922 1
34 80 1 1.08768 1
34 81 1 0.867628 1
34 82 1 -0.0103322 1
34 83 1 1.21094 1
34 84 1 0.352889 1
34 85 1 0.520646 1
34 86 1 0.341592 1
34 87 1 -0.660046 1
34 88 1 1.54397 1
34 89 1 -0.684148 1
34 90 1 -1.05895 1
34 91 1 1.13262 1
34 92 1 -1.4952 1
34 93 1 -2.85355 1
34 94 1 1.42227 1
34 95 1 0.0245652 1
35 64 1 -0.867644 1
35 65 1 1.33895 1
35 66 1 0.818386 1
35 67 1 -0.157476 1
35 68 1 0.680106 1
35 69 1 1.75929 1
35 70 1 0.517048 1
35 71 1 0.466629 1
35 72 1 -0.885307 1
35 73 1 1.53929 1
35 74 1 1.41707 1
35 75 1 -1.31351 1
35 76 1 -0.357032 1
35 77 1 1.82002 1
35 78 1 -2.6928 1
35 79 1 -1.7349 1
35 80 1 -3.97558 1
35 81 1 0.115613 1
35 82 1 3.3668 1
35 83 1 0.102854 1
35 84 1 0.813876 1
35 85 1 -1.51192 1
35 86 1 -0.745997 1
35 87 1 -0.473839 1
35 88 1 -0.931595 1
35 89 1 1.5286 1
35 90 1 -1.9599 1
35 91 1 -3.35376 1
35 92 1 0.579626 1
35 93 1 0.737811 1
35 94 1 -0.137341 1
35 95 1 -0.0975842 1
36 64 1 -0.999067 1
36 65 1 0.652468 1
36 66 1 -0.545288 1
36 67 1 0.0275854 1
36 68 1 -0.447231 1
36 69 1 0.200809 1
36 70 1 -0.408889 1
36 71 1 2.70104 1
36 72 1 -0.641215 1
36 73 1 0.956114 1
36 74 1 2.23592 1
36 75 1 0.237059 1
36 76 1 -0.493501 1
36 77 1 -1.2212 1
36 78 1 1.96732 1
36 79 1 2.78256 1
36 80 1 -0.499427 1
36 81 1 0.510269 1
36 82 1 -0.00991088 0
36 83 1 -2.30753 1
36 84 1 0.685251 1
36 85 1 -0.0232234 1
36 86 1 -0.576313 1
36 87 1 -1.12419 1
36 88 1 2.4094 1
36 89 1 -0.396708 1
36 90 1 -1.57186 1
36 91 1 -0.471281 1
36 92 1 2.52937 1
36 93 1 0.153871 1
36 94 1 -1.23637 1
36 95 1 2.01571 1
36 109 1 1.07582 1
36 24 1 -0.252013 1
109 82 1 1.03703 1
37 64 1 -2.90114 1
37 65 1 -0.82672 1
37 66 1 -2.91933 1
37 67 1 -3.16023 1
37 68 1 -0.823617 1
37 69 1 1.5913 1
37 70 1 -0.870573 1
37 71 1 -1.13631 1
37 72 1 -0.105562 1
37 73 1 0.361644 1
37 74 1 -1.02676 1
37 75 1 0.0446437 1
37 76 1 1.26574 1
37 77 1 0.699295 1
37 78 1 0.258456 1
37 79 1 0.672335 1
37 80 1 1.95719 1
37 81 1 0.532744 1
37 82 1 4.80506 1
37 83 1 0.0897116 1
37 84 1 -1.5561 1
37 85 1 1.47301 1
37 86 1 -1.47548 1
37 87 1 0.137683 1
37 88 1 -0.721474 1
37 89 1 1.35557 1
37 90 1 -1.20179 1
37 91 1 -1.84206 1
37 92 1 1.12608 1
37 93 1 -1.15994 1
37 94 1 -0.817751 1
37 95 1 -1.27245 1
38 64 1 0.324095 1
38 65 1 -2.40688 1
38 66 1 -1.42124 1
38 67 1 0.208987 1
38 68 1 0.65036 1
38 69 1 0.126576 1
38 70 1 2.10274 1
38 71 1 0.666325 1
38 72 1 0.749572 1
38 73 1 -0.398203 1
38 74 1 0.304971 1
38 75 1 1.11718 1
38 76 1 2.46724 1
38 77 1 -1.36443 1
38 78 1 0.230489 1
38 79 1 -1.16895 1
38 80 1 -1.80338 1
38 81 1 -0.314193 1
38 82 1 -1.30503 1
38 83 1 -0.488654 1
38 84 1 -0.11733 1
38 85 1 -0.876768 1
38 86 1 -0.158898 1
38 87 1 0.319148 1
38 88 1 2.03606 1
38 89 1 1.9288 1
38 90 1 -1.28522 1
38 91 1 2.60594 1
38 92 1 0.287135 1
38 93 1 0.690115 1
38 94 1 -0.882337 1
38 95 1 -0.579687 1
39 64 1 0.455789 1
39 65 1 -0.365276 1
39 66 1 0.0875652 1
39 67 1 -1.72153 1
39 68 1 -0.32064 1
39 69 1 1.03649 1
39 70 1 -1.3995 1
39 71 1 0.263274 1
39 72 1 0.407892 1
39 73 1 -0.140222 1
39 74 1 1.3171 1
39 75 1 0.662512 1
39 76 1 -0.273686 1
39 77 1 -1.97292 1
39 78 1 0.344346 1
39 79 1 -0.274987 1
39 80 1 -0.132694 1
39 81 1 -1.95997 1
39 82 1 -0.487531 1
39 83 1 1.40773 1
39 84 1 2.08492 1
39 85 1 -1.42134 1
39 86 1 -0.173682 1
39 87 1 0.790239 1
39 88 1 -1.24222 1
39 89 1 0.783194 1
39 90 1 2.83246 1
39 91 1 -2.06101 1
39 92 1 1.44181 1
39 93 1 -0.132417 1
39 94 1 0.188269 1
39 95 1 0.191517 1
39 2 1 -2.9438 1
40 64 1 -3.7011 1
40 65 1 0.214344 1
40 66 1 -0.689332 1
40 67 1 1.76661 1
40 68 1 2.76043 1
40 69 1 -1.17109 1
40 70 1 -2.3431 1
40 71 1 0.532776 1
40 72 1 2.04328 1
40 73 1 0.0833632 1
40 74 1 -0.693514 1
40 75 1 -0.947041 1
40 76 1 -0.0371167 1
40 77 1 0.466191 1
40 78 1 1.17227 1
40 79 1 -1.89306 1
40 80 1 1.18223 1
40 81 1 0.604575 1
40 82 1 0.344522 1
40 83 1 -0.926915 1
40 84 1 -0.0275094 1
40 85 1 2.35281 1
40 86 1 1.44612 1
40 87 1 0.508236 1
40 88 1 -1.54348 1
40 89 1 -0.419162 1
40 90 1 0.931934 1
40 91 1 -0.718909 1
40 92 1 -0.413667 1
40 93 1 2.27537 1
40 94 1 -0.908281 1
40 95 1 1.24635 1
41 64 1 2.6463 1
41 65 1 0.103148 1
41 66 1 1.98741 1
41 67 1 -1.44792 1
41 68 1 -0.677232 1
41 69 1 0.119806 1
41 70 1 0.176631 1
41 71 1 1.91916 1
41 72 1 3.7607 1
41 73 1 -2.07585 1
41 74 1 -1.83525 1
41 75 1 0.992883 1
41 76 1 0.155759 1
41 77 1 -0.891633 1
41 78 1 -1.83061 1
41 79 1 -2.86364 1
41 80 1 2.18778 1
41 81 1 -0.397925 1
41 82 1 -0.378897 1
41 83 1 0.622032 1
41 84 1 0.0672393 1
41 85 1 -0.741384 1
41 86 1 0.0635345 1
41 87 1 -0.39392 1
41 88 1 3.64107 1
41 89 1 -0.44965 1
41 90 1 -0.474192 1
41 91 1 1.06452 1
41 92 1 -0.615403 1
41 93 1 0.341508 1
41 94 1 0.470228 1
41 95 1 -1.52758 1
41 11 1 0.516636 1
42 64 1 0.461678 1
42 65 1 -0.28241 1
42 66 1 0.675584 1
42 67 1 0.592498 1
42 68 1 1.33359 1
42 69 1 -1.05583 1
42 70 1 -0.575046 1
42 71 1 0.217123 1
42 72 1 -2.69965 1
42 73 1 -1.25902 1
42 74 1 0.775358 1
42 75 1 0.811889 1
42 76 1 -1.38499 1
42 77 1 1.0105 1
42 78 1 -1.35328 1
42 79 1 -1.31353 1
42 80 1 0.0193551 1
42 81 1 1.09748 1
42 82 1 1.51058 1
42 83 1 1.74731 1
42 84 1 1.38909 1
42 85 1 0.824563 1
42 86 1 0.333205 1
42 87 1 -1.1918 1
42 88 1 1.72309 1
42 89 1 -0.425426 1
42 90 1 0.699851 1
42 91 1 1.42481 1
42 92 1 -0.144136 1
42 93 1 1.04506 1
42 94 1 -1.08571 1
42 95 1 -1.80886 1
43 64 1 -0.286115 1
43 65 1 -0.441076 1
43 66 1 0.686509 1
43 67 1 0.614166 1
43 68 1 -1.5488 1
43 69 1 -3.00125 1
43 70 1 0.478873 1
43 71 1 -1.71056 1
43 72 1 -0.182036 1
43 73 1 -0.826683 1
43 74 1 0.313672 1
43 75 1 -1.88745 1
43 76 1 2.18888 1
43 77 1 1.19 1
43 78 1 0.557295 1
43 79 1 0.0615416 1
43 80 1 -1.24348 1
43 81 1 0.0164928 1
43 82 1 0.158642 1
43 83 1 -0.386624 1
43 84 1 1.42051 1
43 85 1 1.92753 1
43 86 1 -0.938861 1
43 87 1 3.1591 1
43 88 1 -0.343885 1
43 89 1 2.43448 1
43 90 1 -0.348092 1
43 91 1 -2.10531 1
43 92 1 1.07823 1
43 93 1 1.48764 1
43 94 1 -0.987304 1
43 95 1 -0.857417 1
44 64 1 1.43571 1
44 65 1 -2.84909 1
44 66 1 0.592902 1
44 67 1 -0.34749 1
44 68 1 -1.41737 1
44 69 1 0.238392 1
44 70 1 0.192359 1
44 71 1 0.326575 1
44 72 1 -1.91823 1
44 73 1 0.590763 1
44 74 1 -1.3449 1
44 75 1 -0.282632 1
44 76 1 0.570217 1
44 77 1 1.60493 1
44 78 1 0.57952 1
44 79 1 0.829989 1
44 80 1 1.25579 1
44 81 1 0.496196 1
44 82 1 1.63401 1
44 83 1 -1.03745 1
44 84 1 1.87454 1
44 85 1 0.757231 1
44 86 1 1.27266 1
44 87 1 -1.56878 1
44 88 1 0.390977 1
44 89 1 -1.30843 1
44 90 1 1.06436 1
44 91 1 -0.735489 1
44 92 1 -0.152641 1
44 93 1 2.2266 1
44 94 1 -0.479526 1
44 95 1 -0.295654 1
44 8 1 -0.28982 1
45 64 1 0.783303 1
45 65 1 0.802882 1
45 66 1 -0.362474 1
45 67 1 -1.51411 1
45 68 1 -1.82098 1
45 69 1 -4.79215 1
45 70 1 -0.573051 1
45 71 1 -0.414143 1
45 72 1 -1.18419 1
45 73 1 2.09835 1
45 74 1 2.53561 1
45 75 1 1.9438 1
45 76 1 0.722958 1
45 77 1 -0.0116221 1
45 78 1 -2.48211 1
45 79 1 0.876439 1
45 80 1 -1.43058 1
45 81 1 0.059154 1
45 82 1 0.81635 1
45 83 1 0.449485 1
45 84 1 -0.0930314 1
45 85 1 -1.45927 1
45 86 1 1.29098 1
45 87 1 0.0220076 1
45 88 1 -0.9917 1
45 89 1 -1.57597 1
45 90 1 -0.999451 1
45 91 1 0.517434 1
45 92 1 -2.0537 1
45 93 1 -2.06611 1
45 94 1 0.975435 1
45 95 1 -0.506185 1
45 9 1 0.988667 1
46 64 1 0.741892 1
46 65 1 1.01318 1
46 66 1 0.357142 1
46 67 1 1.05237 1
46 68 1 -1.96842 1
46 69 1 -1.33817 1
46 70 1 0.733228 1
46 71 1 -0.875887 1
46 72 1 -0.879601 1
46 73 1 -1.57521 1
46 74 1 -2.9895 1
46 75 1 -0.669347 1
46 76 1 -1.71002 1
46 77 1 0.980587 1
46 78 1 -0.57474 1
46 79 1 0.202456 1
46 80 1 0.470236 1
46 81 1 -1.3937 1
46 82 1 -0.0260114 1
46 83 1 1.44347 1
46 84 1 -0.98421 1
46 85 1 -0.0361821 1
46 86 1 -2.211 1
46 87 1 -0.399759 1
46 88 1 -1.21999 1
46 89 1 -2.02236 1
46 90 1 0.325006 1
46 91 1 -1.21198 1
46 92 1 -2.13462 1
46 93 1 -0.13896 1
46 94 1 0.730722 1
46 95 1 0.780412 1
47 64 1 0.540159 1
47 65 1 0.745701 1
47 66 1 -0.740248 1
47 67 1 1.18005 1
47 68 1 -0.676249 1
47 69 1 2.95685 1
47 70 1 -0.935078 1
47 71 1 0.866126 1
47 72 1 1.4385 1
47 73 1 1.2693 1
47 74 1 -0.563 1
47 75 1 -0.0558124 1
47 76 1 -0.667219 1
47 77 1 -4.20813 1
47 78 1 0.0559787 1
47 79 1 0.0633651 1
47 80 1 -0.562122 1
47 81 1 -1.98213 1
47 82 1 0.224418 1
47 83 1 -0.0395083 1
47 84 1 -0.656864 1
47 85 1 1.26554 1
47 86 1 -0.868539 1
47 87 1 0.780228 1
47 88 1 -1.82214 1
47 89 1 0.264973 1
47 90 1 0.748406 1
47 91 1 0.78139 1
47 92 1 1.46685 1
47 93 1 -0.81584 1
47 94 1 1.32038 1
47 95 1 -1.60474 1
47 4 1 -1.00031 1
48 64 1 -0.427361 1
48 65 1 -0.0734595 1
48 66 1 -0.847141 1
48 67 1 -1.90147 1
48 68 1 -1.34958 1
48 69 1 -1.14243 1
48 70 1 1.43214 1
48 71 1 1.96599 1
48 72 1 -0.750225 1
48 73 1 2.25566 1
48 74 1 2.93019 1
48 75 1 -0.908756 1
48 76 1 -0.651185 1
48 77 1 -1.47709 1
48 78 1 0.625007 1
48 79 1 -0.456771 1
48 80 1 0.886172 1
48 81 1 0.207318 1
48 82 1 0.0553668 1
48 83 1 1.21167 1
48 84 1 -1.00629 1
48 85 1 1.80179 1
48 86 1 -0.214519 1
48 87 1 -0.511044 1
48 88 1 -1.39571 1
48 89 1 0.739437 1
48 90 1 -0.269165 1
48 91 1 0.515116 1
48 92 1 -1.91901 1
48 93 1 -1.00432 1
48 94 1 -0.166831 1
48 95 1 -1.32413 1
48 16 1 1.30166 1
48 12 1 -0.0820975 1
49 64 1 0.889787 1
49 65 1 -1.66001 1
49 66 1 -1.43381 1
49 67 1 1.48876 1
49 68 1 2.0677 1
49 69 1 2.00487 1
49 70 1 0.371087 1
49 71 1 -2.20768 1
49 72 1 -1.80567 1
49 73 1 1.38877 1
49 74 1 0.152044 1
49 75 1 0.398661 1
49 76 1 -2.49733 1
49 77 1 -0.990121 1
49 78 1 -0.479004 1
49 79 1 2.71451 1
49 80 1 3.79193 1
49 81 1 -2.52759 1
49 82 1 0.306299 1
49 83 1 1.97657 1
49 84 1 1.26826 1
49 85 1 -1.28031 1
49 86 1 -0.0742457 1
49 87 1 -2.2709 1
49 88 1 -2.70346 1
49 89 1 0.0278421 1
49 90 1 1.38163 1
49 91 1 0.539421 1
49 92 1 -0.468308 1
49 93 1 0.471555 1
49 94 1 -0.0304108 1
49 95 1 1.81885 1
49 19 1 0.126987 1
50 64 1 -3.67845 1
50 65 1 -0.938548 1
50 66 1 1.88661 1
50 67 1 -1.07483 1
50 68 1 0.312275 1
50 69 1 0.477883 1
50 70 1 2.15026 1
50 71 1 2.0647 1
50 72 1 -1.81421 1
50 73 1 2.51685 1
50 74 1 1.49617 1
50 75 1 2.01681 1
50 76 1 -1.22574 1
50 77 1 0.370804 1
50 78 1 1.06203 1
50 79 1 -1.50954 1
50 80 1 -0.422155 1
50 81 1 -1.33553 1
50 82 1 -0.959873 1
50 83 1 3.05565 1
50 84 1 -0.986436 1
50 85 1 1.55828 1
50 86 1 0.0831955 1
50 87 1 -1.81745 1
50 88 1 -2.69511 1
50 89 1 0.296807 1
50 90 1 -1.3252 1
50 91 1 0.410114 1
50 92 1 0.241728 1
50 93 1 2.12702 1
50 94 1 -1.20517 1
50 95 1 1.97884 1
50 4 1 -1.7704 1
51 64 1 -1.91555 1
51 65 1 1.26581 1
51 66 1 -0.0792744 1
51 67 1 -1.64928 1
51 68 1 -1.0541 1
51 69 1 -0.167843 1
51 70 1 -0.941302 1
51 71 1 2.01246 1
51 72 1 0.354835 1
51 73 1 -0.756433 1
51 74 1 -1.33908 1
51 75 1 3.48432 1
51 76 1 -0.472382 1
51 77 1 0.689528 1
51 78 1 -0.62177 1
51 79 1 1.09402 1
51 80 1 1.30325 1
51 81 1 -1.64631 1
51 82 1 -0.312606 1
51 83 1 1.92661 1
51 84 1 -0.911557 1
51 85 1 -0.145783 1
51 86 1 -0.207399 1
51 87 1 0.264454 1
51 88 1 0.0603981 1
51 89 1 -1.00063 1
51 90 1 -0.794528 1
51 91 1 -0.868511 1
51 92 1 -0.224428 1
51 93 1 2.42823 1
51 94 1 -2.72853 1
51 95 1 0.060174 1
52 64 1 -1.40879 1
52 65 1 0.356727 1
52 66 1 2.15689 1
52 67 1 0.0928283 1
52 68 1 -0.312486 1
52 69 1 2.03217 1
52 70 1 0.612874 1
52 71 1 -1.90598 1
52 72 1 -1.57417 1
52 73 1 2.31725 1
52 74 1 2.15857 1
52 75 1 0.373211 1
52 76 1 -1.62329 1
52 77 1 0.175871 1
52 78 1 -1.69816 1
52 79 1 -0.900146 1
52 80 1 -1.40435 1
52 81 1 -0.12149 1
52 82 1 -1.90692 1
52 83 1 -1.22055 1
52 84 1 -0.343984 1
52 85 1 -1.44701 1
52 86 1 -1.80514 1
52 87 1 1.67848 1
52 88 1 -0.838764 1
52 89 1 0.221411 1
52 90 1 -1.1527 1
52 91 1 0.446567 1
52 92 1 -1.49387 1
52 93 1 -0.105579 1
52 94 1 -0.0782893 1
52 95 1 -0.73064 1
53 64 1 -1.24106 1
53 65 1 1.33412 1
53 66 1 0.367125 1
53 67 1 -2.4229 1
53 68 1 -0.552622 1
53 69 1 3.30497 1
53 70 1 0.566307 1
53 71 1 -0.469175 1
53 72 1 1.09475 1
53 73 1 0.0107592 1
53 74 1 1.35436 1
53 75 1 -1.39439 1
53 76 1 1.73623 1
53 77 1 1.57787 1
53 78 1 0.721361 1
53 79 1 0.346512 1
53 80 1 -1.23901 1
53 81 1 -0.485752 1
53 82 1 0.812491 1
53 83 1 0.759044 1
53 84 1 1.15337 1
53 85 1 -0.898169 1
53 86 1 0.107989 1
53 87 1 -0.664116 1
53 88 1 -2.1205 1
53 89 1 -0.701883 1
53 90 1 -1.67128 1
53 91 1 -0.712376 1
53 92 1 0.199962 1
53 93 1 1.07916 1
53 94 1 0.591951 1
53 95 1 -1.81925 1
53 20 1 1.66431 1
54 64 1 1.22468 1
54 65 1 1.52054 1
54 66 1 0.22214 1
54 67 1 1.19467 1
54 68 1 0.0215916 1
54 69 1 -0.748795 1
54 70 1 -0.193328 1
54 71 1 0.46971 1
54 72 1 0.97457 1
54 73 1 -0.985954 1
54 74 1 -0.597711 1
54 75 1 -1.23488 1
54 76 1 0.050172 1
54 77 1 1.48572 1
54 78 1 0.550232 1
54 79 1 -0.491534 1
54 80 1 0.284694 1
54 81 1 -1.88844 1
54 82 1 -1.42248 1
54 83 1 1.63657 1
54 84 1 1.02046 1
54 85 1 0.0579485 1
54 86 1 -0.914865 1
54 87 1 0.519712 1
54 88 1 3.52426 1
54 89 1 0.300469 1
54 90 1 -1.16344 1
54 91 1 1.18578 1
54 92 1 -0.252458 1
54 93 1 -0.0844498 1
54 94 1 0.640215 1
54 95 1 1.47006 1
54 30 1 0.374527 1
55 64 1 0.184917 1
55 65 1 -1.26805 1
55 66 1 2.07485 1
55 67 1 1.04096 1
55 68 1 -1.0648 1
55 69 1 1.98897 1
55 70 1 3.14358 1
55 71 1 -3.65424 1
55 72 1 1.0544 1
55 73 1 -0.956747 1
55 74 1 3.34538 1
55 75 1 -3.98342 1
55 76 1 -3.3687 1
55 77 1 1.18804 1
55 78 1 -1.69965 1
55 79 1 -0.212734 1
55 80 1 0.348458 1
55 81 1 -1.21313 1
55 82 1 -0.992934 1
55 83 1 -1.1318 1
55 84 1 -0.911499 1
55 85 1 0.853219 1
55 86 1 0.140734 1
55 87 1 2.41407 1
55 88 1 -1.6219 1
55 89 1 -2.08333 1
55 90 1 0.804567 1
55 91 1 0.475458 1
55 92 1 1.16957 1
55 93 1 -1.99066 1
55 94 1 -0.718864 1
55 95 1 -2.88773 1
55 28 1 -0.127875 1
56 64 1 1.25229 1
56 65 1 0.860155 1
56 66 1 0.0731129 1
56 67 1 0.0672353 1
56 68 1 1.25804 1
56 69 1 0.358057 1
56 70 1 0.400837 1
56 71 1 0.421984 1
56 72 1 0.38513 1
56 73 1 -0.895925 1
56 74 1 -0.263396 1
56 75 1 2.75905 1
56 76 1 -0.0870367 1
56 77 1 -0.22618 1
56 78 1 -1.14287 1
56 79 1 0.0416604 1
56 80 1 -0.984145 1
56 81 1 1.31546 1
56 82 1 1.45079 1
56 83 1 -1.22089 1
56 84 1 -0.0153479 1
56 85 1 -1.89075 1
56 86 1 -0.217352 1
56 87 1 -2.38592 1
56 88 1 1.29553 1
56 89 1 -2.29748 1
56 90 1 0.230162 1
56 91 1 -0.640238 1
56 92 1 0.98412 1
56 93 1 1.75177 1
56 94 1 -1.73385 1
56 95 1 1.02404 1
56 3 1 0.118359 1
57 64 1 -1.67245 1
57 65 1 1.11562 1
57 66 1 -2.5844 1
57 67 1 1.23542 1
57 68 1 3.98481 1
57 69 1 -0.754851 0
57 70 1 1.81599 1
57 71 1 -0.276549 1
57 72 1 -0.381313 1
57 73 1 -2.02882 1
57 74 1 0.334192 1
57 75 1 3.31207 1
57 76 1 1.18684 1
57 77 1 -2.77604 1
57 78 1 -0.770776 1
57 79 1 -1.07569 1
57 80 1 2.45875 1
57 81 1 0.794452 1
57 82 1 0.0263011 1
57 83 1 -2.64666 1
57 84 1 0.57862 1
57 85 1 -3.82294 1
57 86 1 -0.249631 1
57 87 1 0.849375 1
57 88 1 -1.92481 1
57 89 1 2.54855 1
57 90 1 0.84177 1
57 91 1 -0.604554 1
57 92 1 0.165494 1
57 93 1 2.1673 1
57 94 1 2.98903 1
57 95 1 1.24187 1
57 104 1 0.425313 1
104 69 1 -0.294849 1
58 64 1 0.204568 1
58 65 1 -0.722353 1
58 66 1 -0.529459 1
58 67 1 -0.910139 1
58 68 1 1.34038 1
58 69 1 -1.6794 1
58 70 1 -0.92339 1
58 71 1 -0.826416 1
58 72 1 0.852159 1
58 73 1 -1.99309 1
58 74 1 1.60032 1
58 75 1 1.51245 1
58 76 1 -1.09345 1
58 77 1 -1.97636 1
58 78 1 0.111354 1
58 79 1 -1.49232 1
58 80 1 0.632444 1
58 81 1 0.431409 1
58 82 1 0.771293 1
58 83 1 -0.745956 1
58 84 1 1.79895 1
58 85 1 0.352443 1
58 86 1 0.153106 1
58 87 1 -1.16271 1
58 88 1 -0.544619 1
58 89 1 -1.84546 1
58 90 1 0.0189152 1
58 91 1 0.734987 1
58 92 1 1.73128 1
58 93 1 0.655373 1
58 94 1 -3.22586 1
58 95 1 1.00491 1
59 64 1 -0.962202 1
59 65 1 -0.624926 1
59 66 1 0.991248 1
59 67 1 -1.08694 1
59 68 1 -0.700972 1
59 69 1 -1.80158 1
59 70 1 -1.66394 1
59 71 1 0.316566 1
59 72 1 -1.24986 1
59 73 1 -1.3675 1
59 74 1 2.2263 1
59 75 1 1.47385 1
59 76 1 1.52912 1
59 77 1 -0.957637 0
59 78 1 -2.05775 1
59 79 1 -0.141331 1
59 80 1 0.434923 1
59 81 1 -0.669072 1
59 82 1 -1.59983 1
59 83 1 0.964616 1
59 84 1 0.39916 1
59 85 1 -0.021741 1
59 86 1 -0.152252 1
59 87 1 1.42439 1
59 88 1 1.00394 1
59 89 1 0.379581 1
59 90 1 1.92802 1
59 91 1 -0.423954 1
59 92 1 2.31288 1
59 93 1 0.552416 1
59 94 1 0.0474989 1
59 95 1 1.90713 1
59 97 1 1.98695 1
59 5 1 0.207471 1
59 11 1 0.297401 1
97 77 1 -1.79071 1
97 22 1 -1.87323 1
97 2 1 -1.45986 0
97 99 1 0.539419 1
97 7 1 0.0681573 0
97 102 1 2.13088 1
102 7 1 -0.0328628 1
99 2 1 0.244937 0
99 108 1 1.4877 1
108 2 1 1.32224 1
60 64 1 1.55357 1
60 65 1 -0.127484 1
60 66 1 -0.334031 1
60 67 1 -0.30449 1
60 68 1 1.66388 1
60 69 1 2.03216 1
60 70 1 -1.09468 1
60 71 1 -1.67708 1
60 72 1 -2.11855 1
60 73 1 -1.65351 1
60 74 1 -0.546197 1
60 75 1 1.49933 1
60 76 1 0.120959 1
60 77 1 3.06236 1
60 78 1 -0.795495 1
60 79 1 0.190582 1
60 80 1 -2.01973 1
60 81 1 1.43259 1
60 82 1 -2.54528 1
60 83 1 0.608299 1
60 84 1 -2.2976 1
60 85 1 -0.247417 1
60 86 1 1.0395 1
60 87 1 -0.10742 1
60 88 1 -1.29435 1
60 89 1 -1.89081 1
60 90 1 -2.15357 1
60 91 1 0.528734 1
60 92 1 -0.580763 1
60 93 1 1.19151 1
60 94 1 0.297363 1
60 95 1 -1.99773 1
60 24 1 0.100691 1
61 64 1 -1.20881 1
61 65 1 -0.244521 1
61 66 1 0.652311 1
61 67 1 -0.3209 1
61 68 1 -1.75091 1
61 69 1 0.347405 1
61 70 1 -0.694983 1
61 71 1 0.736404 1
61 72 1 -1.32897 1
61 73 1 -0.00941663 1
61 74 1 1.357 1
61 75 1 -0.238576 1
61 76 1 1.10415 1
61 77 1 -1.23305 0
61 78 1 1.922 1
61 79 1 -1.47193 1
61 80 1 -0.38208 1
61 81 1 0.369323 1
61 82 1 1.39863 1
61 83 1 0.592024 1
61 84 1 0.189314 1
61 85 1 1.24484 1
61 86 1 0.675924 1
61 87 1 0.53447 1
61 88 1 1.7374 1
61 89 1 1.81286 1
61 90 1 -0.369596 1
61 91 1 1.25402 1
61 92 1 -1.32061 1
61 93 1 -0.106342 1
61 94 1 0.981322 1
61 95 1 2.1992 1
61 107 1 1.48393 1
107 77 1 -2.2489 1
62 64 1 1.81895 1
62 65 1 -1.63679 1
62 66 1 0.89997 1
62 67 1 -0.235607 1
62 68 1 -1.02734 1
62 69 1 0.745125 1
62 70 1 -0.984794 1
62 71 1 -1.31416 1
62 72 1 0.560703 1
62 73 1 2.01876 1
62 74 1 1.62489 1
62 75 1 -0.466905 1
62 76 1 -1.71308 1
62 77 1 -1.04655 1
62 78 1 -0.778626 1
62 79 1 1.80121 1
62 80 1 -0.0952263 1
62 81 1 -0.777176 1
62 82 1 -0.731992 1
62 83 1 -0.109852 1
62 84 1 -0.74139 1
62 85 1 -0.104799 1
62 86 1 2.69684 1
62 87 1 -0.897934 1
62 88 1 -0.167639 1
62 89 1 -0.777401 1
62 90 1 -4.6393 1
62 91 1 -0.434808 1
62 92 1 -1.4336 1
62 93 1 1.98497 1
62 94 1 -0.547836 1
62 95 1 -0.248017 1
62 5 1 -0.692712 1
63 64 1 2.78601 1
63 65 1 0.100062 1
63 66 1 2.56936 1
63 67 1 2.09136 1
63 68 1 0.256168 1
63 69 1 -2.39943 1
63 70 1 -0.403789 1
63 71 1 1.76213 1
63 72 1 0.666083 1
63 73 1 0.227163 1
63 74 1 -0.899853 1
63 75 1 -0.110823 1
63 76 1 -1.50212 1
63 77 1 1.33976 1
63 78 1 -0.833592 1
63 79 1 -0.979004 1
63 80 1 0.464181 1
63 81 1 1.03983 1
63 82 1 1.382 1
63 83 1 -1.9892 1
63 84 1 -1.48376 1
63 85 1 -3.85265 1
63 86 1 2.24087 1
63 87 1 -0.513212 1
63 88 1 0.377475 1
63 89 1 -0.556946 1
63 90 1 1.35585 1
63 91 1 0.218258 1
63 92 1 -1.04775 1
63 93 1 0.105823 1
63 94 1 -1.18684 1
63 95 1 2.18304 1
