198 64 32
3.65843 -1.40851 -2.55333 3.95153 -6.87529 3.87241 0.437829 3.92053 -1.26824 7.72885 3.1218 7.30161 -4.15129 -3.43655 -1.05847 -3.36177 1.26302 0.280289 1.08595 -0.957731 -1.00147 0.044228 -0.822182 0.691166 -5.37107 -0.144177 4.91596 2.83113 -3.68415 -3.62263 -3.72922 -1.16312 -0.672678 1.71248 -0.0432106 4.38828 -3.82735 0.67423 -1.97614 -1.39812 -3.32367 1.73086 -1.05966 -2.77751 -6.23101 -6.01397 -6.44411 1.99735 0.310469 4.23149 1.68184 -3.2705 -3.60786 -1.14578 -0.418568 1.554 -1.7659 2.93087 1.53172 -2.67041 1.16356 -3.30465 -4.19601 -2.90924 -4.00579 -2.85832 3.38341 1.60144 -3.92619 1.63249 -2.67176 -6.19616 -4.05339 -2.93641 2.05853 5.24925 -0.475168 -2.87235 0.00305458 -7.00539 -0.919202 0.83362 -3.8047 3.00475 0.850496 0.745656 -3.33085 0.17736 3.44461 0.823145 -3.00003 0.404707 -0.791112 -0.287804 1.20461 0.847594 -1.16632 -2.06541 -2.43795 -2.5129 1.73236 -2.67906 -6.31416 -0.781765 -4.48088 0.790503 -2.17307 -4.548 -2.57049 -1.09846 -1.02081 3.96703 1.46001 -6.15866 1.16454 -2.02207 -1.36308 -0.0561145 0.164736 -1.4619 3.2164 -1.5071 -0.824023 0.0827625 1.77364 5.05413 -0.351304 0.770946 0.224847 2.66418 0.660204 -0.598774 -0.551583 1.23354 -1.24757 -0.841518 0.264824 0.356186 -4.09679 -1.49131 3.95568 -2.39025 -2.34921 -2.05168 0.839933 2.87409 1.49681 -5.05522 -0.560407 -2.79829 -1.66047 -2.53007 -0.734837 -0.176903 -0.295145 -0.986065 -0.396537 0.389914 -1.31318 0.0489338 1.44699 1.5011 1.09801 2.04281 2.01706 -0.727823 0.907144 -0.473809 -0.596873 0.174421 0.101084 0.134707 2.17537 -0.693409 -1.88402 0.170404 -1.4109 -0.455678 0.312816 0.726859 0.748857 0.999362 0.374908 -0.764303 -1.52809 -0.105128 -0.105119 0.0282393 0.386459 -0.658524 0.0550467 0.531662 -0.762508 0.350744 -0.548238 0.34705 -0.158059 -0.25134 
0 64 1 -4.39104 1
0 65 1 2.44961 1
0 66 1 3.19491 1
0 67 1 1.13884 1
0 68 1 -1.13512 1
0 69 1 1.7923 1
0 70 1 3.26335 1
0 71 1 2.5718 1
0 72 1 1.82623 1
0 73 1 -0.185252 1
0 74 1 -1.45433 1
0 75 1 2.36677 1
0 76 1 3.05051 1
0 77 1 2.10246 1
0 78 1 -0.702945 1
0 79 1 0.606237 1
0 80 1 4.90681 1
0 81 1 3.94371 1
0 82 1 5.6774 1
0 83 1 0.606885 1
0 84 1 -1.27267 1
0 85 1 4.24627 1
0 86 1 -3.66023 1
0 87 1 -3.95512 1
0 88 1 3.77235 1
0 89 1 3.98551 1
0 90 1 4.64996 1
0 91 1 5.47317 1
0 92 1 -3.95654 1
0 93 1 -0.523171 1
0 94 1 3.16126 1
0 95 1 -1.32992 1
0 10 1 -2.01335 1
1 64 1 -0.150043 1
1 65 1 -6.54093 1
1 66 1 2.79258 1
1 67 1 -5.99895 1
1 68 1 6.37746 1
1 69 1 -2.52131 1
1 70 1 2.38096 1
1 71 1 0.644182 1
1 72 1 -2.99943 1
1 73 1 -1.20186 1
1 74 1 -2.75653 1
1 75 1 4.54885 1
1 76 1 -3.03594 1
1 77 1 6.7342 1
1 78 1 -0.126097 1
1 79 1 -2.81845 1
1 80 1 0.0551837 1
1 81 1 -0.337393 1
1 82 1 -0.808557 1
1 83 1 -5.23973 1
1 84 1 -5.05751 1
1 85 1 -1.96142 1
1 86 1 2.59331 1
1 87 1 -2.51727 1
1 88 1 -0.588723 1
1 89 1 3.74232 1
1 90 1 -2.23138 1
1 91 1 -1.52536 1
1 92 1 0.211701 1
1 93 1 -1.0144 1
1 94 1 -1.04151 1
1 95 1 -6.48371 1
1 27 1 -0.741851 1
2 64 1 1.63005 1
2 65 1 -3.18774 1
2 66 1 -4.8084 1
2 67 1 -3.25648 1
2 68 1 -0.651872 1
2 69 1 -0.711176 1
2 70 1 -0.612256 1
2 71 1 1.74035 1
2 72 1 -1.42084 1
2 73 1 -1.16186 1
2 74 1 -3.63056 1
2 75 1 1.24712 1
2 76 1 -2.15268 1
2 77 1 -2.92815 1
2 78 1 -0.519676 1
2 79 1 -4.09678 1
2 80 1 -6.68356 1
2 81 1 -6.17973 1
2 82 1 0.545201 1
2 83 1 -6.47755 1
2 84 1 -1.42234 1
2 85 1 3.57004 1
2 86 1 -2.22795 1
2 87 1 -0.878973 1
2 88 1 -1.72193 1
2 89 1 -4.78714 1
2 90 1 -3.5871 1
2 91 1 -2.47732 1
2 92 1 3.07547 0
2 93 1 -1.45962 1
2 94 1 3.15381 1
2 95 1 -3.30338 1
2 100 1 -0.173571 1
2 6 1 4.83999 1
2 110 1 -1.52623 1
2 180 1 3.14083 1
180 92 1 2.35109 0
180 189 1 0.914019 1
189 92 1 3.482 1
3 64 1 -0.0362503 1
3 65 1 -2.02344 1
3 66 1 0.910608 1
3 67 1 0.0136387 1
3 68 1 6.09125 1
3 69 1 -2.96248 1
3 70 1 -2.62811 1
3 71 1 -0.858128 1
3 72 1 9.73461 1
3 73 1 0.0541666 1
3 74 1 -0.206162 1
3 75 1 5.04762 1
3 76 1 -0.586413 1
3 77 1 0.948832 1
3 78 1 -3.33262 1
3 79 1 0.880209 1
3 80 1 -5.84169 1
3 81 1 0.686313 1
3 82 1 5.84794 1
3 83 1 3.77621 1
3 84 1 -0.77933 1
3 85 1 -5.92385 1
3 86 1 2.60322 1
3 87 1 5.61225 1
3 88 1 -0.855387 1
3 89 1 3.97712 1
3 90 1 2.02296 1
3 91 1 2.07791 1
3 92 1 1.07402 1
3 93 1 -2.55961 1
3 94 1 -1.84001 1
3 95 1 4.10073 0
3 110 1 2.86415 1
110 95 1 -0.488733 0
110 111 1 -1.36211 0
110 132 1 3.81531 1
110 152 1 0.450454 1
110 126 1 0.705795 1
110 20 1 0.452949 1
110 16 1 1.09562 1
132 111 1 2.63151 1
111 95 1 0.623215 1
4 64 1 1.62505 1
4 65 1 1.08243 1
4 66 1 0.0260912 1
4 67 1 5.38926 1
4 68 1 0.656065 1
4 69 1 2.4534 1
4 70 1 -0.2366 1
4 71 1 -0.387825 1
4 72 1 -2.06043 1
4 73 1 -1.13353 0
4 74 1 -1.09422 1
4 75 1 -7.00242 0
4 76 1 -0.227722 1
4 77 1 2.89054 1
4 78 1 -2.2514 1
4 79 1 1.72579 1
4 80 1 -6.90058 1
4 81 1 2.70297 1
4 82 1 -0.449589 1
4 83 1 -0.411976 1
4 84 1 -4.04449 1
4 85 1 2.2478 1
4 86 1 1.28943 1
4 87 1 -4.18777 1
4 88 1 -2.32157 1
4 89 1 -2.66437 1
4 90 1 4.17109 1
4 91 1 -2.51212 1
4 92 1 -1.15031 1
4 93 1 1.9472 0
4 94 1 -1.57989 1
4 95 1 1.49314 1
4 101 1 3.4998 1
4 17 1 5.58034 1
4 118 1 2.7624 1
4 145 1 0.221955 1
4 119 1 -0.501394 1
145 93 1 0.0076426 1
145 12 1 1.39258 1
145 139 1 -0.347712 1
145 136 1 0.066133 1
118 73 1 -5.36743 1
101 75 1 1.59204 1
5 64 1 -4.10237 1
5 65 1 7.37724 1
5 66 1 -1.5424 1
5 67 1 12.0068 1
5 68 1 2.83099 1
5 69 1 3.05949 1
5 70 1 1.64391 0
5 71 1 -2.14882 1
5 72 1 -0.101315 1
5 73 1 -2.51387 1
5 74 1 -3.24912 1
5 75 1 3.55511 1
5 76 1 2.38927 1
5 77 1 1.50035 1
5 78 1 -1.49639 1
5 79 1 1.05734 1
5 80 1 1.89624 1
5 81 1 -1.16552 1
5 82 1 -0.945965 1
5 83 1 5.54205 1
5 84 1 2.39937 1
5 85 1 4.99438 1
5 86 1 1.63424 1
5 87 1 0.0880271 1
5 88 1 1.34499 1
5 89 1 -2.6256 1
5 90 1 -1.92772 1
5 91 1 -2.04831 1
5 92 1 -2.07828 1
5 93 1 0.513842 1
5 94 1 -1.24323 1
5 95 1 -0.966735 1
5 28 1 2.84103 1
5 188 1 1.68291 1
188 70 1 0.906421 1
6 64 1 -0.671037 1
6 65 1 -2.54288 1
6 66 1 1.71444 1
6 67 1 0.528829 1
6 68 1 -3.88156 1
6 69 1 -2.54736 1
6 70 1 -5.27545 1
6 71 1 0.735063 1
6 72 1 2.14312 1
6 73 1 -3.73473 1
6 74 1 -3.97753 1
6 75 1 3.14714 1
6 76 1 5.48292 1
6 77 1 -4.0706 1
6 78 1 0.457446 1
6 79 1 -4.32527 1
6 80 1 0.986767 1
6 81 1 -1.80509 1
6 82 1 2.2364 1
6 83 1 3.40345 1
6 84 1 3.58921 1
6 85 1 -5.90645 1
6 86 1 -0.978185 1
6 87 1 8.18135 1
6 88 1 -0.254095 1
6 89 1 -3.42306 1
6 90 1 2.42909 1
6 91 1 1.4738 1
6 92 1 6.39053 1
6 93 1 -4.52163 1
6 94 1 -1.03762 1
6 95 1 3.18988 1
6 26 1 1.09968 1
7 64 1 1.36843 1
7 65 1 2.36366 1
7 66 1 0.556734 1
7 67 1 -4.7611 1
7 68 1 -3.90462 1
7 69 1 -3.34672 1
7 70 1 7.15298 1
7 71 1 3.13425 1
7 72 1 3.68045 1
7 73 1 -2.2947 1
7 74 1 1.21949 1
7 75 1 -1.53998 0
7 76 1 1.41969 1
7 77 1 3.89149 1
7 78 1 1.72467 1
7 79 1 0.43622 1
7 80 1 -0.380422 1
7 81 1 1.81328 1
7 82 1 -5.38956 0
7 83 1 0.27102 0
7 84 1 -4.03903 1
7 85 1 4.10383 1
7 86 1 1.49018 1
7 87 1 5.21042 1
7 88 1 -1.9344 1
7 89 1 -1.76518 1
7 90 1 2.26462 1
7 91 1 -4.42513 1
7 92 1 -0.789897 1
7 93 1 -1.69922 1
7 94 1 0.500034 1
7 95 1 0.751488 1
7 100 1 -0.41794 1
7 127 1 3.16531 1
7 164 1 0.619437 1
164 75 1 -0.234584 1
127 82 1 -3.43428 0
127 169 1 1.22592 1
127 150 1 0.821501 1
169 82 1 -4.49596 1
169 15 1 1.60407 1
100 83 1 3.04084 0
100 24 1 -1.57491 0
100 106 1 3.0807 1
100 166 1 0.520149 1
166 83 1 4.09891 0
166 195 1 1.31022 1
195 83 1 3.55611 1
106 24 1 -8.6155 1
106 6 1 -3.45701 1
8 64 1 1.50371 1
8 65 1 -3.07817 1
8 66 1 -0.107781 1
8 67 1 -1.44415 1
8 68 1 -4.32066 1
8 69 1 3.73798 1
8 70 1 0.789055 1
8 71 1 2.63495 1
8 72 1 3.74365 1
8 73 1 -4.60847 1
8 74 1 -1.74684 1
8 75 1 -4.31171 1
8 76 1 2.92903 1
8 77 1 2.73728 1
8 78 1 1.03021 1
8 79 1 -2.76297 1
8 80 1 0.012507 1
8 81 1 -1.99576 1
8 82 1 -0.236926 1
8 83 1 -2.15955 1
8 84 1 2.80963 1
8 85 1 7.54845 1
8 86 1 6.58618 1
8 87 1 2.7838 1
8 88 1 0.675223 1
8 89 1 5.33624 1
8 90 1 1.63314 1
8 91 1 -3.34835 1
8 92 1 0.755366 1
8 93 1 4.39166 1
8 94 1 6.56222 1
8 95 1 -2.09448 1
8 17 1 0.150865 1
9 64 1 -5.19215 1
9 65 1 -2.5267 1
9 66 1 2.02531 1
9 67 1 -0.0831357 1
9 68 1 -0.595919 1
9 69 1 -0.483462 1
9 70 1 -8.56352 1
9 71 1 -0.745353 1
9 72 1 -0.33283 1
9 73 1 -3.37057 1
9 74 1 1.22671 1
9 75 1 2.39866 1
9 76 1 4.03371 1
9 77 1 0.167498 1
9 78 1 3.1163 1
9 79 1 1.0257 0
9 80 1 -2.32189 1
9 81 1 2.45922 1
9 82 1 -1.28621 1
9 83 1 -1.03 1
9 84 1 5.23217 1
9 85 1 1.44181 1
9 86 1 1.39129 1
9 87 1 1.92137 1
9 88 1 3.74025 1
9 89 1 4.8859 1
9 90 1 -0.960244 1
9 91 1 -0.0113395 1
9 92 1 -0.946238 1
9 93 1 -0.507137 1
9 94 1 -3.13829 1
9 95 1 -1.60856 1
9 103 1 -1.88 1
9 130 1 -1.49427 1
9 157 1 -1.30681 1
157 79 1 0.949888 1
157 22 1 -1.28679 1
10 64 1 0.123371 1
10 65 1 -1.86801 1
10 66 1 5.0931 1
10 67 1 -2.75778 1
10 68 1 2.28821 1
10 69 1 -1.63222 1
10 70 1 0.541038 1
10 71 1 -0.226779 1
10 72 1 5.24394 1
10 73 1 4.69585 1
10 74 1 1.15364 0
10 75 1 1.08929 1
10 76 1 4.11344 1
10 77 1 1.14048 1
10 78 1 -0.203195 1
10 79 1 -4.23984 1
10 80 1 -3.68864 1
10 81 1 6.8482 1
10 82 1 3.01636 1
10 83 1 0.333111 1
10 84 1 8.31663 1
10 85 1 2.29923 1
10 86 1 -4.02668 1
10 87 1 -2.05419 1
10 88 1 2.3992 1
10 89 1 0.196075 1
10 90 1 1.09967 1
10 91 1 3.62619 1
10 92 1 -2.10238 1
10 93 1 -0.115378 1
10 94 1 3.95265 1
10 95 1 5.17589 0
10 124 1 3.36895 1
10 165 1 0.450581 1
165 95 1 5.51824 1
165 133 1 1.37743 1
124 74 1 -0.724527 1
124 12 1 2.25215 0
124 171 1 -0.306907 1
171 12 1 2.42384 1
171 152 1 -0.218482 1
11 64 1 3.47584 1
11 65 1 1.87171 1
11 66 1 3.92639 1
11 67 1 -1.57156 1
11 68 1 1.15436 1
11 69 1 2.27868 1
11 70 1 4.05433 1
11 71 1 0.707834 1
11 72 1 -8.08813 1
11 73 1 0.569642 1
11 74 1 0.599689 0
11 75 1 -2.24103 1
11 76 1 -2.08322 1
11 77 1 1.43659 1
11 78 1 -1.50845 1
11 79 1 -1.02327 1
11 80 1 -0.781196 1
11 81 1 1.78584 1
11 82 1 5.10952 0
11 83 1 4.63771 1
11 84 1 2.22448 1
11 85 1 -1.12716 1
11 86 1 -4.71277 1
11 87 1 1.3923 1
11 88 1 -7.72829 1
11 89 1 3.08808 1
11 90 1 0.0458288 1
11 91 1 -1.75514 1
11 92 1 -0.78419 1
11 93 1 2.47308 1
11 94 1 -3.27064 1
11 95 1 -6.33763 1
11 120 1 -7.31231 1
11 109 1 -2.10801 1
11 154 1 3.66527 1
11 8 1 0.339001 1
11 112 1 3.68323 1
11 24 1 1.62021 1
154 82 1 4.77004 1
120 74 1 -2.6359 1
120 13 1 0.608403 0
120 150 1 3.90528 1
150 13 1 1.9491 0
150 163 1 3.20351 1
163 13 1 2.1211 1
12 64 1 -1.71905 1
12 65 1 -1.4391 0
12 66 1 -0.39832 1
12 67 1 -3.62826 1
12 68 1 0.942837 1
12 69 1 2.11344 1
12 70 1 0.519326 1
12 71 1 -3.47075 1
12 72 1 2.55911 1
12 73 1 -3.93344 1
12 74 1 -2.97432 1
12 75 1 0.14021 1
12 76 1 -3.37997 1
12 77 1 1.72048 1
12 78 1 -0.887449 1
12 79 1 -2.35475 1
12 80 1 -2.43525 1
12 81 1 -3.60263 1
12 82 1 6.93542 1
12 83 1 0.13523 1
12 84 1 3.62498 1
12 85 1 1.08319 1
12 86 1 -4.88785 1
12 87 1 -2.97769 1
12 88 1 -0.847665 1
12 89 1 1.28053 1
12 90 1 -0.839201 1
12 91 1 -1.61186 1
12 92 1 0.16994 1
12 93 1 -1.04284 1
12 94 1 2.26998 1
12 95 1 -3.9628 1
12 17 1 0.86263 1
12 18 1 0.589922 1
12 144 1 -0.997868 1
12 167 1 0.40704 1
12 11 1 -0.541668 1
167 65 1 -2.7379 1
167 12 1 0.428012 1
13 64 1 -0.757998 1
13 65 1 -2.90475 1
13 66 1 -0.236843 1
13 67 1 -1.42208 1
13 68 1 2.74447 1
13 69 1 -3.74355 1
13 70 1 -1.22654 1
13 71 1 0.547516 1
13 72 1 -0.404921 1
13 73 1 0.939946 1
13 74 1 0.0240769 1
13 75 1 -2.06431 1
13 76 1 -0.308348 1
13 77 1 -1.05516 1
13 78 1 1.84329 1
13 79 1 4.64073 1
13 80 1 0.424914 1
13 81 1 2.41934 1
13 82 1 3.20706 1
13 83 1 4.42003 1
13 84 1 -5.29321 1
13 85 1 4.80949 1
13 86 1 3.26315 1
13 87 1 4.95639 1
13 88 1 2.34054 1
13 89 1 0.415261 1
13 90 1 -4.25849 1
13 91 1 -5.30539 1
13 92 1 -3.05773 1
13 93 1 -2.74205 1
13 94 1 0.0920536 1
13 95 1 -4.87601 1
14 64 1 2.16892 1
14 65 1 4.83073 1
14 66 1 0.585858 1
14 67 1 4.99046 1
14 68 1 -2.04094 1
14 69 1 2.30972 1
14 70 1 -1.11382 1
14 71 1 1.35023 1
14 72 1 4.85281 1
14 73 1 1.15787 1
14 74 1 0.795637 1
14 75 1 1.65478 1
14 76 1 -4.71634 1
14 77 1 0.80231 1
14 78 1 -2.03876 1
14 79 1 -1.41549 1
14 80 1 -1.4904 1
14 81 1 2.04801 0
14 82 1 4.77395 1
14 83 1 -1.1324 1
14 84 1 -1.43206 1
14 85 1 -2.33208 1
14 86 1 4.252 1
14 87 1 -0.87947 1
14 88 1 -1.87971 1
14 89 1 0.549825 1
14 90 1 -0.286731 1
14 91 1 5.36268 1
14 92 1 4.15448 1
14 93 1 3.36387 1
14 94 1 4.40789 1
14 95 1 2.55472 1
14 104 1 -0.828779 1
14 119 1 2.33127 1
14 126 1 1.88095 1
119 81 1 6.03569 1
119 99 1 0.336885 1
15 64 1 0.297269 1
15 65 1 1.6002 1
15 66 1 -1.70227 1
15 67 1 -2.30408 1
15 68 1 2.15219 1
15 69 1 -2.98265 1
15 70 1 7.90102 1
15 71 1 -2.16504 1
15 72 1 -1.3644 1
15 73 1 1.22458 1
15 74 1 0.05744 1
15 75 1 -0.131075 1
15 76 1 1.57409 1
15 77 1 1.24277 1
15 78 1 -3.49554 1
15 79 1 -0.6688 1
15 80 1 5.2919 1
15 81 1 -0.0133237 1
15 82 1 -4.60818 1
15 83 1 0.319865 1
15 84 1 1.27294 1
15 85 1 -2.59755 1
15 86 1 3.00184 1
15 87 1 -6.72686 1
15 88 1 0.937791 1
15 89 1 4.55438 1
15 90 1 0.471778 1
15 91 1 -3.74067 1
15 92 1 0.743038 1
15 93 1 0.67775 1
15 94 1 0.147462 1
15 95 1 -2.64132 1
15 20 1 -2.49269 1
16 64 1 2.32242 1
16 65 1 -3.20087 1
16 66 1 -1.50472 1
16 67 1 -4.28305 1
16 68 1 2.2682 1
16 69 1 1.5893 1
16 70 1 2.29966 1
16 71 1 5.54187 1
16 72 1 0.68551 1
16 73 1 -1.55223 1
16 74 1 0.787511 1
16 75 1 2.12963 1
16 76 1 2.37095 1
16 77 1 3.58829 1
16 78 1 -0.368952 1
16 79 1 -3.17076 0
16 80 1 1.39869 1
16 81 1 2.1787 1
16 82 1 -2.36927 1
16 83 1 1.42122 1
16 84 1 -0.333461 1
16 85 1 0.713223 1
16 86 1 2.73037 1
16 87 1 -1.31857 1
16 88 1 3.2781 1
16 89 1 2.10509 1
16 90 1 -3.104 1
16 91 1 3.8516 1
16 92 1 4.00494 1
16 93 1 -3.26949 1
16 94 1 0.376817 1
16 95 1 -2.14898 1
16 26 1 -0.476867 1
16 151 1 1.58206 1
16 144 1 -1.6277 1
151 79 1 0.821751 1
17 64 1 -1.81478 1
17 65 1 1.24051 1
17 66 1 0.311023 1
17 67 1 3.85077 1
17 68 1 0.331006 1
17 69 1 2.28733 1
17 70 1 0.963572 1
17 71 1 4.03286 1
17 72 1 -5.589 0
17 73 1 1.00776 1
17 74 1 3.50653 1
17 75 1 -1.09693 1
17 76 1 -1.28477 0
17 77 1 2.18139 1
17 78 1 -2.62432 1
17 79 1 -4.25811 1
17 80 1 4.94974 1
17 81 1 2.80133 1
17 82 1 1.55237 1
17 83 1 -0.932171 1
17 84 1 0.852231 1
17 85 1 2.76628 1
17 86 1 -0.464966 1
17 87 1 -3.79351 1
17 88 1 -8.56986 1
17 89 1 0.377792 1
17 90 1 -3.82964 1
17 91 1 4.58095 1
17 92 1 1.29599 1
17 93 1 3.78267 1
17 94 1 3.18495 1
17 95 1 1.78407 1
17 146 1 3.20568 1
17 190 1 1.1519 1
190 76 1 -1.86783 1
146 72 1 -6.50884 0
146 30 1 -1.11067 1
146 177 1 -0.195192 1
177 72 1 -3.09295 1
18 64 1 -0.0139255 1
18 65 1 -2.78945 1
18 66 1 0.919496 1
18 67 1 3.65606 1
18 68 1 -3.84696 1
18 69 1 -0.413645 0
18 70 1 4.13875 1
18 71 1 -0.321164 1
18 72 1 -1.12587 1
18 73 1 0.0994375 1
18 74 1 1.52606 1
18 75 1 -3.46711 1
18 76 1 3.45705 1
18 77 1 -1.3831 1
18 78 1 2.13981 1
18 79 1 1.63269 1
18 80 1 -7.88258 1
18 81 1 4.28503 1
18 82 1 -5.65764 1
18 83 1 3.08238 1
18 84 1 -6.37637 1
18 85 1 3.1943 1
18 86 1 6.41874 1
18 87 1 -5.14153 1
18 88 1 2.38196 1
18 89 1 -2.9736 1
18 90 1 -0.645774 1
18 91 1 -1.29621 1
18 92 1 -4.58251 1
18 93 1 3.66411 1
18 94 1 0.708836 1
18 95 1 -0.423765 1
18 25 1 -2.04807 1
18 18 1 0.614713 1
18 139 1 1.55675 1
18 182 1 1.07928 1
182 69 1 -1.07348 1
19 64 1 6.03004 1
19 65 1 0.798137 1
19 66 1 5.94695 1
19 67 1 -0.921976 1
19 68 1 -2.80088 1
19 69 1 2.0751 1
19 70 1 -0.985971 1
19 71 1 3.44664 1
19 72 1 2.57968 1
19 73 1 0.859389 1
19 74 1 1.88346 1
19 75 1 -0.0353594 1
19 76 1 -4.70466 1
19 77 1 -0.824528 1
19 78 1 0.27586 1
19 79 1 5.27163 1
19 80 1 -0.127233 1
19 81 1 -4.20996 1
19 82 1 -0.374058 1
19 83 1 -1.3636 1
19 84 1 2.08679 1
19 85 1 3.53282 1
19 86 1 -1.46296 1
19 87 1 2.31142 1
19 88 1 1.47621 1
19 89 1 6.09854 1
19 90 1 -0.551306 1
19 91 1 -1.46225 1
19 92 1 -0.369277 1
19 93 1 -4.66995 1
19 94 1 -0.938347 1
19 95 1 -7.5352 1
19 3 1 0.404349 1
20 64 1 2.21993 1
20 65 1 0.120809 1
20 66 1 -1.82778 1
20 67 1 -1.56523 1
20 68 1 0.758706 1
20 69 1 -0.080577 1
20 70 1 -5.6382 1
20 71 1 3.19429 1
20 72 1 -0.448711 1
20 73 1 4.07289 1
20 74 1 4.43009 1
20 75 1 3.58372 1
20 76 1 -1.9441 1
20 77 1 -3.8731 1
20 78 1 3.66033 1
20 79 1 1.50899 1
20 80 1 0.595949 1
20 81 1 3.52627 1
20 82 1 4.32192 1
20 83 1 0.739283 1
20 84 1 3.8271 1
20 85 1 -3.39419 1
20 86 1 -1.26006 1
20 87 1 1.21158 1
20 88 1 3.1609 1
20 89 1 0.238361 1
20 90 1 -0.555093 1
20 91 1 1.60742 0
20 92 1 3.90558 1
20 93 1 2.28707 0
20 94 1 2.23893 0
20 95 1 1.16911 1
20 96 1 -2.46698 1
20 98 1 3.02904 1
20 103 1 1.66136 1
20 109 1 -0.347627 1
103 91 1 1.80061 0
103 105 1 3.72667 1
103 112 1 -1.33251 0
103 123 1 -1.55527 1
103 140 1 -2.47476 1
140 112 1 1.44034 1
140 102 1 -0.778717 1
123 91 1 0.094395 1
123 113 1 -0.703247 0
123 136 1 1.52854 1
123 137 1 0.971426 1
136 113 1 -1.39088 1
136 6 1 -2.43772 1
105 91 1 5.1373 0
105 129 1 1.11859 1
129 91 1 1.5364 0
129 135 1 3.75807 1
129 116 1 -0.123896 1
135 91 1 -1.1818 1
98 93 1 3.02261 1
98 99 1 6.34465 1
98 15 1 1.75522 1
96 94 1 0.590051 1
96 20 1 0.0367011 0
96 155 1 2.64161 1
96 25 1 1.54244 1
96 185 1 -0.246522 1
155 20 1 -0.256112 0
155 30 1 0.500681 1
155 176 1 0.179498 1
155 194 1 1.90819 1
194 20 1 -1.48392 1
176 20 1 -2.41937 1
21 64 1 3.81318 1
21 65 1 5.46008 1
21 66 1 -4.95364 1
21 67 1 -4.38808 1
21 68 1 0.589489 1
21 69 1 -0.11511 1
21 70 1 0.161271 1
21 71 1 -7.54248 1
21 72 1 -7.30051 1
21 73 1 -3.50835 1
21 74 1 -2.76635 1
21 75 1 2.6162 1
21 76 1 -3.75499 1
21 77 1 -3.11293 1
21 78 1 -0.824866 1
21 79 1 -1.47996 1
21 80 1 1.63831 1
21 81 1 -1.43921 1
21 82 1 -0.726884 1
21 83 1 -2.47906 1
21 84 1 9.89687 1
21 85 1 0.719234 1
21 86 1 3.58068 1
21 87 1 0.0197545 1
21 88 1 3.54011 1
21 89 1 0.846222 1
21 90 1 -0.207058 1
21 91 1 1.0725 0
21 92 1 3.70688 1
21 93 1 1.77773 1
21 94 1 -1.64774 1
21 95 1 -0.472782 1
21 143 1 6.25423 1
143 91 1 -2.00472 1
22 64 1 0.687714 1
22 65 1 -0.410137 1
22 66 1 0.378719 1
22 67 1 6.76179 1
22 68 1 1.75722 1
22 69 1 -2.45012 1
22 70 1 -1.372 1
22 71 1 -0.0153983 1
22 72 1 -3.96667 1
22 73 1 1.06821 1
22 74 1 -5.58239 1
22 75 1 -1.08032 1
22 76 1 1.63042 1
22 77 1 -0.338264 1
22 78 1 3.02481 1
22 79 1 4.42906 1
22 80 1 1.82005 1
22 81 1 -5.01487 1
22 82 1 0.171723 1
22 83 1 -0.704531 1
22 84 1 -0.963812 1
22 85 1 3.05257 1
22 86 1 0.677115 1
22 87 1 5.97659 1
22 88 1 -3.8114 1
22 89 1 -1.09547 1
22 90 1 -0.00730758 1
22 91 1 1.99656 1
22 92 1 0.333096 1
22 93 1 3.11795 1
22 94 1 7.18621 1
22 95 1 1.14157 1
23 64 1 -0.841032 1
23 65 1 0.99062 1
23 66 1 3.30746 1
23 67 1 3.59748 1
23 68 1 -4.67973 1
23 69 1 4.37721 1
23 70 1 3.30283 1
23 71 1 -3.23879 1
23 72 1 -0.890804 1
23 73 1 -2.19523 1
23 74 1 3.90838 1
23 75 1 1.44932 1
23 76 1 2.2812 1
23 77 1 1.98896 1
23 78 1 1.73872 0
23 79 1 -5.78432 1
23 80 1 2.71826 1
23 81 1 1.68719 1
23 82 1 -4.92982 1
23 83 1 -0.19018 1
23 84 1 1.00003 1
23 85 1 -3.15968 1
23 86 1 -12.4013 1
23 87 1 -1.00872 1
23 88 1 -0.548532 1
23 89 1 -3.58191 1
23 90 1 -8.08886 1
23 91 1 -2.31152 1
23 92 1 3.84029 1
23 93 1 5.04431 1
23 94 1 -3.9121 0
23 95 1 -0.748606 1
23 107 1 0.477737 1
23 27 1 -0.429938 1
23 178 1 2.23138 1
23 197 1 1.19381 1
197 94 1 -4.36019 1
178 78 1 0.477385 1
178 24 1 0.728863 1
24 64 1 -2.1612 1
24 65 1 1.88535 1
24 66 1 -1.5944 1
24 67 1 6.97868 1
24 68 1 -4.41328 1
24 69 1 1.94641 0
24 70 1 3.61966 1
24 71 1 4.24059 1
24 72 1 1.90863 1
24 73 1 0.976207 1
24 74 1 2.0555 1
24 75 1 1.47884 1
24 76 1 -6.13762 1
24 77 1 -1.66949 1
24 78 1 -6.5358 1
24 79 1 0.893183 1
24 80 1 5.61419 1
24 81 1 4.15232 1
24 82 1 -2.94321 1
24 83 1 -1.85894 1
24 84 1 -4.22883 1
24 85 1 -0.2103 1
24 86 1 -4.39719 1
24 87 1 3.03218 1
24 88 1 0.158147 1
24 89 1 10.8099 1
24 90 1 6.36245 1
24 91 1 -1.96952 1
24 92 1 1.2434 1
24 93 1 -0.247564 1
24 94 1 -1.05698 1
24 95 1 -6.56215 1
24 5 1 0.811334 1
24 168 1 -1.06723 1
168 69 1 3.40756 1
168 172 1 0.57965 1
25 64 1 -3.41622 1
25 65 1 1.2632 1
25 66 1 -0.977215 1
25 67 1 -2.83463 1
25 68 1 0.192175 1
25 69 1 -8.21941 1
25 70 1 -0.295956 0
25 71 1 -3.50705 1
25 72 1 2.49198 1
25 73 1 3.06382 1
25 74 1 1.34676 1
25 75 1 -2.13922 1
25 76 1 0.441595 1
25 77 1 0.173952 1
25 78 1 2.43818 1
25 79 1 0.89356 1
25 80 1 -0.434883 1
25 81 1 -1.24932 1
25 82 1 -0.492607 1
25 83 1 1.65707 1
25 84 1 -1.03358 1
25 85 1 -1.17974 1
25 86 1 3.85117 1
25 87 1 -0.243553 1
25 88 1 -1.26815 1
25 89 1 -2.24162 1
25 90 1 -4.42751 1
25 91 1 4.09796 1
25 92 1 2.92057 1
25 93 1 -0.63728 1
25 94 1 -2.27759 0
25 95 1 -3.73027 1
25 8 1 0.935862 1
25 6 1 -1.65407 1
25 121 1 2.13993 1
25 175 1 1.47145 1
175 94 1 -4.55845 1
121 70 1 6.32155 1
26 64 1 -2.04984 1
26 65 1 2.02973 1
26 66 1 -1.68716 1
26 67 1 2.67333 1
26 68 1 -0.416285 1
26 69 1 0.298427 1
26 70 1 -1.62309 1
26 71 1 0.138406 1
26 72 1 -3.24719 1
26 73 1 -0.409009 1
26 74 1 -8.26674 1
26 75 1 2.3282 1
26 76 1 2.33999 1
26 77 1 -6.00693 1
26 78 1 0.888362 1
26 79 1 0.806673 1
26 80 1 -4.59324 1
26 81 1 4.22324 1
26 82 1 3.51039 1
26 83 1 0.513582 1
26 84 1 -6.25937 1
26 85 1 -1.56424 1
26 86 1 -5.29725 1
26 87 1 3.40628 1
26 88 1 -5.2326 1
26 89 1 2.09287 1
26 90 1 -4.22324 1
26 91 1 -3.55365 1
26 92 1 -1.3639 1
26 93 1 -2.16776 1
26 94 1 0.956362 1
26 95 1 0.0206597 1
26 23 1 4.53957 1
26 15 1 1.97821 1
26 161 1 -0.654192 1
27 64 1 -2.40765 1
27 65 1 6.38028 1
27 66 1 3.48507 1
27 67 1 1.11868 1
27 68 1 2.1803 1
27 69 1 1.0773 1
27 70 1 6.05892 1
27 71 1 -5.94619 1
27 72 1 -0.253919 1
27 73 1 3.48693 1
27 74 1 -4.21282 1
27 75 1 2.08657 1
27 76 1 -1.7873 1
27 77 1 3.67161 1
27 78 1 2.73591 1
27 79 1 1.1742 1
27 80 1 -1.62837 1
27 81 1 -2.72302 1
27 82 1 4.35267 1
27 83 1 -0.385606 1
27 84 1 3.61813 1
27 85 1 -0.977208 1
27 86 1 -2.34177 1
27 87 1 -1.18788 1
27 88 1 -8.64707 1
27 89 1 -5.64082 1
27 90 1 7.73641 1
27 91 1 -1.95685 1
27 92 1 0.00405425 1
27 93 1 0.502637 1
27 94 1 1.66702 0
27 95 1 -0.720035 1
27 9 1 4.25856 1
27 5 1 2.10726 1
27 186 1 0.752931 1
186 94 1 -0.222406 1
28 64 1 1.90729 1
28 65 1 1.13202 1
28 66 1 0.133754 1
28 67 1 5.40031 1
28 68 1 5.83542 1
28 69 1 2.03748 1
28 70 1 -1.93884 1
28 71 1 1.58843 1
28 72 1 -7.89252 1
28 73 1 0.342418 1
28 74 1 -1.03233 1
28 75 1 1.04165 1
28 76 1 1.20317 1
28 77 1 1.98402 1
28 78 1 -4.80022 1
28 79 1 3.00898 1
28 80 1 0.418261 1
28 81 1 -0.639855 1
28 82 1 4.17776 1
28 83 1 0.97003 1
28 84 1 4.54202 1
28 85 1 -4.64399 1
28 86 1 -2.70123 1
28 87 1 2.80074 1
28 88 1 -5.24631 1
28 89 1 -0.106228 1
28 90 1 -2.3696 1
28 91 1 1.17903 1
28 92 1 5.93003 1
28 93 1 -0.896699 1
28 94 1 5.85684 1
28 95 1 -1.7204 1
29 64 1 0.533832 1
29 65 1 0.853538 1
29 66 1 -1.20737 1
29 67 1 4.965 1
29 68 1 -8.68368 1
29 69 1 3.24208 1
29 70 1 -3.37885 1
29 71 1 -1.66676 1
29 72 1 1.63612 1
29 73 1 0.0672006 1
29 74 1 -2.80337 1
29 75 1 0.622593 1
29 76 1 -1.79835 1
29 77 1 1.49249 1
29 78 1 -5.41046 1
29 79 1 -2.70759 1
29 80 1 2.72928 1
29 81 1 2.66574 1
29 82 1 0.971708 1
29 83 1 -0.77135 1
29 84 1 -1.34889 1
29 85 1 -2.21709 1
29 86 1 -4.30313 1
29 87 1 -3.30471 1
29 88 1 -1.25027 1
29 89 1 -1.46081 1
29 90 1 -1.00915 1
29 91 1 -0.0102534 1
29 92 1 2.09973 1
29 93 1 -0.575575 1
29 94 1 -0.767985 1
29 95 1 2.38644 1
29 113 1 0.575945 1
30 64 1 -1.47853 1
30 65 1 6.7933 1
30 66 1 5.36003 1
30 67 1 -3.0258 1
30 68 1 1.15334 1
30 69 1 0.0863489 1
30 70 1 4.68476 1
30 71 1 0.420353 1
30 72 1 -0.435344 1
30 73 1 3.08077 1
30 74 1 -1.80238 1
30 75 1 1.9745 1
30 76 1 2.9063 1
30 77 1 -2.57969 1
30 78 1 5.34757 1
30 79 1 4.64225 1
30 80 1 -3.70578 1
30 81 1 -0.31197 1
30 82 1 7.25715 1
30 83 1 2.66881 1
30 84 1 3.07954 1
30 85 1 -1.40971 1
30 86 1 -2.58711 1
30 87 1 -2.82058 1
30 88 1 1.98494 1
30 89 1 -2.18282 1
30 90 1 -1.20569 1
30 91 1 3.67999 1
30 92 1 -1.01654 1
30 93 1 1.72427 1
30 94 1 1.5138 1
30 95 1 -3.84796 1
30 28 1 1.63432 1
31 64 1 2.81097 1
31 65 1 -4.45802 1
31 66 1 -4.86471 1
31 67 1 9.38957 1
31 68 1 4.00235 1
31 69 1 2.02848 1
31 70 1 -2.35545 1
31 71 1 1.73183 1
31 72 1 -2.74589 1
31 73 1 1.08007 1
31 74 1 3.91973 1
31 75 1 -0.667364 1
31 76 1 -5.20837 1
31 77 1 -1.39808 1
31 78 1 -4.42515 1
31 79 1 0.455204 1
31 80 1 -1.35428 1
31 81 1 -2.22071 1
31 82 1 0.811878 1
31 83 1 -1.80461 1
31 84 1 -3.04138 1
31 85 1 -3.32185 1
31 86 1 0.281603 1
31 87 1 -5.00874 0
31 88 1 1.14524 1
31 89 1 -2.22558 1
31 90 1 -0.110257 1
31 91 1 -2.80992 1
31 92 1 0.768767 1
31 93 1 -0.242524 1
31 94 1 1.82189 1
31 95 1 -1.3176 1
31 122 1 2.05857 1
31 10 1 -0.668472 1
31 117 1 -1.82646 1
122 87 1 -1.77136 1
32 64 1 5.94255 1
32 65 1 1.77144 1
32 66 1 -3.78077 1
32 67 1 2.08429 1
32 68 1 0.855366 1
32 69 1 4.65854 1
32 70 1 -0.307353 1
32 71 1 2.92868 1
32 72 1 -2.41051 1
32 73 1 1.14321 1
32 74 1 -0.484286 1
32 75 1 6.90616 1
32 76 1 1.55353 1
32 77 1 4.45072 1
32 78 1 1.44495 1
32 79 1 -0.461827 1
32 80 1 -0.51391 1
32 81 1 -0.999656 1
32 82 1 -2.6014 1
32 83 1 -3.21922 1
32 84 1 1.83072 1
32 85 1 -1.93793 1
32 86 1 0.386023 1
32 87 1 -2.19197 1
32 88 1 0.0900284 1
32 89 1 1.03689 1
32 90 1 3.7531 1
32 91 1 -4.39657 1
32 92 1 5.36799 1
32 93 1 3.028 1
32 94 1 -2.11439 1
32 95 1 1.29476 1
33 64 1 0.863892 1
33 65 1 -3.9772 1
33 66 1 -2.20161 1
33 67 1 -1.94747 1
33 68 1 -1.18285 1
33 69 1 -2.177 0
33 70 1 3.02866 1
33 71 1 4.56073 1
33 72 1 2.92636 1
33 73 1 3.90464 1
33 74 1 1.52091 1
33 75 1 -6.81848 1
33 76 1 -4.10393 1
33 77 1 1.65616 1
33 78 1 -1.05604 1
33 79 1 -4.01795 1
33 80 1 0.740773 1
33 81 1 -3.77658 1
33 82 1 -2.96938 1
33 83 1 0.618354 1
33 84 1 -0.421778 1
33 85 1 0.66378 1
33 86 1 3.85675 1
33 87 1 2.30671 1
33 88 1 2.19079 1
33 89 1 4.06003 1
33 90 1 -3.24004 1
33 91 1 -2.68754 1
33 92 1 1.83198 1
33 93 1 2.96841 1
33 94 1 4.61903 1
33 95 1 0.885128 1
33 20 1 0.884051 1
33 107 1 -1.57865 1
33 13 1 0.576001 1
33 113 1 -1.68489 1
33 192 1 1.38504 1
192 69 1 -2.8269 1
34 64 1 -0.309615 1
34 65 1 -1.55452 1
34 66 1 4.18549 1
34 67 1 0.433046 1
34 68 1 -1.56493 1
34 69 1 -1.94133 1
34 70 1 -3.23801 1
34 71 1 -3.22604 1
34 72 1 -3.4407 1
34 73 1 -4.88141 1
34 74 1 3.26319 1
34 75 1 7.10801 1
34 76 1 -4.48307 1
34 77 1 -0.820906 1
34 78 1 -1.38465 1
34 79 1 1.20417 1
34 80 1 4.57383 1
34 81 1 -1.73771 1
34 82 1 1.85656 1
34 83 1 2.57748 1
34 84 1 -0.0243205 1
34 85 1 -1.86488 1
34 86 1 -0.258819 1
34 87 1 -2.03365 1
34 88 1 0.0482882 1
34 89 1 1.55585 1
34 90 1 -7.05768 1
34 91 1 4.71318 1
34 92 1 2.59546 1
34 93 1 -3.12716 1
34 94 1 4.87364 1
34 95 1 3.34363 1
34 113 1 -2.25935 1
35 64 1 1.87128 1
35 65 1 -3.23786 1
35 66 1 -1.84602 1
35 67 1 5.73932 1
35 68 1 2.51428 1
35 69 1 0.608414 1
35 70 1 3.12128 1
35 71 1 2.00683 1
35 72 1 2.13682 1
35 73 1 8.46932 1
35 74 1 0.933572 1
35 75 1 -3.49474 1
35 76 1 -5.44689 1
35 77 1 1.71323 1
35 78 1 -0.174507 1
35 79 1 4.90913 1
35 80 1 -6.7868 1
35 81 1 -1.09845 1
35 82 1 4.29163 0
35 83 1 -3.12292 1
35 84 1 5.66275 1
35 85 1 -4.0946 1
35 86 1 -1.16039 1
35 87 1 -4.84313 1
35 88 1 -0.021354 1
35 89 1 2.76314 0
35 90 1 -1.57543 1
35 91 1 0.0715078 1
35 92 1 -3.78625 1
35 93 1 -5.97852 1
35 94 1 1.63786 1
35 95 1 0.0942403 1
35 130 1 2.51008 1
35 133 1 7.97919 1
133 82 1 0.305772 1
130 89 1 -0.126271 1
130 109 1 -0.897974 1
36 64 1 3.11951 1
36 65 1 4.24351 1
36 66 1 3.81884 1
36 67 1 -0.826451 1
36 68 1 -6.06194 1
36 69 1 -2.36824 1
36 70 1 -3.1346 1
36 71 1 1.11495 1
36 72 1 -1.97554 1
36 73 1 0.665547 1
36 74 1 -1.04187 1
36 75 1 -0.658769 1
36 76 1 2.09716 1
36 77 1 -5.06168 1
36 78 1 -0.0688857 1
36 79 1 5.09209 1
36 80 1 5.72295 1
36 81 1 -1.50952 1
36 82 1 0.49975 0
36 83 1 0.734596 1
36 84 1 2.86065 1
36 85 1 -4.09765 1
36 86 1 0.23811 1
36 87 1 1.3625 1
36 88 1 -2.40807 1
36 89 1 0.426235 1
36 90 1 -4.37116 1
36 91 1 0.163994 1
36 92 1 4.53089 1
36 93 1 1.35723 1
36 94 1 -2.78149 1
36 95 1 6.75612 1
36 109 1 1.29519 0
36 24 1 -1.36117 1
36 117 1 3.28318 1
117 109 1 2.48766 1
117 4 1 0.223918 1
109 82 1 -1.85537 1
109 31 1 1.36433 1
37 64 1 -6.26227 1
37 65 1 1.22763 1
37 66 1 -4.58823 1
37 67 1 1.69489 1
37 68 1 -5.3079 1
37 69 1 2.89751 1
37 70 1 -6.32032 1
37 71 1 -1.43814 1
37 72 1 -0.0446347 1
37 73 1 1.21146 1
37 74 1 0.501303 1
37 75 1 0.744554 1
37 76 1 5.00793 0
37 77 1 1.86579 1
37 78 1 -1.12179 1
37 79 1 0.523331 1
37 80 1 2.49516 1
37 81 1 3.59521 1
37 82 1 2.26519 1
37 83 1 5.50141 1
37 84 1 -5.08057 1
37 85 1 3.70849 1
37 86 1 -2.11722 1
37 87 1 -1.78846 1
37 88 1 -0.00373197 1
37 89 1 -2.27568 1
37 90 1 -3.36243 1
37 91 1 0.884577 1
37 92 1 2.66956 1
37 93 1 0.210254 1
37 94 1 -2.15826 1
37 95 1 0.940546 1
37 142 1 0.347616 1
37 160 1 -1.16957 1
142 76 1 -0.234584 1
142 147 1 0.69805 1
142 6 1 -0.612585 1
38 64 1 0.987927 1
38 65 1 -2.319 1
38 66 1 -1.98984 1
38 67 1 -3.24633 1
38 68 1 -0.750968 1
38 69 1 -5.88737 1
38 70 1 -0.212069 1
38 71 1 -0.816293 1
38 72 1 1.29577 1
38 73 1 1.49367 1
38 74 1 -0.442269 1
38 75 1 5.36942 1
38 76 1 2.89922 1
38 77 1 -1.71154 1
38 78 1 -1.0379 1
38 79 1 0.228031 1
38 80 1 0.399284 1
38 81 1 -2.30389 1
38 82 1 2.15559 1
38 83 1 -0.631306 1
38 84 1 -1.9925 1
38 85 1 -2.6438 1
38 86 1 -0.274105 1
38 87 1 2.1884 0
38 88 1 4.50226 1
38 89 1 4.4826 1
38 90 1 -1.65945 1
38 91 1 2.94036 1
38 92 1 2.74121 0
38 93 1 1.0956 1
38 94 1 2.35386 1
38 95 1 -2.28676 1
38 148 1 3.45743 1
38 162 1 1.18915 1
162 87 1 1.41301 0
162 185 1 1.62478 1
185 87 1 1.05283 1
148 92 1 2.38201 1
39 64 1 2.92065 1
39 65 1 -1.17739 1
39 66 1 1.29402 1
39 67 1 -2.47467 1
39 68 1 -0.277987 1
39 69 1 0.452965 1
39 70 1 1.06717 1
39 71 1 -3.43536 1
39 72 1 -3.97991 1
39 73 1 -3.56592 1
39 74 1 0.824 1
39 75 1 4.12427 0
39 76 1 3.77252 0
39 77 1 0.734289 1
39 78 1 -5.04643 1
39 79 1 -4.97735 1
39 80 1 -1.54678 1
39 81 1 -2.69726 1
39 82 1 -4.90195 1
39 83 1 -2.86037 1
39 84 1 -2.69051 1
39 85 1 0.13006 1
39 86 1 2.12941 1
39 87 1 1.25661 1
39 88 1 -0.382338 1
39 89 1 1.24091 1
39 90 1 3.8317 1
39 91 1 0.019114 1
39 92 1 6.81318 1
39 93 1 1.68176 1
39 94 1 -5.76508 1
39 95 1 -2.52202 1
39 2 1 -3.63288 1
39 112 1 4.06253 1
39 13 1 -0.567431 1
39 104 1 -0.0269642 1
39 172 1 2.82243 1
172 76 1 4.05236 1
172 28 1 1.30001 1
112 75 1 -1.55809 1
112 138 1 -1.89522 1
112 153 1 1.48067 0
112 170 1 1.12048 1
112 113 1 2.06427 1
170 153 1 -3.87072 1
170 126 1 2.82675 1
40 64 1 -4.0992 1
40 65 1 -0.0495328 1
40 66 1 3.37869 1
40 67 1 3.47091 1
40 68 1 1.31317 1
40 69 1 3.38314 1
40 70 1 -1.86928 1
40 71 1 2.54073 1
40 72 1 0.683326 1
40 73 1 1.87387 1
40 74 1 -0.426251 1
40 75 1 2.80155 1
40 76 1 -2.24169 1
40 77 1 4.48802 1
40 78 1 2.75396 1
40 79 1 -1.41679 1
40 80 1 2.48861 1
40 81 1 1.36155 1
40 82 1 0.200437 1
40 83 1 -1.74356 1
40 84 1 -2.54227 1
40 85 1 -0.606279 1
40 86 1 3.09368 1
40 87 1 0.863567 1
40 88 1 2.59801 1
40 89 1 -1.9208 1
40 90 1 -0.122792 1
40 91 1 -0.479818 1
40 92 1 -3.68244 1
40 93 1 0.845364 1
40 94 1 2.40307 1
40 95 1 5.3446 1
40 2 1 0.893449 1
40 134 1 3.08918 1
41 64 1 3.15585 1
41 65 1 -1.0869 1
41 66 1 0.546523 1
41 67 1 1.37009 1
41 68 1 3.57359 1
41 69 1 -1.13892 1
41 70 1 1.63174 1
41 71 1 1.56133 1
41 72 1 4.68556 1
41 73 1 -6.17985 1
41 74 1 1.11854 1
41 75 1 3.28067 1
41 76 1 -6.9141 1
41 77 1 0.0403583 1
41 78 1 -5.17477 1
41 79 1 1.27023 1
41 80 1 2.83878 1
41 81 1 5.03354 1
41 82 1 -2.1336 1
41 83 1 3.33377 1
41 84 1 -2.28457 1
41 85 1 -0.339591 1
41 86 1 -0.443783 1
41 87 1 1.09113 1
41 88 1 2.61092 1
41 89 1 0.673711 1
41 90 1 -0.820975 1
41 91 1 1.69732 1
41 92 1 0.706574 1
41 93 1 -0.662402 1
41 94 1 -2.18665 1
41 95 1 0.690685 1
41 11 1 -0.0628127 1
41 29 1 -3.6219 1
41 97 1 -2.53793 1
42 64 1 3.26234 1
42 65 1 -0.206891 1
42 66 1 -1.81675 1
42 67 1 2.29154 1
42 68 1 -2.74004 1
42 69 1 -0.469783 1
42 70 1 1.25591 1
42 71 1 0.745666 1
42 72 1 -2.98781 1
42 73 1 -2.10365 1
42 74 1 3.87537 1
42 75 1 -1.61596 1
42 76 1 -3.66702 1
42 77 1 -2.6011 1
42 78 1 -0.777724 1
42 79 1 3.51893 1
42 80 1 0.173271 1
42 81 1 3.87322 1
42 82 1 2.64528 1
42 83 1 2.30294 1
42 84 1 -1.04433 1
42 85 1 -0.114129 1
42 86 1 2.7627 1
42 87 1 -2.11843 1
42 88 1 -4.14734 1
42 89 1 -1.68433 1
42 90 1 1.96567 1
42 91 1 0.42675 1
42 92 1 1.97596 1
42 93 1 2.92544 1
42 94 1 -3.74369 1
42 95 1 -1.38703 1
43 64 1 1.5542 1
43 65 1 -4.05085 1
43 66 1 2.97537 1
43 67 1 0.545265 1
43 68 1 1.94984 1
43 69 1 -4.36446 1
43 70 1 -0.938077 1
43 71 1 -5.63531 1
43 72 1 0.907792 1
43 73 1 -8.65229 1
43 74 1 1.97172 1
43 75 1 -4.11567 1
43 76 1 -1.28895 1
43 77 1 2.43739 1
43 78 1 1.41565 1
43 79 1 -4.89167 1
43 80 1 -0.887581 1
43 81 1 3.32276 1
43 82 1 1.71332 1
43 83 1 -3.74768 1
43 84 1 -1.88968 1
43 85 1 2.18591 1
43 86 1 3.28805 1
43 87 1 5.33471 1
43 88 1 2.64077 1
43 89 1 3.22859 1
43 90 1 -1.07789 1
43 91 1 -2.47043 1
43 92 1 2.09053 1
43 93 1 2.6271 1
43 94 1 -0.359292 1
43 95 1 3.25232 1
44 64 1 -0.632324 1
44 65 1 -6.73766 1
44 66 1 -1.53969 1
44 67 1 -1.81643 1
44 68 1 1.26265 1
44 69 1 -4.54655 1
44 70 1 3.48081 1
44 71 1 3.81842 1
44 72 1 -3.46474 1
44 73 1 1.91346 1
44 74 1 -1.26416 1
44 75 1 -4.03742 1
44 76 1 -1.21706 1
44 77 1 2.12298 1
44 78 1 4.17659 1
44 79 1 -0.0654456 1
44 80 1 7.14647 1
44 81 1 -2.67717 1
44 82 1 2.39657 1
44 83 1 -1.39451 1
44 84 1 2.06171 1
44 85 1 -0.941164 1
44 86 1 4.99882 1
44 87 1 0.244685 1
44 88 1 2.29713 1
44 89 1 0.739279 1
44 90 1 2.69466 1
44 91 1 3.16986 1
44 92 1 -2.45765 1
44 93 1 2.1302 1
44 94 1 -2.57956 1
44 95 1 -2.8574 1
44 8 1 -0.784725 1
44 29 1 0.58517 1
45 64 1 -3.04707 1
45 65 1 -0.017796 1
45 66 1 -1.01117 1
45 67 1 3.47883 1
45 68 1 -0.453704 1
45 69 1 -6.02326 1
45 70 1 -3.89689 1
45 71 1 0.252515 1
45 72 1 -5.49881 1
45 73 1 1.83421 1
45 74 1 3.62039 1
45 75 1 4.67142 1
45 76 1 -2.22669 1
45 77 1 -1.81237 1
45 78 1 -0.203317 1
45 79 1 4.32284 1
45 80 1 -3.41552 1
45 81 1 1.36493 1
45 82 1 1.29402 1
45 83 1 -4.62655 1
45 84 1 -0.514356 1
45 85 1 -3.83062 1
45 86 1 2.77262 1
45 87 1 0.300867 1
45 88 1 5.351 1
45 89 1 -2.51368 1
45 90 1 0.0510191 1
45 91 1 4.3557 1
45 92 1 -1.13013 1
45 93 1 -7.20123 1
45 94 1 1.75818 1
45 95 1 -4.91746 1
45 9 1 5.02553 1
45 20 1 0.542994 1
45 17 1 -1.35282 1
46 64 1 2.38961 1
46 65 1 0.8013 1
46 66 1 3.31357 1
46 67 1 2.7511 1
46 68 1 -6.0192 1
46 69 1 -0.834952 1
46 70 1 2.70394 1
46 71 1 -2.68467 1
46 72 1 3.35274 1
46 73 1 -5.69178 1
46 74 1 -2.67089 1
46 75 1 -2.68167 1
46 76 1 -5.88266 1
46 77 1 3.78424 1
46 78 1 -1.48241 1
46 79 1 -1.08576 1
46 80 1 3.11314 1
46 81 1 0.988345 1
46 82 1 -1.35796 1
46 83 1 2.08733 1
46 84 1 -1.37174 1
46 85 1 2.66594 1
46 86 1 -2.07045 1
46 87 1 7.53425 1
46 88 1 0.24885 1
46 89 1 -5.97123 1
46 90 1 -3.94023 1
46 91 1 -0.032749 1
46 92 1 -3.00262 1
46 93 1 -1.8027 1
46 94 1 2.06778 1
46 95 1 -0.459785 1
46 24 1 2.0185 1
47 64 1 -0.775687 1
47 65 1 0.398795 1
47 66 1 -1.39866 1
47 67 1 3.02256 1
47 68 1 -0.0702139 1
47 69 1 3.08284 1
47 70 1 -1.58423 1
47 71 1 0.702955 1
47 72 1 -1.82458 1
47 73 1 4.83691 0
47 74 1 -1.39128 1
47 75 1 -1.62134 1
47 76 1 -3.63866 1
47 77 1 -6.78759 1
47 78 1 -2.8684 1
47 79 1 -1.78149 1
47 80 1 4.96702 1
47 81 1 -3.30233 1
47 82 1 2.00476 1
47 83 1 0.551621 1
47 84 1 -4.18933 1
47 85 1 -2.04044 1
47 86 1 -3.02798 1
47 87 1 4.53385 1
47 88 1 4.88391 1
47 89 1 1.91946 1
47 90 1 7.16163 1
47 91 1 1.10377 1
47 92 1 2.37493 1
47 93 1 2.89496 1
47 94 1 3.12155 1
47 95 1 -0.717527 1
47 4 1 0.0921865 1
47 137 1 3.0138 1
137 73 1 3.28792 0
137 156 1 -0.785459 1
156 73 1 4.6164 1
156 15 1 0.926444 1
156 104 1 1.56335 1
48 64 1 0.233302 1
48 65 1 -2.08041 1
48 66 1 4.41749 1
48 67 1 -3.43932 1
48 68 1 -5.10708 1
48 69 1 -3.43689 1
48 70 1 1.45646 1
48 71 1 1.2991 1
48 72 1 -6.36534 1
48 73 1 3.50568 1
48 74 1 6.79743 1
48 75 1 -5.14207 1
48 76 1 -1.62098 1
48 77 1 -0.561101 1
48 78 1 -3.04266 1
48 79 1 2.47488 1
48 80 1 -1.44156 1
48 81 1 -3.84068 1
48 82 1 -1.71896 1
48 83 1 0.581463 1
48 84 1 0.236792 1
48 85 1 0.719539 1
48 86 1 -1.24144 1
48 87 1 0.619245 1
48 88 1 -0.035305 1
48 89 1 -2.20204 1
48 90 1 1.1568 1
48 91 1 0.555515 1
48 92 1 -6.39589 1
48 93 1 0.174365 1
48 94 1 6.90528 1
48 95 1 5.17348 1
48 16 1 1.59866 1
48 12 1 -0.116893 1
48 14 1 -1.12104 1
48 30 1 0.363027 1
49 64 1 -0.309421 1
49 65 1 -6.51661 1
49 66 1 3.5042 1
49 67 1 -1.18926 1
49 68 1 -5.22273 1
49 69 1 0.735062 1
49 70 1 1.04702 1
49 71 1 -1.41797 1
49 72 1 -2.03641 1
49 73 1 0.617705 1
49 74 1 1.62274 1
49 75 1 0.0969962 1
49 76 1 -6.10712 1
49 77 1 -4.38928 1
49 78 1 -1.94131 0
49 79 1 2.49625 1
49 80 1 6.03956 1
49 81 1 -1.94013 1
49 82 1 -0.136763 1
49 83 1 0.306717 1
49 84 1 1.59195 1
49 85 1 -1.872 1
49 86 1 -3.07991 1
49 87 1 -2.27358 1
49 88 1 2.79782 1
49 89 1 2.89538 1
49 90 1 -2.79289 1
49 91 1 2.31864 1
49 92 1 0.273798 1
49 93 1 3.81452 1
49 94 1 2.82081 1
49 95 1 2.59287 1
49 19 1 0.261692 1
49 31 1 -1.27199 1
49 15 1 -4.87395 1
49 158 1 0.838318 1
49 26 1 -0.19303 1
49 144 1 -3.38185 1
158 78 1 -2.24684 1
50 64 1 -2.67755 1
50 65 1 -1.86456 1
50 66 1 1.06699 1
50 67 1 1.03251 1
50 68 1 2.12846 1
50 69 1 -1.7043 1
50 70 1 1.14204 1
50 71 1 5.22973 1
50 72 1 -3.81113 1
50 73 1 2.36347 1
50 74 1 -0.00307487 1
50 75 1 5.33204 1
50 76 1 -1.18758 1
50 77 1 -2.44885 1
50 78 1 1.22517 1
50 79 1 -2.79193 1
50 80 1 0.903474 1
50 81 1 3.86735 1
50 82 1 -2.38427 1
50 83 1 5.41051 1
50 84 1 1.04695 1
50 85 1 4.11677 1
50 86 1 4.91779 1
50 87 1 -1.98719 1
50 88 1 -1.33668 1
50 89 1 0.365133 1
50 90 1 -0.714452 1
50 91 1 1.69603 1
50 92 1 -0.359659 1
50 93 1 -2.38388 1
50 94 1 -2.52557 1
50 95 1 -0.194497 1
50 4 1 4.0159 1
50 22 1 0.0509713 1
51 64 1 -0.451785 1
51 65 1 6.07608 1
51 66 1 1.2499 1
51 67 1 -1.4346 1
51 68 1 0.933117 1
51 69 1 0.341272 1
51 70 1 0.904976 1
51 71 1 4.61529 1
51 72 1 -3.08692 1
51 73 1 -2.27763 0
51 74 1 -1.17758 1
51 75 1 4.50242 1
51 76 1 -2.83264 1
51 77 1 5.36439 1
51 78 1 7.24628 1
51 79 1 -2.15042 1
51 80 1 -0.0950351 1
51 81 1 -2.73519 1
51 82 1 -0.671143 1
51 83 1 6.42844 1
51 84 1 -4.59893 1
51 85 1 0.0257892 1
51 86 1 -2.29732 1
51 87 1 4.5444 1
51 88 1 -1.69634 0
51 89 1 1.30136 1
51 90 1 -0.322398 1
51 91 1 -2.35666 1
51 92 1 3.52561 1
51 93 1 5.95821 1
51 94 1 -4.48423 1
51 95 1 -2.37618 1
51 116 1 1.55408 1
51 12 1 -2.923 1
51 179 1 -0.278457 1
179 88 1 0.360873 1
116 73 1 1.73463 0
116 134 1 2.13151 1
134 73 1 3.08917 0
134 128 1 2.48601 1
134 196 1 1.36228 1
196 73 1 3.19237 1
52 64 1 -2.45974 1
52 65 1 6.20274 1
52 66 1 -0.890194 1
52 67 1 0.439767 1
52 68 1 0.73022 1
52 69 1 6.17038 1
52 70 1 3.1323 1
52 71 1 -3.77778 1
52 72 1 -0.076671 1
52 73 1 3.37693 1
52 74 1 3.1652 1
52 75 1 3.57051 1
52 76 1 -4.44003 1
52 77 1 -0.00376404 1
52 78 1 4.45974 1
52 79 1 -2.50638 1
52 80 1 -1.63614 1
52 81 1 -0.235776 1
52 82 1 -0.968964 1
52 83 1 0.198258 1
52 84 1 -0.912488 1
52 85 1 -2.7025 1
52 86 1 -6.79575 1
52 87 1 0.841716 1
52 88 1 -0.256578 1
52 89 1 1.28675 1
52 90 1 -0.0693379 1
52 91 1 -1.64465 1
52 92 1 1.63241 1
52 93 1 -3.93547 0
52 94 1 4.25052 1
52 95 1 -0.562534 1
52 115 1 0.564156 1
52 139 1 1.07435 1
52 23 1 -1.75049 1
139 93 1 -0.739617 0
139 181 1 0.0955467 0
139 184 1 1.20737 1
184 181 1 -1.03101 1
184 15 1 1.62047 1
181 93 1 0.347086 1
53 64 1 -5.62775 1
53 65 1 -0.685341 1
53 66 1 -3.07966 1
53 67 1 -1.73278 1
53 68 1 -0.853048 1
53 69 1 0.974015 1
53 70 1 0.809607 0
53 71 1 0.261733 1
53 72 1 -0.284945 1
53 73 1 1.22497 1
53 74 1 -0.687819 1
53 75 1 -3.54126 1
53 76 1 0.462262 1
53 77 1 1.7846 1
53 78 1 0.927245 1
53 79 1 -0.210741 1
53 80 1 2.23497 1
53 81 1 2.67318 1
53 82 1 0.122905 1
53 83 1 -1.75768 1
53 84 1 2.75865 1
53 85 1 2.29235 1
53 86 1 1.27037 1
53 87 1 -1.28844 1
53 88 1 1.4212 1
53 89 1 1.23106 1
53 90 1 -2.71625 1
53 91 1 1.42085 1
53 92 1 1.53514 1
53 93 1 -0.908374 1
53 94 1 -1.33632 1
53 95 1 -4.03707 1
53 20 1 4.66332 1
53 23 1 -1.74206 1
53 149 1 -0.203922 1
149 70 1 -1.90312 0
149 153 1 1.00372 1
149 126 1 0.0494338 1
153 70 1 1.13921 0
153 183 1 2.50136 1
183 70 1 0.597288 0
183 191 1 1.16409 1
191 70 1 0.799014 1
54 64 1 3.35963 1
54 65 1 2.23249 1
54 66 1 -1.10186 1
54 67 1 2.19084 1
54 68 1 1.58972 1
54 69 1 -4.71235 1
54 70 1 0.994991 1
54 71 1 3.42301 1
54 72 1 1.12563 1
54 73 1 0.559583 1
54 74 1 1.05985 1
54 75 1 -4.44228 1
54 76 1 -3.97176 1
54 77 1 0.534174 1
54 78 1 -2.05484 1
54 79 1 3.46877 1
54 80 1 2.38452 1
54 81 1 4.43462 1
54 82 1 -1.66871 1
54 83 1 4.07297 1
54 84 1 -0.824418 1
54 85 1 1.62358 1
54 86 1 -5.16595 1
54 87 1 1.16881 1
54 88 1 2.35309 1
54 89 1 3.93339 1
54 90 1 -2.52428 1
54 91 1 2.6933 1
54 92 1 -1.55961 1
54 93 1 5.45761 1
54 94 1 -2.10051 1
54 95 1 -2.22854 1
54 30 1 -0.0478147 1
54 144 1 3.6087 1
54 16 1 0.0390005 1
55 64 1 1.93513 1
55 65 1 -2.45133 1
55 66 1 -2.98916 1
55 67 1 -2.62462 1
55 68 1 3.03681 1
55 69 1 0.431753 1
55 70 1 3.09932 1
55 71 1 -4.64559 1
55 72 1 0.942419 1
55 73 1 -0.655694 1
55 74 1 2.0854 1
55 75 1 -3.05272 1
55 76 1 -5.40604 1
55 77 1 3.23925 1
55 78 1 2.14894 1
55 79 1 4.01442 1
55 80 1 -2.01517 1
55 81 1 1.5108 1
55 82 1 -1.78907 1
55 83 1 1.81938 1
55 84 1 0.399887 1
55 85 1 -6.97234 1
55 86 1 -0.549933 1
55 87 1 -2.18107 1
55 88 1 -5.24231 1
55 89 1 0.67321 1
55 90 1 -1.61162 1
55 91 1 -0.829987 1
55 92 1 10.7972 1
55 93 1 -5.18645 1
55 94 1 -1.91345 1
55 95 1 -0.696802 0
55 28 1 3.47449 1
55 114 1 0.571487 1
55 0 1 -4.14556 1
55 2 1 -0.610898 1
114 95 1 -1.2316 1
56 64 1 3.72454 1
56 65 1 -11.7262 1
56 66 1 -0.977247 1
56 67 1 -1.96728 1
56 68 1 3.94794 0
56 69 1 -1.62969 1
56 70 1 3.05667 1
56 71 1 3.74008 1
56 72 1 -2.02957 1
56 73 1 1.53569 1
56 74 1 3.36577 1
56 75 1 6.50865 1
56 76 1 -3.51589 1
56 77 1 -2.25183 1
56 78 1 -3.38372 1
56 79 1 -1.66154 1
56 80 1 1.2087 1
56 81 1 4.38109 1
56 82 1 3.11628 1
56 83 1 -1.15899 1
56 84 1 -3.30744 1
56 85 1 -2.20858 1
56 86 1 3.53681 1
56 87 1 2.01544 1
56 88 1 2.153 1
56 89 1 2.06105 1
56 90 1 1.26582 1
56 91 1 -1.41386 1
56 92 1 1.92183 1
56 93 1 3.20624 1
56 94 1 -2.08011 1
56 95 1 -1.60696 1
56 3 1 -3.7382 1
56 126 1 5.23572 1
56 0 1 -2.22108 1
126 68 1 2.82825 1
126 11 1 -3.91792 1
57 64 1 -4.9839 1
57 65 1 5.80329 1
57 66 1 -1.50477 1
57 67 1 -3.24024 1
57 68 1 -1.20974 1
57 69 1 -1.62556 0
57 70 1 0.351325 1
57 71 1 2.37875 1
57 72 1 3.47267 1
57 73 1 -2.10178 1
57 74 1 1.1848 1
57 75 1 7.03181 1
57 76 1 4.24549 1
57 77 1 -4.94433 1
57 78 1 0.218266 1
57 79 1 -0.978452 1
57 80 1 3.21782 1
57 81 1 5.32922 1
57 82 1 2.77474 1
57 83 1 -1.97856 1
57 84 1 0.322944 1
57 85 1 -4.25895 1
57 86 1 -1.2509 1
57 87 1 -1.12187 1
57 88 1 2.44059 1
57 89 1 0.476201 1
57 90 1 1.18731 1
57 91 1 -2.24565 1
57 92 1 -1.70234 1
57 93 1 -2.93256 1
57 94 1 -0.0122523 1
57 95 1 3.64187 1
57 104 1 4.45688 1
57 22 1 0.217742 1
57 28 1 -0.794451 1
104 69 1 0.795302 0
104 1 1 2.45999 1
104 107 1 0.210933 1
104 19 1 1.09146 1
104 193 1 1.05688 1
193 69 1 0.178482 1
58 64 1 7.99741 1
58 65 1 -3.78493 1
58 66 1 -1.62256 1
58 67 1 -0.148947 1
58 68 1 -4.25743 1
58 69 1 -2.16865 1
58 70 1 -0.891036 1
58 71 1 2.57301 1
58 72 1 1.75623 1
58 73 1 -2.96966 1
58 74 1 2.02125 1
58 75 1 2.06055 1
58 76 1 1.18622 1
58 77 1 4.2829 1
58 78 1 -2.88886 1
58 79 1 -0.965019 0
58 80 1 -2.30974 1
58 81 1 2.70231 1
58 82 1 0.856649 1
58 83 1 1.26485 1
58 84 1 -2.3624 1
58 85 1 2.18349 1
58 86 1 2.20814 1
58 87 1 -5.20559 1
58 88 1 -7.11234 1
58 89 1 -3.40726 1
58 90 1 1.98053 1
58 91 1 -3.23068 1
58 92 1 -0.746509 0
58 93 1 1.50888 1
58 94 1 -1.22838 1
58 95 1 2.55756 1
58 128 1 2.42201 1
58 115 1 0.135769 1
58 174 1 3.20708 1
174 92 1 -1.12841 1
128 79 1 -0.620611 0
128 131 1 1.42843 1
131 79 1 2.5198 0
131 160 1 -0.203861 1
131 7 1 0.643579 1
160 79 1 4.12415 0
160 125 1 2.00544 1
160 173 1 0.9544 1
173 79 1 3.32393 1
59 64 1 -2.38033 1
59 65 1 1.15948 1
59 66 1 5.63858 1
59 67 1 -1.30766 1
59 68 1 3.31331 1
59 69 1 -2.43586 1
59 70 1 -2.98485 1
59 71 1 0.208265 1
59 72 1 -0.421731 1
59 73 1 -1.37697 1
59 74 1 0.26833 1
59 75 1 1.72255 1
59 76 1 2.93271 1
59 77 1 -0.4154 0
59 78 1 1.43993 1
59 79 1 -3.61645 1
59 80 1 0.266534 1
59 81 1 1.09917 1
59 82 1 -4.12884 1
59 83 1 7.54575 1
59 84 1 2.92559 1
59 85 1 -5.37964 1
59 86 1 -4.50716 1
59 87 1 0.972308 1
59 88 1 3.58317 1
59 89 1 -0.631624 1
59 90 1 -0.125749 1
59 91 1 -0.570818 1
59 92 1 1.36854 1
59 93 1 3.15987 1
59 94 1 -5.22226 1
59 95 1 2.5138 1
59 97 1 -1.3518 1
59 5 1 -5.55373 1
59 11 1 -4.59594 1
59 13 1 1.8834 1
97 77 1 -7.49681 1
97 22 1 0.786552 1
97 2 1 -6.62084 0
97 99 1 0.330875 1
97 7 1 4.35468 0
97 102 1 1.82889 1
97 17 1 2.55989 1
102 7 1 5.88697 1
99 2 1 -0.635092 0
99 108 1 5.79932 1
99 15 1 4.77642 1
108 2 1 -0.133854 0
108 125 1 7.02526 1
108 0 1 -2.56532 1
125 2 1 2.89289 1
125 1 1 2.0432 1
60 64 1 1.45406 1
60 65 1 0.503704 1
60 66 1 0.959254 1
60 67 1 -2.10018 1
60 68 1 0.975908 1
60 69 1 2.19796 1
60 70 1 -0.733471 1
60 71 1 1.38014 1
60 72 1 -0.613218 0
60 73 1 1.99774 1
60 74 1 1.71692 1
60 75 1 1.02001 1
60 76 1 -0.643345 1
60 77 1 5.4868 1
60 78 1 -3.48108 1
60 79 1 -1.01356 1
60 80 1 -5.29151 1
60 81 1 -3.38714 1
60 82 1 -1.89301 1
60 83 1 1.78125 1
60 84 1 -4.2219 1
60 85 1 2.66638 1
60 86 1 3.15982 1
60 87 1 -1.13919 1
60 88 1 -4.93599 1
60 89 1 2.01586 1
60 90 1 -1.85293 1
60 91 1 0.758463 1
60 92 1 0.936458 1
60 93 1 -0.613921 1
60 94 1 0.0236312 1
60 95 1 0.496439 1
60 24 1 -1.2115 1
60 0 1 4.538 1
60 115 1 2.72088 1
60 3 1 -3.91672 1
60 20 1 -0.726139 1
115 72 1 -1.59855 1
115 18 1 1.43133 1
115 14 1 3.70092 1
115 19 1 -0.283672 1
61 64 1 0.0576649 1
61 65 1 -1.27431 1
61 66 1 2.72678 1
61 67 1 1.61479 1
61 68 1 -3.68878 1
61 69 1 3.42975 1
61 70 1 3.16901 1
61 71 1 1.14754 1
61 72 1 0.800753 1
61 73 1 0.706716 1
61 74 1 3.70565 1
61 75 1 5.93296 1
61 76 1 0.889455 1
61 77 1 -2.06812 0
61 78 1 -4.09262 1
61 79 1 1.5144 1
61 80 1 -2.28426 1
61 81 1 -0.345605 1
61 82 1 -2.27462 1
61 83 1 -0.765481 1
61 84 1 -2.79818 1
61 85 1 -0.484891 1
61 86 1 -0.244831 1
61 87 1 1.48497 1
61 88 1 -2.21494 1
61 89 1 1.54746 1
61 90 1 -3.3185 1
61 91 1 1.95015 1
61 92 1 -0.655327 1
61 93 1 0.949064 1
61 94 1 1.74739 1
61 95 1 -1.22879 1
61 107 1 0.5171 1
61 113 1 -0.196647 1
61 14 1 -3.27011 1
107 77 1 -5.63684 0
107 113 1 -0.75464 1
107 14 1 -1.84201 1
107 20 1 0.88076 1
113 77 1 -1.07886 0
113 23 1 -0.693369 1
113 147 1 1.4295 1
113 159 1 0.49756 1
159 77 1 -1.99189 0
159 161 1 0.637668 1
161 77 1 -2.05474 1
62 64 1 -0.509753 1
62 65 1 -3.04367 1
62 66 1 3.2315 1
62 67 1 -1.94606 1
62 68 1 2.22873 1
62 69 1 0.240069 1
62 70 1 -1.64158 1
62 71 1 -5.3427 1
62 72 1 4.33708 1
62 73 1 3.98585 1
62 74 1 2.56857 1
62 75 1 -0.572044 1
62 76 1 2.93804 1
62 77 1 -3.50211 1
62 78 1 -2.53479 1
62 79 1 -1.96387 1
62 80 1 2.71075 1
62 81 1 0.830841 1
62 82 1 -1.41022 1
62 83 1 4.19684 1
62 84 1 0.207588 0
62 85 1 0.347838 1
62 86 1 3.86912 1
62 87 1 -0.885415 1
62 88 1 0.712317 1
62 89 1 -2.52695 1
62 90 1 -8.71318 1
62 91 1 0.0188802 1
62 92 1 0.74013 1
62 93 1 -1.15583 1
62 94 1 -2.13936 1
62 95 1 -2.35321 1
62 5 1 0.595552 1
62 138 1 1.86436 0
62 152 1 -0.0283173 1
62 31 1 1.54656 1
152 138 1 2.20462 0
152 187 1 1.26854 1
187 138 1 2.00201 1
138 84 1 -1.10526 1
63 64 1 2.0181 1
63 65 1 -1.85234 1
63 66 1 6.33818 1
63 67 1 -4.2131 1
63 68 1 1.83026 1
63 69 1 -3.92915 1
63 70 1 -3.88381 1
63 71 1 0.81806 1
63 72 1 0.946125 1
63 73 1 1.25543 1
63 74 1 -8.30208 1
63 75 1 0.0968095 1
63 76 1 -0.326726 0
63 77 1 0.347541 1
63 78 1 -0.82436 1
63 79 1 -0.474153 1
63 80 1 2.26799 1
63 81 1 -0.347569 1
63 82 1 3.7349 1
63 83 1 -5.89891 1
63 84 1 -2.78704 1
63 85 1 -6.09163 1
63 86 1 6.6968 1
63 87 1 -4.19185 0
63 88 1 -2.3191 1
63 89 1 -1.4089 1
63 90 1 -0.00877898 1
63 91 1 -2.6899 1
63 92 1 0.0205176 1
63 93 1 3.48972 1
63 94 1 1.66135 1
63 95 1 -1.34032 1
63 141 1 6.08789 1
63 144 1 1.38759 1
144 76 1 -0.162687 0
144 147 1 -0.19139 1
147 76 1 -1.68091 1
147 9 1 -4.01974 1
141 87 1 -5.51322 1
141 10 1 0.21781 1
