111 64 32
-0.456693 -0.951236 -2.45659 2.32584 -1.61234 2.30067 -0.50958 -0.388075 -1.37047 2.7383 1.1977 0.0772291 -2.97022 -1.40347 -0.434692 -2.34629 -0.506921 -0.265424 -0.85151 -0.522117 -2.0283 -0.633031 -1.10433 0.423937 1.70628 0.242796 1.83295 1.1203 -0.909127 0.163686 -2.88221 -0.295874 -0.00413853 2.58742 -0.472105 0.665207 -0.189147 -0.108346 -0.864949 -1.40847 0.229894 -1.0764 -0.104164 -1.27142 -0.96252 -0.726115 -0.577317 0.83296 0.546797 -0.93205 2.42966 -2.06621 -0.789837 -0.319606 3.13853 0.933233 -0.034663 1.18823 0.39474 -0.777415 -0.28844 -1.04667 0.345874 -2.60736 -1.48142 2.24041 1.5994 0.50902 -2.29504 -1.27467 -2.55501 -1.75542 0.107558 -1.13681 0.518367 1.4764 -1.635 0.995332 -0.0167066 -3.68131 1.56958 -0.219339 -0.15327 -0.514353 0.136688 -0.855254 -0.128118 1.7901 0.928378 -0.338701 -1.08651 0.820558 -2.02859 0.880039 -0.641713 -1.31974 -0.83274 0.929473 -1.15847 0.25083 0.4689 -0.778569 -0.314143 -1.92631 -1.1283 0.70988 0.644718 -0.645713 -0.622754 -0.246877 0.206487 
0 64 1 -2.85119 1
0 65 1 -1.55448 1
0 66 1 1.02519 1
0 67 1 -1.70432 1
0 68 1 2.1126 1
0 69 1 0.874178 1
0 70 1 -1.5209 1
0 71 1 -0.331205 1
0 72 1 -0.958072 1
0 73 1 0.673375 1
0 74 1 -1.05693 1
0 75 1 0.0401459 1
0 76 1 0.542137 1
0 77 1 1.59146 1
0 78 1 -0.542936 1
0 79 1 2.74146 1
0 80 1 -0.567227 1
0 81 1 0.930619 1
0 82 1 1.19779 1
0 83 1 -1.37161 1
0 84 1 -1.79095 1
0 85 1 0.812378 1
0 86 1 -0.73249 1
0 87 1 -0.396185 1
0 88 1 0.916834 1
0 89 1 2.23639 1
0 90 1 0.971572 1
0 91 1 1.05086 1
0 92 1 -1.01833 1
0 93 1 0.316807 1
0 94 1 0.858 1
0 95 1 1.59819 1
1 64 1 0.343625 1
1 65 1 0.512263 1
1 66 1 1.07354 1
1 67 1 -0.431417 1
1 68 1 1.3922 1
1 69 1 3.05807 1
1 70 1 1.42875 1
1 71 1 -1.19859 1
1 72 1 0.64947 1
1 73 1 -0.487181 1
1 74 1 -0.445578 1
1 75 1 -0.99422 1
1 76 1 1.03356 1
1 77 1 3.56567 1
1 78 1 -1.229 1
1 79 1 0.216124 1
1 80 1 -2.41717 1
1 81 1 -0.0826745 1
1 82 1 0.0887986 1
1 83 1 -1.94038 1
1 84 1 0.515489 1
1 85 1 -0.355768 1
1 86 1 0.302535 1
1 87 1 -0.486421 1
1 88 1 -0.681449 1
1 89 1 2.0243 1
1 90 1 1.57521 1
1 91 1 -0.772867 1
1 92 1 -0.833847 1
1 93 1 1.52538 1
1 94 1 -1.60932 1
1 95 1 -1.64125 1
2 64 1 0.384801 1
2 65 1 2.13359 1
2 66 1 -0.701748 1
2 67 1 -0.921402 1
2 68 1 -0.0555419 1
2 69 1 1.19332 1
2 70 1 0.201862 1
2 71 1 1.27499 1
2 72 1 0.0898409 1
2 73 1 -2.18208 1
2 74 1 -0.133655 1
2 75 1 -0.472109 1
2 76 1 -4.23422 1
2 77 1 0.914086 1
2 78 1 -1.70431 1
2 79 1 -1.71834 1
2 80 1 0.123075 1
2 81 1 -2.81211 1
2 82 1 0.599587 1
2 83 1 -0.869962 1
2 84 1 1.15043 1
2 85 1 1.06411 1
2 86 1 -2.19873 1
2 87 1 -0.804044 1
2 88 1 -0.0401153 1
2 89 1 -3.37514 1
2 90 1 -2.10752 1
2 91 1 -0.592638 1
2 92 1 1.22059 1
2 93 1 0.0991659 1
2 94 1 1.71137 1
2 95 1 -0.192164 1
2 100 1 -0.36492 1
3 64 1 -1.58288 1
3 65 1 -1.20619 1
3 66 1 -0.770208 1
3 67 1 0.175449 1
3 68 1 1.46144 1
3 69 1 -1.61667 1
3 70 1 1.91244 1
3 71 1 1.9658 1
3 72 1 3.65155 1
3 73 1 0.377527 1
3 74 1 -0.413555 1
3 75 1 1.22773 1
3 76 1 3.75864 1
3 77 1 -0.622741 1
3 78 1 -1.34475 1
3 79 1 -0.641509 1
3 80 1 0.0135268 1
3 81 1 2.51594 1
3 82 1 3.48724 1
3 83 1 -0.526721 1
3 84 1 -0.193457 1
3 85 1 -1.00407 1
3 86 1 1.6784 1
3 87 1 -1.20405 1
3 88 1 2.22694 1
3 89 1 0.0154691 1
3 90 1 -0.955906 1
3 91 1 0.025728 1
3 92 1 -0.981969 1
3 93 1 -1.23339 1
3 94 1 0.245499 1
3 95 1 0.153026 0
3 110 1 0.958178 1
110 95 1 -0.113339 1
4 64 1 1.35024 1
4 65 1 -0.0659178 1
4 66 1 -2.06648 1
4 67 1 1.52819 1
4 68 1 0.0229271 1
4 69 1 0.584406 1
4 70 1 0.965619 1
4 71 1 -0.26925 1
4 72 1 -0.103855 1
4 73 1 -0.314774 1
4 74 1 -0.250868 1
4 75 1 -1.6118 0
4 76 1 1.1878 1
4 77 1 2.12162 1
4 78 1 0.487755 1
4 79 1 -0.99584 1
4 80 1 -3.0444 1
4 81 1 -1.61985 1
4 82 1 -0.261644 1
4 83 1 0.418751 1
4 84 1 1.46723 1
4 85 1 2.30899 1
4 86 1 -1.64013 1
4 87 1 -2.78368 1
4 88 1 1.36246 1
4 89 1 -0.696006 1
4 90 1 -0.0511997 1
4 91 1 -1.63712 1
4 92 1 -0.880083 1
4 93 1 1.72558 1
4 94 1 -0.717207 1
4 95 1 1.00608 1
4 101 1 1.59459 1
101 75 1 -0.734377 1
5 64 1 1.26106 1
5 65 1 0.406845 1
5 66 1 0.0734103 1
5 67 1 2.47298 1
5 68 1 1.46863 1
5 69 1 1.55675 1
5 70 1 -1.69578 1
5 71 1 -0.835351 1
5 72 1 0.264915 1
5 73 1 -1.63786 1
5 74 1 0.615355 1
5 75 1 0.722685 1
5 76 1 0.590964 1
5 77 1 0.885253 1
5 78 1 -2.13992 1
5 79 1 1.70694 1
5 80 1 1.29399 1
5 81 1 0.933002 1
5 82 1 2.00488 1
5 83 1 2.38619 1
5 84 1 1.72472 1
5 85 1 0.973862 1
5 86 1 -0.285764 1
5 87 1 -0.280992 1
5 88 1 -0.613041 1
5 89 1 -0.501111 1
5 90 1 -0.857636 1
5 91 1 0.604609 1
5 92 1 -2.15921 1
5 93 1 -0.125456 1
5 94 1 -1.08592 1
5 95 1 -1.36607 1
6 64 1 1.01608 1
6 65 1 -1.35098 1
6 66 1 2.33592 1
6 67 1 -0.53836 1
6 68 1 -2.24123 1
6 69 1 -0.128311 1
6 70 1 -2.19671 1
6 71 1 -0.499004 1
6 72 1 0.520664 1
6 73 1 -0.763299 1
6 74 1 -0.963699 1
6 75 1 -0.720458 1
6 76 1 2.89786 1
6 77 1 -0.101127 1
6 78 1 0.0828976 1
6 79 1 -2.73899 1
6 80 1 0.721745 1
6 81 1 1.3143 1
6 82 1 -0.459255 1
6 83 1 1.66478 1
6 84 1 2.33592 1
6 85 1 -1.41207 1
6 86 1 -0.394827 1
6 87 1 1.3442 1
6 88 1 -0.529691 1
6 89 1 -1.82864 1
6 90 1 0.18255 1
6 91 1 -1.67011 1
6 92 1 1.09251 1
6 93 1 1.0267 1
6 94 1 -1.63991 1
6 95 1 1.18152 1
7 64 1 -0.0255406 1
7 65 1 -0.652019 1
7 66 1 -0.215493 1
7 67 1 -1.13148 1
7 68 1 -1.18172 1
7 69 1 -1.34265 1
7 70 1 1.83828 1
7 71 1 0.333031 1
7 72 1 0.932288 1
7 73 1 0.357171 1
7 74 1 0.537216 1
7 75 1 -1.69774 1
7 76 1 2.26226 1
7 77 1 0.510463 1
7 78 1 1.08248 1
7 79 1 1.13161 1
7 80 1 -1.28793 1
7 81 1 -1.3174 1
7 82 1 -2.89757 1
7 83 1 -0.298014 0
7 84 1 -1.23844 1
7 85 1 1.20792 1
7 86 1 2.58243 1
7 87 1 -0.0951832 1
7 88 1 -1.61496 1
7 89 1 -0.320981 1
7 90 1 0.934503 1
7 91 1 -1.57759 1
7 92 1 -0.151681 1
7 93 1 0.649667 1
7 94 1 0.330805 1
7 95 1 2.49498 1
7 100 1 -0.065747 1
100 83 1 -0.950229 1
100 24 1 -0.624944 0
100 106 1 1.12011 1
106 24 1 -1.32589 1
8 64 1 3.08592 1
8 65 1 -2.26696 1
8 66 1 -0.091744 1
8 67 1 -0.0576959 1
8 68 1 -0.297993 1
8 69 1 1.08786 1
8 70 1 -1.30903 1
8 71 1 0.551816 1
8 72 1 -0.0784035 1
8 73 1 2.46066 1
8 74 1 0.49071 1
8 75 1 -2.49206 1
8 76 1 -1.3018 1
8 77 1 1.13685 1
8 78 1 -0.827814 1
8 79 1 -0.891733 1
8 80 1 -0.121501 1
8 81 1 -0.241621 1
8 82 1 -0.380805 1
8 83 1 -1.83741 1
8 84 1 1.27241 1
8 85 1 2.55097 1
8 86 1 4.11326 1
8 87 1 -0.426295 1
8 88 1 -0.699152 1
8 89 1 3.12458 1
8 90 1 -0.456465 1
8 91 1 -0.490154 1
8 92 1 2.21736 1
8 93 1 2.15538 1
8 94 1 2.5629 1
8 95 1 -0.0711287 1
9 64 1 1.20108 1
9 65 1 -0.555622 1
9 66 1 0.296872 1
9 67 1 0.825619 1
9 68 1 -1.92227 1
9 69 1 -0.208723 1
9 70 1 -2.63608 1
9 71 1 -1.10331 1
9 72 1 0.288552 1
9 73 1 -0.660501 1
9 74 1 0.902658 1
9 75 1 -2.25093 1
9 76 1 1.17065 1
9 77 1 -0.300548 1
9 78 1 -0.381916 1
9 79 1 1.54646 1
9 80 1 0.282658 1
9 81 1 -0.430315 1
9 82 1 -1.70919 1
9 83 1 -0.726794 1
9 84 1 2.68024 1
9 85 1 3.07244 1
9 86 1 -1.88482 1
9 87 1 0.335556 1
9 88 1 -0.790656 1
9 89 1 3.11703 1
9 90 1 -0.49285 1
9 91 1 -0.580275 1
9 92 1 -1.2011 1
9 93 1 -0.713352 1
9 94 1 -1.85166 1
9 95 1 -0.396041 1
10 64 1 0.0937053 1
10 65 1 0.278212 1
10 66 1 1.97758 1
10 67 1 0.23992 1
10 68 1 1.34392 1
10 69 1 0.177225 1
10 70 1 0.358529 1
10 71 1 -0.99437 1
10 72 1 0.931519 1
10 73 1 0.662109 1
10 74 1 -0.305525 1
10 75 1 0.639904 1
10 76 1 -0.780201 1
10 77 1 1.96167 1
10 78 1 -2.80545 1
10 79 1 -1.24837 1
10 80 1 1.23239 1
10 81 1 0.239609 1
10 82 1 0.669961 1
10 83 1 1.04094 1
10 84 1 1.36568 1
10 85 1 1.98433 1
10 86 1 -0.825682 1
10 87 1 1.16682 1
10 88 1 1.6766 1
10 89 1 -0.399216 1
10 90 1 -0.509467 1
10 91 1 0.461595 1
10 92 1 3.88701 1
10 93 1 -0.847071 1
10 94 1 2.90961 1
10 95 1 1.54936 1
11 64 1 2.44774 1
11 65 1 0.660979 1
11 66 1 0.232531 1
11 67 1 -3.30184 1
11 68 1 2.56699 1
11 69 1 0.0521617 1
11 70 1 1.04166 1
11 71 1 0.0417853 1
11 72 1 1.03913 1
11 73 1 0.60167 1
11 74 1 -0.890427 1
11 75 1 -1.07735 1
11 76 1 -1.97595 1
11 77 1 0.831112 1
11 78 1 -1.3243 1
11 79 1 -1.40771 1
11 80 1 1.49094 1
11 81 1 1.71844 1
11 82 1 1.28787 1
11 83 1 -0.011833 1
11 84 1 3.37655 1
11 85 1 -1.38281 1
11 86 1 -0.861493 1
11 87 1 -0.682775 1
11 88 1 -1.63802 1
11 89 1 -1.95154 1
11 90 1 -0.362583 1
11 91 1 -0.0850554 1
11 92 1 -1.17737 1
11 93 1 2.04234 1
11 94 1 0.704483 1
11 95 1 -0.536108 1
12 64 1 -1.73445 1
12 65 1 2.73113 1
12 66 1 -0.223145 1
12 67 1 -1.13224 1
12 68 1 0.360854 1
12 69 1 1.17948 1
12 70 1 1.43134 1
12 71 1 0.997505 1
12 72 1 -0.480945 1
12 73 1 1.06234 1
12 74 1 1.12898 1
12 75 1 -1.76965 1
12 76 1 0.960304 1
12 77 1 0.921409 1
12 78 1 -0.963374 1
12 79 1 -2.30048 1
12 80 1 -1.4928 1
12 81 1 0.0418265 1
12 82 1 0.0389284 1
12 83 1 -0.0437983 1
12 84 1 -1.75362 1
12 85 1 -0.95785 1
12 86 1 0.208228 1
12 87 1 1.07109 1
12 88 1 0.733626 1
12 89 1 1.33279 1
12 90 1 1.11743 1
12 91 1 -1.47534 1
12 92 1 0.313153 1
12 93 1 -2.36477 1
12 94 1 -1.61572 1
12 95 1 0.557852 1
13 64 1 -1.40241 1
13 65 1 -1.27992 1
13 66 1 -0.557591 1
13 67 1 -0.07528 1
13 68 1 1.71862 1
13 69 1 -1.36048 1
13 70 1 0.0336366 1
13 71 1 2.89139 1
13 72 1 -0.670991 1
13 73 1 -2.82895 1
13 74 1 0.198455 1
13 75 1 0.608767 1
13 76 1 0.540087 1
13 77 1 -0.704049 1
13 78 1 0.115167 1
13 79 1 -1.06426 1
13 80 1 -0.837682 1
13 81 1 -0.900116 1
13 82 1 0.718874 1
13 83 1 -0.733592 1
13 84 1 -0.94939 1
13 85 1 -1.12261 1
13 86 1 3.34914 1
13 87 1 3.69994 1
13 88 1 0.0366808 1
13 89 1 0.137221 1
13 90 1 -3.27233 1
13 91 1 -0.856372 1
13 92 1 -1.19857 1
13 93 1 -1.7004 1
13 94 1 -0.165713 1
13 95 1 -2.25292 1
14 64 1 -2.7209 1
14 65 1 0.677386 1
14 66 1 -0.146063 1
14 67 1 -1.31427 1
14 68 1 -1.00188 1
14 69 1 2.53376 1
14 70 1 0.594259 1
14 71 1 1.80784 1
14 72 1 -0.572812 1
14 73 1 -1.01128 1
14 74 1 1.84253 1
14 75 1 -0.307295 1
14 76 1 0.0263176 1
14 77 1 0.028583 1
14 78 1 -1.68383 1
14 79 1 1.79962 1
14 80 1 2.1991 1
14 81 1 0.928435 1
14 82 1 2.54458 1
14 83 1 -3.09022 1
14 84 1 1.0109 1
14 85 1 -1.42977 1
14 86 1 3.03384 1
14 87 1 -0.487234 1
14 88 1 -1.67693 1
14 89 1 -0.918801 1
14 90 1 2.21814 1
14 91 1 3.91645 1
14 92 1 1.32414 1
14 93 1 1.93288 1
14 94 1 3.66365 1
14 95 1 -0.146808 1
15 64 1 -1.3069 1
15 65 1 -0.368622 1
15 66 1 -1.88877 1
15 67 1 0.461835 1
15 68 1 1.03626 1
15 69 1 1.67421 1
15 70 1 3.10614 1
15 71 1 -0.81054 1
15 72 1 -3.13733 1
15 73 1 0.626948 1
15 74 1 -2.00202 1
15 75 1 -2.18993 1
15 76 1 -0.474382 1
15 77 1 1.08199 1
15 78 1 -0.529131 1
15 79 1 -0.332122 1
15 80 1 0.80461 1
15 81 1 1.19345 1
15 82 1 -1.75745 1
15 83 1 0.750257 1
15 84 1 1.36368 1
15 85 1 -0.37273 1
15 86 1 0.0691849 1
15 87 1 -1.2818 1
15 88 1 1.49522 1
15 89 1 0.13421 1
15 90 1 0.803551 1
15 91 1 -0.575103 1
15 92 1 -0.701336 1
15 93 1 0.902227 1
15 94 1 1.73656 1
15 95 1 1.86797 1
16 64 1 0.844353 1
16 65 1 -2.18859 1
16 66 1 -4.11505 1
16 67 1 -2.08707 1
16 68 1 2.36793 1
16 69 1 -0.195517 1
16 70 1 1.92556 1
16 71 1 1.34461 1
16 72 1 -1.29207 1
16 73 1 -0.93661 1
16 74 1 1.29125 1
16 75 1 -1.94986 1
16 76 1 -1.80263 1
16 77 1 0.539004 1
16 78 1 0.507497 1
16 79 1 -1.35289 1
16 80 1 -2.9682 1
16 81 1 2.0846 1
16 82 1 -1.79942 1
16 83 1 0.698674 1
16 84 1 0.168474 1
16 85 1 0.0613065 1
16 86 1 -2.15975 1
16 87 1 -0.446998 1
16 88 1 2.03041 1
16 89 1 1.37903 1
16 90 1 -1.13715 1
16 91 1 0.581951 1
16 92 1 1.37177 1
16 93 1 -0.779634 1
16 94 1 1.40105 1
16 95 1 -1.8965 1
17 64 1 -2.46212 1
17 65 1 -1.03783 1
17 66 1 -0.395835 1
17 67 1 0.887587 1
17 68 1 -0.771423 1
17 69 1 0.96432 1
17 70 1 2.09659 1
17 71 1 1.36259 1
17 72 1 -3.99545 1
17 73 1 1.71384 1
17 74 1 1.11061 1
17 75 1 -0.0869877 1
17 76 1 -3.0536 1
17 77 1 0.175697 1
17 78 1 1.12846 1
17 79 1 -2.91183 1
17 80 1 1.29381 1
17 81 1 1.34894 1
17 82 1 -1.84056 1
17 83 1 -0.124639 1
17 84 1 -1.88026 1
17 85 1 -0.213141 1
17 86 1 1.93493 1
17 87 1 1.90543 1
17 88 1 -1.08879 1
17 89 1 -0.697334 1
17 90 1 -2.54018 1
17 91 1 2.04111 1
17 92 1 0.438919 1
17 93 1 0.0497942 1
17 94 1 1.14411 1
17 95 1 -0.752379 1
18 64 1 0.510088 1
18 65 1 1.05794 1
18 66 1 -0.0550197 1
18 67 1 -0.476807 1
18 68 1 0.677459 1
18 69 1 -0.314208 1
18 70 1 -0.222214 1
18 71 1 0.223096 1
18 72 1 2.21441 1
18 73 1 -0.929124 1
18 74 1 1.79884 1
18 75 1 0.431458 1
18 76 1 0.614133 1
18 77 1 1.26115 1
18 78 1 0.917755 1
18 79 1 -1.12075 1
18 80 1 0.945988 1
18 81 1 2.08248 1
18 82 1 -1.4303 1
18 83 1 -1.00835 1
18 84 1 0.416905 1
18 85 1 -2.34226 1
18 86 1 0.842112 1
18 87 1 -0.167656 1
18 88 1 1.49944 1
18 89 1 0.711105 1
18 90 1 -0.622175 1
18 91 1 0.902947 1
18 92 1 -0.7154 1
18 93 1 0.211251 1
18 94 1 -0.0870529 1
18 95 1 -0.655722 1
18 25 1 -1.3716 1
19 64 1 -0.280978 1
19 65 1 -0.0116216 1
19 66 1 2.06053 1
19 67 1 -2.24671 1
19 68 1 -1.99115 1
19 69 1 0.970658 1
19 70 1 -1.105 1
19 71 1 0.188719 1
19 72 1 1.88535 1
19 73 1 0.267815 1
19 74 1 0.0764262 1
19 75 1 -0.940768 1
19 76 1 -1.0964 1
19 77 1 -0.82417 1
19 78 1 -1.32319 1
19 79 1 1.44012 1
19 80 1 -1.0176 1
19 81 1 -2.46397 1
19 82 1 0.188975 1
19 83 1 -2.42708 1
19 84 1 1.65825 1
19 85 1 -0.376795 1
19 86 1 0.17568 1
19 87 1 2.17226 1
19 88 1 0.401863 1
19 89 1 3.28343 1
19 90 1 -0.396908 1
19 91 1 -0.320628 1
19 92 1 0.581284 1
19 93 1 -3.45506 1
19 94 1 -2.34403 1
19 95 1 -3.1105 1
20 64 1 1.85804 1
20 65 1 0.422772 1
20 66 1 0.886847 1
20 67 1 -0.414314 1
20 68 1 0.154624 1
20 69 1 -1.70135 1
20 70 1 -2.09218 1
20 71 1 -1.254 1
20 72 1 0.349151 1
20 73 1 -0.576663 1
20 74 1 1.08503 1
20 75 1 0.791746 1
20 76 1 -1.57159 1
20 77 1 0.175331 1
20 78 1 1.57378 1
20 79 1 0.993892 1
20 80 1 -0.200953 1
20 81 1 -0.736914 1
20 82 1 2.60365 1
20 83 1 2.50217 1
20 84 1 0.537936 1
20 85 1 -0.678486 1
20 86 1 0.803398 1
20 87 1 -0.136292 1
20 88 1 0.178523 1
20 89 1 1.11601 1
20 90 1 1.01401 1
20 91 1 -0.925396 0
20 92 1 -1.23943 1
20 93 1 3.3006 0
20 94 1 -0.0660873 0
20 95 1 -0.549648 1
20 96 1 -0.362919 1
20 98 1 0.225332 1
20 103 1 2.43089 1
103 91 1 -1.04527 0
103 105 1 1.56144 1
105 91 1 -0.55366 1
98 93 1 -0.233819 1
98 99 1 -0.124149 1
96 94 1 -0.0927689 1
21 64 1 -0.806016 1
21 65 1 0.723594 1
21 66 1 -0.71608 1
21 67 1 -1.61138 1
21 68 1 -0.970091 1
21 69 1 1.82703 1
21 70 1 -1.5077 1
21 71 1 -1.46831 1
21 72 1 -0.558488 1
21 73 1 -0.663994 1
21 74 1 -1.96441 1
21 75 1 -1.80384 1
21 76 1 0.196412 1
21 77 1 0.910674 1
21 78 1 -1.12408 1
21 79 1 -1.51887 1
21 80 1 0.0181507 1
21 81 1 -0.338434 1
21 82 1 -1.34873 1
21 83 1 -0.611481 1
21 84 1 3.39584 1
21 85 1 -0.558103 1
21 86 1 1.47284 1
21 87 1 -0.219583 1
21 88 1 2.03055 1
21 89 1 2.74317 1
21 90 1 1.78646 1
21 91 1 -0.401677 1
21 92 1 0.837938 1
21 93 1 -0.958631 1
21 94 1 -0.0955131 1
21 95 1 0.266762 1
22 64 1 1.45242 1
22 65 1 2.26871 1
22 66 1 0.989332 1
22 67 1 2.35281 1
22 68 1 -1.52318 1
22 69 1 -0.43484 1
22 70 1 -1.17991 1
22 71 1 1.66588 1
22 72 1 -1.86487 1
22 73 1 -0.989489 1
22 74 1 -1.122 1
22 75 1 1.37171 1
22 76 1 1.79774 1
22 77 1 0.306005 1
22 78 1 1.77233 1
22 79 1 2.16417 1
22 80 1 -1.2997 1
22 81 1 -2.91589 1
22 82 1 0.63229 1
22 83 1 -0.15949 1
22 84 1 -1.1432 1
22 85 1 -0.464227 1
22 86 1 0.157771 1
22 87 1 2.82119 1
22 88 1 -0.0532649 1
22 89 1 0.241065 1
22 90 1 2.37551 1
22 91 1 0.775445 1
22 92 1 0.773888 1
22 93 1 1.05023 1
22 94 1 0.700057 1
22 95 1 3.21821 1
23 64 1 -0.892982 1
23 65 1 -0.168854 1
23 66 1 1.01298 1
23 67 1 -0.612478 1
23 68 1 -1.75167 1
23 69 1 0.616732 1
23 70 1 1.15093 1
23 71 1 -2.33207 1
23 72 1 0.569612 1
23 73 1 0.368548 1
23 74 1 1.53504 1
23 75 1 0.225564 1
23 76 1 -0.159896 1
23 77 1 1.3986 1
23 78 1 1.61244 1
23 79 1 -3.47305 1
23 80 1 0.267107 1
23 81 1 -0.649087 1
23 82 1 -1.25154 1
23 83 1 0.629859 1
23 84 1 1.19578 1
23 85 1 -0.0333233 1
23 86 1 -4.4046 1
23 87 1 0.142515 1
23 88 1 1.1693 1
23 89 1 -0.277243 1
23 90 1 -0.542565 1
23 91 1 0.0110348 1
23 92 1 -0.41659 1
23 93 1 0.617413 1
23 94 1 -0.0475896 1
23 95 1 -1.07291 1
23 107 1 0.205921 1
24 64 1 -2.10757 1
24 65 1 -0.561579 1
24 66 1 -1.11137 1
24 67 1 2.9119 1
24 68 1 -2.55195 1
24 69 1 1.30778 1
24 70 1 -2.06582 1
24 71 1 2.81045 1
24 72 1 0.667398 1
24 73 1 0.971007 1
24 74 1 -1.13491 1
24 75 1 0.866672 1
24 76 1 2.44395 1
24 77 1 -2.198 1
24 78 1 -2.04418 1
24 79 1 0.445422 1
24 80 1 0.279167 1
24 81 1 0.578265 1
24 82 1 3.28505 1
24 83 1 -3.05138 1
24 84 1 -0.942797 1
24 85 1 -0.351306 1
24 86 1 -1.9078 1
24 87 1 2.08767 1
24 88 1 -1.21126 1
24 89 1 -0.175311 1
24 90 1 1.83655 1
24 91 1 -0.152447 1
24 92 1 0.99202 1
24 93 1 1.06821 1
24 94 1 -0.235498 1
24 95 1 1.41766 1
24 5 1 3.57936 1
25 64 1 -1.53975 1
25 65 1 1.38528 1
25 66 1 -0.744685 1
25 67 1 0.518032 1
25 68 1 3.48946 1
25 69 1 -4.21265 1
25 70 1 2.38286 1
25 71 1 -2.78501 1
25 72 1 -0.263602 1
25 73 1 -0.843404 1
25 74 1 0.255963 1
25 75 1 -1.2424 1
25 76 1 2.00134 1
25 77 1 1.40541 1
25 78 1 1.68957 1
25 79 1 -1.8615 1
25 80 1 1.69892 1
25 81 1 -0.181189 1
25 82 1 -0.779734 1
25 83 1 1.22886 1
25 84 1 -1.10049 1
25 85 1 -2.2789 1
25 86 1 1.1771 1
25 87 1 0.270606 1
25 88 1 1.08169 1
25 89 1 1.54001 1
25 90 1 -1.3039 1
25 91 1 -1.66704 1
25 92 1 -0.106758 1
25 93 1 0.0529335 1
25 94 1 -0.956246 1
25 95 1 0.0138327 1
25 8 1 1.79231 1
25 6 1 1.10291 1
26 64 1 0.00617124 1
26 65 1 0.209022 1
26 66 1 0.161544 1
26 67 1 2.00568 1
26 68 1 2.05077 1
26 69 1 2.75983 1
26 70 1 -1.23673 1
26 71 1 0.110501 1
26 72 1 -1.32706 1
26 73 1 0.62749 1
26 74 1 -0.189561 1
26 75 1 1.75171 1
26 76 1 -0.625567 1
26 77 1 -2.64404 1
26 78 1 -0.0430426 1
26 79 1 -2.52459 1
26 80 1 0.11964 1
26 81 1 2.40346 1
26 82 1 0.388874 1
26 83 1 2.07118 1
26 84 1 -1.80485 1
26 85 1 -0.252766 1
26 86 1 -1.58637 1
26 87 1 1.0953 1
26 88 1 -0.967176 1
26 89 1 -0.203335 1
26 90 1 -1.74126 1
26 91 1 -2.32801 1
26 92 1 -1.09587 1
26 93 1 -2.54286 1
26 94 1 0.943191 1
26 95 1 -0.421719 1
26 23 1 2.42433 1
27 64 1 -3.1522 1
27 65 1 1.80266 1
27 66 1 -0.411605 1
27 67 1 0.243884 1
27 68 1 -1.14536 1
27 69 1 -1.60065 1
27 70 1 1.39428 1
27 71 1 -2.60477 1
27 72 1 -2.54389 1
27 73 1 1.8815 1
27 74 1 -0.705554 1
27 75 1 2.60894 1
27 76 1 -1.88912 1
27 77 1 -1.44932 1
27 78 1 3.1269 1
27 79 1 0.253777 1
27 80 1 0.522496 1
27 81 1 0.0232992 1
27 82 1 -0.220987 1
27 83 1 -0.257635 1
27 84 1 0.980487 1
27 85 1 -1.52369 1
27 86 1 0.0769488 1
27 87 1 0.83038 1
27 88 1 -3.30472 1
27 89 1 -0.238963 1
27 90 1 0.353459 1
27 91 1 -0.162895 1
27 92 1 -2.53539 1
27 93 1 -1.28701 1
27 94 1 1.31042 1
27 95 1 0.152336 1
27 9 1 2.31301 1
28 64 1 0.531124 1
28 65 1 0.288794 1
28 66 1 0.554727 1
28 67 1 1.32862 1
28 68 1 0.0587752 1
28 69 1 2.62371 1
28 70 1 -1.92746 1
28 71 1 -0.991607 1
28 72 1 -1.14425 1
28 73 1 0.218952 1
28 74 1 0.130598 1
28 75 1 -0.168954 1
28 76 1 0.0209464 1
28 77 1 -0.956742 1
28 78 1 0.722196 1
28 79 1 0.442554 1
28 80 1 3.73835 1
28 81 1 -0.790719 1
28 82 1 0.872569 1
28 83 1 -0.707684 1
28 84 1 -0.0506905 1
28 85 1 -2.0154 1
28 86 1 -2.16628 1
28 87 1 -0.259277 1
28 88 1 -3.4628 1
28 89 1 -1.2682 1
28 90 1 -1.42941 1
28 91 1 -1.56287 1
28 92 1 1.41416 1
28 93 1 -1.50645 1
28 94 1 -0.272973 1
28 95 1 -1.2602 1
29 64 1 0.625179 1
29 65 1 -0.460582 1
29 66 1 0.936139 1
29 67 1 1.24246 1
29 68 1 -1.45886 1
29 69 1 0.819497 1
29 70 1 -0.00472042 1
29 71 1 -0.269015 1
29 72 1 0.72657 1
29 73 1 1.25893 1
29 74 1 0.629503 1
29 75 1 1.29499 1
29 76 1 -0.145921 1
29 77 1 0.719431 1
29 78 1 -2.75234 1
29 79 1 0.370421 1
29 80 1 0.0332677 1
29 81 1 -0.0340581 1
29 82 1 -0.581421 1
29 83 1 -0.198004 1
29 84 1 -0.0642659 1
29 85 1 0.0931958 1
29 86 1 -0.651089 1
29 87 1 -3.57857 1
29 88 1 0.435381 1
29 89 1 0.928267 1
29 90 1 -2.46033 1
29 91 1 1.46367 1
29 92 1 -0.026994 1
29 93 1 0.947982 1
29 94 1 0.318646 1
29 95 1 -1.03056 1
30 64 1 0.87868 1
30 65 1 1.45277 1
30 66 1 -0.495055 1
30 67 1 0.743386 1
30 68 1 1.20072 1
30 69 1 0.143087 1
30 70 1 -0.712375 1
30 71 1 2.03728 1
30 72 1 -1.07165 1
30 73 1 4.57818 1
30 74 1 0.628733 1
30 75 1 0.853854 1
30 76 1 -0.365226 1
30 77 1 -1.41979 1
30 78 1 -0.652904 1
30 79 1 -0.344618 1
30 80 1 1.13631 1
30 81 1 -1.55737 1
30 82 1 1.16283 1
30 83 1 4.032 1
30 84 1 1.73738 1
30 85 1 -1.19735 1
30 86 1 -1.84209 1
30 87 1 -3.14049 1
30 88 1 0.656754 1
30 89 1 -1.73307 1
30 90 1 0.850416 1
30 91 1 2.51474 1
30 92 1 0.69537 1
30 93 1 0.626819 1
30 94 1 2.56699 1
30 95 1 0.365922 1
31 64 1 1.07898 1
31 65 1 0.179847 1
31 66 1 -0.830642 1
31 67 1 3.79409 1
31 68 1 4.83216 1
31 69 1 -0.00665634 1
31 70 1 -0.945649 1
31 71 1 1.51531 1
31 72 1 -2.31693 1
31 73 1 -2.10863 1
31 74 1 -0.574551 1
31 75 1 -0.811766 1
31 76 1 -1.55662 1
31 77 1 -1.3329 1
31 78 1 -0.171414 1
31 79 1 -0.0728292 1
31 80 1 -0.128264 1
31 81 1 0.296473 1
31 82 1 2.6537 1
31 83 1 -0.870552 1
31 84 1 -1.70275 1
31 85 1 0.209435 1
31 86 1 0.74815 1
31 87 1 1.93374 1
31 88 1 0.709271 1
31 89 1 0.816424 1
31 90 1 0.988948 1
31 91 1 0.0335116 1
31 92 1 -1.65519 1
31 93 1 1.62441 1
31 94 1 -0.106597 1
31 95 1 -0.663654 1
32 64 1 2.02784 1
32 65 1 0.803251 1
32 66 1 -2.06591 1
32 67 1 0.835898 1
32 68 1 0.717946 1
32 69 1 2.74136 1
32 70 1 0.737259 1
32 71 1 1.6189 1
32 72 1 -3.73659 1
32 73 1 -0.173476 1
32 74 1 0.38913 1
32 75 1 1.18577 1
32 76 1 -1.88575 1
32 77 1 -0.864819 1
32 78 1 -1.78362 1
32 79 1 2.16811 1
32 80 1 0.308188 1
32 81 1 -2.52098 1
32 82 1 0.876561 1
32 83 1 -0.147832 1
32 84 1 -0.659896 1
32 85 1 -1.29584 1
32 86 1 0.219949 1
32 87 1 1.08114 1
32 88 1 -0.915402 1
32 89 1 -2.69297 1
32 90 1 -0.431629 1
32 91 1 -0.394383 1
32 92 1 1.78322 1
32 93 1 -2.71461 1
32 94 1 1.82948 1
32 95 1 -0.43163 1
33 64 1 0.92799 1
33 65 1 -2.78334 1
33 66 1 -0.358362 1
33 67 1 -0.714942 1
33 68 1 -1.43234 1
33 69 1 -1.45372 1
33 70 1 3.29753 1
33 71 1 0.574585 1
33 72 1 0.345071 1
33 73 1 0.810106 1
33 74 1 2.54771 1
33 75 1 -1.91327 1
33 76 1 -0.403937 1
33 77 1 2.63269 1
33 78 1 -1.7467 1
33 79 1 -1.22534 1
33 80 1 1.41616 1
33 81 1 -0.0625312 1
33 82 1 -0.222903 1
33 83 1 0.238157 1
33 84 1 1.78562 1
33 85 1 2.09595 1
33 86 1 -0.981499 1
33 87 1 1.9439 1
33 88 1 2.08088 1
33 89 1 1.33016 1
33 90 1 -0.694779 1
33 91 1 1.24313 1
33 92 1 1.15864 1
33 93 1 1.3437 1
33 94 1 1.63889 1
33 95 1 -0.394353 1
34 64 1 0.136589 1
34 65 1 0.69895 1
34 66 1 -0.863712 1
34 67 1 1.07606 1
34 68 1 2.12274 1
34 69 1 0.381913 1
34 70 1 -1.85217 1
34 71 1 -0.0129399 1
34 72 1 0.834388 1
34 73 1 0.0451686 1
34 74 1 -0.0406437 1
34 75 1 2.15108 1
34 76 1 -2.12648 1
34 77 1 0.604387 1
34 78 1 0.27587 1
34 79 1 0.408701 1
34 80 1 1.01428 1
34 81 1 0.826279 1
34 82 1 0.0435565 1
34 83 1 1.35052 1
34 84 1 0.256695 1
34 85 1 0.445836 1
34 86 1 0.150497 1
34 87 1 -0.808157 1
34 88 1 1.75855 1
34 89 1 -0.601439 1
34 90 1 -1.1267 1
34 91 1 1.18741 1
34 92 1 -1.43374 1
34 93 1 -2.87419 1
34 94 1 1.60889 1
34 95 1 0.102717 1
35 64 1 -0.867894 1
35 65 1 1.4787 1
35 66 1 0.759416 1
35 67 1 -0.0524221 1
35 68 1 0.886738 1
35 69 1 1.71991 1
35 70 1 0.286072 1
35 71 1 0.477508 1
35 72 1 -0.795394 1
35 73 1 1.48459 1
35 74 1 1.41307 1
35 75 1 -1.21042 1
35 76 1 -0.709194 1
35 77 1 1.85626 1
35 78 1 -2.61194 1
35 79 1 -1.78075 1
35 80 1 -4.00754 1
35 81 1 0.277455 1
35 82 1 3.28446 1
35 83 1 0.180772 1
35 84 1 0.888791 1
35 85 1 -1.50037 1
35 86 1 -0.762021 1
35 87 1 -0.568559 1
35 88 1 -1.0013 1
35 89 1 1.53748 1
35 90 1 -1.98249 1
35 91 1 -3.52554 1
35 92 1 0.56547 1
35 93 1 0.902148 1
35 94 1 -0.00982558 1
35 95 1 -0.185281 1
36 64 1 -1.24282 1
36 65 1 0.461488 1
36 66 1 -0.774628 1
36 67 1 0.097472 1
36 68 1 -0.468136 1
36 69 1 0.0935652 1
36 70 1 -0.266014 1
36 71 1 2.72286 1
36 72 1 -0.832682 1
36 73 1 0.904766 1
36 74 1 2.3973 1
36 75 1 0.148208 1
36 76 1 -0.44878 1
36 77 1 -1.21228 1
36 78 1 1.87354 1
36 79 1 2.80819 1
36 80 1 -0.458158 1
36 81 1 0.507505 1
36 82 1 -0.0143539 0
36 83 1 -2.29791 1
36 84 1 0.745267 1
36 85 1 -0.280996 1
36 86 1 -0.458668 1
36 87 1 -1.17697 1
36 88 1 2.5173 1
36 89 1 -0.493945 1
36 90 1 -1.47373 1
36 91 1 -0.472416 1
36 92 1 2.54636 1
36 93 1 0.216575 1
36 94 1 -1.37145 1
36 95 1 2.16466 1
36 109 1 0.96098 1
36 24 1 -0.290184 1
109 82 1 1.10342 1
37 64 1 -2.82042 1
37 65 1 -0.863293 1
37 66 1 -2.95027 1
37 67 1 -3.16882 1
37 68 1 -0.760803 1
37 69 1 1.62712 1
37 70 1 -0.743577 1
37 71 1 -1.12788 1
37 72 1 -0.219974 1
37 73 1 0.230396 1
37 74 1 -1.08184 1
37 75 1 -0.0210876 1
37 76 1 1.19697 1
37 77 1 0.69144 1
37 78 1 0.177389 1
37 79 1 0.338747 1
37 80 1 1.95578 1
37 81 1 0.584471 1
37 82 1 4.70708 1
37 83 1 0.0138267 1
37 84 1 -1.8876 1
37 85 1 1.3713 1
37 86 1 -1.25991 1
37 87 1 0.309057 1
37 88 1 -0.736011 1
37 89 1 1.32704 1
37 90 1 -1.2034 1
37 91 1 -1.77141 1
37 92 1 1.17179 1
37 93 1 -1.17157 1
37 94 1 -0.867777 1
37 95 1 -1.22613 1
38 64 1 0.408368 1
38 65 1 -2.21584 1
38 66 1 -1.31948 1
38 67 1 0.132007 1
38 68 1 0.636754 1
38 69 1 0.250421 1
38 70 1 2.26683 1
38 71 1 0.872666 1
38 72 1 0.754134 1
38 73 1 -0.446771 1
38 74 1 0.330554 1
38 75 1 1.16805 1
38 76 1 2.23935 1
38 77 1 -1.31196 1
38 78 1 0.32245 1
38 79 1 -1.07838 1
38 80 1 -1.79553 1
38 81 1 -0.201044 1
38 82 1 -1.41802 1
38 83 1 -0.535239 1
38 84 1 -0.0850384 1
38 85 1 -0.83548 1
38 86 1 -0.337195 1
38 87 1 0.207603 1
38 88 1 2.07812 1
38 89 1 1.93817 1
38 90 1 -1.43488 1
38 91 1 2.46039 1
38 92 1 0.217228 1
38 93 1 0.548559 1
38 94 1 -0.9296 1
38 95 1 -0.86422 1
39 64 1 0.430498 1
39 65 1 -0.355207 1
39 66 1 -0.0245334 1
39 67 1 -1.74756 1
39 68 1 -0.477118 1
39 69 1 1.33399 1
39 70 1 -1.5585 1
39 71 1 0.244073 1
39 72 1 0.295536 1
39 73 1 0.0058365 1
39 74 1 1.53507 1
39 75 1 0.506461 1
39 76 1 -0.470641 1
39 77 1 -2.04128 1
39 78 1 0.482051 1
39 79 1 -0.541752 1
39 80 1 -0.0452357 1
39 81 1 -1.78798 1
39 82 1 -0.380779 1
39 83 1 1.32193 1
39 84 1 1.81792 1
39 85 1 -1.34689 1
39 86 1 -0.13745 1
39 87 1 0.656329 1
39 88 1 -1.17837 1
39 89 1 0.87789 1
39 90 1 2.85063 1
39 91 1 -2.1666 1
39 92 1 1.67194 1
39 93 1 -0.170462 1
39 94 1 0.0411835 1
39 95 1 0.275122 1
39 2 1 -2.90349 1
40 64 1 -3.76098 1
40 65 1 0.271053 1
40 66 1 -0.621906 1
40 67 1 1.71701 1
40 68 1 2.78649 1
40 69 1 -1.26641 1
40 70 1 -2.46428 1
40 71 1 0.377483 1
40 72 1 1.9888 1
40 73 1 0.156788 1
40 74 1 -0.616269 1
40 75 1 -0.687441 1
40 76 1 -0.115636 1
40 77 1 0.395324 1
40 78 1 1.15723 1
40 79 1 -1.68291 1
40 80 1 1.11412 1
40 81 1 0.450813 1
40 82 1 0.276214 1
40 83 1 -0.874454 1
40 84 1 -0.0213446 1
40 85 1 2.506 1
40 86 1 1.54055 1
40 87 1 0.503556 1
40 88 1 -1.49295 1
40 89 1 -0.253607 1
40 90 1 0.90923 1
40 91 1 -0.906156 1
40 92 1 -0.407241 1
40 93 1 2.31242 1
40 94 1 -1.00246 1
40 95 1 1.22875 1
41 64 1 2.58172 1
41 65 1 -0.0141119 1
41 66 1 1.84277 1
41 67 1 -1.4513 1
41 68 1 -0.530558 1
41 69 1 0.0269598 1
41 70 1 0.183368 1
41 71 1 1.69835 1
41 72 1 3.71876 1
41 73 1 -1.88044 1
41 74 1 -1.79229 1
41 75 1 0.684827 1
41 76 1 0.109795 1
41 77 1 -0.827419 1
41 78 1 -1.80609 1
41 79 1 -2.79031 1
41 80 1 2.39369 1
41 81 1 -0.231906 1
41 82 1 -0.386957 1
41 83 1 0.813749 1
41 84 1 0.221508 1
41 85 1 -0.921209 1
41 86 1 0.0941842 1
41 87 1 -0.41064 1
41 88 1 3.63035 1
41 89 1 -0.686233 1
41 90 1 -0.480043 1
41 91 1 0.988658 1
41 92 1 -0.630421 1
41 93 1 0.522277 1
41 94 1 0.419487 1
41 95 1 -1.73096 1
41 11 1 0.659563 1
42 64 1 0.637815 1
42 65 1 -0.239948 1
42 66 1 0.63642 1
42 67 1 0.56696 1
42 68 1 1.48505 1
42 69 1 -0.890892 1
42 70 1 -0.512164 1
42 71 1 0.368559 1
42 72 1 -2.57767 1
42 73 1 -1.23518 1
42 74 1 0.802666 1
42 75 1 0.60713 1
42 76 1 -1.33536 1
42 77 1 0.922192 1
42 78 1 -1.3556 1
42 79 1 -1.27101 1
42 80 1 -0.0284479 1
42 81 1 1.07415 1
42 82 1 1.60134 1
42 83 1 1.57004 1
42 84 1 1.24394 1
42 85 1 0.987294 1
42 86 1 0.331259 1
42 87 1 -0.985647 1
42 88 1 1.715 1
42 89 1 -0.297311 1
42 90 1 0.694647 1
42 91 1 1.3341 1
42 92 1 -0.340496 1
42 93 1 1.22537 1
42 94 1 -1.03274 1
42 95 1 -1.68725 1
43 64 1 -0.121439 1
43 65 1 -0.563976 1
43 66 1 0.544868 1
43 67 1 0.66744 1
43 68 1 -1.57687 1
43 69 1 -3.02442 1
43 70 1 0.479396 1
43 71 1 -1.8575 1
43 72 1 -0.260448 1
43 73 1 -0.678564 1
43 74 1 0.605911 1
43 75 1 -2.02257 1
43 76 1 2.09882 1
43 77 1 1.02601 1
43 78 1 0.430588 1
43 79 1 -0.0142487 1
43 80 1 -1.12692 1
43 81 1 -0.0273578 1
43 82 1 0.233851 1
43 83 1 -0.281799 1
43 84 1 1.36812 1
43 85 1 2.01425 1
43 86 1 -1.05368 1
43 87 1 3.17312 1
43 88 1 -0.378679 1
43 89 1 2.45539 1
43 90 1 -0.493742 1
43 91 1 -2.15844 1
43 92 1 1.06665 1
43 93 1 1.46806 1
43 94 1 -1.08279 1
43 95 1 -0.766548 1
44 64 1 1.42347 1
44 65 1 -2.8515 1
44 66 1 0.739683 1
44 67 1 -0.229533 1
44 68 1 -1.33077 1
44 69 1 0.185945 1
44 70 1 0.267558 1
44 71 1 0.309933 1
44 72 1 -1.81967 1
44 73 1 0.589468 1
44 74 1 -1.38935 1
44 75 1 -0.258829 1
44 76 1 0.422957 1
44 77 1 1.81343 1
44 78 1 0.50453 1
44 79 1 0.820589 1
44 80 1 1.42708 1
44 81 1 0.294466 1
44 82 1 1.80621 1
44 83 1 -0.968811 1
44 84 1 1.9851 1
44 85 1 0.626944 1
44 86 1 1.00767 1
44 87 1 -1.52427 1
44 88 1 0.236577 1
44 89 1 -1.24397 1
44 90 1 1.00935 1
44 91 1 -0.629973 1
44 92 1 -0.0962744 1
44 93 1 2.27024 1
44 94 1 -0.401933 1
44 95 1 -0.342605 1
44 8 1 -0.282547 1
45 64 1 0.754872 1
45 65 1 0.769872 1
45 66 1 -0.443011 1
45 67 1 -1.54677 1
45 68 1 -1.69721 1
45 69 1 -4.93711 1
45 70 1 -0.500937 1
45 71 1 -0.434689 1
45 72 1 -0.996745 1
45 73 1 2.0478 1
45 74 1 2.43662 1
45 75 1 1.93132 1
45 76 1 0.437354 1
45 77 1 0.118906 1
45 78 1 -2.30819 1
45 79 1 0.814763 1
45 80 1 -1.47287 1
45 81 1 0.184847 1
45 82 1 0.855644 1
45 83 1 0.354804 1
45 84 1 -0.0581662 1
45 85 1 -1.51871 1
45 86 1 1.40493 1
45 87 1 -0.11177 1
45 88 1 -0.957444 1
45 89 1 -1.69075 1
45 90 1 -1.06631 1
45 91 1 0.688574 1
45 92 1 -2.05729 1
45 93 1 -2.00056 1
45 94 1 0.982582 1
45 95 1 -0.221121 1
45 9 1 1.0474 1
46 64 1 0.903882 1
46 65 1 1.05108 1
46 66 1 0.533489 1
46 67 1 1.20867 1
46 68 1 -1.9866 1
46 69 1 -1.2915 1
46 70 1 0.78652 1
46 71 1 -0.810882 1
46 72 1 -0.913188 1
46 73 1 -1.48864 1
46 74 1 -2.92067 1
46 75 1 -0.904055 1
46 76 1 -1.74781 1
46 77 1 1.06212 1
46 78 1 -0.475823 1
46 79 1 0.187577 1
46 80 1 0.649192 1
46 81 1 -1.32273 1
46 82 1 -0.15308 1
46 83 1 1.46033 1
46 84 1 -0.970454 1
46 85 1 0.0906935 1
46 86 1 -2.13699 1
46 87 1 -0.344935 1
46 88 1 -1.26621 1
46 89 1 -1.97145 1
46 90 1 0.154058 1
46 91 1 -1.17589 1
46 92 1 -2.21277 1
46 93 1 0.0997595 1
46 94 1 0.505095 1
46 95 1 0.642867 1
47 64 1 0.451157 1
47 65 1 0.783785 1
47 66 1 -0.701787 1
47 67 1 1.15111 1
47 68 1 -0.592281 1
47 69 1 3.04768 1
47 70 1 -0.935039 1
47 71 1 0.830834 1
47 72 1 1.47672 1
47 73 1 1.45575 1
47 74 1 -0.555064 1
47 75 1 -0.16368 1
47 76 1 -0.530806 1
47 77 1 -4.11173 1
47 78 1 0.119519 1
47 79 1 0.108889 1
47 80 1 -0.639175 1
47 81 1 -1.94408 1
47 82 1 0.126121 1
47 83 1 -0.0157273 1
47 84 1 -0.666676 1
47 85 1 1.14792 1
47 86 1 -1.15229 1
47 87 1 0.621696 1
47 88 1 -1.86203 1
47 89 1 0.258625 1
47 90 1 0.432728 1
47 91 1 0.771881 1
47 92 1 1.58496 1
47 93 1 -0.984 1
47 94 1 1.07994 1
47 95 1 -1.63992 1
47 4 1 -1.03366 1
48 64 1 -0.39105 1
48 65 1 -0.223215 1
48 66 1 -1.03715 1
48 67 1 -1.96521 1
48 68 1 -1.28343 1
48 69 1 -1.30318 1
48 70 1 1.44105 1
48 71 1 2.07888 1
48 72 1 -0.84708 1
48 73 1 2.11974 1
48 74 1 2.62558 1
48 75 1 -0.930628 1
48 76 1 -0.58374 1
48 77 1 -1.61667 1
48 78 1 0.689269 1
48 79 1 -0.480741 1
48 80 1 0.65167 1
48 81 1 0.259957 1
48 82 1 0.151867 1
48 83 1 1.48819 1
48 84 1 -1.13113 1
48 85 1 1.79426 1
48 86 1 -0.213171 1
48 87 1 -0.575335 1
48 88 1 -1.38952 1
48 89 1 0.670243 1
48 90 1 -0.0709588 1
48 91 1 0.607139 1
48 92 1 -1.88741 1
48 93 1 -1.00215 1
48 94 1 -0.506337 1
48 95 1 -1.31901 1
48 16 1 1.37004 1
48 12 1 -0.221072 1
49 64 1 0.909707 1
49 65 1 -1.65848 1
49 66 1 -1.4224 1
49 67 1 1.41129 1
49 68 1 1.98221 1
49 69 1 1.92188 1
49 70 1 0.210552 1
49 71 1 -2.40881 1
49 72 1 -1.93381 1
49 73 1 1.34129 1
49 74 1 0.372557 1
49 75 1 0.454483 1
49 76 1 -2.46874 1
49 77 1 -0.962498 1
49 78 1 -0.450731 1
49 79 1 2.7703 1
49 80 1 3.71637 1
49 81 1 -2.64138 1
49 82 1 0.3916 1
49 83 1 2.02555 1
49 84 1 1.3724 1
49 85 1 -1.34148 1
49 86 1 -0.00668231 1
49 87 1 -2.19709 1
49 88 1 -2.43396 1
49 89 1 -0.0297447 1
49 90 1 1.3354 1
49 91 1 0.48134 1
49 92 1 -0.646227 1
49 93 1 0.350262 1
49 94 1 -0.0248345 1
49 95 1 1.96677 1
49 19 1 0.200844 1
50 64 1 -3.4931 1
50 65 1 -0.827739 1
50 66 1 1.85183 1
50 67 1 -1.02837 1
50 68 1 0.166282 1
50 69 1 0.362162 1
50 70 1 2.27247 1
50 71 1 2.06283 1
50 72 1 -2.08062 1
50 73 1 2.45044 1
50 74 1 1.48107 1
50 75 1 1.9726 1
50 76 1 -1.2851 1
50 77 1 0.266318 1
50 78 1 1.15814 1
50 79 1 -1.38287 1
50 80 1 -0.426999 1
50 81 1 -1.45536 1
50 82 1 -0.803472 1
50 83 1 3.2077 1
50 84 1 -1.13302 1
50 85 1 1.56201 1
50 86 1 0.194281 1
50 87 1 -1.83715 1
50 88 1 -2.60662 1
50 89 1 0.241935 1
50 90 1 -1.05112 1
50 91 1 0.374575 1
50 92 1 0.169228 1
50 93 1 1.92125 1
50 94 1 -1.13031 1
50 95 1 2.22681 1
50 4 1 -1.69369 1
51 64 1 -1.99704 1
51 65 1 1.06702 1
51 66 1 0.0349335 1
51 67 1 -1.59682 1
51 68 1 -1.06169 1
51 69 1 -0.31591 1
51 70 1 -0.810662 1
51 71 1 2.05164 1
51 72 1 0.110977 1
51 73 1 -0.5937 1
51 74 1 -1.38646 1
51 75 1 3.64959 1
51 76 1 -0.464143 1
51 77 1 0.609215 1
51 78 1 -0.548109 1
51 79 1 1.00774 1
51 80 1 1.24747 1
51 81 1 -1.75354 1
51 82 1 -0.336832 1
51 83 1 1.80157 1
51 84 1 -0.96302 1
51 85 1 -0.0653329 1
51 86 1 -0.314354 1
51 87 1 0.339232 1
51 88 1 0.292504 1
51 89 1 -1.04926 1
51 90 1 -0.815775 1
51 91 1 -0.807994 1
51 92 1 -0.245953 1
51 93 1 2.62279 1
51 94 1 -2.8233 1
51 95 1 0.12461 1
52 64 1 -1.24921 1
52 65 1 0.155355 1
52 66 1 2.32034 1
52 67 1 0.171236 1
52 68 1 -0.311874 1
52 69 1 2.07861 1
52 70 1 0.657078 1
52 71 1 -1.78055 1
52 72 1 -1.62674 1
52 73 1 2.42097 1
52 74 1 2.05591 1
52 75 1 0.297778 1
52 76 1 -1.6031 1
52 77 1 0.192074 1
52 78 1 -1.75439 1
52 79 1 -1.06318 1
52 80 1 -1.49065 1
52 81 1 -0.150448 1
52 82 1 -1.99448 1
52 83 1 -1.19944 1
52 84 1 -0.356698 1
52 85 1 -1.3557 1
52 86 1 -1.80582 1
52 87 1 1.70709 1
52 88 1 -0.654186 1
52 89 1 0.247168 1
52 90 1 -1.0038 1
52 91 1 0.412898 1
52 92 1 -1.4423 1
52 93 1 -0.182519 1
52 94 1 -0.177022 1
52 95 1 -0.662243 1
53 64 1 -1.30388 1
53 65 1 1.50404 1
53 66 1 0.252864 1
53 67 1 -2.64898 1
53 68 1 -0.536825 1
53 69 1 3.41542 1
53 70 1 0.717236 1
53 71 1 -0.302849 1
53 72 1 1.15516 1
53 73 1 0.0755591 1
53 74 1 1.34717 1
53 75 1 -1.4043 1
53 76 1 1.62073 1
53 77 1 1.60965 1
53 78 1 0.735351 1
53 79 1 0.37108 1
53 80 1 -1.02052 1
53 81 1 -0.373855 1
53 82 1 0.874567 1
53 83 1 0.877235 1
53 84 1 1.26638 1
53 85 1 -1.01024 1
53 86 1 -0.0105878 1
53 87 1 -0.485483 1
53 88 1 -2.13055 1
53 89 1 -0.735059 1
53 90 1 -1.73322 1
53 91 1 -0.62482 1
53 92 1 0.485541 1
53 93 1 1.18331 1
53 94 1 0.623794 1
53 95 1 -1.84555 1
53 20 1 1.85159 1
54 64 1 1.26589 1
54 65 1 1.63949 1
54 66 1 0.191134 1
54 67 1 1.16679 1
54 68 1 0.153226 1
54 69 1 -0.759026 1
54 70 1 -0.147566 1
54 71 1 0.543121 1
54 72 1 0.99624 1
54 73 1 -0.990194 1
54 74 1 -0.445621 1
54 75 1 -1.04041 1
54 76 1 0.149252 1
54 77 1 1.47962 1
54 78 1 0.328578 1
54 79 1 -0.494571 1
54 80 1 0.401856 1
54 81 1 -1.75381 1
54 82 1 -1.39852 1
54 83 1 1.62323 1
54 84 1 0.933009 1
54 85 1 -0.0217292 1
54 86 1 -0.659498 1
54 87 1 0.739885 1
54 88 1 3.79362 1
54 89 1 0.357493 1
54 90 1 -1.32751 1
54 91 1 1.24781 1
54 92 1 -0.257819 1
54 93 1 -0.34288 1
54 94 1 0.644605 1
54 95 1 1.25543 1
54 30 1 0.32842 1
55 64 1 -0.144871 1
55 65 1 -1.26847 1
55 66 1 2.10276 1
55 67 1 1.05189 1
55 68 1 -1.11282 1
55 69 1 2.03952 1
55 70 1 3.06431 1
55 71 1 -3.74315 1
55 72 1 1.25244 1
55 73 1 -1.06747 1
55 74 1 3.50986 1
55 75 1 -3.89787 1
55 76 1 -3.23947 1
55 77 1 0.982826 1
55 78 1 -1.62768 1
55 79 1 -0.229232 1
55 80 1 0.212752 1
55 81 1 -1.35611 1
55 82 1 -0.870293 1
55 83 1 -1.14168 1
55 84 1 -0.831965 1
55 85 1 0.780047 1
55 86 1 0.0614918 1
55 87 1 2.3778 1
55 88 1 -1.64116 1
55 89 1 -1.92314 1
55 90 1 0.793673 1
55 91 1 0.456302 1
55 92 1 1.16306 1
55 93 1 -1.87994 1
55 94 1 -0.773034 1
55 95 1 -2.72562 1
55 28 1 0.0193439 1
56 64 1 1.17699 1
56 65 1 0.896618 1
56 66 1 0.0798547 1
56 67 1 -0.0640938 1
56 68 1 1.4477 1
56 69 1 0.519062 1
56 70 1 0.358312 1
56 71 1 0.450909 1
56 72 1 0.47065 1
56 73 1 -0.817327 1
56 74 1 0.0141074 1
56 75 1 2.84581 1
56 76 1 0.0272891 1
56 77 1 -0.168113 1
56 78 1 -1.20923 1
56 79 1 -0.0247277 1
56 80 1 -1.07606 1
56 81 1 1.60349 1
56 82 1 1.56873 1
56 83 1 -1.24405 1
56 84 1 -0.144861 1
56 85 1 -1.76972 1
56 86 1 -0.419496 1
56 87 1 -2.50465 1
56 88 1 1.42597 1
56 89 1 -2.20371 1
56 90 1 0.0518414 1
56 91 1 -0.735899 1
56 92 1 0.82272 1
56 93 1 1.88673 1
56 94 1 -1.84999 1
56 95 1 1.07123 1
56 3 1 0.168883 1
57 64 1 -1.8223 1
57 65 1 1.33133 1
57 66 1 -2.58969 1
57 67 1 1.4531 1
57 68 1 4.02127 1
57 69 1 -0.832265 0
57 70 1 1.90933 1
57 71 1 -0.372554 1
57 72 1 -0.609214 1
57 73 1 -1.97211 1
57 74 1 0.296626 1
57 75 1 3.13637 1
57 76 1 1.21867 1
57 77 1 -2.75919 1
57 78 1 -0.629452 1
57 79 1 -1.07167 1
57 80 1 2.68631 1
57 81 1 0.847125 1
57 82 1 0.00707044 1
57 83 1 -2.55694 1
57 84 1 0.587823 1
57 85 1 -3.66256 1
57 86 1 -0.342788 1
57 87 1 0.9234 1
57 88 1 -2.03423 1
57 89 1 2.51242 1
57 90 1 0.932694 1
57 91 1 -0.712954 1
57 92 1 0.116989 1
57 93 1 2.14931 1
57 94 1 2.8652 1
57 95 1 1.24367 1
57 104 1 0.589235 1
104 69 1 -0.392724 1
58 64 1 0.214465 1
58 65 1 -0.726963 1
58 66 1 -0.469698 1
58 67 1 -1.01674 1
58 68 1 1.30651 1
58 69 1 -1.61179 1
58 70 1 -0.956633 1
58 71 1 -0.84363 1
58 72 1 0.770076 1
58 73 1 -1.93112 1
58 74 1 1.58815 1
58 75 1 1.45947 1
58 76 1 -0.760547 1
58 77 1 -1.80787 1
58 78 1 0.0919863 1
58 79 1 -1.63443 1
58 80 1 0.728299 1
58 81 1 0.429141 1
58 82 1 0.927533 1
58 83 1 -0.68486 1
58 84 1 1.7783 1
58 85 1 0.249287 1
58 86 1 0.253033 1
58 87 1 -1.19735 1
58 88 1 -0.595061 1
58 89 1 -1.71955 1
58 90 1 0.0422276 1
58 91 1 0.616253 1
58 92 1 1.51885 1
58 93 1 0.855728 1
58 94 1 -3.34708 1
58 95 1 1.20185 1
59 64 1 -0.974106 1
59 65 1 -0.585179 1
59 66 1 0.826864 1
59 67 1 -1.08953 1
59 68 1 -0.580875 1
59 69 1 -1.75288 1
59 70 1 -1.63395 1
59 71 1 0.337716 1
59 72 1 -1.2113 1
59 73 1 -1.28555 1
59 74 1 2.04118 1
59 75 1 1.38793 1
59 76 1 1.52735 1
59 77 1 -1.00376 0
59 78 1 -2.09649 1
59 79 1 -0.265153 1
59 80 1 0.502405 1
59 81 1 -0.709878 1
59 82 1 -1.52166 1
59 83 1 0.78762 1
59 84 1 0.499938 1
59 85 1 -0.022952 1
59 86 1 -0.0919809 1
59 87 1 1.47384 1
59 88 1 1.01542 1
59 89 1 0.542683 1
59 90 1 1.99631 1
59 91 1 -0.39021 1
59 92 1 2.08071 1
59 93 1 0.78854 1
59 94 1 -0.00469669 1
59 95 1 1.88082 1
59 97 1 2.10215 1
59 5 1 0.197865 1
59 11 1 0.301562 1
97 77 1 -1.79533 1
97 22 1 -2.13769 1
97 2 1 -1.56079 0
97 99 1 0.654007 1
97 7 1 0.101682 0
97 102 1 2.05975 1
102 7 1 0.0014849 1
99 2 1 -0.0203756 0
99 108 1 1.6011 1
108 2 1 1.4312 1
60 64 1 1.49609 1
60 65 1 -0.0971582 1
60 66 1 -0.306453 1
60 67 1 -0.14272 1
60 68 1 1.81311 1
60 69 1 2.2078 1
60 70 1 -1.13182 1
60 71 1 -1.58292 1
60 72 1 -2.08519 1
60 73 1 -1.50233 1
60 74 1 -0.461728 1
60 75 1 1.49911 1
60 76 1 0.115236 1
60 77 1 3.094 1
60 78 1 -0.934453 1
60 79 1 0.264027 1
60 80 1 -1.88199 1
60 81 1 1.43455 1
60 82 1 -2.50829 1
60 83 1 0.62733 1
60 84 1 -2.22371 1
60 85 1 -0.233623 1
60 86 1 1.11945 1
60 87 1 -0.0966159 1
60 88 1 -1.20809 1
60 89 1 -2.14483 1
60 90 1 -2.20578 1
60 91 1 0.567437 1
60 92 1 -0.505985 1
60 93 1 0.877941 1
60 94 1 0.245365 1
60 95 1 -1.98683 1
60 24 1 0.00417995 1
61 64 1 -1.21149 1
61 65 1 -0.212419 1
61 66 1 0.653236 1
61 67 1 -0.252931 1
61 68 1 -1.77063 1
61 69 1 0.322222 1
61 70 1 -0.689059 1
61 71 1 0.84666 1
61 72 1 -1.22792 1
61 73 1 -0.203325 1
61 74 1 1.28404 1
61 75 1 -0.117593 1
61 76 1 1.19856 1
61 77 1 -0.940311 0
61 78 1 1.76647 1
61 79 1 -1.54063 1
61 80 1 -0.489619 1
61 81 1 0.409098 1
61 82 1 1.47742 1
61 83 1 0.652028 1
61 84 1 0.135156 1
61 85 1 1.12799 1
61 86 1 0.777391 1
61 87 1 0.582163 1
61 88 1 1.76927 1
61 89 1 2.07464 1
61 90 1 -0.449971 1
61 91 1 1.04844 1
61 92 1 -1.26189 1
61 93 1 -0.117224 1
61 94 1 1.06091 1
61 95 1 2.12606 1
61 107 1 1.44894 1
107 77 1 -2.58228 1
62 64 1 1.7646 1
62 65 1 -1.75113 1
62 66 1 1.02548 1
62 67 1 -0.231132 1
62 68 1 -1.16397 1
62 69 1 0.690432 1
62 70 1 -0.997362 1
62 71 1 -1.24602 1
62 72 1 0.468722 1
62 73 1 1.99916 1
62 74 1 1.74844 1
62 75 1 -0.320064 1
62 76 1 -1.52116 1
62 77 1 -1.00955 1
62 78 1 -0.886333 1
62 79 1 1.85306 1
62 80 1 -0.0141169 1
62 81 1 -0.740459 1
62 82 1 -0.822386 1
62 83 1 0.233299 1
62 84 1 -0.56299 1
62 85 1 -0.14672 1
62 86 1 2.61361 1
62 87 1 -1.15203 1
62 88 1 -0.0396901 1
62 89 1 -0.725079 1
62 90 1 -4.705 1
62 91 1 -0.415081 1
62 92 1 -1.59022 1
62 93 1 2.00896 1
62 94 1 -0.24972 1
62 95 1 -0.200203 1
62 5 1 -0.741906 1
63 64 1 2.83624 1
63 65 1 0.175387 1
63 66 1 2.57492 1
63 67 1 2.2505 1
63 68 1 0.174183 1
63 69 1 -2.44158 1
63 70 1 -0.379639 1
63 71 1 1.91777 1
63 72 1 0.73912 1
63 73 1 0.267213 1
63 74 1 -1.01991 1
63 75 1 -0.210404 1
63 76 1 -1.66995 1
63 77 1 1.33611 1
63 78 1 -0.75987 1
63 79 1 -0.851804 1
63 80 1 0.440747 1
63 81 1 0.760623 1
63 82 1 1.45372 1
63 83 1 -1.91947 1
63 84 1 -1.21529 1
63 85 1 -3.74042 1
63 86 1 2.35341 1
63 87 1 -0.373692 1
63 88 1 0.468622 1
63 89 1 -0.751011 1
63 90 1 1.42544 1
63 91 1 0.377581 1
63 92 1 -0.88616 1
63 93 1 0.0329432 1
63 94 1 -1.2239 1
63 95 1 2.257 1
