198 64 32
4.1716 -0.88629 -2.37801 3.88258 -7.35971 3.97972 0.596714 4.10885 -0.722296 7.67026 3.1686 7.39975 -4.54667 -3.60537 -0.757359 -3.66629 1.67315 -0.271945 1.11393 -0.255126 -0.702606 0.306822 -1.35746 0.992113 -5.56059 -0.413621 4.87762 2.99305 -3.37751 -2.87196 -3.30652 -1.13891 -0.620133 1.07494 -0.191616 5.11912 -4.31743 0.338804 -2.1311 -0.4827 -3.30038 2.42329 -1.15648 -2.81423 -6.19686 -5.71457 -5.80428 2.50431 0.23138 4.32676 1.0508 -2.87584 -3.57837 -0.879411 -0.43131 2.33651 -1.56724 3.47468 2.08323 -2.84608 1.96709 -3.39093 -4.53569 -3.54184 -3.75774 -3.49645 3.29372 1.8732 -3.49987 2.23825 -2.1851 -6.79579 -4.6561 -2.87511 2.86764 5.11459 -0.65055 -3.18229 0.388823 -6.56702 -1.01693 0.815188 -3.48376 2.95844 1.40206 0.557934 -3.30778 0.091107 3.94517 1.05187 -2.98198 0.573155 -1.01465 -0.348936 0.973232 0.0667174 -1.3094 -1.35754 -2.19583 -1.90609 1.77238 -2.6958 -5.87357 -0.35647 -4.48411 1.79402 -1.56977 -3.93392 -1.6597 -0.594744 -0.844805 3.95394 1.62089 -6.14625 0.495936 -2.48431 -1.89961 -0.312498 0.650767 -1.14742 3.47603 -1.20102 -1.53332 -0.452251 1.55929 4.22517 -0.505908 1.11603 0.00395057 2.10255 0.500357 -0.494584 0.231923 0.88926 -1.72466 -0.654484 0.369256 0.404835 -4.49951 -1.18031 3.10712 -2.56191 -2.82293 -2.26429 1.14748 1.96639 1.14648 -5.41934 -0.516226 -2.71657 -1.15285 -2.45414 -0.42715 -0.16371 0.158739 -1.3811 -0.402202 0.205808 -1.13352 0.402315 1.46603 1.80867 1.14086 2.24314 2.27826 -1.40176 0.675115 -0.574117 -0.261315 0.165494 -0.287339 0.628676 2.13815 -1.16406 -1.30202 0.583793 -1.23425 0.231376 0.0255525 1.14787 0.518428 1.39562 0.543065 -0.414186 -2.23795 0.218864 -0.582799 0.408525 1.178 -0.442623 -0.0427647 0.887552 -0.343227 0.342648 -0.599467 0.221876 -0.260998 -0.152986 
0 64 1 -4.35 1
0 65 1 2.03042 1
0 66 1 3.08211 1
0 67 1 0.528369 1
0 68 1 -1.24583 1
0 69 1 1.70594 1
0 70 1 2.43652 1
0 71 1 1.8121 1
0 72 1 2.36064 1
0 73 1 -0.363247 1
0 74 1 -1.14398 1
0 75 1 3.18111 1
0 76 1 3.18809 1
0 77 1 2.00273 1
0 78 1 -0.0467752 1
0 79 1 0.48055 1
0 80 1 4.9203 1
0 81 1 3.14831 1
0 82 1 5.55568 1
0 83 1 1.03091 1
0 84 1 -0.681233 1
0 85 1 4.24865 1
0 86 1 -3.35723 1
0 87 1 -4.06985 1
0 88 1 3.7357 1
0 89 1 3.79449 1
0 90 1 5.37712 1
0 91 1 4.62831 1
0 92 1 -3.61741 1
0 93 1 -0.860003 1
0 94 1 3.06228 1
0 95 1 -0.892047 1
0 10 1 -1.27884 1
1 64 1 -0.395448 1
1 65 1 -6.37557 1
1 66 1 3.412 1
1 67 1 -6.18852 1
1 68 1 7.16786 1
1 69 1 -2.28544 1
1 70 1 2.26453 1
1 71 1 1.07086 1
1 72 1 -2.53651 1
1 73 1 -1.37932 1
1 74 1 -2.50831 1
1 75 1 4.5098 1
1 76 1 -2.14957 1
1 77 1 5.5972 1
1 78 1 -0.2568 1
1 79 1 -3.37621 1
1 80 1 -0.341463 1
1 81 1 -0.623618 1
1 82 1 -0.124991 1
1 83 1 -5.07282 1
1 84 1 -4.7787 1
1 85 1 -2.41479 1
1 86 1 3.40358 1
1 87 1 -2.4782 1
1 88 1 -1.01626 1
1 89 1 4.15143 1
1 90 1 -1.99949 1
1 91 1 -1.74745 1
1 92 1 0.771103 1
1 93 1 -1.34361 1
1 94 1 -1.07186 1
1 95 1 -6.61706 1
1 27 1 -1.51694 1
2 64 1 1.34759 1
2 65 1 -2.75561 1
2 66 1 -4.67843 1
2 67 1 -3.36276 1
2 68 1 -0.652522 1
2 69 1 -0.940183 1
2 70 1 0.111941 1
2 71 1 1.38578 1
2 72 1 -0.965056 1
2 73 1 -1.57243 1
2 74 1 -3.52902 1
2 75 1 0.177076 1
2 76 1 -2.17246 1
2 77 1 -2.7421 1
2 78 1 -0.127512 1
2 79 1 -3.81884 1
2 80 1 -6.55363 1
2 81 1 -5.56604 1
2 82 1 0.490947 1
2 83 1 -6.10127 1
2 84 1 -1.54598 1
2 85 1 3.82295 1
2 86 1 -1.70283 1
2 87 1 -1.15003 1
2 88 1 -1.99839 1
2 89 1 -4.8595 1
2 90 1 -3.43764 1
2 91 1 -2.32959 1
2 92 1 2.88295 0
2 93 1 -1.71232 1
2 94 1 3.41892 1
2 95 1 -2.99022 1
2 100 1 0.251911 1
2 6 1 4.47281 1
2 110 1 -1.19688 1
2 180 1 2.67317 1
180 92 1 2.67299 0
180 189 1 1.20205 1
189 92 1 3.33426 1
3 64 1 -0.505113 1
3 65 1 -2.45436 1
3 66 1 0.0425278 1
3 67 1 0.316691 1
3 68 1 5.64547 1
3 69 1 -3.18518 1
3 70 1 -2.83471 1
3 71 1 -0.672751 1
3 72 1 9.87529 1
3 73 1 0.294723 1
3 74 1 -0.146201 1
3 75 1 5.08917 1
3 76 1 -0.00299868 1
3 77 1 0.923893 1
3 78 1 -3.74 1
3 79 1 0.502996 1
3 80 1 -5.97382 1
3 81 1 1.0281 1
3 82 1 5.5657 1
3 83 1 3.44716 1
3 84 1 -0.989533 1
3 85 1 -6.02892 1
3 86 1 2.33233 1
3 87 1 5.2469 1
3 88 1 -0.951697 1
3 89 1 3.50441 1
3 90 1 1.35211 1
3 91 1 1.92217 1
3 92 1 0.501771 1
3 93 1 -2.23212 1
3 94 1 -2.19744 1
3 95 1 4.50125 0
3 110 1 2.51214 1
110 95 1 -0.697329 0
110 111 1 -1.10794 0
110 132 1 4.74373 1
110 152 1 0.486265 1
110 126 1 0.299069 1
110 20 1 0.847498 1
110 16 1 0.720492 1
110 3 1 0.655478 1
132 111 1 2.36409 1
111 95 1 1.07902 1
4 64 1 1.6878 1
4 65 1 1.72165 1
4 66 1 -0.048146 1
4 67 1 5.76874 1
4 68 1 1.23402 1
4 69 1 2.36712 1
4 70 1 -0.361479 1
4 71 1 -0.96711 1
4 72 1 -2.19115 1
4 73 1 -1.24932 0
4 74 1 -1.37287 1
4 75 1 -6.70752 0
4 76 1 0.154575 1
4 77 1 2.4972 1
4 78 1 -2.89577 1
4 79 1 1.89801 1
4 80 1 -6.75649 1
4 81 1 2.77095 1
4 82 1 -0.274288 1
4 83 1 -0.856364 1
4 84 1 -3.88389 1
4 85 1 2.99057 1
4 86 1 0.985395 1
4 87 1 -3.77119 1
4 88 1 -2.79856 1
4 89 1 -2.17214 1
4 90 1 4.23477 1
4 91 1 -2.37823 1
4 92 1 -0.75233 1
4 93 1 2.60589 0
4 94 1 -1.60147 1
4 95 1 1.3852 1
4 101 1 2.81633 1
4 17 1 5.98639 1
4 118 1 2.90783 1
4 145 1 0.547401 1
4 119 1 -0.864746 1
145 93 1 -0.116755 1
145 12 1 1.68117 1
145 139 1 0.181881 1
145 136 1 -0.124904 1
118 73 1 -5.40708 1
101 75 1 2.21912 1
5 64 1 -4.13033 1
5 65 1 7.39123 1
5 66 1 -1.02167 1
5 67 1 11.5306 1
5 68 1 3.02042 1
5 69 1 3.32119 1
5 70 1 2.31063 0
5 71 1 -2.73074 1
5 72 1 0.0465534 1
5 73 1 -1.81157 1
5 74 1 -3.16538 1
5 75 1 3.66717 1
5 76 1 1.88374 1
5 77 1 1.19988 1
5 78 1 -1.27818 1
5 79 1 0.723997 1
5 80 1 2.6859 1
5 81 1 -1.67142 1
5 82 1 -1.6088 1
5 83 1 6.10711 1
5 84 1 2.1237 1
5 85 1 5.43069 1
5 86 1 1.1649 1
5 87 1 0.170048 1
5 88 1 0.968911 1
5 89 1 -2.47549 1
5 90 1 -1.71339 1
5 91 1 -2.39382 1
5 92 1 -1.76388 1
5 93 1 0.190881 1
5 94 1 -1.08934 1
5 95 1 -0.224387 1
5 28 1 3.08322 1
5 188 1 1.8671 1
188 70 1 0.525747 1
6 64 1 -1.09017 1
6 65 1 -2.28157 1
6 66 1 2.01851 1
6 67 1 0.542415 1
6 68 1 -4.06479 1
6 69 1 -3.34062 1
6 70 1 -5.00909 1
6 71 1 0.729101 1
6 72 1 2.66465 1
6 73 1 -4.15552 1
6 74 1 -4.36149 1
6 75 1 2.90779 1
6 76 1 5.31033 1
6 77 1 -3.5739 1
6 78 1 0.0979268 1
6 79 1 -4.76534 1
6 80 1 0.711151 1
6 81 1 -1.45326 1
6 82 1 1.91205 1
6 83 1 3.16633 1
6 84 1 3.71031 1
6 85 1 -6.11237 1
6 86 1 -0.843515 1
6 87 1 7.87133 1
6 88 1 0.0985182 1
6 89 1 -3.23942 1
6 90 1 2.91563 1
6 91 1 1.15859 1
6 92 1 6.6878 1
6 93 1 -4.69639 1
6 94 1 -1.06522 1
6 95 1 3.44412 1
6 26 1 1.29975 1
7 64 1 1.67187 1
7 65 1 2.21394 1
7 66 1 0.796371 1
7 67 1 -4.93012 1
7 68 1 -3.83251 1
7 69 1 -2.84777 1
7 70 1 6.70046 1
7 71 1 2.88868 1
7 72 1 3.15415 1
7 73 1 -2.53473 1
7 74 1 0.882476 1
7 75 1 -1.20821 0
7 76 1 0.940231 1
7 77 1 3.78895 1
7 78 1 1.63137 1
7 79 1 1.42358 1
7 80 1 -0.20264 1
7 81 1 2.08643 1
7 82 1 -5.28653 0
7 83 1 0.465883 0
7 84 1 -3.71574 1
7 85 1 3.88901 1
7 86 1 1.63869 1
7 87 1 5.292 1
7 88 1 -1.57528 1
7 89 1 -1.81803 1
7 90 1 1.36101 1
7 91 1 -3.73282 1
7 92 1 -0.876462 1
7 93 1 -1.34737 1
7 94 1 0.0840633 1
7 95 1 0.994534 1
7 100 1 0.249153 1
7 127 1 3.69823 1
7 164 1 0.969639 1
164 75 1 -0.00352776 1
127 82 1 -3.76323 0
127 169 1 1.1625 1
127 150 1 1.45207 1
169 82 1 -4.60289 1
169 15 1 1.50646 0
169 196 1 1.26669 1
196 15 1 1.50894 1
100 83 1 3.01545 0
100 24 1 -0.899092 0
100 106 1 2.46262 1
100 166 1 0.735599 1
166 83 1 3.77507 0
166 195 1 1.09338 1
195 83 1 3.81033 1
106 24 1 -8.89107 1
106 6 1 -3.50066 1
8 64 1 2.24586 1
8 65 1 -2.37387 1
8 66 1 -0.659029 1
8 67 1 -1.12721 1
8 68 1 -3.50375 1
8 69 1 4.494 1
8 70 1 1.09423 1
8 71 1 2.79122 1
8 72 1 3.50107 1
8 73 1 -5.03137 1
8 74 1 -1.77911 1
8 75 1 -4.31687 1
8 76 1 2.65818 1
8 77 1 3.58911 1
8 78 1 0.723346 1
8 79 1 -2.98673 1
8 80 1 -0.386966 1
8 81 1 -1.8383 1
8 82 1 -0.228186 1
8 83 1 -2.46405 1
8 84 1 2.4581 1
8 85 1 7.23469 1
8 86 1 7.02474 1
8 87 1 2.33982 1
8 88 1 0.458834 1
8 89 1 5.06803 1
8 90 1 1.20745 1
8 91 1 -3.02005 1
8 92 1 1.27682 1
8 93 1 4.64975 1
8 94 1 6.32213 1
8 95 1 -2.67542 1
8 17 1 0.116145 1
9 64 1 -4.54321 1
9 65 1 -1.77777 1
9 66 1 1.99716 1
9 67 1 0.0923343 1
9 68 1 -0.387224 1
9 69 1 -0.952219 1
9 70 1 -9.23093 1
9 71 1 -0.524557 1
9 72 1 0.2779 1
9 73 1 -3.12252 1
9 74 1 0.839699 1
9 75 1 2.14331 1
9 76 1 4.04565 1
9 77 1 0.667027 1
9 78 1 3.43243 1
9 79 1 0.449329 0
9 80 1 -2.14444 1
9 81 1 2.18068 1
9 82 1 -1.41808 1
9 83 1 -1.11207 1
9 84 1 5.55299 1
9 85 1 0.804716 1
9 86 1 1.77092 1
9 87 1 1.4458 1
9 88 1 3.62997 1
9 89 1 4.95391 1
9 90 1 -0.729571 1
9 91 1 0.267704 1
9 92 1 -0.196262 1
9 93 1 0.169088 1
9 94 1 -2.93403 1
9 95 1 -1.79894 1
9 103 1 -2.00373 1
9 130 1 -1.01067 1
9 157 1 -1.24532 1
157 79 1 1.00901 1
157 22 1 -1.22954 1
10 64 1 0.0843835 1
10 65 1 -1.74846 1
10 66 1 4.71942 1
10 67 1 -2.46329 1
10 68 1 2.47564 1
10 69 1 -1.88116 1
10 70 1 0.530497 1
10 71 1 -1.20578 1
10 72 1 5.55054 1
10 73 1 4.75684 1
10 74 1 0.576889 0
10 75 1 1.37484 1
10 76 1 3.95986 1
10 77 1 0.839349 1
10 78 1 0.0253213 1
10 79 1 -4.30656 1
10 80 1 -3.15276 1
10 81 1 6.75204 1
10 82 1 3.56518 1
10 83 1 1.02758 1
10 84 1 8.27541 1
10 85 1 2.2109 1
10 86 1 -4.50417 1
10 87 1 -1.6187 1
10 88 1 2.51889 1
10 89 1 0.358757 1
10 90 1 1.09688 1
10 91 1 3.1874 1
10 92 1 -1.40222 1
10 93 1 -0.517778 1
10 94 1 3.88534 1
10 95 1 4.89749 0
10 124 1 3.6074 1
10 165 1 0.798548 1
165 95 1 5.04452 1
165 133 1 1.78548 1
124 74 1 -0.805998 1
124 12 1 1.93835 0
124 171 1 -0.400165 1
171 12 1 2.23771 1
171 152 1 -0.128817 1
11 64 1 4.10404 1
11 65 1 2.09848 1
11 66 1 3.89532 1
11 67 1 -1.11407 1
11 68 1 1.36382 1
11 69 1 2.47947 1
11 70 1 4.49918 1
11 71 1 0.792555 1
11 72 1 -8.73472 1
11 73 1 0.408209 1
11 74 1 0.453217 0
11 75 1 -2.33216 1
11 76 1 -2.08316 1
11 77 1 1.01652 1
11 78 1 -1.86141 1
11 79 1 -1.40762 1
11 80 1 -0.539592 1
11 81 1 2.37737 1
11 82 1 4.43584 0
11 83 1 4.26379 1
11 84 1 1.89291 1
11 85 1 -0.44471 1
11 86 1 -5.06627 1
11 87 1 1.13645 1
11 88 1 -8.13075 1
11 89 1 3.06035 1
11 90 1 0.125915 1
11 91 1 -1.19742 1
11 92 1 -1.24525 1
11 93 1 2.37109 1
11 94 1 -2.91738 1
11 95 1 -6.18936 1
11 120 1 -7.494 1
11 109 1 -1.79692 1
11 154 1 3.83607 1
11 8 1 -0.170809 1
11 112 1 3.59717 1
11 24 1 1.53051 1
154 82 1 5.14423 1
120 74 1 -3.13868 1
120 13 1 0.302077 0
120 150 1 3.82224 1
150 13 1 1.64945 0
150 163 1 3.21459 1
163 13 1 1.61993 1
12 64 1 -2.09063 1
12 65 1 -1.50955 0
12 66 1 -0.32926 1
12 67 1 -3.63385 1
12 68 1 1.17087 1
12 69 1 2.25579 1
12 70 1 0.51482 1
12 71 1 -3.41383 1
12 72 1 2.85242 1
12 73 1 -3.37742 1
12 74 1 -3.45739 1
12 75 1 -0.250785 1
12 76 1 -3.13477 1
12 77 1 2.01033 1
12 78 1 -0.0551674 1
12 79 1 -2.63046 1
12 80 1 -2.26291 1
12 81 1 -3.20691 1
12 82 1 7.33399 1
12 83 1 0.0420929 1
12 84 1 3.76439 1
12 85 1 0.859933 1
12 86 1 -4.08069 1
12 87 1 -2.58331 1
12 88 1 -0.94443 1
12 89 1 0.63826 1
12 90 1 -0.248735 1
12 91 1 -2.4045 1
12 92 1 0.117417 1
12 93 1 -0.809973 1
12 94 1 1.75764 1
12 95 1 -3.93633 1
12 17 1 0.572774 1
12 18 1 0.853256 1
12 144 1 -0.47717 1
12 167 1 -0.0988842 1
12 11 1 -0.410953 1
167 65 1 -2.70948 1
167 12 1 0.362894 1
13 64 1 -0.510791 1
13 65 1 -2.98697 1
13 66 1 0.00152508 1
13 67 1 -0.838389 1
13 68 1 3.08061 1
13 69 1 -3.87388 1
13 70 1 -1.60675 1
13 71 1 0.367128 1
13 72 1 -0.227623 1
13 73 1 1.47855 1
13 74 1 0.0554066 1
13 75 1 -1.90028 1
13 76 1 -0.906995 1
13 77 1 -0.670996 1
13 78 1 1.79973 1
13 79 1 4.91322 1
13 80 1 0.456881 1
13 81 1 2.08121 1
13 82 1 3.02087 1
13 83 1 3.97816 1
13 84 1 -5.47187 1
13 85 1 5.35284 1
13 86 1 3.41083 1
13 87 1 4.45222 1
13 88 1 2.6455 1
13 89 1 0.244051 1
13 90 1 -3.84494 1
13 91 1 -4.90795 1
13 92 1 -3.32482 1
13 93 1 -3.5789 1
13 94 1 -0.240066 1
13 95 1 -4.32101 1
14 64 1 1.76573 1
14 65 1 4.30078 1
14 66 1 0.964255 1
14 67 1 4.22412 1
14 68 1 -2.59293 1
14 69 1 2.22278 1
14 70 1 -0.854641 1
14 71 1 0.970381 1
14 72 1 4.97987 1
14 73 1 1.72198 1
14 74 1 0.933681 1
14 75 1 2.08441 1
14 76 1 -4.75763 1
14 77 1 0.779963 1
14 78 1 -1.69823 1
14 79 1 -1.19557 1
14 80 1 -1.10664 1
14 81 1 1.52261 0
14 82 1 5.00939 1
14 83 1 -1.31524 1
14 84 1 -1.55179 1
14 85 1 -2.45633 1
14 86 1 4.96344 1
14 87 1 -0.332097 1
14 88 1 -2.58658 1
14 89 1 0.49135 1
14 90 1 0.773385 1
14 91 1 5.48008 1
14 92 1 4.3115 1
14 93 1 2.90329 1
14 94 1 4.90441 1
14 95 1 3.07487 1
14 104 1 -1.48869 1
14 119 1 2.20012 1
14 126 1 1.82717 1
119 81 1 6.17762 1
119 99 1 0.565761 1
15 64 1 0.812809 1
15 65 1 1.58725 1
15 66 1 -1.65428 1
15 67 1 -3.02296 1
15 68 1 3.53665 1
15 69 1 -3.43024 1
15 70 1 7.30412 1
15 71 1 -3.20743 1
15 72 1 -1.62921 1
15 73 1 1.3672 1
15 74 1 0.263684 1
15 75 1 -0.72424 1
15 76 1 1.47267 1
15 77 1 1.08067 1
15 78 1 -3.52797 1
15 79 1 -0.59656 1
15 80 1 4.72948 1
15 81 1 -0.0105561 1
15 82 1 -3.89003 1
15 83 1 0.328297 1
15 84 1 1.40336 1
15 85 1 -2.7373 1
15 86 1 3.3416 1
15 87 1 -6.79532 1
15 88 1 1.35073 1
15 89 1 4.35815 1
15 90 1 0.757123 1
15 91 1 -4.40104 1
15 92 1 0.207266 1
15 93 1 0.217087 1
15 94 1 -0.409064 1
15 95 1 -2.6652 1
15 20 1 -2.59943 1
16 64 1 2.03068 1
16 65 1 -2.84203 1
16 66 1 -1.25925 1
16 67 1 -3.76155 1
16 68 1 1.88035 1
16 69 1 1.04015 1
16 70 1 2.21615 1
16 71 1 5.38739 1
16 72 1 1.03991 1
16 73 1 -1.82418 1
16 74 1 1.24778 1
16 75 1 2.46785 1
16 76 1 2.35463 1
16 77 1 3.22022 1
16 78 1 -0.112309 1
16 79 1 -3.06262 0
16 80 1 2.10947 1
16 81 1 2.60183 1
16 82 1 -2.57046 1
16 83 1 0.816153 1
16 84 1 -0.080205 1
16 85 1 0.338298 1
16 86 1 2.88725 1
16 87 1 -1.77437 1
16 88 1 2.95919 1
16 89 1 2.34668 1
16 90 1 -3.60681 1
16 91 1 4.01842 1
16 92 1 4.26682 1
16 93 1 -3.97015 1
16 94 1 0.332321 1
16 95 1 -1.69733 1
16 26 1 -0.831825 1
16 151 1 1.9509 1
16 144 1 -1.62595 1
151 79 1 0.64191 1
17 64 1 -2.1558 1
17 65 1 0.538121 1
17 66 1 -0.0556696 1
17 67 1 3.90515 1
17 68 1 0.663011 1
17 69 1 2.87588 1
17 70 1 0.674035 1
17 71 1 4.31351 1
17 72 1 -5.30531 0
17 73 1 1.38606 1
17 74 1 3.30633 1
17 75 1 -0.893144 1
17 76 1 -0.923691 0
17 77 1 2.0754 1
17 78 1 -2.65342 1
17 79 1 -4.42447 1
17 80 1 5.10313 1
17 81 1 2.70797 1
17 82 1 1.74406 1
17 83 1 -0.797382 1
17 84 1 0.734838 1
17 85 1 3.14953 1
17 86 1 0.0738998 1
17 87 1 -3.49039 1
17 88 1 -8.40453 1
17 89 1 0.119307 1
17 90 1 -4.07279 1
17 91 1 5.03574 1
17 92 1 2.07135 1
17 93 1 3.50451 1
17 94 1 3.14768 1
17 95 1 1.86598 1
17 146 1 2.67401 1
17 190 1 1.17142 1
190 76 1 -1.91578 1
190 96 1 -0.439241 1
146 72 1 -6.17407 0
146 30 1 -1.37958 1
146 177 1 0.328159 1
177 72 1 -3.6723 1
18 64 1 0.120975 1
18 65 1 -2.75498 1
18 66 1 1.80707 1
18 67 1 3.88356 1
18 68 1 -3.62131 1
18 69 1 -0.651068 0
18 70 1 3.92348 1
18 71 1 -0.239194 1
18 72 1 -1.37552 1
18 73 1 -0.314321 1
18 74 1 1.8966 1
18 75 1 -4.00493 1
18 76 1 3.67055 1
18 77 1 -1.32897 1
18 78 1 1.75664 1
18 79 1 2.63425 1
18 80 1 -7.76279 1
18 81 1 4.12852 1
18 82 1 -5.64231 1
18 83 1 2.99381 1
18 84 1 -6.32036 1
18 85 1 3.64903 1
18 86 1 6.18895 1
18 87 1 -5.08863 1
18 88 1 2.25857 1
18 89 1 -2.7353 1
18 90 1 -0.770047 1
18 91 1 -1.23153 1
18 92 1 -4.43027 1
18 93 1 3.99056 1
18 94 1 0.705501 1
18 95 1 -0.978542 1
18 25 1 -1.84849 1
18 18 1 0.648713 1
18 139 1 1.71445 1
18 182 1 0.66171 1
182 69 1 -1.37911 1
19 64 1 5.71045 1
19 65 1 0.400177 1
19 66 1 6.0053 1
19 67 1 -1.06226 1
19 68 1 -2.72606 1
19 69 1 2.23506 1
19 70 1 -1.2493 1
19 71 1 3.29158 1
19 72 1 3.36368 1
19 73 1 0.769598 1
19 74 1 1.294 1
19 75 1 0.184759 1
19 76 1 -4.70306 1
19 77 1 -0.32548 1
19 78 1 0.207609 1
19 79 1 5.13296 1
19 80 1 -0.342302 1
19 81 1 -3.47529 1
19 82 1 -0.230079 1
19 83 1 -1.88661 1
19 84 1 1.59415 1
19 85 1 3.59871 1
19 86 1 -1.14599 1
19 87 1 2.71313 1
19 88 1 1.49023 1
19 89 1 6.24485 1
19 90 1 -0.816552 1
19 91 1 -0.628686 1
19 92 1 -0.792523 1
19 93 1 -4.67957 1
19 94 1 -1.01741 1
19 95 1 -7.73232 1
19 3 1 0.783 1
20 64 1 1.83914 1
20 65 1 0.121545 1
20 66 1 -1.8427 1
20 67 1 -1.90517 1
20 68 1 1.15787 1
20 69 1 -0.0289148 1
20 70 1 -5.86975 1
20 71 1 4.12383 1
20 72 1 -1.0731 1
20 73 1 4.00892 1
20 74 1 4.33776 1
20 75 1 4.02355 1
20 76 1 -1.40008 1
20 77 1 -3.80394 1
20 78 1 4.30477 1
20 79 1 1.25033 1
20 80 1 1.00699 1
20 81 1 2.68592 1
20 82 1 4.22692 1
20 83 1 1.30209 1
20 84 1 3.73707 1
20 85 1 -2.77215 1
20 86 1 -0.965444 1
20 87 1 1.40957 1
20 88 1 2.25889 1
20 89 1 0.614452 1
20 90 1 -0.763083 1
20 91 1 1.1856 0
20 92 1 3.65132 1
20 93 1 2.6034 0
20 94 1 1.83242 0
20 95 1 0.636917 1
20 96 1 -2.60378 1
20 98 1 2.4991 1
20 103 1 1.93636 1
20 109 1 0.214693 1
103 91 1 1.94878 0
103 105 1 3.82829 1
103 112 1 -1.38422 0
103 123 1 -2.04341 1
103 140 1 -2.23849 1
140 112 1 1.21502 1
140 102 1 -0.402808 1
123 91 1 0.147009 1
123 113 1 -0.970509 0
123 136 1 1.4365 1
123 137 1 0.935659 1
136 113 1 -0.968374 1
136 6 1 -1.64286 1
105 91 1 4.78311 0
105 129 1 1.83975 1
129 91 1 1.07677 0
129 135 1 3.90684 1
129 116 1 -0.106137 1
135 91 1 -1.64281 1
98 93 1 3.19643 1
98 99 1 6.19469 1
98 15 1 1.80875 1
96 94 1 0.977676 1
96 20 1 0.269665 0
96 155 1 2.94996 1
96 25 1 1.6152 1
96 185 1 -0.18709 1
155 20 1 -0.277498 0
155 30 1 0.190084 1
155 176 1 -0.0601776 1
155 194 1 1.10133 1
194 20 1 -1.72635 1
176 20 1 -2.67047 1
21 64 1 4.11311 1
21 65 1 5.76459 1
21 66 1 -5.72309 1
21 67 1 -4.23401 1
21 68 1 0.79926 1
21 69 1 -0.291043 1
21 70 1 0.0904725 1
21 71 1 -7.02133 1
21 72 1 -7.49105 1
21 73 1 -3.439 1
21 74 1 -2.73293 1
21 75 1 2.58212 1
21 76 1 -3.33989 1
21 77 1 -2.89465 1
21 78 1 -0.694347 1
21 79 1 -1.03245 1
21 80 1 1.50067 1
21 81 1 -2.11109 1
21 82 1 -0.298988 1
21 83 1 -3.11567 1
21 84 1 10.1716 1
21 85 1 0.364083 1
21 86 1 3.22536 1
21 87 1 -0.571905 1
21 88 1 3.54595 1
21 89 1 0.951697 1
21 90 1 -0.573456 1
21 91 1 1.32745 0
21 92 1 3.96695 1
21 93 1 1.22876 1
21 94 1 -1.60992 1
21 95 1 -0.628916 1
21 143 1 6.73674 1
143 91 1 -2.20107 1
22 64 1 0.952079 1
22 65 1 -0.530043 1
22 66 1 0.810274 1
22 67 1 6.8126 1
22 68 1 2.10577 1
22 69 1 -3.25954 1
22 70 1 -0.690163 1
22 71 1 0.225878 1
22 72 1 -3.75886 1
22 73 1 1.25005 1
22 74 1 -5.85561 1
22 75 1 -0.363934 1
22 76 1 1.13856 1
22 77 1 -0.308668 1
22 78 1 2.67408 1
22 79 1 4.97509 1
22 80 1 1.53251 1
22 81 1 -4.98736 1
22 82 1 -0.426629 1
22 83 1 -1.44981 1
22 84 1 -0.968027 1
22 85 1 2.61604 1
22 86 1 0.903918 1
22 87 1 5.57212 1
22 88 1 -4.10656 1
22 89 1 -1.04093 1
22 90 1 -0.237074 1
22 91 1 2.23511 1
22 92 1 0.183921 1
22 93 1 2.9887 1
22 94 1 6.70392 1
22 95 1 1.26133 1
23 64 1 -0.758098 1
23 65 1 1.12489 1
23 66 1 3.88608 1
23 67 1 3.21859 1
23 68 1 -4.36305 1
23 69 1 4.57461 1
23 70 1 3.32182 1
23 71 1 -3.34784 1
23 72 1 -1.23936 1
23 73 1 -2.71564 1
23 74 1 3.29023 1
23 75 1 1.84341 1
23 76 1 2.08723 1
23 77 1 1.19253 1
23 78 1 1.82627 0
23 79 1 -5.15072 1
23 80 1 2.90576 1
23 81 1 2.11838 1
23 82 1 -4.30232 1
23 83 1 -0.409172 1
23 84 1 1.17145 1
23 85 1 -3.47126 1
23 86 1 -12.5975 1
23 87 1 -1.46873 1
23 88 1 -0.320676 1
23 89 1 -3.10303 1
23 90 1 -7.45842 1
23 91 1 -2.49293 1
23 92 1 3.69909 1
23 93 1 4.40537 1
23 94 1 -4.53938 1
23 95 1 -0.408804 1
23 107 1 0.75908 1
23 27 1 -0.694159 1
23 178 1 3.02577 1
178 78 1 0.811535 1
178 24 1 1.06455 1
24 64 1 -1.93289 1
24 65 1 2.37275 1
24 66 1 -1.82124 1
24 67 1 7.01307 1
24 68 1 -4.95025 1
24 69 1 1.78476 0
24 70 1 3.2366 1
24 71 1 4.04452 1
24 72 1 1.78002 1
24 73 1 0.472589 1
24 74 1 1.96624 1
24 75 1 1.65787 1
24 76 1 -6.33794 1
24 77 1 -1.28419 1
24 78 1 -6.50635 1
24 79 1 1.22665 1
24 80 1 4.7751 1
24 81 1 3.99757 1
24 82 1 -2.66948 1
24 83 1 -1.56414 1
24 84 1 -4.5711 1
24 85 1 -1.08026 1
24 86 1 -5.20932 1
24 87 1 3.1601 1
24 88 1 -0.29504 1
24 89 1 11.1626 1
24 90 1 5.74489 1
24 91 1 -2.76576 1
24 92 1 0.195371 1
24 93 1 -1.05792 1
24 94 1 -1.21924 1
24 95 1 -6.67844 1
24 5 1 1.53585 1
24 168 1 -1.07645 1
168 69 1 3.6006 1
168 172 1 0.223741 1
25 64 1 -3.07889 1
25 65 1 1.69815 1
25 66 1 -1.0071 1
25 67 1 -2.47943 1
25 68 1 0.614682 1
25 69 1 -8.02565 1
25 70 1 0.267491 0
25 71 1 -3.34122 1
25 72 1 2.73763 1
25 73 1 2.8924 1
25 74 1 1.10851 1
25 75 1 -2.45289 1
25 76 1 -0.180023 1
25 77 1 -0.0652009 1
25 78 1 2.44326 1
25 79 1 1.61733 1
25 80 1 -0.744128 1
25 81 1 -1.72284 1
25 82 1 -0.449425 1
25 83 1 1.37382 1
25 84 1 -1.61264 1
25 85 1 -0.876421 1
25 86 1 4.30944 1
25 87 1 -0.0708261 1
25 88 1 -0.896986 1
25 89 1 -1.97946 1
25 90 1 -4.13806 1
25 91 1 4.31935 1
25 92 1 2.6388 1
25 93 1 -1.05934 1
25 94 1 -2.63648 0
25 95 1 -2.99976 1
25 8 1 1.47898 1
25 6 1 -1.76847 1
25 121 1 1.32721 1
25 175 1 1.22587 1
175 94 1 -4.49311 1
121 70 1 6.30359 1
26 64 1 -1.94987 1
26 65 1 2.78061 1
26 66 1 -1.81961 1
26 67 1 2.69269 1
26 68 1 -0.705435 1
26 69 1 0.838989 1
26 70 1 -2.21907 1
26 71 1 0.282664 1
26 72 1 -4.19748 1
26 73 1 0.314516 1
26 74 1 -8.30113 1
26 75 1 2.76601 1
26 76 1 1.96332 1
26 77 1 -5.97439 1
26 78 1 0.400007 1
26 79 1 1.04211 1
26 80 1 -4.69626 1
26 81 1 3.53972 1
26 82 1 2.84224 1
26 83 1 0.429379 1
26 84 1 -6.51669 1
26 85 1 -2.32237 1
26 86 1 -5.24563 1
26 87 1 3.04803 1
26 88 1 -5.89881 1
26 89 1 1.66446 1
26 90 1 -3.90213 1
26 91 1 -3.84776 1
26 92 1 -1.18305 1
26 93 1 -2.70488 1
26 94 1 1.22277 1
26 95 1 0.397786 1
26 23 1 4.88529 1
26 15 1 1.42282 1
26 161 1 -1.22106 1
27 64 1 -2.18357 1
27 65 1 6.73002 1
27 66 1 3.21385 1
27 67 1 1.07922 1
27 68 1 2.61652 1
27 69 1 1.01911 1
27 70 1 5.85506 1
27 71 1 -6.3693 1
27 72 1 -0.38408 1
27 73 1 3.26463 1
27 74 1 -4.0971 1
27 75 1 2.45655 1
27 76 1 -2.37119 1
27 77 1 4.51573 1
27 78 1 3.10616 1
27 79 1 0.750157 1
27 80 1 -1.68468 1
27 81 1 -2.64435 1
27 82 1 4.16265 1
27 83 1 -0.975269 1
27 84 1 3.62121 1
27 85 1 -1.75647 1
27 86 1 -2.50632 1
27 87 1 -1.234 1
27 88 1 -8.38989 1
27 89 1 -6.27332 1
27 90 1 8.75846 1
27 91 1 -1.85273 1
27 92 1 -0.36072 1
27 93 1 0.15355 1
27 94 1 1.30421 0
27 95 1 -1.07696 1
27 9 1 4.41623 1
27 5 1 1.85611 1
27 186 1 0.63976 1
186 94 1 -0.339033 1
28 64 1 2.42089 1
28 65 1 1.03236 1
28 66 1 -0.207745 1
28 67 1 5.4661 1
28 68 1 5.41185 1
28 69 1 0.911558 1
28 70 1 -1.84937 1
28 71 1 1.2296 1
28 72 1 -7.58789 1
28 73 1 -0.346435 1
28 74 1 -0.337103 1
28 75 1 1.31698 1
28 76 1 1.23105 1
28 77 1 1.29949 1
28 78 1 -4.39017 1
28 79 1 2.31671 1
28 80 1 0.517646 1
28 81 1 -0.927803 1
28 82 1 4.38197 1
28 83 1 1.29771 1
28 84 1 5.01736 1
28 85 1 -4.81485 1
28 86 1 -2.63326 1
28 87 1 2.75033 1
28 88 1 -5.24303 1
28 89 1 -0.0312678 1
28 90 1 -1.22042 1
28 91 1 1.31843 1
28 92 1 4.9911 1
28 93 1 -1.75612 1
28 94 1 5.78599 1
28 95 1 -1.61344 1
29 64 1 0.5858 1
29 65 1 1.31403 1
29 66 1 -1.24222 1
29 67 1 4.48503 1
29 68 1 -8.72719 1
29 69 1 3.27247 1
29 70 1 -2.84897 1
29 71 1 -1.81878 1
29 72 1 1.81337 1
29 73 1 -0.0231225 1
29 74 1 -2.63493 1
29 75 1 0.296599 1
29 76 1 -1.65956 1
29 77 1 1.53714 1
29 78 1 -5.70156 1
29 79 1 -3.83826 1
29 80 1 2.58747 1
29 81 1 3.06366 1
29 82 1 0.926425 1
29 83 1 -1.29077 1
29 84 1 -1.24535 1
29 85 1 -1.8926 1
29 86 1 -4.33846 1
29 87 1 -3.38485 1
29 88 1 -1.67133 1
29 89 1 -1.22659 1
29 90 1 -0.977435 1
29 91 1 -0.0352366 1
29 92 1 2.32195 1
29 93 1 -0.161969 1
29 94 1 -0.602236 1
29 95 1 2.10971 1
29 113 1 1.24608 1
30 64 1 -1.85183 1
30 65 1 7.04819 1
30 66 1 5.63087 1
30 67 1 -2.58208 1
30 68 1 1.33104 1
30 69 1 -0.0798673 1
30 70 1 4.6504 1
30 71 1 0.531111 1
30 72 1 -1.05433 1
30 73 1 2.99998 1
30 74 1 -1.96763 1
30 75 1 1.49972 1
30 76 1 3.0021 1
30 77 1 -1.7947 1
30 78 1 5.44986 1
30 79 1 5.12344 1
30 80 1 -3.29834 1
30 81 1 0.711329 1
30 82 1 7.57321 1
30 83 1 3.2536 1
30 84 1 2.40108 1
30 85 1 -1.55466 1
30 86 1 -2.64236 1
30 87 1 -3.13796 1
30 88 1 1.31384 1
30 89 1 -1.79983 1
30 90 1 -1.56098 1
30 91 1 3.54492 1
30 92 1 -0.689682 1
30 93 1 2.2732 1
30 94 1 1.73683 1
30 95 1 -4.59325 1
30 28 1 1.24461 1
31 64 1 3.60846 1
31 65 1 -4.48492 1
31 66 1 -4.89983 1
31 67 1 8.98915 1
31 68 1 4.24277 1
31 69 1 2.00263 1
31 70 1 -1.80113 1
31 71 1 2.04001 1
31 72 1 -2.2212 1
31 73 1 1.3714 1
31 74 1 3.51871 1
31 75 1 -0.649583 1
31 76 1 -4.71024 1
31 77 1 -1.37416 1
31 78 1 -4.52802 1
31 79 1 0.917959 1
31 80 1 -2.11177 1
31 81 1 -2.29882 1
31 82 1 -0.136931 1
31 83 1 -2.17213 1
31 84 1 -3.69877 1
31 85 1 -2.79759 1
31 86 1 -0.159811 1
31 87 1 -5.15102 0
31 88 1 1.37606 1
31 89 1 -2.10001 1
31 90 1 0.134791 1
31 91 1 -3.0507 1
31 92 1 0.316446 1
31 93 1 -0.413743 1
31 94 1 2.03776 1
31 95 1 -1.54864 1
31 122 1 1.76199 1
31 10 1 -0.816693 1
31 117 1 -1.69969 1
122 87 1 -2.13241 1
32 64 1 6.22918 1
32 65 1 1.63668 1
32 66 1 -3.96706 1
32 67 1 2.43955 1
32 68 1 0.280804 1
32 69 1 4.21817 1
32 70 1 -0.451613 1
32 71 1 3.54306 1
32 72 1 -2.50266 1
32 73 1 1.53177 1
32 74 1 0.1209 1
32 75 1 7.08582 1
32 76 1 1.5715 1
32 77 1 4.07585 1
32 78 1 1.6627 1
32 79 1 -1.11061 1
32 80 1 -1.02802 1
32 81 1 -0.848788 1
32 82 1 -3.40835 1
32 83 1 -3.08133 1
32 84 1 1.52259 1
32 85 1 -1.20691 1
32 86 1 0.200732 1
32 87 1 -2.34388 1
32 88 1 -0.117167 1
32 89 1 0.355631 1
32 90 1 3.69126 1
32 91 1 -3.68823 1
32 92 1 5.18809 1
32 93 1 2.2434 1
32 94 1 -1.49985 1
32 95 1 1.16413 1
33 64 1 0.648677 1
33 65 1 -3.78989 1
33 66 1 -2.28013 1
33 67 1 -1.22134 1
33 68 1 -0.87532 1
33 69 1 -2.69223 0
33 70 1 2.9199 1
33 71 1 4.82788 1
33 72 1 2.4245 1
33 73 1 4.0483 1
33 74 1 1.48315 1
33 75 1 -6.60486 1
33 76 1 -4.47543 1
33 77 1 1.39185 1
33 78 1 -1.55787 1
33 79 1 -3.41359 1
33 80 1 0.661739 1
33 81 1 -4.26519 1
33 82 1 -2.48486 1
33 83 1 0.195452 1
33 84 1 -0.485972 1
33 85 1 0.45064 1
33 86 1 3.63583 1
33 87 1 1.909 1
33 88 1 2.93311 1
33 89 1 3.97708 1
33 90 1 -3.80621 1
33 91 1 -2.3331 1
33 92 1 1.30038 1
33 93 1 2.86126 1
33 94 1 4.18114 1
33 95 1 0.962277 1
33 20 1 1.11124 1
33 107 1 -1.93629 1
33 13 1 1.27728 1
33 113 1 -0.928439 1
33 192 1 1.1118 1
192 69 1 -2.80876 1
34 64 1 -0.583696 1
34 65 1 -1.99196 1
34 66 1 4.35842 1
34 67 1 0.441828 1
34 68 1 -1.60527 1
34 69 1 -2.2643 1
34 70 1 -3.06322 1
34 71 1 -2.78914 1
34 72 1 -3.13961 1
34 73 1 -4.77802 1
34 74 1 3.44447 1
34 75 1 7.17786 1
34 76 1 -4.40313 1
34 77 1 -1.18822 1
34 78 1 -1.75015 1
34 79 1 0.416525 1
34 80 1 5.00563 1
34 81 1 -2.22316 1
34 82 1 1.89203 1
34 83 1 2.37614 1
34 84 1 -0.815459 1
34 85 1 -1.9929 1
34 86 1 -0.577242 1
34 87 1 -2.25024 1
34 88 1 0.317787 1
34 89 1 1.40995 1
34 90 1 -7.67184 1
34 91 1 4.64479 1
34 92 1 2.72618 1
34 93 1 -2.37634 1
34 94 1 4.36822 1
34 95 1 2.72299 1
34 113 1 -2.38438 1
35 64 1 2.24344 1
35 65 1 -3.43043 1
35 66 1 -2.50984 1
35 67 1 5.68593 1
35 68 1 2.25475 1
35 69 1 0.865516 1
35 70 1 2.85535 1
35 71 1 1.94004 1
35 72 1 2.09037 1
35 73 1 8.51575 1
35 74 1 1.18146 1
35 75 1 -3.58387 1
35 76 1 -5.49217 1
35 77 1 1.62407 1
35 78 1 -0.223864 1
35 79 1 4.59143 1
35 80 1 -6.29981 1
35 81 1 -1.17807 1
35 82 1 3.71707 0
35 83 1 -2.84887 1
35 84 1 6.23421 1
35 85 1 -3.80163 1
35 86 1 -0.703598 1
35 87 1 -4.71896 1
35 88 1 0.271637 1
35 89 1 3.42961 0
35 90 1 -1.52437 1
35 91 1 0.14335 1
35 92 1 -3.80099 1
35 93 1 -5.6237 1
35 94 1 1.55764 1
35 95 1 0.150724 1
35 130 1 2.61811 1
35 133 1 7.83941 1
133 82 1 0.942481 1
130 89 1 0.0299101 1
130 109 1 -0.679582 1
36 64 1 2.20225 1
36 65 1 4.97344 1
36 66 1 4.33898 1
36 67 1 -0.481185 1
36 68 1 -6.48355 1
36 69 1 -2.19675 1
36 70 1 -3.37376 1
36 71 1 1.52521 1
36 72 1 -2.14198 1
36 73 1 0.358808 1
36 74 1 -0.933085 1
36 75 1 -0.510137 1
36 76 1 1.85577 1
36 77 1 -5.27104 1
36 78 1 -0.566474 1
36 79 1 5.3681 1
36 80 1 5.176 1
36 81 1 -1.41781 1
36 82 1 1.31941 0
36 83 1 1.28311 1
36 84 1 3.29188 1
36 85 1 -3.17912 1
36 86 1 0.299499 1
36 87 1 1.34034 1
36 88 1 -1.9038 1
36 89 1 -0.454673 1
36 90 1 -4.1593 1
36 91 1 -0.114849 1
36 92 1 4.39657 1
36 93 1 1.5283 1
36 94 1 -3.27935 1
36 95 1 6.39143 1
36 109 1 1.08062 0
36 24 1 -1.54753 1
36 117 1 2.87387 1
117 109 1 2.17444 1
117 4 1 -0.443626 1
109 82 1 -1.85164 1
109 31 1 1.60261 1
37 64 1 -6.52069 1
37 65 1 1.22564 1
37 66 1 -4.12736 1
37 67 1 1.13365 1
37 68 1 -5.63674 1
37 69 1 2.48899 1
37 70 1 -6.39407 1
37 71 1 -1.38537 1
37 72 1 -0.634089 1
37 73 1 1.1058 1
37 74 1 0.529467 1
37 75 1 0.401983 1
37 76 1 4.97122 0
37 77 1 2.1718 1
37 78 1 -0.917556 1
37 79 1 0.917521 1
37 80 1 2.64005 1
37 81 1 3.4412 1
37 82 1 2.16532 1
37 83 1 4.53939 1
37 84 1 -5.18011 1
37 85 1 2.97768 1
37 86 1 -2.26035 1
37 87 1 -2.10143 1
37 88 1 -0.123288 1
37 89 1 -2.74229 1
37 90 1 -3.71908 1
37 91 1 0.809802 1
37 92 1 2.68206 1
37 93 1 0.162947 1
37 94 1 -1.71185 1
37 95 1 0.512009 1
37 142 1 0.292834 1
37 160 1 -1.47551 1
142 76 1 -0.364372 1
142 147 1 1.04372 1
142 6 1 -0.604222 1
38 64 1 0.727341 1
38 65 1 -2.27294 1
38 66 1 -2.04899 1
38 67 1 -3.46495 1
38 68 1 -0.27459 1
38 69 1 -5.68927 1
38 70 1 -0.120947 1
38 71 1 -0.961945 1
38 72 1 0.882529 1
38 73 1 1.76264 1
38 74 1 -0.812405 1
38 75 1 5.7589 1
38 76 1 2.65203 1
38 77 1 -1.57888 1
38 78 1 -0.6618 1
38 79 1 -0.288036 1
38 80 1 0.454078 1
38 81 1 -2.7573 1
38 82 1 2.93939 1
38 83 1 -0.308671 1
38 84 1 -1.81554 1
38 85 1 -2.87957 1
38 86 1 -0.341161 1
38 87 1 3.08074 0
38 88 1 5.3354 1
38 89 1 3.60977 1
38 90 1 -1.67974 1
38 91 1 3.33149 1
38 92 1 2.79 0
38 93 1 0.93897 1
38 94 1 1.02667 1
38 95 1 -2.16976 1
38 148 1 3.26902 1
38 162 1 1.57887 1
162 87 1 1.75215 0
162 185 1 2.40462 1
185 87 1 0.745601 1
148 92 1 2.41829 1
39 64 1 2.37524 1
39 65 1 -0.833893 1
39 66 1 1.19417 1
39 67 1 -2.21842 1
39 68 1 -0.205727 1
39 69 1 0.662927 1
39 70 1 0.529349 1
39 71 1 -2.95502 1
39 72 1 -3.99183 1
39 73 1 -3.66 1
39 74 1 1.07157 1
39 75 1 4.48843 0
39 76 1 4.22124 0
39 77 1 0.555129 1
39 78 1 -5.38056 1
39 79 1 -4.52392 1
39 80 1 -1.37187 1
39 81 1 -2.06167 1
39 82 1 -4.77363 1
39 83 1 -3.29854 1
39 84 1 -3.21265 1
39 85 1 0.465091 1
39 86 1 2.37401 1
39 87 1 1.23188 1
39 88 1 -0.205557 1
39 89 1 1.1856 1
39 90 1 4.69656 1
39 91 1 -0.0966156 1
39 92 1 7.3486 1
39 93 1 2.15302 1
39 94 1 -6.41168 1
39 95 1 -2.33096 1
39 2 1 -2.9249 1
39 112 1 3.72106 1
39 13 1 -0.812525 1
39 104 1 0.354661 1
39 172 1 2.80604 1
172 76 1 3.93678 1
172 28 1 1.80582 1
112 75 1 -2.02662 1
112 138 1 -2.43991 1
112 153 1 0.915902 0
112 170 1 1.56299 1
112 113 1 1.93277 1
170 153 1 -3.57652 1
170 126 1 3.05725 1
40 64 1 -3.72227 1
40 65 1 0.217135 1
40 66 1 3.59573 1
40 67 1 3.55883 1
40 68 1 1.81213 1
40 69 1 3.54016 1
40 70 1 -1.61382 1
40 71 1 2.40943 1
40 72 1 0.759395 1
40 73 1 2.34831 1
40 74 1 -0.514302 1
40 75 1 2.76795 1
40 76 1 -1.79795 1
40 77 1 4.08604 1
40 78 1 2.80853 1
40 79 1 -1.42491 1
40 80 1 2.69632 1
40 81 1 1.08446 1
40 82 1 0.811245 1
40 83 1 -1.90666 1
40 84 1 -3.04262 1
40 85 1 -1.04077 1
40 86 1 2.86279 1
40 87 1 0.942012 1
40 88 1 2.85076 1
40 89 1 -1.5822 1
40 90 1 -0.354594 1
40 91 1 -0.134477 1
40 92 1 -3.29671 1
40 93 1 0.727829 1
40 94 1 1.69846 1
40 95 1 5.38932 1
40 2 1 1.00499 1
40 134 1 3.03802 1
41 64 1 3.2718 1
41 65 1 -1.14673 1
41 66 1 1.35263 1
41 67 1 1.05633 1
41 68 1 3.06984 1
41 69 1 -1.58107 1
41 70 1 1.1606 1
41 71 1 1.59998 1
41 72 1 4.72645 1
41 73 1 -6.27341 1
41 74 1 1.34834 1
41 75 1 3.12324 1
41 76 1 -7.09563 1
41 77 1 0.243099 1
41 78 1 -4.38397 1
41 79 1 1.34938 1
41 80 1 1.90172 1
41 81 1 5.07109 1
41 82 1 -2.06798 1
41 83 1 3.18151 1
41 84 1 -2.55909 1
41 85 1 -0.481841 1
41 86 1 -0.291262 1
41 87 1 0.829593 1
41 88 1 2.50978 1
41 89 1 0.623534 1
41 90 1 -0.759248 1
41 91 1 1.81189 1
41 92 1 0.840791 1
41 93 1 -0.834111 1
41 94 1 -1.53443 1
41 95 1 0.557955 1
41 11 1 -0.408141 1
41 29 1 -3.74662 1
41 97 1 -3.14892 1
42 64 1 2.78117 1
42 65 1 -0.262461 1
42 66 1 -1.30572 1
42 67 1 2.25353 1
42 68 1 -2.8896 1
42 69 1 -0.360495 1
42 70 1 1.51657 1
42 71 1 0.588341 1
42 72 1 -3.10511 1
42 73 1 -2.31687 1
42 74 1 4.38102 1
42 75 1 -1.63082 1
42 76 1 -3.15293 1
42 77 1 -2.88974 1
42 78 1 -0.931161 1
42 79 1 3.34977 1
42 80 1 0.0523138 1
42 81 1 3.3637 1
42 82 1 2.17562 1
42 83 1 2.4073 1
42 84 1 -0.697889 1
42 85 1 0.0996472 1
42 86 1 3.29728 1
42 87 1 -2.73433 1
42 88 1 -3.79231 1
42 89 1 -1.69414 1
42 90 1 1.93543 1
42 91 1 1.16049 1
42 92 1 2.70875 1
42 93 1 2.31319 1
42 94 1 -3.79311 1
42 95 1 -2.08955 1
43 64 1 1.1397 1
43 65 1 -3.80292 1
43 66 1 2.65579 1
43 67 1 0.158385 1
43 68 1 2.38334 1
43 69 1 -4.73325 1
43 70 1 -1.39676 1
43 71 1 -5.93418 1
43 72 1 0.324718 1
43 73 1 -8.71265 1
43 74 1 2.16519 1
43 75 1 -4.39286 1
43 76 1 -1.40949 1
43 77 1 2.35467 1
43 78 1 1.69738 1
43 79 1 -4.8708 1
43 80 1 -1.05602 1
43 81 1 3.36817 1
43 82 1 1.9635 1
43 83 1 -3.5184 1
43 84 1 -2.18216 1
43 85 1 1.5134 1
43 86 1 3.22762 1
43 87 1 5.96707 1
43 88 1 2.2504 1
43 89 1 3.68798 1
43 90 1 -1.19237 1
43 91 1 -2.26024 1
43 92 1 2.58487 1
43 93 1 2.80486 1
43 94 1 -0.853906 1
43 95 1 2.56337 1
44 64 1 0.561195 1
44 65 1 -5.98465 1
44 66 1 -1.43476 1
44 67 1 -1.99366 1
44 68 1 1.84402 1
44 69 1 -4.30121 1
44 70 1 3.48868 1
44 71 1 3.6121 1
44 72 1 -3.14784 1
44 73 1 2.02767 1
44 74 1 -1.84669 1
44 75 1 -4.17327 1
44 76 1 -1.83438 1
44 77 1 2.20732 1
44 78 1 4.43859 1
44 79 1 0.137261 1
44 80 1 7.3603 1
44 81 1 -2.36793 1
44 82 1 2.57715 1
44 83 1 -1.02183 1
44 84 1 2.27215 1
44 85 1 -1.43802 1
44 86 1 4.71287 1
44 87 1 -0.117789 1
44 88 1 2.50212 1
44 89 1 0.786904 1
44 90 1 2.88947 1
44 91 1 3.03622 1
44 92 1 -2.53024 1
44 93 1 2.49952 1
44 94 1 -3.3361 1
44 95 1 -3.5365 1
44 8 1 -0.775615 1
44 29 1 0.542498 1
45 64 1 -2.98235 1
45 65 1 0.0489874 1
45 66 1 -1.44662 1
45 67 1 3.12131 1
45 68 1 -0.840231 1
45 69 1 -5.94403 1
45 70 1 -3.61518 1
45 71 1 0.879608 1
45 72 1 -5.35239 1
45 73 1 1.40892 1
45 74 1 3.02745 1
45 75 1 4.98814 1
45 76 1 -2.35406 1
45 77 1 -2.13603 1
45 78 1 -0.722392 1
45 79 1 4.26753 1
45 80 1 -3.323 1
45 81 1 1.51935 1
45 82 1 1.09417 1
45 83 1 -4.21911 1
45 84 1 -0.497966 1
45 85 1 -4.29735 1
45 86 1 2.87987 1
45 87 1 0.20249 1
45 88 1 5.11307 1
45 89 1 -2.65682 1
45 90 1 0.343759 1
45 91 1 4.90193 1
45 92 1 -0.817289 1
45 93 1 -6.2995 1
45 94 1 2.0344 1
45 95 1 -4.37114 1
45 9 1 4.62136 1
45 20 1 0.52317 1
45 17 1 -0.987077 1
46 64 1 2.27966 1
46 65 1 0.710885 1
46 66 1 3.02666 1
46 67 1 3.51218 1
46 68 1 -6.02871 1
46 69 1 -1.11465 1
46 70 1 2.45979 1
46 71 1 -3.08458 1
46 72 1 4.19977 1
46 73 1 -5.43656 1
46 74 1 -3.30881 1
46 75 1 -2.3098 1
46 76 1 -5.99948 1
46 77 1 4.64431 1
46 78 1 -1.05949 1
46 79 1 -0.960336 1
46 80 1 3.44784 1
46 81 1 0.539171 1
46 82 1 -0.999229 1
46 83 1 2.49684 1
46 84 1 -1.58064 1
46 85 1 2.8063 1
46 86 1 -2.09931 1
46 87 1 7.38318 1
46 88 1 -0.124451 1
46 89 1 -5.60782 1
46 90 1 -3.54124 1
46 91 1 0.108468 1
46 92 1 -2.98783 1
46 93 1 -1.42483 1
46 94 1 1.10803 1
46 95 1 -0.373899 1
46 24 1 2.4321 1
47 64 1 -1.28142 1
47 65 1 0.474982 1
47 66 1 -1.46964 1
47 67 1 3.07396 1
47 68 1 -0.437635 1
47 69 1 2.99364 1
47 70 1 -1.99376 1
47 71 1 0.968542 1
47 72 1 -1.54144 1
47 73 1 4.60467 0
47 74 1 -0.826512 1
47 75 1 -2.00973 1
47 76 1 -3.93782 1
47 77 1 -6.0195 1
47 78 1 -3.74505 1
47 79 1 -1.34975 1
47 80 1 5.10118 1
47 81 1 -3.07746 1
47 82 1 2.1427 1
47 83 1 1.18697 1
47 84 1 -3.95867 1
47 85 1 -2.02374 1
47 86 1 -3.46481 1
47 87 1 4.87916 1
47 88 1 4.74381 1
47 89 1 2.12103 1
47 90 1 7.34847 1
47 91 1 1.28456 1
47 92 1 2.9414 1
47 93 1 2.86902 1
47 94 1 2.82483 1
47 95 1 -0.388074 1
47 4 1 -0.669763 1
47 137 1 2.76874 1
137 73 1 2.88176 0
137 156 1 -0.919005 1
156 73 1 4.04575 1
156 15 1 1.27088 1
156 104 1 1.34576 1
48 64 1 0.258426 1
48 65 1 -2.43344 1
48 66 1 4.85873 0
48 67 1 -4.13517 1
48 68 1 -5.12144 1
48 69 1 -3.62219 1
48 70 1 1.56787 1
48 71 1 1.2598 1
48 72 1 -6.39999 1
48 73 1 3.8189 1
48 74 1 6.53209 1
48 75 1 -5.02578 1
48 76 1 -1.30645 1
48 77 1 -0.508529 1
48 78 1 -3.03548 1
48 79 1 2.00568 1
48 80 1 -1.96945 1
48 81 1 -3.42667 1
48 82 1 -1.38747 1
48 83 1 0.550892 1
48 84 1 0.151308 1
48 85 1 0.844303 1
48 86 1 -0.972949 1
48 87 1 0.59694 1
48 88 1 -0.256391 1
48 89 1 -2.67381 1
48 90 1 1.33146 1
48 91 1 0.130673 1
48 92 1 -7.18796 1
48 93 1 -0.302047 1
48 94 1 7.04715 1
48 95 1 4.58043 1
48 16 1 2.15417 1
48 12 1 0.368416 1
48 14 1 -0.777381 1
48 30 1 0.534303 1
48 197 1 0.845588 1
197 66 1 4.64648 1
49 64 1 -0.369142 1
49 65 1 -5.8421 1
49 66 1 3.43638 1
49 67 1 -1.13889 1
49 68 1 -5.44271 1
49 69 1 0.4696 1
49 70 1 1.38199 1
49 71 1 -1.19498 1
49 72 1 -1.90926 1
49 73 1 0.197307 1
49 74 1 2.19269 1
49 75 1 -0.275382 1
49 76 1 -6.31306 1
49 77 1 -3.61875 1
49 78 1 -2.3826 0
49 79 1 2.64457 1
49 80 1 6.16695 1
49 81 1 -1.38338 1
49 82 1 0.290546 1
49 83 1 0.342315 1
49 84 1 1.73508 1
49 85 1 -1.69879 1
49 86 1 -2.71706 1
49 87 1 -2.56906 1
49 88 1 3.22531 1
49 89 1 2.80992 1
49 90 1 -1.93376 1
49 91 1 2.45866 1
49 92 1 0.332733 1
49 93 1 4.11035 1
49 94 1 1.78682 1
49 95 1 2.93316 1
49 19 1 -0.20363 1
49 31 1 -0.842791 1
49 15 1 -4.7485 1
49 158 1 1.47694 1
49 26 1 0.153764 1
49 144 1 -3.63178 1
158 78 1 -2.29766 1
50 64 1 -3.12005 1
50 65 1 -1.79494 1
50 66 1 0.71634 1
50 67 1 0.824098 1
50 68 1 2.01992 1
50 69 1 -2.066 1
50 70 1 0.646313 1
50 71 1 5.52125 1
50 72 1 -4.04891 1
50 73 1 2.60907 1
50 74 1 0.0165935 1
50 75 1 5.25536 1
50 76 1 -1.70113 1
50 77 1 -2.87368 1
50 78 1 1.55264 1
50 79 1 -3.29872 1
50 80 1 1.6277 1
50 81 1 3.00386 1
50 82 1 -2.16109 1
50 83 1 5.27423 1
50 84 1 1.44098 1
50 85 1 4.71032 1
50 86 1 4.42031 1
50 87 1 -1.4541 1
50 88 1 -1.21809 1
50 89 1 0.962571 1
50 90 1 -0.39435 1
50 91 1 1.79994 1
50 92 1 -0.995043 1
50 93 1 -2.35042 1
50 94 1 -2.46916 1
50 95 1 -0.0653756 1
50 4 1 3.56703 1
50 22 1 0.334725 1
51 64 1 0.313272 1
51 65 1 5.66998 1
51 66 1 1.82971 1
51 67 1 -1.36859 1
51 68 1 1.44439 1
51 69 1 0.636162 1
51 70 1 1.39976 1
51 71 1 5.38615 1
51 72 1 -3.42148 1
51 73 1 -2.35406 0
51 74 1 -1.32218 1
51 75 1 3.7907 1
51 76 1 -2.45743 1
51 77 1 4.98021 1
51 78 1 7.10767 1
51 79 1 -2.31872 1
51 80 1 0.038311 1
51 81 1 -2.93081 1
51 82 1 -0.75319 1
51 83 1 6.8231 1
51 84 1 -4.13622 1
51 85 1 0.516183 1
51 86 1 -2.00044 1
51 87 1 4.3129 1
51 88 1 -1.81521 0
51 89 1 1.77989 1
51 90 1 -0.930711 1
51 91 1 -2.38547 1
51 92 1 3.68003 1
51 93 1 5.68698 1
51 94 1 -4.35799 1
51 95 1 -2.58735 1
51 116 1 1.7148 1
51 12 1 -3.03877 1
51 179 1 -0.359266 1
179 88 1 -0.308452 1
116 73 1 1.74972 0
116 134 1 2.05963 1
134 73 1 2.98081 1
134 128 1 1.81599 1
52 64 1 -2.2907 1
52 65 1 5.98009 1
52 66 1 -0.496482 1
52 67 1 0.588213 1
52 68 1 0.624986 1
52 69 1 6.10325 1
52 70 1 2.75185 1
52 71 1 -3.82225 1
52 72 1 0.273671 1
52 73 1 3.40217 1
52 74 1 3.22662 1
52 75 1 3.48894 1
52 76 1 -4.01196 1
52 77 1 0.578144 1
52 78 1 4.47754 1
52 79 1 -2.53704 1
52 80 1 -1.60002 1
52 81 1 -0.185198 1
52 82 1 -1.41688 1
52 83 1 0.194981 1
52 84 1 -0.561052 1
52 85 1 -2.82076 1
52 86 1 -6.90751 1
52 87 1 0.621875 1
52 88 1 -0.140359 1
52 89 1 0.649683 1
52 90 1 0.829418 1
52 91 1 -1.55433 1
52 92 1 2.03443 1
52 93 1 -4.56033 0
52 94 1 4.07265 1
52 95 1 -0.95089 1
52 115 1 0.350417 1
52 139 1 1.09003 1
52 23 1 -1.48911 1
139 93 1 -0.16134 0
139 181 1 0.203762 0
139 184 1 1.23655 1
184 181 1 -1.21583 1
184 15 1 1.53718 1
181 93 1 0.601721 1
53 64 1 -5.00163 1
53 65 1 -0.77775 1
53 66 1 -2.68346 1
53 67 1 -1.68211 1
53 68 1 -0.34596 1
53 69 1 1.23798 1
53 70 1 0.542032 0
53 71 1 -0.140021 1
53 72 1 -0.31838 1
53 73 1 0.486279 1
53 74 1 0.0385067 1
53 75 1 -3.23074 1
53 76 1 0.484935 1
53 77 1 2.19055 1
53 78 1 0.87443 1
53 79 1 -0.363048 1
53 80 1 2.24003 1
53 81 1 2.59238 1
53 82 1 0.598236 1
53 83 1 -1.66948 1
53 84 1 2.78447 1
53 85 1 2.27077 1
53 86 1 1.55814 1
53 87 1 -0.978854 1
53 88 1 1.04715 1
53 89 1 0.881893 1
53 90 1 -2.36826 1
53 91 1 0.937758 1
53 92 1 1.69929 1
53 93 1 -1.12492 1
53 94 1 -1.50158 1
53 95 1 -3.85744 1
53 20 1 5.31931 1
53 23 1 -1.88289 1
53 149 1 -0.434183 1
149 70 1 -1.96325 0
149 153 1 0.0741559 1
149 126 1 -1.1383 1
153 70 1 0.799411 0
153 183 1 2.14623 1
183 70 1 0.18992 0
183 191 1 0.983998 1
191 70 1 0.545541 1
54 64 1 2.8683 1
54 65 1 2.10862 1
54 66 1 -1.18627 1
54 67 1 2.36883 1
54 68 1 1.90838 1
54 69 1 -4.52473 1
54 70 1 0.775168 1
54 71 1 3.91711 1
54 72 1 1.27417 1
54 73 1 1.07622 1
54 74 1 1.72853 1
54 75 1 -5.19603 1
54 76 1 -3.58508 1
54 77 1 0.597627 1
54 78 1 -1.69399 1
54 79 1 3.24113 1
54 80 1 2.18737 1
54 81 1 4.10614 1
54 82 1 -1.8046 1
54 83 1 4.67635 1
54 84 1 -0.938618 1
54 85 1 1.63889 1
54 86 1 -5.77534 1
54 87 1 0.740641 1
54 88 1 2.17194 1
54 89 1 3.88458 1
54 90 1 -2.8856 1
54 91 1 3.16056 1
54 92 1 -2.36434 1
54 93 1 5.07159 1
54 94 1 -1.73763 1
54 95 1 -2.28195 1
54 30 1 -0.719903 1
54 144 1 3.66136 1
54 16 1 0.525854 1
55 64 1 1.84077 1
55 65 1 -2.05309 1
55 66 1 -2.71771 1
55 67 1 -2.78006 1
55 68 1 3.24737 1
55 69 1 0.712452 1
55 70 1 3.26518 1
55 71 1 -5.18126 1
55 72 1 1.08625 1
55 73 1 -1.32909 1
55 74 1 2.35498 1
55 75 1 -3.75309 1
55 76 1 -5.0639 1
55 77 1 3.10468 1
55 78 1 2.17614 1
55 79 1 3.95348 1
55 80 1 -1.77017 1
55 81 1 1.083 1
55 82 1 -1.63976 1
55 83 1 2.30358 1
55 84 1 -0.302304 1
55 85 1 -7.28208 1
55 86 1 -0.774773 1
55 87 1 -2.36614 1
55 88 1 -5.74854 1
55 89 1 0.883903 1
55 90 1 -1.99968 1
55 91 1 -0.911994 1
55 92 1 10.9509 1
55 93 1 -5.6501 1
55 94 1 -1.72425 1
55 95 1 -0.10824 0
55 28 1 3.2682 1
55 114 1 0.188638 1
55 0 1 -4.4274 1
55 2 1 -0.287441 1
114 95 1 -1.27149 1
56 64 1 4.13074 1
56 65 1 -11.8647 1
56 66 1 -1.46253 1
56 67 1 -2.01719 1
56 68 1 3.8592 0
56 69 1 -1.02745 1
56 70 1 3.37525 1
56 71 1 3.70111 1
56 72 1 -1.48723 1
56 73 1 1.68151 1
56 74 1 2.87523 1
56 75 1 7.22649 1
56 76 1 -2.91602 1
56 77 1 -2.51627 1
56 78 1 -3.77155 1
56 79 1 -1.45191 1
56 80 1 1.07645 1
56 81 1 4.34069 1
56 82 1 2.82363 1
56 83 1 -0.816207 1
56 84 1 -3.65126 1
56 85 1 -2.59054 1
56 86 1 3.15465 1
56 87 1 1.70606 1
56 88 1 1.70522 1
56 89 1 1.24796 1
56 90 1 1.11087 1
56 91 1 -2.01243 1
56 92 1 1.34962 1
56 93 1 3.50572 1
56 94 1 -1.72553 1
56 95 1 -1.11525 1
56 3 1 -3.86178 1
56 126 1 5.77379 1
56 0 1 -2.68328 1
126 68 1 3.16607 1
126 11 1 -3.64039 1
57 64 1 -5.08503 1
57 65 1 5.98092 1
57 66 1 -1.62065 1
57 67 1 -3.2009 1
57 68 1 -0.753659 1
57 69 1 -1.63075 0
57 70 1 0.301205 1
57 71 1 2.53886 1
57 72 1 3.62465 1
57 73 1 -2.03157 1
57 74 1 0.843713 1
57 75 1 6.53925 1
57 76 1 4.77746 1
57 77 1 -5.24305 1
57 78 1 0.222248 1
57 79 1 -1.57212 1
57 80 1 3.8537 1
57 81 1 4.90004 1
57 82 1 3.16288 1
57 83 1 -2.62705 1
57 84 1 0.940267 1
57 85 1 -4.11904 1
57 86 1 -1.15092 1
57 87 1 -1.09944 1
57 88 1 2.98578 1
57 89 1 0.806916 1
57 90 1 1.29568 1
57 91 1 -2.75303 1
57 92 1 -1.64963 1
57 93 1 -2.79838 1
57 94 1 -0.028065 1
57 95 1 3.18222 1
57 104 1 4.57358 1
57 22 1 0.270328 1
57 28 1 -0.355535 1
104 69 1 0.501206 0
104 1 1 2.60845 1
104 107 1 -0.747657 1
104 19 1 0.769599 1
104 193 1 1.46605 1
193 69 1 0.593091 1
58 64 1 7.87637 1
58 65 1 -3.39764 1
58 66 1 -1.53705 1
58 67 1 -0.0154393 1
58 68 1 -4.54809 1
58 69 1 -2.57769 1
58 70 1 -1.85147 1
58 71 1 2.16478 1
58 72 1 0.831494 1
58 73 1 -3.61172 1
58 74 1 2.79424 1
58 75 1 1.65228 1
58 76 1 0.748049 1
58 77 1 4.25408 1
58 78 1 -2.37226 1
58 79 1 -0.586061 0
58 80 1 -2.5559 1
58 81 1 2.81646 1
58 82 1 1.02323 1
58 83 1 1.47061 1
58 84 1 -2.26072 1
58 85 1 2.08751 1
58 86 1 2.87181 1
58 87 1 -4.56699 1
58 88 1 -7.67254 1
58 89 1 -3.34456 1
58 90 1 2.23169 1
58 91 1 -3.11505 1
58 92 1 0.00222446 0
58 93 1 1.58084 1
58 94 1 -1.53495 1
58 95 1 2.80406 1
58 128 1 2.16768 1
58 115 1 -0.327597 1
58 174 1 3.11549 1
174 92 1 -0.716398 1
128 79 1 -0.548176 0
128 131 1 2.01775 1
131 79 1 2.62988 0
131 160 1 -0.067901 1
131 7 1 1.07332 1
160 79 1 3.95491 0
160 125 1 1.71199 1
160 173 1 0.763768 1
173 79 1 1.75583 1
59 64 1 -2.3958 1
59 65 1 1.0485 1
59 66 1 5.23722 1
59 67 1 -2.23201 1
59 68 1 3.79056 1
59 69 1 -2.30077 1
59 70 1 -3.89622 1
59 71 1 0.380554 1
59 72 1 -0.659378 1
59 73 1 -1.90784 1
59 74 1 0.256655 1
59 75 1 1.8738 1
59 76 1 2.60552 1
59 77 1 0.0212888 0
59 78 1 1.60026 1
59 79 1 -2.9616 1
59 80 1 0.672723 1
59 81 1 1.31695 1
59 82 1 -3.54587 1
59 83 1 8.26047 1
59 84 1 2.99308 1
59 85 1 -5.38488 1
59 86 1 -4.09809 1
59 87 1 1.13677 1
59 88 1 3.60073 1
59 89 1 -0.48776 1
59 90 1 0.0844852 1
59 91 1 -1.02071 1
59 92 1 0.854206 1
59 93 1 3.10122 1
59 94 1 -5.24366 1
59 95 1 2.67308 1
59 97 1 -1.55032 1
59 5 1 -5.48124 1
59 11 1 -4.54904 1
59 13 1 1.72343 1
97 77 1 -7.67914 1
97 22 1 1.26389 1
97 2 1 -6.42005 0
97 99 1 0.967236 1
97 7 1 4.36463 0
97 102 1 1.5111 1
97 17 1 2.6586 1
102 7 1 5.6128 1
99 2 1 -0.338723 0
99 108 1 6.37697 1
99 15 1 4.56818 1
108 2 1 -0.241488 0
108 125 1 7.05601 1
108 0 1 -2.07288 1
125 2 1 2.50281 1
125 1 1 1.72757 1
60 64 1 0.950354 1
60 65 1 0.7896 1
60 66 1 0.878747 1
60 67 1 -1.88584 1
60 68 1 1.0019 1
60 69 1 2.07376 1
60 70 1 -0.425232 1
60 71 1 0.716631 1
60 72 1 -1.02577 0
60 73 1 2.55995 1
60 74 1 2.50714 1
60 75 1 0.699194 1
60 76 1 -1.09467 1
60 77 1 5.38052 1
60 78 1 -3.3201 1
60 79 1 -1.30079 1
60 80 1 -5.01736 1
60 81 1 -3.91085 1
60 82 1 -1.44034 1
60 83 1 1.95505 1
60 84 1 -4.16599 1
60 85 1 2.43158 1
60 86 1 3.68306 1
60 87 1 -1.43719 1
60 88 1 -4.92869 1
60 89 1 2.54697 1
60 90 1 -1.51372 1
60 91 1 0.99991 1
60 92 1 0.784588 1
60 93 1 -0.398252 1
60 94 1 -0.317148 1
60 95 1 0.505418 1
60 24 1 -1.16269 1
60 0 1 4.11552 1
60 115 1 2.81372 1
60 3 1 -3.4108 1
60 20 1 -0.533248 1
115 72 1 -1.8092 1
115 18 1 1.12891 1
115 14 1 3.99107 1
115 19 1 -0.806035 1
61 64 1 -0.412141 1
61 65 1 -1.62505 1
61 66 1 3.391 1
61 67 1 1.24583 1
61 68 1 -3.28479 1
61 69 1 4.19234 1
61 70 1 3.26844 1
61 71 1 1.5619 1
61 72 1 0.473017 1
61 73 1 0.912001 1
61 74 1 3.73509 1
61 75 1 5.76288 1
61 76 1 0.866046 1
61 77 1 -1.47371 0
61 78 1 -4.10604 1
61 79 1 1.64881 1
61 80 1 -2.95074 1
61 81 1 -0.976868 1
61 82 1 -2.60985 1
61 83 1 -1.43693 1
61 84 1 -2.34819 1
61 85 1 -0.122853 1
61 86 1 -0.623248 1
61 87 1 1.95867 1
61 88 1 -1.86992 1
61 89 1 1.16934 1
61 90 1 -4.37882 1
61 91 1 1.91402 1
61 92 1 -0.86187 1
61 93 1 0.875656 1
61 94 1 1.40069 1
61 95 1 -1.04678 1
61 107 1 0.435417 1
61 113 1 0.338037 1
61 14 1 -3.33155 1
107 77 1 -5.01845 0
107 113 1 -0.834128 1
107 14 1 -1.87628 1
107 20 1 0.952258 1
113 77 1 -1.37306 0
113 23 1 -0.448257 1
113 147 1 1.19069 1
113 159 1 1.13913 1
159 77 1 -2.03496 0
159 161 1 0.416665 1
161 77 1 -2.71572 1
161 152 1 0.931779 1
62 64 1 -1.19425 1
62 65 1 -2.89463 1
62 66 1 3.61113 1
62 67 1 -2.35527 1
62 68 1 2.26247 1
62 69 1 0.560858 1
62 70 1 -1.89491 1
62 71 1 -5.254 1
62 72 1 4.66976 1
62 73 1 3.21815 1
62 74 1 3.20146 1
62 75 1 -0.811752 1
62 76 1 2.68255 1
62 77 1 -3.72863 1
62 78 1 -2.31363 1
62 79 1 -1.50837 1
62 80 1 2.27646 1
62 81 1 0.871316 1
62 82 1 -1.34604 1
62 83 1 3.30242 1
62 84 1 -0.084907 0
62 85 1 0.251047 1
62 86 1 4.33192 1
62 87 1 -1.1976 1
62 88 1 0.42825 1
62 89 1 -2.09313 1
62 90 1 -8.17616 1
62 91 1 0.274136 1
62 92 1 1.23151 1
62 93 1 -0.822802 1
62 94 1 -2.24984 1
62 95 1 -1.9239 1
62 5 1 1.15317 1
62 138 1 1.9037 0
62 152 1 0.325805 1
62 31 1 1.95639 1
152 138 1 1.55347 0
152 187 1 1.53857 1
187 138 1 1.64273 1
187 2 1 0.757314 1
138 84 1 -1.70009 1
63 64 1 2.08123 1
63 65 1 -2.08533 1
63 66 1 5.75561 1
63 67 1 -3.55029 1
63 68 1 1.61795 1
63 69 1 -3.62397 1
63 70 1 -3.68871 1
63 71 1 1.69366 1
63 72 1 1.2202 1
63 73 1 0.862755 1
63 74 1 -8.78017 1
63 75 1 0.252771 1
63 76 1 -0.437229 0
63 77 1 0.439264 1
63 78 1 -0.703173 1
63 79 1 -0.796854 1
63 80 1 2.69002 1
63 81 1 -0.674628 1
63 82 1 3.03281 1
63 83 1 -5.07702 1
63 84 1 -3.11313 1
63 85 1 -6.34451 1
63 86 1 7.01057 1
63 87 1 -3.89687 0
63 88 1 -2.38433 1
63 89 1 -1.14968 1
63 90 1 0.567926 1
63 91 1 -1.97487 1
63 92 1 -0.692712 1
63 93 1 3.22823 1
63 94 1 1.91432 1
63 95 1 -1.33333 1
63 141 1 5.26127 1
63 144 1 1.77561 1
144 76 1 -0.92477 0
144 147 1 -0.206312 1
147 76 1 -1.29943 1
147 9 1 -3.55354 1
141 87 1 -5.42088 1
141 10 1 1.04486 1
