111 64 32
-0.417689 -0.691782 -2.38878 2.59589 -1.50787 2.41533 -0.620312 -0.60828 -1.71819 2.46223 1.21493 0.385086 -2.83787 -1.27825 -0.342079 -2.02037 -0.449788 0.043766 -1.33831 -0.691545 -2.11871 -0.670074 -0.881303 0.605912 1.65542 0.0615617 2.18766 0.900923 -0.61587 0.123112 -2.45191 -0.183784 -0.0777208 2.58335 -0.41916 0.861577 -0.800419 -0.0128194 -0.807387 -1.25661 0.361507 -1.63178 0.0707604 -1.27111 -0.835212 -0.491461 -0.813594 0.843994 0.337237 -0.651412 2.18908 -1.92114 -0.524365 -0.408209 3.33638 0.962849 -0.319664 1.3022 0.17574 -0.707017 -0.198686 -0.795949 0.177316 -2.76357 -1.82946 2.01425 1.79187 0.499071 -2.53182 -1.39809 -2.83262 -1.85623 -0.107229 -1.19686 0.611345 1.74279 -1.62091 0.82688 0.0197262 -3.78885 1.41369 -0.134008 -0.295576 -0.429006 0.318358 -0.982497 0.0633515 1.76712 1.1817 -0.521026 -1.14888 0.836059 -2.22256 0.847909 -0.212332 -1.29908 -0.797143 0.931214 -1.0642 0.0497974 0.810964 -0.698963 -0.12393 -2.10452 -1.02791 0.440668 0.420468 -0.811145 -0.661827 -0.468071 0.121375 
0 64 1 -2.77367 1
0 65 1 -1.32609 1
0 66 1 0.966735 1
0 67 1 -1.80473 1
0 68 1 2.09063 1
0 69 1 0.846873 1
0 70 1 -1.58951 1
0 71 1 -0.37466 1
0 72 1 -0.978545 1
0 73 1 0.746228 1
0 74 1 -1.37018 1
0 75 1 0.331193 1
0 76 1 0.412466 1
0 77 1 1.98915 1
0 78 1 -0.214688 1
0 79 1 3.05642 1
0 80 1 -0.690016 1
0 81 1 1.2792 1
0 82 1 1.66834 1
0 83 1 -1.50759 1
0 84 1 -2.07583 1
0 85 1 1.1129 1
0 86 1 -0.679928 1
0 87 1 -0.138504 1
0 88 1 0.68091 1
0 89 1 2.33163 1
0 90 1 1.15927 1
0 91 1 1.04127 1
0 92 1 -0.922807 1
0 93 1 0.534605 1
0 94 1 0.770323 1
0 95 1 1.47171 1
1 64 1 0.422093 1
1 65 1 0.483313 1
1 66 1 1.2918 1
1 67 1 -0.338336 1
1 68 1 1.21466 1
1 69 1 3.01244 1
1 70 1 1.5476 1
1 71 1 -0.938032 1
1 72 1 0.26593 1
1 73 1 -0.525298 1
1 74 1 -0.888013 1
1 75 1 -0.890965 1
1 76 1 1.04139 1
1 77 1 3.64744 1
1 78 1 -1.38603 1
1 79 1 -0.093858 1
1 80 1 -2.53389 1
1 81 1 -0.0258866 1
1 82 1 -0.167677 1
1 83 1 -2.14478 1
1 84 1 0.525754 1
1 85 1 -0.227061 1
1 86 1 0.268394 1
1 87 1 -0.641175 1
1 88 1 -0.398586 1
1 89 1 2.18968 1
1 90 1 1.66743 1
1 91 1 -1.00181 1
1 92 1 -0.847141 1
1 93 1 1.88093 1
1 94 1 -2.03347 1
1 95 1 -1.95546 1
2 64 1 0.493804 1
2 65 1 1.99665 1
2 66 1 -0.83796 1
2 67 1 -1.00341 1
2 68 1 0.0535675 1
2 69 1 1.33887 1
2 70 1 0.023219 1
2 71 1 1.06022 1
2 72 1 -0.00723325 1
2 73 1 -2.28832 1
2 74 1 -0.244387 1
2 75 1 -0.489293 1
2 76 1 -3.893 1
2 77 1 0.927305 1
2 78 1 -1.71382 1
2 79 1 -1.53762 1
2 80 1 0.720929 1
2 81 1 -3.0833 1
2 82 1 0.517762 1
2 83 1 -0.601812 1
2 84 1 1.0786 1
2 85 1 1.0656 1
2 86 1 -1.99695 1
2 87 1 -1.06894 1
2 88 1 -0.143418 1
2 89 1 -3.50407 1
2 90 1 -1.73135 1
2 91 1 -0.748979 1
2 92 1 1.32721 1
2 93 1 -0.0886159 1
2 94 1 1.71985 1
2 95 1 -0.421637 1
2 100 1 -0.55294 1
3 64 1 -1.55446 1
3 65 1 -1.29492 1
3 66 1 -0.975788 1
3 67 1 0.0995126 1
3 68 1 1.4723 1
3 69 1 -1.74617 1
3 70 1 1.74078 1
3 71 1 1.74369 1
3 72 1 3.30206 1
3 73 1 0.472481 1
3 74 1 -0.189546 1
3 75 1 1.29746 1
3 76 1 3.79928 1
3 77 1 -0.153311 1
3 78 1 -1.29344 1
3 79 1 -0.633279 1
3 80 1 -0.09476 1
3 81 1 2.4079 1
3 82 1 3.13642 1
3 83 1 -0.377442 1
3 84 1 -0.28321 1
3 85 1 -0.941096 1
3 86 1 1.37132 1
3 87 1 -1.24769 1
3 88 1 2.07638 1
3 89 1 -0.0812452 1
3 90 1 -1.10392 1
3 91 1 -0.384808 1
3 92 1 -0.744176 1
3 93 1 -1.32362 1
3 94 1 0.586814 1
3 95 1 0.287297 0
3 110 1 1.14185 1
110 95 1 -0.0732074 1
4 64 1 1.72998 1
4 65 1 0.0399153 1
4 66 1 -2.21296 1
4 67 1 1.40904 1
4 68 1 0.0612326 1
4 69 1 0.890157 1
4 70 1 1.03283 1
4 71 1 -0.131935 1
4 72 1 -0.162986 1
4 73 1 -0.543376 1
4 74 1 -0.514619 1
4 75 1 -1.43614 0
4 76 1 1.14645 1
4 77 1 2.56658 1
4 78 1 0.53403 1
4 79 1 -1.01724 1
4 80 1 -3.02419 1
4 81 1 -1.55541 1
4 82 1 -0.179824 1
4 83 1 0.399572 1
4 84 1 1.73742 1
4 85 1 2.48608 1
4 86 1 -1.99266 1
4 87 1 -2.91289 1
4 88 1 1.14672 1
4 89 1 -0.82053 1
4 90 1 -0.0109364 1
4 91 1 -1.81329 1
4 92 1 -0.888748 1
4 93 1 1.786 1
4 94 1 -0.565319 1
4 95 1 0.830201 1
4 101 1 1.81294 1
101 75 1 -0.663847 1
5 64 1 1.37906 1
5 65 1 0.467005 1
5 66 1 -0.373115 1
5 67 1 2.63417 1
5 68 1 1.45719 1
5 69 1 1.85764 1
5 70 1 -2.3407 1
5 71 1 -0.972232 1
5 72 1 0.721595 1
5 73 1 -1.94832 1
5 74 1 0.448699 1
5 75 1 1.17611 1
5 76 1 0.648896 1
5 77 1 0.587122 1
5 78 1 -2.21052 1
5 79 1 1.62605 1
5 80 1 0.913032 1
5 81 1 0.536877 1
5 82 1 2.15768 1
5 83 1 2.6473 1
5 84 1 1.9657 1
5 85 1 0.939771 1
5 86 1 -0.473916 1
5 87 1 -0.300524 1
5 88 1 -0.444684 1
5 89 1 -0.158165 1
5 90 1 -0.600762 1
5 91 1 0.49602 1
5 92 1 -2.14639 1
5 93 1 0.0602381 1
5 94 1 -1.17217 1
5 95 1 -0.960888 1
6 64 1 0.869152 1
6 65 1 -1.30791 1
6 66 1 2.18842 1
6 67 1 -0.722996 1
6 68 1 -2.23706 1
6 69 1 -0.292361 1
6 70 1 -2.52313 1
6 71 1 -0.664261 1
6 72 1 0.328465 1
6 73 1 -0.736539 1
6 74 1 -0.704577 1
6 75 1 -0.690143 1
6 76 1 3.04019 1
6 77 1 -0.17126 1
6 78 1 0.114662 1
6 79 1 -2.54759 1
6 80 1 0.638318 1
6 81 1 1.20955 1
6 82 1 -0.137494 1
6 83 1 1.46468 1
6 84 1 2.35889 1
6 85 1 -1.16284 1
6 86 1 -0.129962 1
6 87 1 1.12006 1
6 88 1 -0.404155 1
6 89 1 -1.72638 1
6 90 1 0.118908 1
6 91 1 -1.66891 1
6 92 1 0.962851 1
6 93 1 0.837682 1
6 94 1 -1.92069 1
6 95 1 1.35172 1
7 64 1 -0.411653 1
7 65 1 -0.53312 1
7 66 1 -0.538173 1
7 67 1 -0.919017 1
7 68 1 -1.22411 1
7 69 1 -1.33692 1
7 70 1 1.58831 1
7 71 1 0.654711 1
7 72 1 0.810308 1
7 73 1 0.349956 1
7 74 1 0.725622 1
7 75 1 -1.72263 1
7 76 1 2.11199 1
7 77 1 0.770635 1
7 78 1 1.20673 1
7 79 1 0.935429 1
7 80 1 -1.29494 1
7 81 1 -1.36389 1
7 82 1 -2.98552 1
7 83 1 -0.190328 0
7 84 1 -1.25517 1
7 85 1 1.06397 1
7 86 1 2.7465 1
7 87 1 -0.202117 1
7 88 1 -1.65512 1
7 89 1 -0.140851 1
7 90 1 0.760154 1
7 91 1 -1.49884 1
7 92 1 0.140837 1
7 93 1 0.610048 1
7 94 1 0.308711 1
7 95 1 2.15783 1
7 100 1 0.148653 1
100 83 1 -1.30503 1
100 24 1 -0.522314 0
100 106 1 0.618777 1
106 24 1 -1.4875 1
8 64 1 3.05588 1
8 65 1 -2.12041 1
8 66 1 -0.074249 1
8 67 1 -0.0542906 1
8 68 1 -0.20451 1
8 69 1 1.03136 1
8 70 1 -1.27171 1
8 71 1 0.824244 1
8 72 1 0.0243906 1
8 73 1 2.35133 1
8 74 1 0.581839 1
8 75 1 -2.48776 1
8 76 1 -1.29015 1
8 77 1 1.79035 1
8 78 1 -0.589032 1
8 79 1 -1.09841 1
8 80 1 -0.330022 1
8 81 1 0.0261013 1
8 82 1 -0.185497 1
8 83 1 -1.34847 1
8 84 1 1.1481 1
8 85 1 2.54488 1
8 86 1 4.26236 1
8 87 1 -0.264305 1
8 88 1 -0.555558 1
8 89 1 3.16709 1
8 90 1 -0.414435 1
8 91 1 -0.586838 1
8 92 1 2.61269 1
8 93 1 2.23165 1
8 94 1 2.62982 1
8 95 1 -0.183958 1
9 64 1 0.943382 1
9 65 1 -0.613758 1
9 66 1 0.0716807 1
9 67 1 0.81825 1
9 68 1 -1.54058 1
9 69 1 -0.241283 1
9 70 1 -2.74118 1
9 71 1 -1.35081 1
9 72 1 0.439035 1
9 73 1 -0.313188 1
9 74 1 0.778708 1
9 75 1 -2.32849 1
9 76 1 0.80297 1
9 77 1 -0.0493388 1
9 78 1 -0.293093 1
9 79 1 1.8801 1
9 80 1 0.166727 1
9 81 1 -0.370217 1
9 82 1 -1.58425 1
9 83 1 -0.592326 1
9 84 1 2.6184 1
9 85 1 3.23609 1
9 86 1 -1.78293 1
9 87 1 0.0881776 1
9 88 1 -0.610407 1
9 89 1 3.25431 1
9 90 1 -0.919886 1
9 91 1 -0.752659 1
9 92 1 -1.23367 1
9 93 1 -0.696905 1
9 94 1 -1.50592 1
9 95 1 -0.205478 1
10 64 1 0.322185 1
10 65 1 0.393239 1
10 66 1 1.51943 1
10 67 1 0.218797 1
10 68 1 1.62596 1
10 69 1 -0.00467594 1
10 70 1 0.602248 1
10 71 1 -1.09802 1
10 72 1 0.873319 1
10 73 1 0.62786 1
10 74 1 -0.549895 1
10 75 1 0.651228 1
10 76 1 -1.22322 1
10 77 1 1.97846 1
10 78 1 -2.55073 1
10 79 1 -1.29275 1
10 80 1 1.29621 1
10 81 1 -0.00382465 1
10 82 1 0.670561 1
10 83 1 0.994051 1
10 84 1 1.34577 1
10 85 1 2.31131 1
10 86 1 -0.91731 1
10 87 1 1.53288 1
10 88 1 1.63533 1
10 89 1 -0.0949219 1
10 90 1 -0.293333 1
10 91 1 0.474632 1
10 92 1 3.81979 1
10 93 1 -0.850926 1
10 94 1 2.96709 1
10 95 1 1.68943 1
11 64 1 2.21221 1
11 65 1 0.723005 1
11 66 1 0.132323 1
11 67 1 -3.34331 1
11 68 1 2.22212 1
11 69 1 0.0526769 1
11 70 1 1.29714 1
11 71 1 -0.212704 1
11 72 1 1.03953 1
11 73 1 0.557751 1
11 74 1 -0.716222 1
11 75 1 -0.973383 1
11 76 1 -2.05144 1
11 77 1 0.640683 1
11 78 1 -1.18143 1
11 79 1 -1.39546 1
11 80 1 1.50862 1
11 81 1 1.69911 1
11 82 1 1.37171 1
11 83 1 -0.320521 1
11 84 1 3.28522 1
11 85 1 -1.39471 1
11 86 1 -0.820462 1
11 87 1 -0.461771 1
11 88 1 -1.87472 1
11 89 1 -1.69737 1
11 90 1 -0.679665 1
11 91 1 -0.216209 1
11 92 1 -0.716371 1
11 93 1 2.03972 1
11 94 1 0.737924 1
11 95 1 -0.792778 1
12 64 1 -1.90023 1
12 65 1 2.72977 1
12 66 1 -0.0120629 1
12 67 1 -1.28395 1
12 68 1 0.446199 1
12 69 1 1.10658 1
12 70 1 1.64436 1
12 71 1 0.538804 1
12 72 1 -0.803942 1
12 73 1 1.02048 1
12 74 1 0.860229 1
12 75 1 -1.63085 1
12 76 1 1.1134 1
12 77 1 0.91723 1
12 78 1 -0.605585 1
12 79 1 -2.05088 1
12 80 1 -1.28213 1
12 81 1 -0.261007 1
12 82 1 0.0774053 1
12 83 1 -0.180699 1
12 84 1 -1.59524 1
12 85 1 -0.960847 1
12 86 1 -0.0640599 1
12 87 1 0.996883 1
12 88 1 0.580318 1
12 89 1 1.30306 1
12 90 1 1.34323 1
12 91 1 -1.57156 1
12 92 1 0.444673 1
12 93 1 -2.11779 1
12 94 1 -1.74277 1
12 95 1 0.726001 1
13 64 1 -1.91695 1
13 65 1 -1.32099 1
13 66 1 -0.352615 1
13 67 1 0.12243 1
13 68 1 1.75489 1
13 69 1 -1.23064 1
13 70 1 0.280504 1
13 71 1 2.57284 1
13 72 1 -0.542789 1
13 73 1 -2.97237 1
13 74 1 0.158418 1
13 75 1 0.67204 1
13 76 1 1.09284 1
13 77 1 -1.15292 1
13 78 1 0.401366 1
13 79 1 -1.1234 1
13 80 1 -0.546751 1
13 81 1 -0.983157 1
13 82 1 1.022 1
13 83 1 -0.728197 1
13 84 1 -1.05984 1
13 85 1 -1.0767 1
13 86 1 2.98919 1
13 87 1 3.30446 1
13 88 1 -0.0701978 1
13 89 1 0.257301 1
13 90 1 -3.6551 1
13 91 1 -0.746861 1
13 92 1 -1.35481 1
13 93 1 -1.49448 1
13 94 1 -0.358011 1
13 95 1 -2.03936 1
14 64 1 -3.27408 1
14 65 1 0.882381 1
14 66 1 0.0171362 1
14 67 1 -1.61359 1
14 68 1 -1.12828 1
14 69 1 2.29948 1
14 70 1 0.694405 1
14 71 1 1.88914 1
14 72 1 -0.313061 1
14 73 1 -0.783192 1
14 74 1 2.07873 1
14 75 1 -0.218717 1
14 76 1 0.0203438 1
14 77 1 0.263951 1
14 78 1 -1.62304 1
14 79 1 1.81406 1
14 80 1 2.16237 1
14 81 1 0.830392 1
14 82 1 2.73141 1
14 83 1 -2.7915 1
14 84 1 1.01528 1
14 85 1 -1.36076 1
14 86 1 3.40456 1
14 87 1 -0.509044 1
14 88 1 -1.55172 1
14 89 1 -0.98822 1
14 90 1 2.14636 1
14 91 1 3.95013 1
14 92 1 1.41815 1
14 93 1 2.16604 1
14 94 1 3.34265 1
14 95 1 -0.321947 1
15 64 1 -0.900007 1
15 65 1 -0.304047 1
15 66 1 -1.80634 1
15 67 1 0.398841 1
15 68 1 1.19215 1
15 69 1 1.87182 1
15 70 1 2.7871 1
15 71 1 -0.911113 1
15 72 1 -3.17001 1
15 73 1 0.670876 1
15 74 1 -2.43289 1
15 75 1 -2.12509 1
15 76 1 -0.596506 1
15 77 1 1.1764 1
15 78 1 -0.513158 1
15 79 1 -0.252783 1
15 80 1 0.739607 1
15 81 1 1.21616 1
15 82 1 -1.69217 1
15 83 1 0.584639 1
15 84 1 1.02633 1
15 85 1 -0.239314 1
15 86 1 -0.297926 1
15 87 1 -1.19386 1
15 88 1 1.01652 1
15 89 1 0.0521201 1
15 90 1 0.920583 1
15 91 1 -0.744976 1
15 92 1 -1.065 1
15 93 1 1.18163 1
15 94 1 1.71646 1
15 95 1 1.73341 1
16 64 1 0.506787 1
16 65 1 -2.28733 1
16 66 1 -4.1554 1
16 67 1 -2.09001 1
16 68 1 2.39544 1
16 69 1 -0.431905 1
16 70 1 1.83051 1
16 71 1 1.55572 1
16 72 1 -1.69817 1
16 73 1 -0.581522 1
16 74 1 1.22399 1
16 75 1 -1.86797 1
16 76 1 -1.95895 1
16 77 1 0.529809 1
16 78 1 0.722307 1
16 79 1 -1.50514 1
16 80 1 -3.08641 1
16 81 1 2.12329 1
16 82 1 -1.99262 1
16 83 1 0.253525 1
16 84 1 0.297501 1
16 85 1 0.294766 1
16 86 1 -2.31418 1
16 87 1 -0.533384 1
16 88 1 1.62669 1
16 89 1 1.21209 1
16 90 1 -1.29971 1
16 91 1 0.776197 1
16 92 1 1.46484 1
16 93 1 -0.636135 1
16 94 1 1.20634 1
16 95 1 -1.66814 1
17 64 1 -2.9357 1
17 65 1 -0.917487 1
17 66 1 -0.45928 1
17 67 1 0.59711 1
17 68 1 -0.832441 1
17 69 1 0.972354 1
17 70 1 2.44016 1
17 71 1 1.30866 1
17 72 1 -4.05193 1
17 73 1 1.57423 1
17 74 1 1.17534 1
17 75 1 -0.0463914 1
17 76 1 -3.06776 1
17 77 1 0.319544 1
17 78 1 1.47305 1
17 79 1 -2.89716 1
17 80 1 1.67905 1
17 81 1 1.47439 1
17 82 1 -1.72479 1
17 83 1 -0.221685 1
17 84 1 -1.91012 1
17 85 1 -0.329388 1
17 86 1 2.02685 1
17 87 1 1.70223 1
17 88 1 -1.44582 1
17 89 1 -0.964794 1
17 90 1 -2.52762 1
17 91 1 1.97546 1
17 92 1 0.493087 1
17 93 1 0.194706 1
17 94 1 1.38274 1
17 95 1 -0.236067 1
18 64 1 0.374477 1
18 65 1 1.19926 1
18 66 1 -0.209365 1
18 67 1 -0.369365 1
18 68 1 1.00555 1
18 69 1 -0.323045 1
18 70 1 -0.196491 1
18 71 1 0.319918 1
18 72 1 2.02752 1
18 73 1 -0.865245 1
18 74 1 1.92934 1
18 75 1 0.405295 1
18 76 1 0.924111 1
18 77 1 1.09522 1
18 78 1 1.19324 1
18 79 1 -0.895402 1
18 80 1 1.10884 1
18 81 1 2.08283 1
18 82 1 -1.54686 1
18 83 1 -1.08267 1
18 84 1 0.290559 1
18 85 1 -2.4518 1
18 86 1 0.94264 1
18 87 1 -0.0228539 1
18 88 1 1.04603 1
18 89 1 0.783138 1
18 90 1 -0.855789 1
18 91 1 0.555488 1
18 92 1 -0.526079 1
18 93 1 0.0535579 1
18 94 1 -0.0911706 1
18 95 1 -0.964741 1
18 25 1 -1.26074 1
19 64 1 -0.0895808 1
19 65 1 0.195298 1
19 66 1 1.75903 1
19 67 1 -2.27402 1
19 68 1 -2.46865 1
19 69 1 1.00641 1
19 70 1 -1.27671 1
19 71 1 0.231343 1
19 72 1 2.13148 1
19 73 1 0.459662 1
19 74 1 -0.215462 1
19 75 1 -0.801387 1
19 76 1 -0.885096 1
19 77 1 -0.627526 1
19 78 1 -1.37868 1
19 79 1 1.05725 1
19 80 1 -0.907813 1
19 81 1 -2.57076 1
19 82 1 0.284168 1
19 83 1 -2.50309 1
19 84 1 1.41061 1
19 85 1 -0.462038 1
19 86 1 0.289358 1
19 87 1 2.24809 1
19 88 1 0.594989 1
19 89 1 3.07615 1
19 90 1 -0.177334 1
19 91 1 -0.311336 1
19 92 1 0.825452 1
19 93 1 -3.38906 1
19 94 1 -1.88481 1
19 95 1 -3.29077 1
20 64 1 1.60631 1
20 65 1 0.543072 1
20 66 1 0.970385 1
20 67 1 -0.179024 1
20 68 1 0.311681 1
20 69 1 -1.85421 1
20 70 1 -2.29632 1
20 71 1 -1.28421 1
20 72 1 0.5991 1
20 73 1 -0.476381 1
20 74 1 1.38853 1
20 75 1 0.624971 1
20 76 1 -1.59248 1
20 77 1 -0.0262662 1
20 78 1 1.53935 1
20 79 1 0.876459 1
20 80 1 -0.330809 1
20 81 1 -0.737402 1
20 82 1 2.54344 1
20 83 1 2.56553 1
20 84 1 0.324352 1
20 85 1 -0.345203 1
20 86 1 0.647445 1
20 87 1 -0.410343 1
20 88 1 0.405859 1
20 89 1 1.25285 1
20 90 1 0.799121 1
20 91 1 -0.727255 0
20 92 1 -1.53945 1
20 93 1 3.44896 0
20 94 1 0.224651 0
20 95 1 -0.389245 1
20 96 1 -0.48945 1
20 98 1 0.0504373 1
20 103 1 2.36105 1
103 91 1 -1.01199 0
103 105 1 1.45533 1
105 91 1 -0.519501 1
98 93 1 -0.341555 1
98 99 1 -0.118383 1
96 94 1 -0.198581 1
21 64 1 -1.05709 1
21 65 1 0.826531 1
21 66 1 -0.774212 1
21 67 1 -1.83013 1
21 68 1 -0.861922 1
21 69 1 1.9005 1
21 70 1 -1.38675 1
21 71 1 -1.27404 1
21 72 1 -0.772028 1
21 73 1 -0.29161 1
21 74 1 -2.15729 1
21 75 1 -1.60451 1
21 76 1 -0.133055 1
21 77 1 0.898849 1
21 78 1 -1.22691 1
21 79 1 -1.60039 1
21 80 1 -0.151651 1
21 81 1 -0.290683 1
21 82 1 -1.25748 1
21 83 1 -0.624477 1
21 84 1 3.29079 1
21 85 1 -0.42057 1
21 86 1 1.15983 1
21 87 1 0.0493185 1
21 88 1 1.87328 1
21 89 1 2.44068 1
21 90 1 1.62984 1
21 91 1 -0.65534 1
21 92 1 1.09138 1
21 93 1 -1.27314 1
21 94 1 -0.289605 1
21 95 1 0.188078 1
22 64 1 1.46589 1
22 65 1 2.49139 1
22 66 1 1.24224 1
22 67 1 1.91414 1
22 68 1 -1.83196 1
22 69 1 -0.567782 1
22 70 1 -1.09829 1
22 71 1 1.76749 1
22 72 1 -2.1581 1
22 73 1 -0.735751 1
22 74 1 -1.14555 1
22 75 1 1.65065 1
22 76 1 1.72105 1
22 77 1 0.817754 1
22 78 1 1.49194 1
22 79 1 2.05916 1
22 80 1 -1.55826 1
22 81 1 -3.05179 1
22 82 1 0.864043 1
22 83 1 -0.349164 1
22 84 1 -1.18367 1
22 85 1 -0.558173 1
22 86 1 0.27167 1
22 87 1 3.14722 1
22 88 1 -0.0978765 1
22 89 1 0.430356 1
22 90 1 2.20688 1
22 91 1 0.843183 1
22 92 1 0.782527 1
22 93 1 0.981928 1
22 94 1 0.910725 1
22 95 1 3.56687 1
23 64 1 -0.970451 1
23 65 1 -0.00137326 1
23 66 1 1.20181 1
23 67 1 -0.590419 1
23 68 1 -2.05988 1
23 69 1 0.839824 1
23 70 1 1.06732 1
23 71 1 -2.07816 1
23 72 1 0.246238 1
23 73 1 -0.0901941 1
23 74 1 1.62774 1
23 75 1 0.0689426 1
23 76 1 -0.244142 1
23 77 1 1.65376 1
23 78 1 1.33794 1
23 79 1 -3.5065 1
23 80 1 0.266648 1
23 81 1 -0.708693 1
23 82 1 -1.68935 1
23 83 1 0.795747 1
23 84 1 1.12978 1
23 85 1 0.0069803 1
23 86 1 -4.15177 1
23 87 1 0.336193 1
23 88 1 1.06404 1
23 89 1 -0.448105 1
23 90 1 -0.0604309 1
23 91 1 0.185776 1
23 92 1 -0.744162 1
23 93 1 0.87437 1
23 94 1 -0.0211953 1
23 95 1 -1.2134 1
23 107 1 0.448876 1
24 64 1 -2.1012 1
24 65 1 -0.656884 1
24 66 1 -1.21716 1
24 67 1 2.73983 1
24 68 1 -2.56392 1
24 69 1 1.43385 1
24 70 1 -1.62222 1
24 71 1 2.65148 1
24 72 1 0.7753 1
24 73 1 1.01157 1
24 74 1 -1.32546 1
24 75 1 0.805903 1
24 76 1 2.31538 1
24 77 1 -1.81551 1
24 78 1 -2.21 1
24 79 1 0.575531 1
24 80 1 -0.183469 1
24 81 1 0.517204 1
24 82 1 3.083 1
24 83 1 -3.14124 1
24 84 1 -0.793097 1
24 85 1 -0.464051 1
24 86 1 -1.48132 1
24 87 1 2.16069 1
24 88 1 -1.24832 1
24 89 1 -0.309091 1
24 90 1 1.84636 1
24 91 1 -0.0416853 1
24 92 1 1.07148 1
24 93 1 1.12683 1
24 94 1 0.243882 1
24 95 1 1.22607 1
24 5 1 3.61949 1
25 64 1 -1.19253 1
25 65 1 1.20789 1
25 66 1 -1.17075 1
25 67 1 0.985083 1
25 68 1 3.98969 1
25 69 1 -4.19993 1
25 70 1 2.2982 1
25 71 1 -3.12044 1
25 72 1 -0.524516 1
25 73 1 -0.467793 1
25 74 1 0.56774 1
25 75 1 -1.37425 1
25 76 1 1.97225 1
25 77 1 1.38167 1
25 78 1 1.74495 1
25 79 1 -2.26625 1
25 80 1 1.49903 1
25 81 1 -0.157394 1
25 82 1 -0.524808 1
25 83 1 1.65698 1
25 84 1 -1.07295 1
25 85 1 -2.23905 1
25 86 1 0.999711 1
25 87 1 0.293156 1
25 88 1 0.807791 1
25 89 1 1.83962 1
25 90 1 -1.27117 1
25 91 1 -1.64718 1
25 92 1 -0.168358 1
25 93 1 -0.110518 1
25 94 1 -0.6951 1
25 95 1 0.0595398 1
25 8 1 2.01871 1
25 6 1 0.837767 1
26 64 1 -0.10162 1
26 65 1 0.577898 1
26 66 1 -0.0723626 1
26 67 1 1.74097 1
26 68 1 2.02616 1
26 69 1 2.55411 1
26 70 1 -1.01965 1
26 71 1 0.251384 1
26 72 1 -1.48645 1
26 73 1 0.413484 1
26 74 1 -0.430469 1
26 75 1 1.83561 1
26 76 1 -0.634723 1
26 77 1 -2.3582 1
26 78 1 -0.0327644 1
26 79 1 -2.38642 1
26 80 1 0.0883272 1
26 81 1 2.62638 1
26 82 1 0.544689 1
26 83 1 2.02314 1
26 84 1 -1.81815 1
26 85 1 -0.413371 1
26 86 1 -1.66833 1
26 87 1 1.09028 1
26 88 1 -0.82989 1
26 89 1 -0.353722 1
26 90 1 -1.89085 1
26 91 1 -2.25484 1
26 92 1 -1.20265 1
26 93 1 -2.68816 1
26 94 1 0.625368 1
26 95 1 -0.581764 1
26 23 1 2.89259 1
27 64 1 -3.08007 1
27 65 1 1.68403 1
27 66 1 -0.246422 1
27 67 1 0.141727 1
27 68 1 -0.714998 1
27 69 1 -1.7652 1
27 70 1 1.34311 1
27 71 1 -2.6768 1
27 72 1 -2.82966 1
27 73 1 1.98233 1
27 74 1 -0.521806 1
27 75 1 2.86439 1
27 76 1 -2.0028 1
27 77 1 -1.60544 1
27 78 1 2.74606 1
27 79 1 0.310138 1
27 80 1 0.247301 1
27 81 1 0.312805 1
27 82 1 0.00415799 1
27 83 1 -0.485213 1
27 84 1 0.957536 1
27 85 1 -1.39939 1
27 86 1 0.247992 1
27 87 1 0.848261 1
27 88 1 -3.3473 1
27 89 1 -0.299334 1
27 90 1 0.742002 1
27 91 1 0.211213 1
27 92 1 -2.43917 1
27 93 1 -0.851401 1
27 94 1 1.02077 1
27 95 1 0.366775 1
27 9 1 2.28667 1
28 64 1 0.778471 1
28 65 1 -0.220591 1
28 66 1 0.506326 1
28 67 1 1.29314 1
28 68 1 0.182327 1
28 69 1 2.56672 1
28 70 1 -1.64049 1
28 71 1 -1.21011 1
28 72 1 -1.17916 1
28 73 1 0.379744 1
28 74 1 -0.129539 1
28 75 1 -0.112385 1
28 76 1 0.326842 1
28 77 1 -1.03014 1
28 78 1 0.619607 1
28 79 1 0.926842 1
28 80 1 3.85156 1
28 81 1 -0.445855 1
28 82 1 1.0822 1
28 83 1 -0.160273 1
28 84 1 0.158857 1
28 85 1 -2.03754 1
28 86 1 -1.96869 1
28 87 1 -0.442522 1
28 88 1 -3.41758 1
28 89 1 -1.25231 1
28 90 1 -1.42323 1
28 91 1 -1.23886 1
28 92 1 1.66641 1
28 93 1 -1.86529 1
28 94 1 -0.279676 1
28 95 1 -1.25948 1
29 64 1 0.868782 1
29 65 1 -0.299628 1
29 66 1 0.934122 1
29 67 1 1.37333 1
29 68 1 -1.39457 1
29 69 1 0.837282 1
29 70 1 -0.213068 1
29 71 1 0.284735 1
29 72 1 0.838064 1
29 73 1 1.41686 1
29 74 1 0.327221 1
29 75 1 1.54848 1
29 76 1 -0.0237278 1
29 77 1 0.477937 1
29 78 1 -2.62506 1
29 79 1 -0.0801758 1
29 80 1 0.0352658 1
29 81 1 -0.503661 1
29 82 1 -0.59932 1
29 83 1 -0.385934 1
29 84 1 0.387311 1
29 85 1 0.00648666 1
29 86 1 -0.368484 1
29 87 1 -3.87791 1
29 88 1 0.544426 1
29 89 1 1.00603 1
29 90 1 -2.46207 1
29 91 1 1.42292 1
29 92 1 -0.162463 1
29 93 1 0.572575 1
29 94 1 0.407538 1
29 95 1 -1.34317 1
30 64 1 0.94301 1
30 65 1 1.45821 1
30 66 1 -0.644718 1
30 67 1 0.387755 1
30 68 1 1.00875 1
30 69 1 0.224415 1
30 70 1 -0.640431 1
30 71 1 1.81699 1
30 72 1 -1.18493 1
30 73 1 4.84033 1
30 74 1 0.469502 1
30 75 1 1.12891 1
30 76 1 -0.309183 1
30 77 1 -1.38555 1
30 78 1 -0.956541 1
30 79 1 -0.170743 1
30 80 1 1.19533 1
30 81 1 -1.60348 1
30 82 1 1.27225 1
30 83 1 3.93777 1
30 84 1 1.91432 1
30 85 1 -1.44525 1
30 86 1 -1.63217 1
30 87 1 -3.09809 1
30 88 1 0.450299 1
30 89 1 -1.55114 1
30 90 1 0.905865 1
30 91 1 2.71984 1
30 92 1 0.731034 1
30 93 1 0.615184 1
30 94 1 2.7687 1
30 95 1 0.207582 1
31 64 1 1.13849 1
31 65 1 0.412172 1
31 66 1 -0.864207 1
31 67 1 4.02699 1
31 68 1 4.64215 1
31 69 1 0.17801 1
31 70 1 -1.17728 1
31 71 1 1.70898 1
31 72 1 -2.07383 1
31 73 1 -1.91472 1
31 74 1 -0.79405 1
31 75 1 -1.11109 1
31 76 1 -1.14596 1
31 77 1 -1.51735 1
31 78 1 -0.380795 1
31 79 1 -0.185691 1
31 80 1 -0.281036 1
31 81 1 0.599951 1
31 82 1 3.02791 1
31 83 1 -0.793734 1
31 84 1 -1.4353 1
31 85 1 0.359112 1
31 86 1 0.461307 1
31 87 1 2.0919 1
31 88 1 0.766642 1
31 89 1 0.69812 1
31 90 1 1.13448 1
31 91 1 -0.211362 1
31 92 1 -1.78705 1
31 93 1 1.89479 1
31 94 1 -0.415186 1
31 95 1 -0.983477 1
32 64 1 1.95693 1
32 65 1 0.533816 1
32 66 1 -1.86886 1
32 67 1 1.1854 1
32 68 1 0.641231 1
32 69 1 2.74058 1
32 70 1 0.348684 1
32 71 1 1.53789 1
32 72 1 -3.53297 1
32 73 1 -0.31419 1
32 74 1 0.460529 1
32 75 1 1.0486 1
32 76 1 -1.98071 1
32 77 1 -0.668679 1
32 78 1 -1.82996 1
32 79 1 2.13858 1
32 80 1 0.463245 1
32 81 1 -2.39082 1
32 82 1 0.888704 1
32 83 1 -0.381062 1
32 84 1 -0.640818 1
32 85 1 -1.23373 1
32 86 1 0.317615 1
32 87 1 0.953553 1
32 88 1 -0.761815 1
32 89 1 -2.59886 1
32 90 1 -0.519398 1
32 91 1 -0.247828 1
32 92 1 1.85304 1
32 93 1 -2.58504 1
32 94 1 1.54797 1
32 95 1 -0.678502 1
33 64 1 1.0919 1
33 65 1 -3.00524 1
33 66 1 -0.495852 1
33 67 1 -0.667453 1
33 68 1 -1.61501 1
33 69 1 -1.54889 1
33 70 1 3.1338 1
33 71 1 1.03256 1
33 72 1 0.198164 1
33 73 1 0.569989 1
33 74 1 2.30401 1
33 75 1 -1.91671 1
33 76 1 -0.465792 1
33 77 1 2.74628 1
33 78 1 -1.81868 1
33 79 1 -1.39808 1
33 80 1 1.35151 1
33 81 1 0.249361 1
33 82 1 -0.313162 1
33 83 1 0.294837 1
33 84 1 2.0129 1
33 85 1 1.82634 1
33 86 1 -0.9306 1
33 87 1 2.00415 1
33 88 1 2.29478 1
33 89 1 1.67242 1
33 90 1 -0.952438 1
33 91 1 1.29808 1
33 92 1 1.20029 1
33 93 1 1.34998 1
33 94 1 1.94064 1
33 95 1 -0.420859 1
34 64 1 -0.0666501 1
34 65 1 0.651722 1
34 66 1 -0.864852 1
34 67 1 1.08071 1
34 68 1 2.07737 1
34 69 1 0.270676 1
34 70 1 -1.90173 1
34 71 1 -0.218357 1
34 72 1 1.03095 1
34 73 1 0.109956 1
34 74 1 -0.0218584 1
34 75 1 2.28291 1
34 76 1 -1.689 1
34 77 1 0.497125 1
34 78 1 0.51209 1
34 79 1 0.476573 1
34 80 1 0.960675 1
34 81 1 0.857355 1
34 82 1 -0.0138747 1
34 83 1 1.07616 1
34 84 1 -0.0401412 1
34 85 1 0.35623 1
34 86 1 0.384191 1
34 87 1 -0.92889 1
34 88 1 2.0809 1
34 89 1 -0.609337 1
34 90 1 -1.12692 1
34 91 1 0.704877 1
34 92 1 -1.63466 1
34 93 1 -3.0419 1
34 94 1 1.82299 1
34 95 1 0.372819 1
35 64 1 -1.18591 1
35 65 1 1.23135 1
35 66 1 0.935987 1
35 67 1 0.264077 1
35 68 1 0.668152 1
35 69 1 2.03693 1
35 70 1 0.626697 1
35 71 1 0.562812 1
35 72 1 -0.572319 1
35 73 1 1.58938 1
35 74 1 1.26911 1
35 75 1 -1.16982 1
35 76 1 -0.898834 1
35 77 1 1.87364 1
35 78 1 -2.33723 1
35 79 1 -2.04571 1
35 80 1 -4.10678 1
35 81 1 0.391283 1
35 82 1 3.33218 1
35 83 1 0.424327 1
35 84 1 0.920071 1
35 85 1 -1.72922 1
35 86 1 -0.794688 1
35 87 1 -0.450761 1
35 88 1 -0.756766 1
35 89 1 1.71003 1
35 90 1 -1.99306 1
35 91 1 -3.60816 1
35 92 1 0.116055 1
35 93 1 0.863824 1
35 94 1 0.170136 1
35 95 1 -0.0796664 1
36 64 1 -1.42662 1
36 65 1 0.308023 1
36 66 1 -1.01798 1
36 67 1 -0.0511569 1
36 68 1 -0.552826 1
36 69 1 -0.0229346 1
36 70 1 -0.285563 1
36 71 1 2.61178 1
36 72 1 -0.918009 1
36 73 1 0.868719 1
36 74 1 2.29063 1
36 75 1 0.44475 1
36 76 1 -0.313477 1
36 77 1 -1.40554 1
36 78 1 1.72346 1
36 79 1 2.78826 1
36 80 1 -0.925946 1
36 81 1 0.228039 1
36 82 1 -0.136856 0
36 83 1 -2.21265 1
36 84 1 0.946366 1
36 85 1 -0.360255 1
36 86 1 -0.629392 1
36 87 1 -0.993237 1
36 88 1 2.45782 1
36 89 1 -0.765019 1
36 90 1 -1.84605 1
36 91 1 -0.397307 1
36 92 1 2.54596 1
36 93 1 0.202268 1
36 94 1 -1.29813 1
36 95 1 2.43437 1
36 109 1 0.592632 1
36 24 1 -0.275896 1
109 82 1 1.33029 1
37 64 1 -2.87622 1
37 65 1 -0.912375 1
37 66 1 -3.12752 1
37 67 1 -3.33402 1
37 68 1 -0.877194 1
37 69 1 1.35555 1
37 70 1 -0.644009 1
37 71 1 -1.03088 1
37 72 1 -0.0443681 1
37 73 1 0.377714 1
37 74 1 -1.40024 1
37 75 1 -0.1728 1
37 76 1 0.89452 1
37 77 1 0.584985 1
37 78 1 -0.180866 1
37 79 1 0.0555841 1
37 80 1 2.07054 1
37 81 1 0.430853 1
37 82 1 4.69302 1
37 83 1 -0.26436 1
37 84 1 -2.1909 1
37 85 1 1.03427 1
37 86 1 -1.51626 1
37 87 1 0.221499 1
37 88 1 -0.62837 1
37 89 1 1.6244 1
37 90 1 -1.69961 1
37 91 1 -1.64493 1
37 92 1 1.1327 1
37 93 1 -1.56932 1
37 94 1 -0.65061 1
37 95 1 -0.900879 1
38 64 1 0.521193 1
38 65 1 -1.8369 1
38 66 1 -1.30599 1
38 67 1 -0.26816 1
38 68 1 0.865891 1
38 69 1 0.327028 1
38 70 1 2.2377 1
38 71 1 0.964144 1
38 72 1 0.531817 1
38 73 1 -0.786962 1
38 74 1 0.321616 1
38 75 1 0.974592 1
38 76 1 2.1361 1
38 77 1 -1.35657 1
38 78 1 0.317672 1
38 79 1 -1.16911 1
38 80 1 -2.02594 1
38 81 1 -0.221147 1
38 82 1 -1.77488 1
38 83 1 -0.568787 1
38 84 1 0.0284166 1
38 85 1 -0.7119 1
38 86 1 -0.384668 1
38 87 1 0.210024 1
38 88 1 1.99379 1
38 89 1 1.99076 1
38 90 1 -1.51461 1
38 91 1 2.51586 1
38 92 1 0.358589 1
38 93 1 0.471158 1
38 94 1 -1.3476 1
38 95 1 -1.14495 1
39 64 1 0.251731 1
39 65 1 -0.427517 1
39 66 1 0.0043444 1
39 67 1 -1.76071 1
39 68 1 -0.614067 1
39 69 1 1.639 1
39 70 1 -1.44886 1
39 71 1 -0.0775033 1
39 72 1 0.598512 1
39 73 1 -0.264564 1
39 74 1 1.79143 1
39 75 1 0.366863 1
39 76 1 -0.362407 1
39 77 1 -2.23093 1
39 78 1 0.0499768 1
39 79 1 -0.868379 1
39 80 1 -0.348088 1
39 81 1 -1.62343 1
39 82 1 -0.579437 1
39 83 1 1.49533 1
39 84 1 1.79298 1
39 85 1 -1.25979 1
39 86 1 -0.19474 1
39 87 1 0.784837 1
39 88 1 -1.12063 1
39 89 1 1.03658 1
39 90 1 2.77079 1
39 91 1 -2.64724 1
39 92 1 1.83269 1
39 93 1 -0.0875624 1
39 94 1 -0.254739 1
39 95 1 0.309984 1
39 2 1 -2.93412 1
40 64 1 -3.91782 1
40 65 1 0.534802 1
40 66 1 -0.705387 1
40 67 1 1.84196 1
40 68 1 2.97094 1
40 69 1 -1.48564 1
40 70 1 -2.30128 1
40 71 1 0.23052 1
40 72 1 2.01907 1
40 73 1 0.190644 1
40 74 1 -0.264046 1
40 75 1 -0.377157 1
40 76 1 -0.323643 1
40 77 1 -0.0457506 1
40 78 1 1.26251 1
40 79 1 -1.89309 1
40 80 1 1.18117 1
40 81 1 0.561101 1
40 82 1 0.0608987 1
40 83 1 -0.996448 1
40 84 1 0.0635166 1
40 85 1 2.83379 1
40 86 1 1.67976 1
40 87 1 0.269117 1
40 88 1 -1.71432 1
40 89 1 -0.267394 1
40 90 1 0.619744 1
40 91 1 -0.969878 1
40 92 1 -0.496072 1
40 93 1 2.14382 1
40 94 1 -1.09077 1
40 95 1 1.24422 1
41 64 1 2.70831 1
41 65 1 0.164082 1
41 66 1 1.66771 1
41 67 1 -1.17199 1
41 68 1 -0.480475 1
41 69 1 0.148937 1
41 70 1 0.0825876 1
41 71 1 1.80845 1
41 72 1 4.11091 1
41 73 1 -1.53039 1
41 74 1 -1.63848 1
41 75 1 0.708665 1
41 76 1 0.161329 1
41 77 1 -0.841732 1
41 78 1 -1.6676 1
41 79 1 -2.61008 1
41 80 1 2.48269 1
41 81 1 -0.0306184 1
41 82 1 -0.550515 1
41 83 1 1.19452 1
41 84 1 0.397543 1
41 85 1 -0.886607 1
41 86 1 0.0770358 1
41 87 1 -0.827295 1
41 88 1 3.6449 1
41 89 1 -0.461445 1
41 90 1 -0.598192 1
41 91 1 0.880654 1
41 92 1 -0.603074 1
41 93 1 0.217854 1
41 94 1 0.407481 1
41 95 1 -1.72154 1
41 11 1 1.03368 1
42 64 1 0.33144 1
42 65 1 -0.168858 1
42 66 1 0.598245 1
42 67 1 0.262096 1
42 68 1 1.61836 1
42 69 1 -0.861371 1
42 70 1 -0.129995 1
42 71 1 0.0509933 1
42 72 1 -2.64402 1
42 73 1 -1.41839 1
42 74 1 0.746097 1
42 75 1 0.765345 1
42 76 1 -1.09848 1
42 77 1 0.835558 1
42 78 1 -1.3832 1
42 79 1 -1.26916 1
42 80 1 -0.00634854 1
42 81 1 1.18265 1
42 82 1 1.86058 1
42 83 1 1.57218 1
42 84 1 1.01025 1
42 85 1 0.832714 1
42 86 1 0.37447 1
42 87 1 -0.809276 1
42 88 1 1.66934 1
42 89 1 -0.182545 1
42 90 1 0.51372 1
42 91 1 0.93834 1
42 92 1 -0.440772 1
42 93 1 1.33362 1
42 94 1 -0.976316 1
42 95 1 -1.68641 1
43 64 1 -0.00549778 1
43 65 1 -0.568631 1
43 66 1 0.49162 1
43 67 1 0.713865 1
43 68 1 -1.60298 1
43 69 1 -2.82125 1
43 70 1 0.0545392 1
43 71 1 -1.79048 1
43 72 1 -0.4032 1
43 73 1 -0.971894 1
43 74 1 0.254981 1
43 75 1 -2.03528 1
43 76 1 1.81063 1
43 77 1 1.03538 1
43 78 1 0.0824073 1
43 79 1 -0.633002 1
43 80 1 -0.958443 1
43 81 1 0.184497 1
43 82 1 0.228359 1
43 83 1 -0.255105 1
43 84 1 1.48813 1
43 85 1 2.1412 1
43 86 1 -1.04633 1
43 87 1 3.37352 1
43 88 1 -0.523424 1
43 89 1 2.61489 1
43 90 1 -0.0919611 1
43 91 1 -2.18723 1
43 92 1 1.13391 1
43 93 1 1.55814 1
43 94 1 -1.06357 1
43 95 1 -0.600216 1
44 64 1 1.3003 1
44 65 1 -2.75285 1
44 66 1 0.483933 1
44 67 1 -0.37376 1
44 68 1 -1.15574 1
44 69 1 0.139177 1
44 70 1 0.244656 1
44 71 1 0.58937 1
44 72 1 -1.45245 1
44 73 1 0.469005 1
44 74 1 -1.42729 1
44 75 1 -0.582858 1
44 76 1 0.613848 1
44 77 1 1.87226 1
44 78 1 0.279138 1
44 79 1 0.766612 1
44 80 1 1.45971 1
44 81 1 0.543201 1
44 82 1 2.13642 1
44 83 1 -1.01644 1
44 84 1 1.81652 1
44 85 1 0.828189 1
44 86 1 0.865969 1
44 87 1 -1.59788 1
44 88 1 0.442443 1
44 89 1 -1.48512 1
44 90 1 1.05651 1
44 91 1 -0.832955 1
44 92 1 -0.104157 1
44 93 1 2.01582 1
44 94 1 -0.442764 1
44 95 1 -0.48603 1
44 8 1 -0.422765 1
45 64 1 0.645554 1
45 65 1 0.521938 1
45 66 1 -0.29324 1
45 67 1 -1.84962 1
45 68 1 -1.6937 1
45 69 1 -4.84191 1
45 70 1 -0.744969 1
45 71 1 -0.841218 1
45 72 1 -0.763232 1
45 73 1 1.76978 1
45 74 1 2.41504 1
45 75 1 2.03877 1
45 76 1 0.959414 1
45 77 1 0.0055367 1
45 78 1 -2.27666 1
45 79 1 0.66062 1
45 80 1 -1.48663 1
45 81 1 0.729255 1
45 82 1 0.911596 1
45 83 1 0.530231 1
45 84 1 0.401265 1
45 85 1 -1.56895 1
45 86 1 1.4448 1
45 87 1 -0.416158 1
45 88 1 -0.550975 1
45 89 1 -1.83044 1
45 90 1 -1.2798 1
45 91 1 0.795379 1
45 92 1 -2.01297 1
45 93 1 -1.96768 1
45 94 1 1.05614 1
45 95 1 -0.0631204 1
45 9 1 0.754064 1
46 64 1 0.984985 1
46 65 1 0.949187 1
46 66 1 0.503446 1
46 67 1 1.55417 1
46 68 1 -1.7946 1
46 69 1 -1.14048 1
46 70 1 1.03663 1
46 71 1 -0.834489 1
46 72 1 -0.838122 1
46 73 1 -1.45188 1
46 74 1 -3.09697 1
46 75 1 -0.920308 1
46 76 1 -1.7028 1
46 77 1 0.853167 1
46 78 1 -0.18415 1
46 79 1 0.249229 1
46 80 1 0.402858 1
46 81 1 -1.33258 1
46 82 1 0.0676861 1
46 83 1 1.28704 1
46 84 1 -0.813424 1
46 85 1 0.0517123 1
46 86 1 -2.10635 1
46 87 1 -0.408089 1
46 88 1 -1.12484 1
46 89 1 -2.16504 1
46 90 1 0.315953 1
46 91 1 -1.15857 1
46 92 1 -2.245 1
46 93 1 0.217157 1
46 94 1 0.433601 1
46 95 1 0.678496 1
47 64 1 0.842481 1
47 65 1 0.743305 1
47 66 1 -0.584743 1
47 67 1 0.925048 1
47 68 1 -0.695715 1
47 69 1 3.353 1
47 70 1 -1.05493 1
47 71 1 0.704337 1
47 72 1 1.20459 1
47 73 1 1.41802 1
47 74 1 -0.656389 1
47 75 1 0.279561 1
47 76 1 -0.566605 1
47 77 1 -3.7184 1
47 78 1 -0.165462 1
47 79 1 -0.0134245 1
47 80 1 -0.669363 1
47 81 1 -2.15559 1
47 82 1 0.294986 1
47 83 1 -0.248711 1
47 84 1 -0.315483 1
47 85 1 1.42972 1
47 86 1 -1.18734 1
47 87 1 0.674667 1
47 88 1 -1.72249 1
47 89 1 0.509665 1
47 90 1 0.698977 1
47 91 1 0.907299 1
47 92 1 1.6843 1
47 93 1 -0.35019 1
47 94 1 0.96402 1
47 95 1 -1.55306 1
47 4 1 -1.1791 1
48 64 1 -0.521681 1
48 65 1 0.0340433 1
48 66 1 -0.897022 1
48 67 1 -2.1582 1
48 68 1 -1.11783 1
48 69 1 -1.64247 1
48 70 1 1.73778 1
48 71 1 2.16085 1
48 72 1 -1.18234 1
48 73 1 2.56899 1
48 74 1 2.52124 1
48 75 1 -0.907062 1
48 76 1 -0.587818 1
48 77 1 -1.66077 1
48 78 1 0.78485 1
48 79 1 -0.695237 1
48 80 1 0.664476 1
48 81 1 0.389626 1
48 82 1 0.440747 1
48 83 1 1.23875 1
48 84 1 -1.5497 1
48 85 1 1.9279 1
48 86 1 -0.447123 1
48 87 1 -0.438137 1
48 88 1 -1.06329 1
48 89 1 0.67394 1
48 90 1 0.0797481 1
48 91 1 0.951526 1
48 92 1 -1.81343 1
48 93 1 -0.91178 1
48 94 1 -0.367964 1
48 95 1 -1.59161 1
48 16 1 1.31453 1
48 12 1 0.00473952 1
49 64 1 0.995437 1
49 65 1 -1.44328 1
49 66 1 -1.37772 1
49 67 1 1.46035 1
49 68 1 2.18046 1
49 69 1 1.80879 1
49 70 1 -0.240588 1
49 71 1 -2.4294 1
49 72 1 -1.99817 1
49 73 1 1.33583 1
49 74 1 0.497181 1
49 75 1 0.69841 1
49 76 1 -2.57202 1
49 77 1 -0.872455 1
49 78 1 -0.477849 1
49 79 1 2.75155 1
49 80 1 4.06947 1
49 81 1 -2.81998 1
49 82 1 0.455254 1
49 83 1 2.50262 1
49 84 1 1.51183 1
49 85 1 -1.26068 1
49 86 1 -0.175678 1
49 87 1 -2.25316 1
49 88 1 -2.60096 1
49 89 1 -0.0699378 1
49 90 1 1.04086 1
49 91 1 0.328551 1
49 92 1 -0.360522 1
49 93 1 0.214378 1
49 94 1 -0.0905638 1
49 95 1 2.28279 1
49 19 1 0.254008 1
50 64 1 -3.50387 1
50 65 1 -0.939142 1
50 66 1 1.67812 1
50 67 1 -1.15227 1
50 68 1 0.386336 1
50 69 1 0.471709 1
50 70 1 2.1361 1
50 71 1 2.2859 1
50 72 1 -1.98094 1
50 73 1 2.34039 1
50 74 1 1.45818 1
50 75 1 1.89299 1
50 76 1 -0.981878 1
50 77 1 0.427533 1
50 78 1 1.35694 1
50 79 1 -1.25814 1
50 80 1 0.161183 1
50 81 1 -1.56126 1
50 82 1 -1.21271 1
50 83 1 2.98159 1
50 84 1 -1.0924 1
50 85 1 1.72294 1
50 86 1 -0.120505 1
50 87 1 -1.68125 1
50 88 1 -2.8297 1
50 89 1 -0.0546848 1
50 90 1 -0.903548 1
50 91 1 0.196412 1
50 92 1 -0.134762 1
50 93 1 2.40885 1
50 94 1 -0.553537 1
50 95 1 2.17624 1
50 4 1 -1.26392 1
51 64 1 -2.31501 1
51 65 1 0.973674 1
51 66 1 0.123373 1
51 67 1 -1.20094 1
51 68 1 -1.09774 1
51 69 1 -0.337026 1
51 70 1 -0.778509 1
51 71 1 2.33819 1
51 72 1 -0.122541 1
51 73 1 -0.466673 1
51 74 1 -1.22099 1
51 75 1 3.72545 1
51 76 1 -0.175787 1
51 77 1 0.773375 1
51 78 1 -0.509456 1
51 79 1 1.14651 1
51 80 1 1.21438 1
51 81 1 -1.71808 1
51 82 1 -0.153626 1
51 83 1 1.98137 1
51 84 1 -0.677535 1
51 85 1 -0.132285 1
51 86 1 -0.190244 1
51 87 1 0.300372 1
51 88 1 0.269345 1
51 89 1 -0.987878 1
51 90 1 -0.677304 1
51 91 1 -1.03517 1
51 92 1 0.132081 1
51 93 1 2.38234 1
51 94 1 -2.98226 1
51 95 1 0.263715 1
52 64 1 -1.70057 1
52 65 1 0.268745 1
52 66 1 2.18017 1
52 67 1 0.0476671 1
52 68 1 -0.431984 1
52 69 1 2.23101 1
52 70 1 0.434016 1
52 71 1 -1.80072 1
52 72 1 -1.28108 1
52 73 1 2.73569 1
52 74 1 2.04324 1
52 75 1 0.174894 1
52 76 1 -1.46914 1
52 77 1 0.289018 1
52 78 1 -1.67314 1
52 79 1 -1.37853 1
52 80 1 -1.62175 1
52 81 1 0.282845 1
52 82 1 -2.21907 1
52 83 1 -1.44582 1
52 84 1 0.0304615 1
52 85 1 -1.25457 1
52 86 1 -1.70605 1
52 87 1 1.63559 1
52 88 1 -0.0828536 1
52 89 1 -0.231085 1
52 90 1 -0.954942 1
52 91 1 0.318649 1
52 92 1 -1.11656 1
52 93 1 -0.552436 1
52 94 1 -0.286539 1
52 95 1 -0.845575 1
53 64 1 -1.15571 1
53 65 1 1.57547 1
53 66 1 0.346161 1
53 67 1 -2.67092 1
53 68 1 -0.61083 1
53 69 1 3.61304 1
53 70 1 0.546688 1
53 71 1 -0.00593657 1
53 72 1 1.21893 1
53 73 1 0.135587 1
53 74 1 1.10503 1
53 75 1 -1.12882 1
53 76 1 1.48143 1
53 77 1 1.45623 1
53 78 1 0.788933 1
53 79 1 0.520281 1
53 80 1 -1.23959 1
53 81 1 -0.204356 1
53 82 1 1.27348 1
53 83 1 1.15708 1
53 84 1 1.27092 1
53 85 1 -1.22697 1
53 86 1 -0.0668768 1
53 87 1 -0.586109 1
53 88 1 -1.9415 1
53 89 1 -0.398671 1
53 90 1 -1.70633 1
53 91 1 -0.593135 1
53 92 1 0.27498 1
53 93 1 0.893777 1
53 94 1 0.0920307 1
53 95 1 -2.06918 1
53 20 1 1.75562 1
54 64 1 1.47534 1
54 65 1 1.70409 1
54 66 1 0.187125 1
54 67 1 1.132 1
54 68 1 0.336427 1
54 69 1 -0.985801 1
54 70 1 0.236797 1
54 71 1 0.535469 1
54 72 1 0.928504 1
54 73 1 -0.829976 1
54 74 1 -0.322965 1
54 75 1 -1.28907 1
54 76 1 0.191977 1
54 77 1 1.64156 1
54 78 1 0.358124 1
54 79 1 -0.357604 1
54 80 1 0.174497 1
54 81 1 -1.83412 1
54 82 1 -1.50206 1
54 83 1 1.50073 1
54 84 1 1.10101 1
54 85 1 0.212178 1
54 86 1 -0.531979 1
54 87 1 0.900459 1
54 88 1 3.75092 1
54 89 1 0.599308 1
54 90 1 -1.31014 1
54 91 1 1.4564 1
54 92 1 -0.356696 1
54 93 1 -0.333951 1
54 94 1 0.780521 1
54 95 1 1.35193 1
54 30 1 0.204567 1
55 64 1 -0.395418 1
55 65 1 -1.06495 1
55 66 1 2.28468 1
55 67 1 1.07423 1
55 68 1 -1.51248 1
55 69 1 1.94095 1
55 70 1 2.91355 1
55 71 1 -3.72247 1
55 72 1 1.26645 1
55 73 1 -0.930596 1
55 74 1 3.7563 1
55 75 1 -3.94115 1
55 76 1 -3.42928 1
55 77 1 1.17402 1
55 78 1 -1.5328 1
55 79 1 0.00493363 1
55 80 1 0.235787 1
55 81 1 -1.52749 1
55 82 1 -0.746851 1
55 83 1 -0.826516 1
55 84 1 -0.63938 1
55 85 1 0.728279 1
55 86 1 -0.19063 1
55 87 1 2.35887 1
55 88 1 -1.32785 1
55 89 1 -2.17611 1
55 90 1 0.445193 1
55 91 1 0.718172 1
55 92 1 1.38482 1
55 93 1 -1.90602 1
55 94 1 -0.914058 1
55 95 1 -2.71492 1
55 28 1 0.0437405 1
56 64 1 1.10481 1
56 65 1 0.74652 1
56 66 1 0.163426 1
56 67 1 -0.039404 1
56 68 1 1.07295 1
56 69 1 0.286209 1
56 70 1 0.367119 1
56 71 1 0.654296 1
56 72 1 0.74643 1
56 73 1 -0.96952 1
56 74 1 -0.361298 1
56 75 1 2.78888 1
56 76 1 -0.342493 1
56 77 1 -0.000753223 1
56 78 1 -0.974118 1
56 79 1 0.0248659 1
56 80 1 -1.06302 1
56 81 1 1.56169 1
56 82 1 1.21985 1
56 83 1 -1.08717 1
56 84 1 -0.529194 1
56 85 1 -1.62194 1
56 86 1 -0.642952 1
56 87 1 -2.43048 1
56 88 1 1.42259 1
56 89 1 -2.27508 1
56 90 1 0.0796752 1
56 91 1 -0.864008 1
56 92 1 0.732318 1
56 93 1 1.55693 1
56 94 1 -2.05783 1
56 95 1 0.991698 1
56 3 1 -0.0383145 1
57 64 1 -1.83753 1
57 65 1 1.41236 1
57 66 1 -2.70278 1
57 67 1 1.45108 1
57 68 1 4.27366 1
57 69 1 -1.13442 0
57 70 1 1.91398 1
57 71 1 -0.366381 1
57 72 1 -0.700322 1
57 73 1 -2.17425 1
57 74 1 0.100081 1
57 75 1 3.0835 1
57 76 1 1.26208 1
57 77 1 -3.14554 1
57 78 1 -0.607218 1
57 79 1 -0.963895 1
57 80 1 3.09391 1
57 81 1 0.717882 1
57 82 1 -0.128382 1
57 83 1 -2.4225 1
57 84 1 0.481765 1
57 85 1 -3.45559 1
57 86 1 -0.510456 1
57 87 1 0.813686 1
57 88 1 -1.78138 1
57 89 1 2.2518 1
57 90 1 0.687186 1
57 91 1 -0.49816 1
57 92 1 0.442145 1
57 93 1 2.14003 1
57 94 1 2.91168 1
57 95 1 0.898043 1
57 104 1 1.10069 1
104 69 1 -0.248899 1
58 64 1 0.31482 1
58 65 1 -0.32198 1
58 66 1 -0.589374 1
58 67 1 -1.34625 1
58 68 1 0.940424 1
58 69 1 -1.55575 1
58 70 1 -0.919904 1
58 71 1 -0.888375 1
58 72 1 1.01339 1
58 73 1 -1.91943 1
58 74 1 1.58208 1
58 75 1 1.61845 1
58 76 1 -0.84281 1
58 77 1 -1.75303 1
58 78 1 0.0515719 1
58 79 1 -1.76491 1
58 80 1 0.777347 1
58 81 1 0.445738 1
58 82 1 0.772136 1
58 83 1 -0.546418 1
58 84 1 1.6157 1
58 85 1 0.277581 1
58 86 1 -0.164342 1
58 87 1 -1.46305 1
58 88 1 -0.556009 1
58 89 1 -1.81243 1
58 90 1 -0.0234549 1
58 91 1 0.769243 1
58 92 1 1.46564 1
58 93 1 0.538828 1
58 94 1 -3.58588 1
58 95 1 1.00855 1
59 64 1 -0.449013 1
59 65 1 -0.642836 1
59 66 1 1.00154 1
59 67 1 -1.34194 1
59 68 1 -0.181268 1
59 69 1 -1.58952 1
59 70 1 -1.65413 1
59 71 1 0.545009 1
59 72 1 -1.17481 1
59 73 1 -1.43449 1
59 74 1 2.04515 1
59 75 1 1.40523 1
59 76 1 2.03288 1
59 77 1 -1.04942 0
59 78 1 -2.52362 1
59 79 1 -0.262998 1
59 80 1 0.462765 1
59 81 1 -0.654829 1
59 82 1 -1.77408 1
59 83 1 0.683934 1
59 84 1 0.38409 1
59 85 1 -0.006508 1
59 86 1 -0.0524532 1
59 87 1 1.91147 1
59 88 1 0.93788 1
59 89 1 0.716585 1
59 90 1 2.12242 1
59 91 1 -0.307957 1
59 92 1 2.23241 1
59 93 1 0.73955 1
59 94 1 0.0279329 1
59 95 1 1.80251 1
59 97 1 2.10314 1
59 5 1 0.240648 1
59 11 1 0.0321406 1
97 77 1 -1.63747 1
97 22 1 -1.9934 1
97 2 1 -1.39605 0
97 99 1 0.697053 1
97 7 1 -0.0792049 0
97 102 1 2.2814 1
102 7 1 0.21776 1
99 2 1 -0.0684762 0
99 108 1 1.40506 1
108 2 1 1.33656 1
60 64 1 1.25275 1
60 65 1 -0.413177 1
60 66 1 -0.369881 1
60 67 1 0.00977349 1
60 68 1 1.8312 1
60 69 1 2.22194 1
60 70 1 -1.09576 1
60 71 1 -1.92961 1
60 72 1 -2.00889 1
60 73 1 -1.35656 1
60 74 1 -0.153914 1
60 75 1 1.75642 1
60 76 1 -0.0460824 1
60 77 1 2.73443 1
60 78 1 -0.962729 1
60 79 1 0.0431046 1
60 80 1 -1.82048 1
60 81 1 1.70348 1
60 82 1 -2.40366 1
60 83 1 0.732534 1
60 84 1 -2.3842 1
60 85 1 0.0869994 1
60 86 1 0.421748 1
60 87 1 -0.286825 1
60 88 1 -1.17633 1
60 89 1 -2.27041 1
60 90 1 -2.24368 1
60 91 1 0.758362 1
60 92 1 -0.276377 1
60 93 1 0.692824 1
60 94 1 0.234659 1
60 95 1 -1.75114 1
60 24 1 -0.821103 1
61 64 1 -1.42084 1
61 65 1 -0.458632 1
61 66 1 0.462472 1
61 67 1 -0.550284 1
61 68 1 -1.74036 1
61 69 1 0.338273 1
61 70 1 -0.470763 1
61 71 1 0.863834 1
61 72 1 -1.64536 1
61 73 1 -0.0394616 1
61 74 1 1.04587 1
61 75 1 -0.373663 1
61 76 1 1.51892 1
61 77 1 -0.731519 0
61 78 1 1.74994 1
61 79 1 -1.68206 1
61 80 1 -0.371496 1
61 81 1 0.764609 1
61 82 1 1.33136 1
61 83 1 0.418604 1
61 84 1 -0.324497 1
61 85 1 1.16542 1
61 86 1 0.63145 1
61 87 1 0.590423 1
61 88 1 1.70921 1
61 89 1 1.98153 1
61 90 1 -0.540228 1
61 91 1 0.776945 1
61 92 1 -1.38605 1
61 93 1 -0.178599 1
61 94 1 1.12751 1
61 95 1 1.89709 1
61 107 1 1.47386 1
107 77 1 -2.77393 1
62 64 1 1.44499 1
62 65 1 -1.47519 1
62 66 1 1.13776 1
62 67 1 -0.431956 1
62 68 1 -0.838985 1
62 69 1 0.571196 1
62 70 1 -0.86901 1
62 71 1 -1.38525 1
62 72 1 0.21685 1
62 73 1 1.87234 1
62 74 1 1.526 1
62 75 1 -0.318845 1
62 76 1 -1.49727 1
62 77 1 -1.12395 1
62 78 1 -0.891491 1
62 79 1 1.76247 1
62 80 1 -0.0322213 1
62 81 1 -0.711437 1
62 82 1 -0.710491 1
62 83 1 0.207047 1
62 84 1 -0.491985 1
62 85 1 -0.138089 1
62 86 1 2.71795 1
62 87 1 -1.20272 1
62 88 1 -0.192254 1
62 89 1 -0.53155 1
62 90 1 -4.94502 1
62 91 1 -0.428036 1
62 92 1 -1.39048 1
62 93 1 1.93169 1
62 94 1 -0.098824 1
62 95 1 -0.3577 1
62 5 1 -0.639541 1
63 64 1 2.9264 1
63 65 1 0.171069 1
63 66 1 2.46573 1
63 67 1 2.26184 1
63 68 1 0.146989 1
63 69 1 -2.44911 1
63 70 1 0.0945817 1
63 71 1 2.38881 1
63 72 1 0.655017 1
63 73 1 -0.00461388 1
63 74 1 -0.542258 1
63 75 1 -0.326066 1
63 76 1 -1.55634 1
63 77 1 1.65527 1
63 78 1 -0.566554 1
63 79 1 -0.584089 1
63 80 1 0.524999 1
63 81 1 0.749591 1
63 82 1 1.11126 1
63 83 1 -1.76732 1
63 84 1 -1.62165 1
63 85 1 -3.81275 1
63 86 1 2.69422 1
63 87 1 -0.505614 1
63 88 1 0.423077 1
63 89 1 -0.67723 1
63 90 1 1.38381 1
63 91 1 0.826687 1
63 92 1 -0.744887 1
63 93 1 0.325043 1
63 94 1 -0.897212 1
63 95 1 2.37217 1
