112 64 32
-0.537395 -0.59337 -2.85535 2.98959 -1.51787 2.5281 -0.221467 0.0162783 -0.0696892 2.18 1.38768 0.032724 -3.35256 -1.34585 -0.550623 -2.41052 -0.309488 0.111235 -0.678445 -0.738705 -2.4673 -0.888357 -0.804807 0.569424 1.55023 -0.0187637 1.61264 1.06353 -0.951064 0.113706 -3.00099 -0.749458 -0.31612 2.83535 0.0183016 0.903652 -0.727082 0.231363 -0.894187 -1.06304 0.625232 -1.32505 0.194555 -0.664262 -0.730753 -0.478881 -1.04375 1.15292 0.330735 -0.371382 2.45739 -2.42687 -0.554516 -0.576593 2.54305 0.896638 -0.578903 0.907025 -0.378554 -0.838188 -0.78121 -1.2453 0.593238 -2.17764 -1.79057 1.89772 1.82128 0.00564692 -2.68636 -1.10376 -2.37968 -1.79395 -0.074971 -1.49041 0.609989 1.4554 -2.04039 0.863542 -0.0328948 -3.58846 1.37989 -0.6294 0.399602 -0.215508 -0.0623903 -0.656196 0.0659 1.26696 1.31952 -0.458567 -0.875557 0.843033 -1.688 1.11801 -0.795749 -1.24833 -0.63525 0.675792 -1.3976 -0.111711 0.384658 -1.31258 0.140922 -1.89988 -1.24854 1.06779 0.491331 -0.737215 -0.371683 -0.958451 0.368498 -0.0919682 
0 64 1 -3.04543 1
0 65 1 -1.4056 1
0 66 1 1.18618 1
0 67 1 -1.81726 1
0 68 1 2.46119 1
0 69 1 0.572824 1
0 70 1 -2.03011 1
0 71 1 -0.570758 1
0 72 1 -1.2315 1
0 73 1 0.772726 1
0 74 1 -1.06893 1
0 75 1 0.733184 1
0 76 1 0.888326 1
0 77 1 1.85188 1
0 78 1 -0.442839 1
0 79 1 3.4598 1
0 80 1 -0.559848 1
0 81 1 1.48831 1
0 82 1 1.72928 1
0 83 1 -1.30971 1
0 84 1 -1.91107 1
0 85 1 0.795648 1
0 86 1 -0.936874 1
0 87 1 -0.38875 1
0 88 1 0.478125 1
0 89 1 3.08945 1
0 90 1 1.56547 1
0 91 1 1.07302 1
0 92 1 -1.32895 1
0 93 1 -0.108513 1
0 94 1 0.624421 1
0 95 1 1.30516 1
1 64 1 0.204454 1
1 65 1 1.0921 1
1 66 1 1.22174 1
1 67 1 -0.783079 1
1 68 1 1.52239 1
1 69 1 2.83301 1
1 70 1 1.12614 1
1 71 1 -0.983085 1
1 72 1 0.144531 1
1 73 1 -0.534298 1
1 74 1 -0.74931 1
1 75 1 -0.704813 1
1 76 1 0.671255 1
1 77 1 4.61316 1
1 78 1 -1.51203 1
1 79 1 -0.151897 1
1 80 1 -2.10044 1
1 81 1 0.533644 1
1 82 1 0.049748 1
1 83 1 -2.14352 1
1 84 1 0.474969 1
1 85 1 -0.179894 1
1 86 1 0.585951 1
1 87 1 -0.158166 1
1 88 1 -0.437531 1
1 89 1 1.49871 1
1 90 1 0.912488 1
1 91 1 -1.12804 1
1 92 1 -0.474472 1
1 93 1 2.10515 1
1 94 1 -1.84541 1
1 95 1 -2.3412 1
2 64 1 0.305697 1
2 65 1 1.46213 1
2 66 1 -1.24359 1
2 67 1 -0.970413 1
2 68 1 -0.625443 1
2 69 1 1.24708 1
2 70 1 0.20771 1
2 71 1 1.05787 1
2 72 1 -0.0322889 1
2 73 1 -1.50485 1
2 74 1 -0.407901 1
2 75 1 -0.464986 1
2 76 1 -4.19906 1
2 77 1 0.782205 1
2 78 1 -2.14818 1
2 79 1 -1.5986 1
2 80 1 0.626724 1
2 81 1 -3.16327 1
2 82 1 1.07469 1
2 83 1 -0.210578 1
2 84 1 0.0825812 1
2 85 1 0.878723 1
2 86 1 -2.11318 1
2 87 1 -1.256 1
2 88 1 -0.0655589 1
2 89 1 -3.23634 1
2 90 1 -2.06304 1
2 91 1 -0.578273 1
2 92 1 1.82199 1
2 93 1 -0.879584 1
2 94 1 1.40462 1
2 95 1 -0.493529 1
2 100 1 -0.443597 1
3 64 1 -2.08031 1
3 65 1 -1.80747 1
3 66 1 -0.426199 1
3 67 1 -0.697333 1
3 68 1 1.67338 1
3 69 1 -1.73249 1
3 70 1 1.5599 1
3 71 1 2.18742 1
3 72 1 3.78649 1
3 73 1 0.395712 1
3 74 1 -0.334225 1
3 75 1 0.697903 1
3 76 1 3.4253 1
3 77 1 -0.896398 1
3 78 1 -1.52432 1
3 79 1 -0.0276162 1
3 80 1 -0.355404 1
3 81 1 1.7254 1
3 82 1 3.91764 1
3 83 1 -0.23828 1
3 84 1 -0.612049 1
3 85 1 -0.744029 1
3 86 1 1.81002 1
3 87 1 -1.20942 1
3 88 1 1.75969 1
3 89 1 0.213063 1
3 90 1 -1.57565 1
3 91 1 -0.0664373 1
3 92 1 -0.528238 1
3 93 1 -1.40984 1
3 94 1 0.235984 1
3 95 1 0.438155 0
3 110 1 0.960818 1
110 95 1 0.075309 0
110 111 1 1.45681 1
111 95 1 -0.293073 1
4 64 1 2.18168 1
4 65 1 0.146166 1
4 66 1 -2.05869 1
4 67 1 1.5659 1
4 68 1 0.0498928 1
4 69 1 0.475874 1
4 70 1 0.84019 1
4 71 1 -0.281734 1
4 72 1 0.213592 1
4 73 1 -0.744463 1
4 74 1 -0.31237 1
4 75 1 -1.52826 0
4 76 1 0.96753 1
4 77 1 2.15087 1
4 78 1 0.297483 1
4 79 1 -1.18106 1
4 80 1 -2.99279 1
4 81 1 -1.59961 1
4 82 1 -0.106866 1
4 83 1 0.56896 1
4 84 1 1.8934 1
4 85 1 2.04136 1
4 86 1 -1.24964 1
4 87 1 -2.90366 1
4 88 1 0.88781 1
4 89 1 -0.591873 1
4 90 1 0.944541 1
4 91 1 -1.87502 1
4 92 1 -0.547177 1
4 93 1 0.954737 1
4 94 1 -0.714991 1
4 95 1 1.14986 1
4 101 1 1.22321 1
101 75 1 -0.727252 1
5 64 1 1.19641 1
5 65 1 0.650487 1
5 66 1 0.197397 1
5 67 1 3.06351 1
5 68 1 1.76411 1
5 69 1 1.69258 1
5 70 1 -1.72612 1
5 71 1 -1.68573 1
5 72 1 0.22776 1
5 73 1 -1.29626 1
5 74 1 0.690606 1
5 75 1 0.421927 1
5 76 1 0.301929 1
5 77 1 0.511362 1
5 78 1 -2.18994 1
5 79 1 1.67143 1
5 80 1 0.794592 1
5 81 1 0.59392 1
5 82 1 2.21373 1
5 83 1 2.84076 1
5 84 1 1.58032 1
5 85 1 0.669559 1
5 86 1 -0.333156 1
5 87 1 -0.0141016 1
5 88 1 -0.574317 1
5 89 1 -1.23154 1
5 90 1 -1.03093 1
5 91 1 -0.0429483 1
5 92 1 -2.24157 1
5 93 1 0.653964 1
5 94 1 -1.43965 1
5 95 1 -1.27582 1
6 64 1 0.971546 1
6 65 1 -1.56468 1
6 66 1 2.58394 1
6 67 1 -0.422573 1
6 68 1 -2.1806 1
6 69 1 -0.0344234 1
6 70 1 -1.78666 1
6 71 1 -0.435811 1
6 72 1 0.175716 1
6 73 1 -1.02524 1
6 74 1 -0.978523 1
6 75 1 -0.497833 1
6 76 1 3.88191 1
6 77 1 -0.740218 1
6 78 1 0.0581747 1
6 79 1 -3.21544 1
6 80 1 1.23797 1
6 81 1 1.72741 1
6 82 1 0.0731863 1
6 83 1 1.55247 1
6 84 1 2.3258 1
6 85 1 -0.970621 1
6 86 1 -0.573638 1
6 87 1 1.38693 1
6 88 1 -0.921526 1
6 89 1 -1.77421 1
6 90 1 0.232076 1
6 91 1 -1.89708 1
6 92 1 1.13159 1
6 93 1 0.729029 1
6 94 1 -1.88531 1
6 95 1 1.67094 1
7 64 1 0.247429 1
7 65 1 -0.428848 1
7 66 1 -0.530196 1
7 67 1 -0.923903 1
7 68 1 -1.22335 1
7 69 1 -0.990195 1
7 70 1 1.70094 1
7 71 1 0.477072 1
7 72 1 0.700443 1
7 73 1 -0.51364 1
7 74 1 0.697972 1
7 75 1 -1.41786 1
7 76 1 2.02593 1
7 77 1 0.937348 1
7 78 1 1.36261 1
7 79 1 1.39566 1
7 80 1 -0.876398 1
7 81 1 -1.36393 1
7 82 1 -3.02229 1
7 83 1 -0.465665 0
7 84 1 -0.728437 1
7 85 1 1.1112 1
7 86 1 3.1546 1
7 87 1 -0.338039 1
7 88 1 -1.81751 1
7 89 1 -0.246977 1
7 90 1 0.847824 1
7 91 1 -1.14092 1
7 92 1 -0.374866 1
7 93 1 -0.018126 1
7 94 1 0.451353 1
7 95 1 2.37199 1
7 100 1 -0.262098 1
100 83 1 -1.76667 1
100 24 1 -1.094 0
100 106 1 1.21827 1
106 24 1 -1.04665 1
8 64 1 2.28333 1
8 65 1 -2.58664 1
8 66 1 -0.389338 1
8 67 1 0.289725 1
8 68 1 -0.934201 1
8 69 1 0.566903 1
8 70 1 -0.54402 1
8 71 1 0.900202 1
8 72 1 -0.00204773 1
8 73 1 1.94468 1
8 74 1 0.924096 1
8 75 1 -2.92485 1
8 76 1 -1.26458 1
8 77 1 2.46051 1
8 78 1 -0.510399 1
8 79 1 -1.17608 1
8 80 1 0.403544 1
8 81 1 -0.227617 1
8 82 1 0.203118 1
8 83 1 -2.14564 1
8 84 1 0.956908 1
8 85 1 2.83894 1
8 86 1 4.90189 1
8 87 1 -0.525138 1
8 88 1 -0.330693 1
8 89 1 3.48622 1
8 90 1 0.42144 1
8 91 1 -1.05163 1
8 92 1 2.65145 1
8 93 1 1.7185 1
8 94 1 3.09873 1
8 95 1 0.1871 1
9 64 1 0.635961 1
9 65 1 -0.457532 1
9 66 1 0.595025 1
9 67 1 0.505743 1
9 68 1 -1.48265 1
9 69 1 -0.619805 1
9 70 1 -3.05542 1
9 71 1 -1.1831 1
9 72 1 0.31094 1
9 73 1 -0.653838 1
9 74 1 0.33856 1
9 75 1 -2.28117 1
9 76 1 1.56748 1
9 77 1 -0.104162 1
9 78 1 -0.440281 1
9 79 1 1.21665 1
9 80 1 -0.148887 1
9 81 1 -0.347467 1
9 82 1 -1.24726 1
9 83 1 -0.0896892 1
9 84 1 3.4359 1
9 85 1 3.59426 1
9 86 1 -2.01371 1
9 87 1 0.980343 1
9 88 1 -0.893451 1
9 89 1 2.86238 1
9 90 1 -0.645313 1
9 91 1 -1.1572 1
9 92 1 -1.38664 1
9 93 1 -0.749971 1
9 94 1 -1.61141 1
9 95 1 0.230095 1
10 64 1 -0.928462 1
10 65 1 0.216488 1
10 66 1 1.43667 1
10 67 1 -0.382321 1
10 68 1 1.57586 1
10 69 1 -0.491263 1
10 70 1 0.403452 1
10 71 1 -1.29364 1
10 72 1 1.07908 1
10 73 1 0.392358 1
10 74 1 -1.39134 1
10 75 1 0.502994 1
10 76 1 -0.434209 1
10 77 1 1.8074 1
10 78 1 -2.3295 1
10 79 1 -1.50303 1
10 80 1 1.44863 1
10 81 1 0.201176 1
10 82 1 0.567378 1
10 83 1 1.00636 1
10 84 1 1.54054 1
10 85 1 2.30599 1
10 86 1 -0.386738 1
10 87 1 1.07207 1
10 88 1 1.33034 1
10 89 1 0.111519 1
10 90 1 -0.185592 1
10 91 1 0.383715 1
10 92 1 3.2369 1
10 93 1 -0.454809 1
10 94 1 2.92963 1
10 95 1 2.24245 1
11 64 1 1.82206 1
11 65 1 0.364993 1
11 66 1 0.286955 1
11 67 1 -3.71294 1
11 68 1 2.39538 1
11 69 1 -0.0453925 1
11 70 1 1.14246 1
11 71 1 0.0559197 1
11 72 1 0.933174 1
11 73 1 0.793581 1
11 74 1 -1.12484 1
11 75 1 -1.34961 1
11 76 1 -2.0917 1
11 77 1 0.273633 1
11 78 1 -0.856564 1
11 79 1 -1.17243 1
11 80 1 1.7692 1
11 81 1 1.95868 1
11 82 1 2.0622 1
11 83 1 -0.217875 1
11 84 1 3.50658 1
11 85 1 -1.51129 1
11 86 1 -1.25595 1
11 87 1 -0.903841 1
11 88 1 -2.02716 1
11 89 1 -1.66999 1
11 90 1 -0.789056 1
11 91 1 -0.0158968 1
11 92 1 -1.66204 1
11 93 1 1.96745 1
11 94 1 0.558232 1
11 95 1 -0.414846 1
12 64 1 -1.91004 1
12 65 1 1.65842 1
12 66 1 -0.228795 1
12 67 1 -0.903209 1
12 68 1 -0.10861 1
12 69 1 1.14732 1
12 70 1 1.31154 1
12 71 1 0.856771 1
12 72 1 -0.544231 1
12 73 1 1.04237 1
12 74 1 0.667965 1
12 75 1 -1.25628 1
12 76 1 0.970738 1
12 77 1 0.768639 1
12 78 1 -1.20209 1
12 79 1 -2.30392 1
12 80 1 -1.33538 1
12 81 1 -0.0303488 1
12 82 1 0.777281 1
12 83 1 -0.183973 1
12 84 1 -1.60359 1
12 85 1 -1.01702 1
12 86 1 0.0964225 1
12 87 1 0.976911 1
12 88 1 0.34537 1
12 89 1 1.88095 1
12 90 1 1.37901 1
12 91 1 -1.94618 1
12 92 1 0.0790638 1
12 93 1 -2.3795 1
12 94 1 -1.16866 1
12 95 1 0.282281 1
13 64 1 -1.87583 1
13 65 1 -0.952191 1
13 66 1 -0.549524 1
13 67 1 -0.158231 1
13 68 1 2.30954 1
13 69 1 -1.62293 1
13 70 1 0.425313 1
13 71 1 2.75574 1
13 72 1 -0.619298 1
13 73 1 -2.77736 1
13 74 1 -0.0450542 1
13 75 1 0.370397 1
13 76 1 0.816405 1
13 77 1 -1.35857 1
13 78 1 0.505118 1
13 79 1 -1.19155 1
13 80 1 -0.533184 1
13 81 1 -0.630968 1
13 82 1 0.986823 1
13 83 1 0.19381 1
13 84 1 -0.857787 1
13 85 1 -0.80072 1
13 86 1 3.16873 1
13 87 1 3.11035 1
13 88 1 0.0454444 1
13 89 1 -0.293909 1
13 90 1 -3.64697 1
13 91 1 -1.17368 1
13 92 1 -1.37176 1
13 93 1 -1.49138 1
13 94 1 -0.162128 1
13 95 1 -2.38482 1
14 64 1 -3.0403 1
14 65 1 1.13392 1
14 66 1 0.512654 1
14 67 1 -1.51819 1
14 68 1 -0.765572 1
14 69 1 2.06689 1
14 70 1 0.798537 1
14 71 1 1.64514 1
14 72 1 -1.08485 1
14 73 1 -0.424039 1
14 74 1 1.77697 1
14 75 1 -0.0847419 1
14 76 1 0.630417 1
14 77 1 -0.152414 1
14 78 1 -1.62745 1
14 79 1 1.87384 1
14 80 1 2.62537 1
14 81 1 1.33808 1
14 82 1 2.6496 1
14 83 1 -2.70084 1
14 84 1 0.591271 1
14 85 1 -1.32624 1
14 86 1 3.37043 1
14 87 1 -0.202803 1
14 88 1 -1.64792 1
14 89 1 -1.11427 1
14 90 1 1.94073 1
14 91 1 3.97256 1
14 92 1 0.746762 1
14 93 1 2.10142 1
14 94 1 3.83041 1
14 95 1 -0.528085 1
15 64 1 -1.07151 1
15 65 1 -0.714771 1
15 66 1 -1.57084 1
15 67 1 0.202723 1
15 68 1 1.10167 1
15 69 1 1.45523 1
15 70 1 2.48033 1
15 71 1 -1.27387 1
15 72 1 -3.16555 1
15 73 1 0.604507 1
15 74 1 -1.81814 1
15 75 1 -1.92897 1
15 76 1 -0.726284 1
15 77 1 1.49154 1
15 78 1 -0.737741 1
15 79 1 -0.166658 1
15 80 1 1.318 1
15 81 1 1.94803 1
15 82 1 -1.8275 1
15 83 1 0.77397 1
15 84 1 0.898777 1
15 85 1 -0.110526 1
15 86 1 -0.18688 1
15 87 1 -1.63386 1
15 88 1 0.518411 1
15 89 1 0.116222 1
15 90 1 1.12752 1
15 91 1 -0.835046 1
15 92 1 -0.800376 1
15 93 1 0.436375 1
15 94 1 1.68014 1
15 95 1 1.98162 1
16 64 1 0.72002 1
16 65 1 -2.01393 1
16 66 1 -4.69325 1
16 67 1 -1.81646 1
16 68 1 2.34875 1
16 69 1 -0.357792 1
16 70 1 1.87085 1
16 71 1 0.995319 1
16 72 1 -1.27323 1
16 73 1 -0.609755 1
16 74 1 1.40312 1
16 75 1 -1.62186 1
16 76 1 -1.7396 1
16 77 1 0.891512 1
16 78 1 0.368216 1
16 79 1 -1.64586 1
16 80 1 -2.41149 1
16 81 1 2.1305 1
16 82 1 -1.61974 1
16 83 1 0.241025 1
16 84 1 -0.304312 1
16 85 1 0.0818451 1
16 86 1 -2.42647 1
16 87 1 -0.308297 1
16 88 1 1.60928 1
16 89 1 1.74171 1
16 90 1 -1.1965 1
16 91 1 1.13151 1
16 92 1 1.5668 1
16 93 1 -0.860945 1
16 94 1 1.02692 1
16 95 1 -1.98512 1
17 64 1 -2.8404 1
17 65 1 -1.89997 1
17 66 1 -0.413965 1
17 67 1 0.201208 1
17 68 1 -0.686223 1
17 69 1 0.489493 1
17 70 1 2.31102 1
17 71 1 1.53918 1
17 72 1 -4.3329 1
17 73 1 1.37768 1
17 74 1 1.15024 1
17 75 1 0.114263 1
17 76 1 -4.03372 1
17 77 1 0.60432 1
17 78 1 1.57693 1
17 79 1 -2.83337 1
17 80 1 1.71451 1
17 81 1 2.05937 1
17 82 1 -1.35934 1
17 83 1 -0.000914127 1
17 84 1 -2.02628 1
17 85 1 -0.0398103 1
17 86 1 1.91953 1
17 87 1 1.87384 1
17 88 1 -1.91814 1
17 89 1 -1.33564 1
17 90 1 -2.83708 1
17 91 1 1.72043 1
17 92 1 0.586074 1
17 93 1 0.157284 1
17 94 1 1.44778 1
17 95 1 -0.611601 1
18 64 1 0.265189 1
18 65 1 1.43582 1
18 66 1 -0.272241 1
18 67 1 -0.325129 1
18 68 1 0.507483 1
18 69 1 -0.254836 1
18 70 1 0.23963 1
18 71 1 -0.291469 1
18 72 1 1.95471 1
18 73 1 -1.04884 1
18 74 1 2.04885 1
18 75 1 1.00434 1
18 76 1 0.81387 1
18 77 1 1.98811 1
18 78 1 1.45205 1
18 79 1 -0.6232 1
18 80 1 1.17537 1
18 81 1 1.58036 1
18 82 1 -1.25455 1
18 83 1 -0.964479 1
18 84 1 -0.132728 1
18 85 1 -2.41366 1
18 86 1 0.831394 1
18 87 1 0.230041 1
18 88 1 1.276 1
18 89 1 0.59299 1
18 90 1 -0.621745 1
18 91 1 0.266756 1
18 92 1 -0.655904 1
18 93 1 0.235644 1
18 94 1 0.161409 1
18 95 1 -0.367738 1
18 25 1 -1.09066 1
19 64 1 -0.202188 1
19 65 1 0.158057 1
19 66 1 2.08606 1
19 67 1 -1.93891 1
19 68 1 -2.2022 1
19 69 1 0.802022 1
19 70 1 -2.01825 1
19 71 1 -0.213032 1
19 72 1 2.65429 1
19 73 1 0.714235 1
19 74 1 -0.17289 1
19 75 1 -0.609796 1
19 76 1 -1.54387 1
19 77 1 -1.29715 1
19 78 1 -1.30091 1
19 79 1 1.4718 1
19 80 1 -0.74447 1
19 81 1 -2.22498 1
19 82 1 0.915286 1
19 83 1 -1.90259 1
19 84 1 1.43216 1
19 85 1 0.282811 1
19 86 1 -0.231441 1
19 87 1 2.08411 1
19 88 1 0.871215 1
19 89 1 2.55363 1
19 90 1 -0.0779443 1
19 91 1 -0.357371 1
19 92 1 0.48737 1
19 93 1 -3.43676 1
19 94 1 -2.53139 1
19 95 1 -3.40541 1
20 64 1 1.57555 1
20 65 1 0.257221 1
20 66 1 0.512811 1
20 67 1 -0.14019 1
20 68 1 -0.239565 1
20 69 1 -1.41745 1
20 70 1 -2.02268 1
20 71 1 -0.500293 1
20 72 1 0.935667 1
20 73 1 -1.33562 1
20 74 1 1.58992 1
20 75 1 0.530635 1
20 76 1 -1.72344 1
20 77 1 0.0471772 1
20 78 1 1.8412 1
20 79 1 0.488561 1
20 80 1 -0.489634 1
20 81 1 -0.412363 1
20 82 1 2.72783 1
20 83 1 2.54849 1
20 84 1 0.0974637 1
20 85 1 -0.587806 1
20 86 1 0.828033 1
20 87 1 0.113648 1
20 88 1 0.544992 1
20 89 1 0.77684 1
20 90 1 1.34951 1
20 91 1 -1.27712 0
20 92 1 -1.74657 1
20 93 1 2.50462 0
20 94 1 0.0137076 0
20 95 1 -0.24707 1
20 96 1 -0.969065 1
20 98 1 0.163956 1
20 103 1 2.5601 1
103 91 1 -0.25155 0
103 105 1 1.6745 1
105 91 1 -0.481847 1
98 93 1 -0.687717 1
98 99 1 0.16555 1
96 94 1 -0.0985846 1
21 64 1 -0.912022 1
21 65 1 1.06249 1
21 66 1 -1.18968 1
21 67 1 -1.49754 1
21 68 1 -0.745511 1
21 69 1 1.8632 1
21 70 1 -1.46793 1
21 71 1 -1.27155 1
21 72 1 -1.04818 1
21 73 1 -1.05244 1
21 74 1 -1.73991 1
21 75 1 -1.63527 1
21 76 1 -0.130321 1
21 77 1 1.21837 1
21 78 1 -1.4196 1
21 79 1 -1.0932 1
21 80 1 -0.0917076 1
21 81 1 -0.566796 1
21 82 1 -1.14014 1
21 83 1 -0.272196 1
21 84 1 4.04892 1
21 85 1 -0.192961 1
21 86 1 1.64401 1
21 87 1 0.00867217 1
21 88 1 2.37238 1
21 89 1 3.20537 1
21 90 1 1.92256 1
21 91 1 -0.918833 1
21 92 1 0.364793 1
21 93 1 -1.40909 1
21 94 1 0.0546173 1
21 95 1 -0.521227 1
22 64 1 1.42957 1
22 65 1 1.78825 1
22 66 1 0.967797 1
22 67 1 2.03594 1
22 68 1 -2.2244 1
22 69 1 -0.932417 1
22 70 1 -1.23581 1
22 71 1 1.40205 1
22 72 1 -1.89386 1
22 73 1 -0.910441 1
22 74 1 -1.03941 1
22 75 1 1.1296 1
22 76 1 1.55054 1
22 77 1 0.417889 1
22 78 1 1.59312 1
22 79 1 1.81075 1
22 80 1 -1.66033 1
22 81 1 -3.56899 1
22 82 1 1.23167 1
22 83 1 0.114658 1
22 84 1 -1.44224 1
22 85 1 -0.488091 1
22 86 1 0.0155765 1
22 87 1 3.14367 1
22 88 1 -0.0238124 1
22 89 1 0.149073 1
22 90 1 2.09777 1
22 91 1 0.588715 1
22 92 1 0.447253 1
22 93 1 1.21216 1
22 94 1 0.83746 1
22 95 1 3.82613 1
23 64 1 -0.669208 1
23 65 1 0.379514 1
23 66 1 1.12365 1
23 67 1 -0.351372 1
23 68 1 -1.85446 1
23 69 1 1.057 1
23 70 1 0.781587 1
23 71 1 -2.02241 1
23 72 1 0.0753478 1
23 73 1 -0.23486 1
23 74 1 1.95659 1
23 75 1 0.549587 1
23 76 1 0.00431091 1
23 77 1 1.71138 1
23 78 1 0.616677 1
23 79 1 -3.46994 1
23 80 1 -0.156941 1
23 81 1 -0.906913 1
23 82 1 -1.51778 1
23 83 1 0.623475 1
23 84 1 1.32204 1
23 85 1 0.135651 1
23 86 1 -4.24528 1
23 87 1 -0.0705003 1
23 88 1 0.835062 1
23 89 1 -0.322082 1
23 90 1 -0.0317556 1
23 91 1 0.255408 1
23 92 1 -0.82627 1
23 93 1 0.273106 1
23 94 1 -0.625749 1
23 95 1 -1.92394 1
23 107 1 0.365328 1
24 64 1 -2.13128 1
24 65 1 -0.897804 1
24 66 1 -1.24301 1
24 67 1 3.25313 1
24 68 1 -2.15048 1
24 69 1 1.18201 1
24 70 1 -1.59886 1
24 71 1 2.91952 1
24 72 1 0.613553 1
24 73 1 0.757173 1
24 74 1 -0.936545 1
24 75 1 1.21388 1
24 76 1 2.50356 1
24 77 1 -2.09495 1
24 78 1 -2.17829 1
24 79 1 0.595214 1
24 80 1 0.181237 1
24 81 1 0.69163 1
24 82 1 2.83407 1
24 83 1 -3.0984 1
24 84 1 -0.850057 1
24 85 1 -0.214276 1
24 86 1 -2.17894 1
24 87 1 1.63364 1
24 88 1 -1.29888 1
24 89 1 0.479897 1
24 90 1 2.00228 1
24 91 1 -0.378979 1
24 92 1 0.830385 1
24 93 1 1.23133 1
24 94 1 0.119308 1
24 95 1 1.49233 1
24 5 1 3.59569 1
25 64 1 -1.39146 1
25 65 1 0.487727 1
25 66 1 -1.30156 1
25 67 1 0.589613 1
25 68 1 3.57298 1
25 69 1 -3.88194 1
25 70 1 2.65996 1
25 71 1 -2.63217 1
25 72 1 0.281332 1
25 73 1 -0.429467 1
25 74 1 0.471019 1
25 75 1 -1.84767 1
25 76 1 2.14144 1
25 77 1 1.47387 1
25 78 1 1.35405 1
25 79 1 -2.40925 1
25 80 1 1.62999 1
25 81 1 -0.520742 1
25 82 1 -0.551423 1
25 83 1 0.584364 1
25 84 1 -0.918452 1
25 85 1 -3.17527 1
25 86 1 1.09487 1
25 87 1 -0.0851508 1
25 88 1 0.530852 1
25 89 1 1.24751 1
25 90 1 -1.56861 1
25 91 1 -1.11618 1
25 92 1 -0.662297 1
25 93 1 -0.184415 1
25 94 1 -0.533323 1
25 95 1 -0.339297 1
25 8 1 1.53717 1
25 6 1 0.992147 1
26 64 1 -0.407186 1
26 65 1 0.597245 1
26 66 1 0.529513 1
26 67 1 2.84064 1
26 68 1 1.79572 1
26 69 1 2.94136 1
26 70 1 -1.08599 1
26 71 1 0.0308803 1
26 72 1 -1.67674 1
26 73 1 0.888136 1
26 74 1 -0.377927 1
26 75 1 1.51575 1
26 76 1 -0.62033 1
26 77 1 -2.21927 1
26 78 1 0.0952399 1
26 79 1 -2.69638 1
26 80 1 -0.0226775 1
26 81 1 2.55057 1
26 82 1 0.692439 1
26 83 1 2.06226 1
26 84 1 -1.86253 1
26 85 1 -0.596548 1
26 86 1 -1.16355 1
26 87 1 1.39247 1
26 88 1 -0.984431 1
26 89 1 -0.682249 1
26 90 1 -2.5953 1
26 91 1 -2.63217 1
26 92 1 -1.47128 1
26 93 1 -2.67066 1
26 94 1 0.189972 1
26 95 1 -0.368576 1
26 23 1 3.07726 1
27 64 1 -3.27875 1
27 65 1 1.61488 1
27 66 1 -0.691947 1
27 67 1 0.701684 1
27 68 1 -0.876314 1
27 69 1 -1.60963 1
27 70 1 1.47125 1
27 71 1 -2.30671 1
27 72 1 -2.65872 1
27 73 1 1.50624 1
27 74 1 -0.783768 1
27 75 1 2.46243 1
27 76 1 -1.66867 1
27 77 1 -0.927687 1
27 78 1 2.67453 1
27 79 1 0.168901 1
27 80 1 0.185478 1
27 81 1 0.137492 1
27 82 1 -0.803327 1
27 83 1 -0.181313 1
27 84 1 1.127 1
27 85 1 -1.48904 1
27 86 1 0.239172 1
27 87 1 1.68457 1
27 88 1 -3.26608 1
27 89 1 -0.39865 1
27 90 1 0.667416 1
27 91 1 -0.453241 1
27 92 1 -2.44091 1
27 93 1 -0.845879 1
27 94 1 1.51153 1
27 95 1 0.103246 1
27 9 1 2.27113 1
28 64 1 1.03035 1
28 65 1 0.064994 1
28 66 1 -0.318171 1
28 67 1 1.81923 1
28 68 1 0.226977 1
28 69 1 1.69585 1
28 70 1 -1.49146 1
28 71 1 -1.21087 1
28 72 1 -0.785229 1
28 73 1 -0.02768 1
28 74 1 0.309671 1
28 75 1 0.0865212 1
28 76 1 0.191703 1
28 77 1 -0.945724 1
28 78 1 0.680129 1
28 79 1 1.10858 1
28 80 1 4.14246 1
28 81 1 -0.0390217 1
28 82 1 1.45299 1
28 83 1 -0.115538 1
28 84 1 -0.189347 1
28 85 1 -2.14802 1
28 86 1 -2.15017 1
28 87 1 -1.07726 1
28 88 1 -3.18556 1
28 89 1 -1.12808 1
28 90 1 -1.41726 1
28 91 1 -1.20336 1
28 92 1 1.66886 1
28 93 1 -1.5205 1
28 94 1 -0.136944 1
28 95 1 -1.54096 1
29 64 1 0.564765 1
29 65 1 -0.194008 1
29 66 1 1.14959 1
29 67 1 1.00524 1
29 68 1 -1.21548 1
29 69 1 1.39044 1
29 70 1 0.327704 1
29 71 1 -0.470773 1
29 72 1 0.838085 1
29 73 1 1.77796 1
29 74 1 -0.518806 1
29 75 1 1.4857 1
29 76 1 0.00128631 1
29 77 1 1.22383 1
29 78 1 -2.63612 1
29 79 1 -0.403634 1
29 80 1 -0.451487 1
29 81 1 0.372378 1
29 82 1 -0.736888 1
29 83 1 -0.66624 1
29 84 1 -0.0783116 1
29 85 1 0.47546 1
29 86 1 -0.53171 1
29 87 1 -3.38585 1
29 88 1 0.623144 1
29 89 1 0.924919 1
29 90 1 -2.51318 1
29 91 1 1.90421 1
29 92 1 0.197253 1
29 93 1 0.95702 1
29 94 1 0.637639 1
29 95 1 -1.08344 1
30 64 1 1.44457 1
30 65 1 2.13987 1
30 66 1 -0.836229 1
30 67 1 0.463258 1
30 68 1 1.40555 1
30 69 1 0.0800333 1
30 70 1 -0.644184 1
30 71 1 1.2525 1
30 72 1 -1.62275 1
30 73 1 4.55391 1
30 74 1 0.79691 1
30 75 1 1.36443 1
30 76 1 -0.34237 1
30 77 1 -1.74806 1
30 78 1 -0.648462 1
30 79 1 -0.39165 1
30 80 1 1.48178 1
30 81 1 -1.40563 1
30 82 1 1.52596 1
30 83 1 4.71265 1
30 84 1 2.44219 1
30 85 1 -1.2626 1
30 86 1 -1.72978 1
30 87 1 -3.63095 1
30 88 1 0.732413 1
30 89 1 -1.7403 1
30 90 1 0.744239 1
30 91 1 2.14702 1
30 92 1 0.828065 1
30 93 1 0.681084 1
30 94 1 2.30241 1
30 95 1 0.610221 1
31 64 1 2.0345 1
31 65 1 0.804801 1
31 66 1 -1.02282 1
31 67 1 3.83056 1
31 68 1 4.65705 1
31 69 1 0.379417 1
31 70 1 -1.36263 1
31 71 1 1.62114 1
31 72 1 -1.55844 1
31 73 1 -1.40156 1
31 74 1 -0.605567 1
31 75 1 -0.568692 1
31 76 1 -1.62798 1
31 77 1 -1.22536 1
31 78 1 -0.690606 1
31 79 1 0.0391332 1
31 80 1 -0.469798 1
31 81 1 0.773859 1
31 82 1 2.38395 1
31 83 1 -0.911351 1
31 84 1 -2.04256 1
31 85 1 0.205769 1
31 86 1 0.81903 1
31 87 1 1.41264 1
31 88 1 1.47409 1
31 89 1 1.08767 1
31 90 1 1.26926 1
31 91 1 0.0433705 1
31 92 1 -1.62871 1
31 93 1 1.47605 1
31 94 1 -0.386071 1
31 95 1 -1.09472 1
32 64 1 2.26169 1
32 65 1 1.39135 1
32 66 1 -1.4184 1
32 67 1 0.859322 1
32 68 1 0.908283 1
32 69 1 2.50748 1
32 70 1 0.197635 1
32 71 1 1.2626 1
32 72 1 -3.90904 1
32 73 1 -0.852031 1
32 74 1 0.536096 1
32 75 1 1.1195 1
32 76 1 -2.12904 1
32 77 1 -1.65266 1
32 78 1 -1.86414 1
32 79 1 2.30299 1
32 80 1 0.246256 1
32 81 1 -2.71327 1
32 82 1 0.375117 1
32 83 1 -0.299498 1
32 84 1 -0.871601 1
32 85 1 -1.58105 1
32 86 1 0.281758 1
32 87 1 0.745624 1
32 88 1 -0.503678 1
32 89 1 -2.87779 1
32 90 1 -0.4877 1
32 91 1 0.25908 1
32 92 1 1.85353 1
32 93 1 -2.48843 1
32 94 1 1.95422 1
32 95 1 -1.04496 1
33 64 1 0.992773 1
33 65 1 -3.69314 1
33 66 1 -0.557968 1
33 67 1 -0.883262 1
33 68 1 -1.01236 1
33 69 1 -1.18119 1
33 70 1 3.02597 1
33 71 1 0.722576 1
33 72 1 -0.134871 1
33 73 1 0.722443 1
33 74 1 2.25048 1
33 75 1 -2.04372 1
33 76 1 -0.408333 1
33 77 1 2.96942 1
33 78 1 -1.98072 1
33 79 1 -0.39029 1
33 80 1 1.58553 1
33 81 1 -0.577785 1
33 82 1 -0.273827 1
33 83 1 0.107102 1
33 84 1 1.81312 1
33 85 1 1.40139 1
33 86 1 -0.838674 1
33 87 1 1.80083 1
33 88 1 2.63786 1
33 89 1 1.43333 1
33 90 1 -1.0023 1
33 91 1 1.62587 1
33 92 1 1.09219 1
33 93 1 1.15273 1
33 94 1 1.8097 1
33 95 1 -0.00464754 1
34 64 1 -0.0289871 1
34 65 1 0.133758 1
34 66 1 -0.0573585 1
34 67 1 1.10252 1
34 68 1 2.55875 1
34 69 1 0.74477 1
34 70 1 -2.02932 1
34 71 1 0.318927 1
34 72 1 0.826587 1
34 73 1 0.568045 1
34 74 1 -0.04004 1
34 75 1 2.04294 1
34 76 1 -1.32135 1
34 77 1 1.45927 1
34 78 1 0.777342 1
34 79 1 0.730501 1
34 80 1 0.594382 1
34 81 1 1.00908 1
34 82 1 -0.284649 1
34 83 1 1.53041 1
34 84 1 0.403588 1
34 85 1 0.349892 1
34 86 1 -0.0376275 1
34 87 1 -1.08674 1
34 88 1 1.56844 1
34 89 1 -0.546455 1
34 90 1 -1.02433 1
34 91 1 0.762036 1
34 92 1 -1.31704 1
34 93 1 -3.21738 1
34 94 1 1.96594 1
34 95 1 0.0761385 1
35 64 1 -1.05242 1
35 65 1 0.7111 1
35 66 1 1.03247 1
35 67 1 -0.151846 1
35 68 1 0.674916 1
35 69 1 2.1673 1
35 70 1 0.924073 1
35 71 1 0.932713 1
35 72 1 -0.81103 1
35 73 1 2.61728 1
35 74 1 1.24243 1
35 75 1 -0.387028 1
35 76 1 -1.15384 1
35 77 1 1.50164 1
35 78 1 -2.45321 1
35 79 1 -2.02979 1
35 80 1 -3.87526 1
35 81 1 0.730892 1
35 82 1 3.78577 1
35 83 1 -0.0520241 1
35 84 1 1.69801 1
35 85 1 -1.30809 1
35 86 1 -0.87483 1
35 87 1 -0.192997 1
35 88 1 -0.671302 1
35 89 1 1.56251 1
35 90 1 -1.55753 1
35 91 1 -3.83171 1
35 92 1 0.887133 1
35 93 1 0.879516 1
35 94 1 -0.00652036 1
35 95 1 -0.22066 1
36 64 1 -1.15047 1
36 65 1 0.951696 1
36 66 1 -1.42594 1
36 67 1 -0.420809 1
36 68 1 -0.744199 1
36 69 1 -0.240077 1
36 70 1 -0.190884 1
36 71 1 2.528 1
36 72 1 -0.867989 1
36 73 1 1.13441 1
36 74 1 2.08554 1
36 75 1 0.0786363 1
36 76 1 0.0817938 1
36 77 1 -1.70393 1
36 78 1 1.67039 1
36 79 1 2.32677 1
36 80 1 -1.01403 1
36 81 1 0.252274 1
36 82 1 -0.0381972 0
36 83 1 -2.45098 1
36 84 1 0.733441 1
36 85 1 -1.01104 1
36 86 1 -0.372483 1
36 87 1 -1.2734 1
36 88 1 2.33049 1
36 89 1 -0.723869 1
36 90 1 -1.45347 1
36 91 1 -0.442142 1
36 92 1 2.68785 1
36 93 1 0.162439 1
36 94 1 -1.45554 1
36 95 1 2.63723 1
36 109 1 0.356773 1
36 24 1 -0.861283 1
109 82 1 1.54498 1
37 64 1 -3.18731 1
37 65 1 -0.910881 1
37 66 1 -2.79312 1
37 67 1 -3.1126 1
37 68 1 -0.672959 1
37 69 1 1.33997 1
37 70 1 -0.852462 1
37 71 1 -2.05682 1
37 72 1 0.196942 1
37 73 1 0.560821 1
37 74 1 -0.853842 1
37 75 1 -0.326311 1
37 76 1 0.3453 1
37 77 1 0.878201 1
37 78 1 -0.220234 1
37 79 1 -0.141765 1
37 80 1 1.9256 1
37 81 1 0.78159 1
37 82 1 4.68976 1
37 83 1 -0.0372967 1
37 84 1 -1.82336 1
37 85 1 1.40275 1
37 86 1 -1.37546 1
37 87 1 0.119062 1
37 88 1 -0.980685 1
37 89 1 0.940515 1
37 90 1 -1.47927 1
37 91 1 -1.61886 1
37 92 1 1.83964 1
37 93 1 -1.54465 1
37 94 1 -0.702715 1
37 95 1 -0.345551 1
38 64 1 0.352976 1
38 65 1 -2.2276 1
38 66 1 -1.56007 1
38 67 1 -0.151976 1
38 68 1 1.24352 1
38 69 1 0.264418 1
38 70 1 1.65944 1
38 71 1 1.21843 1
38 72 1 0.216704 1
38 73 1 -1.0695 1
38 74 1 0.559124 1
38 75 1 0.52715 1
38 76 1 2.22546 1
38 77 1 -1.19963 1
38 78 1 -0.0286594 1
38 79 1 -1.21906 1
38 80 1 -1.4686 1
38 81 1 -0.367474 1
38 82 1 -0.97317 1
38 83 1 -0.976778 1
38 84 1 -0.419058 1
38 85 1 -1.09724 1
38 86 1 -0.31814 1
38 87 1 -0.280469 1
38 88 1 2.43831 1
38 89 1 2.06084 1
38 90 1 -1.55777 1
38 91 1 2.95178 1
38 92 1 0.167523 1
38 93 1 0.435419 1
38 94 1 -1.22914 1
38 95 1 -1.10594 1
39 64 1 0.584103 1
39 65 1 -0.134609 1
39 66 1 0.0894603 1
39 67 1 -1.57737 1
39 68 1 -0.735076 1
39 69 1 1.78527 1
39 70 1 -1.55762 1
39 71 1 -0.0841053 1
39 72 1 0.191029 1
39 73 1 0.093905 1
39 74 1 1.8274 1
39 75 1 0.611102 1
39 76 1 -0.71603 1
39 77 1 -2.00709 1
39 78 1 0.396038 1
39 79 1 -0.235475 1
39 80 1 -0.189453 1
39 81 1 -1.47405 1
39 82 1 0.213261 1
39 83 1 1.5009 1
39 84 1 2.05314 1
39 85 1 -0.983712 1
39 86 1 -0.689333 1
39 87 1 0.857785 1
39 88 1 -0.875733 1
39 89 1 0.627628 1
39 90 1 3.02332 1
39 91 1 -2.36245 1
39 92 1 1.42915 1
39 93 1 -0.126855 1
39 94 1 -0.345466 1
39 95 1 1.20609 1
39 2 1 -2.75983 1
40 64 1 -3.69467 1
40 65 1 0.477835 1
40 66 1 -0.990431 1
40 67 1 1.41149 1
40 68 1 2.91201 1
40 69 1 -1.17951 1
40 70 1 -2.17827 1
40 71 1 0.534802 1
40 72 1 2.67948 1
40 73 1 0.170571 1
40 74 1 0.0554736 1
40 75 1 -0.333403 1
40 76 1 -0.180243 1
40 77 1 0.288247 1
40 78 1 1.34536 1
40 79 1 -2.02798 1
40 80 1 0.451702 1
40 81 1 0.287057 1
40 82 1 0.0496794 1
40 83 1 -1.00331 1
40 84 1 -0.116956 1
40 85 1 2.90512 1
40 86 1 1.42347 1
40 87 1 0.71246 1
40 88 1 -1.27519 1
40 89 1 -0.54748 1
40 90 1 1.30062 1
40 91 1 -1.26397 1
40 92 1 -0.467875 1
40 93 1 2.19858 1
40 94 1 -1.07354 1
40 95 1 0.869947 1
41 64 1 3.6649 1
41 65 1 0.0240139 1
41 66 1 1.48367 1
41 67 1 -1.92031 1
41 68 1 -1.26383 1
41 69 1 -0.336979 1
41 70 1 0.283947 1
41 71 1 1.82214 1
41 72 1 4.16675 1
41 73 1 -1.85745 1
41 74 1 -1.42191 1
41 75 1 0.562241 1
41 76 1 0.758566 1
41 77 1 -0.972838 1
41 78 1 -1.7087 1
41 79 1 -2.26834 1
41 80 1 2.84288 1
41 81 1 0.587139 1
41 82 1 -0.411648 1
41 83 1 0.77117 1
41 84 1 -0.124585 1
41 85 1 -1.15463 1
41 86 1 0.496921 1
41 87 1 -0.395074 1
41 88 1 3.21113 1
41 89 1 -1.06893 1
41 90 1 -0.508491 1
41 91 1 0.763006 1
41 92 1 -0.89749 1
41 93 1 -0.153223 1
41 94 1 0.378273 1
41 95 1 -1.36791 1
41 11 1 1.08253 1
42 64 1 0.520851 1
42 65 1 -0.497731 1
42 66 1 0.763309 1
42 67 1 0.624649 1
42 68 1 1.69814 1
42 69 1 -0.468868 1
42 70 1 -0.334491 1
42 71 1 0.450924 1
42 72 1 -3.11916 1
42 73 1 -2.16366 1
42 74 1 1.00123 1
42 75 1 0.638907 1
42 76 1 -0.935008 1
42 77 1 0.260428 1
42 78 1 -1.33916 1
42 79 1 -0.812903 1
42 80 1 0.26569 1
42 81 1 0.553723 1
42 82 1 1.46622 1
42 83 1 1.3534 1
42 84 1 1.44258 1
42 85 1 1.15806 1
42 86 1 -0.26683 1
42 87 1 -1.09227 1
42 88 1 1.39912 1
42 89 1 -0.504566 1
42 90 1 -0.0195069 1
42 91 1 0.808462 1
42 92 1 -0.506136 1
42 93 1 1.35079 1
42 94 1 -1.10629 1
42 95 1 -1.43734 1
43 64 1 0.0786355 1
43 65 1 -0.924722 1
43 66 1 0.299402 1
43 67 1 0.722348 1
43 68 1 -1.64318 1
43 69 1 -2.93898 1
43 70 1 0.555743 1
43 71 1 -2.03842 1
43 72 1 -0.695944 1
43 73 1 -0.695341 1
43 74 1 0.725569 1
43 75 1 -1.93861 1
43 76 1 1.90084 1
43 77 1 0.682082 1
43 78 1 0.301269 1
43 79 1 -0.15335 1
43 80 1 -1.15177 1
43 81 1 0.0557271 1
43 82 1 0.499406 1
43 83 1 -0.478275 1
43 84 1 1.33337 1
43 85 1 1.74126 1
43 86 1 -0.993593 1
43 87 1 3.6695 1
43 88 1 -0.914409 1
43 89 1 2.1133 1
43 90 1 0.311702 1
43 91 1 -2.15391 1
43 92 1 1.24671 1
43 93 1 1.56948 1
43 94 1 -1.35135 1
43 95 1 -0.413973 1
44 64 1 2.13732 1
44 65 1 -2.82871 1
44 66 1 0.319083 1
44 67 1 -0.172864 1
44 68 1 -1.21982 1
44 69 1 1.04851 1
44 70 1 -0.00825587 1
44 71 1 0.114377 1
44 72 1 -1.62064 1
44 73 1 0.62827 1
44 74 1 -1.17214 1
44 75 1 -0.879201 1
44 76 1 0.738319 1
44 77 1 1.59534 1
44 78 1 0.571276 1
44 79 1 1.0598 1
44 80 1 1.99721 1
44 81 1 0.707888 1
44 82 1 1.78554 1
44 83 1 -0.595288 1
44 84 1 1.79127 1
44 85 1 1.19775 1
44 86 1 0.602348 1
44 87 1 -1.34297 1
44 88 1 0.658111 1
44 89 1 -1.38782 1
44 90 1 0.466609 1
44 91 1 -0.787129 1
44 92 1 -0.0720719 1
44 93 1 2.20913 1
44 94 1 -0.730573 1
44 95 1 -0.47565 1
44 8 1 0.0841394 1
45 64 1 0.55567 1
45 65 1 0.417361 1
45 66 1 -0.0344572 1
45 67 1 -1.56166 1
45 68 1 -1.74415 1
45 69 1 -4.57652 1
45 70 1 -1.41505 1
45 71 1 -0.318368 1
45 72 1 -1.62245 1
45 73 1 1.81986 1
45 74 1 2.03317 1
45 75 1 1.09644 1
45 76 1 0.127482 1
45 77 1 -0.834782 1
45 78 1 -2.12894 1
45 79 1 0.89085 1
45 80 1 -0.460292 1
45 81 1 0.52219 1
45 82 1 1.14576 1
45 83 1 0.143795 1
45 84 1 0.312258 1
45 85 1 -1.53842 1
45 86 1 1.26075 1
45 87 1 -0.797979 1
45 88 1 -0.486141 1
45 89 1 -1.53768 1
45 90 1 -1.23257 1
45 91 1 0.0620298 1
45 92 1 -2.3642 1
45 93 1 -1.5872 1
45 94 1 0.667464 1
45 95 1 -0.231059 1
45 9 1 1.28555 1
46 64 1 1.05168 1
46 65 1 0.20618 1
46 66 1 0.507852 1
46 67 1 1.90625 1
46 68 1 -1.91381 1
46 69 1 -1.10763 1
46 70 1 0.221879 1
46 71 1 -1.08346 1
46 72 1 -0.917688 1
46 73 1 -1.93992 1
46 74 1 -2.73944 1
46 75 1 -1.42172 1
46 76 1 -1.73284 1
46 77 1 1.25458 1
46 78 1 -0.802493 1
46 79 1 0.502547 1
46 80 1 0.987466 1
46 81 1 -1.12668 1
46 82 1 -0.193911 1
46 83 1 1.80397 1
46 84 1 -0.971843 1
46 85 1 0.495945 1
46 86 1 -1.62966 1
46 87 1 0.177316 1
46 88 1 -0.792046 1
46 89 1 -2.71604 1
46 90 1 0.0612182 1
46 91 1 -0.517306 1
46 92 1 -1.53061 1
46 93 1 -0.204802 1
46 94 1 0.8415 1
46 95 1 1.15561 1
47 64 1 0.905393 1
47 65 1 0.504046 1
47 66 1 -0.137884 1
47 67 1 1.78171 1
47 68 1 -0.50247 1
47 69 1 3.39639 1
47 70 1 -1.41954 1
47 71 1 1.12953 1
47 72 1 1.51853 1
47 73 1 1.24407 1
47 74 1 -0.832279 1
47 75 1 -0.0434551 1
47 76 1 -0.748998 1
47 77 1 -3.98639 1
47 78 1 -0.300594 1
47 79 1 0.163145 1
47 80 1 -0.302346 1
47 81 1 -2.76888 1
47 82 1 0.0497494 1
47 83 1 -0.180827 1
47 84 1 -0.579128 1
47 85 1 1.16918 1
47 86 1 -1.25884 1
47 87 1 0.946923 1
47 88 1 -1.84481 1
47 89 1 0.746467 1
47 90 1 1.48888 1
47 91 1 0.785 1
47 92 1 1.62788 1
47 93 1 -0.479794 1
47 94 1 0.864119 1
47 95 1 -1.23994 1
47 4 1 -1.12018 1
48 64 1 -1.03263 1
48 65 1 -0.704335 1
48 66 1 -0.506531 1
48 67 1 -2.00472 1
48 68 1 -0.586334 1
48 69 1 -1.73925 1
48 70 1 2.08714 1
48 71 1 2.24348 1
48 72 1 -1.26002 1
48 73 1 1.94879 1
48 74 1 2.05691 1
48 75 1 -0.876487 1
48 76 1 0.202161 1
48 77 1 -1.80029 1
48 78 1 0.363161 1
48 79 1 -0.698744 1
48 80 1 0.516472 1
48 81 1 -0.0333097 1
48 82 1 0.152296 1
48 83 1 0.763754 1
48 84 1 -1.31043 1
48 85 1 2.10281 1
48 86 1 -0.0139258 1
48 87 1 -0.204045 1
48 88 1 -1.68 1
48 89 1 1.03508 1
48 90 1 -0.455593 1
48 91 1 0.642872 1
48 92 1 -2.29118 1
48 93 1 -1.15737 1
48 94 1 -0.226249 1
48 95 1 -1.13232 1
48 16 1 0.969411 1
48 12 1 -0.323676 1
49 64 1 0.659084 1
49 65 1 -1.46403 1
49 66 1 -1.28957 1
49 67 1 1.63244 1
49 68 1 1.70862 1
49 69 1 2.21196 1
49 70 1 -0.516432 1
49 71 1 -2.72748 1
49 72 1 -2.19912 1
49 73 1 1.57842 1
49 74 1 0.233337 1
49 75 1 1.1681 1
49 76 1 -2.55917 1
49 77 1 -1.26196 1
49 78 1 0.0480953 1
49 79 1 2.01145 1
49 80 1 3.40003 1
49 81 1 -2.79186 1
49 82 1 -0.122119 1
49 83 1 1.94678 1
49 84 1 1.55162 1
49 85 1 -1.79818 1
49 86 1 -0.344341 1
49 87 1 -2.20433 1
49 88 1 -2.30792 1
49 89 1 0.274564 1
49 90 1 1.38864 1
49 91 1 0.3844 1
49 92 1 -0.838607 1
49 93 1 0.443531 1
49 94 1 -0.344273 1
49 95 1 2.2965 1
49 19 1 -0.104075 1
50 64 1 -4.0721 1
50 65 1 -1.3463 1
50 66 1 1.57448 1
50 67 1 -1.07152 1
50 68 1 0.305596 1
50 69 1 0.0912817 1
50 70 1 2.34015 1
50 71 1 2.81436 1
50 72 1 -1.96798 1
50 73 1 2.89433 1
50 74 1 1.43812 1
50 75 1 1.59804 1
50 76 1 -1.16753 1
50 77 1 0.911872 1
50 78 1 1.2511 1
50 79 1 -1.12017 1
50 80 1 -0.0390581 1
50 81 1 -1.10941 1
50 82 1 -1.29261 1
50 83 1 3.13197 1
50 84 1 -1.60898 1
50 85 1 1.91644 1
50 86 1 -0.221151 1
50 87 1 -2.22474 1
50 88 1 -2.46286 1
50 89 1 1.12635 1
50 90 1 -0.772288 1
50 91 1 0.861995 1
50 92 1 0.0842644 1
50 93 1 2.01108 1
50 94 1 -1.37356 1
50 95 1 2.57724 1
50 4 1 -1.98082 1
51 64 1 -2.13784 1
51 65 1 1.78647 1
51 66 1 -0.155232 1
51 67 1 -1.1524 1
51 68 1 -0.970504 1
51 69 1 -0.659415 1
51 70 1 -0.240724 1
51 71 1 3.11693 1
51 72 1 -0.432441 1
51 73 1 -0.815452 1
51 74 1 -1.85848 1
51 75 1 3.61212 1
51 76 1 0.019726 1
51 77 1 0.378302 1
51 78 1 -0.652446 1
51 79 1 1.00488 1
51 80 1 1.27067 1
51 81 1 -1.9555 1
51 82 1 -0.353001 1
51 83 1 2.38289 1
51 84 1 -0.493293 1
51 85 1 -0.553069 1
51 86 1 -0.0606095 1
51 87 1 0.175226 1
51 88 1 0.861738 1
51 89 1 -1.47573 1
51 90 1 -0.79298 1
51 91 1 -0.447123 1
51 92 1 -0.321879 1
51 93 1 2.35646 1
51 94 1 -2.58601 1
51 95 1 0.754538 1
52 64 1 -1.81728 1
52 65 1 0.236084 1
52 66 1 2.03586 1
52 67 1 0.181071 1
52 68 1 -0.69987 1
52 69 1 2.32237 1
52 70 1 0.654629 1
52 71 1 -1.83117 1
52 72 1 -1.22758 1
52 73 1 2.47026 1
52 74 1 1.90812 1
52 75 1 0.0604941 1
52 76 1 -1.85401 1
52 77 1 -0.0782801 1
52 78 1 -1.74294 1
52 79 1 -1.25887 1
52 80 1 -1.68743 1
52 81 1 -0.330766 1
52 82 1 -1.9178 1
52 83 1 -1.50193 1
52 84 1 -0.314711 1
52 85 1 -0.478476 1
52 86 1 -1.8694 1
52 87 1 2.03382 1
52 88 1 -0.945644 1
52 89 1 -0.23725 1
52 90 1 -0.879776 1
52 91 1 0.466736 1
52 92 1 -1.18138 1
52 93 1 -0.499078 1
52 94 1 -0.527658 1
52 95 1 -1.08107 1
53 64 1 -0.992728 1
53 65 1 1.75079 1
53 66 1 0.0552005 1
53 67 1 -2.48117 1
53 68 1 -0.700369 1
53 69 1 3.01266 1
53 70 1 0.897059 1
53 71 1 -0.101565 1
53 72 1 1.03694 1
53 73 1 -0.211233 1
53 74 1 1.08309 1
53 75 1 -1.44943 1
53 76 1 1.49355 1
53 77 1 1.62479 1
53 78 1 0.769062 1
53 79 1 0.300375 1
53 80 1 -1.282 1
53 81 1 -0.264653 1
53 82 1 1.20894 1
53 83 1 0.735891 1
53 84 1 1.0797 1
53 85 1 -1.00633 1
53 86 1 -0.620027 1
53 87 1 -0.0824456 1
53 88 1 -2.03684 1
53 89 1 -0.297245 1
53 90 1 -2.28808 1
53 91 1 0.04323 1
53 92 1 0.45984 1
53 93 1 0.686526 1
53 94 1 -0.0864071 1
53 95 1 -2.08581 1
53 20 1 2.2019 1
54 64 1 1.49107 1
54 65 1 2.0483 1
54 66 1 -0.219909 1
54 67 1 0.946523 1
54 68 1 0.308294 1
54 69 1 -1.25461 1
54 70 1 0.316638 1
54 71 1 0.612626 1
54 72 1 1.12194 1
54 73 1 -1.17047 1
54 74 1 0.0306401 1
54 75 1 -1.21557 1
54 76 1 0.117209 1
54 77 1 1.71361 1
54 78 1 0.436812 1
54 79 1 -0.850126 1
54 80 1 0.345952 1
54 81 1 -2.47191 1
54 82 1 -1.33345 1
54 83 1 1.72018 1
54 84 1 1.21789 1
54 85 1 0.260545 1
54 86 1 -1.56346 1
54 87 1 0.504508 1
54 88 1 3.60549 1
54 89 1 0.390119 1
54 90 1 -1.39262 1
54 91 1 1.23474 1
54 92 1 -0.51409 1
54 93 1 0.133239 1
54 94 1 0.418803 1
54 95 1 1.39469 1
54 30 1 0.60367 1
55 64 1 0.139559 1
55 65 1 -0.576037 1
55 66 1 2.29054 1
55 67 1 0.73023 1
55 68 1 -1.53652 1
55 69 1 1.95058 1
55 70 1 3.10601 1
55 71 1 -3.5392 1
55 72 1 0.792535 1
55 73 1 -1.35676 1
55 74 1 3.39523 1
55 75 1 -4.22068 1
55 76 1 -4.08755 1
55 77 1 1.10743 1
55 78 1 -1.49083 1
55 79 1 -0.0763115 1
55 80 1 0.402133 1
55 81 1 -1.55819 1
55 82 1 -1.35658 1
55 83 1 -1.07204 1
55 84 1 -1.389 1
55 85 1 0.890385 1
55 86 1 0.0483897 1
55 87 1 2.73278 1
55 88 1 -1.26144 1
55 89 1 -2.64997 1
55 90 1 0.340395 1
55 91 1 0.478535 1
55 92 1 1.08983 1
55 93 1 -1.77379 1
55 94 1 -0.708492 1
55 95 1 -2.42456 1
55 28 1 -0.5092 1
56 64 1 1.45707 1
56 65 1 0.404839 1
56 66 1 -0.121275 1
56 67 1 -0.362368 1
56 68 1 1.38948 1
56 69 1 0.448777 1
56 70 1 1.06704 1
56 71 1 -0.00832999 1
56 72 1 0.667607 1
56 73 1 -0.71937 1
56 74 1 -0.211511 1
56 75 1 3.15953 1
56 76 1 -0.48739 1
56 77 1 -0.541298 1
56 78 1 -1.0604 1
56 79 1 0.291586 1
56 80 1 -1.09137 1
56 81 1 1.56996 1
56 82 1 1.48873 1
56 83 1 -2.17564 1
56 84 1 -0.532471 1
56 85 1 -1.90414 1
56 86 1 -0.389336 1
56 87 1 -2.86271 1
56 88 1 1.24244 1
56 89 1 -2.57044 1
56 90 1 -0.0441673 1
56 91 1 -0.824456 1
56 92 1 0.933984 1
56 93 1 1.25865 1
56 94 1 -1.70512 1
56 95 1 0.534838 1
56 3 1 0.487347 1
57 64 1 -2.08826 1
57 65 1 1.46516 1
57 66 1 -2.81441 1
57 67 1 1.14905 1
57 68 1 3.97006 1
57 69 1 -1.5476 0
57 70 1 1.72467 1
57 71 1 0.145666 1
57 72 1 -0.919516 1
57 73 1 -2.22834 1
57 74 1 -0.147303 1
57 75 1 3.04087 1
57 76 1 0.752032 1
57 77 1 -3.23157 1
57 78 1 -0.787875 1
57 79 1 -0.97864 1
57 80 1 3.04075 1
57 81 1 0.662727 1
57 82 1 0.048247 1
57 83 1 -2.11002 1
57 84 1 0.962163 1
57 85 1 -3.79339 1
57 86 1 -0.888234 1
57 87 1 0.893324 1
57 88 1 -1.92137 1
57 89 1 2.14377 1
57 90 1 0.525517 1
57 91 1 -0.580921 1
57 92 1 -0.0999936 1
57 93 1 2.11357 1
57 94 1 2.72842 1
57 95 1 1.29114 1
57 104 1 0.893916 1
104 69 1 0.0234079 1
58 64 1 0.379778 1
58 65 1 -0.893521 1
58 66 1 -0.569016 1
58 67 1 -1.18369 1
58 68 1 1.34533 1
58 69 1 -1.43181 1
58 70 1 -1.74462 1
58 71 1 -0.852882 1
58 72 1 0.694405 1
58 73 1 -1.4396 1
58 74 1 1.46272 1
58 75 1 1.77376 1
58 76 1 -0.785431 1
58 77 1 -1.05537 1
58 78 1 0.118371 1
58 79 1 -1.9113 1
58 80 1 0.373494 1
58 81 1 0.154283 1
58 82 1 0.968246 1
58 83 1 -0.977747 1
58 84 1 1.62342 1
58 85 1 0.622621 1
58 86 1 -0.222401 1
58 87 1 -1.39189 1
58 88 1 -0.461952 1
58 89 1 -1.80196 1
58 90 1 0.12837 1
58 91 1 0.865889 1
58 92 1 1.60445 1
58 93 1 0.0574114 1
58 94 1 -4.1904 1
58 95 1 1.16557 1
59 64 1 -0.739544 1
59 65 1 -0.588973 1
59 66 1 1.4245 1
59 67 1 -1.53777 1
59 68 1 0.110176 1
59 69 1 -1.77463 1
59 70 1 -1.51984 1
59 71 1 0.877698 1
59 72 1 -1.8357 1
59 73 1 -1.6862 1
59 74 1 2.07416 1
59 75 1 1.50368 1
59 76 1 1.86744 1
59 77 1 -0.850087 0
59 78 1 -1.86381 1
59 79 1 -0.563258 1
59 80 1 1.09532 1
59 81 1 -1.28264 1
59 82 1 -1.41313 1
59 83 1 0.940021 1
59 84 1 0.22704 1
59 85 1 -0.340153 1
59 86 1 -0.218288 1
59 87 1 1.39154 1
59 88 1 1.35094 1
59 89 1 -0.220017 1
59 90 1 1.78016 1
59 91 1 -0.59031 1
59 92 1 1.87689 1
59 93 1 0.451159 1
59 94 1 -0.356774 1
59 95 1 2.306 1
59 97 1 2.57693 1
59 5 1 -0.392888 1
59 11 1 0.0342531 1
97 77 1 -1.6574 1
97 22 1 -2.25656 1
97 2 1 -1.97577 0
97 99 1 0.622213 1
97 7 1 0.0855541 0
97 102 1 2.20715 1
102 7 1 0.230784 1
99 2 1 0.265628 0
99 108 1 1.32575 1
108 2 1 1.23786 1
60 64 1 0.793094 1
60 65 1 -0.055289 1
60 66 1 -0.588773 1
60 67 1 0.157687 1
60 68 1 2.17143 1
60 69 1 1.78187 1
60 70 1 -1.09647 1
60 71 1 -1.62299 1
60 72 1 -1.50213 1
60 73 1 -1.72885 1
60 74 1 -0.432783 1
60 75 1 1.20793 1
60 76 1 -0.287849 1
60 77 1 2.66395 1
60 78 1 -0.96507 1
60 79 1 0.283945 1
60 80 1 -2.15582 1
60 81 1 1.71357 1
60 82 1 -2.95127 1
60 83 1 1.16632 1
60 84 1 -2.53339 1
60 85 1 0.369983 1
60 86 1 1.05114 1
60 87 1 0.176354 1
60 88 1 -1.26928 1
60 89 1 -1.23569 1
60 90 1 -2.42613 1
60 91 1 0.84207 1
60 92 1 -0.26431 1
60 93 1 0.637538 1
60 94 1 -0.199446 1
60 95 1 -1.5551 1
60 24 1 -0.910122 1
61 64 1 -1.93422 1
61 65 1 -0.838267 1
61 66 1 0.998413 1
61 67 1 -0.960889 1
61 68 1 -1.7651 1
61 69 1 0.42161 1
61 70 1 -0.781535 1
61 71 1 0.799419 1
61 72 1 -1.31245 1
61 73 1 -0.0897806 1
61 74 1 1.00851 1
61 75 1 -0.387804 1
61 76 1 0.993269 1
61 77 1 -1.04459 0
61 78 1 1.70311 1
61 79 1 -1.68223 1
61 80 1 -0.159834 1
61 81 1 0.900358 1
61 82 1 1.17683 1
61 83 1 0.503961 1
61 84 1 0.0425036 1
61 85 1 1.57792 1
61 86 1 0.510895 1
61 87 1 0.977929 1
61 88 1 1.78042 1
61 89 1 1.86577 1
61 90 1 -0.261654 1
61 91 1 0.961477 1
61 92 1 -1.51489 1
61 93 1 -1.13645 1
61 94 1 1.17853 1
61 95 1 1.92288 1
61 107 1 1.17111 1
107 77 1 -3.28481 1
62 64 1 1.79848 1
62 65 1 -1.57924 1
62 66 1 0.718013 1
62 67 1 -0.403443 1
62 68 1 -0.787329 1
62 69 1 0.397279 1
62 70 1 -0.0373453 1
62 71 1 -1.70691 1
62 72 1 0.25527 1
62 73 1 2.35741 1
62 74 1 1.80358 1
62 75 1 0.175028 1
62 76 1 -1.77747 1
62 77 1 -1.27958 1
62 78 1 -1.27034 1
62 79 1 1.42864 1
62 80 1 -0.580457 1
62 81 1 -0.673617 1
62 82 1 -0.562508 1
62 83 1 0.401059 1
62 84 1 -0.664715 1
62 85 1 -0.0989724 1
62 86 1 2.67317 1
62 87 1 -0.934475 1
62 88 1 0.355011 1
62 89 1 -0.550803 1
62 90 1 -4.58888 1
62 91 1 -0.824249 1
62 92 1 -1.20034 1
62 93 1 2.1703 1
62 94 1 -0.992707 1
62 95 1 0.154608 1
62 5 1 -1.1201 1
63 64 1 2.78927 1
63 65 1 0.409299 1
63 66 1 2.83877 1
63 67 1 1.8514 1
63 68 1 -0.335731 1
63 69 1 -2.78825 1
63 70 1 0.395968 1
63 71 1 2.2474 1
63 72 1 0.655205 1
63 73 1 -0.0548509 1
63 74 1 -1.65082 1
63 75 1 0.158279 1
63 76 1 -1.41835 1
63 77 1 0.987011 1
63 78 1 -0.937687 1
63 79 1 -1.06468 1
63 80 1 0.145854 1
63 81 1 0.933531 1
63 82 1 1.06766 1
63 83 1 -1.27296 1
63 84 1 -1.45603 1
63 85 1 -4.10422 1
63 86 1 2.37086 1
63 87 1 -1.02076 1
63 88 1 0.253489 1
63 89 1 -1.29452 1
63 90 1 0.923965 1
63 91 1 0.521968 1
63 92 1 -1.43706 1
63 93 1 0.656205 1
63 94 1 -0.440859 1
63 95 1 2.26245 1
